44063652
1
1000
999
0 1
0 2
0 6
0 10
0 13
0 19
0 22
0 30
0 43
0 51
0 57
0 64
0 66
0 72
0 74
0 79
0 88
0 109
0 158
0 177
0 285
0 303
0 319
0 333
0 339
0 361
0 386
0 407
0 426
0 446
0 461
0 522
0 546
0 553
0 600
0 610
0 650
0 671
0 825
0 885
0 977
0 985
1 49
2 3
2 4
2 5
2 7
2 8
2 9
2 12
2 32
2 38
2 58
2 61
2 69
2 76
2 100
2 102
2 113
2 135
2 138
2 189
2 204
2 222
2 231
2 232
2 282
2 371
2 403
2 417
2 434
2 494
2 521
2 548
2 612
2 628
2 683
2 699
2 704
2 708
2 728
2 779
2 806
2 819
2 880
2 888
2 891
2 968
2 986
3 15
3 17
3 23
3 26
3 27
3 36
3 45
3 56
3 95
3 124
3 134
3 148
3 163
3 168
3 178
3 184
3 193
3 214
3 221
3 225
3 254
3 405
3 409
3 419
3 448
3 469
3 484
3 489
3 504
3 512
3 555
3 556
3 585
3 586
3 590
3 602
3 630
3 725
3 754
3 795
3 797
3 827
3 835
3 860
3 867
3 890
3 957
4 20
4 21
4 35
4 39
4 44
4 77
4 110
4 179
4 190
4 244
4 245
4 299
4 306
4 311
4 343
4 389
4 398
4 467
4 479
4 511
4 589
4 635
4 658
4 682
4 759
4 761
4 765
4 799
4 811
4 847
4 868
5 11
5 18
5 31
5 41
5 87
5 155
5 217
5 313
5 385
5 903
5 942
6 506
7 73
8 503
9 452
9 858
9 877
10 14
10 24
10 33
10 37
10 46
10 67
10 71
10 93
10 103
10 104
10 105
10 106
10 118
10 122
10 136
10 157
10 164
10 170
10 220
10 288
10 309
10 326
10 335
10 359
10 470
10 501
10 696
10 698
10 721
10 766
10 782
10 850
10 881
10 901
10 917
10 998
11 16
11 34
11 42
11 78
11 84
11 123
11 145
11 334
11 372
11 836
11 999
12 28
12 29
12 40
12 55
12 70
12 96
12 116
12 128
12 137
12 206
12 209
12 229
12 260
12 356
12 472
12 487
12 509
12 514
12 569
12 774
12 914
14 65
14 81
14 82
14 89
14 166
14 226
14 300
14 323
14 375
14 428
14 641
14 722
14 889
15 54
15 853
16 230
16 702
16 724
17 48
17 114
17 119
17 150
17 175
17 194
17 234
17 296
17 354
17 368
17 422
17 438
17 549
17 619
17 900
17 980
18 726
18 752
20 68
20 153
20 224
20 413
20 510
20 623
21 685
22 62
22 99
23 25
23 52
23 59
23 131
23 147
23 176
23 290
23 350
23 380
23 486
23 515
23 603
23 621
23 697
23 706
23 723
23 787
23 813
23 936
24 950
25 861
25 913
26 111
26 129
26 240
26 247
26 273
26 308
26 430
26 547
26 736
32 687
33 50
33 133
33 432
33 636
34 812
34 959
35 734
35 746
36 60
36 115
36 601
37 127
37 185
37 202
37 495
37 579
37 750
37 955
37 993
39 198
39 272
39 353
39 764
40 788
41 211
42 47
42 63
42 86
42 108
42 200
42 210
42 325
42 634
42 845
42 862
42 924
45 197
46 388
46 743
47 291
47 673
49 53
49 80
49 101
49 130
49 162
49 165
49 172
49 270
49 377
49 393
49 652
49 664
49 753
49 826
49 830
49 864
49 870
51 866
52 139
52 191
52 271
52 316
52 411
52 480
52 643
52 842
52 849
53 143
53 400
54 342
54 449
55 374
55 421
55 964
56 182
56 496
56 681
56 763
56 971
57 152
57 241
57 979
59 149
59 151
59 238
59 649
60 121
60 183
60 471
60 527
60 566
60 810
60 846
60 995
63 796
65 85
65 90
65 92
65 287
65 332
65 531
67 125
67 161
67 213
67 431
67 497
67 565
68 577
69 83
69 91
69 94
69 97
69 160
69 186
69 250
69 312
69 379
69 396
69 440
69 466
69 483
69 525
69 538
69 599
69 821
69 855
69 874
69 905
69 956
69 966
70 75
70 756
71 181
71 551
71 572
71 911
71 963
71 972
72 141
72 856
75 415
75 800
75 910
76 284
76 345
76 459
77 248
78 142
78 574
78 960
80 258
80 500
80 582
82 120
82 167
82 173
82 216
82 304
82 305
82 617
82 954
84 370
85 107
85 126
85 427
85 536
85 975
86 208
87 540
87 745
87 939
88 98
88 236
88 314
88 318
88 331
88 367
88 458
88 468
88 727
88 828
89 710
90 447
90 578
90 583
92 302
92 533
92 558
92 929
93 132
93 278
93 780
94 146
94 188
94 360
94 387
94 528
94 532
94 729
98 596
99 363
99 801
103 140
103 275
105 112
106 159
107 737
107 775
107 882
108 117
108 276
108 519
108 541
108 770
109 227
109 436
109 742
110 351
110 526
110 898
112 156
112 196
112 358
112 437
112 626
112 807
112 837
113 666
116 884
117 253
118 560
119 171
119 674
120 144
120 408
121 264
121 265
121 268
121 347
121 355
121 695
121 878
127 154
127 256
128 485
128 530
129 195
129 203
129 744
129 792
131 545
132 292
132 785
132 916
135 228
137 340
137 679
138 659
139 293
139 456
144 678
146 205
146 215
147 769
150 169
150 277
150 597
150 608
150 926
151 259
151 594
153 733
154 455
154 670
154 953
157 187
157 295
157 502
157 773
157 803
157 892
158 381
158 390
158 575
158 616
158 716
158 720
158 786
158 808
158 872
162 450
162 542
163 251
164 242
164 257
164 369
165 174
165 233
165 554
165 580
167 192
167 199
167 237
167 274
167 416
167 477
168 373
168 404
169 632
170 624
171 212
171 223
171 307
171 336
171 429
171 435
171 655
174 180
174 201
174 246
174 262
174 406
174 562
174 567
174 887
175 289
176 249
176 443
176 462
176 653
176 751
178 346
178 595
181 219
181 676
182 349
183 798
184 941
185 267
186 298
186 741
187 255
187 269
187 871
187 987
188 420
191 218
191 348
193 879
197 207
197 735
198 834
200 297
202 394
202 442
202 576
202 604
202 614
202 844
202 893
203 364
203 478
204 493
205 283
205 927
205 938
205 990
207 279
207 315
210 239
210 869
212 625
212 974
213 243
213 662
214 747
214 912
215 266
215 357
215 689
215 933
215 978
218 294
218 310
218 962
219 320
220 280
220 713
223 383
223 423
223 517
223 661
223 920
225 321
229 718
231 322
231 352
232 281
232 701
232 768
232 815
233 235
233 252
233 441
233 688
233 772
233 947
234 365
234 399
234 418
234 587
234 642
238 651
241 261
241 286
241 523
241 709
241 809
242 918
242 992
243 537
247 337
253 571
253 620
253 693
253 970
254 451
254 973
255 463
255 648
255 904
255 908
255 921
256 301
258 263
258 516
258 668
264 424
266 505
268 328
268 412
272 401
272 482
272 686
272 831
272 897
274 341
275 491
276 606
279 883
281 605
282 928
284 570
292 330
292 647
295 490
295 524
296 677
298 338
298 513
299 817
302 327
302 805
302 824
304 344
305 465
306 382
306 663
308 460
311 758
312 317
312 410
312 561
312 563
313 875
314 366
314 543
314 618
314 703
314 767
315 324
315 362
315 384
315 498
315 568
315 672
316 329
316 544
320 488
320 508
320 690
320 930
321 376
321 738
322 433
322 557
322 584
324 473
324 622
324 654
325 378
328 392
328 475
328 476
328 481
328 598
328 669
328 814
328 906
330 843
333 492
339 859
339 873
343 739
343 983
345 425
346 994
349 777
349 958
357 656
358 534
359 638
364 395
364 588
364 592
364 613
364 948
368 391
370 520
373 591
373 609
377 784
380 453
385 627
385 931
386 445
386 611
386 615
386 776
386 838
387 705
389 397
389 593
389 894
392 414
393 444
393 464
394 474
396 402
401 684
402 559
406 719
411 454
411 760
415 711
415 757
420 886
421 607
421 667
425 896
426 863
427 692
430 943
431 707
431 932
433 439
433 646
434 539
436 644
436 832
444 529
444 740
444 969
444 988
445 989
447 712
447 925
449 802
455 457
455 645
455 935
456 997
457 691
468 793
473 633
477 499
477 573
478 507
478 730
478 854
480 771
486 714
486 965
488 781
497 518
497 749
497 840
504 839
505 820
506 564
506 680
511 637
511 937
515 790
517 631
519 816
525 944
528 535
528 822
530 675
530 732
531 665
533 660
538 550
538 581
538 976
540 629
540 902
544 804
545 552
547 639
553 961
560 841
560 981
562 640
562 982
566 731
573 657
573 715
581 794
581 848
614 946
620 755
624 789
635 778
638 833
639 762
641 922
648 945
652 919
657 876
667 694
675 940
678 818
683 700
688 857
689 748
690 823
690 951
690 967
691 791
692 991
697 783
708 717
722 865
726 909
736 829
743 895
751 899
751 996
752 851
755 949
763 915
767 984
768 852
858 907
870 952
879 923
899 934