88165018
9
1000
9586
0 9
0 10
0 11
0 12
0 13
0 14
0 15
0 16
0 25
0 26
0 27
0 28
0 29
0 31
0 33
0 36
0 37
0 40
0 43
0 46
0 47
0 50
0 56
0 58
0 60
0 64
0 65
0 67
0 73
0 77
0 81
0 104
0 108
0 114
0 119
0 129
0 132
0 146
0 160
0 166
0 171
0 183
0 188
0 203
0 205
0 210
0 219
0 220
0 221
0 234
0 235
0 236
0 262
0 273
0 293
0 297
0 309
0 320
0 330
0 335
0 354
0 358
0 373
0 374
0 375
0 385
0 412
0 416
0 426
0 445
0 485
0 512
0 517
0 521
0 551
0 565
0 570
0 574
0 579
0 613
0 642
0 678
0 711
0 728
0 738
0 748
0 762
0 766
0 773
0 805
0 808
0 843
0 846
0 850
0 870
0 914
0 942
0 962
0 976
0 992
0 469
0 312
0 476
0 534
1 9
1 10
1 11
1 12
1 13
1 14
1 16
1 23
1 29
1 30
1 32
1 38
1 41
1 47
1 56
1 63
1 64
1 71
1 76
1 80
1 81
1 85
1 106
1 120
1 121
1 132
1 139
1 145
1 166
1 188
1 189
1 193
1 207
1 229
1 256
1 283
1 337
1 366
1 373
1 417
1 422
1 476
1 708
1 717
1 789
1 823
1 879
1 885
1 951
1 997
1 847
1 384
2 9
2 11
2 12
2 13
2 14
2 16
2 17
2 20
2 23
2 25
2 33
2 35
2 37
2 42
2 55
2 61
2 67
2 68
2 78
2 87
2 91
2 96
2 105
2 106
2 115
2 125
2 128
2 199
2 212
2 215
2 247
2 274
2 289
2 310
2 313
2 320
2 323
2 340
2 344
2 372
2 408
2 421
2 441
2 461
2 463
2 481
2 495
2 517
2 521
2 559
2 574
2 592
2 605
2 615
2 650
2 665
2 676
2 734
2 811
2 812
2 826
2 847
2 943
2 725
2 191
2 390
3 9
3 10
3 12
3 13
3 14
3 19
3 20
3 65
3 95
3 97
3 125
3 149
3 157
3 158
3 165
3 233
3 259
3 299
3 303
3 320
3 364
3 365
3 398
3 441
3 544
3 571
3 584
3 699
3 737
3 746
3 773
3 815
3 830
3 883
3 947
3 425
3 265
3 294
4 9
4 10
4 16
4 17
4 18
4 19
4 25
4 26
4 27
4 28
4 31
4 33
4 34
4 35
4 38
4 40
4 49
4 53
4 58
4 62
4 74
4 75
4 78
4 89
4 101
4 102
4 109
4 111
4 115
4 124
4 137
4 157
4 160
4 164
4 165
4 170
4 177
4 183
4 188
4 192
4 196
4 197
4 207
4 223
4 231
4 248
4 252
4 288
4 345
4 363
4 384
4 390
4 406
4 429
4 436
4 439
4 466
4 520
4 579
4 580
4 590
4 591
4 605
4 609
4 633
4 671
4 699
4 703
4 707
4 722
4 729
4 752
4 760
4 776
4 781
4 797
4 844
4 880
4 904
4 997
4 317
4 573
4 820
5 9
5 10
5 11
5 12
5 14
5 15
5 18
5 19
5 21
5 24
5 25
5 30
5 31
5 32
5 36
5 41
5 44
5 47
5 56
5 61
5 62
5 63
5 65
5 74
5 78
5 79
5 81
5 90
5 93
5 102
5 109
5 117
5 128
5 130
5 137
5 146
5 149
5 155
5 161
5 162
5 168
5 174
5 181
5 185
5 189
5 194
5 220
5 223
5 232
5 260
5 263
5 271
5 276
5 280
5 281
5 298
5 313
5 330
5 331
5 332
5 342
5 343
5 364
5 369
5 377
5 378
5 381
5 403
5 406
5 414
5 443
5 462
5 467
5 479
5 482
5 513
5 542
5 560
5 588
5 592
5 594
5 597
5 627
5 636
5 651
5 654
5 682
5 687
5 700
5 711
5 721
5 759
5 763
5 818
5 895
5 898
5 936
5 941
5 949
5 975
5 988
5 228
5 89
5 456
5 879
6 9
6 10
6 11
6 12
6 13
6 14
6 18
6 21
6 22
6 24
6 25
6 29
6 47
6 56
6 66
6 67
6 68
6 69
6 80
6 86
6 89
6 90
6 99
6 100
6 103
6 109
6 110
6 118
6 121
6 130
6 131
6 141
6 148
6 166
6 167
6 170
6 175
6 190
6 213
6 237
6 245
6 248
6 265
6 293
6 306
6 311
6 314
6 324
6 333
6 335
6 339
6 350
6 366
6 368
6 370
6 379
6 390
6 395
6 427
6 431
6 452
6 455
6 464
6 479
6 480
6 483
6 497
6 505
6 526
6 547
6 551
6 554
6 561
6 578
6 683
6 686
6 688
6 697
6 758
6 791
6 820
6 831
6 839
6 844
6 883
6 892
6 897
6 972
6 978
6 87
6 226
6 271
6 386
6 642
6 825
6 884
7 9
7 10
7 11
7 17
7 22
7 23
7 26
7 35
7 42
7 43
7 55
7 59
7 62
7 68
7 73
7 74
7 78
7 80
7 116
7 133
7 151
7 210
7 219
7 220
7 234
7 259
7 267
7 268
7 283
7 284
7 307
7 333
7 439
7 545
7 555
7 611
7 616
7 621
7 622
7 660
7 674
7 700
7 703
7 744
7 768
7 851
7 864
7 890
7 940
7 985
7 63
7 663
8 9
8 10
8 11
8 15
8 20
8 27
8 37
8 42
8 43
8 52
8 53
8 54
8 55
8 56
8 70
8 71
8 82
8 84
8 85
8 88
8 94
8 102
8 117
8 127
8 135
8 140
8 161
8 180
8 191
8 194
8 224
8 254
8 258
8 295
8 301
8 309
8 320
8 327
8 331
8 333
8 346
8 358
8 445
8 455
8 463
8 467
8 474
8 475
8 482
8 529
8 532
8 544
8 552
8 558
8 560
8 566
8 571
8 596
8 608
8 609
8 610
8 617
8 620
8 686
8 696
8 719
8 736
8 745
8 795
8 808
8 886
8 937
8 944
8 947
8 959
8 981
8 39
8 303
8 894
9 10
9 11
9 12
9 13
9 14
9 15
9 17
9 18
9 19
9 20
9 21
9 22
9 23
9 24
9 26
9 27
9 32
9 37
9 38
9 43
9 46
9 48
9 49
9 51
9 53
9 54
9 56
9 63
9 69
9 71
9 75
9 76
9 81
9 88
9 91
9 93
9 96
9 97
9 98
9 100
9 101
9 107
9 110
9 111
9 117
9 129
9 131
9 139
9 161
9 168
9 179
9 186
9 191
9 192
9 197
9 208
9 215
9 228
9 231
9 233
9 242
9 243
9 265
9 268
9 278
9 290
9 301
9 303
9 310
9 315
9 316
9 323
9 336
9 337
9 340
9 352
9 356
9 360
9 364
9 384
9 391
9 404
9 410
9 413
9 429
9 434
9 435
9 444
9 445
9 451
9 464
9 472
9 480
9 496
9 509
9 512
9 518
9 522
9 537
9 550
9 551
9 561
9 566
9 573
9 576
9 627
9 636
9 653
9 674
9 688
9 727
9 728
9 752
9 766
9 768
9 769
9 770
9 771
9 788
9 793
9 798
9 829
9 837
9 869
9 891
9 906
9 925
9 955
9 962
9 995
9 532
9 52
9 68
9 78
9 491
9 501
9 567
9 621
9 935
10 11
10 12
10 13
10 14
10 15
10 16
10 17
10 18
10 19
10 20
10 21
10 22
10 23
10 24
10 28
10 30
10 31
10 33
10 35
10 37
10 39
10 41
10 45
10 47
10 48
10 49
10 50
10 53
10 60
10 62
10 63
10 65
10 67
10 71
10 79
10 83
10 84
10 92
10 95
10 96
10 101
10 102
10 107
10 110
10 114
10 117
10 122
10 126
10 134
10 135
10 139
10 142
10 147
10 159
10 160
10 161
10 169
10 179
10 188
10 201
10 203
10 204
10 211
10 217
10 223
10 226
10 242
10 244
10 267
10 280
10 314
10 348
10 372
10 373
10 375
10 399
10 417
10 426
10 432
10 455
10 464
10 488
10 501
10 512
10 516
10 517
10 534
10 536
10 538
10 552
10 555
10 559
10 562
10 586
10 612
10 625
10 630
10 639
10 671
10 684
10 696
10 718
10 730
10 737
10 756
10 773
10 780
10 789
10 825
10 826
10 882
10 888
10 900
10 939
10 954
10 962
10 976
10 986
10 692
10 27
10 225
10 530
10 797
10 844
10 968
11 12
11 13
11 15
11 16
11 17
11 18
11 21
11 26
11 30
11 33
11 34
11 37
11 41
11 44
11 48
11 53
11 56
11 58
11 62
11 64
11 72
11 75
11 82
11 84
11 92
11 93
11 102
11 114
11 122
11 131
11 133
11 139
11 143
11 146
11 148
11 149
11 150
11 151
11 160
11 161
11 165
11 166
11 170
11 183
11 218
11 227
11 228
11 238
11 239
11 243
11 247
11 255
11 262
11 269
11 282
11 293
11 308
11 309
11 316
11 318
11 328
11 331
11 338
11 341
11 346
11 348
11 358
11 366
11 372
11 379
11 386
11 393
11 394
11 397
11 410
11 415
11 434
11 442
11 470
11 488
11 521
11 524
11 551
11 561
11 577
11 593
11 595
11 604
11 605
11 616
11 624
11 635
11 644
11 666
11 667
11 690
11 693
11 698
11 714
11 743
11 750
11 808
11 816
11 831
11 846
11 863
11 873
11 882
11 884
11 900
11 921
11 923
11 943
11 959
11 971
11 973
11 975
11 990
11 363
12 13
12 15
12 16
12 17
12 20
12 21
12 23
12 27
12 28
12 29
12 30
12 37
12 42
12 45
12 48
12 52
12 53
12 55
12 61
12 69
12 72
12 78
12 79
12 80
12 87
12 93
12 102
12 104
12 113
12 133
12 134
12 137
12 143
12 150
12 167
12 171
12 177
12 180
12 181
12 194
12 196
12 197
12 200
12 205
12 221
12 241
12 279
12 301
12 305
12 316
12 348
12 350
12 352
12 361
12 367
12 390
12 393
12 482
12 494
12 515
12 520
12 521
12 522
12 534
12 539
12 548
12 551
12 577
12 589
12 595
12 596
12 611
12 612
12 613
12 619
12 626
12 665
12 681
12 700
12 752
12 793
12 796
12 813
12 827
12 828
12 838
12 848
12 853
12 861
12 863
12 916
12 928
12 968
12 969
12 586
13 14
13 15
13 16
13 18
13 20
13 21
13 22
13 24
13 25
13 26
13 29
13 33
13 40
13 45
13 48
13 49
13 50
13 53
13 55
13 64
13 66
13 69
13 80
13 88
13 90
13 92
13 97
13 104
13 107
13 113
13 116
13 117
13 121
13 127
13 134
13 145
13 147
13 150
13 156
13 163
13 165
13 166
13 176
13 187
13 188
13 197
13 203
13 214
13 240
13 250
13 253
13 263
13 290
13 292
13 301
13 325
13 332
13 352
13 354
13 356
13 361
13 364
13 366
13 367
13 372
13 380
13 393
13 394
13 397
13 402
13 410
13 431
13 442
13 447
13 496
13 500
13 514
13 533
13 535
13 550
13 553
13 554
13 563
13 574
13 580
13 584
13 588
13 635
13 645
13 649
13 660
13 689
13 705
13 710
13 713
13 759
13 780
13 791
13 802
13 807
13 820
13 824
13 843
13 844
13 870
13 878
13 901
13 910
13 950
13 957
13 995
13 83
13 85
13 459
13 545
14 15
14 17
14 19
14 22
14 26
14 33
14 39
14 58
14 66
14 67
14 79
14 85
14 86
14 87
14 89
14 96
14 106
14 110
14 113
14 115
14 123
14 125
14 130
14 144
14 153
14 172
14 174
14 183
14 185
14 201
14 211
14 217
14 219
14 239
14 240
14 249
14 263
14 284
14 310
14 327
14 338
14 349
14 356
14 401
14 405
14 543
14 674
14 678
14 739
14 778
14 829
14 855
14 886
14 996
14 197
14 76
14 213
14 483
14 723
14 753
14 891
15 16
15 17
15 18
15 20
15 21
15 23
15 24
15 25
15 29
15 31
15 33
15 34
15 35
15 37
15 38
15 41
15 44
15 46
15 50
15 61
15 63
15 69
15 72
15 83
15 109
15 115
15 140
15 142
15 145
15 146
15 154
15 155
15 163
15 168
15 179
15 184
15 187
15 200
15 212
15 218
15 258
15 268
15 278
15 280
15 283
15 286
15 292
15 304
15 321
15 324
15 326
15 330
15 339
15 355
15 358
15 362
15 368
15 382
15 385
15 390
15 393
15 399
15 405
15 406
15 446
15 450
15 453
15 459
15 468
15 474
15 476
15 507
15 528
15 544
15 545
15 547
15 559
15 574
15 580
15 589
15 603
15 632
15 653
15 659
15 660
15 668
15 695
15 703
15 704
15 720
15 778
15 786
15 829
15 834
15 836
15 842
15 866
15 874
15 875
15 879
15 985
15 461
15 454
15 676
15 692
15 812
16 19
16 24
16 38
16 43
16 44
16 54
16 60
16 67
16 69
16 74
16 80
16 81
16 88
16 91
16 98
16 108
16 111
16 116
16 165
16 169
16 180
16 182
16 186
16 193
16 196
16 198
16 218
16 242
16 245
16 256
16 262
16 271
16 279
16 282
16 297
16 336
16 370
16 375
16 378
16 382
16 418
16 435
16 440
16 458
16 463
16 481
16 494
16 511
16 513
16 536
16 537
16 539
16 578
16 583
16 594
16 615
16 619
16 634
16 676
16 692
16 719
16 734
16 780
16 786
16 790
16 798
16 831
16 835
16 837
16 869
16 903
16 906
16 930
16 941
16 943
16 969
16 994
16 275
16 543
17 18
17 19
17 20
17 23
17 28
17 30
17 36
17 68
17 70
17 85
17 103
17 110
17 111
17 112
17 119
17 122
17 126
17 136
17 139
17 150
17 155
17 167
17 181
17 195
17 205
17 211
17 217
17 230
17 252
17 259
17 294
17 319
17 327
17 333
17 337
17 339
17 361
17 365
17 389
17 424
17 430
17 481
17 498
17 508
17 536
17 563
17 575
17 596
17 614
17 626
17 686
17 687
17 693
17 708
17 719
17 775
17 783
17 799
17 807
17 814
17 823
17 825
17 826
17 835
17 882
17 925
17 363
17 415
17 675
18 19
18 22
18 23
18 26
18 30
18 31
18 32
18 34
18 35
18 36
18 40
18 52
18 57
18 59
18 62
18 67
18 88
18 90
18 91
18 92
18 94
18 112
18 115
18 120
18 132
18 135
18 145
18 171
18 183
18 189
18 191
18 204
18 220
18 233
18 240
18 244
18 263
18 276
18 304
18 323
18 331
18 335
18 338
18 347
18 368
18 377
18 385
18 429
18 447
18 454
18 455
18 465
18 484
18 502
18 560
18 566
18 578
18 595
18 599
18 650
18 653
18 654
18 664
18 676
18 688
18 721
18 735
18 767
18 781
18 803
18 824
18 843
18 887
18 909
18 917
18 920
18 951
18 952
18 971
18 977
18 995
18 507
18 230
18 258
18 612
19 22
19 25
19 29
19 31
19 36
19 38
19 41
19 42
19 43
19 45
19 51
19 57
19 70
19 77
19 78
19 81
19 89
19 97
19 100
19 116
19 126
19 149
19 150
19 159
19 171
19 177
19 183
19 186
19 188
19 198
19 220
19 227
19 236
19 252
19 257
19 265
19 267
19 271
19 302
19 309
19 321
19 336
19 339
19 354
19 359
19 366
19 377
19 386
19 399
19 464
19 487
19 507
19 525
19 621
19 629
19 632
19 659
19 681
19 694
19 698
19 712
19 720
19 726
19 746
19 771
19 781
19 786
19 799
19 834
19 923
19 964
19 977
19 982
19 209
19 147
19 353
19 725
19 774
19 850
19 944
20 21
20 28
20 30
20 31
20 36
20 41
20 42
20 43
20 46
20 48
20 50
20 59
20 60
20 64
20 65
20 74
20 76
20 80
20 91
20 109
20 111
20 113
20 117
20 119
20 147
20 154
20 156
20 173
20 177
20 184
20 197
20 212
20 215
20 217
20 234
20 241
20 275
20 320
20 326
20 346
20 372
20 386
20 411
20 417
20 427
20 441
20 443
20 444
20 501
20 524
20 558
20 573
20 581
20 585
20 602
20 629
20 631
20 645
20 684
20 697
20 706
20 721
20 742
20 745
20 749
20 753
20 763
20 795
20 807
20 851
20 887
20 899
20 934
20 970
20 975
20 996
20 176
20 145
20 201
20 368
20 889
21 22
21 24
21 27
21 28
21 35
21 39
21 40
21 45
21 46
21 47
21 49
21 51
21 62
21 77
21 78
21 79
21 84
21 93
21 94
21 101
21 105
21 143
21 147
21 155
21 172
21 176
21 206
21 235
21 236
21 242
21 277
21 281
21 304
21 326
21 337
21 344
21 369
21 385
21 406
21 409
21 425
21 435
21 442
21 455
21 457
21 478
21 488
21 523
21 530
21 541
21 572
21 586
21 588
21 658
21 689
21 704
21 705
21 717
21 774
21 776
21 797
21 852
21 863
21 917
21 924
21 964
21 986
21 581
21 87
21 623
21 757
21 858
22 25
22 26
22 27
22 29
22 32
22 34
22 36
22 39
22 47
22 49
22 60
22 68
22 72
22 74
22 90
22 95
22 104
22 110
22 114
22 126
22 130
22 132
22 141
22 143
22 148
22 163
22 177
22 197
22 199
22 201
22 204
22 206
22 208
22 210
22 222
22 231
22 262
22 263
22 265
22 268
22 276
22 278
22 297
22 301
22 339
22 351
22 357
22 365
22 377
22 380
22 394
22 402
22 457
22 466
22 490
22 494
22 515
22 525
22 527
22 531
22 611
22 644
22 726
22 733
22 756
22 809
22 819
22 831
22 862
22 872
22 874
22 881
22 901
22 919
22 922
22 957
22 959
22 981
22 646
22 773
22 816
22 948
23 24
23 31
23 32
23 34
23 38
23 41
23 46
23 48
23 51
23 57
23 59
23 61
23 86
23 89
23 90
23 98
23 112
23 117
23 127
23 144
23 154
23 158
23 167
23 169
23 170
23 174
23 177
23 190
23 202
23 225
23 233
23 288
23 295
23 333
23 336
23 366
23 386
23 428
23 440
23 456
23 458
23 487
23 492
23 498
23 503
23 514
23 534
23 576
23 589
23 604
23 612
23 614
23 617
23 621
23 629
23 630
23 636
23 638
23 667
23 674
23 677
23 749
23 766
23 768
23 787
23 817
23 823
23 857
23 917
23 931
23 981
23 985
23 58
23 382
24 27
24 28
24 29
24 32
24 35
24 41
24 42
24 43
24 44
24 45
24 51
24 66
24 70
24 74
24 75
24 88
24 103
24 105
24 116
24 122
24 127
24 130
24 143
24 156
24 162
24 193
24 200
24 226
24 243
24 253
24 258
24 270
24 288
24 322
24 324
24 343
24 345
24 353
24 354
24 357
24 377
24 401
24 403
24 407
24 409
24 413
24 518
24 572
24 573
24 583
24 623
24 629
24 648
24 649
24 679
24 681
24 739
24 744
24 765
24 770
24 811
24 897
24 924
24 272
24 233
24 448
25 32
25 34
25 38
25 46
25 49
25 52
25 69
25 71
25 85
25 91
25 106
25 107
25 141
25 157
25 165
25 172
25 175
25 190
25 192
25 212
25 220
25 223
25 243
25 249
25 252
25 256
25 264
25 272
25 273
25 275
25 278
25 312
25 338
25 343
25 345
25 350
25 359
25 403
25 420
25 424
25 470
25 479
25 508
25 543
25 554
25 570
25 586
25 618
25 632
25 657
25 697
25 699
25 724
25 738
25 765
25 803
25 826
25 862
25 903
25 916
25 966
25 982
25 990
25 378
25 601
25 786
25 827
26 27
26 28
26 34
26 36
26 44
26 45
26 56
26 75
26 76
26 86
26 97
26 112
26 113
26 151
26 191
26 210
26 224
26 257
26 289
26 296
26 324
26 328
26 336
26 351
26 375
26 376
26 411
26 423
26 424
26 425
26 428
26 431
26 455
26 472
26 491
26 508
26 540
26 591
26 597
26 599
26 621
26 641
26 669
26 687
26 702
26 766
26 798
26 815
26 817
26 824
26 851
26 853
26 932
26 953
26 955
26 33
26 973
27 30
27 32
27 37
27 39
27 50
27 54
27 57
27 62
27 68
27 77
27 104
27 121
27 147
27 163
27 172
27 176
27 217
27 264
27 297
27 309
27 320
27 328
27 334
27 347
27 357
27 364
27 400
27 419
27 444
27 446
27 471
27 598
27 715
27 765
27 792
27 830
27 874
27 888
27 904
27 907
27 919
27 924
27 949
27 955
27 188
27 443
27 857
28 82
28 84
28 90
28 94
28 103
28 113
28 153
28 160
28 161
28 195
28 211
28 228
28 249
28 292
28 302
28 309
28 310
28 497
28 518
28 557
28 638
28 678
28 834
28 385
29 40
29 43
29 70
29 103
29 108
29 117
29 146
29 175
29 184
29 185
29 191
29 201
29 213
29 231
29 270
29 272
29 273
29 290
29 377
29 395
29 424
29 436
29 439
29 486
29 567
29 575
29 585
29 621
29 660
29 695
29 767
29 806
29 814
29 854
29 877
29 886
29 910
29 919
29 120
29 163
29 178
30 34
30 39
30 40
30 46
30 57
30 63
30 65
30 73
30 80
30 111
30 124
30 125
30 131
30 164
30 170
30 198
30 204
30 212
30 256
30 270
30 285
30 310
30 351
30 402
30 431
30 458
30 491
30 492
30 498
30 507
30 512
30 520
30 628
30 650
30 678
30 704
30 729
30 749
30 781
30 788
30 835
30 854
30 882
30 930
30 949
30 958
30 954
30 996
31 33
31 39
31 40
31 42
31 46
31 58
31 61
31 63
31 76
31 78
31 82
31 94
31 97
31 114
31 121
31 130
31 133
31 144
31 150
31 157
31 158
31 199
31 237
31 242
31 279
31 326
31 334
31 346
31 353
31 360
31 361
31 374
31 396
31 402
31 404
31 406
31 411
31 424
31 427
31 480
31 482
31 488
31 496
31 590
31 609
31 630
31 631
31 647
31 712
31 830
31 839
31 862
31 870
31 871
31 879
31 931
31 950
31 961
31 974
31 996
31 548
32 50
32 53
32 63
32 74
32 80
32 155
32 158
32 160
32 197
32 227
32 231
32 235
32 277
32 317
32 356
32 430
32 553
32 584
32 708
32 439
33 36
33 42
33 52
33 58
33 65
33 68
33 74
33 75
33 81
33 83
33 88
33 103
33 113
33 124
33 138
33 140
33 143
33 144
33 151
33 171
33 222
33 232
33 234
33 239
33 252
33 254
33 257
33 262
33 266
33 269
33 272
33 284
33 289
33 291
33 297
33 302
33 311
33 322
33 350
33 358
33 367
33 412
33 414
33 422
33 446
33 449
33 451
33 461
33 481
33 509
33 555
33 565
33 602
33 631
33 640
33 652
33 662
33 695
33 709
33 718
33 736
33 750
33 755
33 766
33 852
33 855
33 882
33 890
33 899
33 925
33 978
33 285
33 299
33 348
33 397
33 748
34 35
34 45
34 47
34 48
34 49
34 53
34 55
34 59
34 68
34 72
34 83
34 98
34 100
34 118
34 124
34 126
34 130
34 134
34 135
34 140
34 141
34 144
34 147
34 155
34 157
34 207
34 253
34 254
34 269
34 294
34 314
34 321
34 325
34 362
34 384
34 418
34 432
34 438
34 442
34 462
34 511
34 525
34 544
34 592
34 607
34 648
34 668
34 694
34 718
34 728
34 746
34 756
34 921
34 944
34 972
35 44
35 54
35 57
35 66
35 71
35 79
35 85
35 86
35 97
35 109
35 114
35 138
35 142
35 156
35 162
35 164
35 173
35 202
35 207
35 219
35 224
35 226
35 244
35 261
35 317
35 339
35 349
35 358
35 381
35 408
35 409
35 459
35 477
35 493
35 503
35 508
35 513
35 516
35 532
35 543
35 545
35 588
35 658
35 672
35 680
35 697
35 703
35 712
35 795
35 859
35 863
35 989
35 714
35 229
36 38
36 39
36 44
36 51
36 58
36 87
36 97
36 106
36 127
36 131
36 173
36 192
36 204
36 228
36 267
36 376
36 397
36 403
36 432
36 460
36 500
36 524
36 562
36 570
36 581
36 584
36 628
36 646
36 673
36 735
36 768
36 785
36 834
36 853
36 979
36 132
37 39
37 45
37 50
37 51
37 60
37 61
37 66
37 72
37 83
37 87
37 103
37 112
37 115
37 128
37 134
37 138
37 159
37 178
37 185
37 187
37 221
37 227
37 230
37 240
37 261
37 271
37 272
37 301
37 308
37 310
37 366
37 389
37 393
37 430
37 443
37 467
37 487
37 491
37 501
37 502
37 542
37 564
37 586
37 617
37 639
37 664
37 672
37 690
37 736
37 784
37 816
37 835
37 856
37 886
37 973
37 75
37 327
37 406
37 822
37 939
38 50
38 52
38 59
38 64
38 136
38 137
38 152
38 184
38 256
38 422
38 476
38 542
38 549
38 586
38 630
38 771
38 952
38 988
38 61
38 221
39 40
39 52
39 60
39 69
39 79
39 81
39 83
39 93
39 98
39 105
39 147
39 161
39 163
39 178
39 189
39 209
39 230
39 250
39 251
39 295
39 307
39 353
39 362
39 375
39 412
39 414
39 461
39 472
39 501
39 569
39 585
39 614
39 619
39 626
39 652
39 741
39 744
39 753
39 776
39 794
39 843
39 863
39 873
39 891
39 965
40 61
40 65
40 66
40 79
40 125
40 237
40 248
40 255
40 271
40 281
40 299
40 307
40 321
40 376
40 393
40 400
40 426
40 435
40 452
40 499
40 528
40 530
40 540
40 583
40 600
40 616
40 665
40 686
40 718
40 722
40 723
40 823
40 827
40 911
40 916
40 926
40 477
41 49
41 59
41 76
41 77
41 84
41 95
41 206
41 229
41 265
41 277
41 294
41 327
41 332
41 383
41 418
41 459
41 536
41 541
41 562
41 602
41 608
41 626
41 699
41 755
41 780
41 808
41 825
41 848
41 877
41 885
41 908
41 923
41 938
41 989
41 995
41 843
42 66
42 73
42 84
42 94
42 99
42 103
42 141
42 148
42 151
42 152
42 154
42 159
42 170
42 174
42 196
42 210
42 228
42 244
42 259
42 280
42 296
42 299
42 300
42 301
42 393
42 423
42 441
42 445
42 477
42 482
42 525
42 526
42 541
42 543
42 560
42 569
42 574
42 579
42 598
42 639
42 649
42 655
42 662
42 669
42 671
42 675
42 700
42 701
42 705
42 711
42 779
42 790
42 803
42 866
42 872
42 892
42 913
42 953
42 969
42 987
42 376
42 804
42 958
42 983
43 44
43 52
43 60
43 72
43 85
43 86
43 108
43 112
43 119
43 129
43 165
43 171
43 219
43 235
43 265
43 279
43 292
43 334
43 354
43 401
43 433
43 453
43 568
43 612
43 647
43 673
43 679
43 697
43 723
43 740
43 831
43 912
43 361
43 991
44 87
44 88
44 99
44 110
44 115
44 202
44 204
44 227
44 247
44 311
44 357
44 358
44 420
44 429
44 549
44 568
44 704
44 783
44 848
44 906
44 960
44 528
44 533
45 47
45 51
45 55
45 76
45 82
45 87
45 109
45 132
45 135
45 140
45 167
45 168
45 198
45 213
45 236
45 242
45 274
45 277
45 281
45 336
45 364
45 378
45 400
45 437
45 446
45 469
45 532
45 533
45 548
45 578
45 593
45 609
45 675
45 702
45 722
45 727
45 744
45 758
45 819
45 825
45 834
45 839
45 881
45 535
46 48
46 70
46 99
46 100
46 118
46 123
46 151
46 159
46 161
46 162
46 196
46 213
46 216
46 350
46 356
46 376
46 394
46 398
46 413
46 510
46 562
46 573
46 579
46 597
46 670
46 718
46 765
46 856
46 879
46 893
46 923
46 660
46 998
47 64
47 77
47 82
47 93
47 112
47 162
47 163
47 174
47 207
47 217
47 223
47 227
47 242
47 254
47 284
47 285
47 292
47 308
47 322
47 341
47 350
47 359
47 418
47 426
47 434
47 436
47 465
47 487
47 496
47 510
47 531
47 539
47 576
47 636
47 647
47 719
47 733
47 775
47 784
47 856
47 79
47 245
48 54
48 69
48 75
48 82
48 98
48 99
48 114
48 118
48 122
48 127
48 129
48 133
48 154
48 190
48 193
48 197
48 199
48 201
48 226
48 228
48 233
48 240
48 243
48 245
48 287
48 296
48 351
48 354
48 384
48 385
48 413
48 415
48 417
48 438
48 446
48 452
48 454
48 459
48 467
48 468
48 475
48 476
48 487
48 493
48 501
48 523
48 533
48 550
48 553
48 562
48 571
48 651
48 701
48 717
48 724
48 729
48 781
48 785
48 821
48 870
48 909
48 922
48 931
48 951
48 965
48 526
48 855
49 52
49 54
49 55
49 65
49 67
49 71
49 93
49 94
49 101
49 103
49 106
49 114
49 122
49 152
49 161
49 171
49 181
49 192
49 206
49 226
49 239
49 253
49 256
49 277
49 318
49 344
49 355
49 406
49 474
49 483
49 581
49 592
49 640
49 737
49 743
49 754
49 757
49 794
49 869
49 886
49 911
49 924
49 933
49 960
49 974
49 386
49 297
49 304
49 560
49 747
50 51
50 54
50 56
50 57
50 58
50 64
50 68
50 70
50 76
50 77
50 92
50 104
50 107
50 109
50 123
50 136
50 153
50 155
50 156
50 179
50 187
50 207
50 208
50 209
50 236
50 265
50 318
50 328
50 347
50 363
50 379
50 385
50 386
50 393
50 402
50 427
50 459
50 489
50 497
50 514
50 529
50 549
50 576
50 588
50 638
50 640
50 651
50 680
50 709
50 711
50 832
50 882
50 899
50 915
50 926
50 934
50 943
50 966
50 259
50 244
50 457
50 802
50 904
51 55
51 61
51 71
51 72
51 101
51 114
51 121
51 126
51 131
51 132
51 153
51 158
51 178
51 194
51 210
51 233
51 237
51 286
51 293
51 316
51 320
51 376
51 394
51 414
51 448
51 464
51 510
51 520
51 624
51 634
51 635
51 642
51 673
51 713
51 715
51 754
51 761
51 779
51 782
51 833
51 867
51 878
51 884
51 949
51 983
51 991
51 994
51 345
51 420
51 751
52 57
52 70
52 86
52 87
52 104
52 110
52 139
52 145
52 226
52 241
52 261
52 285
52 395
52 396
52 402
52 480
52 497
52 532
52 538
52 566
52 635
52 662
52 697
52 729
52 752
52 318
53 54
53 58
53 59
53 64
53 72
53 86
53 126
53 127
53 142
53 147
53 166
53 172
53 198
53 215
53 219
53 272
53 299
53 361
53 379
53 397
53 484
53 521
53 539
53 567
53 593
53 607
53 628
53 677
53 694
53 803
53 814
53 940
53 948
53 964
53 966
53 978
53 997
53 847
54 60
54 77
54 164
54 175
54 180
54 182
54 183
54 258
54 259
54 284
54 291
54 306
54 321
54 392
54 398
54 425
54 443
54 496
54 547
54 563
54 665
54 681
54 696
54 702
54 792
54 859
54 549
54 578
55 73
55 98
55 102
55 105
55 107
55 122
55 124
55 138
55 143
55 152
55 166
55 176
55 194
55 196
55 290
55 305
55 325
55 334
55 341
55 368
55 456
55 458
55 506
55 522
55 583
55 784
55 809
55 922
55 960
55 60
56 57
56 59
56 66
56 73
56 86
56 104
56 119
56 139
56 153
56 192
56 233
56 238
56 266
56 285
56 289
56 354
56 359
56 362
56 374
56 395
56 425
56 454
56 636
56 649
56 668
56 677
56 746
56 847
56 858
56 118
57 62
57 87
57 118
57 122
57 145
57 146
57 148
57 269
57 275
57 341
57 355
57 362
57 372
57 379
57 405
57 408
57 429
57 437
57 514
57 614
57 717
57 727
57 816
57 820
57 855
57 925
57 957
57 959
57 974
58 67
58 124
58 135
58 213
58 222
58 229
58 277
58 283
58 304
58 312
58 388
58 408
58 433
58 495
58 527
58 543
58 587
58 610
58 656
58 751
58 841
58 896
58 439
58 345
58 547
58 752
59 89
59 90
59 91
59 101
59 108
59 121
59 123
59 214
59 237
59 247
59 274
59 314
59 316
59 379
59 432
59 463
59 494
59 504
59 667
59 702
59 709
59 788
59 803
59 849
59 902
59 921
59 556
60 63
60 113
60 120
60 123
60 125
60 129
60 140
60 154
60 156
60 185
60 186
60 212
60 217
60 295
60 313
60 324
60 326
60 345
60 399
60 435
60 444
60 477
60 484
60 538
60 645
60 679
60 705
60 735
60 750
60 755
60 763
60 770
60 860
60 862
60 912
60 945
60 947
60 996
61 96
61 116
61 121
61 137
61 145
61 154
61 172
61 247
61 250
61 259
61 263
61 274
61 328
61 420
61 428
61 439
61 444
61 452
61 459
61 536
61 602
61 622
61 711
61 728
61 746
61 842
61 849
61 861
61 887
61 951
61 985
61 514
61 607
61 959
62 85
62 92
62 120
62 133
62 211
62 245
62 248
62 251
62 254
62 282
62 314
62 321
62 395
62 398
62 428
62 470
62 481
62 551
62 553
62 569
62 594
62 608
62 613
62 668
62 694
62 708
62 817
62 830
62 906
62 918
62 965
62 975
62 199
62 80
62 341
62 717
63 75
63 96
63 99
63 123
63 157
63 181
63 182
63 235
63 276
63 291
63 325
63 327
63 427
63 433
63 479
63 512
63 550
63 602
63 663
63 714
63 721
63 732
63 745
63 757
63 763
63 772
63 779
63 804
63 835
63 862
63 881
63 950
63 976
63 999
63 243
64 73
64 83
64 91
64 92
64 105
64 106
64 117
64 128
64 131
64 136
64 173
64 238
64 251
64 264
64 278
64 291
64 329
64 370
64 381
64 391
64 447
64 486
64 568
64 587
64 603
64 671
64 693
64 891
64 928
64 981
64 70
64 130
64 630
65 70
65 71
65 89
65 105
65 107
65 115
65 121
65 158
65 175
65 180
65 198
65 205
65 241
65 266
65 287
65 296
65 312
65 315
65 319
65 341
65 342
65 367
65 374
65 383
65 404
65 419
65 453
65 470
65 483
65 508
65 566
65 613
65 700
65 718
65 739
65 825
65 856
65 873
65 876
65 973
65 999
65 67
66 128
66 157
66 200
66 207
66 229
66 348
66 376
66 394
66 450
66 462
66 486
66 551
66 624
66 645
66 678
66 689
66 786
66 819
66 896
66 974
66 995
66 936
66 432
67 92
67 111
67 127
67 194
67 245
67 261
67 286
67 410
67 437
67 474
67 504
67 526
67 559
67 670
67 949
67 971
67 985
67 135
68 73
68 76
68 95
68 99
68 108
68 123
68 140
68 150
68 181
68 198
68 244
68 281
68 285
68 315
68 375
68 393
68 403
68 411
68 434
68 460
68 502
68 535
68 543
68 546
68 550
68 552
68 585
68 586
68 588
68 600
68 681
68 698
68 730
68 733
68 754
68 824
68 871
68 888
68 891
68 907
68 914
68 978
68 981
68 986
68 74
68 247
68 928
69 73
69 128
69 142
69 162
69 223
69 264
69 268
69 284
69 503
69 518
69 540
69 560
69 603
69 620
69 627
69 328
69 117
69 301
69 680
70 75
70 79
70 83
70 120
70 134
70 152
70 158
70 160
70 165
70 191
70 215
70 224
70 226
70 249
70 299
70 304
70 306
70 310
70 322
70 401
70 403
70 435
70 443
70 494
70 515
70 553
70 580
70 604
70 636
70 689
70 690
70 750
70 768
70 816
70 832
70 905
70 910
70 954
70 972
70 881
70 254
71 83
71 84
71 89
71 100
71 146
71 154
71 179
71 360
71 367
71 475
71 556
71 593
71 607
71 635
71 713
71 735
71 842
71 851
71 859
71 871
71 895
71 904
72 77
72 131
72 203
72 261
72 287
72 308
72 318
72 346
72 387
72 420
72 426
72 449
72 539
72 570
72 611
72 616
72 741
72 791
72 800
72 821
72 827
72 879
72 914
72 918
72 926
72 951
72 953
72 956
72 971
72 74
72 854
73 81
73 115
73 126
73 140
73 144
73 225
73 248
73 261
73 306
73 331
73 337
73 409
73 428
73 475
73 517
73 570
73 583
73 697
73 715
73 717
73 747
73 768
73 797
73 867
73 878
73 884
73 894
73 290
74 120
74 129
74 167
74 175
74 179
74 189
74 193
74 207
74 228
74 245
74 252
74 273
74 282
74 316
74 359
74 379
74 381
74 413
74 445
74 508
74 535
74 561
74 563
74 588
74 633
74 667
74 699
74 723
74 791
74 798
74 801
74 838
74 871
74 913
74 956
74 851
75 78
75 107
75 141
75 144
75 157
75 257
75 262
75 303
75 318
75 398
75 434
75 460
75 469
75 484
75 546
75 612
75 674
75 678
75 763
75 764
75 804
75 858
75 859
75 884
75 958
75 962
75 211
75 310
76 82
76 88
76 94
76 96
76 101
76 108
76 135
76 156
76 193
76 206
76 216
76 282
76 287
76 317
76 363
76 367
76 379
76 471
76 516
76 585
76 605
76 608
76 618
76 643
76 693
76 744
76 812
76 818
76 821
76 852
76 859
76 886
76 929
76 486
77 90
77 255
77 341
77 386
77 422
77 625
77 642
77 646
77 661
77 665
77 723
77 748
77 757
77 783
77 806
77 890
77 962
77 989
77 182
78 93
78 95
78 200
78 223
78 225
78 244
78 259
78 276
78 294
78 331
78 373
78 374
78 400
78 406
78 416
78 448
78 516
78 542
78 577
78 602
78 615
78 724
78 748
78 812
78 888
79 99
79 106
79 108
79 176
79 240
79 283
79 454
79 479
79 523
79 544
79 545
79 581
79 600
79 656
79 673
79 676
79 694
79 706
79 713
79 729
79 754
79 765
79 780
79 832
79 836
79 856
79 874
79 901
79 314
80 85
80 92
80 94
80 96
80 101
80 116
80 118
80 119
80 123
80 126
80 137
80 152
80 163
80 175
80 185
80 192
80 203
80 206
80 208
80 218
80 257
80 284
80 304
80 389
80 404
80 405
80 418
80 419
80 422
80 448
80 471
80 527
80 559
80 575
80 583
80 676
80 685
80 724
80 734
80 769
80 792
80 825
80 908
80 977
80 602
81 82
81 84
81 95
81 96
81 105
81 133
81 135
81 138
81 163
81 164
81 179
81 186
81 191
81 208
81 209
81 238
81 300
81 321
81 345
81 373
81 390
81 521
81 526
81 532
81 539
81 555
81 556
81 591
81 667
81 695
81 712
81 773
81 784
81 806
81 846
81 905
81 925
81 964
81 968
81 323
82 124
82 186
82 221
82 252
82 274
82 287
82 311
82 312
82 352
82 396
82 426
82 507
82 564
82 618
82 648
82 674
82 749
82 767
82 934
82 955
82 974
82 980
82 156
83 100
83 111
83 118
83 136
83 138
83 162
83 173
83 178
83 183
83 184
83 216
83 264
83 272
83 300
83 355
83 362
83 372
83 389
83 434
83 437
83 465
83 476
83 492
83 520
83 525
83 533
83 542
83 604
83 610
83 630
83 675
83 684
83 774
83 861
83 523
83 922
84 98
84 144
84 167
84 189
84 238
84 252
84 270
84 294
84 332
84 372
84 394
84 416
84 440
84 449
84 517
84 650
84 680
84 721
84 770
84 782
84 874
84 878
84 977
84 987
84 97
84 532
85 113
85 119
85 122
85 148
85 155
85 168
85 205
85 211
85 214
85 215
85 222
85 228
85 232
85 253
85 259
85 277
85 293
85 309
85 338
85 386
85 409
85 412
85 423
85 433
85 462
85 473
85 483
85 519
85 570
85 580
85 603
85 633
85 645
85 675
85 702
85 716
85 719
85 796
85 801
85 827
85 988
85 261
85 568
85 628
85 765
85 856
86 112
86 139
86 157
86 172
86 181
86 187
86 193
86 231
86 271
86 319
86 335
86 427
86 440
86 583
86 634
86 705
86 733
86 762
86 801
86 804
86 847
86 900
86 309
87 109
87 149
87 179
87 199
87 218
87 219
87 222
87 266
87 296
87 299
87 306
87 385
87 399
87 411
87 463
87 477
87 493
87 502
87 528
87 540
87 559
87 561
87 596
87 669
87 794
87 813
87 868
87 878
87 931
87 949
87 967
87 915
88 89
88 95
88 100
88 112
88 129
88 133
88 146
88 150
88 152
88 215
88 221
88 222
88 225
88 294
88 330
88 378
88 387
88 398
88 439
88 442
88 498
88 516
88 534
88 544
88 567
88 621
88 637
88 660
88 707
88 729
88 782
88 810
88 817
88 838
88 932
88 283
89 91
89 102
89 104
89 106
89 130
89 148
89 158
89 159
89 167
89 188
89 195
89 206
89 216
89 231
89 261
89 279
89 297
89 305
89 363
89 407
89 417
89 457
89 460
89 461
89 468
89 535
89 552
89 570
89 578
89 639
89 642
89 653
89 662
89 718
89 739
89 770
89 771
89 847
89 865
89 952
89 982
90 105
90 152
90 195
90 211
90 289
90 308
90 347
90 354
90 389
90 399
90 450
90 490
90 566
90 591
90 637
90 669
90 691
90 741
90 767
90 833
90 920
91 128
91 137
91 173
91 177
91 194
91 232
91 238
91 308
91 324
91 490
91 589
91 722
91 744
91 746
91 777
91 793
91 806
91 809
91 860
91 993
91 999
91 293
92 111
92 233
92 270
92 275
92 294
92 319
92 327
92 396
92 397
92 664
92 761
92 768
92 785
92 867
92 902
92 986
92 197
92 137
92 589
93 98
93 116
93 124
93 136
93 143
93 151
93 156
93 182
93 202
93 215
93 225
93 349
93 371
93 571
93 615
93 647
93 695
93 756
93 883
93 914
93 515
93 364
93 622
94 95
94 100
94 213
94 244
94 343
94 423
94 490
94 519
94 527
94 553
94 800
94 848
94 912
94 977
95 97
95 99
95 119
95 152
95 190
95 225
95 236
95 272
95 317
95 323
95 498
95 546
95 567
95 651
95 885
95 893
95 915
95 944
95 958
95 184
96 108
96 119
96 120
96 170
96 176
96 230
96 303
96 305
96 310
96 313
96 394
96 410
96 435
96 523
96 561
96 598
96 621
96 653
96 675
96 711
96 762
96 833
96 846
96 600
96 220
97 149
97 154
97 160
97 163
97 194
97 195
97 294
97 397
97 428
97 448
97 511
97 533
97 592
97 630
97 735
97 787
97 919
98 120
98 180
98 195
98 224
98 254
98 258
98 263
98 268
98 288
98 294
98 326
98 363
98 580
98 616
98 637
98 740
98 788
98 797
98 808
98 870
98 913
99 128
99 153
99 172
99 187
99 201
99 210
99 241
99 248
99 288
99 307
99 326
99 365
99 392
99 410
99 411
99 450
99 554
99 658
99 954
99 965
99 997
99 342
100 123
100 253
100 261
100 276
100 342
100 511
100 517
100 563
100 770
100 777
100 804
100 865
100 958
100 959
101 102
101 147
101 149
101 155
101 162
101 168
101 208
101 223
101 274
101 323
101 351
101 385
101 428
101 513
101 531
101 539
101 546
101 681
101 719
101 751
101 764
101 771
101 823
101 826
101 832
101 840
101 857
101 900
101 905
101 914
101 930
102 107
102 110
102 134
102 169
102 197
102 200
102 202
102 211
102 218
102 222
102 231
102 238
102 241
102 247
102 290
102 319
102 328
102 338
102 442
102 531
102 538
102 547
102 552
102 634
102 732
102 737
102 750
102 810
102 837
102 869
102 157
103 145
103 169
103 266
103 327
103 407
103 421
103 439
103 484
103 516
103 549
103 576
103 705
103 726
103 410
103 438
103 497
103 609
104 118
104 124
104 164
104 208
104 255
104 269
104 272
104 308
104 314
104 382
104 421
104 434
104 451
104 457
104 477
104 480
104 540
104 564
104 599
104 609
104 610
104 782
104 914
104 411
105 170
105 182
105 184
105 219
105 229
105 234
105 249
105 259
105 288
105 652
105 696
105 727
105 828
105 905
105 920
106 120
106 165
106 246
106 260
106 281
106 317
106 382
106 445
106 496
106 519
106 521
106 584
106 585
106 608
106 883
107 131
107 142
107 162
107 187
107 213
107 290
107 292
107 364
107 545
107 644
107 666
107 684
107 716
107 796
107 860
108 134
108 136
108 149
108 190
108 201
108 222
108 255
108 331
108 335
108 353
108 443
108 617
108 703
108 908
108 915
108 437
108 840
109 142
109 199
109 202
109 203
109 232
109 279
109 285
109 293
109 391
109 415
109 419
109 476
109 489
109 501
109 523
109 527
109 592
109 596
109 617
109 628
109 680
109 735
109 742
109 837
109 839
109 894
109 901
109 939
109 991
109 581
109 208
110 125
110 132
110 142
110 167
110 172
110 174
110 186
110 209
110 230
110 245
110 269
110 318
110 331
110 357
110 382
110 426
110 483
110 699
110 746
110 760
110 784
110 797
110 803
110 811
110 923
110 979
110 988
110 997
110 764
110 898
111 116
111 128
111 137
111 142
111 151
111 190
111 205
111 225
111 235
111 249
111 250
111 286
111 288
111 309
111 329
111 332
111 343
111 346
111 349
111 356
111 380
111 394
111 401
111 453
111 457
111 564
111 593
111 622
111 647
111 681
111 698
111 704
111 791
111 860
111 956
111 174
111 988
112 177
112 185
112 255
112 332
112 333
112 429
112 444
112 475
112 504
112 548
112 584
112 599
112 606
112 672
112 701
112 707
112 749
112 871
112 877
112 129
112 325
112 339
113 118
113 216
113 227
113 306
113 431
113 448
113 469
113 503
113 511
113 530
113 559
113 577
113 596
113 661
113 710
113 790
113 817
113 969
113 650
113 423
113 581
114 125
114 145
114 153
114 205
114 251
114 281
114 301
114 310
114 317
114 319
114 580
114 663
114 683
114 849
114 903
114 964
114 995
115 130
115 151
115 202
115 224
115 460
115 799
115 957
116 135
116 136
116 150
116 203
116 207
116 214
116 216
116 232
116 246
116 266
116 295
116 359
116 391
116 407
116 422
116 620
116 651
116 668
116 747
116 751
116 757
116 473
116 961
117 196
117 369
117 468
117 520
117 558
117 581
117 804
117 850
117 868
118 125
118 141
118 178
118 182
118 299
118 313
118 323
118 332
118 342
118 373
118 375
118 424
118 450
118 488
118 506
118 520
118 555
118 601
118 621
118 640
118 660
118 684
118 786
118 195
118 464
118 730
119 137
119 164
119 177
119 203
119 229
119 253
119 268
119 330
119 347
119 450
119 480
119 518
119 536
119 548
119 618
119 769
119 969
119 244
119 938
120 129
120 148
120 166
120 173
120 251
120 291
120 400
120 410
120 425
120 523
120 604
120 667
120 736
120 762
120 764
120 974
120 728
121 136
121 170
121 205
121 250
121 258
121 272
121 326
121 402
121 408
121 416
121 521
121 598
121 748
121 794
121 802
121 816
121 817
121 237
122 133
122 144
122 169
122 240
122 281
122 289
122 340
122 455
122 483
122 517
122 791
122 822
122 989
122 567
122 370
122 503
123 395
123 419
123 475
123 984
123 236
124 129
124 139
124 159
124 175
124 187
124 239
124 243
124 258
124 278
124 322
124 323
124 342
124 361
124 433
124 466
124 500
124 549
124 644
124 665
124 685
124 713
124 819
124 774
124 207
124 733
125 127
125 140
125 156
125 175
125 199
125 210
125 241
125 269
125 286
125 439
125 467
125 530
125 534
125 619
125 658
125 700
125 706
125 721
125 736
125 779
125 873
125 877
125 960
126 132
126 159
126 164
126 180
126 204
126 282
126 283
126 297
126 326
126 333
126 347
126 387
126 388
126 392
126 407
126 495
126 500
126 567
126 589
126 612
126 644
126 684
126 689
126 697
126 730
126 745
126 800
126 875
126 940
126 910
126 451
127 168
127 198
127 203
127 248
127 391
127 607
127 829
127 927
128 202
128 222
128 234
128 249
128 312
128 353
128 365
128 451
128 510
128 596
128 663
128 704
128 789
128 805
128 818
128 839
128 980
128 998
128 232
128 132
128 242
129 132
129 134
129 138
129 316
130 221
130 226
130 240
130 271
130 280
130 302
130 315
130 322
130 340
130 345
130 473
130 482
130 497
130 777
130 864
130 913
130 929
130 983
130 603
131 141
131 149
131 196
131 201
131 302
131 311
131 314
131 370
131 712
131 803
131 641
131 907
132 138
132 159
132 164
132 176
132 181
132 182
132 208
132 239
132 243
132 255
132 260
132 268
132 275
132 322
132 370
132 425
132 437
132 594
132 600
132 609
132 620
132 625
132 639
132 662
132 675
132 685
132 707
132 717
132 736
132 806
132 817
132 847
132 902
132 263
132 321
132 734
133 169
133 200
133 202
133 218
133 273
133 274
133 315
133 457
133 556
133 558
133 581
133 663
133 695
133 720
133 937
133 665
134 146
134 178
134 190
134 220
134 229
134 291
134 325
134 340
134 360
134 401
134 432
134 539
134 596
134 617
134 620
134 630
134 636
134 891
134 957
134 345
134 487
134 703
134 849
135 199
135 230
135 234
135 246
135 286
135 301
135 327
135 402
135 637
135 699
136 138
136 168
136 180
136 187
136 214
136 246
136 305
136 315
136 335
136 363
136 391
136 413
136 507
136 533
136 644
136 774
136 779
136 865
136 866
136 934
136 952
136 965
136 796
137 212
137 273
137 387
137 427
137 507
137 526
137 560
137 632
137 696
137 694
138 169
138 190
138 298
138 350
138 419
138 502
138 582
138 635
138 686
138 741
138 900
139 148
139 225
139 304
139 411
139 514
139 547
139 549
139 561
139 670
139 761
139 896
139 219
140 141
140 176
140 200
140 214
140 257
140 289
140 371
140 377
140 446
140 472
140 512
140 600
140 601
140 725
140 752
140 809
140 931
140 972
140 226
140 540
140 846
141 143
141 153
141 198
141 239
141 255
141 270
141 279
141 341
141 360
141 430
141 556
141 583
141 647
141 715
141 792
141 811
141 826
141 927
141 974
141 983
141 171
142 160
142 302
142 383
142 463
142 499
142 604
142 626
142 870
142 933
143 153
143 189
143 195
143 200
143 220
143 258
143 267
143 295
143 302
143 430
143 471
143 501
143 621
143 622
143 623
143 851
143 872
143 921
143 933
143 947
143 317
143 563
144 166
144 168
144 173
144 181
144 280
144 297
144 306
144 459
144 490
144 506
144 534
144 590
144 631
144 650
144 685
144 731
144 811
144 852
144 860
144 923
144 970
144 980
144 348
144 672
145 169
145 250
145 260
145 290
145 384
145 485
145 856
145 912
146 227
146 248
146 295
146 299
146 357
146 396
146 451
146 489
146 563
146 603
146 679
146 694
146 800
146 804
146 876
146 574
147 196
147 246
147 450
147 478
147 680
147 845
147 933
147 978
148 264
148 571
148 777
148 268
149 185
149 193
149 250
149 273
149 363
149 374
149 432
149 441
149 450
149 456
149 488
149 493
149 537
149 565
149 575
149 579
149 731
149 841
149 908
149 979
149 417
149 933
150 171
150 173
150 174
150 184
150 216
150 250
150 255
150 313
150 348
150 380
150 390
150 415
150 420
150 429
150 433
150 475
150 623
150 633
150 648
150 663
150 702
150 709
150 876
150 901
150 945
150 563
150 631
150 893
150 931
151 184
151 188
151 195
151 226
151 230
151 234
151 239
151 496
151 530
151 546
151 656
151 682
151 734
151 756
151 827
151 939
151 963
151 357
151 708
152 183
152 191
152 232
152 266
152 343
152 349
152 540
152 556
152 777
153 178
153 180
153 192
153 253
153 324
153 387
153 412
153 461
153 537
153 573
153 635
153 646
153 722
153 786
153 840
153 909
153 941
153 943
153 952
153 987
153 241
153 738
154 158
154 269
154 376
154 417
154 452
154 564
154 663
154 685
154 719
154 724
154 726
154 795
154 908
154 361
154 280
155 185
155 195
155 237
155 246
155 336
155 368
155 464
155 490
155 514
155 731
155 796
155 813
155 815
155 865
155 912
155 937
155 220
156 179
156 213
156 220
156 247
156 321
156 322
156 360
156 500
156 504
156 681
156 701
156 742
156 874
156 956
156 171
156 544
157 174
157 300
157 370
157 371
157 389
157 405
157 410
157 416
157 551
157 560
157 605
157 619
157 845
157 936
157 279
157 711
158 171
158 178
158 355
158 655
158 796
158 982
158 628
159 184
159 194
159 377
159 400
159 409
159 480
159 492
159 496
159 528
159 565
159 605
159 608
159 759
159 792
159 844
159 967
160 232
160 275
160 305
160 342
160 405
160 412
160 421
160 431
160 439
160 502
160 505
160 541
160 600
160 606
160 712
160 716
160 770
160 835
160 920
160 987
160 547
160 517
160 551
161 221
161 334
161 356
161 382
161 465
161 499
161 680
161 714
161 835
161 840
161 951
161 992
162 186
162 192
162 238
162 241
162 318
162 407
162 414
162 421
162 441
162 478
162 479
162 492
162 528
162 554
162 589
163 201
163 216
163 285
163 335
163 423
163 518
163 552
163 657
163 846
163 866
163 967
163 984
163 688
163 807
164 174
164 276
164 293
164 302
164 384
164 421
164 449
164 452
164 485
164 486
164 606
164 613
164 628
164 793
164 821
164 610
165 236
165 312
165 378
165 391
165 433
165 625
165 645
165 651
165 683
165 701
165 807
165 841
165 845
165 914
165 964
165 686
166 218
166 436
166 486
166 493
166 498
166 553
166 646
166 656
166 691
166 718
166 768
166 873
166 883
166 367
166 437
166 829
166 966
167 209
167 264
167 273
167 303
167 316
167 383
167 514
167 535
167 654
167 764
167 895
167 416
167 422
168 186
168 205
168 217
168 244
168 315
168 367
168 382
168 855
168 906
168 670
169 214
169 235
169 303
169 374
169 389
169 392
169 409
169 489
169 524
169 603
169 604
169 861
169 862
169 941
169 982
170 176
170 189
170 221
170 256
170 268
170 300
170 570
170 603
170 615
170 706
170 736
170 830
170 885
170 925
170 945
171 280
171 328
171 335
171 379
171 421
171 437
171 438
171 565
171 616
171 632
171 710
171 813
171 884
171 946
171 721
172 213
172 231
172 246
172 249
172 387
172 388
172 424
172 501
172 576
172 823
172 839
172 892
173 275
173 658
173 690
173 722
173 820
174 182
174 206
174 212
174 251
174 283
174 292
174 325
174 368
174 375
174 376
174 486
174 591
174 629
174 681
174 779
174 902
174 928
174 950
174 495
174 516
174 678
175 254
175 287
175 323
175 334
175 437
175 471
175 529
175 672
175 698
175 906
175 386
176 178
176 188
176 216
176 262
176 264
176 329
176 371
176 399
176 414
176 436
176 611
176 638
176 664
176 865
176 559
177 346
177 400
177 432
177 564
177 631
177 634
177 694
178 224
178 229
178 245
178 263
178 267
178 304
178 355
178 363
178 460
178 473
178 513
178 552
178 614
178 624
178 724
178 981
179 191
179 199
179 206
179 238
179 260
179 275
179 282
179 333
179 506
179 522
179 623
179 643
179 680
179 981
179 298
179 421
179 636
180 423
180 507
180 582
180 629
180 562
180 953
181 182
181 430
181 473
181 493
181 526
181 867
181 930
181 944
181 189
182 219
182 237
182 248
182 257
182 263
182 266
182 298
182 328
182 401
182 428
182 436
182 456
182 465
182 538
182 562
182 624
182 672
182 760
182 765
182 785
182 810
182 827
182 835
182 957
182 363
183 209
183 214
183 260
183 331
183 388
183 415
183 493
183 642
183 691
183 836
183 973
183 664
184 189
184 210
184 241
184 329
184 557
184 588
184 994
185 209
185 224
185 230
185 348
185 391
185 472
185 490
185 558
185 575
185 792
185 841
186 193
186 240
186 329
186 380
186 392
186 465
186 469
186 479
186 655
186 669
186 854
187 208
187 225
187 296
187 318
187 319
187 463
187 987
187 783
187 819
187 954
188 209
188 211
188 271
188 306
188 318
188 330
188 390
188 444
188 515
188 533
188 540
188 568
188 634
188 691
188 743
188 758
188 892
188 896
188 924
188 936
188 941
189 215
189 242
189 250
189 384
189 491
189 512
189 658
189 792
189 847
189 848
189 926
189 944
189 989
189 368
189 463
189 595
190 236
190 291
190 298
190 306
190 312
190 340
190 341
190 346
190 359
190 368
190 416
190 491
190 527
190 529
190 605
190 644
190 657
190 666
190 759
190 795
190 875
190 884
190 910
190 913
190 944
190 973
190 975
190 380
190 525
191 209
191 237
191 360
191 369
191 373
191 396
191 529
191 692
191 734
191 752
191 761
191 819
191 855
191 857
191 868
191 897
191 944
192 283
192 295
192 305
192 313
192 361
192 443
192 462
192 688
192 875
192 970
193 261
193 282
193 293
193 357
193 428
193 436
193 579
193 583
193 608
193 813
193 903
193 240
193 470
194 269
194 334
194 398
194 430
194 474
194 501
194 535
194 606
194 628
194 659
194 742
194 785
194 872
194 875
194 987
194 959
194 813
195 204
195 247
195 253
195 316
195 434
195 454
195 505
195 519
195 524
195 579
195 643
195 670
195 777
195 832
195 891
195 976
195 993
195 700
196 232
196 257
196 360
196 382
196 530
196 557
196 684
196 794
196 886
196 787
197 448
197 497
197 544
197 709
197 948
197 976
198 251
198 284
198 361
198 406
198 543
198 652
198 665
198 749
198 813
198 859
198 984
199 281
199 404
199 449
199 456
199 478
199 556
199 559
199 709
199 330
200 221
200 224
200 228
200 235
200 243
200 270
200 292
200 389
200 395
200 396
200 534
200 653
200 657
200 759
200 872
200 931
200 253
200 505
201 483
201 963
202 204
202 245
202 266
202 277
202 314
202 340
202 368
202 376
202 470
202 492
202 626
202 788
202 789
202 801
202 808
203 214
203 217
203 233
203 355
203 372
203 389
203 396
203 536
203 557
203 568
203 618
203 927
203 930
203 996
203 884
203 635
204 256
204 349
204 489
204 546
204 632
204 637
204 711
204 845
204 947
204 706
204 502
205 320
205 362
205 416
205 536
205 560
205 610
205 623
205 637
205 813
205 887
205 916
205 928
205 963
205 709
205 782
206 239
206 262
206 290
206 302
206 341
206 344
206 374
206 409
206 438
206 442
206 447
206 456
206 473
206 474
206 526
206 641
206 662
206 751
206 760
206 789
206 800
206 881
206 910
206 236
206 685
207 254
207 298
207 317
207 337
207 397
207 535
207 548
207 598
207 606
207 609
207 616
207 637
207 641
207 651
207 730
207 748
207 802
207 861
207 927
207 938
207 947
207 959
207 994
207 995
207 996
208 237
208 275
208 351
208 438
208 592
208 595
208 642
208 643
208 741
208 850
208 870
208 926
208 967
208 995
209 212
209 487
209 531
209 558
209 569
209 577
209 680
209 695
209 706
209 935
209 937
210 251
210 352
210 371
210 383
210 440
210 499
210 553
210 654
210 721
210 869
210 918
210 614
210 340
211 236
211 355
211 378
211 411
211 412
211 453
211 485
211 511
211 512
211 547
211 556
211 737
211 264
212 243
212 285
212 299
212 401
212 453
212 485
212 629
212 639
212 715
212 745
212 767
212 896
212 919
212 934
212 266
213 218
213 223
213 287
213 339
213 404
213 408
213 410
213 504
213 511
213 523
213 581
213 590
213 599
213 662
213 672
213 674
213 714
213 822
213 838
213 892
213 903
213 913
213 946
213 955
213 515
214 278
214 383
214 416
214 484
214 659
215 544
215 582
215 609
215 709
215 787
215 926
215 841
216 229
216 559
216 646
216 650
216 756
216 769
216 977
216 924
217 230
217 254
217 446
217 495
217 575
217 703
217 747
217 936
217 963
218 257
218 404
218 447
218 518
218 556
218 613
218 615
218 693
218 709
218 756
218 776
218 785
218 841
218 853
218 871
218 929
218 968
218 478
218 343
219 317
219 397
219 403
219 531
219 600
219 614
219 654
219 694
219 720
219 721
219 766
219 771
219 822
219 980
219 516
219 374
219 407
219 425
219 580
220 247
220 333
220 354
220 380
220 560
220 632
220 706
220 723
220 724
220 739
220 784
220 856
220 860
220 870
220 924
220 962
221 242
221 267
221 296
221 383
221 606
221 628
221 781
222 381
222 580
222 626
222 639
222 695
222 755
222 829
222 834
222 833
222 385
223 288
223 322
223 329
223 344
223 445
223 451
223 678
223 726
223 767
223 942
223 973
224 235
224 307
224 367
224 371
224 419
224 479
224 527
224 567
224 835
224 914
224 917
224 923
224 819
225 264
225 338
225 364
225 474
225 546
225 594
225 650
225 716
225 864
225 887
225 904
225 895
226 227
226 246
226 256
226 270
226 307
226 320
226 329
226 367
226 395
226 473
226 504
226 545
226 558
226 597
226 629
226 637
226 754
226 784
226 867
226 887
226 894
226 948
226 579
227 234
227 249
227 279
227 291
227 308
227 328
227 352
227 390
227 461
227 464
227 505
227 508
227 666
227 728
227 799
227 836
227 839
227 920
227 790
228 244
228 265
228 330
228 348
228 412
228 495
228 554
228 607
228 638
228 692
228 735
228 742
228 826
229 258
229 289
229 291
229 315
229 348
229 365
229 489
229 492
229 513
229 743
229 785
229 831
229 844
229 915
230 276
230 286
230 288
230 325
230 390
230 402
230 407
230 414
230 462
230 550
230 661
230 686
230 765
230 833
230 558
231 276
231 303
231 349
231 369
231 400
231 413
231 419
231 461
231 476
231 575
231 582
231 664
231 688
231 751
231 800
231 937
232 260
232 296
232 422
232 558
232 607
232 622
232 668
232 720
232 753
232 927
232 939
232 458
232 366
232 447
232 504
233 260
233 293
233 314
233 371
233 398
233 424
233 443
233 574
233 732
233 772
233 822
233 823
233 879
233 998
234 274
234 321
234 574
234 593
234 683
234 760
234 970
234 974
235 351
235 571
235 267
236 277
236 298
236 313
236 329
236 337
236 386
236 398
236 409
236 484
236 537
236 581
236 641
236 667
236 772
236 843
236 906
236 946
237 396
237 430
237 515
237 527
237 530
237 541
237 651
237 692
237 876
237 925
237 779
237 949
238 316
238 485
238 524
238 545
238 629
238 799
238 882
238 993
238 813
239 251
239 273
239 278
239 319
239 342
239 370
239 490
239 509
239 565
239 655
239 749
239 459
240 267
240 415
240 433
240 488
240 608
240 682
240 319
241 278
241 305
241 365
241 547
241 685
241 703
241 896
242 351
242 491
242 520
242 568
242 654
242 767
242 988
242 365
242 550
243 279
243 298
243 345
243 346
243 392
243 401
243 458
243 463
243 520
243 743
243 832
243 888
244 246
244 317
244 525
244 550
244 613
244 660
244 921
245 280
245 433
245 444
245 447
245 713
245 738
245 899
246 262
246 357
246 392
246 763
246 810
246 887
247 270
247 725
247 743
247 850
247 877
247 891
247 904
248 252
248 334
248 528
248 565
248 622
248 637
248 670
248 757
248 782
248 808
248 885
248 389
248 391
248 658
249 388
249 432
249 435
249 656
249 814
250 260
250 280
250 543
250 858
250 864
250 998
250 951
251 271
251 733
251 753
251 759
251 762
251 655
252 759
252 963
252 983
252 290
252 392
253 265
253 287
253 315
253 352
253 408
253 631
253 646
253 649
253 754
253 755
253 995
254 282
254 298
254 300
254 303
254 312
254 381
254 475
254 500
254 574
254 700
254 732
254 776
254 873
254 880
254 951
255 339
255 366
255 384
255 538
255 694
255 788
255 802
255 848
255 960
255 991
255 799
256 324
256 408
256 414
256 456
256 469
256 541
256 649
256 705
256 731
256 864
256 934
256 357
256 569
256 839
257 298
257 430
257 439
257 691
257 730
257 916
257 963
257 896
258 446
258 666
258 696
258 745
258 793
259 303
259 309
259 311
259 441
259 468
259 500
259 878
259 929
260 300
260 330
260 347
260 358
260 373
260 405
260 494
260 515
260 586
260 628
260 671
260 726
260 858
260 948
260 973
260 744
260 618
260 900
260 967
261 375
261 445
261 587
261 601
261 666
261 689
261 890
262 274
262 327
262 351
262 514
262 548
262 584
262 708
262 741
262 771
262 833
262 852
262 948
262 986
262 918
263 365
263 408
263 454
263 493
263 510
263 587
263 815
263 868
263 929
263 282
264 289
264 528
264 685
264 704
264 706
265 481
265 548
265 661
265 755
265 761
265 892
265 352
266 267
266 307
266 369
266 378
266 421
266 480
266 522
266 538
266 549
266 673
266 728
266 737
266 861
266 949
267 307
267 343
267 436
267 464
267 476
267 505
267 529
267 536
267 685
267 814
267 861
267 880
267 968
267 999
267 571
267 796
268 305
268 332
268 349
268 358
268 397
268 403
268 418
268 509
268 535
268 562
268 573
268 603
268 791
268 849
268 938
269 357
269 388
269 392
269 503
269 513
269 541
269 542
269 587
269 696
269 843
269 917
269 920
269 934
269 966
269 613
269 614
269 745
270 283
270 287
270 572
270 643
270 763
270 841
270 429
271 325
271 349
271 466
271 622
271 646
271 659
271 741
271 936
271 951
271 826
272 285
272 286
272 399
272 413
272 416
272 453
272 467
272 754
272 782
272 890
272 929
272 367
273 300
273 324
273 413
273 417
273 459
273 528
273 595
273 664
273 717
273 787
273 892
273 908
273 948
273 964
273 982
274 284
274 311
274 533
274 850
275 297
275 311
275 340
275 517
275 644
275 805
275 818
275 880
275 895
276 344
276 382
276 469
276 584
276 778
276 994
277 418
277 447
277 468
277 522
277 715
277 717
277 770
277 789
277 880
277 894
277 916
277 537
278 296
278 571
278 622
278 677
278 769
278 976
278 998
278 627
278 398
278 508
279 319
279 353
279 490
279 506
279 577
279 599
279 602
279 642
279 712
279 732
281 290
281 337
281 449
281 454
281 482
281 532
281 602
281 603
281 607
281 650
281 748
281 816
281 903
281 940
281 956
281 588
281 539
282 286
282 311
282 478
282 572
282 575
282 597
282 652
282 883
282 948
282 593
283 308
283 420
283 527
283 541
283 972
283 993
283 923
284 363
284 385
284 508
284 529
284 554
284 619
284 918
284 409
285 295
285 343
285 445
285 555
285 619
285 661
285 797
285 839
285 865
286 352
286 359
286 440
286 455
286 610
286 687
286 775
286 898
286 426
287 300
287 307
287 336
287 453
287 481
287 497
287 537
287 554
287 676
287 774
287 912
287 922
287 999
287 890
287 669
287 679
287 803
287 969
288 313
288 345
288 353
288 458
288 958
289 292
289 312
289 388
289 471
289 640
289 805
289 937
289 981
290 344
290 369
290 448
290 458
290 516
290 522
290 738
290 314
291 338
291 353
291 364
291 479
291 577
291 599
291 652
291 654
291 707
291 729
291 832
291 900
291 339
292 482
293 347
293 642
293 992
293 800
294 362
294 366
294 883
294 984
295 304
295 362
295 415
295 470
295 561
295 687
295 775
295 870
295 968
295 381
296 325
296 392
296 425
296 462
296 525
296 569
296 580
296 677
296 738
296 762
296 768
296 770
296 958
296 972
297 350
297 377
297 469
297 650
297 753
297 898
297 975
298 339
298 399
298 404
298 438
298 452
298 540
298 633
298 781
298 805
298 806
298 766
299 343
299 347
299 348
299 407
299 417
299 506
299 539
299 546
299 562
299 655
299 762
299 764
299 875
299 961
299 980
300 732
300 824
300 915
301 335
301 381
301 495
301 542
301 586
301 693
301 743
301 785
301 949
301 956
301 958
301 977
301 326
301 469
302 360
302 369
302 457
302 506
302 584
302 999
302 672
303 415
303 483
303 689
303 774
304 329
304 344
304 353
304 425
304 531
304 606
304 758
304 938
305 342
305 407
305 468
305 509
305 587
305 655
305 733
305 814
306 423
306 425
306 588
306 601
306 775
306 777
306 440
307 334
307 383
307 466
307 487
307 498
307 569
307 592
307 806
307 840
307 486
308 481
308 522
308 561
308 901
308 993
308 494
309 446
309 477
309 487
309 640
309 773
309 778
309 846
309 854
309 891
309 893
309 932
309 968
310 457
310 958
310 371
311 323
311 384
311 466
311 468
311 505
311 519
311 577
311 586
311 656
311 807
311 859
311 914
311 792
312 472
312 477
312 707
312 778
312 817
312 933
312 937
313 469
313 732
313 742
314 474
314 498
314 569
314 645
314 669
314 699
314 746
314 782
314 805
314 951
315 356
315 370
315 614
315 620
315 715
315 878
315 970
315 985
315 927
316 352
316 422
316 427
316 438
316 504
316 557
316 716
316 725
316 788
316 858
317 342
317 441
317 470
317 474
317 548
317 625
317 755
317 899
317 978
317 520
318 355
318 451
318 853
318 854
318 859
319 356
319 404
319 483
319 500
319 513
319 537
319 555
319 632
319 648
319 661
319 750
319 799
319 869
319 915
319 968
319 947
320 336
320 371
320 435
320 641
320 731
320 954
321 380
321 440
321 478
321 567
321 591
321 662
321 690
322 361
322 420
322 442
322 443
322 460
322 478
322 484
322 494
322 499
322 506
322 597
322 624
322 633
322 815
322 993
323 440
323 680
323 742
323 929
324 330
324 420
324 441
324 467
324 482
324 519
324 537
324 572
324 578
324 615
324 639
324 769
324 885
324 480
325 452
325 460
325 477
325 488
325 505
325 511
325 595
325 611
325 646
325 667
325 828
325 892
325 946
325 740
326 332
326 454
326 493
326 499
326 518
326 538
326 693
326 715
326 745
326 777
326 844
326 867
326 868
326 961
327 350
327 550
327 591
327 811
328 391
328 626
328 696
329 344
329 573
329 628
329 669
329 868
329 553
330 345
330 448
330 487
330 510
330 727
330 872
330 921
331 337
331 523
331 692
331 723
331 626
332 340
332 378
332 447
332 549
332 798
332 848
332 930
332 951
332 666
333 338
333 598
333 634
333 864
333 873
333 393
334 426
334 467
334 484
334 499
334 532
334 596
334 615
334 800
334 808
334 845
334 863
334 890
334 912
334 946
334 967
334 980
334 983
334 988
334 610
335 664
335 733
335 855
335 996
336 380
336 438
336 440
337 373
337 518
337 571
337 672
337 761
337 777
337 820
337 823
337 913
337 954
337 608
338 387
338 405
338 450
338 472
338 512
338 616
338 657
338 692
338 895
338 976
338 987
338 731
338 519
339 420
339 458
339 855
339 999
340 473
340 545
340 725
340 999
341 449
341 950
342 572
342 690
342 720
342 817
342 383
342 439
342 656
343 387
343 517
343 524
343 714
343 745
343 750
344 431
344 465
344 691
344 838
344 457
345 371
345 638
345 689
345 740
345 716
346 381
346 419
346 612
346 841
346 889
346 907
347 422
347 486
347 659
347 673
347 830
347 979
347 578
348 381
348 485
348 606
348 925
348 990
349 359
349 774
349 829
349 947
349 984
350 423
350 464
350 647
350 846
351 504
351 585
351 833
351 851
351 894
351 800
351 687
353 866
353 982
354 423
354 509
354 708
354 466
355 492
355 500
355 866
355 935
356 386
356 763
356 824
356 838
356 890
357 417
357 495
357 641
357 690
357 698
358 459
358 526
358 544
358 635
358 740
358 911
358 731
358 806
359 365
359 369
359 486
359 505
359 578
359 783
360 368
360 418
360 498
360 531
360 587
360 594
360 734
360 737
360 803
361 370
361 412
361 432
361 528
361 552
361 573
361 617
361 657
361 794
361 819
362 380
362 803
362 826
362 809
363 495
363 932
364 374
364 388
364 444
364 542
364 613
364 897
364 904
365 388
365 663
365 686
365 747
366 378
366 468
366 546
366 607
366 638
366 734
366 780
366 945
367 383
367 579
367 597
367 767
367 808
367 960
367 992
368 421
368 429
368 476
368 515
368 529
368 673
368 758
368 788
368 894
369 481
369 661
369 834
369 724
370 400
370 655
370 715
370 994
371 538
371 810
371 844
371 902
372 395
372 466
372 565
372 910
373 471
373 566
373 897
373 952
373 690
373 461
374 431
374 516
374 547
374 551
374 610
374 660
374 763
374 818
374 821
374 828
375 437
375 453
375 736
375 765
375 787
375 935
375 690
376 509
376 613
376 824
376 863
376 988
377 463
377 624
377 712
377 783
378 403
378 427
378 485
378 489
378 600
378 860
379 387
379 589
379 605
379 905
379 915
379 938
379 957
379 987
379 962
380 414
380 519
380 582
380 707
380 772
380 836
380 385
381 461
381 477
381 569
381 810
381 893
381 970
381 974
382 485
382 495
382 698
382 701
382 754
382 802
382 889
382 934
383 449
383 489
383 567
383 730
383 885
383 955
383 715
384 581
384 781
384 898
384 960
384 536
385 418
385 461
385 465
385 572
385 601
385 634
385 679
385 887
385 915
385 729
386 406
386 736
386 741
386 855
386 928
386 946
386 971
387 503
387 591
387 627
387 636
387 802
387 872
388 424
388 451
388 728
388 800
388 966
388 952
389 502
389 514
389 540
389 558
389 602
389 625
389 649
389 818
389 868
389 910
389 811
390 442
390 654
390 679
390 710
390 794
390 852
390 922
391 503
391 572
391 699
391 809
391 812
391 815
391 956
391 405
392 457
392 472
392 491
392 585
392 618
392 643
392 652
392 704
392 732
392 867
392 941
392 945
392 955
392 991
392 868
393 473
393 597
393 658
393 733
393 811
393 903
394 907
395 832
395 990
395 878
396 429
396 669
396 413
397 523
399 465
399 507
399 508
399 552
399 652
399 707
399 723
399 849
399 460
400 431
400 724
401 426
401 478
401 630
401 814
401 968
402 497
402 676
402 819
402 942
403 547
403 633
403 710
403 849
403 615
404 405
404 460
404 491
404 627
404 644
404 749
404 764
404 797
404 820
404 828
404 830
404 860
404 876
404 987
405 533
405 892
406 415
406 502
406 617
406 776
406 980
406 925
407 411
407 662
407 677
407 688
407 747
407 751
407 849
407 961
407 977
408 447
408 601
408 604
408 610
408 750
408 880
408 976
408 926
409 436
409 455
409 475
409 537
409 719
409 888
410 434
410 462
410 608
410 971
411 486
411 639
411 659
411 661
411 731
411 732
411 756
411 886
411 657
412 506
413 448
413 488
413 499
413 541
413 623
413 725
413 818
413 830
413 852
413 894
413 994
413 599
414 462
414 525
414 557
414 944
415 529
415 530
415 723
416 473
416 532
416 864
416 952
417 452
417 456
417 679
417 776
417 950
418 470
418 569
418 625
418 692
418 812
418 885
418 687
419 438
419 499
419 504
419 752
419 810
419 896
420 515
420 733
420 757
420 881
421 801
421 911
422 471
422 594
422 670
422 899
422 426
423 582
423 601
423 625
423 682
423 935
424 553
424 636
424 812
424 844
424 474
425 454
425 511
425 590
425 780
425 889
425 702
426 568
426 590
426 638
426 686
426 738
426 822
426 842
426 849
427 507
427 913
427 954
428 437
428 466
428 564
428 566
428 766
428 889
428 940
428 572
429 519
429 582
429 714
429 840
430 874
431 671
431 678
431 930
431 911
432 456
432 478
432 530
432 684
432 759
432 779
432 834
432 929
432 935
432 455
433 568
433 593
433 679
433 690
433 739
433 777
433 829
433 857
433 891
433 927
434 451
434 649
434 716
434 499
435 471
435 624
435 753
435 848
435 932
435 515
436 480
436 571
436 683
436 711
436 843
436 830
437 725
438 524
438 564
438 747
438 918
439 458
439 555
439 759
440 515
440 942
440 950
440 947
440 488
441 472
441 535
441 697
441 840
441 962
441 486
442 509
442 683
442 893
442 918
442 998
442 790
442 977
443 682
443 990
444 635
444 472
445 449
445 542
445 761
445 724
445 897
446 469
446 646
446 721
446 873
446 985
447 587
447 668
447 739
447 933
447 942
447 480
448 470
449 601
449 605
449 633
449 712
450 626
450 955
451 556
451 642
451 873
451 962
452 567
453 573
453 655
453 679
454 555
454 670
454 711
455 466
455 491
455 554
455 739
455 744
455 859
455 861
455 952
456 467
456 593
456 686
456 877
457 532
457 905
458 489
458 593
458 691
458 789
458 920
459 578
459 704
459 774
459 793
459 909
460 494
460 509
461 563
461 567
461 611
461 668
461 693
461 783
461 847
461 922
462 494
462 562
462 589
462 615
462 640
462 784
462 812
462 888
462 612
463 627
463 920
464 801
464 809
465 840
465 913
465 575
466 656
466 666
466 830
466 879
466 933
466 965
466 475
467 574
467 640
467 698
467 703
467 774
467 892
467 949
468 590
468 598
468 758
468 805
468 996
468 667
469 525
469 606
469 651
469 689
469 822
469 640
469 750
470 526
470 557
470 566
470 610
470 614
470 632
470 788
470 840
470 880
470 909
470 944
470 958
470 641
470 945
471 589
471 956
471 992
472 617
472 648
472 967
472 970
473 516
473 607
473 670
473 837
473 903
473 906
473 907
473 980
473 965
474 620
474 740
474 806
474 810
474 907
474 963
474 986
474 989
474 720
475 550
475 578
475 809
475 826
475 834
475 884
476 691
476 737
476 894
476 931
477 631
477 775
477 838
477 653
478 545
478 676
478 714
478 762
478 828
479 618
479 900
479 935
479 711
480 549
480 576
480 671
480 780
480 934
481 509
481 513
481 564
481 732
482 502
482 524
482 534
482 884
482 916
482 979
483 496
483 519
483 595
483 713
483 902
484 665
484 738
484 822
484 869
484 963
484 982
484 983
485 623
485 810
485 827
485 990
486 503
486 522
486 619
486 643
486 833
486 860
486 883
487 557
487 570
487 814
487 815
487 848
487 865
488 510
488 620
488 675
488 710
488 744
488 932
489 590
489 648
489 665
489 729
489 741
489 791
489 796
489 818
489 842
489 854
489 876
489 594
490 710
490 934
490 987
490 545
491 492
491 565
491 673
491 708
491 743
491 811
491 866
492 767
492 904
492 527
493 653
493 683
493 760
493 993
493 996
493 870
494 534
494 568
494 938
494 937
494 946
494 950
495 599
495 709
495 787
495 872
495 993
496 497
496 647
496 714
496 980
497 510
497 585
497 728
497 760
497 837
498 531
498 591
498 719
498 727
498 742
498 836
498 855
499 575
499 643
499 675
499 790
499 852
500 503
500 622
500 725
501 627
501 648
502 695
502 726
502 753
502 801
502 967
503 641
504 505
504 577
504 598
504 950
505 592
505 618
505 623
505 744
505 745
505 751
505 827
505 856
506 647
506 687
506 843
507 510
507 557
507 579
507 826
507 921
507 938
507 588
508 616
508 781
508 786
508 915
508 924
509 543
509 634
509 638
509 640
509 672
509 740
509 772
509 786
511 663
511 742
511 762
511 782
511 820
511 875
511 923
511 901
512 940
512 941
512 845
514 705
514 805
514 821
514 972
515 618
515 731
515 937
515 958
515 964
515 969
516 563
516 590
516 612
516 807
516 909
516 913
517 653
517 677
517 784
517 960
518 845
518 577
520 521
520 731
520 789
520 838
521 777
522 747
522 782
522 905
523 667
523 740
523 802
524 548
524 609
524 749
525 836
525 867
526 883
526 561
527 778
527 939
527 997
527 700
528 671
528 820
528 874
528 951
529 633
529 684
529 754
529 756
529 799
529 908
530 611
530 627
530 775
530 793
530 797
530 804
531 761
531 772
531 972
531 648
531 861
532 582
532 619
532 769
532 783
532 893
532 902
533 663
533 713
533 851
534 595
536 620
536 659
536 702
536 722
536 871
536 898
536 931
536 739
537 598
537 898
537 908
537 998
538 879
538 983
538 749
538 815
539 563
539 643
539 834
539 857
539 887
539 902
540 669
540 845
541 587
541 790
541 795
541 829
541 928
542 706
542 716
542 910
542 967
543 812
544 594
544 961
545 730
545 791
545 802
545 820
545 930
546 611
546 764
546 819
546 997
546 928
546 810
546 882
547 683
547 902
548 857
548 953
549 572
549 655
549 664
549 766
549 927
549 953
549 650
550 941
551 677
551 771
552 790
552 916
552 991
553 576
553 601
553 648
553 670
553 807
553 897
553 932
554 811
554 865
554 989
554 861
555 703
555 980
557 664
559 599
559 641
559 853
560 594
561 576
561 582
561 927
561 955
561 961
561 990
563 825
563 936
563 597
564 793
564 868
564 880
565 755
565 893
565 970
566 738
566 790
566 807
566 986
567 724
567 844
567 851
567 935
568 600
568 748
568 824
568 945
569 597
569 708
570 688
570 761
570 992
571 961
572 707
572 734
572 748
573 823
573 992
574 645
574 657
574 672
574 787
574 933
574 682
575 772
576 612
576 877
578 654
578 997
579 683
579 804
581 710
581 776
581 965
582 882
582 900
582 812
583 595
583 627
583 631
583 746
583 863
583 983
583 923
584 740
584 662
585 964
586 631
586 783
586 938
587 614
587 624
587 728
587 815
587 851
587 761
588 666
589 696
589 727
589 938
589 956
590 717
590 979
590 807
591 668
591 732
592 604
592 666
592 889
592 942
592 953
592 966
592 748
593 660
593 740
593 758
593 910
593 769
594 729
594 675
595 757
595 975
596 693
596 917
596 747
597 789
597 847
598 845
598 911
598 992
598 696
600 678
600 752
600 758
600 779
600 849
601 738
601 918
602 661
602 743
603 861
604 747
604 913
605 906
606 625
606 657
606 802
606 909
606 616
606 873
607 649
607 772
607 881
607 998
608 673
608 795
608 858
608 943
609 652
609 874
610 884
610 895
610 904
611 875
611 895
611 928
611 647
612 690
612 752
612 831
613 815
614 623
614 854
615 630
615 676
615 800
615 929
615 887
616 682
616 691
616 739
616 690
618 653
619 674
619 677
619 737
620 702
620 764
620 857
620 908
620 992
620 846
620 772
621 658
621 722
622 688
623 710
623 753
623 871
624 801
624 809
625 701
625 716
625 727
625 932
625 776
626 905
626 638
627 774
627 896
627 897
627 906
628 821
628 845
629 656
629 658
629 720
629 730
629 798
629 770
630 725
630 954
632 990
634 659
634 727
634 853
635 641
635 675
635 702
635 735
635 876
636 854
636 911
637 687
637 692
637 853
637 865
637 931
637 983
637 886
638 656
638 682
638 720
638 747
638 772
638 985
638 903
639 722
639 723
639 939
639 954
640 645
640 730
640 969
641 674
642 872
642 950
643 696
643 790
643 816
643 779
644 706
644 760
644 833
644 886
646 827
646 878
646 924
647 991
648 700
648 818
648 907
648 956
649 804
649 829
649 888
649 905
649 699
650 751
650 753
650 856
650 927
651 688
651 700
651 828
651 855
651 867
652 657
652 720
652 734
652 953
652 961
653 726
655 718
655 973
656 837
657 682
657 857
657 858
657 926
657 990
657 768
658 687
658 998
659 757
659 792
659 862
659 896
659 994
659 895
660 685
660 831
660 946
661 687
661 701
662 726
662 963
662 975
662 936
663 849
664 671
664 932
664 945
665 725
665 809
666 682
666 842
666 946
667 911
668 748
668 858
668 889
669 773
670 812
671 714
671 881
672 698
672 713
672 897
673 793
674 722
675 701
675 818
676 798
678 780
679 846
679 941
680 881
681 920
681 790
682 857
683 841
684 757
684 961
685 899
685 902
686 795
687 705
687 766
687 797
687 899
688 850
688 898
689 692
689 786
689 890
689 979
690 716
690 765
690 850
690 953
690 976
691 842
691 693
692 731
692 755
692 794
693 758
693 711
694 708
694 866
694 940
694 785
694 906
695 787
696 787
696 868
697 759
698 860
698 975
699 888
699 801
700 847
700 853
701 775
701 986
701 952
702 920
703 869
704 921
705 877
705 968
706 799
706 836
706 864
707 771
707 947
709 828
710 735
710 876
710 945
711 712
711 807
711 831
711 926
711 935
712 813
712 898
712 978
712 997
713 824
713 935
714 760
715 764
715 773
715 776
715 917
716 796
716 865
716 885
716 919
717 769
717 912
718 816
719 778
719 919
719 936
719 960
720 918
722 846
722 864
722 969
722 988
722 762
723 773
723 923
723 948
725 801
725 973
725 991
726 778
728 971
731 751
731 994
732 769
732 846
732 904
732 942
734 839
735 819
735 825
735 936
735 811
735 864
735 982
736 798
736 919
738 966
739 994
740 901
740 911
742 783
742 793
742 895
742 843
743 750
744 863
745 936
746 842
746 928
746 754
747 794
749 869
752 840
752 879
752 921
752 937
752 978
753 922
755 778
755 816
756 876
757 883
757 899
757 919
758 910
759 814
760 821
760 818
761 795
761 941
762 909
762 966
763 898
763 925
763 915
764 773
764 821
765 798
765 926
766 799
766 928
767 867
767 839
768 796
768 858
770 775
770 905
770 971
771 822
771 863
772 945
772 960
772 799
774 779
774 785
775 790
775 825
775 970
779 841
779 921
779 954
781 838
781 791
783 940
785 837
785 881
786 843
787 805
788 792
788 828
788 984
789 796
789 836
789 895
789 967
789 974
791 875
793 907
794 806
794 833
794 850
794 893
795 832
795 901
796 924
796 947
796 948
796 985
798 979
800 866
801 852
801 933
801 985
802 878
804 930
805 984
806 850
806 962
807 882
807 939
808 984
811 965
812 813
812 890
812 939
815 854
815 975
817 822
818 842
818 893
821 880
821 993
823 837
823 896
823 901
823 957
824 900
828 889
829 862
831 884
833 907
833 942
835 952
836 889
838 912
838 940
838 965
839 889
839 943
843 871
844 862
847 971
849 982
851 909
852 946
857 943
859 908
866 894
866 916
866 957
869 922
873 877
873 997
875 945
876 969
876 991
877 903
880 971
882 911
886 902
889 943
889 972
889 988
889 995
890 897
895 959
898 907
898 935
900 922
904 981
905 937
905 953
907 917
911 952
912 917
916 918
918 991
920 942
922 990
923 939
925 978
926 981
927 984
930 989
933 941
933 998
949 966
949 986
950 959
950 965
956 993
958 959
962 992
964 977
964 979
977 989
981 999
985 997