312073095
1
100
182
0 1
0 19
0 21
0 23
0 24
0 61
0 65
0 10
0 5
0 15
0 34
0 76
0 81
1 2
1 3
1 5
1 8
1 11
1 13
1 16
1 18
1 22
1 79
1 83
1 91
1 98
1 15
1 44
2 4
2 15
2 17
2 28
2 31
2 32
2 39
2 41
2 47
2 48
2 50
2 66
2 69
2 70
2 81
2 88
2 18
2 11
2 13
2 25
2 26
2 37
2 59
2 71
2 72
2 83
3 6
3 9
3 10
3 14
3 27
3 60
3 63
3 74
3 78
3 85
3 94
3 95
3 99
3 16
3 32
3 69
4 89
4 24
6 7
6 12
6 25
6 30
6 43
6 62
6 86
6 65
6 18
6 45
6 63
6 64
6 84
6 99
7 43
7 67
9 73
10 33
10 93
10 23
10 85
11 50
12 36
12 56
12 16
12 96
13 34
13 86
14 18
15 26
15 42
15 75
15 39
15 62
16 93
16 54
17 58
18 20
18 29
18 46
18 51
18 73
18 82
18 90
18 27
18 55
18 56
18 60
19 45
19 54
19 74
20 51
20 38
20 70
21 55
21 37
22 58
23 57
23 31
24 80
25 38
25 78
28 48
28 47
30 37
30 68
30 73
31 35
31 40
31 44
31 76
31 97
31 98
32 96
34 52
35 83
36 77
36 42
37 49
37 61
38 89
39 59
39 40
40 52
40 58
40 77
40 91
41 54
41 62
46 81
46 65
49 51
50 53
50 68
51 58
51 53
52 64
53 84
54 77
54 80
57 60
58 75
59 67
61 88
62 71
62 92
63 72
72 97
72 92
73 87