458797907
21
100
1673
0 21
0 22
0 24
0 25
0 26
0 27
0 28
0 29
0 30
0 31
0 32
0 36
0 37
0 40
0 43
0 46
0 50
0 51
0 52
0 59
0 62
0 74
0 81
0 87
0 96
1 21
1 22
1 23
1 24
1 26
1 27
1 28
1 29
1 30
1 34
1 36
1 38
1 43
1 50
1 51
1 53
1 54
1 56
1 62
1 66
1 70
1 71
1 74
1 79
1 95
2 21
2 22
2 23
2 24
2 25
2 28
2 29
2 31
2 33
2 34
2 35
2 37
2 38
2 39
2 40
2 41
2 42
2 44
2 48
2 49
2 50
2 55
2 56
2 60
2 61
2 62
2 68
2 91
3 21
3 23
3 24
3 25
3 26
3 27
3 28
3 31
3 32
3 34
3 35
3 37
3 41
3 44
3 45
3 46
3 47
3 50
3 51
3 53
3 58
3 61
3 64
3 65
3 67
3 78
3 79
3 83
3 84
3 94
3 95
3 96
3 97
4 21
4 22
4 23
4 25
4 26
4 27
4 28
4 29
4 32
4 36
4 40
4 42
4 45
4 52
4 57
4 62
4 64
4 65
4 75
4 76
4 77
4 83
4 85
4 87
4 91
5 21
5 22
5 23
5 24
5 25
5 26
5 27
5 29
5 31
5 32
5 34
5 35
5 36
5 38
5 39
5 40
5 43
5 46
5 47
5 50
5 61
5 63
5 64
5 65
5 66
5 67
5 68
5 70
5 71
5 80
5 81
5 83
5 86
5 87
5 90
5 94
5 95
5 77
6 21
6 22
6 23
6 25
6 28
6 29
6 30
6 33
6 34
6 36
6 37
6 38
6 42
6 44
6 48
6 49
6 50
6 51
6 52
6 53
6 55
6 63
6 64
6 67
6 68
6 69
6 73
6 74
6 81
6 82
6 84
6 86
6 98
7 21
7 22
7 23
7 24
7 25
7 27
7 28
7 30
7 33
7 34
7 39
7 42
7 44
7 48
7 49
7 58
7 59
7 65
7 66
7 69
7 73
7 87
8 21
8 22
8 23
8 24
8 27
8 31
8 33
8 38
8 40
8 45
8 47
8 49
8 52
8 55
8 78
8 80
8 91
8 92
8 43
9 21
9 22
9 23
9 24
9 25
9 26
9 31
9 32
9 33
9 34
9 35
9 37
9 38
9 39
9 40
9 42
9 48
9 54
9 55
9 57
9 58
9 62
9 63
9 64
9 67
9 70
9 75
9 77
9 82
9 86
9 89
9 97
9 99
10 21
10 22
10 23
10 24
10 25
10 28
10 30
10 31
10 37
10 40
10 42
10 50
10 51
10 52
10 56
10 65
10 69
10 78
10 86
10 99
10 45
11 21
11 22
11 23
11 24
11 26
11 27
11 28
11 29
11 31
11 32
11 34
11 41
11 48
11 51
11 59
11 60
11 61
11 71
11 80
11 83
11 87
11 92
12 21
12 22
12 23
12 24
12 25
12 26
12 27
12 29
12 30
12 34
12 38
12 44
12 46
12 53
12 57
12 59
12 61
12 79
13 21
13 22
13 23
13 25
13 26
13 28
13 33
13 38
13 39
13 46
13 47
13 49
13 50
13 52
13 61
13 62
13 63
13 65
13 67
13 71
13 76
13 78
13 86
13 87
13 91
13 96
14 21
14 22
14 23
14 24
14 25
14 26
14 27
14 30
14 33
14 36
14 44
14 46
14 47
14 54
14 61
14 63
14 64
14 66
14 69
14 71
14 72
14 73
14 74
14 79
14 85
14 88
14 90
14 91
15 21
15 22
15 23
15 24
15 25
15 26
15 27
15 28
15 29
15 30
15 31
15 32
15 33
15 34
15 35
15 36
15 37
15 38
15 39
15 40
15 41
15 42
15 43
15 44
15 45
15 46
15 47
15 54
15 55
15 65
15 66
15 68
15 71
15 72
15 82
15 84
15 89
15 93
15 94
15 95
15 97
15 98
15 99
16 21
16 22
16 23
16 24
16 25
16 26
16 27
16 28
16 29
16 30
16 31
16 32
16 33
16 34
16 35
16 36
16 37
16 38
16 39
16 41
16 43
16 45
16 46
16 48
16 49
16 50
16 53
16 56
16 58
16 59
16 61
16 62
16 66
16 67
16 72
16 73
16 74
16 76
16 80
16 86
16 94
16 95
16 97
16 98
17 21
17 22
17 24
17 25
17 26
17 27
17 28
17 30
17 33
17 36
17 42
17 43
17 45
17 47
17 48
17 60
17 64
17 66
17 68
17 70
17 71
17 90
17 96
17 98
17 99
18 21
18 22
18 23
18 24
18 25
18 26
18 27
18 28
18 29
18 30
18 31
18 32
18 35
18 41
18 44
18 47
18 50
18 53
18 54
18 58
18 62
18 69
18 70
18 75
18 84
18 88
18 89
18 93
18 94
19 21
19 22
19 23
19 24
19 26
19 29
19 30
19 32
19 34
19 35
19 40
19 42
19 45
19 47
19 51
19 58
19 63
19 65
19 72
19 82
19 85
20 21
20 22
20 23
20 24
20 25
20 26
20 27
20 29
20 30
20 32
20 41
20 43
20 44
20 48
20 49
20 76
20 81
20 84
20 90
20 92
20 94
20 96
20 42
21 22
21 23
21 24
21 25
21 26
21 27
21 28
21 29
21 30
21 31
21 32
21 33
21 35
21 36
21 37
21 38
21 39
21 40
21 41
21 42
21 43
21 45
21 46
21 48
21 49
21 51
21 53
21 55
21 56
21 57
21 58
21 59
21 62
21 64
21 67
21 69
21 71
21 72
21 74
21 75
21 76
21 77
21 78
21 79
21 80
21 81
21 82
21 83
21 86
21 87
21 89
21 91
21 93
21 94
21 21
22 23
22 24
22 25
22 26
22 27
22 28
22 29
22 30
22 31
22 32
22 33
22 34
22 35
22 36
22 37
22 38
22 39
22 40
22 41
22 42
22 43
22 44
22 45
22 46
22 48
22 50
22 52
22 53
22 54
22 55
22 56
22 57
22 58
22 59
22 60
22 61
22 64
22 65
22 71
22 72
22 73
22 74
22 75
22 77
22 78
22 80
22 82
22 83
22 84
22 85
22 88
22 90
22 91
22 92
22 93
22 96
22 97
22 99
23 24
23 25
23 26
23 27
23 28
23 29
23 30
23 31
23 32
23 34
23 35
23 36
23 38
23 39
23 42
23 43
23 44
23 45
23 47
23 48
23 52
23 53
23 54
23 55
23 60
23 61
23 63
23 65
23 66
23 68
23 70
23 73
23 74
23 75
23 76
23 79
23 82
23 84
23 85
23 86
23 91
23 95
23 96
24 25
24 26
24 27
24 28
24 29
24 30
24 31
24 32
24 33
24 34
24 35
24 36
24 37
24 38
24 39
24 40
24 41
24 43
24 46
24 49
24 50
24 52
24 53
24 58
24 59
24 60
24 68
24 69
24 71
24 72
24 75
24 77
24 78
24 82
24 83
24 84
24 86
24 89
24 90
24 92
24 96
24 99
25 26
25 27
25 28
25 29
25 30
25 31
25 32
25 33
25 35
25 38
25 42
25 44
25 48
25 49
25 50
25 51
25 53
25 54
25 56
25 58
25 59
25 63
25 64
25 65
25 67
25 71
25 72
25 73
25 75
25 76
25 78
25 79
25 84
25 85
25 88
25 89
25 94
25 97
25 98
26 27
26 28
26 29
26 30
26 31
26 33
26 36
26 37
26 39
26 40
26 42
26 43
26 46
26 48
26 50
26 51
26 53
26 54
26 57
26 59
26 60
26 63
26 65
26 67
26 71
26 72
26 73
26 74
26 76
26 77
26 79
26 80
26 81
26 82
26 84
26 90
26 91
26 93
26 94
26 96
26 99
27 28
27 29
27 30
27 31
27 32
27 33
27 34
27 35
27 39
27 41
27 42
27 46
27 47
27 54
27 55
27 59
27 61
27 63
27 64
27 65
27 68
27 69
27 71
27 72
27 74
27 76
27 87
27 92
27 93
27 94
27 98
28 29
28 30
28 31
28 32
28 33
28 34
28 35
28 36
28 37
28 38
28 39
28 40
28 41
28 42
28 45
28 48
28 49
28 53
28 54
28 55
28 56
28 57
28 58
28 59
28 64
28 65
28 67
28 69
28 71
28 72
28 73
28 74
28 75
28 76
28 78
28 80
28 81
28 83
28 50
29 31
29 32
29 33
29 34
29 35
29 36
29 37
29 38
29 39
29 40
29 43
29 45
29 48
29 49
29 50
29 52
29 54
29 56
29 58
29 61
29 62
29 64
29 68
29 70
29 71
29 74
29 77
29 79
29 82
29 86
29 87
29 89
29 93
29 99
30 31
30 32
30 33
30 34
30 35
30 36
30 37
30 39
30 40
30 41
30 43
30 44
30 47
30 57
30 59
30 64
30 68
30 70
30 72
30 75
30 79
30 81
30 84
30 87
30 88
30 93
30 95
30 73
31 32
31 33
31 34
31 35
31 36
31 37
31 39
31 40
31 41
31 42
31 43
31 47
31 49
31 50
31 51
31 52
31 56
31 57
31 59
31 63
31 66
31 67
31 69
31 72
31 76
31 77
31 81
31 85
31 88
31 90
31 91
31 92
32 33
32 35
32 37
32 38
32 39
32 40
32 41
32 43
32 44
32 45
32 47
32 48
32 49
32 51
32 52
32 54
32 55
32 57
32 61
32 63
32 65
32 67
32 76
32 78
32 84
32 85
32 86
32 90
32 96
33 34
33 35
33 36
33 37
33 38
33 40
33 41
33 42
33 45
33 46
33 47
33 48
33 49
33 51
33 54
33 55
33 60
33 62
33 64
33 65
33 68
33 69
33 70
33 74
33 77
33 78
33 79
33 82
33 86
33 90
33 93
33 96
33 97
33 98
33 99
33 44
34 35
34 36
34 37
34 38
34 39
34 41
34 44
34 45
34 51
34 52
34 53
34 55
34 56
34 57
34 58
34 61
34 65
34 66
34 69
34 71
34 75
34 78
34 79
34 81
34 82
34 84
34 85
34 88
34 89
34 90
34 92
34 94
34 97
34 48
35 36
35 37
35 39
35 40
35 41
35 42
35 43
35 44
35 45
35 47
35 48
35 51
35 52
35 54
35 55
35 57
35 58
35 59
35 60
35 61
35 62
35 68
35 69
35 70
35 72
35 73
35 75
35 76
35 78
35 85
35 87
35 88
35 92
35 93
35 95
36 37
36 40
36 41
36 43
36 44
36 46
36 48
36 49
36 52
36 56
36 61
36 65
36 66
36 68
36 72
36 77
36 80
36 84
37 38
37 41
37 42
37 44
37 46
37 47
37 49
37 50
37 52
37 53
37 56
37 57
37 59
37 66
37 68
37 69
37 73
37 75
37 76
37 79
37 80
37 88
37 90
37 92
38 39
38 41
38 43
38 45
38 46
38 47
38 48
38 49
38 50
38 51
38 53
38 55
38 58
38 61
38 62
38 63
38 67
38 68
38 70
38 79
38 81
38 93
38 98
38 99
38 40
39 44
39 45
39 49
39 51
39 55
39 56
39 57
39 60
39 62
39 63
39 67
39 68
39 71
39 73
39 74
39 75
39 77
39 79
39 83
39 85
39 86
39 88
39 90
39 93
40 42
40 45
40 46
40 52
40 56
40 57
40 58
40 62
40 63
40 64
40 67
40 70
40 76
40 79
40 80
40 81
40 85
40 96
40 97
40 99
41 43
41 44
41 45
41 48
41 49
41 50
41 52
41 54
41 58
41 63
41 70
41 75
41 77
41 80
41 81
41 82
41 85
41 93
41 94
41 95
41 97
42 43
42 46
42 47
42 51
42 53
42 56
42 59
42 62
42 64
42 67
42 69
42 73
42 76
42 77
42 78
42 93
42 95
43 44
43 45
43 52
43 53
43 54
43 66
43 68
43 69
43 70
43 73
43 76
43 79
43 82
43 83
43 84
43 85
43 91
43 99
44 46
44 50
44 51
44 52
44 53
44 55
44 56
44 59
44 60
44 77
44 82
44 83
44 85
44 87
44 88
44 89
44 90
45 46
45 47
45 55
45 56
45 60
45 66
45 70
45 74
45 75
45 77
45 90
45 92
46 47
46 49
46 54
46 57
46 58
46 60
46 62
46 64
46 66
46 67
46 70
46 72
46 89
46 93
46 99
47 51
47 52
47 53
47 60
47 67
47 69
47 72
47 74
47 88
47 90
47 92
47 93
47 96
47 65
48 50
48 54
48 55
48 56
48 57
48 60
48 64
48 66
48 68
48 73
48 74
48 83
48 85
48 86
48 87
48 89
48 92
49 73
49 75
49 77
49 78
49 81
49 98
50 51
50 54
50 55
50 56
50 58
50 60
50 61
50 68
50 69
50 72
50 73
50 76
50 78
50 79
50 84
50 87
50 88
50 89
50 90
50 91
50 93
50 94
50 95
50 97
50 98
51 57
51 59
51 60
51 61
51 63
51 66
51 67
51 69
51 71
51 76
51 81
51 84
51 88
52 53
52 55
52 57
52 58
52 61
52 62
52 65
52 70
52 74
52 79
52 80
52 82
52 89
52 87
53 54
53 57
53 60
53 63
53 70
53 72
53 75
53 84
53 88
53 91
54 56
54 57
54 60
54 62
54 63
54 64
54 66
54 68
54 70
54 76
54 81
54 83
54 86
54 90
55 58
55 59
55 60
55 64
55 65
55 66
55 69
55 79
55 83
55 89
55 90
55 91
55 94
55 97
56 59
56 62
56 67
56 72
56 77
56 78
56 80
56 81
56 88
56 89
56 91
56 94
56 99
57 61
57 73
57 85
57 92
57 95
58 62
58 69
58 86
58 89
58 94
58 85
59 60
59 71
59 72
59 78
59 82
59 83
59 96
59 98
60 80
60 81
60 85
60 86
60 87
60 88
60 92
60 95
60 96
61 63
61 70
61 75
61 79
61 83
61 86
61 99
62 63
62 65
62 66
62 71
62 74
62 80
62 86
62 88
62 90
62 91
62 92
62 95
62 99
63 67
63 70
63 73
63 78
63 83
63 87
63 88
63 92
63 97
63 99
64 77
64 81
64 86
64 89
64 95
64 97
65 66
65 68
65 71
65 73
65 77
65 83
66 80
66 83
66 87
66 94
66 98
67 74
67 75
67 86
67 87
67 90
67 97
68 77
68 84
68 88
68 94
69 78
69 80
69 82
70 75
70 94
70 97
70 98
71 73
71 74
71 78
71 82
71 89
71 91
71 97
72 93
72 95
72 97
73 83
73 88
73 98
73 99
74 80
74 84
74 89
74 92
74 93
75 76
75 80
75 87
75 91
75 92
75 93
75 94
75 96
76 77
76 80
76 81
76 83
76 95
77 85
77 96
78 82
78 89
78 95
78 98
79 81
79 82
79 92
79 96
79 98
80 84
80 87
80 91
81 91
81 96
81 98
82 94
82 97
82 92
83 85
83 87
83 99
84 85
84 92
84 98
85 93
85 95
88 89
88 91
90 95
90 97
90 99
91 95
92 96
92 98
93 96
93 98
93 99
94 97
95 98