605958420
2
100
265
0 2
0 5
0 6
0 8
0 11
0 13
0 14
0 15
0 23
0 26
0 41
0 51
0 57
0 67
0 79
0 82
0 83
0 96
0 18
0 39
1 2
1 3
1 4
1 6
1 8
1 10
1 11
1 13
1 18
1 20
1 23
1 31
1 38
1 48
1 63
1 66
1 34
1 5
1 16
1 40
1 65
1 84
1 88
2 3
2 4
2 5
2 7
2 9
2 10
2 15
2 16
2 17
2 18
2 22
2 32
2 35
2 37
2 49
2 50
2 56
2 68
2 69
2 70
2 74
2 75
2 90
2 96
2 98
2 14
2 21
2 36
2 62
2 77
3 7
3 9
3 34
3 36
3 40
3 54
3 55
3 58
3 60
3 81
3 84
3 89
3 53
3 24
3 35
3 48
3 57
4 16
4 43
4 47
4 80
5 12
5 57
5 67
5 95
5 74
5 96
6 14
6 17
6 19
6 59
6 65
6 73
6 11
7 19
7 25
7 50
7 52
7 71
7 78
7 85
7 55
8 25
8 37
8 76
8 26
9 20
10 29
10 43
10 81
10 66
11 12
11 21
11 22
11 24
11 27
11 31
11 42
11 45
11 55
11 61
11 62
11 73
11 94
12 24
12 28
12 29
12 30
12 40
12 42
12 44
12 45
12 47
12 49
12 52
12 58
12 68
12 86
12 97
12 54
12 76
13 20
13 21
13 56
15 26
15 70
15 77
15 23
17 41
17 92
17 98
17 26
18 60
18 90
19 36
19 51
19 91
19 94
19 87
20 28
20 39
20 77
20 90
20 93
20 26
20 86
20 97
21 84
21 56
22 71
23 27
23 51
23 52
24 44
24 48
24 76
24 95
25 74
26 33
26 79
26 88
26 99
27 30
27 32
27 56
27 71
27 86
27 87
27 54
29 53
29 61
29 47
30 33
30 34
30 46
30 54
31 80
31 90
32 54
32 72
33 91
33 77
34 35
34 38
34 46
34 65
34 49
34 98
35 38
36 47
36 63
36 73
37 39
37 87
38 62
40 45
42 48
42 83
43 71
44 79
45 69
45 99
45 54
46 95
47 59
47 87
47 81
48 64
49 53
49 64
49 66
51 75
52 87
53 82
54 87
54 92
55 83
56 80
57 99
58 89
60 99
60 78
60 93
62 88
65 78
65 68
66 85
66 93
66 94
69 72
69 87
83 97