234074806
24
100
1838
0 24
0 25
0 26
0 27
0 28
0 29
0 30
0 31
0 33
0 35
0 36
0 37
0 38
0 41
0 44
0 46
0 49
0 50
0 52
0 53
0 55
0 59
0 60
0 69
0 71
0 73
0 74
0 88
0 91
1 24
1 25
1 26
1 27
1 29
1 32
1 33
1 34
1 36
1 37
1 38
1 39
1 41
1 42
1 44
1 46
1 47
1 49
1 52
1 54
1 59
1 63
1 66
1 67
1 72
1 75
1 78
1 79
1 82
1 83
1 85
1 86
1 88
1 89
1 91
1 93
1 98
1 99
1 45
2 24
2 25
2 26
2 27
2 28
2 29
2 32
2 36
2 39
2 41
2 42
2 44
2 45
2 46
2 47
2 58
2 59
2 67
2 71
2 73
2 75
2 81
2 86
2 91
3 24
3 25
3 26
3 27
3 28
3 34
3 35
3 36
3 41
3 42
3 43
3 45
3 48
3 49
3 53
3 56
3 58
3 60
3 65
3 71
3 78
3 82
3 83
3 84
3 97
4 24
4 25
4 28
4 29
4 30
4 31
4 33
4 34
4 35
4 36
4 37
4 41
4 43
4 45
4 51
4 53
4 54
4 55
4 59
4 65
4 69
4 71
4 73
4 76
4 78
4 89
5 24
5 25
5 26
5 27
5 28
5 29
5 30
5 31
5 32
5 33
5 35
5 36
5 38
5 39
5 41
5 44
5 46
5 47
5 48
5 49
5 50
5 51
5 52
5 53
5 54
5 56
5 59
5 60
5 62
5 66
5 69
5 70
5 72
5 79
5 83
5 88
5 99
6 24
6 25
6 26
6 27
6 28
6 29
6 30
6 31
6 33
6 34
6 37
6 38
6 39
6 40
6 45
6 51
6 52
6 57
6 62
6 63
6 64
6 65
6 66
6 67
6 68
6 70
6 72
6 75
6 81
6 86
6 87
6 88
6 95
6 98
6 99
7 24
7 25
7 26
7 27
7 28
7 29
7 30
7 32
7 34
7 37
7 41
7 42
7 47
7 65
7 70
7 92
7 98
8 24
8 25
8 26
8 27
8 28
8 29
8 30
8 31
8 32
8 34
8 35
8 37
8 39
8 40
8 41
8 42
8 43
8 44
8 46
8 47
8 49
8 50
8 55
8 58
8 59
8 66
8 78
8 80
8 81
8 82
8 87
8 89
8 91
8 94
8 95
9 24
9 25
9 26
9 27
9 28
9 29
9 30
9 31
9 32
9 33
9 40
9 44
9 45
9 48
9 51
9 57
9 64
9 69
9 71
9 78
9 79
9 81
9 91
9 97
10 24
10 25
10 26
10 27
10 28
10 29
10 30
10 31
10 32
10 34
10 35
10 38
10 39
10 40
10 43
10 44
10 46
10 47
10 48
10 50
10 53
10 55
10 57
10 62
10 69
10 70
10 76
10 77
10 78
10 79
10 86
10 87
10 89
10 91
10 93
10 94
10 98
11 24
11 25
11 26
11 28
11 29
11 30
11 33
11 39
11 48
11 51
11 56
11 57
11 69
11 70
11 73
11 74
11 89
11 93
11 97
12 24
12 25
12 26
12 27
12 28
12 30
12 32
12 33
12 34
12 35
12 36
12 38
12 41
12 42
12 43
12 44
12 48
12 50
12 53
12 54
12 62
12 66
12 67
12 73
12 77
12 79
12 92
12 94
12 18
13 24
13 26
13 27
13 28
13 34
13 37
13 38
13 39
13 41
13 49
13 50
13 56
13 58
13 60
13 61
13 64
13 67
13 70
13 71
13 81
13 83
13 84
13 96
13 68
13 90
14 24
14 25
14 26
14 29
14 31
14 33
14 35
14 36
14 38
14 40
14 42
14 43
14 44
14 45
14 46
14 47
14 50
14 53
14 54
14 56
14 57
14 59
14 67
14 71
14 73
14 74
14 76
14 85
14 86
14 87
14 92
15 24
15 25
15 26
15 27
15 28
15 29
15 30
15 31
15 32
15 33
15 37
15 38
15 40
15 42
15 43
15 44
15 46
15 47
15 48
15 50
15 55
15 58
15 60
15 63
15 71
15 72
15 74
15 75
15 95
15 98
16 24
16 25
16 26
16 27
16 29
16 30
16 31
16 32
16 33
16 34
16 52
16 53
16 54
16 55
16 57
16 66
16 85
16 21
17 24
17 25
17 27
17 28
17 29
17 30
17 31
17 32
17 33
17 34
17 35
17 36
17 38
17 40
17 43
17 46
17 47
17 49
17 52
17 54
17 58
17 63
17 65
17 66
17 69
17 70
17 71
17 73
17 79
17 82
17 83
17 85
17 92
17 93
17 96
18 24
18 25
18 26
18 27
18 28
18 29
18 30
18 31
18 32
18 34
18 37
18 40
18 41
18 43
18 47
18 49
18 51
18 54
18 55
18 57
18 66
18 67
18 72
18 75
18 85
18 86
18 90
18 33
19 24
19 25
19 26
19 27
19 28
19 29
19 30
19 31
19 32
19 33
19 34
19 35
19 36
19 37
19 38
19 39
19 40
19 42
19 45
19 50
19 52
19 53
19 56
19 63
19 67
19 69
19 72
19 75
19 78
19 81
19 83
19 84
19 86
19 87
19 88
19 91
19 93
19 95
19 96
19 98
20 24
20 25
20 26
20 27
20 28
20 29
20 30
20 31
20 32
20 33
20 34
20 35
20 36
20 37
20 39
20 40
20 41
20 42
20 51
20 55
20 56
20 57
20 60
20 66
20 67
20 70
20 71
20 89
20 99
21 24
21 25
21 26
21 27
21 28
21 29
21 30
21 31
21 36
21 37
21 42
21 45
21 48
21 49
21 56
21 60
21 64
21 65
21 68
21 78
21 80
21 88
21 89
21 94
21 95
21 98
22 24
22 25
22 26
22 27
22 28
22 31
22 32
22 34
22 35
22 38
22 44
22 49
22 52
22 56
22 58
22 59
22 61
22 62
22 67
22 72
22 75
22 78
22 81
22 88
22 89
22 90
22 93
22 70
23 24
23 25
23 26
23 27
23 30
23 31
23 32
23 33
23 35
23 36
23 37
23 39
23 45
23 47
23 51
23 61
23 62
23 66
23 70
23 83
23 90
23 96
24 25
24 26
24 27
24 28
24 29
24 30
24 31
24 32
24 33
24 34
24 35
24 36
24 37
24 38
24 39
24 40
24 42
24 43
24 44
24 46
24 47
24 48
24 50
24 51
24 52
24 53
24 56
24 57
24 58
24 59
24 60
24 62
24 63
24 65
24 67
24 68
24 71
24 74
24 75
24 76
24 78
24 80
24 82
24 84
24 86
24 88
24 90
24 91
24 93
24 94
24 97
25 26
25 27
25 28
25 29
25 30
25 31
25 32
25 33
25 34
25 35
25 36
25 37
25 39
25 40
25 41
25 42
25 44
25 45
25 46
25 47
25 49
25 50
25 54
25 55
25 57
25 58
25 59
25 60
25 62
25 63
25 64
25 66
25 68
25 69
25 70
25 72
25 74
25 75
25 76
25 77
25 79
25 80
25 84
25 85
25 86
25 93
25 98
26 27
26 28
26 29
26 30
26 31
26 32
26 33
26 34
26 35
26 36
26 37
26 38
26 42
26 43
26 44
26 45
26 47
26 50
26 52
26 53
26 54
26 56
26 57
26 58
26 60
26 61
26 62
26 63
26 64
26 65
26 67
26 68
26 69
26 71
26 72
26 73
26 78
26 79
26 81
26 82
26 83
26 88
26 90
26 91
26 92
26 95
26 96
26 97
26 99
27 28
27 29
27 30
27 31
27 32
27 33
27 34
27 35
27 36
27 37
27 38
27 39
27 40
27 43
27 44
27 46
27 47
27 48
27 50
27 52
27 53
27 54
27 55
27 56
27 61
27 62
27 65
27 66
27 68
27 69
27 73
27 74
27 76
27 77
27 81
27 84
27 86
27 87
27 89
27 90
27 92
27 94
27 98
27 51
28 29
28 30
28 31
28 32
28 33
28 34
28 35
28 36
28 37
28 38
28 39
28 40
28 41
28 42
28 43
28 44
28 45
28 46
28 47
28 48
28 49
28 50
28 51
28 52
28 53
28 54
28 55
28 56
28 58
28 59
28 60
28 61
28 63
28 64
28 66
28 68
28 69
28 71
28 78
28 80
28 81
28 83
28 87
28 94
28 95
29 30
29 31
29 32
29 33
29 34
29 35
29 36
29 37
29 38
29 39
29 40
29 41
29 42
29 43
29 45
29 47
29 48
29 52
29 53
29 54
29 55
29 57
29 59
29 61
29 62
29 63
29 64
29 69
29 71
29 72
29 73
29 75
29 76
29 81
29 83
29 84
29 86
29 88
29 93
29 96
30 31
30 32
30 33
30 34
30 35
30 36
30 38
30 39
30 40
30 41
30 42
30 43
30 44
30 45
30 46
30 48
30 49
30 50
30 51
30 53
30 56
30 57
30 58
30 59
30 60
30 61
30 67
30 68
30 73
30 75
30 77
30 79
30 82
30 83
30 84
30 85
30 87
30 90
30 94
30 97
30 98
31 32
31 33
31 35
31 36
31 37
31 38
31 39
31 40
31 41
31 43
31 45
31 46
31 47
31 49
31 50
31 51
31 53
31 55
31 58
31 60
31 61
31 62
31 63
31 68
31 69
31 76
31 78
31 79
31 80
31 81
31 82
31 85
31 91
31 95
31 96
32 33
32 34
32 35
32 36
32 37
32 38
32 39
32 40
32 42
32 43
32 44
32 45
32 46
32 47
32 48
32 49
32 50
32 52
32 56
32 57
32 60
32 61
32 62
32 64
32 66
32 68
32 70
32 72
32 75
32 76
32 79
32 83
32 85
32 86
32 88
32 89
32 90
32 95
32 96
33 34
33 35
33 37
33 38
33 39
33 40
33 41
33 42
33 43
33 44
33 45
33 46
33 47
33 51
33 53
33 55
33 57
33 59
33 62
33 63
33 64
33 65
33 73
33 75
33 76
33 78
33 81
33 83
33 84
33 86
33 90
33 91
33 92
33 93
33 97
33 98
34 35
34 36
34 37
34 39
34 40
34 41
34 42
34 43
34 46
34 48
34 49
34 51
34 57
34 59
34 63
34 64
34 65
34 68
34 70
34 73
34 74
34 79
34 80
34 87
34 94
34 97
35 36
35 38
35 39
35 40
35 41
35 43
35 44
35 45
35 46
35 48
35 49
35 50
35 52
35 53
35 54
35 56
35 62
35 65
35 71
35 72
35 73
35 74
35 76
35 78
35 79
35 81
35 82
35 87
35 99
36 37
36 38
36 39
36 40
36 41
36 42
36 43
36 45
36 46
36 48
36 51
36 52
36 55
36 56
36 57
36 60
36 62
36 64
36 65
36 69
36 72
36 76
36 77
36 87
36 98
37 38
37 40
37 41
37 44
37 45
37 46
37 49
37 51
37 53
37 54
37 55
37 56
37 57
37 58
37 59
37 62
37 63
37 65
37 69
37 74
37 79
37 90
37 91
37 94
37 99
37 73
38 39
38 43
38 48
38 50
38 51
38 55
38 56
38 57
38 58
38 59
38 60
38 61
38 64
38 67
38 68
38 70
38 72
38 73
38 74
38 75
38 77
38 78
38 82
38 85
38 89
38 90
38 98
39 40
39 41
39 42
39 44
39 45
39 46
39 47
39 49
39 51
39 52
39 53
39 54
39 55
39 56
39 57
39 58
39 60
39 63
39 66
39 67
39 72
39 74
39 76
39 77
39 78
39 79
39 82
39 84
39 87
39 89
39 92
39 94
39 95
39 97
39 98
40 41
40 42
40 43
40 44
40 45
40 46
40 48
40 49
40 52
40 54
40 56
40 58
40 60
40 63
40 67
40 70
40 72
40 74
40 77
40 78
40 80
40 81
40 83
40 84
40 85
40 87
40 88
40 91
40 92
40 94
40 97
40 65
41 42
41 43
41 44
41 45
41 48
41 51
41 52
41 53
41 54
41 55
41 56
41 58
41 59
41 61
41 68
41 69
41 72
41 75
41 77
41 79
41 84
41 86
41 88
41 90
41 91
41 95
41 99
42 49
42 55
42 57
42 62
42 63
42 67
42 73
42 74
42 75
42 77
42 84
42 87
42 89
42 92
42 93
42 94
42 95
42 96
43 45
43 46
43 47
43 48
43 53
43 54
43 55
43 57
43 61
43 63
43 64
43 65
43 67
43 73
43 79
43 80
43 81
43 82
43 83
43 84
43 90
43 92
43 94
43 99
43 77
44 48
44 49
44 52
44 53
44 54
44 57
44 63
44 65
44 67
44 71
44 73
44 77
44 80
44 82
44 84
44 96
45 47
45 48
45 49
45 50
45 51
45 52
45 54
45 55
45 58
45 60
45 63
45 64
45 73
45 76
45 82
45 84
45 87
45 88
45 89
45 92
45 95
45 98
45 99
46 47
46 48
46 50
46 51
46 52
46 56
46 59
46 66
46 72
46 73
46 74
46 80
46 81
46 85
46 88
46 90
46 96
46 60
47 50
47 51
47 52
47 58
47 62
47 64
47 65
47 68
47 69
47 70
47 77
47 80
47 81
47 82
47 84
47 85
47 88
47 90
47 91
47 93
47 94
47 95
47 99
48 49
48 50
48 54
48 58
48 59
48 61
48 62
48 63
48 64
48 66
48 67
48 68
48 69
48 70
48 71
48 74
48 77
48 83
48 86
48 87
48 89
48 90
48 93
48 97
48 98
49 50
49 51
49 54
49 58
49 61
49 62
49 64
49 68
49 70
49 71
49 75
49 82
49 83
49 89
49 92
49 96
49 99
50 51
50 54
50 55
50 59
50 61
50 65
50 68
50 76
50 80
50 81
50 82
50 83
50 84
50 86
50 93
50 96
50 98
51 52
51 53
51 55
51 59
51 60
51 61
51 65
51 74
51 75
51 80
51 86
51 91
51 92
51 94
51 96
52 58
52 61
52 70
52 80
52 85
52 89
53 56
53 65
53 66
53 69
53 71
53 73
53 76
53 77
53 78
53 80
53 81
54 57
54 60
54 61
54 64
54 65
54 66
54 68
54 70
54 75
54 77
54 85
54 92
54 93
54 99
55 59
55 63
55 64
55 71
55 73
55 74
55 75
55 78
55 80
55 81
55 99
56 58
56 60
56 61
56 67
56 68
56 70
56 76
56 77
56 82
56 85
56 86
56 87
56 88
56 90
56 92
56 97
56 99
57 59
57 61
57 62
57 64
57 66
57 68
57 69
57 71
57 72
57 78
57 79
57 80
57 82
57 89
57 92
57 99
58 60
58 61
58 63
58 66
58 68
58 70
58 77
58 85
58 87
58 88
58 93
58 96
58 97
59 60
59 61
59 62
59 64
59 65
59 67
59 69
59 71
59 72
59 73
59 76
59 79
59 82
59 84
59 97
59 98
59 99
60 61
60 63
60 64
60 66
60 67
60 68
60 74
60 80
60 83
60 90
60 72
61 62
61 66
61 69
61 74
61 75
61 83
61 85
61 92
62 64
62 65
62 67
62 73
62 74
62 76
62 77
62 88
62 93
62 97
63 72
63 76
63 79
63 81
63 82
63 84
63 85
63 86
63 87
63 88
63 91
64 65
64 72
64 74
64 77
64 80
64 88
64 92
64 93
64 94
65 66
65 74
65 76
65 79
65 87
65 94
66 68
66 69
66 70
66 71
66 78
66 86
66 99
67 68
67 70
67 75
67 79
67 80
67 88
67 91
67 92
67 95
67 99
68 72
68 76
68 81
68 85
68 87
68 90
68 91
68 92
68 93
68 97
69 70
69 71
69 72
69 76
69 80
69 84
69 96
69 98
70 75
70 86
70 90
70 93
70 97
70 83
71 75
71 76
71 77
71 82
71 85
71 87
71 88
71 93
71 94
71 97
72 74
72 79
72 80
72 89
72 96
73 78
73 80
73 85
73 86
73 90
73 91
73 96
74 77
74 83
74 84
74 99
75 77
75 81
75 86
75 91
75 92
75 97
76 77
76 82
76 83
76 93
76 96
77 78
77 90
77 94
77 95
77 97
77 99
78 79
78 87
78 89
78 91
78 93
78 94
78 95
78 97
79 82
79 83
79 84
79 85
79 94
79 96
80 89
80 95
80 96
80 97
80 99
81 86
81 87
81 92
81 95
81 98
82 83
82 84
82 91
82 93
82 96
82 97
83 85
83 89
84 91
85 89
85 90
86 96
86 97
86 99
87 88
87 89
87 95
87 98
88 90
88 94
88 95
89 92
89 95
89 96
89 98
92 95
92 98
93 94
94 95
96 98
98 99