888314172
40
100
2418
0 40
0 41
0 42
0 43
0 44
0 45
0 46
0 47
0 48
0 49
0 51
0 52
0 53
0 54
0 55
0 56
0 58
0 59
0 60
0 61
0 64
0 72
0 73
0 75
0 78
0 79
0 84
0 87
0 90
0 93
0 34
1 40
1 41
1 42
1 43
1 45
1 46
1 47
1 48
1 50
1 51
1 52
1 54
1 55
1 56
1 57
1 58
1 59
1 61
1 63
1 65
1 66
1 67
1 69
1 71
1 76
1 81
1 84
1 88
1 97
2 40
2 41
2 42
2 43
2 44
2 45
2 46
2 47
2 48
2 49
2 50
2 52
2 54
2 56
2 57
2 58
2 60
2 61
2 63
2 65
2 66
2 67
2 72
2 73
2 75
2 79
2 80
2 81
2 82
2 83
2 87
2 88
2 91
2 92
2 94
2 95
2 98
2 33
3 40
3 41
3 43
3 44
3 45
3 46
3 47
3 48
3 49
3 50
3 51
3 52
3 53
3 54
3 55
3 56
3 57
3 58
3 59
3 60
3 61
3 62
3 64
3 65
3 66
3 68
3 69
3 70
3 71
3 75
3 76
3 79
3 81
3 82
3 83
3 86
3 91
3 98
4 40
4 41
4 42
4 43
4 44
4 45
4 46
4 47
4 48
4 49
4 50
4 51
4 52
4 53
4 54
4 56
4 57
4 58
4 59
4 62
4 63
4 67
4 69
4 75
4 77
4 80
4 90
4 93
4 96
4 73
5 40
5 41
5 44
5 45
5 47
5 49
5 50
5 51
5 53
5 54
5 55
5 57
5 58
5 60
5 61
5 63
5 66
5 72
5 78
5 83
5 87
5 88
5 94
5 98
5 99
6 40
6 41
6 42
6 43
6 44
6 45
6 46
6 47
6 48
6 49
6 52
6 53
6 54
6 55
6 60
6 64
6 65
6 66
6 67
6 68
6 72
6 74
6 77
6 78
6 81
6 87
6 90
6 94
7 40
7 41
7 42
7 43
7 44
7 46
7 47
7 48
7 49
7 51
7 55
7 56
7 58
7 59
7 60
7 65
7 68
7 76
7 85
7 90
7 92
7 97
7 10
8 40
8 41
8 42
8 44
8 45
8 46
8 47
8 48
8 49
8 52
8 53
8 56
8 60
8 61
8 64
8 66
8 67
8 70
8 74
8 75
8 76
8 78
8 79
8 83
8 85
8 91
8 92
8 99
9 40
9 41
9 42
9 43
9 44
9 46
9 48
9 49
9 50
9 54
9 55
9 57
9 58
9 59
9 61
9 63
9 64
9 70
9 71
9 73
9 75
9 77
9 80
9 81
9 84
9 86
9 89
9 96
9 97
9 98
10 40
10 41
10 42
10 43
10 46
10 47
10 49
10 51
10 52
10 53
10 54
10 55
10 57
10 58
10 59
10 64
10 65
10 70
10 71
10 72
10 73
10 75
10 79
10 81
10 83
10 85
10 86
10 87
10 93
10 94
10 95
10 96
10 97
11 40
11 41
11 42
11 43
11 44
11 45
11 46
11 47
11 48
11 49
11 53
11 54
11 55
11 59
11 60
11 63
11 64
11 65
11 68
11 79
11 82
11 85
11 89
11 92
11 96
11 98
11 99
11 58
12 40
12 41
12 42
12 43
12 45
12 48
12 49
12 51
12 52
12 53
12 54
12 55
12 56
12 57
12 58
12 61
12 62
12 63
12 66
12 69
12 70
12 72
12 73
12 74
12 76
12 77
12 79
12 80
12 82
12 88
12 89
12 92
12 95
12 96
12 99
13 40
13 41
13 42
13 43
13 44
13 45
13 46
13 48
13 51
13 53
13 54
13 57
13 58
13 65
13 68
13 73
13 77
13 79
13 81
13 82
13 90
13 91
13 92
13 94
14 40
14 41
14 42
14 43
14 44
14 45
14 46
14 47
14 49
14 50
14 51
14 53
14 56
14 57
14 59
14 61
14 62
14 65
14 69
14 72
14 73
14 78
14 79
14 80
14 81
14 83
14 84
14 85
14 87
14 88
14 93
14 95
14 98
15 40
15 41
15 42
15 43
15 44
15 45
15 46
15 47
15 48
15 49
15 50
15 51
15 52
15 54
15 56
15 58
15 59
15 61
15 62
15 63
15 64
15 65
15 67
15 68
15 69
15 71
15 73
15 74
15 76
15 77
15 81
15 83
15 86
15 87
15 89
15 91
15 92
15 96
16 40
16 41
16 42
16 43
16 44
16 46
16 47
16 48
16 49
16 50
16 52
16 53
16 54
16 55
16 56
16 57
16 59
16 60
16 62
16 63
16 64
16 70
16 73
16 74
16 76
16 78
16 79
16 81
16 82
16 83
16 86
16 87
16 91
16 92
16 94
16 96
17 40
17 41
17 42
17 43
17 44
17 45
17 46
17 47
17 48
17 49
17 50
17 51
17 52
17 54
17 56
17 57
17 58
17 59
17 60
17 61
17 62
17 64
17 65
17 66
17 69
17 70
17 72
17 75
17 76
17 77
17 78
17 81
17 84
17 87
17 89
17 95
17 97
17 98
17 99
17 71
17 36
18 40
18 41
18 42
18 43
18 44
18 45
18 46
18 48
18 49
18 50
18 51
18 52
18 53
18 54
18 55
18 58
18 59
18 60
18 61
18 62
18 63
18 66
18 68
18 70
18 72
18 73
18 76
18 77
18 78
18 80
18 82
18 86
18 87
18 89
18 91
18 93
18 94
18 98
19 40
19 41
19 42
19 43
19 44
19 45
19 47
19 48
19 50
19 51
19 52
19 55
19 56
19 59
19 61
19 62
19 64
19 65
19 67
19 71
19 79
19 80
19 83
19 85
19 91
19 93
19 95
20 40
20 41
20 42
20 43
20 44
20 45
20 46
20 47
20 48
20 50
20 51
20 55
20 58
20 61
20 64
20 67
20 69
20 70
20 73
20 74
20 86
20 87
20 88
20 89
21 40
21 41
21 42
21 43
21 44
21 45
21 46
21 47
21 48
21 49
21 50
21 51
21 52
21 53
21 55
21 56
21 57
21 59
21 62
21 63
21 66
21 68
21 69
21 71
21 73
21 75
21 76
21 77
21 81
21 85
21 86
21 89
21 93
21 97
21 99
22 40
22 41
22 42
22 43
22 45
22 47
22 49
22 50
22 51
22 53
22 54
22 55
22 56
22 57
22 59
22 60
22 61
22 63
22 66
22 67
22 71
22 76
22 77
22 81
22 82
22 88
22 90
22 91
22 93
22 95
23 40
23 41
23 42
23 44
23 46
23 47
23 50
23 51
23 53
23 54
23 62
23 66
23 68
23 74
23 83
23 86
23 88
23 94
23 89
24 40
24 41
24 42
24 43
24 44
24 45
24 46
24 47
24 48
24 49
24 50
24 51
24 52
24 53
24 55
24 56
24 57
24 61
24 62
24 63
24 66
24 67
24 69
24 72
24 75
24 80
24 81
24 84
24 86
24 99
25 40
25 41
25 42
25 43
25 44
25 45
25 46
25 47
25 51
25 52
25 55
25 56
25 57
25 58
25 63
25 64
25 65
25 67
25 70
25 74
25 79
25 83
25 84
25 87
25 88
25 90
25 93
25 94
25 95
25 97
26 40
26 41
26 42
26 43
26 44
26 45
26 47
26 48
26 50
26 51
26 53
26 54
26 58
26 60
26 65
26 67
26 68
26 70
26 71
26 73
26 77
26 78
26 81
26 82
26 84
26 85
26 86
26 87
26 88
26 94
26 95
26 96
26 97
27 40
27 41
27 42
27 43
27 44
27 45
27 46
27 48
27 49
27 50
27 52
27 54
27 55
27 57
27 59
27 60
27 61
27 62
27 63
27 67
27 68
27 69
27 70
27 71
27 73
27 75
27 77
27 78
27 83
27 84
27 87
27 93
27 94
27 98
27 99
28 40
28 41
28 42
28 43
28 44
28 45
28 46
28 47
28 49
28 50
28 52
28 53
28 54
28 56
28 59
28 60
28 62
28 63
28 64
28 65
28 67
28 78
28 79
28 81
28 82
28 85
28 88
28 90
28 91
28 94
28 97
28 98
29 40
29 41
29 42
29 43
29 44
29 45
29 46
29 47
29 48
29 49
29 53
29 55
29 57
29 59
29 62
29 64
29 72
29 75
29 78
29 87
29 90
29 91
29 93
29 98
30 40
30 42
30 43
30 44
30 45
30 46
30 48
30 50
30 51
30 52
30 53
30 61
30 62
30 63
30 64
30 66
30 67
30 69
30 71
30 78
30 82
30 83
30 84
30 86
30 87
30 89
30 91
30 93
30 94
30 95
30 97
30 68
31 40
31 41
31 42
31 43
31 44
31 45
31 46
31 47
31 48
31 49
31 50
31 52
31 53
31 54
31 56
31 57
31 58
31 60
31 61
31 62
31 63
31 65
31 66
31 67
31 69
31 71
31 72
31 73
31 74
31 75
31 76
31 79
31 81
31 82
31 85
31 86
31 88
31 92
31 95
31 97
31 98
32 40
32 41
32 42
32 43
32 44
32 45
32 46
32 47
32 48
32 49
32 50
32 51
32 52
32 53
32 55
32 57
32 58
32 59
32 60
32 61
32 62
32 63
32 65
32 67
32 68
32 72
32 73
32 76
32 77
32 80
32 84
32 85
32 86
32 88
32 90
32 98
32 99
33 40
33 41
33 42
33 43
33 44
33 45
33 48
33 49
33 50
33 51
33 52
33 54
33 55
33 56
33 57
33 60
33 62
33 63
33 68
33 70
33 71
33 74
33 75
33 78
33 80
33 90
33 92
33 97
34 40
34 41
34 42
34 43
34 44
34 45
34 46
34 47
34 49
34 50
34 51
34 52
34 53
34 54
34 56
34 60
34 62
34 63
34 64
34 66
34 67
34 68
34 69
34 71
34 80
34 82
34 84
34 90
34 91
34 92
35 40
35 41
35 42
35 43
35 44
35 45
35 46
35 47
35 48
35 49
35 50
35 51
35 52
35 53
35 55
35 58
35 69
35 72
35 75
35 80
35 81
35 85
35 95
35 97
35 63
36 40
36 41
36 42
36 43
36 44
36 45
36 46
36 47
36 48
36 50
36 52
36 53
36 54
36 56
36 57
36 61
36 68
36 81
36 82
36 83
36 85
36 89
36 91
36 92
36 93
37 40
37 41
37 42
37 43
37 44
37 45
37 46
37 47
37 48
37 49
37 50
37 51
37 54
37 55
37 56
37 57
37 58
37 59
37 60
37 62
37 63
37 64
37 66
37 68
37 69
37 70
37 73
37 74
37 76
37 77
37 81
37 84
37 89
37 90
37 91
37 92
37 96
37 99
38 40
38 41
38 42
38 43
38 44
38 45
38 46
38 47
38 48
38 49
38 50
38 51
38 52
38 53
38 54
38 55
38 57
38 58
38 60
38 62
38 65
38 69
38 72
38 74
38 80
38 83
38 84
38 89
38 97
38 98
39 40
39 41
39 42
39 43
39 44
39 45
39 46
39 47
39 48
39 49
39 50
39 51
39 52
39 56
39 57
39 58
39 59
39 62
39 64
39 65
39 68
39 69
39 70
39 71
39 72
39 74
39 78
39 85
39 91
39 95
40 41
40 42
40 43
40 44
40 45
40 46
40 47
40 48
40 49
40 50
40 51
40 52
40 53
40 54
40 55
40 56
40 57
40 58
40 59
40 60
40 61
40 62
40 63
40 64
40 67
40 69
40 70
40 71
40 72
40 74
40 75
40 76
40 77
40 78
40 79
40 80
40 83
40 84
40 85
40 86
40 87
40 88
40 89
40 91
40 93
40 94
40 95
40 96
40 97
41 42
41 43
41 44
41 45
41 46
41 47
41 48
41 49
41 50
41 51
41 52
41 53
41 54
41 55
41 56
41 57
41 58
41 59
41 60
41 61
41 62
41 63
41 65
41 66
41 67
41 69
41 70
41 71
41 72
41 73
41 74
41 76
41 77
41 78
41 80
41 82
41 84
41 86
41 87
41 88
41 90
41 91
41 93
41 96
41 97
41 98
41 99
41 83
42 43
42 44
42 45
42 46
42 47
42 48
42 49
42 50
42 51
42 52
42 53
42 54
42 55
42 56
42 57
42 58
42 59
42 60
42 61
42 62
42 63
42 64
42 65
42 66
42 67
42 68
42 69
42 70
42 71
42 72
42 73
42 74
42 75
42 77
42 78
42 79
42 81
42 82
42 83
42 84
42 85
42 87
42 88
42 89
42 91
42 94
42 95
42 97
42 98
42 99
43 44
43 45
43 46
43 47
43 48
43 49
43 50
43 51
43 52
43 53
43 54
43 55
43 56
43 58
43 59
43 60
43 61
43 62
43 64
43 65
43 66
43 67
43 68
43 69
43 71
43 72
43 73
43 74
43 75
43 76
43 78
43 79
43 80
43 81
43 82
43 83
43 85
43 86
43 87
43 88
43 89
43 90
43 91
43 93
43 96
43 98
43 99
44 45
44 46
44 47
44 48
44 49
44 50
44 51
44 52
44 53
44 54
44 55
44 56
44 57
44 58
44 59
44 60
44 61
44 62
44 63
44 64
44 66
44 67
44 68
44 69
44 70
44 72
44 73
44 76
44 77
44 78
44 79
44 80
44 82
44 83
44 84
44 85
44 86
44 87
44 88
44 92
44 94
44 96
44 99
45 46
45 47
45 48
45 49
45 50
45 51
45 52
45 53
45 54
45 55
45 56
45 57
45 58
45 59
45 60
45 62
45 63
45 64
45 65
45 66
45 67
45 68
45 69
45 70
45 71
45 72
45 73
45 74
45 75
45 76
45 80
45 81
45 82
45 83
45 84
45 85
45 86
45 89
45 91
45 92
45 93
45 94
45 95
45 98
45 99
46 47
46 48
46 49
46 50
46 51
46 52
46 53
46 55
46 56
46 57
46 58
46 59
46 60
46 61
46 62
46 63
46 64
46 66
46 67
46 68
46 69
46 70
46 71
46 72
46 73
46 74
46 75
46 76
46 77
46 78
46 79
46 80
46 81
46 83
46 84
46 86
46 89
46 92
46 93
46 96
46 98
46 99
46 90
47 48
47 49
47 50
47 51
47 52
47 53
47 54
47 55
47 56
47 57
47 58
47 59
47 60
47 62
47 63
47 64
47 65
47 66
47 67
47 68
47 69
47 70
47 73
47 74
47 75
47 76
47 77
47 79
47 80
47 81
47 82
47 83
47 84
47 85
47 86
47 88
47 90
47 91
47 92
47 95
47 96
47 98
47 99
48 49
48 50
48 51
48 52
48 53
48 54
48 55
48 56
48 57
48 58
48 59
48 60
48 61
48 62
48 63
48 64
48 65
48 66
48 68
48 69
48 70
48 71
48 72
48 73
48 74
48 75
48 76
48 77
48 79
48 80
48 81
48 82
48 83
48 84
48 85
48 87
48 88
48 90
48 95
48 96
48 97
48 98
48 99
49 50
49 51
49 52
49 53
49 54
49 55
49 56
49 57
49 58
49 59
49 60
49 61
49 63
49 64
49 66
49 67
49 68
49 69
49 70
49 71
49 72
49 74
49 75
49 77
49 78
49 79
49 80
49 81
49 83
49 84
49 87
49 88
49 89
49 90
49 93
49 95
49 99
50 51
50 52
50 53
50 54
50 55
50 56
50 57
50 58
50 59
50 60
50 61
50 62
50 63
50 64
50 65
50 66
50 67
50 68
50 69
50 70
50 73
50 74
50 75
50 78
50 79
50 80
50 81
50 82
50 83
50 87
50 89
50 94
50 95
50 97
50 99
51 52
51 53
51 54
51 55
51 56
51 57
51 58
51 59
51 60
51 61
51 62
51 63
51 64
51 65
51 66
51 67
51 68
51 69
51 70
51 71
51 72
51 73
51 74
51 75
51 76
51 77
51 78
51 79
51 80
51 81
51 83
51 84
51 86
51 87
51 88
51 89
51 90
51 91
51 92
51 94
51 96
52 53
52 54
52 55
52 56
52 57
52 58
52 59
52 60
52 61
52 62
52 64
52 65
52 66
52 67
52 71
52 72
52 73
52 74
52 75
52 76
52 77
52 78
52 79
52 80
52 81
52 82
52 83
52 85
52 87
52 89
52 90
52 91
52 92
52 93
52 94
52 95
52 97
52 99
53 54
53 55
53 56
53 57
53 58
53 59
53 60
53 61
53 62
53 63
53 64
53 65
53 66
53 67
53 69
53 70
53 71
53 72
53 74
53 75
53 77
53 80
53 82
53 85
53 88
53 89
53 90
53 93
53 95
53 96
54 55
54 56
54 57
54 58
54 59
54 60
54 61
54 63
54 64
54 65
54 66
54 67
54 68
54 69
54 70
54 71
54 72
54 74
54 75
54 76
54 77
54 78
54 79
54 82
54 84
54 85
54 86
54 87
54 88
54 89
54 90
54 91
54 92
54 94
54 95
54 98
55 56
55 57
55 58
55 59
55 60
55 61
55 64
55 65
55 66
55 67
55 68
55 69
55 70
55 71
55 72
55 74
55 75
55 76
55 77
55 79
55 82
55 84
55 85
55 86
55 88
55 89
55 90
55 93
55 94
55 95
55 98
55 99
56 60
56 61
56 64
56 65
56 66
56 67
56 68
56 70
56 71
56 72
56 73
56 76
56 77
56 79
56 80
56 85
56 89
56 90
56 92
56 93
56 94
56 97
56 98
57 58
57 59
57 61
57 62
57 63
57 65
57 66
57 67
57 70
57 71
57 72
57 73
57 74
57 76
57 77
57 78
57 79
57 80
57 81
57 82
57 83
57 84
57 86
57 88
57 89
57 91
57 92
57 93
57 95
57 96
57 99
57 94
58 59
58 60
58 61
58 63
58 64
58 65
58 66
58 67
58 68
58 70
58 72
58 73
58 74
58 77
58 78
58 80
58 81
58 82
58 83
58 84
58 85
58 87
58 88
58 89
58 94
58 95
59 60
59 61
59 62
59 63
59 65
59 66
59 67
59 68
59 70
59 72
59 73
59 75
59 76
59 77
59 79
59 80
59 82
59 85
59 87
59 88
59 89
59 92
59 94
59 95
59 96
59 97
59 99
60 61
60 62
60 64
60 65
60 68
60 70
60 71
60 72
60 73
60 74
60 76
60 78
60 79
60 80
60 81
60 82
60 83
60 84
60 86
60 88
60 89
60 90
60 92
60 93
60 95
60 97
61 62
61 63
61 64
61 65
61 66
61 68
61 69
61 70
61 71
61 72
61 75
61 78
61 79
61 84
61 90
61 91
61 92
61 93
61 94
61 96
61 98
61 99
62 63
62 64
62 65
62 66
62 67
62 68
62 69
62 70
62 71
62 72
62 74
62 75
62 76
62 77
62 78
62 79
62 80
62 83
62 85
62 90
62 91
62 94
62 95
62 96
62 99
63 64
63 65
63 66
63 68
63 69
63 71
63 73
63 74
63 78
63 81
63 86
63 87
63 89
63 91
63 92
63 95
63 96
63 97
63 98
64 65
64 67
64 68
64 69
64 71
64 72
64 73
64 75
64 77
64 82
64 87
64 88
64 89
64 94
64 96
64 98
65 66
65 68
65 70
65 74
65 75
65 76
65 77
65 78
65 79
65 82
65 84
65 85
65 93
65 95
66 67
66 68
66 69
66 70
66 71
66 73
66 74
66 75
66 76
66 77
66 78
66 79
66 80
66 82
66 84
66 87
66 88
66 89
66 90
66 91
66 92
66 93
66 99
67 68
67 69
67 70
67 71
67 73
67 74
67 75
67 76
67 78
67 79
67 80
67 82
67 83
67 84
67 85
67 90
67 92
67 95
67 96
67 97
67 99
68 69
68 71
68 72
68 74
68 75
68 76
68 78
68 81
68 82
68 83
68 85
68 86
68 87
68 88
68 91
68 92
68 94
68 96
68 97
69 70
69 71
69 72
69 75
69 76
69 78
69 80
69 81
69 83
69 87
69 89
69 92
69 93
69 95
69 97
70 71
70 73
70 76
70 77
70 78
70 79
70 80
70 81
70 82
70 86
70 87
70 90
70 93
70 96
70 97
70 98
70 70
71 73
71 74
71 77
71 81
71 82
71 83
71 87
71 92
71 95
71 96
71 97
71 98
72 73
72 74
72 76
72 77
72 78
72 80
72 82
72 84
72 85
72 86
72 91
72 93
72 95
72 96
72 97
72 98
72 99
73 74
73 75
73 76
73 77
73 79
73 80
73 84
73 85
73 89
73 90
73 91
73 92
73 93
73 96
73 97
73 87
74 75
74 76
74 77
74 78
74 82
74 83
74 86
74 89
74 90
74 91
74 96
74 98
74 99
75 83
75 84
75 85
75 86
75 87
75 89
75 90
75 94
75 95
75 96
76 79
76 80
76 81
76 83
76 88
76 89
76 90
76 91
76 92
76 93
76 94
76 99
77 83
77 86
77 88
77 89
77 90
77 93
77 98
78 79
78 82
78 86
78 87
78 88
78 90
78 92
78 93
78 94
78 97
79 80
79 81
79 85
79 86
79 88
79 91
79 92
79 99
80 84
80 85
80 86
80 87
80 88
80 91
80 93
80 94
80 97
80 98
81 84
81 85
81 86
81 87
81 99
82 83
82 84
82 85
82 86
82 88
82 90
82 92
82 93
82 94
82 98
82 99
82 91
83 84
83 85
83 86
83 91
83 94
83 95
83 96
83 92
84 88
84 89
84 90
84 91
84 94
84 96
84 97
84 98
84 99
85 86
85 88
85 93
85 98
85 99
86 89
86 90
86 92
86 93
86 96
87 90
87 96
87 98
88 92
88 93
88 94
88 96
88 97
88 98
88 99
89 92
89 94
89 95
89 96
89 97
90 91
90 94
90 98
90 99
91 92
91 99
92 94
92 95
92 96
92 97
93 94
93 96
94 95
94 97
94 98
95 97
95 99
96 97