127819111
27
100
2004
0 27
0 29
0 31
0 33
0 35
0 36
0 37
0 39
0 40
0 43
0 45
0 48
0 50
0 51
0 62
0 65
0 69
0 70
0 71
0 72
0 77
0 86
0 95
0 98
1 27
1 28
1 29
1 30
1 31
1 32
1 33
1 34
1 39
1 40
1 41
1 44
1 46
1 48
1 52
1 53
1 55
1 56
1 57
1 58
1 60
1 62
1 70
1 75
1 77
1 93
1 94
2 27
2 28
2 33
2 39
2 40
2 44
2 49
2 56
2 57
2 58
2 70
2 73
2 75
2 78
2 83
2 87
2 97
2 98
3 27
3 28
3 29
3 30
3 31
3 32
3 33
3 34
3 35
3 37
3 38
3 39
3 40
3 42
3 44
3 46
3 48
3 50
3 51
3 56
3 57
3 59
3 60
3 61
3 62
3 64
3 68
3 69
3 71
3 80
3 81
3 82
3 83
3 90
3 55
3 58
4 27
4 28
4 29
4 30
4 31
4 32
4 33
4 34
4 36
4 37
4 38
4 39
4 40
4 41
4 43
4 44
4 45
4 49
4 52
4 53
4 54
4 60
4 61
4 62
4 63
4 68
4 70
4 73
4 74
4 77
4 78
4 81
4 89
4 90
5 27
5 28
5 29
5 30
5 31
5 32
5 35
5 36
5 37
5 43
5 50
5 54
5 61
5 64
5 74
5 77
5 78
5 81
5 84
5 93
5 98
6 27
6 28
6 29
6 30
6 31
6 32
6 33
6 34
6 35
6 37
6 42
6 44
6 54
6 55
6 56
6 58
6 59
6 61
6 66
6 70
6 74
6 82
6 90
6 91
6 95
6 98
6 85
7 27
7 28
7 29
7 30
7 31
7 32
7 34
7 35
7 36
7 37
7 38
7 39
7 41
7 42
7 43
7 44
7 45
7 46
7 47
7 53
7 54
7 55
7 56
7 58
7 61
7 62
7 65
7 66
7 76
7 78
7 79
7 80
8 27
8 28
8 29
8 30
8 31
8 32
8 33
8 34
8 35
8 36
8 37
8 39
8 40
8 41
8 42
8 43
8 44
8 48
8 50
8 54
8 55
8 59
8 65
8 66
8 67
8 70
8 91
8 94
8 11
9 27
9 28
9 30
9 33
9 34
9 35
9 36
9 37
9 40
9 43
9 45
9 47
9 48
9 49
9 51
9 52
9 55
9 59
9 62
9 66
9 70
9 72
9 76
9 77
9 85
9 89
9 90
9 95
9 98
9 50
10 27
10 28
10 29
10 30
10 31
10 32
10 33
10 35
10 36
10 38
10 39
10 40
10 41
10 43
10 46
10 49
10 51
10 53
10 54
10 55
10 56
10 59
10 61
10 62
10 63
10 67
10 69
10 72
10 76
10 84
10 95
10 34
11 27
11 28
11 29
11 30
11 31
11 32
11 35
11 36
11 37
11 38
11 40
11 43
11 44
11 45
11 46
11 47
11 48
11 51
11 57
11 58
11 59
11 60
11 66
11 67
11 69
11 74
11 75
11 77
11 79
11 80
11 82
11 86
11 88
11 90
12 27
12 28
12 29
12 30
12 31
12 32
12 33
12 34
12 35
12 36
12 37
12 38
12 39
12 43
12 47
12 48
12 50
12 51
12 53
12 56
12 65
12 68
12 76
12 81
12 82
12 95
12 98
12 64
13 27
13 28
13 29
13 30
13 31
13 32
13 33
13 34
13 35
13 36
13 37
13 38
13 39
13 42
13 46
13 47
13 48
13 52
13 54
13 58
13 63
13 64
13 68
13 70
13 75
13 76
13 80
13 82
13 84
13 87
13 88
14 27
14 28
14 29
14 30
14 31
14 32
14 33
14 34
14 36
14 38
14 41
14 42
14 43
14 48
14 49
14 54
14 56
14 58
14 61
14 64
14 65
14 66
14 67
14 71
14 72
14 73
14 74
14 87
14 92
14 94
14 95
14 35
14 81
15 27
15 28
15 29
15 30
15 31
15 33
15 34
15 35
15 37
15 38
15 41
15 42
15 44
15 45
15 46
15 47
15 48
15 49
15 50
15 51
15 56
15 60
15 76
15 77
15 85
15 86
15 90
15 93
15 97
16 27
16 28
16 29
16 30
16 31
16 32
16 33
16 34
16 35
16 41
16 42
16 43
16 47
16 50
16 52
16 53
16 58
16 68
16 69
16 70
16 71
16 73
16 75
16 86
16 90
16 93
16 99
17 27
17 28
17 29
17 30
17 31
17 32
17 33
17 34
17 36
17 37
17 39
17 40
17 44
17 45
17 47
17 48
17 50
17 51
17 56
17 64
17 71
17 72
17 73
17 77
17 78
17 79
17 80
17 81
17 84
17 92
17 93
17 96
17 97
18 27
18 28
18 29
18 30
18 31
18 32
18 34
18 35
18 39
18 40
18 41
18 42
18 44
18 50
18 57
18 68
18 74
18 80
18 87
18 90
18 73
19 27
19 28
19 29
19 30
19 32
19 33
19 34
19 37
19 38
19 39
19 41
19 43
19 45
19 49
19 50
19 51
19 55
19 58
19 63
19 65
19 73
19 80
19 83
19 86
19 87
19 97
19 98
20 27
20 28
20 29
20 30
20 31
20 32
20 33
20 34
20 35
20 36
20 37
20 38
20 40
20 43
20 45
20 48
20 53
20 54
20 62
20 69
20 81
20 91
20 92
20 63
21 27
21 28
21 29
21 30
21 31
21 32
21 33
21 34
21 35
21 36
21 40
21 45
21 46
21 52
21 61
21 63
21 67
21 72
21 75
21 80
21 83
21 85
21 88
21 89
22 27
22 28
22 29
22 30
22 31
22 32
22 35
22 36
22 38
22 39
22 40
22 42
22 43
22 45
22 51
22 55
22 60
22 63
22 69
22 71
22 73
22 77
22 79
22 80
22 88
22 92
22 93
22 96
22 61
23 27
23 28
23 29
23 38
23 39
23 41
23 45
23 47
23 49
23 52
23 53
23 60
23 74
23 81
23 86
23 87
23 89
24 27
24 28
24 29
24 30
24 31
24 32
24 33
24 34
24 35
24 36
24 37
24 38
24 39
24 40
24 42
24 45
24 46
24 48
24 55
24 61
24 64
24 66
24 67
24 69
24 71
24 74
24 79
24 81
24 82
24 85
24 86
24 87
24 93
24 94
24 99
25 27
25 28
25 29
25 30
25 31
25 32
25 33
25 34
25 35
25 36
25 37
25 38
25 41
25 44
25 46
25 47
25 49
25 50
25 51
25 56
25 59
25 60
25 62
25 63
25 64
25 66
25 73
25 75
25 77
25 79
25 80
25 81
25 84
25 85
25 87
25 88
25 90
25 93
26 27
26 28
26 29
26 30
26 31
26 32
26 33
26 34
26 36
26 38
26 39
26 40
26 41
26 42
26 46
26 49
26 53
26 54
26 57
26 59
26 60
26 63
26 70
26 81
26 87
26 89
26 91
26 92
26 93
26 95
26 97
26 98
27 28
27 29
27 30
27 31
27 32
27 33
27 34
27 35
27 36
27 37
27 38
27 39
27 40
27 41
27 42
27 43
27 44
27 45
27 46
27 47
27 51
27 52
27 53
27 54
27 55
27 56
27 57
27 58
27 60
27 61
27 62
27 64
27 66
27 67
27 68
27 69
27 71
27 72
27 74
27 75
27 76
27 78
27 79
27 80
27 81
27 84
27 85
27 86
27 87
27 88
27 89
27 91
27 93
27 94
27 95
27 96
27 97
27 49
28 29
28 30
28 31
28 32
28 33
28 34
28 35
28 36
28 37
28 38
28 39
28 40
28 41
28 42
28 44
28 45
28 46
28 47
28 48
28 49
28 52
28 55
28 56
28 57
28 58
28 59
28 60
28 61
28 62
28 63
28 64
28 65
28 66
28 67
28 68
28 69
28 74
28 76
28 77
28 80
28 81
28 82
28 86
28 87
28 91
28 93
28 94
28 95
28 96
28 97
28 98
28 99
28 54
28 53
29 30
29 31
29 32
29 33
29 34
29 35
29 36
29 37
29 38
29 39
29 41
29 42
29 43
29 44
29 45
29 46
29 47
29 48
29 49
29 50
29 51
29 52
29 53
29 54
29 55
29 56
29 57
29 59
29 61
29 64
29 65
29 67
29 68
29 69
29 70
29 71
29 72
29 74
29 75
29 85
29 86
29 87
29 88
29 90
29 96
29 97
29 76
29 78
30 31
30 32
30 33
30 34
30 35
30 36
30 37
30 38
30 39
30 40
30 41
30 42
30 43
30 44
30 45
30 46
30 47
30 48
30 49
30 50
30 51
30 52
30 53
30 54
30 55
30 57
30 59
30 60
30 61
30 62
30 63
30 64
30 65
30 66
30 68
30 69
30 74
30 75
30 76
30 77
30 78
30 79
30 82
30 84
30 85
30 86
30 87
30 88
30 91
30 92
30 93
30 95
30 96
30 97
30 99
30 80
31 32
31 33
31 34
31 35
31 36
31 37
31 38
31 40
31 41
31 42
31 43
31 45
31 47
31 48
31 49
31 50
31 51
31 52
31 55
31 57
31 59
31 61
31 62
31 66
31 67
31 68
31 69
31 70
31 74
31 75
31 76
31 77
31 78
31 80
31 90
31 91
31 92
31 93
31 96
31 97
31 98
31 99
32 33
32 34
32 35
32 36
32 37
32 38
32 39
32 40
32 41
32 42
32 43
32 44
32 46
32 47
32 49
32 50
32 51
32 54
32 55
32 58
32 62
32 64
32 66
32 69
32 73
32 77
32 78
32 81
32 82
32 83
32 86
32 88
32 91
32 94
32 95
32 80
33 34
33 35
33 36
33 37
33 38
33 39
33 40
33 41
33 42
33 43
33 45
33 47
33 48
33 50
33 52
33 53
33 58
33 60
33 63
33 64
33 65
33 66
33 67
33 70
33 71
33 72
33 74
33 75
33 76
33 77
33 78
33 81
33 82
33 88
33 89
33 90
33 91
33 93
33 96
33 59
34 35
34 36
34 37
34 38
34 39
34 40
34 41
34 42
34 43
34 44
34 45
34 46
34 47
34 48
34 49
34 51
34 52
34 53
34 54
34 55
34 57
34 60
34 61
34 62
34 63
34 64
34 65
34 67
34 69
34 70
34 71
34 74
34 75
34 78
34 79
34 80
34 83
34 84
34 90
34 92
34 96
34 99
34 82
35 36
35 37
35 38
35 40
35 41
35 42
35 44
35 46
35 47
35 48
35 49
35 51
35 52
35 53
35 54
35 55
35 56
35 58
35 59
35 60
35 61
35 62
35 63
35 66
35 68
35 69
35 72
35 73
35 74
35 75
35 79
35 80
35 89
35 91
35 94
35 95
35 85
36 37
36 38
36 39
36 40
36 41
36 42
36 43
36 44
36 45
36 46
36 47
36 49
36 50
36 51
36 52
36 54
36 56
36 57
36 58
36 59
36 60
36 63
36 64
36 65
36 67
36 68
36 70
36 71
36 72
36 76
36 77
36 79
36 80
36 81
36 82
36 83
36 84
36 90
36 92
36 94
36 96
36 75
37 38
37 39
37 40
37 41
37 42
37 43
37 44
37 45
37 46
37 47
37 48
37 49
37 50
37 51
37 52
37 53
37 54
37 55
37 56
37 57
37 59
37 60
37 61
37 62
37 64
37 65
37 68
37 69
37 70
37 73
37 78
37 79
37 81
37 82
37 83
37 84
37 85
37 86
37 88
37 89
37 90
37 91
37 93
37 94
37 96
37 99
38 39
38 40
38 41
38 42
38 44
38 45
38 46
38 49
38 50
38 51
38 52
38 53
38 55
38 56
38 59
38 60
38 61
38 70
38 71
38 73
38 79
38 81
38 84
38 88
38 89
38 91
38 94
38 96
38 97
39 41
39 42
39 43
39 44
39 46
39 49
39 50
39 54
39 55
39 57
39 58
39 59
39 61
39 64
39 65
39 67
39 68
39 71
39 73
39 76
39 83
39 85
39 86
39 93
39 96
39 98
40 41
40 42
40 43
40 44
40 45
40 46
40 47
40 48
40 49
40 51
40 52
40 53
40 56
40 57
40 58
40 59
40 60
40 63
40 64
40 65
40 67
40 68
40 70
40 72
40 73
40 74
40 76
40 79
40 80
40 83
40 88
40 89
40 93
40 94
40 95
40 96
40 99
41 42
41 43
41 44
41 46
41 47
41 48
41 49
41 50
41 52
41 56
41 58
41 59
41 60
41 61
41 62
41 63
41 65
41 69
41 71
41 73
41 75
41 78
41 80
41 83
41 84
41 85
41 88
41 90
41 92
41 93
41 94
41 96
41 97
41 98
41 99
42 43
42 44
42 45
42 46
42 47
42 50
42 51
42 52
42 53
42 54
42 57
42 58
42 59
42 60
42 62
42 63
42 64
42 66
42 67
42 68
42 69
42 70
42 72
42 76
42 77
42 82
42 83
42 85
42 87
42 89
42 90
42 92
42 95
42 96
42 99
42 75
43 44
43 45
43 47
43 48
43 49
43 50
43 51
43 52
43 53
43 57
43 60
43 61
43 62
43 65
43 67
43 68
43 70
43 71
43 72
43 73
43 75
43 76
43 77
43 80
43 82
43 88
43 91
43 95
43 46
44 45
44 46
44 47
44 48
44 50
44 52
44 53
44 54
44 56
44 57
44 59
44 61
44 66
44 72
44 73
44 74
44 79
44 80
44 85
44 86
44 88
44 94
44 97
44 98
44 91
45 46
45 47
45 48
45 49
45 50
45 53
45 54
45 55
45 56
45 57
45 60
45 61
45 63
45 64
45 66
45 67
45 70
45 72
45 77
45 78
45 82
45 84
45 87
45 89
45 98
46 49
46 52
46 53
46 54
46 55
46 56
46 57
46 58
46 61
46 62
46 65
46 70
46 71
46 74
46 75
46 77
46 80
46 83
46 87
46 88
46 90
46 94
47 48
47 49
47 50
47 52
47 53
47 54
47 56
47 58
47 59
47 63
47 69
47 71
47 72
47 76
47 79
47 81
47 84
47 85
47 86
47 87
47 92
47 94
48 51
48 58
48 62
48 63
48 64
48 67
48 72
48 75
48 80
48 83
48 84
48 92
48 95
48 98
49 50
49 51
49 52
49 53
49 54
49 55
49 56
49 58
49 65
49 66
49 68
49 69
49 70
49 71
49 73
49 74
49 77
49 78
49 79
49 82
49 87
49 88
49 89
49 90
49 91
49 96
49 64
50 51
50 53
50 55
50 57
50 58
50 69
50 73
50 75
50 77
50 80
50 83
50 91
51 52
51 54
51 55
51 58
51 59
51 60
51 63
51 64
51 65
51 66
51 67
51 68
51 69
51 72
51 75
51 76
51 82
51 84
51 85
51 95
51 97
52 53
52 55
52 56
52 57
52 58
52 59
52 60
52 62
52 63
52 65
52 66
52 68
52 69
52 72
52 73
52 76
52 78
52 84
52 85
52 86
52 89
52 92
52 96
52 99
53 54
53 55
53 57
53 58
53 64
53 65
53 67
53 69
53 83
53 87
53 95
53 98
53 99
54 57
54 61
54 64
54 66
54 67
54 68
54 71
54 72
54 74
54 75
54 78
54 82
54 84
54 86
54 87
54 89
54 97
54 98
54 99
55 56
55 57
55 60
55 61
55 62
55 63
55 68
55 71
55 73
55 74
55 76
55 78
55 84
55 85
55 86
55 88
55 89
55 90
55 92
55 94
55 95
55 96
55 99
55 70
56 57
56 59
56 63
56 65
56 66
56 70
56 78
56 81
56 83
56 84
56 87
56 88
56 95
56 97
56 99
57 59
57 60
57 61
57 62
57 63
57 64
57 65
57 66
57 67
57 77
57 78
57 85
57 86
57 89
57 90
57 92
58 59
58 65
58 66
58 68
58 69
58 72
58 73
58 75
58 76
58 78
58 79
58 80
58 83
58 84
58 85
58 87
58 88
58 93
58 96
58 98
59 62
59 66
59 67
59 68
59 71
59 74
59 75
59 82
59 84
59 87
59 89
59 97
60 63
60 65
60 66
60 69
60 71
60 72
60 73
60 75
60 76
60 77
60 79
60 80
60 82
60 85
60 88
60 95
60 98
60 96
61 62
61 63
61 71
61 72
61 73
61 74
61 78
61 79
61 80
61 81
61 86
61 87
61 90
61 96
61 97
61 98
61 99
62 64
62 65
62 68
62 70
62 71
62 72
62 74
62 75
62 78
62 81
62 86
62 88
62 89
62 92
62 94
63 64
63 67
63 73
63 76
63 85
63 89
63 90
63 92
63 93
63 86
64 67
64 68
64 70
64 73
64 79
64 81
64 82
64 83
64 84
64 91
64 92
64 94
64 99
65 67
65 73
65 78
65 79
65 83
65 84
65 87
65 91
65 92
65 93
65 97
66 70
66 71
66 76
66 83
66 91
66 93
66 94
66 97
66 98
66 74
67 78
67 81
67 83
67 85
67 90
67 91
67 97
68 74
68 79
68 82
68 83
68 87
68 89
68 94
69 71
69 72
69 74
69 75
69 85
69 91
69 99
70 77
70 81
70 83
70 85
70 86
70 87
70 88
70 91
70 95
70 96
71 72
71 78
71 79
71 82
71 85
71 89
71 96
71 98
71 99
72 76
72 77
72 83
72 97
72 99
73 75
73 76
73 80
73 82
73 95
74 79
74 82
74 84
74 85
74 88
74 90
74 91
74 94
74 95
74 97
74 98
74 99
75 76
75 78
75 79
75 80
75 81
75 93
75 96
75 99
76 77
76 81
76 85
76 86
76 98
77 79
77 81
77 84
77 86
77 91
77 92
78 82
78 86
78 91
79 82
79 89
79 92
79 93
79 94
79 97
79 99
80 83
80 92
80 93
80 98
81 84
81 88
81 91
81 92
81 94
81 96
82 83
82 95
83 90
83 94
83 97
84 86
84 91
85 89
85 90
85 94
85 95
85 97
85 98
86 89
86 97
86 99
87 88
87 93
87 94
88 89
88 94
88 95
88 96
88 99
89 92
89 93
90 92
91 92
91 98
93 99
94 96
97 99