47149093
50
100
2500
0 50
0 51
0 52
0 53
0 54
0 55
0 56
0 57
0 58
0 59
0 60
0 61
0 62
0 63
0 64
0 65
0 66
0 68
0 69
0 71
0 74
0 76
0 77
0 80
0 81
0 84
0 85
0 86
0 87
0 88
0 91
0 92
0 94
0 95
0 99
1 50
1 51
1 52
1 53
1 54
1 56
1 58
1 59
1 60
1 62
1 64
1 65
1 66
1 67
1 68
1 69
1 73
1 75
1 76
1 77
1 79
1 81
1 82
1 85
1 87
1 88
1 90
1 91
1 93
1 94
1 96
1 98
2 50
2 51
2 52
2 53
2 54
2 55
2 56
2 57
2 60
2 61
2 62
2 63
2 64
2 65
2 66
2 67
2 69
2 70
2 71
2 73
2 75
2 76
2 77
2 79
2 84
2 85
2 86
2 90
2 91
2 93
2 94
2 97
2 98
3 50
3 51
3 52
3 53
3 54
3 55
3 56
3 57
3 58
3 59
3 60
3 61
3 62
3 64
3 65
3 66
3 67
3 68
3 69
3 70
3 71
3 72
3 73
3 74
3 76
3 78
3 80
3 83
3 84
3 90
3 92
3 93
3 94
3 97
3 99
4 50
4 51
4 52
4 53
4 54
4 55
4 56
4 58
4 61
4 62
4 63
4 64
4 65
4 66
4 68
4 69
4 72
4 73
4 75
4 76
4 77
4 79
4 80
4 83
4 85
4 88
4 89
4 90
4 93
4 94
4 95
5 50
5 51
5 52
5 53
5 57
5 58
5 59
5 61
5 62
5 63
5 68
5 72
5 73
5 75
5 79
5 82
5 84
5 86
5 91
5 92
5 93
5 99
6 50
6 51
6 52
6 53
6 54
6 55
6 56
6 57
6 58
6 59
6 60
6 61
6 63
6 65
6 67
6 69
6 70
6 71
6 72
6 73
6 74
6 75
6 78
6 79
6 81
6 85
6 87
6 90
6 92
6 94
6 97
6 98
7 50
7 51
7 52
7 53
7 55
7 56
7 57
7 58
7 59
7 60
7 61
7 62
7 63
7 65
7 66
7 67
7 68
7 71
7 73
7 76
7 77
7 80
7 81
7 87
7 88
7 92
8 50
8 51
8 52
8 53
8 54
8 55
8 56
8 57
8 58
8 59
8 60
8 61
8 62
8 65
8 67
8 68
8 70
8 71
8 72
8 73
8 75
8 76
8 77
8 80
8 81
8 82
8 92
8 93
8 95
8 98
8 99
9 50
9 51
9 52
9 53
9 54
9 55
9 56
9 57
9 58
9 59
9 60
9 63
9 64
9 66
9 67
9 68
9 69
9 71
9 72
9 75
9 77
9 78
9 79
9 80
9 81
9 84
9 87
9 89
9 92
9 95
9 96
9 97
9 98
10 50
10 51
10 53
10 54
10 55
10 56
10 57
10 58
10 59
10 60
10 61
10 62
10 63
10 64
10 65
10 68
10 70
10 73
10 76
10 77
10 80
10 83
10 84
10 85
10 87
10 88
10 89
10 91
10 95
10 98
11 50
11 51
11 52
11 53
11 54
11 55
11 56
11 57
11 58
11 59
11 60
11 61
11 62
11 63
11 65
11 66
11 67
11 69
11 70
11 71
11 72
11 73
11 74
11 75
11 80
11 81
11 82
11 84
11 86
11 89
11 91
11 92
11 93
11 94
11 95
11 96
11 98
12 50
12 51
12 52
12 53
12 54
12 55
12 56
12 57
12 58
12 61
12 63
12 66
12 67
12 68
12 69
12 70
12 71
12 77
12 78
12 79
12 80
12 83
12 85
12 86
12 88
12 89
12 94
12 95
12 96
13 50
13 51
13 52
13 53
13 54
13 55
13 56
13 57
13 59
13 60
13 61
13 62
13 64
13 66
13 67
13 69
13 73
13 74
13 79
13 82
13 83
13 84
13 85
13 88
13 89
13 92
13 93
13 96
13 97
13 98
14 50
14 51
14 52
14 53
14 54
14 55
14 56
14 57
14 59
14 60
14 61
14 63
14 64
14 65
14 66
14 67
14 68
14 71
14 72
14 74
14 75
14 77
14 80
14 82
14 83
14 86
14 88
14 91
14 93
14 96
15 50
15 51
15 52
15 53
15 54
15 55
15 57
15 58
15 59
15 60
15 61
15 62
15 63
15 65
15 66
15 67
15 68
15 70
15 71
15 73
15 74
15 76
15 78
15 79
15 81
15 82
15 86
15 94
15 95
15 96
15 97
15 98
15 99
16 50
16 51
16 52
16 53
16 54
16 55
16 56
16 57
16 59
16 60
16 61
16 62
16 63
16 64
16 65
16 67
16 69
16 70
16 73
16 75
16 81
16 86
16 91
16 96
17 50
17 51
17 52
17 54
17 55
17 56
17 58
17 60
17 61
17 63
17 65
17 68
17 70
17 71
17 73
17 77
17 79
17 80
17 82
17 83
17 89
17 95
17 96
17 99
18 50
18 51
18 52
18 53
18 54
18 55
18 56
18 57
18 58
18 61
18 62
18 63
18 64
18 65
18 66
18 68
18 69
18 70
18 72
18 74
18 77
18 80
18 82
18 84
18 85
18 86
18 87
18 90
18 91
18 96
18 98
19 50
19 51
19 52
19 53
19 54
19 55
19 56
19 57
19 58
19 59
19 60
19 62
19 64
19 65
19 67
19 68
19 69
19 70
19 71
19 72
19 73
19 74
19 75
19 76
19 77
19 79
19 81
19 82
19 83
19 85
19 86
19 88
19 90
19 92
19 93
19 96
19 99
20 50
20 51
20 52
20 53
20 54
20 55
20 56
20 57
20 59
20 62
20 63
20 64
20 65
20 66
20 67
20 69
20 71
20 72
20 73
20 74
20 75
20 76
20 77
20 79
20 81
20 86
20 89
20 94
20 97
21 50
21 51
21 52
21 53
21 54
21 55
21 56
21 57
21 58
21 59
21 60
21 61
21 62
21 63
21 64
21 66
21 67
21 68
21 70
21 71
21 73
21 74
21 77
21 78
21 80
21 82
21 83
21 86
21 87
21 88
21 96
21 97
22 50
22 51
22 52
22 53
22 54
22 55
22 56
22 57
22 58
22 59
22 60
22 62
22 65
22 66
22 67
22 68
22 71
22 75
22 76
22 77
22 78
22 79
22 81
22 85
22 87
22 96
22 98
22 99
23 50
23 51
23 52
23 53
23 54
23 55
23 56
23 57
23 58
23 59
23 60
23 62
23 63
23 64
23 65
23 66
23 67
23 69
23 70
23 72
23 76
23 78
23 79
23 83
23 84
23 86
23 88
23 89
23 92
23 95
23 97
23 98
23 99
24 50
24 51
24 52
24 53
24 54
24 55
24 56
24 57
24 59
24 60
24 62
24 63
24 64
24 65
24 67
24 68
24 72
24 76
24 88
24 91
24 92
24 95
24 96
25 50
25 51
25 52
25 53
25 54
25 55
25 56
25 58
25 59
25 60
25 61
25 63
25 64
25 66
25 70
25 73
25 74
25 76
25 77
25 80
25 81
25 86
25 87
25 91
25 97
26 50
26 51
26 52
26 53
26 54
26 55
26 56
26 57
26 58
26 59
26 60
26 61
26 62
26 63
26 64
26 65
26 66
26 67
26 71
26 72
26 73
26 78
26 81
26 83
26 86
26 88
26 90
26 94
26 95
26 98
27 50
27 51
27 52
27 53
27 54
27 57
27 58
27 60
27 61
27 63
27 64
27 65
27 66
27 67
27 68
27 69
27 70
27 71
27 74
27 75
27 77
27 78
27 80
27 81
27 83
27 84
27 85
27 86
27 89
27 96
27 99
28 50
28 52
28 53
28 54
28 55
28 57
28 58
28 59
28 60
28 61
28 66
28 70
28 71
28 72
28 74
28 75
28 76
28 77
28 78
28 79
28 83
28 84
28 87
28 88
28 89
28 90
28 92
28 93
28 95
28 96
28 97
28 98
29 50
29 51
29 52
29 53
29 54
29 57
29 58
29 59
29 60
29 61
29 62
29 63
29 64
29 65
29 66
29 69
29 70
29 73
29 74
29 78
29 79
29 80
29 83
29 85
29 90
29 91
29 92
29 97
30 50
30 51
30 52
30 53
30 54
30 55
30 56
30 57
30 58
30 59
30 60
30 61
30 63
30 64
30 65
30 67
30 68
30 70
30 79
30 80
30 81
30 83
30 84
30 88
30 90
30 95
30 99
31 50
31 51
31 52
31 53
31 55
31 56
31 57
31 58
31 59
31 60
31 61
31 62
31 65
31 66
31 67
31 68
31 69
31 76
31 77
31 78
31 80
31 83
31 84
31 87
31 92
31 93
31 95
32 50
32 51
32 52
32 53
32 54
32 55
32 56
32 57
32 58
32 59
32 60
32 61
32 62
32 63
32 64
32 66
32 67
32 69
32 70
32 72
32 73
32 74
32 75
32 76
32 78
32 79
32 81
32 82
32 84
32 88
32 90
32 94
32 98
32 99
33 50
33 51
33 52
33 53
33 54
33 55
33 56
33 57
33 58
33 59
33 60
33 61
33 63
33 64
33 65
33 66
33 67
33 68
33 69
33 71
33 72
33 73
33 74
33 75
33 77
33 78
33 79
33 80
33 84
33 85
33 88
33 90
33 93
33 97
33 99
34 50
34 51
34 52
34 54
34 55
34 56
34 58
34 62
34 64
34 69
34 70
34 72
34 74
34 78
34 79
34 80
34 84
34 85
34 86
34 92
34 95
34 96
35 50
35 51
35 52
35 53
35 54
35 55
35 56
35 57
35 58
35 59
35 60
35 62
35 63
35 64
35 65
35 66
35 67
35 68
35 69
35 70
35 71
35 72
35 73
35 74
35 75
35 76
35 77
35 78
35 79
35 81
35 82
35 83
35 85
35 86
35 87
35 89
35 90
35 95
35 97
35 99
36 50
36 51
36 52
36 53
36 54
36 55
36 56
36 57
36 58
36 60
36 62
36 63
36 64
36 66
36 69
36 72
36 74
36 77
36 80
36 81
36 82
36 85
36 86
36 87
36 88
36 90
36 91
36 94
36 96
36 97
37 50
37 51
37 52
37 53
37 54
37 55
37 56
37 57
37 59
37 60
37 61
37 62
37 64
37 66
37 67
37 68
37 74
37 75
37 79
37 80
37 83
37 89
37 95
38 50
38 51
38 52
38 54
38 55
38 56
38 57
38 58
38 60
38 61
38 62
38 65
38 66
38 68
38 70
38 71
38 72
38 76
38 78
38 83
38 89
38 93
38 94
38 95
39 50
39 51
39 52
39 53
39 54
39 55
39 57
39 58
39 59
39 61
39 62
39 64
39 65
39 66
39 68
39 69
39 71
39 72
39 73
39 74
39 75
39 77
39 78
39 79
39 82
39 84
39 86
39 89
39 92
39 95
39 97
39 98
39 99
40 50
40 51
40 52
40 53
40 55
40 56
40 58
40 59
40 60
40 62
40 63
40 64
40 65
40 66
40 67
40 68
40 69
40 70
40 71
40 74
40 75
40 76
40 78
40 79
40 81
40 83
40 84
40 89
40 91
40 94
40 95
41 50
41 51
41 53
41 54
41 55
41 56
41 57
41 59
41 61
41 62
41 63
41 65
41 67
41 68
41 69
41 71
41 74
41 77
41 83
41 85
41 87
41 89
41 91
41 93
41 95
41 97
42 50
42 51
42 52
42 53
42 54
42 55
42 56
42 57
42 58
42 59
42 61
42 62
42 63
42 64
42 65
42 66
42 71
42 72
42 73
42 74
42 75
42 76
42 77
42 85
42 87
42 88
42 91
42 94
42 98
43 50
43 51
43 52
43 53
43 54
43 55
43 56
43 57
43 58
43 59
43 60
43 61
43 62
43 63
43 64
43 65
43 67
43 68
43 69
43 70
43 71
43 72
43 73
43 76
43 79
43 81
43 83
43 84
43 85
43 86
43 88
43 89
43 92
43 94
43 97
43 98
43 99
44 50
44 51
44 52
44 53
44 54
44 55
44 56
44 57
44 58
44 59
44 60
44 61
44 62
44 65
44 67
44 70
44 72
44 75
44 76
44 79
44 80
44 81
44 82
44 84
44 89
44 91
44 92
44 94
45 50
45 51
45 52
45 53
45 54
45 55
45 56
45 58
45 59
45 60
45 61
45 62
45 63
45 64
45 69
45 70
45 71
45 72
45 74
45 76
45 77
45 78
45 81
45 82
45 86
45 88
45 94
45 95
45 98
45 99
46 50
46 51
46 52
46 53
46 54
46 55
46 56
46 57
46 58
46 59
46 60
46 61
46 62
46 63
46 64
46 66
46 67
46 68
46 69
46 70
46 71
46 77
46 78
46 80
46 82
46 83
46 86
46 87
46 88
46 94
47 50
47 51
47 52
47 53
47 54
47 55
47 56
47 57
47 58
47 59
47 60
47 61
47 63
47 64
47 65
47 68
47 69
47 72
47 73
47 74
47 75
47 78
47 79
47 80
47 81
47 85
47 86
47 89
47 91
47 97
47 99
48 50
48 51
48 52
48 53
48 54
48 55
48 56
48 57
48 58
48 59
48 61
48 63
48 64
48 68
48 69
48 70
48 71
48 72
48 74
48 75
48 78
48 81
48 82
48 85
48 90
48 91
48 92
48 93
48 94
48 96
49 50
49 51
49 52
49 53
49 54
49 56
49 57
49 58
49 59
49 60
49 61
49 62
49 63
49 64
49 66
49 67
49 69
49 70
49 72
49 73
49 75
49 77
49 79
49 80
49 83
49 84
49 85
49 87
49 88
49 90
49 91
49 92
49 93
49 98
49 99
50 51
50 52
50 53
50 54
50 55
50 56
50 57
50 58
50 59
50 60
50 61
50 62
50 63
50 64
50 65
50 66
50 67
50 68
50 69
50 70
50 71
50 72
50 73
50 75
50 76
50 77
50 78
50 79
50 80
50 81
50 82
50 83
50 84
50 85
50 86
50 87
50 90
50 91
50 93
50 94
50 95
50 96
50 97
50 98
51 52
51 53
51 54
51 55
51 56
51 57
51 58
51 59
51 60
51 61
51 62
51 63
51 64
51 65
51 66
51 67
51 68
51 69
51 70
51 71
51 72
51 73
51 74
51 75
51 76
51 77
51 78
51 79
51 81
51 82
51 83
51 84
51 86
51 87
51 90
51 91
51 92
51 93
51 94
51 96
51 98
52 53
52 54
52 55
52 56
52 57
52 58
52 59
52 60
52 61
52 62
52 63
52 64
52 65
52 66
52 67
52 68
52 69
52 70
52 71
52 72
52 73
52 74
52 75
52 76
52 77
52 78
52 79
52 80
52 81
52 82
52 83
52 84
52 85
52 86
52 87
52 88
52 89
52 90
52 91
52 92
52 94
52 95
52 96
52 97
52 98
53 54
53 55
53 56
53 57
53 58
53 59
53 60
53 61
53 62
53 63
53 64
53 65
53 66
53 67
53 68
53 69
53 70
53 71
53 72
53 73
53 74
53 75
53 76
53 77
53 78
53 79
53 80
53 81
53 82
53 83
53 84
53 85
53 86
53 87
53 89
53 90
53 91
53 92
53 93
53 94
53 95
53 96
53 97
53 98
54 55
54 56
54 57
54 58
54 59
54 60
54 61
54 62
54 63
54 64
54 65
54 66
54 67
54 68
54 69
54 70
54 71
54 72
54 73
54 74
54 75
54 76
54 77
54 78
54 79
54 80
54 81
54 82
54 83
54 84
54 85
54 86
54 87
54 88
54 89
54 90
54 92
54 93
54 94
54 97
54 98
55 56
55 57
55 58
55 59
55 60
55 61
55 62
55 63
55 64
55 65
55 66
55 67
55 68
55 69
55 70
55 71
55 72
55 73
55 74
55 75
55 76
55 78
55 81
55 82
55 83
55 84
55 85
55 86
55 87
55 88
55 89
55 90
55 91
55 92
55 93
55 96
55 97
55 99
56 57
56 58
56 59
56 60
56 61
56 62
56 63
56 64
56 65
56 66
56 67
56 68
56 69
56 70
56 71
56 72
56 73
56 74
56 75
56 76
56 77
56 78
56 80
56 81
56 82
56 83
56 84
56 85
56 86
56 87
56 88
56 89
56 90
56 91
56 92
56 93
56 94
56 95
56 96
56 97
57 58
57 59
57 60
57 61
57 62
57 63
57 64
57 65
57 66
57 67
57 68
57 69
57 70
57 71
57 72
57 73
57 74
57 75
57 76
57 77
57 78
57 79
57 80
57 82
57 83
57 84
57 85
57 87
57 89
57 90
57 92
57 93
57 94
57 95
57 96
57 97
57 98
57 99
58 59
58 60
58 61
58 62
58 63
58 64
58 65
58 66
58 67
58 68
58 69
58 70
58 71
58 72
58 73
58 74
58 75
58 76
58 77
58 78
58 79
58 80
58 82
58 83
58 84
58 85
58 86
58 87
58 88
58 90
58 91
58 93
58 94
58 95
58 97
58 98
58 99
59 60
59 61
59 62
59 63
59 64
59 65
59 66
59 67
59 68
59 69
59 70
59 71
59 72
59 73
59 74
59 75
59 76
59 77
59 78
59 79
59 82
59 83
59 84
59 89
59 90
59 91
59 93
59 95
59 96
59 97
59 98
60 61
60 62
60 63
60 64
60 65
60 66
60 67
60 68
60 69
60 70
60 71
60 72
60 73
60 74
60 75
60 76
60 77
60 78
60 79
60 80
60 81
60 82
60 84
60 85
60 86
60 87
60 88
60 89
60 90
60 92
60 93
60 94
60 95
60 97
60 98
60 99
61 62
61 63
61 64
61 65
61 66
61 67
61 68
61 69
61 70
61 71
61 72
61 73
61 74
61 75
61 76
61 77
61 78
61 79
61 80
61 81
61 82
61 84
61 85
61 86
61 87
61 88
61 89
61 90
61 91
61 93
61 94
61 96
61 97
61 99
62 63
62 64
62 65
62 66
62 67
62 68
62 69
62 70
62 71
62 72
62 73
62 74
62 75
62 76
62 78
62 79
62 80
62 81
62 82
62 83
62 85
62 86
62 87
62 91
62 92
62 93
62 94
62 95
62 96
62 98
62 99
63 64
63 65
63 66
63 67
63 68
63 69
63 70
63 72
63 73
63 74
63 75
63 77
63 78
63 80
63 82
63 83
63 85
63 86
63 89
63 90
63 91
63 93
63 94
63 95
63 96
63 97
63 98
63 99
64 65
64 66
64 67
64 68
64 70
64 71
64 72
64 73
64 74
64 75
64 76
64 77
64 78
64 79
64 80
64 81
64 82
64 83
64 84
64 87
64 88
64 89
64 90
64 92
64 93
64 96
64 98
65 66
65 67
65 68
65 69
65 70
65 71
65 72
65 75
65 76
65 77
65 78
65 79
65 80
65 81
65 82
65 83
65 84
65 85
65 86
65 88
65 89
65 90
65 91
65 92
65 93
65 94
65 95
65 96
65 97
65 98
65 99
66 67
66 68
66 69
66 70
66 71
66 72
66 73
66 74
66 75
66 76
66 80
66 81
66 82
66 83
66 84
66 85
66 86
66 87
66 88
66 89
66 90
66 91
66 92
66 94
66 95
66 96
66 97
66 99
67 68
67 69
67 70
67 71
67 72
67 73
67 74
67 75
67 76
67 77
67 78
67 81
67 82
67 83
67 85
67 86
67 87
67 88
67 89
67 91
67 92
67 93
67 94
67 95
67 96
67 97
67 98
67 99
68 69
68 70
68 71
68 73
68 74
68 75
68 76
68 77
68 78
68 79
68 80
68 81
68 82
68 83
68 87
68 88
68 89
68 91
68 92
68 93
68 94
68 95
68 99
69 70
69 71
69 72
69 73
69 74
69 75
69 76
69 77
69 78
69 82
69 83
69 84
69 85
69 87
69 88
69 89
69 93
69 96
69 97
69 98
69 99
70 71
70 72
70 73
70 74
70 75
70 76
70 78
70 79
70 80
70 81
70 82
70 83
70 84
70 85
70 87
70 88
70 90
70 94
70 95
70 96
70 97
70 98
70 99
71 72
71 73
71 74
71 76
71 77
71 78
71 79
71 80
71 81
71 82
71 83
71 84
71 85
71 86
71 87
71 88
71 89
71 90
71 91
71 96
72 73
72 74
72 75
72 76
72 78
72 79
72 80
72 81
72 82
72 84
72 85
72 88
72 89
72 90
72 91
72 92
72 93
72 97
72 98
72 99
73 74
73 75
73 76
73 78
73 80
73 81
73 82
73 84
73 85
73 86
73 87
73 89
73 90
73 93
73 94
73 95
73 96
73 97
73 98
73 99
74 75
74 76
74 77
74 79
74 80
74 82
74 84
74 85
74 86
74 87
74 88
74 89
74 91
74 92
74 93
74 94
74 95
74 97
75 76
75 77
75 78
75 79
75 80
75 81
75 82
75 83
75 84
75 86
75 87
75 88
75 89
75 90
75 91
75 92
75 93
75 94
75 99
76 77
76 78
76 79
76 80
76 81
76 82
76 83
76 85
76 87
76 89
76 90
76 91
76 92
76 96
76 98
76 99
77 78
77 79
77 80
77 81
77 82
77 84
77 85
77 86
77 87
77 88
77 89
77 90
77 91
77 92
77 95
77 96
77 98
77 99
78 79
78 81
78 82
78 83
78 85
78 86
78 87
78 88
78 89
78 90
78 92
78 93
78 94
78 96
79 80
79 81
79 82
79 83
79 84
79 87
79 88
79 89
79 90
79 91
79 92
79 93
79 95
79 97
79 98
79 99
80 81
80 82
80 83
80 84
80 85
80 86
80 87
80 88
80 89
80 91
80 92
80 93
80 94
80 95
80 96
80 97
80 99
81 83
81 84
81 86
81 87
81 90
81 91
81 92
81 93
81 94
81 96
81 97
81 99
82 84
82 86
82 87
82 88
82 90
82 91
82 92
82 94
82 95
82 99
83 84
83 85
83 88
83 89
83 91
83 92
83 95
83 98
84 85
84 86
84 87
84 89
84 90
84 91
84 92
84 93
84 95
84 96
84 99
85 86
85 87
85 88
85 89
85 90
85 91
85 92
85 93
85 95
85 96
85 97
85 98
85 99
86 87
86 88
86 90
86 94
86 95
86 96
86 99
87 88
87 89
87 90
87 94
87 96
87 98
87 99
88 90
88 92
88 93
88 96
88 97
89 90
89 91
89 93
89 94
90 91
90 93
90 95
90 97
90 98
90 99
91 92
91 93
91 94
91 95
91 97
91 98
91 99
92 93
92 96
92 97
92 98
93 94
93 97
93 98
94 96
94 97
94 98
95 97
95 99
97 98
97 99
98 99