407529258
1
100
99
0 1
0 2
0 3
0 13
0 18
0 20
0 22
0 26
0 34
0 51
1 14
1 66
2 4
2 5
2 6
2 9
2 10
2 17
2 28
2 37
2 58
3 7
3 12
3 15
3 41
3 69
3 81
4 21
4 29
4 30
4 35
4 56
4 60
4 61
4 62
4 82
4 90
5 8
5 43
5 45
5 57
5 65
5 67
5 88
5 91
6 11
7 25
7 75
7 89
9 19
11 23
11 31
11 55
11 63
11 77
11 85
11 86
11 94
12 16
12 27
12 32
13 95
14 36
14 39
14 93
20 24
20 74
20 80
24 42
24 54
25 33
25 46
25 52
26 64
30 38
31 40
31 50
35 48
35 49
35 78
37 44
45 47
45 59
47 98
49 83
50 84
51 53
53 70
54 71
59 73
59 79
62 68
62 72
62 76
72 97
72 99
75 92
82 87
82 96