68612760
5
100
513
0 5
0 6
0 34
0 40
0 84
0 96
1 5
1 10
1 42
1 43
1 94
2 5
2 6
2 7
2 8
2 9
2 12
2 17
2 20
2 24
2 26
2 32
2 42
2 43
2 45
2 46
2 54
2 58
2 87
2 95
2 96
3 5
3 6
3 7
3 9
3 11
3 13
3 18
3 22
3 26
3 30
3 54
3 57
3 61
3 63
3 73
3 69
3 33
4 5
4 6
4 7
4 8
4 13
4 14
4 15
4 16
4 18
4 20
4 22
4 26
4 28
4 32
4 44
4 52
4 54
4 67
4 75
4 80
4 81
4 98
4 34
5 6
5 7
5 8
5 9
5 10
5 11
5 14
5 15
5 17
5 18
5 22
5 23
5 25
5 26
5 27
5 31
5 34
5 36
5 46
5 50
5 60
5 61
5 64
5 66
5 69
5 72
5 77
5 81
5 93
5 95
5 43
6 7
6 8
6 10
6 11
6 12
6 15
6 16
6 20
6 24
6 33
6 35
6 38
6 53
6 75
6 80
6 93
6 66
7 8
7 9
7 11
7 16
7 22
7 24
7 25
7 28
7 37
7 38
7 41
7 42
7 45
7 50
7 53
7 55
7 70
7 74
7 89
7 92
7 97
7 58
7 71
8 9
8 10
8 11
8 12
8 14
8 16
8 18
8 20
8 21
8 22
8 23
8 29
8 30
8 34
8 43
8 44
8 47
8 48
8 50
8 51
8 52
8 57
8 60
8 66
8 68
8 73
8 74
8 84
8 85
8 89
8 97
8 82
9 10
9 12
9 13
9 14
9 15
9 19
9 28
9 32
9 41
9 42
9 43
9 53
9 58
9 92
9 26
10 12
10 13
10 17
10 21
10 24
10 25
10 27
10 28
10 31
10 33
10 35
10 47
10 48
10 59
10 65
10 86
11 17
11 20
11 29
11 52
11 55
11 72
11 92
11 97
12 13
12 14
12 15
12 19
12 23
12 24
12 25
12 29
12 31
12 36
12 37
12 47
12 51
12 56
12 58
12 69
12 79
12 80
12 85
12 87
12 88
12 98
12 99
13 16
13 21
13 23
13 30
13 35
13 36
13 38
13 39
13 40
13 54
13 60
13 63
13 68
13 74
13 76
13 78
13 83
13 90
13 91
13 98
13 13
13 72
14 19
14 27
14 33
14 34
14 38
14 40
14 64
14 77
14 79
14 76
15 25
15 29
15 30
15 34
15 43
15 54
15 56
15 64
15 65
15 78
15 74
16 17
16 19
16 21
16 23
16 46
16 62
16 68
16 69
16 84
16 24
17 18
17 19
17 26
17 27
17 32
17 35
17 37
17 39
17 42
17 51
17 82
17 87
17 91
17 34
18 76
18 83
18 19
19 21
19 27
19 28
19 29
19 32
19 39
19 40
19 48
19 53
19 59
19 64
19 68
19 78
19 83
19 70
19 55
20 31
20 41
20 44
20 56
20 57
20 61
20 63
20 93
20 97
20 99
20 59
22 48
22 82
22 94
23 36
23 47
23 62
23 71
23 76
23 95
23 46
24 85
25 33
25 44
25 56
25 77
25 86
26 31
26 40
26 41
26 91
26 92
27 30
27 41
27 45
27 52
27 63
27 72
27 81
27 90
27 94
27 95
27 99
27 37
27 73
27 82
28 55
28 57
29 39
29 51
29 77
30 33
30 35
30 37
30 39
30 49
30 61
30 62
30 66
30 71
30 78
30 80
30 38
31 49
31 75
31 97
31 98
31 99
32 37
32 38
32 45
32 59
32 61
32 63
32 74
33 36
33 46
33 49
33 50
33 65
33 70
33 82
33 88
33 96
34 55
34 57
34 96
35 45
35 46
35 49
35 62
35 65
35 67
35 84
35 87
35 70
35 86
36 49
36 55
36 67
36 68
36 73
36 85
36 90
36 60
37 53
37 59
37 82
37 94
38 64
39 50
39 56
39 66
39 69
39 73
39 92
39 99
40 51
40 93
41 75
41 88
42 44
44 48
44 72
44 81
44 86
45 47
45 62
45 85
45 89
45 83
46 60
46 89
47 58
47 70
48 52
48 83
48 87
48 91
49 82
49 64
50 75
50 95
51 90
51 96
52 54
53 59
53 92
54 66
54 79
55 60
55 65
55 67
55 69
55 70
55 71
55 93
55 94
56 89
57 58
57 67
57 80
57 97
57 98
59 70
59 73
59 78
59 86
59 96
59 91
60 81
61 72
61 74
61 77
62 91
63 88
64 71
64 84
65 76
65 81
65 90
67 71
72 88
73 79
74 76
77 79
78 86
79 83
83 87
93 94
94 99