160429499
18
100
1507
0 18
0 19
0 20
0 21
0 22
0 23
0 24
0 25
0 26
0 27
0 28
0 29
0 30
0 42
0 43
0 45
0 50
0 53
0 54
0 55
0 58
0 65
0 73
0 74
0 75
0 78
0 80
0 90
0 95
0 44
1 18
1 21
1 24
1 25
1 27
1 31
1 33
1 35
1 36
1 48
1 51
1 59
1 77
1 81
1 86
1 90
1 97
2 18
2 19
2 20
2 21
2 22
2 23
2 24
2 25
2 26
2 29
2 30
2 31
2 33
2 34
2 36
2 39
2 41
2 43
2 45
2 54
2 66
2 69
2 70
2 71
2 79
2 86
2 88
3 18
3 19
3 20
3 21
3 22
3 27
3 29
3 30
3 32
3 36
3 37
3 49
3 51
3 56
3 57
3 58
3 59
3 62
3 63
3 67
3 71
3 73
3 78
3 84
3 99
4 18
4 19
4 20
4 21
4 22
4 24
4 25
4 26
4 29
4 33
4 35
4 36
4 39
4 40
4 44
4 54
4 58
4 64
4 66
4 67
4 72
4 74
4 82
4 89
5 18
5 19
5 20
5 21
5 23
5 24
5 25
5 26
5 28
5 29
5 30
5 32
5 36
5 43
5 49
5 50
5 55
5 63
5 64
5 66
5 69
5 88
5 89
5 96
5 98
6 18
6 19
6 20
6 21
6 22
6 23
6 25
6 28
6 30
6 32
6 36
6 39
6 40
6 42
6 45
6 47
6 51
6 52
6 53
6 58
6 59
6 61
6 64
6 70
6 77
6 80
6 87
6 95
6 99
7 18
7 19
7 20
7 21
7 22
7 24
7 25
7 26
7 27
7 28
7 29
7 31
7 33
7 37
7 38
7 44
7 46
7 48
7 49
7 50
7 54
7 58
7 59
7 60
7 61
7 63
7 64
7 76
7 79
7 82
7 83
7 85
7 90
7 99
7 16
8 18
8 19
8 20
8 21
8 22
8 23
8 24
8 25
8 26
8 27
8 28
8 30
8 31
8 32
8 34
8 35
8 38
8 40
8 43
8 45
8 48
8 50
8 54
8 56
8 59
8 62
8 66
8 75
8 77
8 78
8 81
8 90
8 92
8 98
9 18
9 19
9 21
9 22
9 23
9 24
9 31
9 33
9 34
9 37
9 42
9 46
9 49
9 61
9 62
9 66
9 70
9 72
9 83
9 84
9 90
9 96
9 48
9 53
10 18
10 19
10 20
10 21
10 22
10 23
10 25
10 27
10 32
10 41
10 42
10 48
10 60
10 62
10 67
10 70
10 74
10 77
10 86
10 97
10 98
11 18
11 19
11 20
11 22
11 23
11 24
11 25
11 27
11 28
11 29
11 30
11 31
11 34
11 36
11 39
11 44
11 45
11 46
11 47
11 48
11 49
11 50
11 58
11 61
11 69
11 70
11 75
11 83
11 87
11 91
11 96
11 97
11 98
12 18
12 19
12 20
12 21
12 22
12 23
12 24
12 25
12 26
12 28
12 29
12 39
12 42
12 48
12 50
12 51
12 61
12 64
12 66
12 72
12 74
12 80
12 86
12 92
12 93
12 44
13 18
13 19
13 20
13 21
13 22
13 23
13 25
13 27
13 28
13 32
13 34
13 35
13 38
13 39
13 40
13 43
13 44
13 45
13 56
13 57
13 59
13 68
13 82
13 84
13 97
14 18
14 19
14 20
14 21
14 22
14 27
14 30
14 31
14 32
14 34
14 35
14 36
14 38
14 39
14 40
14 41
14 42
14 43
14 48
14 51
14 53
14 54
14 60
14 62
14 65
14 71
14 72
14 75
14 88
14 89
14 95
14 97
15 18
15 19
15 20
15 21
15 22
15 23
15 24
15 25
15 26
15 28
15 30
15 31
15 32
15 33
15 39
15 40
15 42
15 44
15 45
15 49
15 51
15 58
15 66
15 69
15 76
15 79
15 80
15 84
15 86
15 95
15 96
15 98
16 18
16 19
16 20
16 23
16 24
16 26
16 28
16 30
16 40
16 55
16 56
16 58
16 75
16 95
17 18
17 19
17 20
17 23
17 26
17 39
17 43
17 46
17 51
17 52
17 56
17 75
17 92
18 19
18 20
18 21
18 22
18 23
18 24
18 25
18 26
18 27
18 28
18 29
18 30
18 31
18 33
18 34
18 35
18 36
18 37
18 40
18 41
18 43
18 46
18 47
18 48
18 49
18 50
18 51
18 52
18 53
18 54
18 57
18 58
18 60
18 61
18 62
18 68
18 73
18 74
18 78
18 80
18 83
18 85
18 86
18 87
18 90
18 91
18 94
18 95
18 79
19 20
19 21
19 22
19 23
19 24
19 26
19 27
19 28
19 29
19 30
19 31
19 32
19 35
19 36
19 37
19 38
19 42
19 44
19 45
19 48
19 49
19 50
19 51
19 59
19 60
19 62
19 63
19 64
19 65
19 68
19 70
19 79
19 85
19 87
19 89
19 97
20 21
20 22
20 23
20 24
20 25
20 26
20 27
20 28
20 29
20 30
20 31
20 32
20 33
20 34
20 35
20 36
20 39
20 41
20 42
20 43
20 44
20 45
20 47
20 49
20 50
20 53
20 54
20 56
20 57
20 59
20 60
20 63
20 66
20 67
20 71
20 75
20 76
20 78
20 80
20 81
20 86
20 89
20 90
20 51
20 88
21 22
21 23
21 24
21 25
21 26
21 27
21 28
21 29
21 30
21 32
21 33
21 34
21 35
21 37
21 38
21 40
21 41
21 43
21 44
21 45
21 47
21 48
21 51
21 52
21 53
21 54
21 60
21 61
21 62
21 64
21 65
21 67
21 72
21 73
21 76
21 77
21 78
21 79
21 80
21 81
21 82
21 83
21 85
21 92
21 94
21 95
21 98
21 31
21 46
22 23
22 24
22 26
22 27
22 29
22 31
22 34
22 35
22 36
22 37
22 38
22 39
22 41
22 42
22 43
22 44
22 45
22 46
22 51
22 56
22 57
22 59
22 60
22 61
22 62
22 63
22 66
22 70
22 71
22 73
22 74
22 77
22 81
22 91
22 92
22 93
22 98
23 24
23 25
23 26
23 27
23 28
23 29
23 30
23 32
23 33
23 34
23 36
23 37
23 38
23 40
23 41
23 44
23 45
23 46
23 47
23 48
23 49
23 50
23 52
23 55
23 56
23 57
23 58
23 60
23 64
23 68
23 70
23 71
23 79
23 81
23 82
23 84
23 90
23 91
23 98
23 99
23 89
23 63
24 25
24 26
24 27
24 28
24 29
24 31
24 32
24 33
24 34
24 35
24 36
24 37
24 38
24 39
24 41
24 42
24 43
24 44
24 47
24 50
24 55
24 57
24 60
24 62
24 66
24 68
24 70
24 73
24 74
24 75
24 77
24 79
24 91
24 94
24 99
25 26
25 27
25 29
25 32
25 33
25 34
25 37
25 38
25 40
25 41
25 43
25 44
25 46
25 48
25 49
25 51
25 55
25 56
25 58
25 61
25 62
25 64
25 65
25 66
25 76
25 77
25 79
25 81
25 83
25 85
25 86
25 90
25 92
25 95
25 96
25 59
26 27
26 28
26 29
26 30
26 31
26 32
26 33
26 35
26 37
26 38
26 39
26 41
26 42
26 43
26 46
26 47
26 53
26 54
26 60
26 67
26 68
26 69
26 70
26 71
26 79
26 82
26 88
26 89
26 92
26 94
26 95
27 28
27 30
27 31
27 33
27 34
27 35
27 36
27 37
27 41
27 42
27 44
27 47
27 49
27 54
27 55
27 56
27 59
27 60
27 62
27 66
27 70
27 71
27 73
27 75
27 76
27 80
27 83
27 84
27 86
27 87
27 88
27 89
27 91
27 94
28 29
28 31
28 32
28 33
28 34
28 35
28 36
28 38
28 39
28 42
28 45
28 46
28 47
28 48
28 49
28 52
28 53
28 55
28 56
28 59
28 63
28 65
28 67
28 72
28 74
28 77
28 79
28 80
28 82
28 85
28 86
28 91
28 96
28 97
28 99
29 30
29 31
29 33
29 34
29 35
29 37
29 40
29 41
29 42
29 44
29 46
29 51
29 54
29 57
29 58
29 59
29 60
29 64
29 65
29 66
29 69
29 70
29 71
29 73
29 74
29 76
29 81
29 84
29 89
29 93
29 98
29 99
29 77
29 32
30 31
30 32
30 33
30 34
30 37
30 38
30 39
30 46
30 47
30 50
30 51
30 53
30 54
30 56
30 58
30 59
30 62
30 63
30 68
30 70
30 71
30 73
30 86
30 90
30 92
30 94
30 99
30 72
31 32
31 33
31 34
31 36
31 37
31 38
31 40
31 41
31 43
31 44
31 45
31 47
31 50
31 52
31 53
31 57
31 60
31 61
31 63
31 65
31 67
31 68
31 69
31 71
31 76
31 87
31 92
31 96
31 98
31 54
32 35
32 38
32 44
32 46
32 53
32 55
32 61
32 63
32 64
32 66
32 68
32 72
32 74
32 84
32 85
32 86
32 90
32 91
32 92
32 95
33 35
33 41
33 42
33 43
33 45
33 46
33 47
33 53
33 57
33 65
33 66
33 68
33 73
33 78
33 81
33 85
33 87
33 91
33 93
33 64
33 37
34 35
34 37
34 38
34 40
34 41
34 42
34 43
34 45
34 47
34 52
34 53
34 54
34 57
34 59
34 60
34 61
34 63
34 64
34 65
34 67
34 68
34 69
34 70
34 71
34 72
34 81
34 91
34 93
34 94
34 97
34 99
35 36
35 37
35 38
35 40
35 48
35 49
35 56
35 61
35 67
35 68
35 69
35 76
35 80
35 81
35 83
35 84
35 94
35 95
35 99
36 37
36 39
36 40
36 46
36 49
36 51
36 52
36 56
36 58
36 60
36 62
36 67
36 72
36 73
36 80
36 81
36 90
36 92
36 96
36 42
36 89
37 38
37 39
37 40
37 41
37 42
37 43
37 44
37 45
37 46
37 47
37 48
37 52
37 58
37 62
37 64
37 65
37 67
37 72
37 73
37 75
37 77
37 79
37 82
37 84
37 89
37 92
37 93
37 94
37 96
38 39
38 45
38 46
38 48
38 50
38 52
38 54
38 55
38 56
38 60
38 64
38 65
38 67
38 70
38 73
38 76
38 80
38 84
38 87
38 89
38 90
39 40
39 48
39 50
39 55
39 57
39 61
39 72
39 74
39 76
39 81
39 82
39 84
39 86
39 88
39 91
40 41
40 49
40 50
40 51
40 52
40 53
40 54
40 57
40 62
40 63
40 68
40 71
40 79
40 89
41 47
41 48
41 59
41 67
41 68
41 78
41 81
41 82
41 98
42 44
42 53
42 59
42 63
42 65
42 72
42 74
42 96
42 98
43 46
43 50
43 52
43 54
43 55
43 59
43 61
43 69
43 77
43 79
43 82
43 89
43 92
43 93
43 96
43 97
44 49
44 52
44 55
44 57
44 68
44 69
44 72
44 73
44 78
44 82
44 92
44 97
44 98
44 61
45 47
45 55
45 56
45 60
45 64
45 65
45 72
45 78
45 82
45 84
45 86
45 91
45 93
45 95
45 97
46 47
46 52
46 55
46 57
46 58
46 62
46 63
46 64
46 67
46 79
46 83
46 84
46 85
46 90
46 98
46 99
47 49
47 51
47 52
47 53
47 55
47 58
47 69
47 71
47 74
47 75
47 83
47 85
47 93
47 99
48 50
48 55
48 61
48 88
48 94
48 97
49 51
49 52
49 63
49 64
49 72
49 74
49 82
49 84
49 87
49 93
49 94
49 78
50 53
50 57
50 73
50 74
50 76
50 78
50 81
50 83
51 52
51 53
51 54
51 55
51 57
51 62
51 65
51 69
51 70
51 71
51 76
51 77
51 80
51 87
51 96
51 98
51 99
52 56
52 79
52 82
52 88
52 93
53 56
53 61
53 66
53 77
53 80
53 82
53 85
53 88
53 94
53 97
54 58
54 66
54 68
54 69
54 71
54 80
54 87
54 93
55 70
55 76
55 79
55 87
55 92
55 95
56 57
56 67
56 70
56 76
56 89
56 92
57 65
57 73
57 74
57 77
57 78
57 93
57 71
58 59
58 61
58 63
58 69
58 73
58 75
58 82
58 83
58 85
58 88
58 90
58 95
58 97
59 69
59 83
59 85
59 88
59 94
59 96
59 97
60 63
60 75
60 77
60 85
60 88
60 90
61 63
61 69
61 71
61 72
61 78
61 79
61 80
62 64
62 66
62 67
62 68
62 69
62 75
62 76
62 78
62 81
62 83
62 91
62 99
62 82
63 65
63 68
63 78
63 81
63 85
63 89
63 90
63 94
63 96
64 65
64 67
64 72
64 73
64 74
64 83
64 86
64 89
64 93
64 97
65 78
65 87
65 95
66 72
66 82
66 87
66 88
66 89
66 91
66 93
66 73
67 74
67 75
67 77
67 78
68 76
68 79
68 80
68 84
68 85
68 88
68 91
68 96
68 97
69 71
69 81
69 83
69 95
70 75
71 75
71 77
71 80
71 84
71 93
71 94
71 96
72 93
73 75
73 80
73 85
73 87
73 89
73 93
73 94
73 96
73 99
74 76
74 78
74 86
74 87
74 90
75 97
76 77
76 85
76 88
76 99
77 91
78 87
78 92
78 95
80 83
80 86
81 84
81 86
81 87
81 88
81 89
81 94
82 83
82 88
82 91
82 99
83 88
83 87
84 98
85 98
86 91
87 94
88 98
89 92
91 96
91 93
94 95
94 97
96 97
97 99