351778349
37
100
2335
0 37
0 38
0 39
0 40
0 41
0 42
0 43
0 44
0 45
0 46
0 48
0 50
0 51
0 54
0 56
0 57
0 58
0 59
0 60
0 62
0 64
0 65
0 68
0 70
0 71
0 74
0 75
0 78
0 83
0 87
0 88
1 37
1 38
1 39
1 40
1 41
1 42
1 44
1 45
1 46
1 47
1 49
1 54
1 61
1 62
1 69
1 70
1 78
1 79
1 82
1 97
2 37
2 38
2 39
2 40
2 41
2 43
2 44
2 45
2 47
2 48
2 49
2 50
2 51
2 54
2 55
2 56
2 58
2 60
2 61
2 65
2 67
2 68
2 71
2 72
2 76
2 77
2 80
2 85
2 86
2 96
3 37
3 38
3 39
3 40
3 42
3 44
3 45
3 46
3 47
3 48
3 49
3 52
3 53
3 55
3 56
3 63
3 65
3 66
3 67
3 68
3 72
3 73
3 78
3 79
3 84
3 87
3 89
4 37
4 38
4 39
4 40
4 41
4 42
4 43
4 44
4 45
4 47
4 49
4 53
4 55
4 57
4 59
4 60
4 61
4 75
4 77
4 79
4 80
4 81
4 83
4 85
4 92
4 98
5 37
5 38
5 39
5 40
5 41
5 42
5 43
5 44
5 45
5 46
5 47
5 48
5 51
5 53
5 54
5 56
5 64
5 65
5 69
5 74
5 77
5 80
5 82
5 84
5 93
5 95
5 98
5 99
6 37
6 38
6 39
6 40
6 41
6 42
6 43
6 44
6 45
6 46
6 47
6 49
6 50
6 51
6 52
6 53
6 54
6 55
6 58
6 59
6 60
6 63
6 65
6 66
6 67
6 70
6 72
6 75
6 80
6 85
6 88
6 95
6 97
6 99
7 37
7 38
7 39
7 40
7 41
7 42
7 43
7 44
7 45
7 46
7 47
7 49
7 50
7 51
7 52
7 57
7 59
7 60
7 61
7 64
7 65
7 68
7 69
7 70
7 71
7 75
7 76
7 78
7 80
7 85
7 88
7 91
7 92
8 37
8 38
8 39
8 40
8 41
8 42
8 43
8 44
8 46
8 48
8 49
8 51
8 52
8 53
8 55
8 56
8 57
8 59
8 61
8 62
8 63
8 64
8 65
8 66
8 73
8 75
8 81
8 86
8 88
8 94
9 37
9 38
9 39
9 40
9 41
9 42
9 43
9 44
9 45
9 46
9 47
9 49
9 50
9 51
9 54
9 56
9 61
9 64
9 68
9 69
9 70
9 71
9 72
9 77
9 79
9 82
9 85
9 86
10 37
10 38
10 39
10 40
10 41
10 42
10 43
10 44
10 45
10 46
10 47
10 48
10 49
10 52
10 54
10 55
10 56
10 57
10 59
10 61
10 62
10 63
10 64
10 66
10 67
10 69
10 70
10 71
10 72
10 74
10 76
10 78
10 79
10 81
10 84
10 85
10 86
10 87
10 88
10 90
10 91
10 97
11 37
11 38
11 39
11 40
11 42
11 43
11 44
11 45
11 47
11 48
11 51
11 52
11 55
11 56
11 59
11 61
11 63
11 64
11 65
11 73
11 74
11 85
11 90
11 91
11 92
12 37
12 38
12 39
12 40
12 41
12 42
12 43
12 45
12 46
12 48
12 49
12 50
12 53
12 54
12 55
12 57
12 58
12 61
12 62
12 64
12 67
12 74
12 76
12 78
12 81
12 82
12 83
12 85
12 86
12 88
12 91
12 93
13 37
13 38
13 39
13 40
13 41
13 42
13 43
13 44
13 45
13 47
13 48
13 49
13 52
13 56
13 57
13 60
13 61
13 62
13 74
13 76
13 77
13 96
14 37
14 38
14 39
14 40
14 41
14 42
14 43
14 45
14 47
14 50
14 52
14 53
14 54
14 56
14 57
14 59
14 60
14 64
14 65
14 68
14 69
14 74
14 77
14 79
14 80
14 82
14 83
14 85
15 37
15 38
15 39
15 40
15 41
15 42
15 43
15 44
15 45
15 46
15 47
15 49
15 50
15 51
15 52
15 53
15 54
15 56
15 57
15 59
15 60
15 61
15 62
15 64
15 69
15 70
15 71
15 72
15 75
15 77
15 81
15 93
15 94
16 37
16 38
16 39
16 40
16 41
16 42
16 43
16 44
16 46
16 47
16 48
16 49
16 50
16 51
16 52
16 54
16 55
16 62
16 63
16 69
16 70
16 72
16 73
16 74
16 75
16 78
16 79
16 81
16 82
16 83
16 84
16 86
16 89
16 91
16 92
16 98
16 94
17 37
17 38
17 39
17 40
17 41
17 42
17 43
17 44
17 45
17 46
17 47
17 48
17 49
17 50
17 51
17 52
17 53
17 54
17 60
17 61
17 62
17 63
17 67
17 71
17 73
17 74
17 78
17 84
17 86
17 94
17 96
18 37
18 38
18 39
18 40
18 41
18 42
18 43
18 44
18 45
18 46
18 48
18 50
18 51
18 52
18 53
18 55
18 57
18 63
18 65
18 67
18 69
18 71
18 73
18 80
18 82
18 84
18 85
18 88
18 89
18 90
18 91
19 37
19 38
19 39
19 41
19 42
19 43
19 44
19 45
19 46
19 47
19 48
19 49
19 50
19 51
19 52
19 53
19 54
19 55
19 57
19 58
19 59
19 60
19 62
19 68
19 69
19 73
19 74
19 75
19 80
19 91
19 92
19 94
19 99
20 37
20 38
20 39
20 40
20 41
20 42
20 43
20 44
20 45
20 46
20 47
20 48
20 49
20 51
20 52
20 53
20 55
20 56
20 58
20 63
20 66
20 68
20 71
20 72
20 74
20 78
20 85
20 90
20 95
20 96
20 97
20 98
20 99
21 37
21 38
21 39
21 40
21 41
21 42
21 43
21 44
21 46
21 47
21 48
21 50
21 52
21 55
21 56
21 61
21 62
21 63
21 67
21 71
21 73
21 79
21 81
21 82
21 89
21 93
21 94
21 78
22 37
22 38
22 39
22 40
22 43
22 45
22 46
22 47
22 49
22 50
22 52
22 53
22 54
22 57
22 58
22 59
22 60
22 62
22 66
22 67
22 76
22 77
22 78
22 79
22 89
22 91
23 37
23 38
23 39
23 40
23 41
23 42
23 43
23 48
23 50
23 51
23 52
23 54
23 56
23 58
23 59
23 61
23 64
23 65
23 66
23 70
23 71
23 72
23 77
23 88
23 89
23 90
23 97
23 98
24 37
24 38
24 39
24 40
24 41
24 42
24 44
24 45
24 46
24 47
24 48
24 49
24 50
24 51
24 52
24 53
24 55
24 56
24 57
24 59
24 60
24 61
24 63
24 65
24 68
24 69
24 70
24 75
24 77
24 80
24 83
24 87
24 90
24 96
24 98
25 37
25 41
25 42
25 43
25 44
25 45
25 48
25 50
25 51
25 52
25 53
25 54
25 55
25 57
25 58
25 61
25 62
25 63
25 65
25 66
25 67
25 72
25 75
25 80
25 81
25 89
25 92
25 97
25 99
26 37
26 38
26 39
26 40
26 41
26 42
26 43
26 45
26 46
26 48
26 49
26 50
26 57
26 58
26 59
26 62
26 66
26 69
26 70
26 73
26 76
26 77
26 82
26 85
26 89
26 90
26 93
26 97
26 98
26 99
27 37
27 38
27 39
27 40
27 41
27 42
27 43
27 44
27 46
27 47
27 48
27 49
27 51
27 55
27 57
27 59
27 60
27 62
27 63
27 68
27 71
27 74
27 76
27 78
27 80
27 84
27 88
27 90
27 93
28 37
28 38
28 39
28 40
28 41
28 42
28 43
28 44
28 45
28 46
28 47
28 48
28 49
28 50
28 52
28 53
28 55
28 56
28 57
28 58
28 59
28 63
28 64
28 65
28 66
28 68
28 69
28 71
28 73
28 76
28 78
28 80
28 82
28 83
28 85
28 86
28 87
28 89
28 94
28 96
29 37
29 38
29 40
29 41
29 42
29 43
29 44
29 46
29 47
29 49
29 50
29 51
29 52
29 53
29 58
29 59
29 60
29 61
29 65
29 66
29 69
29 70
29 72
29 73
29 74
29 75
29 77
29 79
29 80
29 82
29 83
29 84
29 85
29 89
29 90
29 93
29 94
29 95
29 97
29 98
30 37
30 38
30 39
30 40
30 41
30 42
30 43
30 44
30 46
30 49
30 50
30 53
30 55
30 58
30 59
30 62
30 66
30 67
30 72
30 73
30 78
30 79
30 81
30 82
30 83
30 85
30 86
30 88
30 89
30 95
31 37
31 38
31 39
31 40
31 41
31 43
31 44
31 45
31 46
31 48
31 50
31 51
31 54
31 56
31 57
31 60
31 61
31 63
31 64
31 76
31 80
31 81
31 83
31 87
31 94
31 99
31 33
32 37
32 38
32 39
32 44
32 45
32 46
32 47
32 49
32 52
32 53
32 54
32 55
32 56
32 58
32 62
32 67
32 70
32 78
32 90
32 91
32 95
33 37
33 38
33 39
33 40
33 41
33 42
33 44
33 45
33 48
33 50
33 51
33 52
33 54
33 58
33 68
33 70
33 71
33 75
33 77
33 80
33 82
33 84
33 85
33 90
33 93
33 97
33 98
34 37
34 38
34 39
34 40
34 41
34 43
34 46
34 47
34 48
34 53
34 59
34 60
34 61
34 63
34 65
34 66
34 67
34 68
34 69
34 73
35 37
35 38
35 39
35 40
35 41
35 42
35 43
35 44
35 45
35 46
35 47
35 48
35 49
35 51
35 52
35 53
35 54
35 55
35 56
35 57
35 58
35 59
35 61
35 62
35 63
35 64
35 66
35 67
35 68
35 69
35 70
35 72
35 74
35 76
35 79
35 80
35 81
35 82
35 84
35 85
35 89
35 91
35 94
36 37
36 38
36 39
36 40
36 41
36 42
36 45
36 47
36 48
36 50
36 51
36 53
36 54
36 55
36 56
36 61
36 62
36 67
36 73
36 76
36 85
36 88
36 96
37 38
37 39
37 40
37 41
37 42
37 43
37 44
37 45
37 46
37 47
37 48
37 49
37 50
37 51
37 52
37 53
37 54
37 55
37 56
37 57
37 58
37 59
37 60
37 61
37 62
37 63
37 64
37 65
37 66
37 67
37 68
37 69
37 70
37 71
37 72
37 73
37 74
37 75
37 76
37 77
37 79
37 80
37 83
37 84
37 85
37 86
37 88
37 89
37 90
37 93
37 94
37 96
37 99
38 39
38 40
38 41
38 42
38 43
38 44
38 45
38 46
38 47
38 48
38 49
38 50
38 51
38 53
38 54
38 55
38 56
38 57
38 58
38 59
38 62
38 63
38 64
38 65
38 66
38 68
38 70
38 71
38 72
38 73
38 74
38 75
38 80
38 81
38 83
38 84
38 87
38 88
38 89
38 90
38 91
38 92
38 93
38 94
38 96
38 97
38 98
38 99
39 40
39 41
39 42
39 43
39 44
39 45
39 46
39 47
39 48
39 49
39 50
39 51
39 52
39 53
39 54
39 55
39 57
39 58
39 59
39 60
39 61
39 62
39 63
39 64
39 66
39 67
39 68
39 70
39 71
39 72
39 73
39 74
39 77
39 78
39 79
39 80
39 81
39 82
39 83
39 84
39 86
39 87
39 88
39 89
39 90
39 92
39 93
39 94
39 95
39 98
39 99
40 41
40 42
40 43
40 44
40 45
40 46
40 47
40 48
40 49
40 50
40 51
40 52
40 53
40 54
40 55
40 57
40 58
40 59
40 60
40 61
40 62
40 63
40 64
40 65
40 66
40 67
40 69
40 72
40 74
40 75
40 76
40 77
40 78
40 79
40 81
40 83
40 84
40 87
40 89
40 90
40 91
40 92
40 93
40 95
40 96
40 98
41 42
41 43
41 44
41 45
41 46
41 47
41 48
41 49
41 50
41 51
41 52
41 53
41 54
41 55
41 56
41 57
41 58
41 59
41 60
41 61
41 62
41 63
41 64
41 65
41 66
41 67
41 68
41 69
41 71
41 74
41 75
41 76
41 77
41 78
41 79
41 80
41 81
41 84
41 85
41 87
41 88
41 89
41 90
41 91
41 94
41 95
41 96
41 97
41 98
41 99
42 43
42 44
42 45
42 46
42 47
42 48
42 49
42 50
42 51
42 52
42 53
42 54
42 55
42 56
42 57
42 58
42 59
42 60
42 61
42 63
42 64
42 65
42 66
42 67
42 68
42 70
42 71
42 72
42 73
42 75
42 76
42 77
42 79
42 80
42 81
42 82
42 83
42 86
42 87
42 88
42 90
42 92
42 93
42 94
42 99
43 44
43 45
43 46
43 47
43 48
43 49
43 50
43 51
43 52
43 53
43 54
43 55
43 56
43 58
43 59
43 60
43 62
43 64
43 66
43 67
43 68
43 69
43 70
43 71
43 73
43 74
43 77
43 78
43 81
43 82
43 83
43 84
43 85
43 86
43 87
43 90
43 91
43 92
43 93
43 94
43 96
43 97
43 99
43 89
44 45
44 46
44 47
44 48
44 49
44 50
44 51
44 52
44 53
44 54
44 55
44 56
44 57
44 58
44 59
44 60
44 61
44 62
44 63
44 64
44 65
44 66
44 67
44 68
44 69
44 70
44 71
44 72
44 73
44 74
44 75
44 76
44 77
44 78
44 79
44 80
44 81
44 84
44 86
44 88
44 90
44 91
44 92
44 93
44 94
44 95
44 99
45 46
45 47
45 48
45 49
45 50
45 51
45 52
45 53
45 54
45 55
45 56
45 57
45 58
45 59
45 60
45 61
45 62
45 63
45 64
45 66
45 67
45 68
45 69
45 70
45 74
45 75
45 76
45 78
45 82
45 83
45 84
45 87
45 89
45 90
45 91
45 93
45 95
45 96
45 97
46 47
46 48
46 49
46 50
46 51
46 52
46 53
46 55
46 56
46 57
46 58
46 59
46 60
46 62
46 63
46 64
46 65
46 66
46 67
46 68
46 69
46 70
46 71
46 72
46 73
46 74
46 75
46 76
46 77
46 78
46 79
46 81
46 83
46 84
46 86
46 87
46 88
46 89
46 90
46 91
46 92
46 93
46 95
46 96
46 97
47 48
47 49
47 50
47 51
47 53
47 54
47 55
47 56
47 57
47 58
47 59
47 60
47 61
47 63
47 64
47 66
47 71
47 72
47 73
47 74
47 75
47 78
47 79
47 80
47 83
47 86
47 87
47 89
47 90
47 92
47 93
47 96
47 98
48 49
48 50
48 51
48 52
48 54
48 55
48 56
48 57
48 58
48 59
48 60
48 62
48 63
48 64
48 65
48 66
48 67
48 68
48 69
48 70
48 71
48 77
48 78
48 79
48 81
48 86
48 87
48 90
48 91
48 95
48 98
48 99
49 50
49 51
49 52
49 53
49 54
49 55
49 56
49 57
49 58
49 59
49 60
49 61
49 63
49 64
49 65
49 66
49 67
49 69
49 71
49 73
49 75
49 77
49 78
49 79
49 80
49 81
49 82
49 84
49 85
49 86
49 87
49 88
49 89
49 91
49 92
49 93
49 94
49 95
49 97
49 98
50 51
50 52
50 53
50 54
50 55
50 56
50 57
50 58
50 59
50 60
50 62
50 63
50 64
50 65
50 67
50 68
50 69
50 70
50 71
50 72
50 73
50 75
50 76
50 78
50 80
50 81
50 82
50 83
50 85
50 87
50 88
50 89
50 92
50 98
50 99
51 52
51 53
51 54
51 55
51 56
51 57
51 58
51 59
51 60
51 61
51 62
51 63
51 64
51 67
51 69
51 70
51 71
51 72
51 73
51 74
51 75
51 77
51 78
51 83
51 84
51 85
51 86
51 87
51 90
51 92
51 94
51 95
51 96
51 97
51 99
52 53
52 54
52 56
52 57
52 58
52 60
52 62
52 65
52 66
52 67
52 68
52 69
52 70
52 72
52 74
52 75
52 76
52 78
52 83
52 84
52 85
52 86
52 87
52 90
52 91
52 92
52 95
52 97
53 54
53 55
53 56
53 57
53 58
53 60
53 61
53 62
53 63
53 64
53 65
53 66
53 67
53 68
53 70
53 71
53 72
53 73
53 74
53 76
53 77
53 79
53 83
53 84
53 86
53 87
53 88
53 89
53 91
53 92
53 93
53 96
53 97
53 99
54 56
54 58
54 60
54 61
54 63
54 64
54 65
54 66
54 67
54 70
54 71
54 72
54 73
54 74
54 75
54 76
54 77
54 79
54 81
54 83
54 84
54 85
54 87
54 88
54 91
54 92
54 95
54 96
54 97
55 56
55 57
55 58
55 60
55 63
55 65
55 68
55 69
55 70
55 72
55 73
55 74
55 77
55 78
55 81
55 83
55 84
55 85
55 86
55 87
55 89
55 92
55 94
55 95
55 97
55 98
55 99
56 57
56 58
56 59
56 60
56 61
56 62
56 63
56 64
56 65
56 67
56 68
56 69
56 70
56 72
56 74
56 75
56 76
56 77
56 78
56 81
56 83
56 84
56 87
56 92
56 95
56 98
56 99
57 58
57 60
57 61
57 63
57 64
57 65
57 66
57 67
57 68
57 69
57 72
57 73
57 75
57 76
57 78
57 79
57 80
57 81
57 84
57 86
57 89
57 90
57 93
57 94
57 97
57 98
58 59
58 60
58 61
58 64
58 65
58 66
58 68
58 70
58 71
58 72
58 74
58 78
58 80
58 81
58 82
58 85
58 88
58 91
58 92
58 93
58 97
58 98
58 99
59 62
59 63
59 67
59 68
59 69
59 70
59 73
59 74
59 76
59 83
59 86
59 90
59 92
59 93
59 97
59 98
60 61
60 62
60 65
60 66
60 70
60 71
60 72
60 73
60 74
60 75
60 76
60 77
60 79
60 82
60 83
60 86
60 88
60 89
60 90
60 91
60 95
60 96
60 99
61 62
61 64
61 65
61 66
61 67
61 68
61 73
61 74
61 76
61 78
61 82
61 83
61 84
61 87
61 88
61 90
61 95
61 96
61 98
62 64
62 71
62 72
62 76
62 79
62 81
62 82
62 86
62 88
62 89
62 90
62 93
62 96
62 99
63 64
63 65
63 66
63 68
63 69
63 71
63 74
63 75
63 77
63 79
63 80
63 81
63 82
63 84
63 86
63 87
63 88
63 89
63 91
63 92
63 93
63 94
63 95
64 65
64 66
64 67
64 68
64 69
64 71
64 72
64 73
64 76
64 79
64 80
64 82
64 83
64 84
64 85
64 90
64 92
64 97
64 98
65 66
65 68
65 69
65 70
65 74
65 75
65 77
65 80
65 85
65 86
65 87
65 89
65 95
65 97
66 67
66 69
66 70
66 72
66 76
66 77
66 79
66 87
66 89
66 90
66 92
66 93
66 96
67 68
67 71
67 72
67 75
67 78
67 79
67 82
67 83
67 86
67 87
67 88
67 90
67 91
67 93
67 95
67 99
68 69
68 70
68 71
68 73
68 75
68 76
68 77
68 78
68 79
68 80
68 82
68 84
68 86
68 89
68 91
68 92
68 94
68 97
68 99
69 71
69 72
69 74
69 75
69 76
69 79
69 80
69 82
69 89
69 91
69 94
69 96
69 97
69 99
70 73
70 76
70 77
70 79
70 80
70 81
70 82
70 86
70 93
70 94
70 96
71 72
71 73
71 77
71 78
71 82
71 84
71 85
71 86
71 87
71 88
71 91
71 94
71 96
71 97
71 99
72 73
72 75
72 76
72 80
72 81
72 82
72 83
72 84
72 85
72 91
72 95
72 96
73 75
73 81
73 83
73 87
73 88
73 93
73 95
73 97
74 75
74 76
74 77
74 80
74 81
74 85
74 86
74 91
74 97
74 98
75 76
75 77
75 78
75 79
75 80
75 81
75 82
75 83
75 84
75 85
75 88
75 89
75 90
75 91
75 92
75 93
75 94
75 96
76 78
76 79
76 81
76 82
76 83
76 84
76 87
76 88
76 92
76 94
76 98
77 85
77 87
77 90
77 92
77 96
77 97
77 98
78 79
78 81
78 82
78 85
78 86
78 91
78 96
78 97
78 98
78 99
79 80
79 81
79 82
79 83
79 85
79 87
79 88
79 89
79 91
79 92
79 93
79 94
79 95
79 96
79 97
79 98
79 99
80 84
80 88
80 92
80 94
80 95
80 99
81 82
81 89
81 90
81 91
81 92
81 94
81 96
82 83
82 87
82 91
82 92
82 93
82 95
82 96
82 99
83 84
83 86
83 88
83 92
83 97
83 99
84 86
84 87
84 93
84 94
84 98
85 86
85 87
85 90
85 93
85 94
85 95
85 97
86 88
86 89
86 93
86 94
86 95
86 96
86 98
87 88
87 91
87 92
87 93
87 94
88 89
88 93
88 95
88 98
89 95
89 96
89 98
89 99
90 94
90 96
90 97
90 98
91 94
91 95
92 94
92 95
93 95
94 95
94 96
94 97
94 98
94 99
95 96
95 98
95 99
97 98
97 99
98 99