113553374
3
100
348
0 3
0 6
0 12
0 51
0 84
0 87
0 81
1 3
1 4
1 5
1 9
1 10
1 17
1 20
1 23
1 34
1 35
1 38
1 42
1 43
1 54
1 66
1 87
1 90
1 96
1 8
1 14
1 48
1 99
2 3
2 4
2 7
2 11
2 13
2 16
2 20
2 23
2 30
2 40
2 41
2 47
2 49
2 52
2 56
2 66
2 86
2 89
2 92
2 72
2 70
3 4
3 5
3 6
3 7
3 13
3 14
3 26
3 27
3 31
3 34
3 37
3 39
3 43
3 52
3 57
3 61
3 70
3 76
3 28
3 35
4 5
4 10
4 15
4 19
4 21
4 28
4 31
4 37
4 46
4 16
4 94
5 6
5 7
5 8
5 9
5 11
5 12
5 14
5 18
5 25
5 27
5 30
5 44
5 50
5 54
5 55
5 56
5 82
5 99
5 52
5 19
5 60
5 89
6 8
6 15
6 18
6 24
6 26
6 28
6 37
6 63
6 78
6 91
6 93
6 97
7 8
7 38
7 48
7 94
7 47
7 61
7 87
8 9
8 11
8 12
8 17
8 20
8 21
8 22
8 25
8 27
8 36
8 44
8 47
8 53
8 59
8 60
8 69
8 75
8 87
8 10
8 23
8 51
8 63
9 10
9 13
9 14
9 15
9 19
9 22
9 25
9 31
9 32
9 33
9 41
9 43
9 46
9 48
9 51
9 53
9 57
9 62
9 67
9 69
9 74
9 80
9 81
9 85
9 91
9 92
9 70
9 11
10 62
11 16
11 24
11 28
11 55
11 74
12 79
12 12
13 16
13 29
13 50
13 64
14 17
14 22
14 33
14 34
14 35
14 36
14 58
14 59
14 61
14 68
15 64
15 86
15 31
16 18
16 39
16 45
16 71
16 73
17 21
17 24
17 33
17 42
17 59
17 99
18 19
18 35
18 63
18 91
19 23
19 58
19 72
19 98
20 41
20 51
20 60
20 82
21 42
21 45
21 54
21 71
21 75
21 85
21 37
22 26
22 29
22 32
22 38
22 39
22 52
22 64
22 67
22 70
22 76
22 77
22 88
22 94
23 40
23 49
23 58
23 71
23 84
23 99
24 61
24 93
24 34
25 47
26 65
27 32
27 55
27 57
27 68
27 79
27 81
27 89
27 42
28 29
28 77
29 30
29 98
29 65
29 71
31 65
31 83
32 36
32 92
33 56
34 66
34 68
34 85
34 88
34 52
35 45
35 72
35 77
35 49
35 67
35 92
36 70
36 73
36 69
37 72
38 40
38 83
38 96
39 53
39 94
39 63
40 60
41 50
41 65
41 72
42 44
42 75
42 84
42 50
43 67
43 96
43 78
44 46
45 84
47 48
47 49
47 82
47 78
50 63
51 80
51 83
51 79
53 72
53 80
54 76
54 88
56 69
57 62
57 95
58 91
59 73
59 78
60 98
61 78
62 81
63 97
66 82
66 90
66 91
66 87
66 75
67 74
68 95
69 79
69 88
69 69
72 74
72 80
72 77
72 95
73 93
77 90
78 97
79 86
81 89
81 95
83 97
97 98