99048980
29
100
2087
0 29
0 30
0 31
0 33
0 35
0 36
0 37
0 38
0 39
0 40
0 41
0 42
0 46
0 51
0 55
0 56
0 57
0 60
0 62
0 69
0 71
0 73
0 75
0 79
0 77
1 29
1 30
1 31
1 32
1 33
1 34
1 35
1 37
1 38
1 39
1 40
1 41
1 42
1 44
1 46
1 48
1 50
1 51
1 52
1 55
1 59
1 61
1 63
1 66
1 77
1 82
1 83
1 86
1 88
1 90
2 29
2 30
2 31
2 32
2 34
2 35
2 36
2 37
2 39
2 44
2 45
2 46
2 47
2 53
2 55
2 58
2 59
2 63
2 66
2 70
2 77
2 78
2 82
2 84
2 86
2 89
2 92
2 94
2 48
3 29
3 30
3 31
3 32
3 33
3 34
3 37
3 39
3 40
3 41
3 52
3 55
3 56
3 62
3 65
3 71
3 72
4 29
4 30
4 31
4 32
4 33
4 34
4 36
4 37
4 38
4 41
4 42
4 43
4 44
4 46
4 47
4 49
4 50
4 51
4 52
4 54
4 58
4 62
4 63
4 65
4 67
4 72
4 74
4 75
4 77
4 78
4 80
4 82
4 83
4 84
4 87
4 91
4 93
4 98
4 15
4 9
5 29
5 30
5 31
5 32
5 33
5 34
5 35
5 36
5 42
5 43
5 44
5 47
5 49
5 50
5 51
5 52
5 53
5 56
5 58
5 61
5 63
5 69
5 70
5 76
5 85
5 86
5 87
5 88
6 29
6 30
6 31
6 32
6 33
6 34
6 35
6 36
6 37
6 39
6 40
6 41
6 43
6 44
6 45
6 46
6 47
6 48
6 53
6 56
6 59
6 60
6 64
6 65
6 71
6 72
6 75
6 83
6 86
6 90
6 95
6 98
7 29
7 30
7 31
7 32
7 33
7 34
7 35
7 36
7 37
7 38
7 39
7 40
7 41
7 42
7 44
7 45
7 47
7 48
7 49
7 50
7 55
7 57
7 62
7 65
7 68
7 74
7 75
7 80
7 81
7 82
7 86
7 96
7 99
8 29
8 30
8 31
8 32
8 34
8 35
8 36
8 38
8 39
8 40
8 41
8 42
8 44
8 45
8 53
8 54
8 56
8 59
8 61
8 74
8 76
8 77
8 81
8 85
8 90
8 93
8 60
9 29
9 30
9 31
9 32
9 33
9 34
9 35
9 36
9 38
9 40
9 41
9 42
9 43
9 44
9 45
9 46
9 50
9 51
9 53
9 55
9 56
9 57
9 58
9 60
9 61
9 62
9 63
9 65
9 67
9 70
9 72
9 73
9 79
9 81
9 82
9 91
10 29
10 30
10 31
10 32
10 33
10 34
10 35
10 36
10 37
10 38
10 39
10 40
10 41
10 42
10 43
10 44
10 47
10 48
10 50
10 54
10 56
10 57
10 58
10 59
10 65
10 70
10 72
10 74
10 79
10 80
10 81
10 82
10 83
10 84
10 87
10 89
10 91
10 92
10 93
10 71
10 51
10 61
11 29
11 30
11 31
11 32
11 34
11 35
11 36
11 37
11 38
11 39
11 43
11 45
11 48
11 49
11 50
11 51
11 52
11 54
11 64
11 66
11 67
11 68
11 70
11 73
11 74
11 76
11 78
11 79
11 80
11 83
11 86
11 87
11 94
11 62
12 29
12 30
12 31
12 32
12 33
12 35
12 36
12 37
12 40
12 42
12 43
12 44
12 46
12 48
12 50
12 51
12 53
12 57
12 58
12 63
12 64
12 65
12 66
12 67
12 81
12 90
12 97
12 17
13 29
13 33
13 34
13 38
13 39
13 40
13 41
13 42
13 44
13 49
13 56
13 78
13 95
13 25
14 29
14 30
14 31
14 32
14 33
14 34
14 35
14 36
14 37
14 38
14 39
14 40
14 44
14 45
14 47
14 49
14 53
14 54
14 58
14 61
14 62
14 63
14 66
14 68
14 72
14 73
14 87
14 90
14 98
14 64
15 29
15 30
15 32
15 33
15 34
15 35
15 37
15 38
15 40
15 41
15 43
15 46
15 52
15 54
15 55
15 56
15 71
15 72
15 75
15 78
15 80
15 81
15 86
15 88
15 92
15 93
15 98
15 68
16 29
16 30
16 31
16 32
16 33
16 34
16 35
16 37
16 42
16 43
16 44
16 45
16 47
16 48
16 53
16 57
16 60
16 62
16 71
16 72
16 75
16 80
16 90
16 91
16 96
16 99
17 29
17 30
17 31
17 32
17 33
17 34
17 37
17 39
17 40
17 42
17 43
17 44
17 47
17 49
17 50
17 52
17 53
17 54
17 55
17 59
17 66
17 68
17 70
17 71
17 75
17 89
17 90
17 94
18 29
18 30
18 31
18 32
18 33
18 35
18 36
18 37
18 38
18 39
18 40
18 41
18 42
18 43
18 45
18 46
18 47
18 48
18 49
18 58
18 60
18 61
18 64
18 66
18 71
18 73
18 74
18 75
18 76
18 78
18 79
18 80
18 84
18 87
18 91
18 96
18 22
19 29
19 30
19 31
19 32
19 33
19 34
19 35
19 36
19 38
19 39
19 42
19 43
19 45
19 48
19 50
19 51
19 55
19 62
19 67
19 70
19 71
19 72
19 76
19 79
19 97
19 99
20 29
20 30
20 31
20 32
20 33
20 34
20 36
20 37
20 38
20 39
20 40
20 41
20 44
20 46
20 47
20 48
20 50
20 51
20 58
20 60
20 61
20 62
20 67
20 71
20 76
20 78
20 94
20 95
20 97
21 29
21 30
21 31
21 32
21 36
21 37
21 38
21 40
21 47
21 49
21 57
21 65
21 75
22 29
22 30
22 31
22 32
22 33
22 35
22 36
22 37
22 38
22 39
22 41
22 43
22 49
22 50
22 53
22 55
22 59
22 61
22 63
22 64
22 69
22 70
22 72
22 73
22 78
22 81
22 84
22 85
22 90
23 29
23 30
23 31
23 32
23 33
23 34
23 35
23 36
23 37
23 40
23 41
23 43
23 44
23 46
23 47
23 48
23 53
23 54
23 55
23 56
23 57
23 61
23 71
23 74
23 75
23 90
23 93
23 94
23 99
23 70
24 29
24 30
24 31
24 33
24 34
24 35
24 39
24 41
24 45
24 50
24 52
24 57
24 63
24 65
24 76
24 88
24 99
24 83
25 29
25 30
25 31
25 32
25 33
25 34
25 35
25 36
25 37
25 38
25 39
25 41
25 44
25 45
25 48
25 50
25 52
25 53
25 54
25 55
25 56
25 58
25 59
25 60
25 66
25 67
25 68
25 69
25 77
25 78
25 81
25 83
25 91
25 92
25 95
25 96
25 88
26 29
26 30
26 31
26 32
26 33
26 34
26 35
26 36
26 38
26 39
26 42
26 48
26 49
26 54
26 56
26 57
26 58
26 62
26 68
26 69
26 71
26 78
26 86
26 90
26 99
26 55
27 29
27 30
27 31
27 32
27 33
27 34
27 35
27 36
27 38
27 41
27 42
27 46
27 49
27 51
27 54
27 59
27 65
27 69
27 70
27 82
27 85
27 88
27 89
27 92
27 93
27 94
27 96
28 29
28 30
28 31
28 32
28 33
28 34
28 35
28 36
28 37
28 38
28 39
28 40
28 43
28 45
28 46
28 49
28 51
28 57
28 58
28 62
28 64
28 66
28 67
28 68
28 69
28 72
28 79
28 82
29 30
29 31
29 32
29 33
29 34
29 35
29 36
29 37
29 38
29 39
29 40
29 41
29 42
29 43
29 44
29 45
29 46
29 47
29 48
29 51
29 53
29 54
29 55
29 56
29 57
29 58
29 59
29 60
29 61
29 62
29 64
29 66
29 68
29 69
29 70
29 72
29 73
29 75
29 77
29 78
29 80
29 81
29 82
29 84
29 85
29 88
29 89
29 92
29 94
29 95
29 97
29 98
29 76
30 31
30 32
30 33
30 34
30 35
30 36
30 37
30 38
30 39
30 40
30 41
30 42
30 43
30 44
30 45
30 46
30 47
30 48
30 49
30 50
30 51
30 52
30 53
30 54
30 55
30 56
30 57
30 58
30 59
30 60
30 61
30 62
30 64
30 66
30 68
30 69
30 71
30 73
30 75
30 80
30 82
30 88
30 91
30 93
30 94
30 95
30 97
30 98
30 99
30 90
31 32
31 33
31 34
31 35
31 36
31 37
31 38
31 39
31 40
31 41
31 42
31 43
31 44
31 45
31 46
31 47
31 48
31 49
31 51
31 52
31 53
31 54
31 55
31 56
31 57
31 58
31 61
31 62
31 64
31 65
31 66
31 67
31 68
31 69
31 70
31 73
31 74
31 75
31 86
31 87
31 89
31 95
31 96
32 33
32 34
32 35
32 36
32 37
32 38
32 39
32 40
32 41
32 42
32 43
32 44
32 45
32 46
32 47
32 48
32 49
32 50
32 51
32 52
32 53
32 54
32 55
32 56
32 57
32 58
32 59
32 60
32 61
32 62
32 63
32 66
32 67
32 73
32 74
32 75
32 77
32 80
32 81
32 84
32 85
32 87
32 88
32 89
32 94
32 95
32 99
33 34
33 35
33 36
33 37
33 38
33 39
33 40
33 42
33 43
33 44
33 45
33 47
33 48
33 49
33 50
33 51
33 53
33 55
33 57
33 58
33 59
33 61
33 63
33 65
33 66
33 67
33 70
33 71
33 72
33 73
33 75
33 77
33 79
33 80
33 81
33 82
33 84
33 85
33 88
33 89
33 92
33 93
33 95
33 97
33 99
34 35
34 36
34 37
34 38
34 39
34 40
34 41
34 42
34 43
34 44
34 45
34 46
34 47
34 48
34 49
34 51
34 52
34 53
34 55
34 56
34 57
34 59
34 63
34 64
34 65
34 66
34 67
34 69
34 70
34 72
34 74
34 77
34 79
34 81
34 82
34 84
34 87
34 90
34 93
34 94
34 95
34 96
34 97
34 99
35 36
35 37
35 38
35 39
35 40
35 41
35 42
35 43
35 44
35 45
35 46
35 48
35 49
35 50
35 51
35 52
35 54
35 55
35 57
35 58
35 59
35 60
35 62
35 65
35 66
35 67
35 68
35 70
35 72
35 73
35 76
35 77
35 78
35 80
35 82
35 83
35 85
35 86
35 88
35 90
35 91
35 92
35 93
35 96
35 97
35 98
36 37
36 38
36 40
36 41
36 42
36 43
36 44
36 45
36 46
36 47
36 48
36 49
36 50
36 52
36 53
36 54
36 56
36 57
36 58
36 59
36 60
36 61
36 62
36 63
36 68
36 70
36 71
36 72
36 73
36 74
36 77
36 78
36 80
36 81
36 82
36 84
36 87
36 90
36 91
36 94
36 95
36 96
36 98
37 38
37 39
37 40
37 41
37 42
37 43
37 44
37 45
37 46
37 47
37 48
37 49
37 50
37 52
37 53
37 54
37 55
37 56
37 57
37 58
37 59
37 60
37 62
37 64
37 65
37 66
37 68
37 69
37 71
37 72
37 73
37 74
37 78
37 79
37 82
37 88
37 89
37 90
37 91
37 92
37 95
38 39
38 40
38 41
38 42
38 43
38 45
38 46
38 47
38 48
38 49
38 50
38 51
38 52
38 53
38 54
38 56
38 58
38 59
38 61
38 63
38 64
38 66
38 67
38 68
38 70
38 71
38 72
38 74
38 78
38 79
38 80
38 82
38 83
38 84
38 85
38 87
38 88
38 89
38 92
38 93
38 96
38 99
39 40
39 41
39 42
39 43
39 44
39 45
39 46
39 47
39 49
39 50
39 52
39 53
39 54
39 55
39 57
39 58
39 59
39 60
39 61
39 62
39 65
39 66
39 67
39 68
39 69
39 74
39 76
39 77
39 78
39 79
39 80
39 81
39 83
39 85
39 88
39 89
39 91
39 92
39 94
39 98
40 41
40 42
40 43
40 44
40 45
40 46
40 48
40 49
40 50
40 51
40 52
40 53
40 54
40 56
40 57
40 58
40 59
40 60
40 62
40 63
40 64
40 66
40 67
40 71
40 74
40 76
40 77
40 78
40 82
40 86
40 88
40 89
40 91
40 98
41 42
41 43
41 45
41 46
41 47
41 51
41 52
41 53
41 54
41 55
41 56
41 57
41 58
41 60
41 63
41 64
41 65
41 66
41 67
41 68
41 69
41 71
41 74
41 75
41 76
41 78
41 79
41 81
41 82
41 84
41 88
41 89
41 91
41 92
41 93
41 95
41 97
41 98
41 87
42 43
42 45
42 46
42 47
42 48
42 49
42 50
42 51
42 52
42 53
42 55
42 57
42 59
42 60
42 62
42 63
42 64
42 65
42 67
42 68
42 71
42 73
42 74
42 76
42 78
42 82
42 84
42 85
42 86
42 87
42 88
42 89
42 90
42 93
42 94
42 95
42 96
42 97
42 98
42 99
43 44
43 45
43 46
43 47
43 50
43 51
43 52
43 54
43 55
43 57
43 58
43 59
43 60
43 61
43 63
43 66
43 67
43 69
43 72
43 76
43 79
43 80
43 81
43 82
43 84
43 86
43 87
43 88
43 89
43 96
43 99
44 45
44 46
44 47
44 48
44 49
44 52
44 55
44 60
44 61
44 68
44 69
44 73
44 77
44 79
44 82
44 84
44 86
44 87
44 88
44 90
44 94
44 97
44 98
45 46
45 47
45 48
45 49
45 50
45 51
45 54
45 55
45 56
45 58
45 59
45 60
45 62
45 63
45 64
45 66
45 70
45 71
45 72
45 73
45 77
45 78
45 79
45 80
45 81
45 82
45 83
45 84
45 91
45 92
45 94
45 96
45 98
45 65
45 85
46 47
46 48
46 50
46 51
46 52
46 53
46 54
46 59
46 60
46 65
46 66
46 67
46 68
46 69
46 70
46 71
46 77
46 80
46 81
46 82
46 83
46 84
46 87
46 89
46 91
46 92
46 93
46 96
46 97
46 98
47 48
47 49
47 51
47 52
47 53
47 54
47 55
47 56
47 59
47 60
47 62
47 63
47 67
47 68
47 69
47 71
47 73
47 74
47 76
47 77
47 83
47 85
47 87
47 89
47 92
47 93
47 95
48 49
48 50
48 51
48 52
48 53
48 55
48 56
48 57
48 58
48 61
48 63
48 64
48 65
48 68
48 69
48 70
48 71
48 73
48 76
48 79
48 84
48 85
48 86
48 88
48 91
48 93
48 95
48 96
48 97
48 98
48 99
49 50
49 51
49 52
49 54
49 55
49 59
49 60
49 61
49 63
49 64
49 68
49 69
49 70
49 71
49 72
49 74
49 75
49 77
49 78
49 79
49 80
49 87
49 89
49 92
49 94
49 95
49 97
49 99
50 51
50 52
50 61
50 62
50 64
50 65
50 67
50 69
50 70
50 71
50 75
50 77
50 78
50 80
50 85
50 90
50 94
50 95
50 99
51 52
51 53
51 57
51 64
51 67
51 68
51 70
51 71
51 72
51 74
51 75
51 77
51 79
51 80
51 82
51 83
51 87
51 88
51 91
51 93
51 94
51 96
51 97
52 54
52 56
52 59
52 60
52 61
52 62
52 63
52 64
52 65
52 68
52 69
52 73
52 76
52 81
52 85
52 86
52 95
52 99
53 54
53 56
53 57
53 58
53 60
53 61
53 62
53 63
53 64
53 67
53 69
53 70
53 72
53 73
53 74
53 75
53 77
53 79
53 84
53 85
53 86
53 88
53 89
53 90
53 91
53 94
53 96
53 97
53 99
54 56
54 57
54 59
54 60
54 61
54 63
54 66
54 69
54 74
54 75
54 77
54 84
54 85
54 86
54 91
54 92
54 93
54 94
54 96
55 56
55 60
55 61
55 63
55 64
55 65
55 66
55 67
55 68
55 69
55 73
55 76
55 78
55 83
55 85
55 89
55 90
55 96
55 99
56 58
56 60
56 62
56 64
56 65
56 74
56 75
56 76
56 77
56 78
56 79
56 80
56 81
56 84
56 87
56 88
56 90
56 91
56 94
56 97
56 99
57 59
57 60
57 61
57 62
57 63
57 64
57 65
57 69
57 71
57 73
57 77
57 79
57 81
57 83
57 84
57 89
57 95
58 64
58 65
58 68
58 69
58 70
58 72
58 78
58 83
58 87
58 89
58 91
58 93
58 97
58 98
58 99
59 61
59 65
59 66
59 75
59 79
59 83
59 88
59 90
59 92
59 97
59 98
60 61
60 64
60 65
60 66
60 70
60 73
60 74
60 76
60 77
60 79
60 80
60 83
60 85
60 86
60 87
60 88
60 90
60 99
61 62
61 63
61 64
61 68
61 69
61 70
61 72
61 74
61 75
61 76
61 81
61 83
61 85
61 86
61 91
61 92
61 98
62 63
62 64
62 65
62 67
62 70
62 74
62 76
62 81
62 89
62 92
62 93
62 95
62 96
62 99
63 67
63 72
63 76
63 81
63 83
63 84
63 89
63 91
63 92
63 93
63 96
63 97
63 99
64 67
64 68
64 73
64 76
64 79
64 80
64 81
64 82
64 84
64 93
64 98
64 99
65 66
65 68
65 69
65 70
65 72
65 82
65 85
65 86
65 89
65 92
65 94
65 95
65 97
65 98
66 67
66 70
66 75
66 76
66 77
66 78
66 81
66 83
66 87
66 91
66 92
66 93
67 73
67 75
67 76
67 78
67 80
67 81
67 83
67 87
67 89
67 92
67 97
67 98
68 72
68 73
68 74
68 75
68 76
68 77
68 80
68 83
68 96
68 97
68 99
69 71
69 72
69 73
69 75
69 76
69 79
69 80
69 84
69 85
69 90
69 94
70 71
70 76
70 80
70 83
70 91
70 92
71 73
71 74
71 82
71 84
71 85
71 86
71 89
71 92
71 95
71 98
71 94
72 77
72 79
72 86
72 88
72 94
72 96
72 97
73 74
73 75
73 76
73 78
73 79
73 81
73 83
73 84
73 85
73 86
73 91
73 94
73 97
73 99
74 77
74 78
74 85
74 86
74 93
74 98
75 80
75 87
75 96
76 83
76 85
76 89
76 90
76 97
76 99
77 83
77 85
77 91
77 94
78 79
78 84
78 87
78 98
79 82
79 83
79 87
79 94
79 99
80 81
80 86
80 90
80 93
80 95
80 96
81 82
81 85
81 88
81 90
81 96
81 97
82 83
82 85
82 86
82 87
82 88
82 93
82 95
82 96
82 99
83 84
83 87
83 88
83 90
83 91
83 92
83 93
83 95
83 98
84 86
84 87
85 86
85 88
85 95
86 94
86 96
87 89
87 90
87 95
87 97
89 90
89 92
89 93
89 95
89 98
90 91
90 92
90 93
90 99
91 98
92 97
92 92
93 94
93 96
93 97
97 98