47958968
7
100
679
0 7
0 8
0 11
0 12
0 13
0 23
0 37
0 42
0 63
0 69
0 81
0 92
1 7
1 8
1 9
1 10
1 11
1 13
1 17
1 19
1 21
1 28
1 32
1 42
1 43
1 54
1 55
1 59
1 62
1 64
1 66
1 93
1 94
1 97
1 52
1 92
2 7
2 8
2 9
2 10
2 12
2 15
2 17
2 18
2 19
2 26
2 27
2 31
2 33
2 36
2 44
2 53
2 62
2 74
3 7
3 9
3 10
3 11
3 18
3 20
3 21
3 23
3 41
3 42
3 49
3 56
3 61
3 66
3 67
3 68
3 74
3 76
3 78
3 79
3 80
3 83
3 86
3 93
3 97
3 54
4 7
4 8
4 9
4 11
4 14
4 15
4 16
4 19
4 20
4 21
4 22
4 26
4 27
4 33
4 46
4 47
4 48
4 53
4 56
4 74
4 83
4 85
4 24
5 7
5 8
5 13
5 21
5 22
5 25
5 28
5 32
5 34
5 47
5 56
5 90
6 7
6 8
6 9
6 10
6 11
6 12
6 13
6 14
6 15
6 16
6 21
6 23
6 25
6 27
6 35
6 41
6 42
6 45
6 60
6 67
6 68
6 69
6 77
6 86
6 95
6 97
7 8
7 9
7 10
7 12
7 13
7 14
7 18
7 22
7 25
7 26
7 28
7 29
7 34
7 43
7 44
7 49
7 50
7 55
7 59
7 71
7 75
7 77
7 80
7 82
7 84
7 88
7 98
7 19
7 41
8 9
8 10
8 11
8 13
8 16
8 25
8 26
8 29
8 30
8 32
8 35
8 38
8 42
8 46
8 52
8 60
8 61
8 62
8 70
8 73
8 74
8 89
8 97
8 90
8 18
9 10
9 11
9 12
9 14
9 15
9 16
9 18
9 19
9 20
9 22
9 26
9 27
9 28
9 29
9 32
9 34
9 37
9 41
9 45
9 55
9 66
9 68
9 74
9 76
9 78
9 79
9 80
9 84
9 86
9 87
9 97
9 98
9 83
10 12
10 14
10 15
10 17
10 18
10 19
10 22
10 23
10 24
10 26
10 27
10 34
10 38
10 39
10 50
10 52
10 55
10 61
10 67
10 71
10 75
10 80
10 87
10 90
10 95
10 96
10 37
11 12
11 17
11 20
11 21
11 22
11 24
11 39
11 40
11 52
11 53
11 64
11 70
11 90
11 95
11 13
12 13
12 14
12 15
12 16
12 17
12 18
12 20
12 23
12 29
12 30
12 31
12 33
12 34
12 35
12 36
12 39
12 41
12 44
12 45
12 46
12 48
12 49
12 54
12 55
12 59
12 72
12 75
12 81
12 84
12 90
12 91
13 14
13 15
13 16
13 17
13 20
13 23
13 27
13 38
13 40
13 43
13 45
13 47
13 51
13 52
13 53
13 61
13 65
13 70
13 72
13 73
13 78
13 79
13 87
13 90
14 16
14 19
14 23
14 24
14 28
14 29
14 30
14 36
14 37
14 39
14 43
14 44
14 56
14 62
14 64
14 73
14 79
14 85
15 17
15 22
15 24
15 25
15 31
15 36
15 39
15 48
15 53
15 57
15 61
15 65
15 71
15 72
15 19
16 18
16 21
16 24
16 30
16 33
16 44
16 46
16 54
16 60
16 61
16 63
16 65
16 72
16 84
16 86
16 88
16 96
16 39
17 19
17 24
17 25
17 35
17 36
17 39
17 40
17 41
17 45
17 47
17 55
17 56
17 66
17 70
17 86
17 99
17 22
18 29
18 89
19 20
19 24
19 26
19 36
19 40
19 49
19 50
19 53
19 60
19 63
19 64
19 75
19 83
19 94
19 95
20 25
20 28
20 30
20 31
20 49
20 50
20 54
20 64
20 70
20 74
20 76
20 82
20 85
20 89
21 29
21 30
21 32
21 38
21 41
21 44
21 49
21 63
21 65
21 71
21 88
21 94
21 99
22 27
22 39
22 41
22 42
22 44
22 46
22 51
22 53
22 67
22 76
22 89
22 43
23 32
23 33
23 34
23 38
23 40
23 50
23 57
23 61
23 78
23 80
23 93
23 98
24 32
24 35
24 36
24 37
24 40
24 70
24 81
24 92
25 30
25 31
25 38
25 40
25 50
25 58
25 64
25 73
25 75
25 81
25 89
26 33
26 42
26 43
26 75
26 88
26 90
26 97
27 28
27 33
27 37
27 78
27 87
27 88
28 34
28 37
28 43
28 49
28 51
28 57
28 67
28 69
28 71
28 72
28 76
28 90
28 35
29 31
29 45
29 48
29 58
29 60
29 80
29 84
30 31
30 35
30 59
30 94
31 46
31 47
31 65
32 35
32 46
32 62
32 85
32 87
32 92
33 47
33 51
33 56
33 59
33 71
33 77
33 92
34 52
34 81
34 93
35 68
35 99
36 37
36 38
36 51
36 54
36 57
36 63
36 68
36 69
36 84
36 88
36 94
36 95
37 63
37 66
37 71
37 89
38 43
38 51
38 57
38 68
38 69
39 48
39 91
40 65
40 70
40 90
40 96
40 86
41 58
41 72
41 78
41 91
42 45
42 47
42 85
43 54
43 58
43 77
44 48
44 50
44 51
44 55
44 62
44 83
44 85
44 86
44 98
45 48
45 57
45 58
45 59
45 66
45 77
45 99
46 58
46 91
47 56
47 58
47 69
48 80
48 83
48 96
49 63
50 52
50 54
50 59
50 87
50 96
50 51
51 52
51 62
51 65
51 73
51 84
51 87
52 64
52 77
52 95
53 60
53 79
53 83
54 57
54 60
54 93
54 96
56 66
56 82
56 93
56 94
56 96
57 69
58 75
59 76
59 82
61 67
61 73
61 82
61 89
62 68
62 94
62 77
63 67
64 99
65 73
65 85
65 87
65 88
65 99
66 74
67 72
67 76
68 91
69 92
70 97
71 81
72 78
72 82
72 98
73 83
73 86
73 93
73 81
74 79
75 77
75 79
75 98
77 95
78 81
78 82
79 91
79 92
80 98
82 99
83 85
86 92
89 91
89 92
90 92
93 94
95 96
96 99