509629305
17
100
1424
0 17
0 18
0 19
0 20
0 21
0 22
0 23
0 24
0 25
0 26
0 30
0 32
0 35
0 37
0 40
0 43
0 45
0 53
0 54
0 55
0 57
0 58
0 62
0 63
0 64
0 65
0 68
0 72
0 75
0 80
0 85
0 92
0 95
0 99
0 93
1 17
1 18
1 19
1 20
1 21
1 22
1 23
1 27
1 29
1 30
1 34
1 36
1 41
1 46
1 55
1 56
1 62
1 63
1 65
1 68
1 81
1 84
1 88
1 89
1 98
2 17
2 18
2 19
2 20
2 21
2 22
2 23
2 24
2 25
2 29
2 31
2 32
2 33
2 39
2 40
2 44
2 45
2 51
2 58
2 59
2 62
2 65
2 66
2 67
2 70
2 71
2 72
2 82
2 86
2 87
2 93
2 95
3 17
3 18
3 19
3 21
3 24
3 31
3 34
3 38
3 39
3 41
3 54
3 64
3 79
3 89
3 94
4 17
4 18
4 19
4 20
4 21
4 22
4 24
4 25
4 26
4 27
4 28
4 32
4 33
4 38
4 42
4 43
4 45
4 46
4 48
4 52
4 54
4 59
4 60
4 65
4 66
4 67
4 71
4 78
4 84
4 88
4 93
4 97
5 17
5 18
5 20
5 22
5 23
5 24
5 25
5 26
5 27
5 29
5 33
5 41
5 42
5 54
5 65
5 70
5 76
5 81
5 82
5 91
5 92
5 96
6 17
6 18
6 19
6 20
6 21
6 28
6 34
6 40
6 51
6 84
6 87
6 89
6 93
6 99
7 17
7 18
7 19
7 20
7 21
7 22
7 24
7 26
7 27
7 28
7 31
7 32
7 34
7 35
7 37
7 39
7 44
7 46
7 47
7 48
7 57
7 58
7 60
7 62
7 66
7 67
7 71
7 74
7 76
7 77
7 91
7 93
7 99
8 17
8 18
8 19
8 20
8 21
8 22
8 23
8 24
8 25
8 26
8 27
8 29
8 30
8 31
8 33
8 35
8 37
8 46
8 52
8 55
8 56
8 66
8 76
8 77
8 81
8 83
9 17
9 18
9 19
9 20
9 21
9 23
9 24
9 25
9 26
9 28
9 29
9 30
9 31
9 32
9 33
9 35
9 39
9 46
9 56
9 57
9 65
9 68
9 87
9 89
9 90
9 93
9 94
10 17
10 18
10 19
10 20
10 22
10 23
10 26
10 28
10 29
10 30
10 31
10 37
10 41
10 42
10 43
10 44
10 48
10 50
10 52
10 58
10 60
10 62
10 63
10 64
10 65
10 66
10 69
10 70
10 82
10 83
10 85
10 86
10 87
10 94
10 96
10 97
11 17
11 18
11 19
11 20
11 21
11 22
11 23
11 24
11 25
11 26
11 27
11 29
11 30
11 31
11 32
11 33
11 34
11 36
11 39
11 41
11 45
11 46
11 47
11 51
11 53
11 58
11 66
11 67
11 70
11 79
11 80
11 91
11 95
12 17
12 19
12 21
12 22
12 24
12 25
12 26
12 28
12 29
12 31
12 32
12 39
12 41
12 42
12 45
12 50
12 56
12 58
12 72
12 83
12 98
13 17
13 18
14 17
14 18
14 19
14 20
14 21
14 22
14 23
14 24
14 25
14 29
14 33
14 35
14 36
14 37
14 38
14 40
14 44
14 47
14 51
14 52
14 53
14 56
14 59
14 61
14 63
14 70
14 73
14 74
14 75
14 78
14 79
14 80
14 81
14 83
14 84
14 99
15 17
15 18
15 19
15 20
15 21
15 23
15 26
15 29
15 33
15 34
15 55
15 64
15 68
15 77
15 79
15 85
15 87
16 17
16 18
16 19
16 20
16 22
16 23
16 24
16 27
16 29
16 32
16 35
16 39
16 40
16 48
16 56
16 57
16 59
16 60
16 61
16 62
16 65
16 70
16 74
16 76
16 77
16 81
16 82
16 83
16 86
16 99
17 18
17 19
17 20
17 21
17 22
17 23
17 25
17 26
17 27
17 28
17 30
17 31
17 32
17 33
17 34
17 36
17 37
17 38
17 39
17 40
17 43
17 45
17 46
17 47
17 48
17 50
17 56
17 58
17 59
17 62
17 63
17 67
17 71
17 73
17 77
17 78
17 79
17 82
17 83
17 88
17 91
17 96
17 97
17 51
18 19
18 20
18 21
18 22
18 23
18 25
18 26
18 27
18 28
18 29
18 30
18 32
18 34
18 35
18 37
18 38
18 39
18 40
18 41
18 42
18 43
18 44
18 45
18 48
18 52
18 53
18 54
18 56
18 57
18 64
18 68
18 69
18 72
18 76
18 86
18 92
18 99
19 20
19 21
19 22
19 23
19 24
19 25
19 26
19 27
19 28
19 30
19 32
19 33
19 34
19 35
19 36
19 37
19 39
19 44
19 45
19 48
19 49
19 50
19 53
19 55
19 67
19 69
19 70
19 74
19 77
19 78
19 82
19 83
19 86
19 87
19 88
19 92
19 96
20 21
20 22
20 23
20 24
20 25
20 27
20 28
20 30
20 31
20 32
20 34
20 35
20 39
20 41
20 46
20 50
20 55
20 56
20 57
20 61
20 62
20 65
20 69
20 74
20 75
20 84
20 86
20 87
20 88
20 99
21 22
21 23
21 24
21 25
21 26
21 27
21 28
21 29
21 30
21 34
21 35
21 37
21 38
21 41
21 42
21 44
21 45
21 48
21 50
21 51
21 52
21 56
21 57
21 58
21 61
21 62
21 63
21 66
21 67
21 68
21 69
21 70
21 74
21 78
21 79
21 80
21 82
21 84
21 97
22 23
22 24
22 25
22 27
22 28
22 30
22 32
22 34
22 36
22 38
22 39
22 40
22 42
22 43
22 47
22 48
22 55
22 58
22 59
22 60
22 62
22 63
22 68
22 70
22 71
22 72
22 73
22 76
22 79
22 80
22 84
22 85
22 87
22 88
22 89
22 93
22 96
22 97
22 98
23 24
23 25
23 26
23 27
23 28
23 29
23 30
23 31
23 33
23 34
23 36
23 37
23 38
23 40
23 41
23 42
23 47
23 49
23 50
23 51
23 52
23 53
23 55
23 57
23 58
23 59
23 60
23 61
23 64
23 66
23 67
23 70
23 71
23 76
23 77
23 80
23 81
23 82
23 85
23 89
23 91
23 93
23 94
23 98
24 25
24 26
24 27
24 28
24 29
24 30
24 31
24 33
24 34
24 35
24 37
24 38
24 39
24 40
24 42
24 43
24 44
24 45
24 47
24 48
24 49
24 50
24 52
24 53
24 54
24 55
24 57
24 59
24 63
24 64
24 72
24 75
24 77
24 78
24 80
24 81
24 83
24 88
24 89
24 91
24 93
24 95
24 96
25 26
25 27
25 28
25 30
25 32
25 33
25 36
25 37
25 39
25 42
25 43
25 44
25 45
25 46
25 47
25 48
25 49
25 53
25 58
25 61
25 62
25 63
25 69
25 70
25 72
25 76
25 82
25 84
25 85
25 94
25 97
26 27
26 28
26 29
26 31
26 32
26 33
26 36
26 37
26 38
26 43
26 44
26 46
26 47
26 55
26 57
26 59
26 67
26 73
26 74
26 80
26 82
26 88
26 89
26 99
27 28
27 30
27 31
27 35
27 36
27 37
27 40
27 42
27 43
27 44
27 46
27 50
27 51
27 52
27 54
27 60
27 61
27 69
27 73
27 78
27 82
27 93
27 97
27 99
28 29
28 31
28 32
28 33
28 34
28 35
28 36
28 37
28 38
28 41
28 42
28 43
28 47
28 48
28 49
28 50
28 52
28 56
28 57
28 61
28 62
28 68
28 69
28 73
28 74
28 75
28 78
28 81
28 84
28 85
28 87
28 88
28 90
28 92
28 96
28 99
29 30
29 31
29 32
29 36
29 37
29 38
29 41
29 42
29 45
29 46
29 52
29 54
29 56
29 57
29 58
29 60
29 62
29 66
29 67
29 69
29 70
29 79
29 87
29 91
29 93
29 94
30 31
30 33
30 35
30 36
30 38
30 40
30 43
30 48
30 49
30 52
30 53
30 54
30 64
30 65
30 66
30 69
30 71
30 76
30 80
30 86
30 87
30 88
30 91
30 94
30 96
30 97
30 99
31 33
31 34
31 36
31 38
31 40
31 41
31 44
31 49
31 51
31 54
31 55
31 56
31 59
31 60
31 61
31 69
31 71
31 85
31 89
31 90
31 95
31 63
32 35
32 36
32 40
32 41
32 43
32 45
32 47
32 49
32 50
32 51
32 52
32 58
32 63
32 69
32 73
32 76
32 77
32 86
32 89
32 95
32 96
32 75
33 34
33 35
33 38
33 39
33 43
33 47
33 48
33 49
33 51
33 53
33 54
33 58
33 60
33 61
33 63
33 67
33 69
33 70
33 71
33 83
33 85
33 86
33 91
33 94
33 98
33 66
33 72
34 35
34 36
34 41
34 44
34 51
34 52
34 55
34 56
34 57
34 58
34 59
34 62
34 64
34 68
34 71
34 72
34 73
34 79
34 88
34 90
34 91
34 92
34 94
34 98
35 36
35 38
35 41
35 43
35 44
35 45
35 46
35 47
35 49
35 50
35 53
35 56
35 58
35 60
35 61
35 62
35 64
35 65
35 68
35 72
35 73
35 74
35 76
35 77
35 78
35 79
35 80
35 84
35 86
35 90
36 37
36 38
36 40
36 42
36 45
36 49
36 50
36 53
36 55
36 59
36 71
36 72
36 73
36 83
36 92
36 93
36 95
37 39
37 40
37 42
37 46
37 47
37 49
37 50
37 51
37 52
37 53
37 54
37 56
37 59
37 60
37 66
37 69
37 73
37 77
37 80
37 86
37 87
37 90
37 95
37 97
38 39
38 40
38 45
38 46
38 47
38 49
38 50
38 53
38 54
38 55
38 57
38 64
38 68
38 75
38 77
38 78
38 79
38 80
38 83
38 91
38 94
38 98
39 49
39 51
39 53
39 60
39 67
39 68
39 50
40 41
40 42
40 43
40 44
40 45
40 50
40 53
40 54
40 57
40 72
40 75
40 76
40 82
40 84
40 91
40 98
41 42
41 43
41 44
41 51
41 60
41 61
41 65
41 67
41 70
41 74
41 75
41 76
41 86
41 90
41 91
41 96
41 88
42 44
42 46
42 48
42 51
42 58
42 63
42 64
42 66
42 77
42 82
42 84
42 90
42 94
42 98
42 99
43 48
43 56
43 64
43 68
43 72
43 82
43 92
44 47
44 49
44 59
44 64
44 68
44 71
44 77
44 81
44 83
44 90
44 97
45 46
45 48
45 60
45 66
45 67
45 75
45 81
45 86
45 89
46 47
46 50
46 51
46 52
46 55
46 62
46 63
46 65
46 82
46 83
46 90
46 93
47 49
47 52
47 54
47 63
47 69
47 72
47 73
47 80
47 93
47 96
47 97
48 49
48 54
48 55
48 71
48 73
48 87
48 91
48 99
49 51
49 55
49 57
49 66
49 68
49 70
49 72
49 75
49 82
49 85
49 89
49 90
49 92
49 96
50 59
50 65
50 71
50 76
50 92
50 94
51 53
51 61
51 64
51 72
51 80
51 81
51 82
51 90
51 97
51 98
52 54
52 65
52 66
52 67
52 69
52 74
52 75
52 78
52 79
53 59
53 62
53 74
53 75
53 77
53 79
53 81
53 88
53 90
53 95
53 96
53 97
53 98
53 99
54 61
54 69
54 79
54 95
54 96
54 97
55 61
55 64
55 65
55 72
55 79
55 90
55 94
55 98
56 57
56 60
56 71
56 76
56 80
56 85
56 89
56 92
56 94
57 59
57 68
57 74
57 77
57 78
57 81
57 90
58 60
58 65
58 66
58 70
58 71
58 74
58 83
58 85
58 88
58 92
58 97
58 76
59 61
59 63
59 72
59 73
59 75
59 80
59 89
59 93
59 94
59 96
60 61
60 63
60 78
60 92
60 97
61 63
61 67
61 73
61 76
61 78
61 79
61 85
61 89
62 64
62 73
62 86
62 88
63 74
63 78
63 83
63 86
63 87
64 66
64 67
64 77
64 84
64 85
64 86
64 88
65 70
65 75
65 91
65 82
66 71
66 78
66 80
66 84
66 85
66 99
67 68
67 75
67 81
68 75
68 85
68 93
69 74
69 81
69 91
69 92
70 76
70 90
70 93
70 95
71 74
71 92
71 98
72 73
72 86
72 88
72 90
72 99
73 75
73 79
73 85
73 92
73 95
73 97
74 83
74 84
74 93
74 98
75 87
76 83
76 95
77 78
77 84
77 92
77 98
77 99
78 81
79 94
79 95
80 81
80 84
81 87
81 88
81 94
81 98
83 91
84 89
85 89
85 97
86 87
86 93
89 95
90 96
91 98
93 95
94 95
94 96
96 99