51796904
12
100
1093
0 12
0 13
0 14
0 15
0 18
0 19
0 21
0 22
0 25
0 28
0 32
0 33
0 44
0 45
0 52
0 56
0 73
0 75
0 76
0 84
0 91
0 97
1 12
1 13
1 14
1 15
1 16
1 20
1 22
1 23
1 25
1 27
1 29
1 33
1 34
1 42
1 53
1 57
1 74
1 76
1 77
1 79
1 93
1 96
1 28
2 12
2 13
2 14
2 15
2 16
2 17
2 18
2 20
2 21
2 22
2 24
2 26
2 27
2 28
2 31
2 32
2 33
2 36
2 41
2 46
2 47
2 48
2 50
2 51
2 53
2 54
2 55
2 56
2 60
2 64
2 65
2 69
2 76
2 79
2 82
2 87
2 90
2 91
2 95
2 97
2 98
2 43
3 12
3 13
3 14
3 17
3 18
3 20
3 23
3 24
3 27
3 31
3 32
3 33
3 35
3 38
3 39
3 42
3 44
3 49
3 52
3 56
3 59
3 61
3 63
3 73
3 74
3 78
3 86
3 98
3 34
3 87
4 12
4 13
4 14
4 16
4 17
4 18
4 22
4 25
4 27
4 37
4 39
4 45
4 50
4 54
4 68
4 79
4 81
4 86
4 89
4 91
4 99
5 12
5 14
5 15
5 20
5 25
5 33
5 38
5 40
5 42
5 48
5 31
6 12
6 13
6 14
6 16
6 17
6 18
6 19
6 21
6 23
6 25
6 30
6 31
6 32
6 33
6 35
6 39
6 45
6 50
6 52
6 66
6 68
6 88
6 95
6 84
7 12
7 13
7 15
7 16
7 17
7 19
7 24
7 27
7 36
7 37
7 38
7 42
7 44
7 59
7 67
7 72
7 76
7 80
7 88
8 12
8 13
8 15
8 19
8 23
8 28
8 33
8 35
8 36
8 42
8 50
8 55
8 59
8 65
8 79
8 97
9 12
9 13
9 14
9 15
9 16
9 17
9 19
9 20
9 21
9 23
9 27
9 34
9 39
9 43
9 45
9 52
9 72
9 74
9 77
9 80
9 93
10 12
10 13
10 14
10 15
10 16
10 18
10 19
10 21
10 22
10 24
10 26
10 27
10 29
10 30
10 34
10 45
10 49
10 51
10 52
10 57
10 58
10 62
10 71
10 85
10 93
11 12
11 13
11 14
11 15
11 16
11 17
11 19
11 20
11 21
11 22
11 24
11 26
11 27
11 28
11 29
11 31
11 33
11 35
11 41
11 44
11 48
11 50
11 51
11 52
11 56
11 57
11 59
11 60
11 72
11 90
11 92
11 94
12 13
12 14
12 15
12 16
12 17
12 18
12 19
12 20
12 22
12 23
12 25
12 26
12 27
12 28
12 29
12 30
12 31
12 32
12 33
12 34
12 37
12 39
12 42
12 44
12 45
12 46
12 49
12 51
12 53
12 56
12 57
12 59
12 60
12 64
12 65
12 67
12 69
12 71
12 72
12 73
12 76
12 81
12 91
12 94
12 66
12 83
13 14
13 15
13 16
13 17
13 18
13 19
13 21
13 22
13 23
13 24
13 25
13 26
13 27
13 28
13 29
13 30
13 31
13 32
13 34
13 36
13 39
13 41
13 43
13 45
13 48
13 50
13 51
13 52
13 53
13 54
13 57
13 58
13 60
13 61
13 62
13 63
13 64
13 65
13 66
13 67
13 72
13 73
13 74
13 78
13 82
13 83
13 86
13 87
13 94
13 98
13 99
13 13
13 59
14 15
14 16
14 17
14 18
14 19
14 20
14 21
14 22
14 24
14 25
14 27
14 29
14 30
14 36
14 42
14 44
14 46
14 56
14 60
14 63
14 65
14 68
14 77
14 82
14 83
14 90
14 93
15 16
15 17
15 18
15 25
15 28
15 34
15 38
15 43
15 44
15 46
15 48
15 53
15 56
15 58
15 61
15 64
15 75
15 77
15 78
15 86
15 96
15 97
15 98
15 99
15 47
15 73
16 17
16 18
16 20
16 21
16 22
16 25
16 26
16 28
16 29
16 30
16 35
16 36
16 37
16 38
16 40
16 42
16 47
16 48
16 55
16 58
16 62
16 63
16 65
16 73
16 78
16 84
16 91
16 98
16 99
16 81
17 18
17 19
17 20
17 21
17 22
17 24
17 29
17 30
17 34
17 35
17 38
17 41
17 47
17 55
17 56
17 57
17 64
17 66
17 67
17 69
17 82
17 87
17 90
17 94
18 19
18 20
18 21
18 23
18 25
18 26
18 31
18 34
18 35
18 37
18 39
18 40
18 44
18 45
18 61
18 62
18 67
18 71
18 74
18 75
18 80
18 82
18 87
18 89
18 93
18 96
18 98
19 20
19 21
19 22
19 23
19 24
19 26
19 28
19 29
19 31
19 36
19 37
19 38
19 40
19 41
19 42
19 49
19 51
19 52
19 57
19 59
19 62
19 63
19 67
19 70
19 74
19 75
19 78
19 81
19 82
19 83
19 84
19 85
19 90
19 96
19 86
20 23
20 24
20 26
20 27
20 30
20 31
20 33
20 34
20 35
20 36
20 41
20 46
20 49
20 50
20 54
20 60
20 61
20 63
20 72
20 75
20 80
20 83
20 91
20 97
20 99
21 23
21 24
21 26
21 31
21 32
21 33
21 34
21 38
21 40
21 47
21 48
21 49
21 52
21 54
21 57
21 63
21 65
21 71
21 74
21 79
21 88
21 90
21 93
21 95
21 96
21 91
22 23
22 25
22 26
22 28
22 30
22 32
22 33
22 35
22 37
22 38
22 39
22 40
22 43
22 45
22 46
22 48
22 49
22 55
22 61
22 66
22 68
22 70
22 71
22 72
22 78
22 79
22 83
22 84
22 85
22 88
22 90
22 97
23 24
23 28
23 30
23 32
23 39
23 41
23 46
23 48
23 52
23 59
23 61
23 64
23 66
23 67
23 70
23 71
23 72
23 75
23 76
23 77
23 81
23 83
23 84
23 88
23 90
23 94
23 95
23 97
24 26
24 29
24 34
24 35
24 38
24 39
24 41
24 49
24 53
24 58
24 65
24 80
24 77
25 29
25 30
25 32
25 37
25 40
25 41
25 46
25 51
25 58
25 61
25 63
25 70
25 87
25 88
25 55
26 35
26 39
26 43
26 45
26 47
26 49
26 50
26 53
26 56
26 60
26 64
26 72
26 77
26 79
26 91
26 92
26 93
26 94
26 98
26 34
26 51
26 69
27 28
27 29
27 30
27 32
27 36
27 37
27 43
27 44
27 51
27 53
27 60
27 61
27 62
27 68
27 69
27 80
27 83
27 86
27 88
27 65
28 31
28 32
28 36
28 39
28 46
28 50
28 51
28 53
28 64
28 66
28 82
29 35
29 40
29 42
29 43
29 49
29 52
29 60
29 62
29 71
29 75
29 79
29 85
29 89
29 96
30 31
30 37
30 40
30 41
30 42
30 43
30 44
30 46
30 52
30 55
30 65
30 66
30 68
30 77
30 95
31 34
31 37
31 41
31 43
31 45
31 47
31 51
31 53
31 54
31 55
31 72
31 80
31 85
31 92
31 96
31 97
32 38
32 40
32 67
32 68
32 77
32 87
32 89
32 92
32 36
33 36
33 47
33 55
33 58
33 59
33 62
33 69
33 73
33 76
33 85
33 94
33 45
34 36
34 40
34 55
34 57
34 67
34 68
34 70
34 72
34 83
34 90
35 38
35 43
35 54
35 63
35 86
35 90
35 91
36 37
36 44
36 47
36 48
36 61
36 66
36 71
36 81
36 84
36 86
36 88
36 93
37 48
37 61
37 66
37 73
37 87
37 91
38 40
38 42
38 43
38 46
38 51
38 54
38 55
38 56
38 58
38 60
38 68
38 70
38 71
38 77
38 80
38 83
38 92
38 95
39 46
39 47
39 50
39 54
39 62
39 78
39 84
39 86
39 94
40 41
40 47
40 51
40 54
40 58
40 62
40 63
40 81
40 96
40 85
41 45
41 47
41 49
41 69
41 72
41 76
42 43
42 59
42 73
42 54
43 44
43 48
43 57
43 59
43 60
43 71
43 73
43 81
43 89
44 50
44 59
44 63
44 66
44 69
44 70
44 73
44 76
44 49
45 47
45 49
45 53
45 55
45 57
45 58
45 59
45 68
45 70
45 76
45 82
45 84
45 67
46 57
46 69
46 78
46 81
46 86
46 88
46 89
46 97
47 60
47 65
47 69
47 73
47 75
47 76
47 79
47 82
47 85
47 88
47 89
47 95
48 50
48 56
48 65
48 68
48 74
48 80
48 86
48 87
48 95
48 98
49 53
49 55
49 69
49 82
49 87
49 92
50 54
50 69
50 95
50 72
51 54
51 56
51 58
51 66
51 74
51 81
51 85
51 88
51 89
51 98
52 64
52 69
52 75
52 98
53 67
53 70
53 74
53 75
53 92
53 98
53 88
54 67
54 74
54 79
54 87
55 71
55 75
55 77
55 99
56 70
56 83
56 87
56 99
56 60
57 58
57 62
57 64
57 78
57 84
57 92
58 78
58 84
58 85
58 93
58 99
59 64
59 65
59 80
59 92
59 94
59 95
60 61
60 63
60 64
60 71
60 75
60 88
61 62
61 73
61 92
61 96
61 88
62 93
64 66
64 74
64 78
64 72
65 83
66 67
66 70
66 81
66 89
66 94
66 92
67 68
67 70
67 97
68 77
68 96
69 82
69 89
69 91
69 94
70 78
70 96
71 79
71 83
71 85
71 92
71 97
72 98
73 77
73 81
73 86
73 89
74 80
75 76
75 87
75 88
75 90
75 93
75 95
75 99
76 99
77 80
77 81
77 82
77 91
77 93
78 79
78 84
78 85
79 86
79 91
79 99
81 84
82 92
83 89
83 94
83 97
84 85
84 95
84 96
85 97
86 90
86 96
88 99
94 95