778181772
10
100
927
0 10
0 11
0 13
0 16
0 18
0 19
0 21
0 31
0 33
0 42
0 49
0 57
0 61
0 77
0 89
0 90
0 93
0 97
0 98
1 10
1 11
1 12
1 14
1 15
1 16
1 17
1 20
1 24
1 25
1 29
1 32
1 39
1 47
1 54
1 58
1 63
1 70
1 91
1 93
1 23
2 10
2 11
2 12
2 13
2 14
2 15
2 16
2 17
2 19
2 20
2 23
2 26
2 27
2 28
2 31
2 32
2 35
2 37
2 40
2 43
2 44
2 46
2 47
2 48
2 55
2 58
2 60
2 66
2 68
2 70
2 76
2 78
2 82
2 85
2 89
2 96
2 97
2 92
3 10
3 12
3 15
3 17
3 25
3 30
3 33
3 37
3 52
3 88
3 97
4 10
4 11
4 13
4 14
4 15
4 18
4 19
4 25
4 32
4 39
4 48
4 49
4 50
4 52
4 53
4 68
4 74
4 76
4 80
4 95
5 10
5 11
5 12
5 13
5 15
5 16
5 18
5 19
5 20
5 21
5 24
5 26
5 27
5 28
5 30
5 31
5 35
5 45
5 48
5 52
5 53
5 54
5 59
5 64
5 79
5 86
5 88
5 71
6 10
6 11
6 12
6 13
6 14
6 15
6 16
6 17
6 19
6 20
6 22
6 23
6 26
6 27
6 28
6 32
6 33
6 36
6 39
6 47
6 49
6 56
6 68
6 70
6 72
6 74
6 78
6 79
6 83
6 87
6 25
7 10
7 11
7 12
7 14
7 15
7 16
7 20
7 21
7 24
7 25
7 29
7 34
7 38
7 39
7 41
7 49
7 63
7 65
7 69
7 78
7 81
8 10
8 11
8 12
8 13
8 16
8 22
8 28
8 29
8 33
8 34
8 43
8 45
8 77
8 84
8 91
9 10
9 11
9 12
9 13
9 14
9 22
9 26
9 33
9 35
9 36
9 41
9 56
9 60
9 64
9 65
9 80
9 89
9 21
9 16
10 11
10 12
10 13
10 14
10 15
10 16
10 18
10 19
10 20
10 21
10 23
10 24
10 27
10 28
10 29
10 30
10 33
10 34
10 35
10 36
10 37
10 38
10 42
10 44
10 45
10 46
10 47
10 48
10 52
10 54
10 57
10 59
10 60
10 61
10 62
10 64
10 65
10 69
10 79
10 80
10 82
10 83
10 85
10 93
10 94
10 95
10 96
10 97
11 12
11 13
11 14
11 15
11 16
11 17
11 18
11 19
11 21
11 22
11 28
11 29
11 34
11 35
11 39
11 40
11 41
11 42
11 45
11 48
11 49
11 51
11 53
11 62
11 63
11 69
11 73
11 76
11 85
11 92
11 95
12 13
12 14
12 16
12 17
12 18
12 19
12 20
12 21
12 22
12 24
12 25
12 26
12 28
12 30
12 36
12 38
12 40
12 42
12 44
12 48
12 50
12 53
12 54
12 55
12 58
12 59
12 63
12 64
12 72
12 74
12 77
12 80
12 86
12 90
12 97
13 14
13 15
13 17
13 18
13 22
13 23
13 26
13 27
13 37
13 42
13 43
13 44
13 45
13 49
13 51
13 52
13 62
13 64
13 66
13 68
13 74
13 76
13 80
13 81
13 83
13 91
13 93
13 95
14 17
14 18
14 19
14 20
14 21
14 22
14 26
14 28
14 29
14 30
14 32
14 34
14 43
14 45
14 46
14 49
14 50
14 51
14 54
14 55
14 56
14 60
14 61
14 64
14 67
14 70
14 73
14 86
14 89
14 91
14 97
14 99
14 31
15 17
15 18
15 19
15 22
15 23
15 24
15 27
15 31
15 33
15 34
15 36
15 37
15 42
15 44
15 57
15 59
15 65
15 79
15 89
15 93
15 94
16 17
16 18
16 21
16 23
16 24
16 25
16 26
16 27
16 31
16 32
16 38
16 40
16 41
16 42
16 49
16 50
16 56
16 58
16 59
16 60
16 61
16 67
16 69
16 71
16 72
16 73
16 75
16 77
16 87
16 90
16 92
16 96
16 30
17 20
17 21
17 23
17 24
17 26
17 33
17 34
17 41
17 43
17 44
17 45
17 51
17 59
17 72
17 73
17 76
17 83
17 84
17 85
17 86
17 88
17 89
17 90
17 95
17 98
17 99
17 52
17 55
17 66
17 69
18 21
18 23
18 25
18 28
18 30
18 35
18 36
18 38
18 40
18 41
18 43
18 49
18 51
18 56
18 57
18 59
18 63
18 65
18 67
18 76
18 81
18 84
18 85
18 86
18 87
18 91
19 20
19 23
19 24
19 30
19 31
19 36
19 37
19 39
19 40
19 41
19 47
19 48
19 50
19 52
19 75
19 93
19 95
19 63
20 22
20 25
20 27
20 31
20 33
20 37
20 39
20 44
20 52
20 53
20 60
20 69
20 83
20 96
20 98
21 22
21 23
21 24
21 25
21 26
21 27
21 28
21 29
21 31
21 42
21 45
21 50
21 53
21 65
21 68
21 70
21 80
21 85
21 88
21 90
22 29
22 30
22 34
22 35
22 36
22 38
22 55
22 57
22 63
22 66
22 74
22 75
22 78
22 79
22 81
22 85
22 92
22 98
22 56
23 34
23 36
23 38
23 50
23 55
23 58
23 61
23 87
23 95
23 97
23 43
24 25
24 29
24 34
24 35
24 47
24 48
24 50
24 55
24 71
24 79
24 80
24 84
24 85
24 99
25 32
25 44
25 52
25 62
25 81
25 88
25 92
25 93
25 37
26 27
26 32
26 35
26 40
26 41
26 46
26 47
26 53
26 69
26 71
26 76
26 77
26 82
26 51
27 29
27 36
27 39
27 43
27 46
27 69
27 75
27 79
27 83
27 86
27 87
27 90
27 99
28 30
28 31
28 32
28 37
28 43
28 46
28 50
28 63
28 67
28 68
28 70
28 72
28 76
29 30
29 31
29 32
29 35
29 37
29 41
29 56
29 61
29 68
29 71
29 78
30 33
30 40
30 58
30 60
30 69
30 73
30 81
30 83
30 84
30 96
30 97
31 39
31 46
31 48
31 51
31 66
31 67
31 72
31 87
31 96
31 73
32 40
32 42
32 43
32 44
32 46
32 47
32 52
32 53
32 57
32 58
32 61
32 63
32 76
32 94
32 90
33 37
33 38
33 39
33 41
33 56
33 64
33 66
33 68
33 92
34 38
34 46
34 55
34 59
34 60
34 61
34 72
34 79
35 42
35 51
35 54
35 55
35 57
35 68
35 70
35 97
35 75
36 44
36 46
36 47
36 49
36 51
36 62
36 66
36 67
36 71
36 84
36 59
37 38
37 40
37 50
37 51
37 54
37 65
37 66
37 86
37 89
37 91
37 95
38 54
38 64
38 67
38 94
38 81
39 45
39 53
39 54
39 77
39 78
39 83
40 43
40 56
40 57
40 61
40 63
40 67
40 84
40 76
41 72
41 74
41 77
41 81
41 82
41 91
42 52
42 65
42 80
43 45
43 47
43 51
43 60
43 64
43 71
43 75
43 84
43 94
43 93
44 65
44 66
44 68
44 71
44 74
44 90
45 56
45 62
45 70
45 71
45 73
45 77
45 78
45 80
45 82
45 94
45 99
46 57
46 62
46 80
46 82
46 83
46 93
46 94
47 48
47 78
47 92
47 60
48 53
48 57
48 62
48 64
48 67
48 70
48 82
48 99
49 55
49 58
49 81
50 54
50 55
50 58
50 63
50 73
50 75
50 76
50 77
50 82
50 99
51 62
51 65
51 69
51 72
51 93
51 94
51 95
51 98
52 59
52 79
52 92
53 58
53 75
53 87
54 60
54 78
54 99
55 56
55 70
55 73
55 85
55 94
55 98
56 59
56 61
56 81
56 88
57 62
57 66
57 67
57 71
57 72
57 74
57 75
57 83
58 71
58 88
58 90
59 69
59 73
59 87
59 88
59 90
59 96
59 98
60 84
60 86
60 88
60 89
61 74
62 73
62 75
62 78
64 66
65 75
65 89
65 98
66 85
67 82
67 90
67 96
67 97
68 98
69 74
69 79
69 84
69 86
69 87
69 92
70 77
72 81
73 78
76 88
76 91
78 86
78 91
78 92
78 95
78 99
81 82
81 96
81 98
82 87
86 92
88 89
90 91
92 93
93 94
93 96
95 99
96 97