375286133
14
100
1259
0 14
0 16
0 17
0 18
0 20
0 21
0 26
0 27
0 28
0 30
0 32
0 34
0 43
0 47
0 51
0 56
0 62
0 70
0 74
0 79
1 14
1 15
1 16
1 17
1 31
1 36
1 38
1 42
1 43
1 50
1 56
1 66
1 70
1 83
1 85
1 35
1 44
2 14
2 15
2 19
2 23
2 30
2 34
2 35
2 67
2 71
2 90
2 96
3 14
3 15
3 16
3 17
3 18
3 20
3 21
3 24
3 25
3 42
3 68
3 82
4 14
4 15
4 16
4 18
4 19
4 20
4 22
4 24
4 29
4 32
4 47
4 48
4 54
4 60
4 69
4 72
4 97
4 74
5 14
5 15
5 16
5 17
5 18
5 19
5 20
5 22
5 23
5 24
5 29
5 32
5 35
5 39
5 43
5 47
5 54
5 59
5 60
5 62
5 64
5 68
5 69
5 70
5 71
5 73
5 75
5 78
5 82
5 83
6 14
6 15
6 16
6 17
6 18
6 19
6 20
6 21
6 23
6 25
6 27
6 29
6 30
6 33
6 34
6 35
6 36
6 38
6 42
6 44
6 48
6 55
6 56
6 65
6 85
6 88
6 94
6 95
7 14
7 15
7 16
7 17
7 18
7 19
7 20
7 21
7 22
7 23
7 24
7 25
7 26
7 29
7 30
7 31
7 33
7 34
7 35
7 37
7 40
7 43
7 44
7 51
7 53
7 55
7 61
7 63
7 64
7 65
7 70
7 71
7 73
7 80
7 81
7 82
7 83
7 93
7 49
8 14
8 15
8 17
8 19
8 20
8 22
8 27
8 28
8 33
8 37
8 44
8 46
8 56
8 63
8 64
8 86
8 88
8 90
8 92
8 98
8 9
9 14
9 15
9 16
9 17
9 22
9 23
9 25
9 27
9 30
9 42
9 48
9 58
9 62
9 78
9 85
9 98
10 14
10 15
10 16
10 17
10 18
10 19
10 21
10 23
10 24
10 25
10 27
10 29
10 31
10 33
10 35
10 36
10 38
10 40
10 42
10 44
10 45
10 49
10 52
10 54
10 56
10 65
10 68
10 76
10 79
10 80
10 82
10 75
10 63
11 14
11 15
11 16
11 17
11 18
11 19
11 32
11 48
11 53
11 60
11 66
11 87
11 92
11 96
12 14
12 15
12 16
12 18
12 19
12 21
12 22
12 26
12 27
12 30
12 38
12 39
12 44
12 47
12 52
12 54
12 55
12 57
12 64
12 72
12 74
12 75
12 76
12 78
12 81
12 83
12 85
12 86
12 90
12 92
12 96
12 20
13 14
13 15
13 16
13 17
13 18
13 20
13 21
13 23
13 29
13 31
13 33
13 35
13 36
13 37
13 38
13 39
13 48
13 49
13 52
13 56
13 59
13 62
13 69
13 70
13 72
13 81
13 86
13 94
14 15
14 16
14 17
14 18
14 19
14 20
14 21
14 22
14 23
14 24
14 25
14 26
14 28
14 30
14 32
14 34
14 35
14 36
14 37
14 38
14 40
14 42
14 43
14 51
14 53
14 54
14 55
14 57
14 59
14 62
14 64
14 66
14 67
14 68
14 69
14 77
14 78
14 79
14 82
14 83
14 84
14 88
14 90
14 92
14 93
14 65
15 16
15 17
15 18
15 19
15 20
15 21
15 22
15 23
15 24
15 25
15 26
15 27
15 28
15 29
15 30
15 31
15 32
15 33
15 34
15 35
15 37
15 38
15 40
15 41
15 42
15 44
15 45
15 46
15 49
15 50
15 53
15 58
15 59
15 61
15 62
15 67
15 74
15 81
15 82
15 83
15 84
15 86
15 95
15 97
15 99
15 80
16 17
16 18
16 19
16 20
16 21
16 22
16 23
16 24
16 25
16 26
16 28
16 29
16 31
16 32
16 33
16 34
16 36
16 37
16 38
16 39
16 40
16 41
16 45
16 46
16 49
16 51
16 53
16 54
16 55
16 58
16 59
16 60
16 61
16 64
16 65
16 66
16 68
16 69
16 72
16 73
16 75
16 77
16 78
16 81
16 83
16 84
16 86
16 88
16 91
16 93
16 94
16 98
16 99
16 35
17 18
17 19
17 20
17 21
17 22
17 23
17 24
17 25
17 26
17 27
17 28
17 29
17 30
17 31
17 32
17 33
17 34
17 35
17 37
17 39
17 41
17 42
17 43
17 45
17 46
17 52
17 54
17 55
17 58
17 62
17 63
17 65
17 67
17 72
17 73
17 74
17 75
17 76
17 78
17 86
17 89
17 91
17 99
17 51
17 82
18 19
18 20
18 21
18 22
18 23
18 24
18 25
18 26
18 29
18 32
18 33
18 36
18 40
18 44
18 45
18 46
18 48
18 50
18 51
18 52
18 56
18 57
18 63
18 66
18 70
18 71
18 77
18 79
18 85
18 90
18 99
19 20
19 21
19 22
19 23
19 24
19 25
19 26
19 28
19 30
19 31
19 32
19 33
19 34
19 35
19 36
19 39
19 40
19 46
19 53
19 55
19 57
19 59
19 63
19 66
19 68
19 69
19 76
19 79
19 89
19 90
19 37
20 21
20 22
20 24
20 25
20 26
20 27
20 28
20 32
20 33
20 35
20 36
20 38
20 40
20 42
20 44
20 45
20 50
20 51
20 55
20 56
20 58
20 62
20 79
20 80
20 82
20 84
20 85
20 88
20 89
20 98
20 57
20 49
21 22
21 23
21 24
21 26
21 27
21 29
21 30
21 31
21 32
21 34
21 39
21 41
21 47
21 48
21 49
21 51
21 53
21 62
21 68
21 70
21 75
21 77
21 79
21 85
21 88
21 89
21 91
21 93
21 97
21 38
21 42
22 24
22 27
22 28
22 29
22 32
22 34
22 36
22 37
22 38
22 41
22 46
22 48
22 50
22 53
22 54
22 55
22 58
22 60
22 65
22 67
22 74
22 76
22 88
22 96
22 45
23 25
23 26
23 27
23 28
23 31
23 35
23 37
23 54
23 56
23 59
23 64
23 73
23 80
23 86
23 89
23 92
23 94
23 95
23 98
23 75
24 25
24 26
24 28
24 29
24 30
24 33
24 34
24 36
24 37
24 40
24 42
24 43
24 45
24 47
24 49
24 50
24 55
24 58
24 60
24 64
24 71
24 75
24 81
24 83
24 85
24 90
24 54
25 26
25 27
25 28
25 30
25 36
25 41
25 42
25 49
25 58
25 60
25 61
25 63
25 64
25 71
25 77
25 80
25 85
25 96
25 34
25 53
26 27
26 28
26 29
26 31
26 33
26 36
26 42
26 43
26 44
26 45
26 46
26 48
26 52
26 57
26 61
26 63
26 64
26 65
26 75
26 76
26 77
26 87
26 93
26 97
26 50
26 83
27 28
27 31
27 33
27 35
27 36
27 43
27 46
27 47
27 49
27 50
27 53
27 54
27 56
27 65
27 69
27 72
27 73
27 75
27 79
27 91
27 96
28 30
28 31
28 34
28 43
28 45
28 47
28 50
28 51
28 53
28 57
28 63
28 72
28 76
29 31
29 34
29 38
29 39
29 41
29 46
29 47
29 50
29 51
29 52
29 68
29 71
29 74
29 75
29 82
29 84
29 91
29 93
29 96
29 99
29 62
29 58
30 37
30 45
30 55
30 71
30 74
30 76
30 78
30 87
31 32
31 37
31 39
31 41
31 45
31 52
31 57
31 65
31 67
31 75
31 81
31 85
31 91
31 92
31 93
31 96
31 97
31 99
31 62
31 46
32 35
32 37
32 38
32 39
32 40
32 41
32 45
32 46
32 47
32 51
32 52
32 54
32 63
32 66
32 67
32 69
32 73
32 74
32 81
32 91
32 93
32 98
32 58
32 34
33 37
33 39
33 43
33 44
33 50
33 51
33 57
33 71
33 72
33 78
33 86
33 87
33 91
33 93
33 97
33 67
34 38
34 39
34 42
34 44
34 46
34 48
34 50
34 53
34 55
34 57
34 60
34 61
34 68
34 69
34 81
34 89
34 96
34 99
35 38
35 39
35 40
35 41
35 43
35 47
35 49
35 52
35 54
35 57
35 61
35 65
35 73
35 76
35 77
35 87
35 88
35 94
36 40
36 41
36 43
36 44
36 47
36 49
36 59
36 61
36 68
36 73
36 74
36 83
36 87
36 90
37 39
37 41
37 43
37 44
37 48
37 49
37 58
37 61
37 62
37 64
37 67
37 72
37 80
37 81
37 83
37 89
37 91
37 92
38 40
38 42
38 48
38 52
38 55
38 57
38 60
38 62
38 70
38 71
38 72
38 73
38 75
38 79
38 80
38 86
38 95
38 99
39 40
39 41
39 44
39 47
39 51
39 53
39 59
39 67
39 69
39 72
39 81
39 84
39 87
39 63
39 99
40 41
40 50
40 56
40 57
40 63
40 69
40 72
40 80
40 91
40 98
40 45
41 51
41 60
41 62
41 70
41 71
41 78
41 83
41 90
41 92
41 96
41 97
41 59
42 54
42 59
42 68
42 71
42 82
42 98
42 86
43 45
43 66
43 67
43 74
43 76
43 81
43 84
43 85
43 86
43 89
43 94
43 96
43 97
43 60
43 61
44 45
44 46
44 48
44 49
44 50
44 52
44 56
44 57
44 58
44 61
44 63
44 66
44 71
44 81
44 88
44 90
45 46
45 47
45 50
45 53
45 58
45 61
45 65
45 70
45 83
45 84
45 88
45 91
45 95
45 98
46 54
46 55
46 56
46 61
46 68
46 72
46 73
46 75
46 78
46 85
47 48
47 49
47 53
47 66
47 70
47 73
47 80
47 86
47 77
48 49
48 57
48 58
48 77
48 78
48 82
48 92
48 94
48 95
49 51
49 52
49 59
49 61
49 62
49 91
49 95
50 52
50 59
50 60
50 64
50 67
50 69
50 75
50 78
50 86
50 87
50 92
50 97
51 64
51 67
51 69
51 70
51 71
51 80
51 82
51 87
51 98
51 76
52 56
52 58
52 61
52 68
52 79
52 83
52 84
52 89
52 92
52 93
53 63
53 66
53 76
53 83
53 95
54 74
54 81
54 84
55 60
55 62
55 63
55 66
55 67
55 77
55 80
55 97
55 99
55 76
55 85
56 58
56 59
56 60
56 65
56 66
56 86
56 89
56 92
56 94
57 59
57 76
57 88
57 90
57 95
57 60
58 60
58 64
58 65
58 84
58 88
59 76
59 79
59 90
59 91
59 97
60 68
60 69
60 78
60 84
60 87
60 93
60 95
61 63
61 75
61 89
61 94
62 70
62 77
62 96
62 99
63 65
63 66
63 67
63 77
63 78
63 80
63 85
63 87
63 93
63 95
63 97
63 98
64 70
64 74
64 80
65 73
65 74
65 87
65 89
65 95
65 98
65 99
66 79
66 82
66 85
66 87
66 92
67 79
68 82
68 88
69 93
70 73
70 76
70 98
71 72
71 74
71 77
71 87
71 96
71 99
71 84
72 77
72 82
72 81
73 75
73 89
74 77
74 79
74 97
74 99
75 80
75 88
75 91
76 93
76 96
77 84
77 90
77 92
77 94
77 91
78 90
79 84
80 89
80 90
80 99
82 83
82 89
83 94
84 86
85 95
86 96
87 95
88 98
88 88
89 94
91 94
92 94
92 97
92 98
95 97