775546315
13
100
1176
0 13
0 15
0 20
0 29
0 30
0 31
0 39
0 56
0 63
0 78
0 79
0 87
0 98
1 13
1 14
1 15
1 16
1 18
1 19
1 20
1 21
1 22
1 24
1 25
1 26
1 27
1 29
1 30
1 33
1 35
1 41
1 47
1 48
1 51
1 55
1 56
1 57
1 62
1 63
1 65
1 66
1 69
1 76
1 81
1 82
1 92
1 45
2 13
2 14
2 16
2 17
2 18
2 19
2 20
2 21
2 22
2 23
2 25
2 26
2 27
2 28
2 38
2 39
2 40
2 43
2 46
2 50
2 60
2 67
2 76
2 93
3 13
3 14
3 15
3 18
3 19
3 20
3 21
3 22
3 25
3 27
3 28
3 35
3 40
3 44
3 48
3 49
3 52
3 57
3 73
3 90
3 91
3 97
3 37
4 13
4 14
4 15
4 16
4 17
4 18
4 19
4 21
4 23
4 24
4 26
4 32
4 33
4 39
4 46
4 49
4 51
4 53
4 55
4 63
4 67
4 68
4 72
4 73
4 74
4 75
4 85
4 91
4 99
4 7
5 13
5 14
5 15
5 16
5 17
5 18
5 23
5 25
5 28
5 30
5 32
5 34
5 35
5 36
5 40
5 47
5 48
5 54
5 55
5 63
5 66
5 75
5 81
5 97
5 88
6 13
6 14
6 15
6 16
6 17
6 21
6 22
6 23
6 24
6 25
6 27
6 28
6 32
6 36
6 43
6 51
6 54
6 57
6 71
6 77
6 82
6 88
6 93
6 99
6 18
6 56
7 13
7 14
7 15
7 16
7 17
7 18
7 19
7 20
7 21
7 22
7 29
7 32
7 47
7 50
7 57
7 68
7 69
7 70
7 81
7 88
7 97
7 99
8 13
8 14
8 15
8 32
8 55
8 61
8 62
8 67
8 82
8 85
8 93
9 13
9 14
9 15
9 16
9 17
9 18
9 19
9 20
9 23
9 25
9 27
9 29
9 30
9 34
9 37
9 39
9 43
9 46
9 48
9 62
9 78
9 84
9 88
9 77
10 13
10 14
10 15
10 16
10 17
10 22
10 24
10 26
10 29
10 30
10 36
10 39
10 41
10 51
10 54
10 55
10 56
10 62
10 65
10 66
10 68
10 75
10 96
11 13
11 14
11 15
11 16
11 17
11 18
11 23
11 27
11 32
11 33
11 34
11 42
11 44
11 45
11 49
11 52
11 55
11 59
11 62
11 67
11 72
11 91
12 13
12 14
12 16
12 17
12 18
12 19
12 20
12 21
12 23
12 24
12 26
12 27
12 28
12 29
12 30
12 33
12 36
12 37
12 40
12 41
12 43
12 48
12 49
12 56
12 60
12 83
12 89
12 91
12 96
12 51
13 14
13 15
13 16
13 17
13 18
13 19
13 20
13 21
13 22
13 23
13 24
13 25
13 26
13 28
13 29
13 30
13 31
13 35
13 38
13 41
13 42
13 43
13 45
13 49
13 51
13 53
13 54
13 55
13 57
13 59
13 60
13 62
13 67
13 76
13 77
13 78
13 79
13 80
13 81
13 82
13 87
13 90
13 92
13 93
13 94
13 66
13 63
14 15
14 16
14 17
14 18
14 19
14 20
14 21
14 22
14 24
14 25
14 26
14 28
14 29
14 30
14 32
14 33
14 36
14 37
14 38
14 39
14 41
14 43
14 45
14 46
14 47
14 49
14 51
14 53
14 58
14 61
14 68
14 69
14 74
14 77
14 78
14 79
14 80
14 83
14 84
14 87
14 94
14 96
14 98
14 70
15 16
15 17
15 18
15 19
15 20
15 21
15 22
15 24
15 25
15 26
15 27
15 29
15 30
15 31
15 33
15 35
15 36
15 37
15 38
15 40
15 42
15 43
15 45
15 49
15 50
15 53
15 57
15 59
15 61
15 62
15 64
15 66
15 75
15 79
15 80
15 81
15 82
15 83
15 86
15 89
15 90
15 95
15 98
15 58
16 17
16 18
16 19
16 22
16 23
16 24
16 25
16 27
16 28
16 31
16 33
16 38
16 41
16 42
16 43
16 44
16 46
16 47
16 48
16 50
16 66
16 73
16 76
16 83
16 84
16 88
16 89
16 94
17 19
17 20
17 21
17 23
17 24
17 28
17 29
17 31
17 32
17 33
17 35
17 37
17 38
17 45
17 48
17 50
17 58
17 59
17 65
17 66
17 67
17 72
17 82
17 84
17 89
17 93
17 96
17 98
17 36
17 18
18 19
18 20
18 21
18 22
18 24
18 26
18 27
18 30
18 31
18 33
18 34
18 36
18 37
18 40
18 41
18 46
18 49
18 51
18 52
18 58
18 59
18 61
18 70
18 71
18 72
18 81
18 83
18 86
18 95
19 20
19 21
19 26
19 27
19 31
19 34
19 35
19 36
19 38
19 41
19 45
19 48
19 50
19 53
19 54
19 56
19 58
19 61
19 63
19 68
19 69
19 75
19 79
19 81
19 86
19 94
19 95
19 97
19 98
20 22
20 23
20 25
20 27
20 29
20 30
20 31
20 32
20 37
20 38
20 40
20 42
20 43
20 44
20 54
20 58
20 59
20 72
20 78
20 80
20 84
20 97
20 81
20 26
20 77
21 22
21 23
21 24
21 26
21 28
21 34
21 35
21 36
21 37
21 39
21 41
21 42
21 43
21 44
21 51
21 56
21 59
21 60
21 63
21 65
21 68
21 70
21 74
21 81
21 94
21 98
21 99
21 52
22 23
22 24
22 25
22 26
22 28
22 30
22 31
22 32
22 33
22 35
22 36
22 39
22 40
22 46
22 48
22 49
22 50
22 51
22 53
22 54
22 60
22 61
22 62
22 64
22 71
22 75
22 77
22 82
22 85
22 91
22 95
22 97
23 28
23 29
23 33
23 34
23 35
23 40
23 42
23 46
23 49
23 50
23 52
23 53
23 54
23 55
23 56
23 59
23 66
23 75
23 78
23 79
23 80
23 85
23 86
23 91
23 95
23 69
24 25
24 26
24 29
24 31
24 32
24 44
24 47
24 48
24 49
24 51
24 52
24 53
24 55
24 56
24 62
24 64
24 65
24 71
24 73
24 76
24 80
24 84
24 89
24 90
24 92
24 95
25 27
25 31
25 32
25 36
25 37
25 42
25 44
25 45
25 46
25 47
25 50
25 52
25 55
25 58
25 61
25 62
25 66
25 67
25 71
25 87
25 89
25 98
25 33
25 41
25 73
26 28
26 32
26 34
26 38
26 40
26 44
26 47
26 58
26 67
26 69
26 87
26 98
26 89
27 34
27 42
27 44
27 47
27 48
27 50
27 52
27 53
27 54
27 64
27 69
27 71
27 74
27 82
27 84
27 85
27 91
27 94
27 99
28 31
28 33
28 37
28 39
28 40
28 42
28 46
28 51
28 57
28 58
28 63
28 65
28 73
28 77
28 82
28 88
28 90
28 99
29 30
29 31
29 33
29 34
29 35
29 37
29 38
29 39
29 41
29 45
29 46
29 60
29 70
29 76
29 77
29 79
29 81
29 86
29 96
30 36
30 39
30 53
30 57
30 61
30 64
30 70
30 74
30 92
30 93
31 34
31 39
31 40
31 45
31 56
31 64
31 66
31 75
31 81
31 83
31 85
31 88
31 92
31 95
31 96
31 98
31 68
31 90
32 34
32 35
32 43
32 51
32 57
32 59
32 62
32 64
32 67
32 68
32 69
32 70
32 72
32 78
32 83
32 86
32 90
32 96
32 56
32 60
33 34
33 45
33 57
33 60
33 65
33 68
33 70
33 79
33 85
33 86
33 87
33 50
33 59
34 35
34 36
34 37
34 38
34 40
34 41
34 48
34 58
34 60
34 65
34 66
34 68
34 73
34 74
34 76
34 81
34 85
34 87
34 90
34 93
34 95
34 98
34 99
35 37
35 38
35 42
35 43
35 48
35 64
35 71
35 75
35 91
35 55
35 82
35 93
36 39
36 41
36 42
36 44
36 45
36 47
36 50
36 56
36 57
36 58
36 59
36 61
36 64
36 67
36 69
36 75
36 85
36 90
36 99
37 38
37 41
37 52
37 67
37 71
37 73
37 87
37 88
37 99
38 47
38 53
38 58
38 60
38 69
38 72
38 74
38 84
38 88
38 89
38 42
39 44
39 45
39 46
39 49
39 52
39 57
39 61
39 65
39 84
39 85
40 44
40 55
40 56
40 63
40 72
40 75
40 76
40 79
40 80
40 90
40 95
41 42
41 45
41 46
41 50
41 52
41 62
41 65
41 68
41 72
41 73
41 76
41 77
41 82
41 83
41 89
41 92
41 94
41 99
42 43
42 44
42 47
42 49
42 56
42 64
42 68
42 71
42 77
42 96
42 97
43 54
43 55
43 58
43 60
43 65
43 76
43 79
43 80
43 92
44 47
44 52
44 63
44 77
44 86
44 97
45 54
45 65
45 78
46 52
46 53
46 59
46 60
46 70
46 71
46 74
46 78
46 90
46 91
46 95
47 52
47 57
47 59
47 60
47 65
47 71
47 78
47 82
48 67
48 74
48 81
48 84
48 93
48 95
48 96
49 50
49 51
49 71
49 84
49 94
49 65
50 54
50 66
50 67
50 73
50 80
50 89
51 53
51 56
51 64
51 69
51 85
51 92
51 89
52 54
52 58
52 59
52 61
52 63
52 64
52 70
52 74
52 77
52 78
52 82
52 85
52 88
52 91
52 92
53 60
53 72
53 86
54 55
54 61
54 86
54 85
55 62
55 86
55 89
56 63
56 70
56 79
56 90
56 94
56 98
57 66
57 69
57 74
57 76
57 85
57 87
57 90
57 92
57 93
57 75
58 69
58 72
58 73
58 80
58 88
58 89
58 98
59 61
59 64
59 66
59 75
59 76
59 83
60 63
60 68
60 92
60 97
61 69
61 76
61 88
61 95
62 63
62 68
62 78
62 87
62 88
62 90
62 91
62 93
62 99
63 84
63 94
64 71
64 88
64 89
65 70
65 79
65 92
65 86
66 72
66 73
66 74
66 77
66 80
66 83
66 84
66 87
66 95
66 96
67 70
67 72
67 74
67 94
68 70
68 75
68 96
69 77
69 79
69 91
69 81
70 73
70 78
70 80
70 86
70 99
71 73
71 99
72 93
72 94
73 83
73 97
74 77
74 80
74 82
76 83
77 92
78 87
78 97
79 81
79 89
79 94
81 96
82 83
82 85
83 86
83 96
83 97
84 91
84 97
86 87
86 91
86 93
86 95
87 94
90 98
92 93
92 98
93 96