148285930
9
100
845
0 9
0 10
0 11
0 12
0 13
0 14
0 15
0 16
0 17
0 22
0 23
0 25
0 26
0 27
0 29
0 32
0 33
0 36
0 39
0 42
0 46
0 50
0 54
0 55
0 60
0 61
0 67
0 70
0 71
0 75
0 79
0 91
0 92
0 94
1 9
1 10
1 11
1 12
1 24
1 50
1 74
1 92
2 9
2 13
2 16
2 47
3 9
3 10
3 11
3 12
3 13
3 16
3 17
3 19
3 20
3 23
3 24
3 30
3 31
3 32
3 34
3 37
3 38
3 41
3 52
3 54
3 58
3 61
3 64
3 67
3 70
3 72
3 76
3 86
3 96
3 99
3 36
4 9
4 10
4 12
4 13
4 14
4 18
4 19
4 21
4 27
4 32
4 37
4 55
4 60
4 65
4 66
4 69
4 75
4 85
4 92
4 64
5 9
5 10
5 11
5 14
5 15
5 16
5 18
5 29
5 31
5 39
5 40
5 54
5 55
5 58
5 61
5 68
5 71
5 96
5 66
6 9
6 10
6 11
6 12
6 13
6 14
6 15
6 21
6 27
6 28
6 43
6 47
6 53
6 58
6 61
6 69
6 87
6 97
6 98
7 9
7 10
7 11
7 12
7 15
7 16
7 18
7 20
7 42
7 67
7 70
7 78
7 88
7 90
7 94
8 9
8 10
8 11
8 12
8 13
8 14
8 15
8 17
8 21
8 23
8 25
8 29
8 41
8 44
8 46
8 54
8 56
8 59
8 65
8 66
8 80
8 84
8 86
9 10
9 11
9 12
9 13
9 14
9 15
9 16
9 17
9 19
9 20
9 22
9 24
9 26
9 27
9 29
9 31
9 32
9 33
9 34
9 35
9 38
9 39
9 41
9 42
9 44
9 47
9 48
9 49
9 50
9 51
9 54
9 55
9 57
9 58
9 60
9 61
9 65
9 68
9 72
9 75
9 80
9 81
9 84
9 85
9 86
9 97
9 98
10 11
10 12
10 14
10 17
10 18
10 19
10 25
10 26
10 27
10 34
10 35
10 36
10 44
10 45
10 52
10 56
10 58
10 59
10 62
10 63
10 71
10 79
10 87
10 91
11 13
11 14
11 15
11 17
11 18
11 19
11 20
11 22
11 24
11 26
11 28
11 32
11 33
11 34
11 39
11 42
11 44
11 45
11 49
11 51
11 54
11 55
11 59
11 65
11 67
11 70
11 82
11 83
12 13
12 15
12 16
12 19
12 20
12 21
12 22
12 25
12 30
12 31
12 33
12 34
12 35
12 41
12 45
12 46
12 49
12 50
12 51
12 69
12 74
12 78
12 80
12 83
12 88
12 89
12 92
12 93
12 97
12 96
13 14
13 15
13 16
13 20
13 21
13 23
13 26
13 27
13 30
13 32
13 33
13 38
13 41
13 50
13 59
13 61
13 65
13 67
13 74
13 76
13 77
13 78
13 81
13 90
13 24
14 16
14 17
14 18
14 21
14 22
14 23
14 28
14 29
14 31
14 35
14 38
14 39
14 40
14 42
14 47
14 51
14 55
14 59
14 63
14 66
14 78
14 85
14 91
14 96
14 93
15 17
15 18
15 19
15 20
15 21
15 23
15 25
15 28
15 30
15 36
15 37
15 38
15 42
15 43
15 48
15 55
15 57
15 80
15 87
15 96
15 97
15 35
16 17
16 18
16 19
16 21
16 24
16 25
16 26
16 29
16 32
16 35
16 41
16 42
16 45
16 46
16 47
16 48
16 53
16 54
16 55
16 56
16 57
16 70
16 81
16 83
16 84
16 90
16 93
16 98
16 52
16 61
17 18
17 20
17 21
17 22
17 24
17 25
17 30
17 33
17 35
17 40
17 46
17 47
17 49
17 53
17 57
17 62
17 63
17 65
17 68
17 75
17 80
17 87
17 97
17 32
17 99
18 19
18 22
18 23
18 24
18 25
18 29
18 34
18 35
18 40
18 43
18 50
18 62
18 63
18 68
18 70
18 75
18 78
18 87
18 92
18 98
19 20
19 22
19 24
19 26
19 28
19 31
19 33
19 34
19 37
19 38
19 40
19 49
19 51
19 57
19 59
19 72
19 78
19 79
19 85
19 86
19 93
19 95
19 96
19 97
19 54
19 32
20 23
20 28
20 29
20 31
20 35
20 37
20 40
20 50
20 56
20 72
20 74
20 76
20 77
20 88
20 90
20 93
20 97
20 99
20 53
21 22
21 26
21 27
21 28
21 32
21 54
21 93
21 95
21 98
21 60
22 23
22 30
22 31
22 41
22 47
22 51
22 53
22 60
22 61
22 64
22 68
22 80
22 83
22 85
22 94
22 99
22 39
23 24
23 25
23 28
23 29
23 30
23 34
23 36
23 37
23 39
23 42
23 46
23 50
23 67
23 76
23 77
23 82
23 86
23 89
23 91
23 94
23 57
24 27
24 30
24 32
24 43
24 44
24 50
24 70
24 71
24 75
24 83
24 84
24 86
24 88
24 90
24 95
25 26
25 34
25 41
25 45
25 48
25 57
25 58
25 61
25 72
25 99
26 27
26 28
26 33
26 38
26 39
26 47
26 58
26 60
26 65
26 74
26 76
26 78
26 82
26 98
27 30
27 37
27 49
27 52
27 62
27 64
27 68
27 74
27 85
28 31
28 35
28 37
28 38
28 40
28 43
28 47
28 52
28 74
28 79
28 83
28 99
29 36
29 37
29 45
29 46
29 52
29 56
29 64
29 68
29 73
29 74
29 79
29 87
30 36
30 41
30 48
30 54
30 63
30 66
30 69
30 73
30 77
30 80
30 88
30 94
30 95
30 97
30 99
30 79
30 89
31 33
31 36
31 38
31 40
31 42
31 43
31 44
31 45
31 48
31 57
31 81
31 93
31 98
31 69
31 85
32 44
32 53
32 66
32 79
33 36
33 44
33 56
33 59
33 62
33 73
33 81
33 90
33 98
34 36
34 39
34 43
34 45
34 46
34 49
34 65
34 69
34 71
34 76
34 78
34 87
34 88
34 96
34 97
35 39
35 51
35 52
35 53
35 73
35 87
35 88
35 99
36 43
36 56
36 66
36 67
36 69
36 71
36 82
37 48
37 52
37 56
37 60
37 65
37 79
37 81
37 83
37 84
38 40
38 43
38 44
38 52
38 71
38 86
38 88
38 94
39 45
39 49
39 53
39 59
40 60
40 75
40 91
40 96
41 48
41 70
41 73
41 79
41 60
42 46
42 57
42 61
42 64
42 68
42 73
42 89
42 95
43 53
43 79
43 89
43 58
44 48
44 60
44 70
44 75
44 83
44 94
45 62
45 69
45 88
46 66
46 74
46 84
47 51
47 53
47 59
47 72
47 76
47 77
48 49
48 62
48 64
48 78
48 91
49 52
49 55
49 58
49 62
49 64
49 77
49 82
49 90
50 51
50 56
50 67
50 84
50 96
51 58
51 63
51 64
51 72
51 82
51 85
52 60
52 68
52 69
52 81
53 81
53 95
55 57
55 69
55 89
55 97
57 72
57 89
58 63
58 73
58 75
58 82
58 91
58 95
59 72
59 73
60 62
60 66
60 92
61 63
62 63
62 66
62 71
62 85
62 87
63 64
63 81
63 91
63 94
63 87
64 73
64 77
65 67
65 98
65 88
66 86
67 83
67 93
68 76
68 93
68 99
69 71
69 80
69 82
70 77
70 89
70 91
71 76
71 85
71 92
71 93
72 89
74 84
74 90
74 92
75 77
75 86
76 95
78 80
78 82
78 84
78 92
80 90
84 95
86 89
87 94
92 99
94 96