550001845
4
100
431
0 4
0 5
0 6
0 7
0 13
0 16
0 19
0 20
0 30
0 82
0 47
1 4
1 6
1 10
1 14
1 29
1 36
1 43
1 48
1 62
1 72
1 81
1 89
1 94
1 69
1 87
2 4
2 5
2 11
2 13
2 15
2 17
2 18
2 20
2 23
2 26
2 41
2 45
2 46
2 51
2 53
2 63
2 76
2 78
2 94
2 97
2 37
3 4
3 5
3 8
3 42
4 5
4 6
4 7
4 8
4 10
4 21
4 22
4 24
4 27
4 35
4 40
4 55
4 60
4 62
4 65
4 69
4 77
4 81
4 97
4 30
4 23
5 6
5 7
5 8
5 9
5 10
5 11
5 12
5 13
5 14
5 15
5 17
5 18
5 20
5 21
5 24
5 26
5 29
5 30
5 31
5 35
5 46
5 48
5 49
5 53
5 54
5 61
5 69
5 71
5 81
5 85
5 95
5 96
5 92
6 7
6 8
6 9
6 11
6 17
6 21
6 25
6 28
6 37
6 39
6 43
6 44
6 45
6 47
6 52
6 60
6 66
6 78
6 82
6 85
6 90
6 91
6 99
6 54
6 27
7 9
7 11
7 12
7 14
7 18
7 25
7 34
7 44
7 49
7 56
7 57
7 61
7 64
7 66
7 72
7 85
7 86
7 98
7 48
8 9
8 10
8 12
8 14
8 15
8 19
8 43
8 44
8 47
8 50
8 52
8 55
8 56
8 57
8 58
8 60
8 61
8 80
8 28
8 85
9 12
9 25
9 32
9 35
9 41
9 45
9 49
9 51
9 52
9 75
9 92
10 17
10 22
10 23
10 56
10 57
10 68
10 74
10 75
10 76
10 81
10 96
10 54
11 13
11 19
11 20
11 28
11 29
11 32
11 33
11 34
11 36
11 40
11 53
11 59
11 67
11 69
11 70
11 73
11 74
11 79
11 90
11 95
11 63
12 16
12 22
12 23
12 27
12 38
12 39
12 47
12 77
12 88
12 96
12 73
13 36
13 54
13 62
13 63
14 15
14 16
14 28
14 33
14 40
14 42
14 70
14 78
14 79
15 16
15 18
15 19
15 21
15 26
15 27
15 38
15 42
15 46
15 61
15 71
15 79
16 27
16 31
16 33
16 34
16 35
16 36
16 37
16 46
16 66
16 87
16 97
16 49
16 29
16 90
17 29
17 99
18 25
18 60
18 63
18 65
18 84
18 99
18 38
18 67
19 22
19 24
19 26
19 43
19 55
19 75
19 92
19 95
19 30
20 28
20 30
20 41
20 50
20 87
21 23
21 30
21 33
21 42
21 57
21 73
21 91
21 75
21 89
22 24
22 37
22 38
22 41
22 67
22 83
22 84
23 37
23 51
23 58
23 65
23 71
23 91
23 93
23 96
24 67
25 94
25 95
26 47
26 62
26 92
26 48
27 31
27 59
28 40
28 52
28 74
28 76
28 88
28 92
28 75
29 48
29 68
29 84
29 33
30 31
30 32
30 82
31 32
31 34
31 49
31 54
31 87
31 89
31 77
32 77
32 88
33 39
33 64
34 38
34 64
34 77
34 99
35 45
35 48
35 68
35 70
35 72
35 85
36 44
36 58
37 59
37 71
37 88
38 39
38 51
38 83
38 89
39 56
39 82
40 50
41 76
42 73
42 83
43 66
43 45
44 53
44 72
44 79
44 93
44 98
44 51
45 67
45 74
47 59
48 50
48 54
48 68
48 93
48 95
50 55
50 58
50 63
50 70
50 75
50 80
50 88
50 84
51 86
51 94
51 97
51 96
52 76
52 98
53 93
54 59
54 86
56 99
57 84
57 96
59 64
59 83
59 85
59 86
59 90
59 82
61 65
61 79
64 77
65 69
65 80
65 91
69 73
69 90
70 96
71 80
76 81
76 80
77 78
78 98
81 87
83 93
84 89
91 94
93 94