866772692
8
100
762
0 8
0 9
0 11
0 12
0 13
0 18
0 21
0 22
0 26
0 35
0 38
0 40
0 45
0 48
0 50
0 66
0 76
0 82
0 90
1 8
1 9
1 27
1 37
1 46
1 55
1 69
1 70
1 78
1 83
1 99
2 8
2 9
2 10
2 11
2 12
2 14
2 15
2 17
2 18
2 19
2 23
2 39
2 43
2 46
2 58
2 61
3 8
3 10
3 12
3 13
3 14
3 20
3 22
3 26
3 28
3 30
3 66
3 81
3 93
3 95
4 8
4 9
4 10
4 11
4 12
4 14
4 15
4 16
4 18
4 19
4 26
4 27
4 28
4 40
4 44
4 47
4 53
4 56
4 60
4 61
4 69
4 74
4 77
4 79
4 88
4 90
4 97
4 94
5 8
5 9
5 10
5 11
5 13
5 14
5 17
5 23
5 24
5 25
5 32
5 33
5 38
5 45
5 46
5 54
5 55
5 67
5 71
5 73
5 94
5 47
6 8
6 9
6 10
6 12
6 13
6 14
6 15
6 24
6 31
6 32
6 59
6 64
6 70
6 83
6 86
6 87
6 93
6 98
7 8
7 9
7 10
7 11
7 13
7 17
7 19
7 30
7 43
7 44
7 50
7 60
7 63
7 64
7 77
7 46
8 9
8 10
8 11
8 12
8 13
8 15
8 16
8 17
8 18
8 19
8 22
8 23
8 24
8 26
8 30
8 31
8 45
8 48
8 49
8 53
8 61
8 67
8 81
8 83
8 88
9 10
9 11
9 14
9 15
9 16
9 19
9 20
9 24
9 25
9 28
9 29
9 31
9 34
9 36
9 38
9 40
9 45
9 48
9 53
9 56
9 57
9 72
9 75
9 67
9 90
10 11
10 12
10 16
10 17
10 19
10 21
10 22
10 23
10 24
10 27
10 29
10 31
10 33
10 38
10 39
10 41
10 42
10 47
10 50
10 51
10 53
10 55
10 57
10 59
10 60
10 61
10 66
10 67
10 74
10 75
10 77
10 81
10 92
10 93
10 94
10 95
11 12
11 13
11 14
11 16
11 17
11 18
11 19
11 20
11 21
11 24
11 27
11 28
11 29
11 34
11 36
11 37
11 42
11 43
11 45
11 51
11 55
11 58
11 65
11 71
11 72
11 79
11 92
11 96
12 13
12 15
12 16
12 20
12 21
12 22
12 24
12 25
12 27
12 34
12 35
12 37
12 38
12 41
12 43
12 51
12 58
12 72
12 74
12 85
12 89
12 90
12 97
13 14
13 15
13 18
13 23
13 24
13 30
13 32
13 34
13 35
13 37
13 41
13 49
13 55
13 56
13 58
13 62
13 64
13 70
13 74
13 76
13 80
13 81
13 83
13 87
13 94
14 15
14 16
14 17
14 18
14 20
14 21
14 22
14 23
14 25
14 26
14 27
14 28
14 29
14 30
14 31
14 33
14 37
14 38
14 48
14 49
14 52
14 56
14 59
14 60
14 63
14 64
14 70
14 75
14 77
14 80
14 85
14 91
14 96
14 36
15 16
15 17
15 19
15 20
15 21
15 22
15 25
15 29
15 32
15 36
15 47
15 48
15 50
15 57
15 67
15 76
15 80
15 84
15 87
15 96
15 97
16 18
16 32
16 37
16 38
16 39
16 44
16 49
16 59
16 61
16 65
16 90
16 94
16 97
17 20
17 21
17 22
17 25
17 26
17 29
17 30
17 39
17 51
17 57
17 60
17 68
17 77
17 84
17 91
18 20
18 31
18 34
18 44
18 48
18 50
18 56
18 65
18 67
18 71
18 95
18 99
18 24
18 38
18 72
19 21
19 23
19 26
19 28
19 33
19 35
19 36
19 39
19 41
19 45
19 46
19 49
19 52
19 54
19 55
19 59
19 60
19 62
19 63
19 65
19 71
19 73
19 74
19 79
19 82
19 84
19 92
20 26
20 31
20 32
20 33
20 38
20 53
20 58
20 61
20 62
20 64
20 65
20 66
20 67
20 88
20 89
20 91
20 92
20 95
20 98
21 25
21 28
21 35
21 37
21 43
21 57
21 62
21 67
21 72
21 73
21 79
21 82
21 84
21 91
22 23
22 27
22 36
22 37
22 42
22 51
22 56
22 63
22 68
22 71
23 27
23 28
23 29
23 30
23 39
23 42
23 45
23 51
23 52
23 53
23 55
23 77
23 92
23 49
23 75
24 25
24 29
24 39
24 42
24 44
24 49
24 57
24 68
24 69
24 81
24 82
24 86
24 93
24 96
24 77
25 35
25 41
25 47
25 70
25 71
25 72
25 79
25 84
25 94
25 31
26 33
26 35
26 40
26 44
26 46
26 65
26 66
26 72
26 73
26 87
26 90
26 91
27 31
27 32
27 33
27 41
27 42
27 52
27 62
27 82
27 86
27 87
27 98
27 69
28 36
28 40
28 43
28 47
28 54
28 59
28 62
28 63
28 68
28 64
29 30
29 32
29 40
29 46
29 51
29 77
29 96
29 63
30 33
30 43
30 44
30 52
30 65
30 77
30 90
31 34
31 35
31 36
31 40
31 42
31 53
31 68
31 75
31 85
31 95
32 34
32 44
32 54
32 56
32 58
32 69
32 78
32 86
32 89
33 34
33 47
33 48
33 49
33 50
33 52
33 62
33 63
33 64
33 65
33 69
34 60
34 81
34 86
34 88
34 91
34 62
35 36
35 42
35 54
35 56
35 58
35 61
35 80
35 85
35 92
36 52
36 60
36 66
36 67
36 81
36 94
36 95
37 39
37 41
37 50
37 69
37 71
37 78
37 84
37 86
37 95
37 97
37 98
38 53
38 90
39 40
39 41
39 46
39 50
39 62
39 63
39 80
39 83
39 88
39 89
40 47
40 59
40 71
40 83
41 43
41 46
41 47
41 48
41 54
41 57
41 58
41 64
41 74
41 76
41 78
41 87
41 99
42 45
42 49
42 73
42 76
42 99
43 55
43 59
43 70
43 73
43 93
44 83
44 85
44 98
45 54
45 63
45 78
45 79
45 82
45 99
45 60
45 67
46 68
46 73
46 74
46 79
47 54
47 78
47 80
47 81
48 85
49 51
49 72
49 75
49 80
49 82
49 86
50 76
50 83
50 94
50 98
51 52
51 70
51 75
51 93
52 57
52 69
52 70
52 85
53 88
54 79
54 92
54 99
55 76
55 93
56 84
56 57
57 69
57 74
57 78
57 89
57 92
58 72
59 68
59 85
60 61
60 66
61 66
62 89
63 64
63 73
63 89
64 68
64 78
64 87
64 94
64 96
65 80
66 75
67 76
68 87
68 75
68 89
69 98
70 88
71 79
72 75
72 85
72 97
72 98
73 88
73 97
74 89
75 96
75 99
80 82
80 86
80 92
82 84
82 91
82 95
83 97
84 90
84 91
84 93
85 99
88 93
94 96