908757902
11
100
1010
0 11
0 12
0 19
0 21
0 23
0 24
0 27
0 48
0 57
0 61
0 63
0 69
0 72
0 77
0 92
0 98
0 5
1 11
1 12
1 13
1 14
1 15
1 16
1 17
1 18
1 20
1 22
1 23
1 24
1 26
1 27
1 29
1 32
1 36
1 37
1 42
1 44
1 46
1 56
1 58
1 61
1 63
1 77
1 96
2 11
2 12
2 13
2 14
2 15
2 17
2 20
2 21
2 22
2 25
2 26
2 29
2 31
2 33
2 35
2 36
2 37
2 38
2 39
2 41
2 45
2 49
2 53
2 62
2 65
2 66
2 75
2 76
2 79
2 81
2 82
2 87
2 96
3 11
3 12
3 13
3 14
3 15
3 16
3 17
3 18
3 20
3 22
3 23
3 24
3 28
3 43
3 50
3 51
3 52
3 54
3 55
3 58
3 59
3 60
3 62
3 66
3 69
3 70
3 80
3 81
3 86
3 93
3 99
4 11
4 13
4 27
4 28
4 31
4 82
5 11
5 12
5 13
5 14
5 15
5 17
5 18
5 20
5 24
5 32
5 33
5 36
5 42
5 49
5 50
5 62
5 70
5 73
5 88
5 85
6 11
6 12
6 13
6 14
6 16
6 17
6 18
6 21
6 25
6 27
6 30
6 32
6 34
6 35
6 52
6 59
6 60
6 61
6 63
6 70
6 76
6 79
6 98
7 11
7 12
7 13
7 15
7 16
7 19
7 24
7 37
7 53
7 64
7 68
7 70
7 75
7 79
7 80
7 90
7 92
7 94
7 96
7 98
8 11
8 12
8 13
8 14
8 15
8 16
8 17
8 19
8 20
8 21
8 22
8 23
8 24
8 25
8 26
8 29
8 36
8 40
8 44
8 46
8 48
8 49
8 50
8 51
8 52
8 56
8 60
8 62
8 64
8 69
8 72
8 74
8 75
8 76
8 77
8 80
8 82
8 88
8 89
8 94
9 11
9 12
9 13
9 14
9 15
9 18
9 19
9 20
9 26
9 28
9 29
9 36
9 38
9 41
9 43
9 57
9 67
9 76
9 85
9 86
9 49
10 11
10 12
10 14
10 16
10 33
10 40
10 58
10 65
10 69
10 72
10 89
10 95
10 19
11 12
11 13
11 14
11 15
11 16
11 17
11 20
11 21
11 22
11 23
11 24
11 26
11 27
11 32
11 37
11 40
11 42
11 43
11 45
11 56
11 59
11 60
11 62
11 65
11 68
11 69
11 70
11 73
11 74
11 77
11 85
11 88
11 91
11 95
11 99
11 64
12 13
12 14
12 15
12 16
12 17
12 18
12 19
12 21
12 22
12 23
12 24
12 25
12 27
12 28
12 30
12 31
12 33
12 34
12 35
12 39
12 44
12 52
12 54
12 55
12 62
12 72
12 73
12 74
12 76
12 80
12 81
12 82
12 87
12 93
12 96
12 99
13 14
13 15
13 16
13 17
13 18
13 19
13 20
13 21
13 22
13 23
13 25
13 26
13 28
13 31
13 33
13 36
13 38
13 41
13 42
13 44
13 45
13 47
13 48
13 51
13 57
13 59
13 65
13 67
13 70
13 72
13 74
13 89
13 94
13 84
14 15
14 16
14 18
14 19
14 22
14 23
14 27
14 30
14 32
14 40
14 41
14 47
14 52
14 53
14 55
14 57
14 60
14 63
14 66
14 70
14 73
14 79
14 83
14 85
14 86
14 90
14 94
14 96
14 99
15 16
15 17
15 18
15 19
15 20
15 21
15 24
15 25
15 26
15 28
15 32
15 33
15 35
15 36
15 37
15 38
15 39
15 41
15 44
15 49
15 50
15 51
15 53
15 54
15 56
15 59
15 61
15 65
15 67
15 68
15 69
15 75
15 76
15 78
15 82
15 83
15 85
15 86
15 88
15 90
15 93
15 99
15 57
15 23
16 17
16 18
16 19
16 21
16 23
16 25
16 30
16 31
16 32
16 35
16 38
16 42
16 43
16 44
16 45
16 46
16 47
16 49
16 50
16 52
16 54
16 55
16 57
16 59
16 60
16 62
16 63
16 64
16 71
16 74
16 77
16 84
16 91
16 97
16 99
17 18
17 19
17 20
17 22
17 23
17 25
17 26
17 28
17 30
17 31
17 35
17 40
17 46
17 47
17 50
17 53
17 55
17 58
17 67
17 71
17 78
17 84
17 98
17 99
18 19
18 20
18 21
18 22
18 24
18 27
18 28
18 30
18 31
18 35
18 40
18 44
18 47
18 52
18 53
18 56
18 60
18 63
18 66
18 75
18 76
18 83
18 94
18 95
18 96
19 24
19 27
19 29
19 32
19 33
19 34
19 45
19 46
19 75
19 76
19 92
19 43
20 21
20 22
20 25
20 26
20 30
20 33
20 34
20 35
20 36
20 37
20 41
20 42
20 50
20 52
20 53
20 55
20 57
20 59
20 64
20 68
20 71
20 72
20 73
20 74
20 78
20 79
20 80
20 83
20 85
20 86
20 90
20 92
20 93
20 98
21 23
21 26
21 27
21 30
21 31
21 34
21 41
21 45
21 47
21 48
21 50
21 54
21 57
21 60
21 67
21 68
21 76
21 77
21 79
21 89
21 90
21 97
21 82
21 28
22 26
22 27
22 29
22 43
22 49
22 56
22 69
22 71
22 83
22 84
22 86
22 94
22 98
22 92
23 25
23 28
23 29
23 32
23 33
23 35
23 39
23 41
23 42
23 46
23 47
23 54
23 61
23 64
23 66
23 71
23 83
23 95
23 98
23 65
24 25
24 28
24 29
24 30
24 31
24 32
24 39
24 45
24 50
24 52
24 53
24 57
24 64
24 69
24 73
24 74
24 75
24 84
24 90
24 94
25 31
25 34
25 35
25 37
25 40
25 47
25 51
25 53
25 61
25 62
25 65
25 67
25 75
25 79
25 80
25 87
25 91
25 99
26 29
26 31
26 34
26 36
26 39
26 41
26 42
26 43
26 46
26 48
26 49
26 57
26 58
26 62
26 67
26 73
26 80
26 85
26 88
26 90
26 91
27 28
27 29
27 34
27 38
27 43
27 48
27 50
27 65
27 74
27 81
27 87
27 90
27 91
27 93
27 95
27 42
28 29
28 30
28 32
28 33
28 34
28 35
28 37
28 39
28 40
28 41
28 43
28 49
28 51
28 60
28 61
28 64
28 76
28 85
28 90
29 30
29 34
29 36
29 38
29 40
29 45
29 56
29 63
29 65
29 69
29 72
29 74
29 79
29 81
29 92
29 62
30 34
30 37
30 38
30 43
30 46
30 47
30 54
30 82
30 84
30 86
31 36
31 39
31 40
31 42
31 44
31 55
31 60
31 63
31 72
31 73
31 78
31 82
31 91
31 96
31 99
31 41
32 33
32 37
32 38
32 45
32 73
32 89
32 46
33 41
33 46
33 65
33 66
34 37
34 39
34 42
34 43
34 46
34 47
34 49
34 58
34 63
34 66
34 67
34 68
34 72
34 75
34 79
34 80
34 81
34 82
34 84
34 95
34 92
35 38
35 42
35 44
35 47
35 51
35 59
35 66
35 84
35 91
36 40
36 48
36 55
36 59
36 85
36 93
36 88
37 38
37 39
37 60
37 70
37 71
37 78
37 80
37 84
38 39
38 44
38 51
38 54
38 61
38 67
38 68
38 78
38 85
38 97
39 53
39 80
39 83
39 89
40 44
40 48
40 51
40 54
40 64
40 71
40 84
40 86
40 95
41 45
41 48
41 53
41 65
41 71
41 78
41 83
41 87
42 43
42 48
42 49
42 55
42 58
42 68
42 70
42 93
42 97
42 64
43 70
43 75
43 77
43 98
43 99
44 45
44 46
44 48
44 49
44 55
44 58
44 66
44 50
45 54
45 56
45 61
45 88
45 93
45 99
46 56
46 77
46 97
46 48
47 54
47 82
47 84
47 85
48 50
48 52
48 67
48 95
49 51
49 52
49 59
49 63
49 64
49 68
49 75
49 76
49 83
49 88
49 89
49 92
49 99
49 97
50 51
50 64
50 78
50 82
51 58
51 78
51 56
52 56
52 61
52 62
52 63
52 68
52 86
52 94
52 96
53 55
53 58
53 73
53 77
53 93
54 56
54 57
54 77
54 86
54 87
54 89
54 95
55 58
55 61
55 66
55 73
55 79
55 81
55 87
55 91
56 57
56 92
57 92
58 59
58 65
58 69
58 71
58 81
58 82
58 86
58 90
59 98
59 82
60 77
60 97
61 62
61 90
61 92
62 64
62 69
63 71
63 72
63 80
64 66
64 72
64 74
64 95
64 96
65 67
66 67
66 68
66 70
66 78
66 81
66 85
67 71
67 87
67 96
68 87
68 88
69 94
69 97
70 74
70 86
70 89
71 88
71 97
72 81
72 88
72 92
72 96
72 98
73 87
73 88
73 93
73 83
74 79
74 83
74 84
74 89
75 81
75 91
76 78
76 94
77 89
77 97
78 87
78 91
79 91
79 95
82 83
82 93
83 96
84 98
88 94
88 97
88 98
91 92
94 97