57602708
19
100
1590
0 19
0 20
0 21
0 22
0 23
0 24
0 25
0 27
0 28
0 37
0 42
0 45
0 46
0 50
0 51
0 53
0 58
0 61
0 63
1 19
1 20
1 21
1 25
1 26
1 28
1 30
1 31
1 38
1 41
1 42
1 54
1 58
1 65
1 67
1 68
1 76
1 88
1 91
1 92
1 97
1 44
1 55
2 19
2 20
2 21
2 22
2 23
2 24
2 25
2 26
2 27
2 28
2 29
2 31
2 32
2 34
2 35
2 38
2 40
2 43
2 53
2 55
2 60
2 65
2 67
2 73
2 75
2 79
2 88
2 95
3 19
3 20
3 21
3 23
3 28
3 29
3 30
3 32
3 34
3 36
3 38
3 42
3 48
3 55
3 60
3 73
3 89
4 19
4 21
4 22
4 23
4 24
4 26
4 28
4 31
4 32
4 33
4 36
4 39
4 42
4 48
4 52
4 56
4 62
4 64
4 72
4 75
4 82
4 85
4 92
4 94
4 99
5 19
5 20
5 21
5 22
5 23
5 24
5 26
5 28
5 29
5 31
5 37
5 39
5 40
5 41
5 43
5 44
5 45
5 51
5 55
5 59
5 60
5 71
5 75
5 77
5 79
5 82
5 83
5 86
5 89
5 92
5 95
5 34
6 19
6 20
6 21
6 22
6 25
6 27
6 28
6 35
6 41
6 42
6 47
6 55
6 66
6 69
6 78
6 80
6 39
6 43
7 19
7 20
7 21
7 22
7 23
7 24
7 25
7 26
7 27
7 28
7 30
7 37
7 38
7 40
7 48
7 50
7 52
7 54
7 61
7 72
7 73
7 77
7 78
7 92
7 93
7 41
7 88
8 19
8 20
8 22
8 23
8 25
8 27
8 30
8 31
8 32
8 33
8 35
8 40
8 45
8 49
8 53
8 54
8 98
9 19
9 20
9 21
9 22
9 24
9 27
9 28
9 30
9 34
9 36
9 39
9 40
9 41
9 43
9 44
9 45
9 51
9 54
9 65
9 68
9 74
9 91
9 92
9 57
10 19
10 20
10 21
10 22
10 23
10 24
10 25
10 26
10 27
10 28
10 29
10 30
10 33
10 38
10 39
10 40
10 41
10 47
10 48
10 51
10 56
10 58
10 63
10 66
10 70
10 76
10 78
10 79
10 83
10 88
10 89
10 96
10 80
11 19
11 20
11 21
11 23
11 24
11 26
11 29
11 30
11 31
11 36
11 44
11 46
11 54
11 66
11 72
11 75
11 77
11 81
11 83
11 84
11 95
11 98
11 22
12 19
12 20
12 21
12 22
12 23
12 25
12 26
12 29
12 30
12 36
12 37
12 41
12 42
12 44
12 46
12 64
12 69
12 70
12 85
12 86
12 28
12 62
13 19
13 20
13 21
13 22
13 23
13 24
13 25
13 26
13 28
13 29
13 30
13 31
13 32
13 33
13 34
13 37
13 39
13 45
13 48
13 53
13 54
13 55
13 56
13 57
13 58
13 62
13 64
13 65
13 69
13 71
13 72
13 87
13 93
13 96
13 40
14 19
14 20
14 21
14 22
14 23
14 24
14 25
14 26
14 27
14 29
14 32
14 34
14 35
14 40
14 44
14 48
14 54
14 57
14 63
14 69
14 76
14 89
14 97
14 98
14 16
15 19
15 20
15 21
15 22
15 23
15 24
15 25
15 27
15 29
15 31
15 32
15 43
15 47
15 49
15 51
15 53
15 54
15 65
15 67
15 75
15 80
15 81
15 90
15 85
16 19
16 20
16 21
16 22
16 23
16 24
16 25
16 26
16 27
16 28
16 34
16 37
16 51
16 54
16 55
16 64
16 69
16 70
16 84
16 87
16 90
16 94
16 98
17 19
17 20
17 22
17 24
17 25
17 28
17 29
17 31
17 34
17 35
17 36
17 40
17 51
17 62
17 73
17 75
17 82
17 88
17 92
17 59
18 19
18 20
18 21
18 22
18 23
18 24
18 26
18 27
18 29
18 30
18 31
18 32
18 33
18 35
18 36
18 38
18 42
18 43
18 44
18 45
18 46
18 47
18 52
18 54
18 58
18 60
18 62
18 70
18 72
18 84
18 87
18 88
18 97
18 77
19 20
19 21
19 22
19 23
19 24
19 25
19 26
19 27
19 28
19 29
19 30
19 31
19 32
19 33
19 34
19 35
19 36
19 37
19 38
19 39
19 40
19 41
19 45
19 46
19 47
19 49
19 50
19 51
19 53
19 54
19 55
19 56
19 57
19 61
19 68
19 73
19 74
19 79
19 80
19 82
19 83
19 88
19 89
19 90
19 91
19 92
19 94
19 98
19 64
20 21
20 22
20 23
20 24
20 25
20 26
20 27
20 28
20 29
20 31
20 33
20 34
20 35
20 36
20 37
20 38
20 39
20 41
20 42
20 43
20 44
20 45
20 46
20 48
20 49
20 50
20 52
20 54
20 55
20 57
20 58
20 60
20 61
20 63
20 64
20 66
20 68
20 72
20 76
20 77
20 79
20 83
20 84
20 88
20 89
20 90
20 91
20 92
20 96
20 97
20 99
21 22
21 23
21 24
21 25
21 26
21 27
21 28
21 29
21 30
21 31
21 32
21 33
21 34
21 35
21 36
21 37
21 38
21 39
21 43
21 44
21 46
21 47
21 50
21 53
21 56
21 57
21 58
21 59
21 60
21 61
21 64
21 65
21 66
21 69
21 72
21 73
21 77
21 78
21 80
21 83
21 85
21 86
21 88
21 90
21 94
21 99
21 63
21 89
22 23
22 24
22 25
22 26
22 27
22 28
22 29
22 30
22 31
22 32
22 33
22 34
22 35
22 36
22 37
22 38
22 39
22 40
22 43
22 44
22 45
22 46
22 48
22 49
22 51
22 52
22 53
22 56
22 59
22 60
22 62
22 66
22 67
22 68
22 70
22 71
22 74
22 75
22 79
22 85
22 86
22 87
22 92
22 95
22 96
22 97
22 98
22 99
22 78
23 24
23 25
23 26
23 27
23 31
23 32
23 33
23 34
23 36
23 37
23 38
23 39
23 41
23 46
23 49
23 50
23 51
23 52
23 54
23 55
23 56
23 59
23 61
23 62
23 63
23 64
23 65
23 66
23 67
23 68
23 73
23 74
23 76
23 77
23 78
23 80
23 81
23 82
23 84
23 85
23 87
23 92
23 95
23 98
24 25
24 26
24 27
24 28
24 29
24 30
24 31
24 32
24 33
24 34
24 35
24 37
24 38
24 39
24 40
24 41
24 42
24 43
24 44
24 45
24 47
24 48
24 52
24 53
24 54
24 55
24 56
24 59
24 61
24 62
24 68
24 69
24 71
24 73
24 74
24 75
24 76
24 81
24 82
24 84
24 85
24 89
24 93
24 97
24 99
24 24
25 26
25 27
25 30
25 31
25 33
25 34
25 36
25 37
25 38
25 39
25 40
25 42
25 43
25 44
25 45
25 46
25 47
25 48
25 49
25 52
25 53
25 57
25 60
25 61
25 64
25 67
25 75
25 81
25 83
25 87
25 88
25 95
25 59
26 27
26 28
26 29
26 30
26 31
26 32
26 33
26 34
26 35
26 36
26 37
26 38
26 41
26 42
26 43
26 45
26 46
26 47
26 48
26 51
26 53
26 54
26 57
26 58
26 59
26 61
26 67
26 73
26 80
26 84
26 86
26 88
26 93
26 94
26 95
26 97
26 83
26 64
27 29
27 30
27 32
27 33
27 35
27 36
27 38
27 40
27 42
27 43
27 44
27 47
27 50
27 51
27 52
27 54
27 57
27 59
27 65
27 67
27 69
27 70
27 71
27 78
27 81
27 85
27 90
27 94
27 92
28 29
28 30
28 32
28 33
28 34
28 35
28 36
28 37
28 39
28 40
28 41
28 42
28 43
28 45
28 46
28 49
28 51
28 52
28 55
28 56
28 57
28 58
28 59
28 60
28 62
28 72
28 74
28 75
28 76
28 77
28 81
28 83
28 85
28 88
28 89
28 91
28 93
28 99
28 66
29 30
29 31
29 32
29 33
29 34
29 35
29 37
29 39
29 41
29 42
29 43
29 44
29 45
29 46
29 47
29 48
29 50
29 51
29 52
29 54
29 58
29 60
29 61
29 63
29 66
29 69
29 71
29 72
29 73
29 76
29 78
29 79
29 82
29 83
29 84
29 95
29 96
29 98
30 32
30 33
30 34
30 35
30 36
30 37
30 39
30 40
30 43
30 47
30 58
30 59
30 62
30 67
30 70
30 71
30 72
30 80
30 89
30 90
30 91
30 94
30 96
30 44
30 93
31 32
31 33
31 35
31 37
31 38
31 40
31 41
31 42
31 43
31 46
31 48
31 49
31 51
31 55
31 56
31 57
31 59
31 60
31 67
31 70
31 71
31 72
31 73
31 74
31 75
31 78
31 79
31 87
31 96
32 33
32 34
32 35
32 36
32 39
32 40
32 41
32 42
32 43
32 47
32 50
32 52
32 53
32 58
32 61
32 62
32 66
32 67
32 71
32 78
32 81
32 85
32 90
32 98
33 37
33 41
33 42
33 48
33 51
33 53
33 58
33 60
33 62
33 64
33 67
33 76
33 82
33 84
33 87
33 88
33 91
33 92
33 96
33 97
33 99
33 39
34 35
34 38
34 39
34 40
34 42
34 43
34 44
34 45
34 46
34 47
34 48
34 49
34 50
34 53
34 56
34 58
34 60
34 63
34 65
34 67
34 69
34 71
34 75
34 76
34 77
34 78
34 86
34 90
34 92
34 93
34 97
34 99
35 36
35 38
35 39
35 41
35 49
35 50
35 51
35 52
35 57
35 59
35 62
35 63
35 64
35 66
35 67
35 71
35 74
35 77
35 79
35 80
35 91
35 93
35 96
36 44
36 46
36 49
36 50
36 55
36 56
36 59
36 61
36 68
36 70
36 75
36 81
36 82
36 88
36 98
36 41
37 38
37 44
37 51
37 52
37 55
37 56
37 58
37 60
37 72
37 73
37 75
37 81
37 99
37 66
38 39
38 40
38 44
38 45
38 47
38 50
38 55
38 57
38 59
38 60
38 62
38 63
38 65
38 66
38 69
38 73
38 75
38 78
38 81
38 82
38 83
38 87
38 89
38 99
39 41
39 43
39 46
39 49
39 50
39 52
39 53
39 58
39 59
39 62
39 65
39 68
39 71
39 72
39 75
39 78
39 79
39 86
39 87
39 88
39 92
39 93
39 97
39 98
40 41
40 42
40 44
40 45
40 46
40 52
40 58
40 59
40 63
40 64
40 65
40 70
40 78
40 79
40 98
41 46
41 49
41 50
41 64
41 76
41 85
41 86
41 87
41 96
41 79
42 44
42 45
42 47
42 53
42 56
42 57
42 61
42 63
42 66
42 68
42 70
42 76
42 77
42 79
42 81
42 85
42 91
42 93
42 94
42 96
42 99
42 74
43 47
43 48
43 49
43 50
43 52
43 53
43 55
43 60
43 61
43 62
43 68
43 69
43 70
43 71
43 74
43 76
43 77
43 78
43 83
43 86
43 94
43 87
44 45
44 48
44 49
44 51
44 52
44 57
44 60
44 62
44 63
44 67
44 73
44 74
44 80
44 88
44 90
44 93
44 95
44 99
45 47
45 50
45 62
45 63
45 68
45 70
45 72
45 75
45 77
45 79
45 83
45 88
45 95
45 96
45 97
45 98
46 47
46 48
46 49
46 55
46 56
46 58
46 59
46 62
46 63
46 64
46 65
46 66
46 69
46 72
46 73
46 74
46 76
46 79
46 81
46 84
46 85
46 87
46 91
46 98
47 48
47 49
47 53
47 54
47 57
47 59
47 66
47 73
47 74
47 77
47 82
47 86
47 87
47 63
48 49
48 50
48 65
48 67
48 68
48 69
48 80
48 81
48 85
48 93
48 94
48 91
49 50
49 55
49 57
49 59
49 71
49 73
49 77
49 79
49 80
49 82
49 84
49 89
49 90
49 91
49 94
49 96
49 97
50 53
50 54
50 56
50 57
50 61
50 62
50 63
50 65
50 67
50 68
50 69
50 70
50 71
50 76
50 80
50 82
50 83
50 85
50 86
50 88
50 89
50 91
50 93
50 99
51 52
51 55
51 56
51 61
51 64
51 65
51 70
51 72
51 74
51 78
51 89
51 96
52 56
52 58
52 63
52 66
52 70
52 78
52 84
52 86
52 91
52 94
52 98
52 95
53 57
53 60
53 68
53 74
53 80
53 82
53 94
53 64
54 57
54 68
54 72
54 84
54 87
54 98
55 56
55 61
55 63
55 64
55 66
55 69
55 91
55 97
55 99
56 61
56 66
56 69
56 70
56 74
56 78
56 80
56 81
56 91
56 94
56 95
57 59
57 64
57 68
57 69
57 71
57 72
57 76
57 80
57 84
57 90
57 97
58 61
58 71
58 78
58 80
58 84
58 86
59 60
59 64
59 65
59 66
59 67
59 69
59 70
59 74
59 84
59 92
59 93
59 94
59 96
60 63
60 64
60 65
60 66
60 70
60 71
60 85
60 90
60 95
60 94
61 76
61 79
61 83
61 97
61 80
61 94
62 63
62 65
62 74
62 76
62 79
62 81
62 82
62 83
62 85
62 88
62 89
62 90
62 99
62 97
63 64
63 68
63 83
64 72
64 73
64 74
64 79
64 89
64 90
64 93
65 67
65 81
65 85
65 89
65 93
65 99
66 86
67 68
67 73
67 75
67 89
67 92
68 78
68 82
68 83
68 86
68 92
69 75
69 83
69 87
69 96
69 98
70 71
70 74
70 77
70 79
70 81
70 94
70 95
70 97
70 99
70 88
71 77
71 86
71 95
72 77
72 82
72 95
72 83
73 87
73 90
73 91
74 77
74 82
74 85
74 86
74 90
75 76
75 77
75 84
75 91
75 94
75 95
76 80
76 81
76 88
76 89
76 90
76 93
77 84
77 91
77 92
77 94
77 87
78 80
78 82
78 84
78 90
78 92
79 80
79 87
79 92
79 96
79 99
80 93
80 97
80 84
81 83
81 87
81 91
81 93
81 97
83 85
83 89
83 92
84 86
84 87
84 94
84 99
85 86
86 95
86 96
86 98
87 95
87 99
88 98
90 96
90 97
91 96
92 93
93 95
93 96