158525556
34
100
2252
0 34
0 35
0 39
0 42
0 45
0 46
0 47
0 48
0 52
0 55
0 56
0 59
0 64
0 65
0 66
0 74
0 77
0 88
0 95
1 34
1 35
1 36
1 37
1 38
1 39
1 40
1 41
1 43
1 45
1 47
1 48
1 49
1 51
1 52
1 53
1 56
1 57
1 61
1 65
1 66
1 74
1 77
1 81
1 87
1 92
1 95
2 34
2 35
2 36
2 37
2 38
2 39
2 40
2 41
2 42
2 44
2 46
2 47
2 49
2 53
2 55
2 59
2 62
2 63
2 64
2 69
2 70
2 74
2 82
2 84
2 87
2 91
3 34
3 36
3 37
3 38
3 39
3 40
3 41
3 42
3 43
3 44
3 45
3 46
3 47
3 48
3 49
3 50
3 52
3 54
3 55
3 62
3 71
3 73
3 80
3 82
3 87
3 91
3 92
3 94
3 96
3 99
4 34
4 35
4 36
4 37
4 38
4 39
4 40
4 41
4 42
4 43
4 44
4 45
4 46
4 47
4 48
4 50
4 52
4 53
4 54
4 55
4 56
4 57
4 58
4 59
4 61
4 63
4 64
4 70
4 71
4 72
4 80
4 81
4 83
4 86
4 91
4 95
4 99
5 34
5 35
5 36
5 37
5 38
5 39
5 42
5 43
5 50
5 51
5 55
5 56
5 57
5 60
5 62
5 68
5 69
5 70
5 73
5 81
5 88
6 34
6 35
6 36
6 37
6 38
6 39
6 40
6 41
6 42
6 44
6 45
6 46
6 50
6 51
6 52
6 53
6 54
6 57
6 59
6 60
6 61
6 62
6 64
6 67
6 70
6 71
6 74
6 75
6 83
6 86
6 87
6 89
6 97
6 98
6 99
7 34
7 35
7 36
7 37
7 38
7 39
7 40
7 42
7 43
7 44
7 45
7 47
7 48
7 50
7 53
7 55
7 59
7 60
7 66
7 67
7 68
7 73
7 81
7 86
7 95
7 96
8 34
8 35
8 36
8 37
8 38
8 39
8 41
8 42
8 43
8 44
8 45
8 46
8 49
8 51
8 53
8 54
8 56
8 58
8 63
8 64
8 68
8 69
8 73
8 75
8 76
8 90
8 94
9 34
9 35
9 36
9 37
9 38
9 39
9 40
9 41
9 42
9 43
9 44
9 49
9 51
9 52
9 53
9 57
9 58
9 59
9 60
9 61
9 62
9 65
9 67
9 69
9 73
9 74
9 76
9 78
9 79
9 86
9 92
9 94
9 96
9 98
10 34
10 35
10 36
10 37
10 38
10 39
10 40
10 41
10 42
10 43
10 44
10 46
10 47
10 48
10 49
10 51
10 52
10 53
10 56
10 59
10 60
10 61
10 69
10 76
10 77
10 78
10 80
10 81
10 82
10 83
10 87
10 88
10 94
10 95
11 34
11 35
11 36
11 37
11 38
11 39
11 40
11 41
11 43
11 44
11 45
11 46
11 47
11 48
11 50
11 51
11 53
11 54
11 55
11 56
11 58
11 59
11 60
11 61
11 63
11 64
11 66
11 67
11 68
11 71
11 72
11 80
11 87
11 88
11 89
11 93
11 94
11 98
12 34
12 35
12 36
12 37
12 38
12 39
12 40
12 41
12 42
12 44
12 47
12 48
12 54
12 55
12 56
12 62
12 64
12 65
12 70
12 72
12 77
12 81
12 83
12 85
12 88
12 91
12 92
12 95
12 97
13 34
13 35
13 36
13 37
13 38
13 39
13 40
13 41
13 43
13 44
13 45
13 47
13 49
13 50
13 51
13 53
13 57
13 59
13 69
13 70
13 71
13 72
13 75
13 76
13 78
13 81
13 83
13 91
13 96
13 98
13 58
14 34
14 35
14 36
14 39
14 40
14 41
14 42
14 43
14 44
14 45
14 46
14 47
14 48
14 50
14 51
14 60
14 61
14 62
14 64
14 66
14 67
14 68
14 72
14 74
14 83
14 87
14 89
14 90
14 93
14 97
15 34
15 35
15 36
15 37
15 38
15 39
15 40
15 42
15 45
15 48
15 54
15 57
15 58
15 62
15 66
15 67
15 68
15 69
15 71
15 72
15 73
15 74
15 84
15 85
15 86
15 87
15 88
15 93
16 34
16 35
16 36
16 37
16 38
16 39
16 40
16 41
16 42
16 43
16 44
16 45
16 46
16 49
16 51
16 52
16 54
16 57
16 60
16 63
16 68
16 70
16 80
16 82
16 84
16 85
16 86
16 87
16 90
16 92
16 93
17 34
17 35
17 36
17 37
17 38
17 40
17 41
17 42
17 43
17 44
17 45
17 48
17 49
17 50
17 51
17 54
17 55
17 56
17 58
17 60
17 61
17 62
17 64
17 65
17 68
17 70
17 71
17 72
17 78
17 82
17 83
17 84
17 85
17 88
17 89
17 91
17 95
17 96
17 98
18 34
18 35
18 36
18 37
18 39
18 40
18 41
18 44
18 45
18 46
18 47
18 48
18 49
18 52
18 54
18 61
18 68
18 70
18 90
19 34
19 35
19 36
19 37
19 38
19 39
19 40
19 41
19 42
19 43
19 44
19 45
19 48
19 49
19 51
19 52
19 55
19 56
19 57
19 58
19 59
19 60
19 62
19 63
19 64
19 67
19 74
19 78
19 80
19 84
19 85
19 87
19 89
19 94
19 97
20 34
20 35
20 36
20 37
20 38
20 39
20 40
20 41
20 42
20 45
20 48
20 50
20 52
20 54
20 55
20 58
20 62
20 64
20 65
20 67
20 69
20 72
20 75
20 77
20 78
20 79
20 81
20 91
20 92
21 34
21 35
21 37
21 38
21 39
21 40
21 41
21 42
21 43
21 46
21 47
21 48
21 49
21 50
21 52
21 57
21 58
21 59
21 60
21 61
21 62
21 66
21 68
21 70
21 75
21 76
21 82
21 84
21 87
21 88
21 92
22 34
22 35
22 36
22 37
22 38
22 39
22 40
22 43
22 44
22 46
22 48
22 49
22 50
22 53
22 55
22 56
22 59
22 60
22 61
22 65
22 66
22 71
22 72
22 73
22 76
22 78
22 80
22 85
22 88
22 90
22 92
22 96
22 97
23 34
23 35
23 36
23 37
23 38
23 40
23 41
23 42
23 43
23 44
23 45
23 46
23 47
23 50
23 53
23 54
23 56
23 62
23 65
23 66
23 67
23 72
23 74
23 79
23 83
23 93
23 97
24 34
24 35
24 36
24 37
24 38
24 39
24 40
24 41
24 42
24 43
24 46
24 47
24 48
24 50
24 51
24 54
24 55
24 56
24 57
24 59
24 62
24 68
24 71
24 75
24 76
24 77
24 82
24 86
24 87
24 89
24 94
24 98
25 34
25 35
25 36
25 37
25 38
25 39
25 41
25 42
25 43
25 45
25 46
25 47
25 48
25 50
25 52
25 54
25 55
25 57
25 58
25 62
25 64
25 65
25 68
25 69
25 70
25 71
25 75
25 78
25 79
25 81
25 86
25 91
25 92
25 93
26 34
26 35
26 36
26 37
26 38
26 40
26 41
26 42
26 44
26 45
26 46
26 47
26 48
26 50
26 55
26 56
26 59
26 63
26 66
26 68
26 69
26 76
26 77
26 79
26 83
26 86
26 92
26 99
27 34
27 35
27 36
27 37
27 38
27 39
27 41
27 42
27 43
27 44
27 45
27 46
27 49
27 53
27 54
27 57
27 60
27 61
27 62
27 63
27 75
27 79
27 89
27 91
27 93
28 34
28 35
28 36
28 37
28 38
28 39
28 40
28 41
28 43
28 49
28 50
28 51
28 52
28 53
28 54
28 56
28 57
28 58
28 60
28 63
28 70
28 77
28 78
28 80
28 91
28 96
28 97
29 34
29 35
29 36
29 37
29 38
29 39
29 40
29 41
29 43
29 44
29 45
29 46
29 47
29 50
29 51
29 53
29 55
29 56
29 59
29 60
29 68
29 69
29 71
29 73
29 74
29 76
29 79
29 82
29 85
29 87
29 93
29 95
29 96
29 97
29 99
30 34
30 35
30 36
30 37
30 38
30 40
30 41
30 42
30 43
30 44
30 46
30 49
30 50
30 55
30 59
30 62
30 63
30 67
30 74
30 82
30 85
30 90
30 93
30 96
31 34
31 35
31 36
31 37
31 38
31 39
31 42
31 43
31 44
31 46
31 47
31 48
31 49
31 50
31 51
31 52
31 54
31 57
31 58
31 59
31 60
31 63
31 64
31 66
31 69
31 71
31 75
31 76
31 78
31 79
31 83
31 84
31 86
31 89
31 92
31 96
31 97
31 98
31 99
31 61
32 34
32 35
32 36
32 37
32 38
32 40
32 41
32 42
32 44
32 45
32 46
32 47
32 48
32 49
32 51
32 53
32 57
32 58
32 59
32 65
32 68
32 73
32 79
32 80
32 81
32 86
32 91
32 93
32 94
32 96
32 99
33 34
33 35
33 36
33 39
33 40
33 43
33 45
33 47
33 49
33 50
33 51
33 52
33 54
33 56
33 60
33 61
33 63
33 65
33 66
33 72
33 74
33 75
33 76
33 77
33 78
33 80
33 83
33 88
33 89
33 98
33 84
34 35
34 36
34 37
34 38
34 39
34 40
34 41
34 42
34 43
34 44
34 45
34 46
34 47
34 48
34 49
34 50
34 51
34 52
34 53
34 56
34 57
34 58
34 61
34 62
34 63
34 65
34 66
34 67
34 69
34 70
34 71
34 73
34 74
34 75
34 76
34 77
34 78
34 80
34 87
34 88
34 90
34 92
34 93
34 95
34 98
35 36
35 37
35 38
35 39
35 40
35 41
35 42
35 43
35 44
35 45
35 46
35 47
35 48
35 49
35 50
35 51
35 52
35 53
35 54
35 55
35 56
35 57
35 58
35 60
35 61
35 63
35 64
35 66
35 69
35 70
35 71
35 73
35 74
35 76
35 77
35 78
35 81
35 82
35 83
35 84
35 85
35 88
35 89
35 90
35 96
35 97
35 98
35 99
36 37
36 38
36 39
36 40
36 41
36 42
36 43
36 44
36 45
36 46
36 47
36 48
36 49
36 50
36 51
36 52
36 53
36 54
36 55
36 56
36 57
36 58
36 59
36 61
36 62
36 63
36 64
36 65
36 67
36 68
36 70
36 71
36 72
36 74
36 77
36 78
36 79
36 80
36 81
36 84
36 86
36 87
36 88
36 89
36 91
36 94
36 95
36 96
37 38
37 39
37 40
37 41
37 42
37 43
37 44
37 45
37 46
37 47
37 49
37 50
37 51
37 52
37 53
37 54
37 55
37 56
37 57
37 60
37 61
37 62
37 63
37 64
37 65
37 66
37 67
37 69
37 71
37 72
37 73
37 75
37 76
37 78
37 79
37 80
37 81
37 84
37 85
37 86
37 89
37 90
37 91
37 94
37 95
37 97
37 98
37 99
38 39
38 40
38 41
38 42
38 43
38 44
38 45
38 46
38 47
38 48
38 49
38 50
38 51
38 52
38 53
38 55
38 56
38 57
38 58
38 59
38 60
38 61
38 62
38 63
38 64
38 65
38 66
38 67
38 68
38 69
38 71
38 72
38 73
38 75
38 76
38 78
38 79
38 82
38 83
38 86
38 87
38 88
38 90
38 91
38 93
38 94
38 96
39 40
39 41
39 42
39 43
39 44
39 45
39 46
39 47
39 48
39 49
39 50
39 51
39 52
39 53
39 54
39 55
39 56
39 57
39 58
39 59
39 60
39 61
39 62
39 64
39 65
39 66
39 67
39 69
39 70
39 71
39 72
39 74
39 75
39 76
39 77
39 83
39 85
39 86
39 88
39 89
39 93
39 95
39 96
39 97
40 41
40 42
40 43
40 44
40 45
40 46
40 47
40 48
40 49
40 50
40 51
40 52
40 53
40 54
40 55
40 56
40 57
40 58
40 60
40 61
40 63
40 65
40 66
40 67
40 69
40 70
40 71
40 72
40 73
40 74
40 75
40 76
40 77
40 78
40 80
40 81
40 83
40 84
40 86
40 87
40 89
40 90
40 94
40 95
40 96
40 98
40 99
41 42
41 43
41 44
41 45
41 46
41 47
41 48
41 49
41 50
41 51
41 52
41 53
41 55
41 56
41 57
41 58
41 59
41 60
41 61
41 62
41 63
41 64
41 66
41 69
41 70
41 71
41 73
41 74
41 75
41 78
41 79
41 80
41 82
41 83
41 85
41 86
41 87
41 88
41 89
41 90
41 91
41 92
41 93
41 94
41 95
41 96
41 99
42 43
42 44
42 45
42 46
42 47
42 48
42 49
42 50
42 51
42 52
42 53
42 55
42 56
42 58
42 59
42 60
42 61
42 63
42 64
42 65
42 67
42 68
42 69
42 71
42 72
42 74
42 75
42 77
42 81
42 82
42 84
42 89
42 90
42 91
42 92
42 94
42 95
42 97
42 98
42 99
43 44
43 45
43 46
43 47
43 48
43 49
43 50
43 51
43 52
43 53
43 54
43 57
43 58
43 59
43 63
43 64
43 65
43 66
43 67
43 69
43 70
43 71
43 73
43 74
43 76
43 79
43 81
43 82
43 84
43 85
43 86
43 88
43 92
43 93
43 94
43 97
43 98
43 99
43 55
44 45
44 46
44 47
44 48
44 49
44 50
44 51
44 52
44 53
44 54
44 55
44 57
44 58
44 59
44 61
44 62
44 63
44 64
44 65
44 66
44 67
44 71
44 72
44 74
44 75
44 76
44 77
44 79
44 82
44 83
44 84
44 85
44 86
44 88
44 89
44 90
44 92
44 94
44 95
44 96
44 98
45 46
45 47
45 48
45 49
45 50
45 51
45 52
45 54
45 55
45 56
45 57
45 58
45 60
45 61
45 63
45 67
45 68
45 69
45 70
45 71
45 73
45 74
45 75
45 77
45 78
45 79
45 82
45 83
45 86
45 87
45 88
45 89
45 95
45 98
45 99
46 47
46 48
46 49
46 52
46 53
46 54
46 57
46 58
46 60
46 61
46 62
46 63
46 66
46 68
46 69
46 70
46 72
46 73
46 76
46 78
46 79
46 80
46 81
46 82
46 83
46 86
46 89
46 90
46 94
46 95
46 96
46 98
47 48
47 49
47 51
47 52
47 53
47 54
47 55
47 56
47 57
47 60
47 61
47 62
47 64
47 65
47 66
47 67
47 69
47 73
47 75
47 78
47 79
47 81
47 82
47 84
47 85
47 89
47 91
47 92
47 93
47 96
47 87
48 49
48 51
48 52
48 53
48 54
48 55
48 56
48 57
48 58
48 61
48 63
48 64
48 65
48 66
48 67
48 68
48 70
48 71
48 72
48 75
48 77
48 78
48 79
48 80
48 82
48 83
48 84
48 87
48 88
48 89
48 90
48 93
48 95
48 99
49 50
49 51
49 52
49 53
49 54
49 55
49 56
49 58
49 59
49 61
49 62
49 63
49 64
49 65
49 66
49 68
49 69
49 70
49 71
49 72
49 75
49 77
49 78
49 79
49 80
49 81
49 88
49 89
49 92
49 93
49 96
49 98
50 51
50 52
50 53
50 54
50 55
50 56
50 58
50 59
50 60
50 61
50 62
50 63
50 64
50 65
50 66
50 67
50 70
50 72
50 73
50 75
50 76
50 79
50 82
50 83
50 85
50 86
50 88
50 89
50 90
50 95
50 97
51 52
51 53
51 54
51 59
51 60
51 61
51 62
51 63
51 66
51 67
51 68
51 70
51 72
51 73
51 74
51 77
51 79
51 80
51 81
51 82
51 83
51 84
51 86
51 90
51 91
51 93
51 94
51 96
51 97
51 98
51 89
52 53
52 54
52 55
52 56
52 57
52 58
52 59
52 60
52 61
52 65
52 66
52 67
52 68
52 69
52 71
52 73
52 75
52 76
52 78
52 79
52 80
52 82
52 83
52 84
52 85
52 87
52 90
52 94
52 97
53 54
53 55
53 56
53 57
53 58
53 59
53 60
53 61
53 62
53 63
53 64
53 66
53 67
53 68
53 69
53 72
53 73
53 74
53 76
53 79
53 81
53 83
53 85
53 87
53 94
53 95
53 99
54 55
54 57
54 58
54 60
54 62
54 63
54 65
54 68
54 69
54 70
54 72
54 74
54 75
54 77
54 78
54 79
54 82
54 83
54 84
54 89
54 90
54 94
54 96
54 98
55 56
55 57
55 58
55 59
55 61
55 64
55 65
55 67
55 68
55 72
55 73
55 74
55 76
55 78
55 80
55 81
55 83
55 84
55 88
55 90
55 91
55 92
55 94
55 95
55 97
55 99
56 58
56 59
56 60
56 62
56 63
56 64
56 65
56 66
56 67
56 68
56 69
56 76
56 78
56 79
56 81
56 85
56 87
56 88
56 92
56 93
56 96
56 98
57 58
57 59
57 63
57 64
57 65
57 70
57 71
57 72
57 73
57 76
57 77
57 80
57 81
57 83
57 84
57 85
57 87
57 92
57 93
57 95
57 97
57 99
58 59
58 62
58 63
58 66
58 67
58 70
58 71
58 74
58 77
58 82
58 84
58 85
58 87
58 93
58 98
58 61
59 60
59 61
59 62
59 64
59 65
59 66
59 67
59 68
59 69
59 70
59 72
59 73
59 74
59 75
59 76
59 77
59 78
59 80
59 81
59 82
59 83
59 85
59 86
59 89
59 91
59 92
59 95
59 96
59 98
59 99
60 64
60 65
60 67
60 68
60 70
60 71
60 72
60 73
60 76
60 79
60 80
60 87
60 90
60 91
60 98
61 63
61 65
61 68
61 70
61 71
61 72
61 73
61 75
61 77
61 78
61 79
61 80
61 82
61 84
61 87
61 90
61 92
61 94
61 95
61 97
61 99
62 64
62 69
62 71
62 73
62 74
62 75
62 77
62 78
62 81
62 83
62 86
62 87
62 94
62 96
62 97
62 99
63 64
63 65
63 66
63 67
63 69
63 70
63 73
63 74
63 75
63 79
63 81
63 82
63 83
63 84
63 85
63 89
63 90
63 96
63 97
64 65
64 66
64 68
64 76
64 80
64 86
64 88
64 92
64 98
64 77
65 67
65 68
65 69
65 71
65 72
65 73
65 76
65 77
65 78
65 79
65 80
65 81
65 83
65 85
65 87
65 92
65 97
65 98
66 67
66 68
66 69
66 70
66 73
66 75
66 77
66 80
66 84
66 85
66 89
66 93
66 94
66 98
66 99
67 73
67 77
67 83
67 87
67 91
67 92
67 93
67 96
68 72
68 74
68 75
68 76
68 87
68 91
68 93
68 95
68 99
69 70
69 72
69 74
69 76
69 77
69 80
69 84
69 85
69 88
69 89
69 90
69 91
69 98
70 71
70 77
70 78
70 79
70 83
70 88
70 90
70 91
70 94
70 97
71 72
71 74
71 75
71 76
71 80
71 84
71 89
71 90
71 91
71 97
72 73
72 75
72 77
72 79
72 82
72 86
72 91
72 95
72 96
73 74
73 75
73 77
73 79
73 81
73 82
73 86
73 90
73 96
74 76
74 78
74 80
74 82
74 84
74 85
74 87
74 92
74 97
74 98
74 99
75 80
75 81
75 82
75 85
75 86
75 88
75 90
75 93
75 97
76 77
76 78
76 81
76 82
76 85
76 88
76 89
76 91
76 92
76 99
77 79
77 80
77 81
77 82
77 84
77 87
77 88
77 91
77 93
77 94
78 81
78 84
78 90
78 91
78 93
78 94
78 95
79 80
79 83
79 84
79 85
79 87
79 89
79 91
79 92
79 94
79 98
79 99
80 81
80 82
80 84
80 85
80 86
80 88
80 89
80 93
80 96
80 97
81 84
81 85
81 86
81 90
81 91
81 93
81 95
81 97
81 99
82 84
82 85
82 86
82 88
82 89
82 90
82 91
82 92
82 95
82 99
83 85
83 92
83 93
83 94
83 95
83 97
84 86
84 92
84 93
84 98
84 99
85 86
85 93
85 94
86 88
86 91
86 94
87 88
87 89
87 90
87 92
87 95
87 96
87 97
88 95
88 99
89 90
89 96
90 92
90 97
91 94
91 98
92 93
92 95
92 97
92 99
93 94
94 96
94 98
95 99
96 97
96 98
97 99
98 99