767247233
33
200
5607
0 33
0 34
0 35
0 36
0 37
0 38
0 39
0 40
0 41
0 42
0 43
0 44
0 45
0 46
0 47
0 49
0 52
0 53
0 54
0 57
0 58
0 59
0 64
0 66
0 71
0 76
0 80
0 85
0 91
0 92
0 100
0 101
0 102
0 105
0 110
0 111
0 112
0 116
0 118
0 121
0 122
0 126
0 135
0 147
0 154
0 159
0 160
0 161
0 162
0 163
0 164
0 174
0 176
0 181
0 182
0 186
0 188
0 190
0 195
0 199
0 6
0 178
1 33
1 34
1 35
1 36
1 38
1 39
1 40
1 41
1 43
1 44
1 45
1 46
1 47
1 48
1 49
1 51
1 56
1 59
1 62
1 63
1 66
1 69
1 79
1 85
1 90
1 98
1 99
1 103
1 105
1 106
1 109
1 114
1 115
1 116
1 126
1 127
1 138
1 143
1 146
1 150
1 153
1 157
1 159
1 164
1 165
1 173
1 177
1 192
1 101
2 33
2 35
2 36
2 37
2 38
2 39
2 40
2 41
2 42
2 43
2 45
2 46
2 47
2 48
2 49
2 50
2 51
2 53
2 59
2 60
2 62
2 63
2 65
2 66
2 71
2 74
2 75
2 77
2 82
2 84
2 99
2 102
2 108
2 109
2 111
2 112
2 114
2 115
2 117
2 122
2 129
2 130
2 133
2 135
2 136
2 139
2 141
2 150
2 154
2 162
2 164
2 166
2 167
2 185
2 189
2 190
2 92
3 33
3 34
3 35
3 36
3 37
3 38
3 39
3 40
3 41
3 42
3 44
3 45
3 46
3 49
3 50
3 54
3 56
3 58
3 61
3 64
3 65
3 73
3 77
3 78
3 82
3 84
3 86
3 89
3 93
3 94
3 96
3 97
3 99
3 100
3 104
3 105
3 111
3 113
3 114
3 122
3 137
3 138
3 143
3 145
3 151
3 155
3 179
3 182
3 185
3 190
3 193
3 196
3 53
4 33
4 34
4 35
4 36
4 37
4 39
4 40
4 41
4 42
4 45
4 46
4 48
4 50
4 52
4 56
4 57
4 58
4 60
4 63
4 64
4 72
4 76
4 78
4 79
4 87
4 93
4 95
4 103
4 105
4 113
4 118
4 121
4 130
4 133
4 134
4 145
4 149
4 153
4 163
4 164
4 166
4 171
4 173
4 176
4 180
4 187
4 189
5 33
5 34
5 35
5 36
5 37
5 38
5 39
5 43
5 44
5 45
5 47
5 48
5 49
5 52
5 53
5 57
5 58
5 59
5 60
5 61
5 63
5 65
5 69
5 70
5 75
5 90
5 92
5 94
5 98
5 101
5 106
5 107
5 113
5 119
5 122
5 123
5 127
5 129
5 130
5 132
5 146
5 147
5 148
5 149
5 158
5 160
5 165
5 178
5 183
5 189
5 190
5 194
6 33
6 34
6 35
6 36
6 37
6 38
6 39
6 40
6 41
6 43
6 44
6 45
6 47
6 49
6 51
6 52
6 54
6 55
6 56
6 60
6 62
6 69
6 71
6 73
6 76
6 78
6 79
6 81
6 82
6 85
6 86
6 89
6 93
6 94
6 102
6 103
6 105
6 106
6 112
6 114
6 116
6 121
6 123
6 125
6 134
6 136
6 145
6 152
6 153
6 155
6 171
6 175
6 182
6 167
7 33
7 34
7 35
7 36
7 38
7 39
7 40
7 41
7 43
7 44
7 45
7 46
7 48
7 49
7 50
7 51
7 52
7 53
7 54
7 55
7 57
7 58
7 60
7 62
7 65
7 67
7 68
7 69
7 72
7 73
7 74
7 79
7 82
7 86
7 87
7 89
7 91
7 94
7 98
7 105
7 108
7 113
7 114
7 118
7 120
7 123
7 124
7 142
7 154
7 158
7 162
7 164
7 177
7 182
7 186
7 190
7 191
7 193
7 199
7 30
8 33
8 34
8 35
8 36
8 37
8 38
8 39
8 40
8 42
8 43
8 44
8 45
8 47
8 49
8 50
8 57
8 67
8 68
8 71
8 77
8 78
8 79
8 82
8 84
8 85
8 86
8 89
8 90
8 114
8 122
8 130
8 141
8 144
8 157
8 163
8 165
8 178
8 179
8 189
8 197
8 153
9 33
9 34
9 35
9 36
9 37
9 38
9 39
9 40
9 41
9 42
9 43
9 44
9 45
9 48
9 50
9 51
9 52
9 53
9 56
9 57
9 61
9 63
9 67
9 68
9 69
9 73
9 77
9 78
9 86
9 87
9 96
9 100
9 109
9 126
9 131
9 138
9 144
9 157
9 167
9 175
9 186
9 193
9 198
9 18
9 15
9 91
10 33
10 34
10 35
10 37
10 38
10 39
10 40
10 41
10 42
10 46
10 48
10 49
10 53
10 57
10 58
10 60
10 66
10 72
10 75
10 77
10 81
10 84
10 85
10 89
10 90
10 91
10 100
10 106
10 121
10 125
10 130
10 132
10 143
10 158
10 160
10 185
10 29
11 33
11 34
11 36
11 37
11 41
11 43
11 44
11 46
11 49
11 51
11 55
11 56
11 57
11 68
11 69
11 70
11 73
11 75
11 77
11 79
11 83
11 99
11 104
11 105
11 109
11 111
11 116
11 118
11 127
11 128
11 145
11 153
11 168
11 170
11 181
11 183
11 191
12 33
12 34
12 35
12 36
12 37
12 38
12 39
12 45
12 47
12 50
12 51
12 59
12 61
12 62
12 69
12 74
12 77
12 81
12 89
12 94
12 104
12 123
12 125
12 126
12 127
12 129
12 132
12 140
12 152
12 153
12 155
12 160
12 165
12 169
12 178
12 180
12 181
12 192
13 33
13 34
13 35
13 36
13 37
13 39
13 40
13 41
13 42
13 43
13 44
13 49
13 50
13 52
13 55
13 57
13 59
13 60
13 64
13 65
13 69
13 77
13 79
13 81
13 82
13 84
13 90
13 91
13 97
13 99
13 100
13 103
13 107
13 111
13 118
13 120
13 122
13 127
13 138
13 142
13 144
13 150
13 160
13 170
13 173
13 181
13 190
13 191
13 196
14 33
14 34
14 35
14 36
14 37
14 38
14 40
14 41
14 43
14 44
14 45
14 47
14 50
14 52
14 53
14 56
14 57
14 63
14 64
14 67
14 73
14 76
14 78
14 82
14 85
14 99
14 103
14 104
14 108
14 110
14 136
14 151
14 175
14 130
15 33
15 34
15 35
15 36
15 37
15 38
15 40
15 41
15 43
15 46
15 50
15 51
15 52
15 53
15 64
15 73
15 78
15 81
15 90
15 95
15 106
15 116
15 117
15 119
15 124
15 130
15 131
15 135
15 146
15 156
15 158
15 176
15 181
15 199
16 33
16 34
16 35
16 36
16 37
16 38
16 39
16 41
16 42
16 43
16 45
16 46
16 47
16 48
16 50
16 51
16 52
16 54
16 55
16 57
16 58
16 59
16 63
16 64
16 69
16 72
16 78
16 80
16 83
16 91
16 100
16 105
16 110
16 111
16 122
16 123
16 128
16 129
16 133
16 141
16 144
16 154
16 155
16 157
16 166
16 169
16 171
16 177
16 184
16 194
17 33
17 34
17 35
17 37
17 38
17 39
17 40
17 41
17 42
17 43
17 46
17 48
17 51
17 52
17 53
17 54
17 55
17 58
17 60
17 63
17 65
17 66
17 70
17 76
17 77
17 78
17 79
17 80
17 82
17 83
17 91
17 101
17 103
17 110
17 111
17 112
17 118
17 120
17 125
17 133
17 139
17 148
17 152
17 157
17 162
17 163
17 170
17 176
17 178
17 182
17 183
17 189
17 199
18 33
18 34
18 35
18 36
18 37
18 38
18 41
18 42
18 43
18 45
18 47
18 53
18 54
18 55
18 69
18 70
18 73
18 75
18 79
18 83
18 90
18 108
18 113
18 132
18 162
18 173
19 33
19 34
19 35
19 36
19 37
19 38
19 39
19 40
19 41
19 42
19 43
19 44
19 45
19 46
19 47
19 50
19 51
19 52
19 53
19 54
19 55
19 56
19 57
19 61
19 63
19 64
19 66
19 67
19 71
19 76
19 77
19 79
19 82
19 83
19 84
19 86
19 89
19 91
19 95
19 117
19 122
19 129
19 143
19 146
19 149
19 150
19 155
19 162
19 166
19 169
19 180
19 183
19 192
19 131
20 33
20 34
20 35
20 36
20 37
20 38
20 39
20 40
20 42
20 44
20 46
20 47
20 48
20 49
20 53
20 57
20 59
20 60
20 61
20 63
20 66
20 78
20 82
20 83
20 88
20 90
20 92
20 94
20 96
20 97
20 118
20 126
20 135
20 136
20 138
20 142
20 145
20 148
20 152
20 159
20 185
21 33
21 34
21 35
21 37
21 38
21 39
21 40
21 41
21 43
21 44
21 45
21 48
21 50
21 53
21 58
21 59
21 60
21 77
21 79
21 83
21 87
21 90
21 92
21 96
21 98
21 99
21 104
21 110
21 126
21 137
21 139
21 146
21 154
21 168
21 182
21 194
22 33
22 34
22 35
22 36
22 37
22 38
22 39
22 40
22 41
22 42
22 43
22 44
22 45
22 46
22 50
22 52
22 53
22 54
22 55
22 60
22 63
22 65
22 67
22 68
22 71
22 75
22 77
22 79
22 81
22 83
22 84
22 89
22 90
22 91
22 93
22 98
22 109
22 118
22 122
22 127
22 131
22 134
22 137
22 141
22 155
22 160
22 162
22 197
22 199
22 48
23 33
23 34
23 35
23 36
23 37
23 38
23 39
23 40
23 41
23 42
23 43
23 44
23 45
23 47
23 48
23 51
23 53
23 54
23 56
23 57
23 59
23 60
23 61
23 65
23 67
23 68
23 70
23 71
23 81
23 83
23 87
23 88
23 89
23 96
23 97
23 103
23 107
23 108
23 109
23 110
23 113
23 115
23 118
23 125
23 131
23 133
23 134
23 135
23 136
23 141
23 145
23 150
23 157
23 158
23 166
23 175
23 176
23 181
23 191
23 130
24 33
24 34
24 35
24 36
24 37
24 38
24 39
24 40
24 41
24 42
24 43
24 44
24 45
24 46
24 47
24 48
24 51
24 55
24 58
24 61
24 62
24 64
24 65
24 66
24 68
24 71
24 72
24 74
24 82
24 87
24 89
24 90
24 91
24 96
24 97
24 101
24 102
24 103
24 105
24 109
24 111
24 114
24 115
24 117
24 124
24 128
24 131
24 134
24 135
24 142
24 143
24 149
24 159
24 161
24 170
24 172
24 175
24 176
24 178
24 181
24 183
24 185
24 187
24 194
24 195
24 196
24 197
24 163
24 154
25 33
25 34
25 35
25 36
25 37
25 38
25 40
25 42
25 45
25 46
25 48
25 50
25 53
25 55
25 56
25 57
25 58
25 62
25 64
25 66
25 67
25 68
25 70
25 71
25 79
25 84
25 86
25 87
25 88
25 90
25 93
25 94
25 100
25 104
25 109
25 120
25 121
25 122
25 133
25 139
25 158
25 174
25 176
25 183
25 184
25 186
25 192
25 196
25 199
25 102
25 180
26 33
26 34
26 35
26 36
26 38
26 39
26 41
26 42
26 44
26 46
26 47
26 48
26 49
26 52
26 54
26 55
26 57
26 58
26 61
26 62
26 66
26 67
26 69
26 70
26 71
26 72
26 73
26 74
26 75
26 80
26 81
26 82
26 83
26 84
26 93
26 94
26 95
26 98
26 107
26 117
26 120
26 127
26 133
26 137
26 138
26 139
26 140
26 143
26 146
26 149
26 152
26 155
26 160
26 163
26 167
26 173
26 174
26 185
26 195
26 199
26 64
27 33
27 34
27 35
27 36
27 37
27 38
27 39
27 40
27 41
27 42
27 47
27 48
27 49
27 51
27 52
27 53
27 56
27 59
27 62
27 63
27 64
27 65
27 70
27 72
27 73
27 75
27 76
27 78
27 80
27 86
27 93
27 101
27 104
27 106
27 110
27 116
27 123
27 124
27 132
27 133
27 141
27 147
27 148
27 150
27 156
27 157
27 163
27 166
27 184
27 199
27 130
28 33
28 34
28 35
28 36
28 38
28 39
28 40
28 42
28 43
28 44
28 47
28 49
28 50
28 51
28 52
28 56
28 58
28 60
28 64
28 68
28 72
28 85
28 90
28 91
28 92
28 93
28 101
28 106
28 118
28 119
28 123
28 126
28 127
28 128
28 138
28 139
28 144
28 146
28 158
28 160
28 161
28 162
28 175
28 176
28 180
28 181
28 185
29 33
29 34
29 35
29 36
29 37
29 38
29 39
29 42
29 44
29 46
29 49
29 50
29 52
29 54
29 55
29 58
29 59
29 60
29 62
29 64
29 65
29 67
29 73
29 76
29 78
29 85
29 88
29 93
29 97
29 100
29 111
29 113
29 118
29 120
29 127
29 135
29 139
29 141
29 149
29 152
29 162
29 167
29 169
29 173
29 175
29 182
29 187
29 190
29 191
29 147
29 195
30 33
30 34
30 35
30 36
30 37
30 38
30 40
30 41
30 42
30 43
30 44
30 46
30 47
30 48
30 51
30 54
30 58
30 60
30 61
30 62
30 66
30 73
30 77
30 78
30 87
30 89
30 97
30 98
30 107
30 110
30 116
30 124
30 129
30 130
30 133
30 151
30 160
30 166
30 168
30 170
30 173
30 183
30 188
30 189
30 192
30 193
31 33
31 34
31 36
31 37
31 39
31 40
31 41
31 42
31 43
31 46
31 47
31 48
31 51
31 54
31 56
31 58
31 60
31 63
31 68
31 69
31 70
31 73
31 78
31 84
31 88
31 90
31 94
31 96
31 100
31 110
31 111
31 121
31 126
31 128
31 134
31 138
31 156
31 186
31 188
31 191
31 195
31 199
32 33
32 34
32 35
32 36
32 37
32 39
32 40
32 42
32 44
32 45
32 49
32 50
32 52
32 56
32 61
32 62
32 66
32 67
32 69
32 71
32 72
32 73
32 74
32 75
32 77
32 79
32 80
32 81
32 84
32 85
32 87
32 88
32 92
32 95
32 102
32 107
32 109
32 112
32 129
32 132
32 134
32 135
32 140
32 141
32 152
32 154
32 156
32 166
32 167
32 187
32 191
33 34
33 35
33 36
33 37
33 38
33 39
33 40
33 41
33 42
33 43
33 44
33 45
33 46
33 47
33 48
33 49
33 50
33 51
33 52
33 53
33 54
33 55
33 56
33 57
33 58
33 59
33 60
33 61
33 62
33 63
33 64
33 65
33 66
33 67
33 68
33 69
33 70
33 71
33 72
33 74
33 75
33 79
33 80
33 81
33 82
33 83
33 84
33 87
33 88
33 90
33 91
33 93
33 95
33 96
33 99
33 100
33 101
33 102
33 103
33 105
33 106
33 107
33 108
33 110
33 111
33 112
33 113
33 114
33 117
33 118
33 120
33 121
33 122
33 125
33 128
33 130
33 131
33 133
33 134
33 135
33 137
33 140
33 142
33 143
33 146
33 148
33 150
33 153
33 157
33 159
33 163
33 166
33 170
33 171
33 172
33 173
33 174
33 177
33 178
33 181
33 182
33 183
33 185
33 188
33 189
33 194
33 196
33 197
33 126
34 35
34 36
34 37
34 38
34 39
34 40
34 41
34 42
34 43
34 44
34 45
34 46
34 47
34 48
34 49
34 51
34 52
34 54
34 55
34 56
34 57
34 58
34 59
34 60
34 61
34 62
34 63
34 64
34 65
34 66
34 68
34 71
34 74
34 75
34 78
34 80
34 81
34 86
34 87
34 88
34 89
34 91
34 98
34 99
34 100
34 103
34 104
34 105
34 106
34 112
34 113
34 114
34 115
34 116
34 117
34 119
34 120
34 125
34 126
34 128
34 131
34 132
34 134
34 139
34 143
34 147
34 150
34 151
34 152
34 154
34 155
34 159
34 168
34 169
34 170
34 171
34 175
34 180
34 181
34 186
34 189
34 194
34 199
35 36
35 37
35 38
35 39
35 40
35 41
35 42
35 43
35 44
35 45
35 46
35 47
35 48
35 49
35 50
35 51
35 52
35 53
35 54
35 55
35 58
35 60
35 62
35 63
35 64
35 65
35 67
35 69
35 70
35 71
35 72
35 73
35 75
35 76
35 79
35 80
35 82
35 85
35 86
35 90
35 93
35 94
35 96
35 99
35 100
35 101
35 102
35 104
35 106
35 108
35 109
35 110
35 113
35 114
35 116
35 117
35 118
35 119
35 121
35 122
35 130
35 134
35 135
35 139
35 142
35 143
35 144
35 147
35 148
35 151
35 152
35 156
35 157
35 161
35 162
35 164
35 169
35 170
35 175
35 177
35 181
35 182
35 183
35 190
35 194
35 196
35 198
35 199
35 74
35 140
36 37
36 38
36 39
36 40
36 41
36 42
36 43
36 44
36 45
36 46
36 47
36 48
36 49
36 50
36 51
36 52
36 53
36 54
36 55
36 56
36 57
36 58
36 59
36 63
36 64
36 66
36 67
36 68
36 69
36 73
36 74
36 75
36 76
36 78
36 80
36 81
36 82
36 83
36 84
36 85
36 86
36 87
36 88
36 89
36 91
36 92
36 94
36 96
36 97
36 98
36 100
36 102
36 104
36 106
36 107
36 108
36 110
36 113
36 114
36 115
36 116
36 117
36 118
36 120
36 125
36 126
36 127
36 128
36 130
36 134
36 138
36 145
36 146
36 148
36 152
36 153
36 155
36 159
36 161
36 166
36 168
36 169
36 171
36 172
36 174
36 177
36 179
36 180
36 182
36 185
36 188
36 189
36 190
36 191
36 192
36 197
36 198
36 199
37 38
37 39
37 40
37 41
37 42
37 43
37 44
37 45
37 46
37 47
37 48
37 49
37 50
37 51
37 52
37 53
37 54
37 55
37 56
37 59
37 62
37 63
37 65
37 66
37 68
37 74
37 76
37 80
37 83
37 85
37 87
37 90
37 93
37 95
37 97
37 98
37 99
37 100
37 102
37 105
37 106
37 108
37 109
37 111
37 114
37 119
37 120
37 121
37 123
37 127
37 130
37 136
37 139
37 140
37 142
37 147
37 148
37 149
37 151
37 153
37 154
37 159
37 163
37 165
37 166
37 169
37 170
37 171
37 186
37 187
37 190
37 194
37 196
37 58
38 39
38 40
38 41
38 42
38 43
38 44
38 45
38 46
38 47
38 48
38 49
38 50
38 51
38 52
38 53
38 54
38 55
38 56
38 58
38 59
38 60
38 61
38 62
38 63
38 64
38 65
38 67
38 68
38 69
38 73
38 74
38 75
38 76
38 78
38 81
38 83
38 84
38 88
38 89
38 94
38 95
38 96
38 98
38 99
38 100
38 102
38 103
38 109
38 112
38 115
38 116
38 117
38 118
38 119
38 120
38 124
38 128
38 129
38 134
38 135
38 136
38 137
38 141
38 145
38 148
38 151
38 153
38 154
38 157
38 158
38 160
38 164
38 166
38 169
38 170
38 171
38 172
38 173
38 175
38 176
38 178
38 179
38 183
38 185
38 186
38 187
38 188
38 190
38 192
38 194
38 195
38 197
38 104
39 40
39 41
39 42
39 43
39 44
39 45
39 46
39 47
39 48
39 49
39 50
39 51
39 52
39 53
39 54
39 55
39 56
39 57
39 59
39 60
39 61
39 62
39 64
39 65
39 66
39 68
39 69
39 71
39 76
39 77
39 81
39 82
39 83
39 84
39 93
39 94
39 95
39 96
39 97
39 101
39 102
39 104
39 105
39 107
39 108
39 110
39 113
39 116
39 117
39 122
39 123
39 126
39 127
39 131
39 140
39 142
39 143
39 146
39 149
39 154
39 155
39 157
39 159
39 161
39 170
39 172
39 180
39 181
39 184
39 186
39 187
39 188
40 41
40 42
40 43
40 44
40 45
40 46
40 47
40 48
40 49
40 50
40 51
40 53
40 55
40 56
40 57
40 59
40 61
40 65
40 66
40 70
40 71
40 72
40 77
40 78
40 79
40 80
40 82
40 84
40 86
40 87
40 89
40 90
40 91
40 95
40 96
40 97
40 99
40 101
40 103
40 104
40 107
40 108
40 109
40 110
40 111
40 115
40 116
40 117
40 119
40 120
40 123
40 125
40 128
40 133
40 137
40 138
40 139
40 140
40 141
40 147
40 148
40 149
40 150
40 151
40 154
40 158
40 160
40 162
40 163
40 165
40 166
40 168
40 169
40 173
40 174
40 176
40 178
40 179
40 181
40 182
40 184
40 185
40 186
40 187
40 189
40 192
40 196
40 197
40 62
40 172
41 42
41 43
41 44
41 45
41 46
41 47
41 48
41 49
41 50
41 51
41 52
41 53
41 54
41 55
41 56
41 57
41 58
41 59
41 60
41 61
41 62
41 63
41 64
41 65
41 67
41 68
41 69
41 70
41 71
41 72
41 73
41 74
41 76
41 77
41 79
41 82
41 83
41 85
41 86
41 87
41 90
41 91
41 92
41 94
41 95
41 97
41 98
41 101
41 104
41 105
41 107
41 108
41 110
41 111
41 116
41 117
41 118
41 119
41 123
41 129
41 130
41 132
41 133
41 135
41 136
41 139
41 142
41 145
41 147
41 150
41 155
41 156
41 161
41 162
41 165
41 166
41 171
41 174
41 176
41 180
41 182
41 187
41 191
41 193
41 196
41 134
42 43
42 44
42 45
42 46
42 47
42 48
42 49
42 50
42 51
42 53
42 54
42 55
42 56
42 57
42 58
42 60
42 61
42 62
42 63
42 64
42 66
42 70
42 71
42 72
42 73
42 74
42 76
42 77
42 78
42 80
42 81
42 82
42 85
42 86
42 87
42 88
42 90
42 94
42 95
42 98
42 100
42 101
42 102
42 103
42 113
42 114
42 115
42 117
42 118
42 122
42 127
42 131
42 137
42 140
42 145
42 147
42 151
42 153
42 155
42 161
42 167
42 171
42 172
42 173
42 175
42 179
42 181
42 183
42 186
42 187
42 190
42 195
42 196
42 83
42 111
43 44
43 45
43 46
43 47
43 48
43 49
43 50
43 51
43 52
43 53
43 54
43 55
43 58
43 59
43 60
43 61
43 62
43 64
43 65
43 67
43 71
43 74
43 75
43 76
43 77
43 81
43 84
43 85
43 86
43 88
43 92
43 93
43 94
43 95
43 96
43 98
43 99
43 105
43 106
43 109
43 117
43 123
43 126
43 128
43 131
43 133
43 137
43 140
43 142
43 146
43 148
43 156
43 157
43 159
43 164
43 169
43 171
43 172
43 174
43 177
43 184
43 187
43 189
43 191
43 192
43 194
43 198
44 45
44 46
44 47
44 48
44 49
44 50
44 51
44 52
44 55
44 56
44 58
44 59
44 60
44 61
44 62
44 65
44 66
44 69
44 70
44 71
44 72
44 74
44 75
44 78
44 80
44 81
44 82
44 84
44 85
44 86
44 92
44 93
44 94
44 96
44 97
44 101
44 104
44 106
44 108
44 110
44 113
44 115
44 117
44 121
44 123
44 126
44 129
44 130
44 135
44 136
44 137
44 139
44 149
44 154
44 160
44 165
44 166
44 167
44 171
44 174
44 175
44 178
44 180
44 182
44 187
44 188
44 192
44 194
44 199
44 148
45 46
45 47
45 48
45 49
45 50
45 51
45 53
45 54
45 55
45 56
45 57
45 58
45 59
45 61
45 62
45 63
45 64
45 66
45 67
45 68
45 70
45 73
45 74
45 76
45 77
45 79
45 80
45 81
45 82
45 83
45 84
45 87
45 89
45 90
45 91
45 93
45 95
45 97
45 100
45 101
45 102
45 104
45 107
45 110
45 112
45 122
45 124
45 127
45 131
45 132
45 133
45 137
45 140
45 141
45 142
45 143
45 152
45 154
45 157
45 158
45 159
45 161
45 164
45 165
45 167
45 169
45 170
45 171
45 173
45 174
45 176
45 179
45 183
45 186
45 188
45 190
45 193
45 199
45 60
45 128
46 47
46 48
46 49
46 50
46 51
46 52
46 53
46 54
46 55
46 56
46 57
46 58
46 59
46 60
46 61
46 63
46 66
46 67
46 69
46 71
46 72
46 75
46 76
46 77
46 78
46 79
46 80
46 81
46 83
46 85
46 91
46 92
46 93
46 96
46 97
46 102
46 105
46 106
46 110
46 112
46 114
46 117
46 118
46 119
46 120
46 123
46 124
46 127
46 128
46 129
46 131
46 137
46 138
46 139
46 140
46 142
46 143
46 148
46 153
46 154
46 155
46 167
46 169
46 172
46 177
46 180
46 181
46 183
46 184
46 186
46 189
46 194
46 195
46 70
47 48
47 49
47 52
47 53
47 54
47 55
47 56
47 58
47 59
47 61
47 63
47 65
47 66
47 68
47 70
47 72
47 73
47 74
47 75
47 81
47 84
47 86
47 88
47 89
47 91
47 92
47 95
47 96
47 101
47 103
47 105
47 106
47 110
47 112
47 115
47 117
47 118
47 119
47 121
47 122
47 124
47 126
47 131
47 132
47 134
47 135
47 136
47 137
47 138
47 139
47 143
47 147
47 149
47 156
47 159
47 162
47 165
47 166
47 169
47 170
47 175
47 179
47 182
47 184
47 187
47 192
47 172
48 49
48 50
48 51
48 52
48 53
48 54
48 55
48 56
48 57
48 58
48 59
48 60
48 62
48 63
48 67
48 68
48 70
48 71
48 73
48 75
48 76
48 77
48 80
48 81
48 83
48 84
48 85
48 87
48 89
48 91
48 92
48 94
48 98
48 103
48 105
48 106
48 109
48 110
48 113
48 114
48 115
48 116
48 118
48 119
48 120
48 121
48 122
48 128
48 129
48 131
48 132
48 135
48 137
48 139
48 143
48 145
48 146
48 149
48 151
48 152
48 155
48 156
48 157
48 158
48 160
48 168
48 172
48 173
48 177
48 181
48 182
48 183
48 184
48 185
48 191
48 192
48 194
48 195
49 50
49 52
49 53
49 54
49 55
49 56
49 57
49 61
49 62
49 64
49 65
49 66
49 67
49 74
49 75
49 79
49 82
49 87
49 88
49 93
49 95
49 96
49 98
49 99
49 101
49 104
49 105
49 110
49 116
49 118
49 119
49 120
49 122
49 123
49 125
49 126
49 127
49 129
49 134
49 135
49 138
49 139
49 141
49 142
49 143
49 144
49 146
49 147
49 148
49 149
49 151
49 153
49 155
49 157
49 158
49 160
49 163
49 164
49 168
49 171
49 175
49 177
49 179
49 181
49 185
49 186
49 191
49 193
49 196
49 51
50 51
50 53
50 54
50 56
50 57
50 59
50 62
50 63
50 64
50 65
50 68
50 69
50 70
50 72
50 74
50 75
50 76
50 78
50 80
50 83
50 85
50 87
50 88
50 95
50 97
50 98
50 101
50 103
50 104
50 109
50 114
50 120
50 121
50 122
50 131
50 136
50 143
50 145
50 151
50 153
50 159
50 161
50 164
50 170
50 171
50 172
50 173
50 177
50 189
50 191
50 192
50 195
50 196
50 149
51 52
51 54
51 55
51 56
51 57
51 58
51 61
51 63
51 64
51 66
51 67
51 68
51 72
51 73
51 74
51 75
51 76
51 77
51 79
51 80
51 82
51 88
51 90
51 94
51 95
51 97
51 98
51 100
51 101
51 109
51 110
51 111
51 115
51 116
51 117
51 121
51 122
51 124
51 126
51 128
51 129
51 133
51 136
51 137
51 139
51 140
51 141
51 144
51 145
51 148
51 150
51 152
51 153
51 156
51 159
51 160
51 168
51 170
51 172
51 175
51 177
51 178
51 179
51 182
51 191
51 192
51 193
51 196
51 198
52 54
52 55
52 56
52 57
52 58
52 61
52 64
52 65
52 66
52 70
52 72
52 73
52 74
52 75
52 76
52 78
52 79
52 80
52 83
52 85
52 86
52 88
52 89
52 90
52 91
52 92
52 93
52 95
52 96
52 98
52 101
52 102
52 103
52 104
52 105
52 107
52 112
52 114
52 116
52 117
52 120
52 123
52 125
52 127
52 130
52 131
52 133
52 135
52 143
52 144
52 148
52 149
52 153
52 154
52 157
52 158
52 166
52 167
52 170
52 171
52 172
52 175
52 180
52 183
52 184
52 196
52 198
53 54
53 55
53 56
53 57
53 58
53 59
53 61
53 63
53 65
53 68
53 69
53 70
53 71
53 73
53 74
53 76
53 78
53 79
53 84
53 87
53 89
53 92
53 93
53 99
53 103
53 104
53 105
53 108
53 110
53 112
53 116
53 119
53 123
53 126
53 128
53 130
53 131
53 134
53 137
53 139
53 140
53 145
53 146
53 148
53 154
53 156
53 160
53 161
53 164
53 169
53 172
53 174
53 178
53 182
53 187
53 189
53 193
53 196
53 152
54 57
54 59
54 60
54 61
54 62
54 64
54 67
54 68
54 69
54 70
54 72
54 73
54 74
54 75
54 76
54 77
54 79
54 81
54 82
54 83
54 84
54 85
54 86
54 87
54 88
54 89
54 90
54 91
54 92
54 93
54 95
54 96
54 99
54 101
54 102
54 103
54 110
54 115
54 116
54 121
54 127
54 130
54 136
54 137
54 138
54 140
54 145
54 146
54 148
54 149
54 151
54 152
54 158
54 160
54 162
54 170
54 174
54 178
54 184
54 188
54 193
54 194
54 195
54 196
54 197
55 57
55 58
55 59
55 60
55 61
55 62
55 63
55 64
55 65
55 68
55 69
55 70
55 71
55 72
55 73
55 74
55 76
55 79
55 80
55 81
55 84
55 86
55 87
55 90
55 91
55 96
55 97
55 98
55 99
55 100
55 101
55 104
55 105
55 107
55 108
55 111
55 114
55 118
55 119
55 120
55 121
55 123
55 124
55 126
55 128
55 129
55 133
55 136
55 137
55 139
55 142
55 143
55 144
55 148
55 150
55 152
55 164
55 165
55 167
55 169
55 174
55 175
55 191
55 195
55 197
55 199
55 182
55 146
56 59
56 60
56 61
56 62
56 63
56 64
56 65
56 66
56 67
56 68
56 69
56 70
56 71
56 79
56 84
56 88
56 98
56 101
56 102
56 103
56 104
56 105
56 108
56 118
56 119
56 120
56 122
56 125
56 128
56 132
56 136
56 139
56 142
56 148
56 151
56 153
56 172
56 177
56 182
56 190
56 191
56 196
56 199
57 59
57 60
57 61
57 62
57 63
57 64
57 65
57 66
57 67
57 69
57 70
57 72
57 75
57 76
57 78
57 83
57 86
57 93
57 99
57 100
57 106
57 107
57 112
57 113
57 117
57 121
57 122
57 123
57 128
57 138
57 139
57 141
57 142
57 146
57 151
57 154
57 156
57 159
57 162
57 165
57 168
57 170
57 173
57 193
57 194
57 198
57 90
57 97
58 59
58 60
58 61
58 62
58 66
58 67
58 68
58 70
58 72
58 75
58 76
58 77
58 80
58 82
58 83
58 86
58 87
58 88
58 92
58 94
58 95
58 97
58 99
58 101
58 102
58 104
58 112
58 115
58 118
58 119
58 122
58 128
58 129
58 135
58 139
58 147
58 151
58 153
58 155
58 156
58 158
58 161
58 165
58 174
58 175
58 180
58 181
58 188
59 60
59 61
59 63
59 65
59 66
59 67
59 68
59 70
59 72
59 73
59 80
59 82
59 83
59 84
59 86
59 88
59 91
59 92
59 94
59 96
59 97
59 98
59 99
59 100
59 101
59 109
59 111
59 112
59 120
59 121
59 123
59 124
59 125
59 128
59 132
59 134
59 137
59 139
59 140
59 150
59 160
59 161
59 166
59 171
59 172
59 177
59 179
59 180
59 184
59 186
59 196
59 141
60 62
60 64
60 65
60 67
60 68
60 69
60 70
60 71
60 72
60 73
60 74
60 75
60 76
60 79
60 80
60 81
60 82
60 85
60 88
60 91
60 92
60 93
60 97
60 101
60 102
60 104
60 106
60 107
60 108
60 112
60 113
60 114
60 117
60 119
60 121
60 136
60 144
60 150
60 151
60 154
60 155
60 157
60 159
60 160
60 161
60 162
60 163
60 170
60 171
60 172
60 174
60 175
60 176
60 179
60 182
60 187
60 191
60 193
60 199
61 62
61 63
61 68
61 69
61 70
61 74
61 75
61 78
61 79
61 80
61 87
61 89
61 90
61 91
61 92
61 95
61 99
61 101
61 103
61 104
61 109
61 112
61 124
61 141
61 145
61 147
61 149
61 150
61 151
61 167
61 176
61 186
61 189
61 196
61 198
61 113
62 64
62 65
62 66
62 67
62 69
62 71
62 73
62 75
62 81
62 83
62 85
62 86
62 87
62 88
62 89
62 92
62 95
62 99
62 106
62 108
62 112
62 113
62 120
62 122
62 126
62 131
62 138
62 139
62 142
62 144
62 149
62 152
62 153
62 159
62 180
62 181
62 187
62 188
62 196
62 199
63 65
63 66
63 67
63 68
63 70
63 71
63 72
63 73
63 76
63 78
63 79
63 81
63 83
63 84
63 85
63 86
63 90
63 93
63 94
63 95
63 100
63 102
63 105
63 106
63 109
63 112
63 114
63 115
63 116
63 118
63 119
63 123
63 124
63 129
63 144
63 147
63 148
63 150
63 155
63 156
63 159
63 161
63 165
63 173
63 175
63 178
63 179
63 184
63 192
63 193
63 195
63 197
63 64
64 67
64 68
64 69
64 70
64 71
64 73
64 74
64 75
64 77
64 80
64 81
64 83
64 84
64 85
64 87
64 90
64 91
64 92
64 93
64 95
64 99
64 101
64 102
64 103
64 104
64 113
64 115
64 117
64 118
64 121
64 122
64 123
64 125
64 128
64 129
64 143
64 147
64 148
64 149
64 150
64 151
64 154
64 156
64 159
64 162
64 165
64 169
64 172
64 179
64 181
64 182
64 183
64 186
64 190
64 191
64 195
64 197
64 198
65 66
65 67
65 73
65 74
65 77
65 80
65 81
65 82
65 85
65 88
65 89
65 93
65 94
65 99
65 100
65 101
65 104
65 107
65 109
65 110
65 111
65 112
65 113
65 115
65 116
65 117
65 120
65 124
65 129
65 131
65 132
65 133
65 134
65 137
65 139
65 157
65 158
65 160
65 169
65 174
65 178
65 180
65 193
65 167
65 136
66 67
66 70
66 71
66 72
66 74
66 78
66 80
66 81
66 83
66 88
66 90
66 92
66 94
66 102
66 106
66 107
66 109
66 111
66 113
66 118
66 119
66 123
66 124
66 134
66 136
66 147
66 156
66 157
66 163
66 172
66 176
66 180
66 187
66 189
66 190
66 196
66 197
66 162
67 68
67 69
67 71
67 72
67 77
67 78
67 88
67 94
67 97
67 98
67 101
67 102
67 107
67 109
67 115
67 119
67 120
67 124
67 129
67 132
67 135
67 138
67 142
67 146
67 151
67 153
67 155
67 156
67 157
67 161
67 167
67 173
67 175
67 189
67 193
67 198
67 199
68 69
68 70
68 72
68 75
68 76
68 80
68 82
68 85
68 86
68 88
68 90
68 92
68 93
68 96
68 97
68 98
68 104
68 105
68 107
68 108
68 113
68 115
68 116
68 121
68 124
68 130
68 135
68 136
68 137
68 140
68 142
68 144
68 145
68 147
68 162
68 163
68 166
68 167
68 168
68 170
68 172
68 173
68 179
68 185
68 91
69 71
69 72
69 75
69 76
69 77
69 78
69 80
69 82
69 86
69 88
69 91
69 93
69 95
69 107
69 114
69 117
69 127
69 130
69 131
69 134
69 135
69 140
69 141
69 142
69 147
69 150
69 154
69 162
69 163
69 165
69 175
69 177
69 119
70 71
70 72
70 74
70 76
70 77
70 79
70 81
70 82
70 84
70 86
70 87
70 88
70 89
70 92
70 98
70 106
70 107
70 108
70 111
70 112
70 117
70 118
70 125
70 126
70 133
70 138
70 140
70 141
70 143
70 145
70 146
70 148
70 149
70 152
70 153
70 162
70 164
70 166
70 167
70 171
70 174
70 176
70 177
70 186
70 187
70 188
70 192
70 114
71 72
71 74
71 75
71 78
71 84
71 85
71 86
71 89
71 91
71 96
71 97
71 100
71 102
71 103
71 105
71 107
71 110
71 112
71 113
71 114
71 120
71 121
71 124
71 131
71 132
71 133
71 135
71 136
71 142
71 145
71 148
71 150
71 152
71 153
71 157
71 161
71 164
71 179
71 182
71 188
71 195
72 74
72 85
72 88
72 92
72 93
72 96
72 97
72 99
72 100
72 103
72 104
72 111
72 112
72 113
72 114
72 120
72 121
72 127
72 129
72 130
72 138
72 139
72 141
72 144
72 147
72 157
72 160
72 163
72 176
72 177
72 181
72 183
72 189
72 190
72 198
72 87
73 74
73 76
73 77
73 79
73 83
73 85
73 88
73 89
73 96
73 98
73 101
73 103
73 107
73 114
73 115
73 124
73 125
73 126
73 133
73 134
73 136
73 140
73 141
73 145
73 149
73 150
73 151
73 153
73 156
73 170
73 174
73 177
73 182
73 187
73 191
73 192
73 102
73 108
74 81
74 83
74 85
74 86
74 92
74 93
74 96
74 100
74 101
74 111
74 112
74 114
74 117
74 119
74 121
74 122
74 123
74 126
74 127
74 132
74 135
74 137
74 144
74 146
74 150
74 151
74 153
74 161
74 167
74 182
74 185
74 187
74 188
74 190
74 195
74 198
74 109
74 186
75 77
75 78
75 82
75 85
75 89
75 94
75 96
75 101
75 105
75 106
75 107
75 108
75 113
75 114
75 118
75 124
75 125
75 130
75 131
75 133
75 137
75 157
75 161
75 165
75 183
75 184
75 188
76 77
76 81
76 86
76 89
76 90
76 92
76 93
76 97
76 99
76 100
76 103
76 106
76 112
76 122
76 123
76 134
76 138
76 146
76 147
76 148
76 156
76 161
76 163
76 165
76 166
76 167
76 168
76 172
76 179
76 181
76 182
76 184
76 191
76 193
77 78
77 80
77 87
77 90
77 92
77 93
77 94
77 95
77 96
77 97
77 107
77 109
77 110
77 111
77 114
77 116
77 124
77 126
77 127
77 133
77 140
77 141
77 144
77 149
77 152
77 156
77 161
77 163
77 166
77 169
77 172
77 174
77 177
77 182
77 185
77 186
77 105
77 168
78 79
78 80
78 83
78 91
78 97
78 100
78 114
78 120
78 122
78 123
78 130
78 134
78 138
78 144
78 148
78 154
78 155
78 158
78 160
78 163
78 166
78 173
78 178
78 179
78 187
78 193
78 197
78 172
78 98
78 151
79 80
79 84
79 87
79 91
79 98
79 99
79 104
79 105
79 110
79 111
79 120
79 121
79 132
79 134
79 138
79 142
79 144
79 148
79 151
79 157
79 158
79 163
79 168
79 172
79 180
79 190
79 193
79 194
79 119
80 81
80 82
80 86
80 89
80 90
80 92
80 94
80 98
80 104
80 108
80 109
80 111
80 112
80 132
80 135
80 140
80 144
80 146
80 151
80 157
80 161
80 164
80 173
80 179
80 187
80 188
80 193
80 198
80 199
80 83
80 137
81 87
81 88
81 92
81 95
81 102
81 108
81 111
81 112
81 114
81 120
81 126
81 127
81 141
81 145
81 148
81 161
81 167
81 171
81 173
81 174
81 178
81 184
81 191
81 193
82 83
82 84
82 86
82 88
82 95
82 98
82 102
82 103
82 109
82 110
82 113
82 123
82 124
82 129
82 137
82 145
82 153
82 161
82 162
82 163
82 164
82 168
82 171
82 184
82 191
82 195
83 84
83 87
83 89
83 95
83 97
83 100
83 105
83 108
83 109
83 114
83 115
83 125
83 126
83 129
83 133
83 136
83 138
83 140
83 143
83 146
83 151
83 155
83 157
83 158
83 161
83 162
83 167
83 184
83 186
83 187
83 189
83 193
83 198
84 85
84 94
84 95
84 96
84 100
84 102
84 105
84 109
84 113
84 115
84 117
84 119
84 121
84 123
84 125
84 126
84 129
84 130
84 135
84 136
84 141
84 142
84 151
84 152
84 154
84 165
84 173
84 177
84 183
84 190
84 197
84 127
84 199
85 87
85 91
85 98
85 99
85 101
85 102
85 105
85 106
85 116
85 119
85 123
85 125
85 135
85 144
85 145
85 146
85 153
85 155
85 156
85 164
85 178
85 184
85 195
85 163
86 89
86 94
86 95
86 96
86 97
86 106
86 107
86 110
86 117
86 119
86 121
86 124
86 125
86 131
86 133
86 136
86 143
86 145
86 152
86 159
86 167
86 169
86 175
86 187
86 188
86 189
86 192
86 196
86 197
86 199
87 92
87 94
87 95
87 99
87 106
87 108
87 122
87 130
87 144
87 148
87 169
87 170
87 181
87 188
87 199
88 89
88 91
88 96
88 102
88 103
88 113
88 119
88 121
88 124
88 135
88 136
88 146
88 147
88 153
88 158
88 159
88 192
88 193
88 197
88 199
89 92
89 94
89 97
89 99
89 100
89 102
89 108
89 109
89 111
89 112
89 115
89 118
89 124
89 128
89 131
89 139
89 147
89 148
89 155
89 157
89 164
89 165
89 168
89 172
89 174
89 175
89 176
89 180
89 188
89 193
89 161
90 91
90 97
90 102
90 106
90 107
90 108
90 111
90 118
90 125
90 129
90 131
90 142
90 149
90 150
90 152
90 159
90 160
90 162
90 163
90 171
90 173
90 174
90 178
90 179
90 182
90 184
90 189
90 192
90 193
90 155
91 93
91 100
91 103
91 106
91 108
91 115
91 125
91 127
91 128
91 135
91 141
91 144
91 145
91 159
91 161
91 166
91 167
91 172
91 175
91 179
91 180
91 190
91 198
92 98
92 103
92 108
92 115
92 117
92 121
92 123
92 125
92 129
92 134
92 146
92 154
92 155
92 158
92 166
92 169
92 174
92 175
92 176
92 181
92 188
92 190
93 94
93 96
93 116
93 117
93 128
93 139
93 144
93 145
93 147
93 152
93 159
93 163
93 168
93 175
93 178
93 182
93 190
94 99
94 102
94 103
94 105
94 116
94 124
94 128
94 135
94 143
94 144
94 179
94 181
94 189
95 97
95 99
95 107
95 108
95 109
95 111
95 112
95 122
95 130
95 131
95 132
95 136
95 138
95 144
95 150
95 158
95 160
95 167
95 173
95 176
95 181
95 194
95 195
95 159
96 98
96 107
96 109
96 111
96 118
96 119
96 121
96 124
96 125
96 127
96 133
96 136
96 144
96 147
96 161
96 162
96 163
96 164
96 166
96 170
96 183
96 192
97 98
97 113
97 114
97 120
97 124
97 127
97 130
97 131
97 132
97 142
97 149
97 152
97 158
97 159
97 167
97 169
97 183
97 192
97 195
97 197
97 198
98 109
98 110
98 112
98 114
98 121
98 122
98 125
98 128
98 129
98 132
98 135
98 141
98 143
98 153
98 159
98 160
98 162
98 177
98 179
98 180
98 186
98 188
98 191
98 194
98 195
98 196
99 100
99 107
99 108
99 110
99 115
99 119
99 121
99 122
99 125
99 126
99 134
99 135
99 138
99 143
99 145
99 156
99 165
99 167
99 174
99 181
99 197
100 104
100 105
100 106
100 107
100 113
100 115
100 119
100 120
100 124
100 130
100 131
100 140
100 147
100 154
100 158
100 168
100 174
100 176
100 188
100 194
100 114
100 150
101 102
101 103
101 104
101 106
101 112
101 120
101 129
101 132
101 141
101 154
101 160
101 162
101 168
101 181
102 103
102 108
102 112
102 116
102 125
102 130
102 134
102 140
102 156
102 159
102 164
102 168
102 177
102 179
102 183
102 197
103 104
103 111
103 113
103 116
103 128
103 141
103 148
103 149
103 173
103 185
103 189
103 198
104 109
104 111
104 113
104 119
104 123
104 127
104 129
104 132
104 136
104 140
104 142
104 163
104 175
104 176
104 181
104 184
104 189
104 191
104 192
105 106
105 107
105 110
105 115
105 130
105 141
105 147
105 150
105 166
105 167
105 168
105 183
105 199
105 169
106 115
106 116
106 136
106 161
106 167
106 170
106 184
106 144
107 108
107 111
107 115
107 116
107 121
107 127
107 132
107 133
107 140
107 142
107 145
107 149
107 155
107 157
107 164
107 165
107 168
107 170
107 180
107 183
107 120
108 117
108 125
108 126
108 127
108 128
108 136
108 137
108 139
108 141
108 142
108 150
108 152
108 158
108 162
108 165
108 171
108 173
108 186
108 191
108 193
108 195
109 116
109 119
109 135
109 138
109 141
109 143
109 149
109 150
109 151
109 164
109 165
109 176
109 182
109 186
109 194
110 114
110 115
110 120
110 124
110 130
110 132
110 135
110 138
110 139
110 146
110 149
110 157
110 164
110 165
110 177
110 194
110 198
111 116
111 119
111 123
111 128
111 130
111 131
111 133
111 137
111 138
111 142
111 143
111 145
111 146
111 151
111 158
111 165
111 167
111 168
111 171
111 176
111 180
111 186
111 190
111 193
111 197
112 113
112 117
112 124
112 125
112 129
112 132
112 133
112 134
112 140
112 150
112 155
112 158
112 163
112 168
112 169
112 176
112 177
112 185
112 191
112 196
112 175
113 115
113 118
113 127
113 150
113 154
113 163
113 166
113 169
113 174
113 176
113 179
113 180
113 187
113 188
113 191
113 193
113 194
114 120
114 126
114 134
114 142
114 156
114 157
114 164
114 171
114 179
114 185
114 174
115 123
115 125
115 128
115 132
115 133
115 134
115 136
115 137
115 140
115 141
115 149
115 150
115 164
115 165
115 172
115 182
115 184
115 193
115 197
115 151
116 130
116 131
116 132
116 133
116 140
116 144
116 155
116 171
116 172
116 173
116 175
116 176
116 180
116 186
116 195
116 197
117 125
117 126
117 132
117 133
117 137
117 138
117 140
117 151
117 156
117 162
117 168
117 187
117 192
117 194
117 195
117 196
117 197
117 198
118 119
118 122
118 124
118 131
118 138
118 141
118 152
118 156
118 168
118 169
118 170
118 180
118 183
118 190
118 192
118 194
119 126
119 137
119 145
119 146
119 149
119 150
119 153
119 154
119 155
119 159
119 166
119 170
119 172
119 174
119 185
119 187
119 193
119 196
119 198
120 132
120 134
120 138
120 145
120 146
120 148
120 163
120 171
120 178
120 195
120 126
121 126
121 127
121 128
121 129
121 130
121 131
121 143
121 145
121 150
121 153
121 166
121 169
121 171
121 177
121 181
121 186
121 190
121 194
121 197
122 126
122 141
122 152
122 160
122 166
122 185
122 195
123 125
123 127
123 139
123 142
123 144
123 146
123 147
123 148
123 152
123 153
123 167
123 189
123 199
123 133
124 127
124 132
124 142
124 143
124 146
124 156
124 161
124 163
124 172
124 196
125 128
125 129
125 132
125 136
125 140
125 152
125 159
125 164
125 180
125 187
125 199
126 128
126 131
126 134
126 147
126 154
126 160
126 172
126 179
126 186
126 189
126 192
126 199
127 129
127 140
127 149
127 159
127 174
127 183
127 185
127 190
127 195
127 196
128 130
128 134
128 137
128 138
128 142
128 155
128 158
128 161
128 164
128 168
128 190
128 192
128 195
128 198
128 194
129 134
129 151
129 155
129 157
129 158
129 168
129 173
129 175
129 186
129 189
129 195
129 198
129 145
130 133
130 136
130 138
130 140
130 158
130 161
130 163
130 165
130 176
130 180
130 183
131 137
131 151
131 154
131 162
131 164
131 167
131 180
131 181
131 184
131 189
131 190
131 193
131 195
131 198
132 137
132 143
132 147
132 164
132 165
132 170
132 172
132 176
132 192
132 197
133 136
133 145
133 152
133 153
133 156
133 159
133 168
133 183
133 197
133 185
134 137
134 146
134 147
134 149
134 157
134 160
134 167
134 168
134 174
134 177
134 178
134 183
135 146
135 148
135 149
135 150
135 154
135 155
135 168
135 171
135 184
135 188
135 189
136 143
136 144
136 151
136 159
136 169
136 171
136 175
136 176
136 178
137 139
137 141
137 144
137 153
137 154
137 156
137 160
137 162
137 173
137 177
137 188
137 189
137 192
137 197
138 143
138 150
138 152
138 168
138 185
138 170
139 176
139 178
139 180
139 191
139 192
140 143
140 147
140 154
140 181
140 184
140 187
140 188
140 193
141 144
141 162
141 164
141 166
141 170
141 182
141 189
142 147
142 158
142 161
142 178
142 180
142 187
142 188
142 148
143 144
143 147
143 151
143 154
143 158
143 162
143 164
143 165
143 169
143 172
143 173
143 178
143 184
143 188
143 194
143 199
144 156
144 177
144 184
144 185
144 197
144 198
145 152
145 156
145 163
145 165
145 166
145 175
145 178
145 186
145 187
145 190
146 156
146 165
146 176
146 180
146 184
146 188
146 198
147 149
147 157
147 169
147 174
147 178
147 185
147 194
147 195
148 153
148 155
148 174
148 187
149 152
149 158
149 159
149 163
149 167
149 190
149 196
150 170
150 178
150 179
151 184
151 194
151 198
152 160
152 167
153 155
153 160
153 168
153 170
153 179
153 194
153 154
154 160
154 162
154 170
154 172
154 177
154 178
154 179
154 185
154 191
155 156
155 168
155 186
155 188
156 163
156 164
156 165
156 171
156 177
156 197
157 161
157 175
157 196
157 198
159 177
159 198
160 194
161 167
161 169
161 171
161 172
161 178
162 163
162 170
162 171
162 179
162 184
162 190
162 192
163 180
163 197
163 172
164 178
164 179
164 183
164 184
164 190
164 198
165 176
165 185
165 188
165 194
165 196
165 199
166 169
166 173
166 174
166 177
166 183
166 195
167 169
167 173
167 191
167 198
168 173
168 182
168 185
168 188
168 198
169 196
170 185
171 178
171 179
171 186
171 195
172 174
172 184
172 185
172 192
172 197
173 182
174 177
174 181
174 189
174 194
175 183
175 185
175 186
175 194
175 199
176 186
176 193
176 192
177 178
177 182
177 185
177 191
177 193
177 199
178 180
178 196
178 198
180 198
181 183
181 188
181 189
181 192
183 187
183 191
184 185
184 191
184 193
185 193
186 197
190 195
190 190
191 199
196 197
198 199