355594038
31
200
5269
0 31
0 32
0 33
0 34
0 35
0 36
0 38
0 39
0 41
0 42
0 43
0 44
0 46
0 54
0 61
0 62
0 63
0 64
0 65
0 66
0 68
0 69
0 77
0 78
0 82
0 83
0 86
0 92
0 96
0 103
0 111
0 114
0 129
0 151
0 161
0 187
0 190
1 31
1 32
1 34
1 36
1 37
1 39
1 40
1 41
1 44
1 45
1 47
1 50
1 63
1 66
1 73
1 74
1 79
1 83
1 86
1 90
1 100
1 106
1 109
1 110
1 118
1 119
1 128
1 130
1 133
1 149
1 152
1 155
1 158
1 177
1 197
2 31
2 32
2 33
2 34
2 35
2 36
2 38
2 39
2 40
2 41
2 43
2 47
2 48
2 49
2 50
2 55
2 56
2 58
2 59
2 60
2 61
2 62
2 65
2 67
2 69
2 73
2 81
2 82
2 92
2 95
2 98
2 107
2 125
2 126
2 128
2 133
2 134
2 138
2 148
2 149
2 159
2 161
2 163
2 181
2 187
2 191
2 198
3 31
3 32
3 33
3 34
3 35
3 37
3 38
3 39
3 41
3 43
3 60
3 67
3 73
3 79
3 85
3 86
3 117
3 121
3 131
3 139
3 156
3 178
3 182
3 198
4 31
4 32
4 33
4 35
4 36
4 37
4 38
4 39
4 40
4 44
4 48
4 49
4 52
4 53
4 54
4 55
4 58
4 59
4 61
4 63
4 65
4 68
4 70
4 74
4 76
4 79
4 80
4 81
4 83
4 84
4 87
4 91
4 102
4 105
4 106
4 110
4 111
4 113
4 114
4 131
4 133
4 134
4 138
4 139
4 140
4 144
4 149
4 165
4 169
4 179
4 181
4 182
4 187
5 31
5 32
5 33
5 34
5 35
5 36
5 37
5 38
5 39
5 40
5 41
5 42
5 43
5 44
5 45
5 48
5 49
5 50
5 52
5 53
5 54
5 56
5 57
5 59
5 60
5 63
5 64
5 65
5 68
5 69
5 70
5 73
5 74
5 75
5 77
5 79
5 81
5 83
5 87
5 92
5 95
5 99
5 102
5 105
5 107
5 116
5 126
5 127
5 133
5 141
5 145
5 153
5 157
5 158
5 160
5 166
5 180
5 181
5 186
5 191
5 122
6 31
6 32
6 33
6 34
6 35
6 36
6 37
6 39
6 40
6 42
6 44
6 45
6 47
6 48
6 49
6 50
6 53
6 54
6 57
6 58
6 65
6 66
6 67
6 68
6 69
6 72
6 77
6 80
6 89
6 99
6 101
6 103
6 107
6 108
6 114
6 115
6 116
6 120
6 123
6 127
6 128
6 137
6 141
6 144
6 154
6 161
6 180
6 183
7 31
7 32
7 33
7 34
7 36
7 37
7 38
7 40
7 41
7 44
7 45
7 46
7 47
7 48
7 49
7 51
7 53
7 56
7 58
7 59
7 63
7 64
7 72
7 74
7 75
7 78
7 79
7 83
7 84
7 90
7 97
7 98
7 100
7 103
7 105
7 107
7 110
7 115
7 119
7 123
7 125
7 126
7 133
7 135
7 136
7 137
7 158
7 160
7 168
7 169
7 171
7 172
7 189
8 31
8 32
8 33
8 34
8 35
8 36
8 37
8 38
8 39
8 41
8 42
8 43
8 44
8 45
8 47
8 50
8 51
8 52
8 54
8 58
8 60
8 61
8 62
8 66
8 68
8 69
8 71
8 72
8 73
8 74
8 77
8 81
8 85
8 86
8 87
8 90
8 91
8 92
8 95
8 96
8 100
8 101
8 103
8 105
8 108
8 110
8 114
8 117
8 120
8 123
8 124
8 132
8 142
8 148
8 149
8 153
8 155
8 164
8 165
8 173
8 178
8 183
8 185
8 188
9 31
9 32
9 33
9 35
9 36
9 38
9 41
9 42
9 44
9 45
9 52
9 53
9 55
9 59
9 60
9 62
9 74
9 79
9 80
9 83
9 94
9 100
9 108
9 115
9 119
9 131
9 132
9 135
9 136
9 147
9 157
9 161
9 165
9 168
9 172
9 175
9 177
9 179
9 183
9 188
9 192
10 31
10 32
10 33
10 34
10 35
10 36
10 38
10 40
10 41
10 42
10 43
10 44
10 45
10 46
10 47
10 49
10 53
10 57
10 58
10 63
10 64
10 66
10 69
10 74
10 77
10 87
10 93
10 94
10 95
10 107
10 110
10 122
10 172
10 184
10 188
10 198
11 31
11 32
11 33
11 34
11 35
11 37
11 38
11 39
11 40
11 43
11 46
11 48
11 49
11 51
11 55
11 59
11 61
11 62
11 63
11 64
11 69
11 70
11 74
11 79
11 81
11 82
11 86
11 88
11 92
11 94
11 95
11 112
11 113
11 119
11 123
11 124
11 125
11 127
11 130
11 131
11 137
11 140
11 141
11 150
11 151
11 155
11 163
11 168
11 172
11 173
11 188
11 189
11 192
11 196
11 157
12 31
12 32
12 33
12 34
12 35
12 36
12 37
12 39
12 40
12 41
12 42
12 43
12 45
12 46
12 47
12 48
12 50
12 51
12 52
12 55
12 56
12 57
12 59
12 61
12 62
12 65
12 67
12 69
12 70
12 72
12 73
12 74
12 75
12 76
12 78
12 81
12 82
12 83
12 84
12 85
12 89
12 91
12 94
12 102
12 104
12 105
12 108
12 109
12 113
12 116
12 122
12 124
12 133
12 138
12 139
12 143
12 144
12 145
12 148
12 156
12 160
12 164
12 165
12 170
12 180
12 183
12 195
13 31
13 32
13 33
13 34
13 36
13 37
13 38
13 39
13 40
13 41
13 46
13 47
13 51
13 52
13 54
13 55
13 58
13 60
13 62
13 64
13 69
13 70
13 71
13 73
13 76
13 78
13 85
13 86
13 88
13 90
13 91
13 92
13 93
13 96
13 100
13 107
13 108
13 110
13 111
13 115
13 116
13 118
13 120
13 121
13 123
13 124
13 129
13 132
13 135
13 160
13 178
13 187
13 191
13 195
14 31
14 32
14 33
14 34
14 35
14 37
14 38
14 39
14 40
14 41
14 44
14 46
14 47
14 53
14 54
14 57
14 59
14 60
14 61
14 66
14 69
14 79
14 80
14 93
14 99
14 103
14 106
14 113
14 122
14 124
14 125
14 126
14 134
14 151
14 154
14 166
14 168
14 175
14 189
14 193
15 31
15 32
15 33
15 34
15 35
15 36
15 37
15 38
15 39
15 40
15 42
15 43
15 45
15 47
15 48
15 50
15 55
15 58
15 59
15 61
15 62
15 68
15 70
15 73
15 74
15 75
15 76
15 83
15 87
15 90
15 91
15 95
15 102
15 103
15 106
15 107
15 108
15 117
15 118
15 121
15 124
15 125
15 127
15 129
15 131
15 132
15 133
15 141
15 142
15 143
15 144
15 145
15 146
15 151
15 152
15 158
15 161
15 164
15 175
15 179
15 187
15 189
15 196
15 163
16 31
16 32
16 33
16 34
16 35
16 36
16 37
16 38
16 39
16 40
16 41
16 42
16 43
16 44
16 49
16 50
16 51
16 53
16 58
16 60
16 65
16 67
16 68
16 75
16 81
16 96
16 97
16 102
16 108
16 113
16 115
16 123
16 124
16 144
16 145
16 146
16 148
16 149
16 153
16 156
16 159
16 162
16 167
16 176
16 177
16 182
16 184
16 185
16 198
17 31
17 32
17 33
17 34
17 35
17 36
17 37
17 38
17 39
17 40
17 41
17 42
17 44
17 46
17 50
17 51
17 52
17 53
17 54
17 55
17 56
17 57
17 58
17 62
17 65
17 68
17 71
17 74
17 82
17 84
17 89
17 93
17 95
17 99
17 101
17 114
17 118
17 119
17 148
17 149
17 159
17 162
17 176
17 199
17 140
17 192
18 31
18 32
18 33
18 34
18 35
18 36
18 37
18 38
18 39
18 40
18 41
18 42
18 43
18 44
18 45
18 46
18 47
18 48
18 49
18 51
18 52
18 53
18 54
18 55
18 56
18 58
18 60
18 61
18 67
18 69
18 72
18 75
18 78
18 80
18 85
18 90
18 92
18 96
18 103
18 112
18 114
18 116
18 123
18 127
18 128
18 137
18 141
18 148
18 150
18 151
18 154
18 159
18 163
18 168
18 169
18 173
18 190
18 194
18 195
18 198
18 105
19 31
19 32
19 33
19 34
19 35
19 36
19 37
19 38
19 40
19 41
19 42
19 43
19 45
19 46
19 47
19 48
19 49
19 50
19 51
19 52
19 53
19 57
19 58
19 59
19 60
19 61
19 62
19 63
19 65
19 66
19 70
19 71
19 72
19 74
19 75
19 76
19 78
19 79
19 84
19 86
19 88
19 89
19 93
19 102
19 105
19 112
19 113
19 114
19 117
19 123
19 125
19 127
19 133
19 137
19 138
19 139
19 145
19 146
19 161
19 170
19 172
19 173
19 177
19 183
19 189
19 192
19 196
20 31
20 32
20 33
20 34
20 35
20 36
20 37
20 39
20 41
20 43
20 44
20 46
20 47
20 48
20 49
20 50
20 52
20 54
20 55
20 56
20 59
20 60
20 61
20 62
20 66
20 70
20 76
20 83
20 87
20 92
20 96
20 99
20 100
20 101
20 103
20 104
20 106
20 114
20 121
20 126
20 132
20 135
20 138
20 150
20 152
20 158
20 159
20 162
20 168
20 170
20 173
20 175
20 180
20 183
20 185
20 188
20 189
20 192
20 194
20 196
21 31
21 32
21 33
21 34
21 35
21 36
21 38
21 39
21 41
21 42
21 43
21 45
21 46
21 48
21 49
21 50
21 51
21 52
21 54
21 59
21 62
21 67
21 72
21 87
21 91
21 96
21 134
21 135
21 143
21 144
21 162
21 171
21 186
21 199
21 44
22 31
22 32
22 33
22 34
22 35
22 37
22 39
22 40
22 43
22 45
22 47
22 51
22 54
22 56
22 58
22 63
22 68
22 71
22 75
22 77
22 89
22 91
22 110
22 113
22 124
22 127
22 133
22 137
22 139
22 145
22 163
22 164
22 197
22 198
23 31
23 32
23 33
23 34
23 35
23 36
23 37
23 38
23 39
23 40
23 41
23 42
23 44
23 45
23 47
23 50
23 55
23 56
23 62
23 64
23 68
23 70
23 71
23 72
23 75
23 77
23 78
23 79
23 80
23 82
23 84
23 86
23 89
23 90
23 91
23 92
23 95
23 97
23 98
23 103
23 111
23 118
23 121
23 122
23 125
23 126
23 128
23 132
23 134
23 139
23 143
23 146
23 147
23 154
23 158
23 159
23 161
23 163
23 169
23 175
23 178
23 183
23 188
24 31
24 32
24 33
24 34
24 35
24 36
24 37
24 38
24 39
24 40
24 41
24 42
24 46
24 47
24 51
24 52
24 54
24 55
24 56
24 60
24 61
24 63
24 64
24 65
24 71
24 72
24 73
24 76
24 80
24 81
24 82
24 87
24 90
24 93
24 121
24 123
24 129
24 130
24 131
24 134
24 140
24 142
24 148
24 150
24 167
24 170
24 175
24 192
24 197
24 198
25 31
25 32
25 33
25 34
25 35
25 36
25 37
25 40
25 42
25 43
25 44
25 46
25 49
25 50
25 52
25 53
25 57
25 61
25 62
25 68
25 74
25 76
25 77
25 81
25 82
25 85
25 86
25 88
25 90
25 98
25 101
25 108
25 112
25 113
25 118
25 119
25 135
25 141
25 143
25 144
25 151
25 170
25 192
25 195
25 196
26 31
26 33
26 34
26 35
26 36
26 37
26 42
26 45
26 51
26 53
26 60
26 65
26 66
26 72
26 77
26 78
26 79
26 83
26 92
26 95
26 96
26 99
26 100
26 104
26 125
26 137
26 142
26 149
26 155
26 162
26 167
26 172
27 31
27 32
27 33
27 34
27 35
27 36
27 38
27 41
27 42
27 43
27 45
27 47
27 51
27 53
27 56
27 57
27 59
27 60
27 65
27 70
27 76
27 77
27 91
27 99
27 102
27 104
27 106
27 109
27 110
27 113
27 116
27 119
27 120
27 121
27 122
27 128
27 129
27 140
27 156
27 159
27 167
27 169
27 170
27 173
27 177
27 181
27 184
27 187
27 188
27 193
27 197
27 198
28 31
28 32
28 35
28 37
28 38
28 40
28 42
28 43
28 44
28 45
28 46
28 48
28 49
28 50
28 52
28 56
28 57
28 58
28 60
28 63
28 65
28 66
28 72
28 75
28 76
28 80
28 82
28 88
28 93
28 94
28 100
28 106
28 122
28 146
28 150
28 155
28 159
28 160
28 193
29 31
29 32
29 33
29 34
29 35
29 36
29 37
29 38
29 39
29 40
29 50
29 52
29 56
29 58
29 64
29 74
29 85
29 88
29 93
29 96
29 99
29 103
29 113
29 114
29 115
29 125
29 143
29 147
29 150
29 151
29 174
29 177
29 191
29 198
30 31
30 32
30 33
30 34
30 36
30 37
30 38
30 39
30 42
30 43
30 44
30 46
30 47
30 48
30 50
30 51
30 52
30 53
30 55
30 56
30 58
30 66
30 69
30 73
30 76
30 78
30 80
30 84
30 85
30 88
30 89
30 91
30 95
30 97
30 98
30 100
30 102
30 103
30 105
30 109
30 114
30 121
30 122
30 124
30 132
30 133
30 136
30 139
30 141
30 142
30 146
30 151
30 157
30 159
30 160
30 168
30 171
30 175
30 176
30 184
30 186
30 192
30 197
31 32
31 33
31 34
31 35
31 36
31 37
31 38
31 39
31 40
31 41
31 42
31 43
31 44
31 45
31 46
31 47
31 48
31 49
31 50
31 51
31 52
31 53
31 54
31 55
31 56
31 57
31 58
31 59
31 60
31 61
31 62
31 65
31 66
31 69
31 70
31 71
31 72
31 73
31 75
31 77
31 78
31 81
31 82
31 83
31 84
31 85
31 87
31 88
31 89
31 91
31 92
31 94
31 95
31 97
31 98
31 99
31 100
31 101
31 102
31 104
31 105
31 106
31 107
31 108
31 111
31 112
31 113
31 116
31 117
31 120
31 127
31 128
31 131
31 133
31 134
31 136
31 137
31 143
31 145
31 146
31 151
31 153
31 154
31 159
31 160
31 161
31 162
31 169
31 170
31 174
31 175
31 176
31 178
31 179
31 181
31 187
31 194
31 196
31 197
32 33
32 34
32 35
32 36
32 37
32 38
32 39
32 40
32 41
32 42
32 43
32 44
32 45
32 46
32 48
32 49
32 50
32 51
32 53
32 54
32 56
32 57
32 58
32 59
32 61
32 63
32 64
32 66
32 67
32 69
32 72
32 73
32 76
32 77
32 82
32 84
32 87
32 89
32 91
32 92
32 94
32 98
32 99
32 100
32 102
32 104
32 105
32 109
32 110
32 112
32 115
32 118
32 119
32 123
32 125
32 126
32 127
32 130
32 131
32 133
32 140
32 143
32 146
32 151
32 152
32 154
32 157
32 158
32 159
32 164
32 166
32 170
32 171
32 176
32 179
32 181
32 182
32 183
32 185
32 186
32 190
32 192
32 195
32 93
32 194
32 88
33 34
33 35
33 36
33 37
33 38
33 39
33 40
33 41
33 42
33 43
33 44
33 45
33 46
33 47
33 48
33 49
33 50
33 51
33 52
33 53
33 54
33 55
33 56
33 57
33 58
33 59
33 61
33 62
33 66
33 67
33 68
33 71
33 72
33 74
33 75
33 77
33 81
33 84
33 85
33 86
33 87
33 90
33 95
33 96
33 97
33 98
33 100
33 101
33 102
33 103
33 104
33 106
33 107
33 110
33 111
33 112
33 113
33 115
33 117
33 118
33 119
33 125
33 126
33 127
33 129
33 131
33 132
33 136
33 138
33 139
33 140
33 141
33 142
33 144
33 147
33 148
33 155
33 158
33 162
33 163
33 165
33 166
33 168
33 175
33 178
33 184
33 189
33 192
33 194
34 35
34 36
34 37
34 38
34 39
34 40
34 41
34 42
34 43
34 44
34 45
34 46
34 47
34 48
34 49
34 50
34 51
34 52
34 53
34 54
34 55
34 56
34 57
34 58
34 60
34 61
34 62
34 63
34 64
34 65
34 67
34 68
34 70
34 71
34 72
34 73
34 74
34 78
34 79
34 80
34 82
34 84
34 85
34 86
34 89
34 90
34 92
34 93
34 94
34 95
34 97
34 98
34 99
34 100
34 101
34 105
34 106
34 108
34 112
34 113
34 115
34 116
34 117
34 118
34 126
34 128
34 129
34 130
34 132
34 134
34 138
34 139
34 140
34 141
34 142
34 144
34 145
34 147
34 150
34 153
34 157
34 158
34 159
34 164
34 166
34 170
34 174
34 178
34 180
34 182
34 184
34 186
34 187
34 188
34 191
34 125
35 36
35 37
35 38
35 39
35 40
35 41
35 42
35 43
35 44
35 45
35 46
35 47
35 48
35 49
35 50
35 51
35 52
35 53
35 54
35 56
35 57
35 58
35 59
35 60
35 61
35 62
35 63
35 65
35 67
35 68
35 70
35 71
35 73
35 75
35 76
35 77
35 80
35 81
35 82
35 84
35 85
35 86
35 87
35 92
35 94
35 96
35 98
35 99
35 104
35 106
35 107
35 108
35 110
35 111
35 120
35 123
35 125
35 128
35 130
35 132
35 133
35 136
35 143
35 147
35 148
35 150
35 151
35 152
35 153
35 154
35 155
35 159
35 162
35 164
35 165
35 169
35 171
35 180
35 182
35 184
35 189
35 190
35 191
35 193
35 195
35 196
36 37
36 38
36 39
36 40
36 41
36 42
36 43
36 44
36 45
36 46
36 47
36 48
36 49
36 50
36 51
36 52
36 53
36 54
36 55
36 57
36 58
36 59
36 60
36 62
36 64
36 65
36 66
36 67
36 68
36 69
36 71
36 76
36 78
36 79
36 81
36 82
36 86
36 87
36 88
36 89
36 95
36 97
36 99
36 100
36 105
36 106
36 111
36 112
36 113
36 115
36 116
36 121
36 123
36 131
36 132
36 133
36 134
36 135
36 136
36 141
36 144
36 146
36 149
36 156
36 157
36 158
36 160
36 161
36 164
36 165
36 169
36 170
36 174
36 175
36 176
36 179
36 180
36 181
36 182
36 185
36 186
36 188
36 189
36 190
36 191
36 194
36 195
36 196
37 38
37 39
37 40
37 41
37 42
37 43
37 44
37 45
37 46
37 48
37 49
37 50
37 51
37 52
37 53
37 55
37 56
37 58
37 59
37 61
37 63
37 64
37 65
37 66
37 67
37 68
37 70
37 72
37 73
37 75
37 76
37 77
37 79
37 84
37 86
37 87
37 96
37 97
37 99
37 101
37 102
37 103
37 105
37 109
37 112
37 118
37 120
37 123
37 124
37 126
37 136
37 138
37 140
37 143
37 147
37 149
37 153
37 154
37 156
37 158
37 160
37 161
37 171
37 176
37 177
37 179
37 187
37 190
37 191
37 198
38 39
38 40
38 41
38 42
38 43
38 44
38 45
38 46
38 47
38 48
38 49
38 50
38 51
38 52
38 54
38 55
38 56
38 57
38 59
38 61
38 62
38 63
38 64
38 65
38 66
38 67
38 68
38 69
38 70
38 75
38 76
38 78
38 82
38 83
38 86
38 88
38 89
38 92
38 93
38 97
38 103
38 106
38 107
38 108
38 109
38 110
38 114
38 118
38 121
38 122
38 124
38 125
38 130
38 133
38 134
38 135
38 139
38 141
38 142
38 143
38 150
38 157
38 160
38 161
38 165
38 173
38 175
38 176
38 179
38 180
38 182
38 185
38 187
38 190
38 192
38 193
38 194
38 199
39 40
39 41
39 42
39 43
39 44
39 45
39 46
39 48
39 49
39 51
39 52
39 54
39 55
39 56
39 57
39 58
39 59
39 61
39 64
39 65
39 67
39 69
39 71
39 72
39 73
39 75
39 76
39 78
39 81
39 82
39 85
39 91
39 92
39 94
39 96
39 97
39 101
39 102
39 104
39 106
39 115
39 117
39 120
39 121
39 122
39 123
39 125
39 126
39 128
39 131
39 134
39 135
39 137
39 139
39 140
39 144
39 147
39 150
39 156
39 160
39 163
39 168
39 173
39 174
39 178
39 180
39 181
39 182
39 183
39 195
39 198
39 199
40 41
40 42
40 43
40 44
40 45
40 46
40 47
40 48
40 49
40 50
40 53
40 54
40 56
40 57
40 58
40 60
40 61
40 62
40 65
40 69
40 70
40 71
40 73
40 76
40 77
40 78
40 79
40 81
40 82
40 83
40 84
40 85
40 86
40 87
40 88
40 89
40 90
40 97
40 98
40 101
40 102
40 108
40 109
40 112
40 117
40 118
40 119
40 121
40 127
40 129
40 131
40 136
40 137
40 138
40 142
40 143
40 144
40 145
40 149
40 152
40 171
40 176
40 177
40 183
40 184
40 188
40 189
40 193
40 196
40 197
40 198
41 42
41 43
41 44
41 45
41 46
41 47
41 48
41 49
41 50
41 51
41 52
41 53
41 55
41 56
41 57
41 58
41 61
41 63
41 64
41 65
41 66
41 68
41 69
41 70
41 74
41 75
41 76
41 78
41 79
41 80
41 81
41 82
41 85
41 90
41 91
41 92
41 98
41 99
41 106
41 110
41 111
41 113
41 114
41 115
41 118
41 121
41 125
41 126
41 127
41 129
41 133
41 136
41 138
41 140
41 148
41 152
41 156
41 159
41 163
41 164
41 165
41 172
41 176
41 181
41 199
42 43
42 44
42 45
42 46
42 47
42 48
42 49
42 51
42 52
42 54
42 55
42 57
42 61
42 62
42 63
42 64
42 65
42 66
42 67
42 68
42 70
42 71
42 74
42 75
42 78
42 79
42 82
42 83
42 85
42 86
42 92
42 93
42 94
42 95
42 96
42 98
42 99
42 100
42 101
42 102
42 103
42 104
42 105
42 107
42 113
42 117
42 123
42 124
42 127
42 141
42 142
42 144
42 152
42 157
42 160
42 162
42 164
42 168
42 171
42 172
42 174
42 179
42 182
42 186
42 191
43 44
43 45
43 46
43 47
43 48
43 49
43 51
43 53
43 54
43 55
43 56
43 57
43 59
43 60
43 61
43 63
43 64
43 65
43 66
43 67
43 69
43 71
43 72
43 75
43 76
43 77
43 78
43 83
43 84
43 87
43 94
43 98
43 100
43 101
43 103
43 104
43 109
43 111
43 113
43 114
43 115
43 116
43 117
43 118
43 119
43 124
43 126
43 127
43 129
43 132
43 139
43 140
43 141
43 143
43 148
43 150
43 154
43 155
43 158
43 159
43 161
43 162
43 164
43 167
43 168
43 169
43 171
43 174
43 179
43 184
43 186
43 189
43 190
43 192
43 195
44 45
44 46
44 47
44 48
44 49
44 50
44 51
44 53
44 54
44 55
44 57
44 60
44 62
44 63
44 64
44 66
44 70
44 71
44 81
44 82
44 93
44 95
44 96
44 97
44 108
44 110
44 111
44 112
44 114
44 115
44 117
44 120
44 121
44 122
44 123
44 125
44 126
44 127
44 131
44 135
44 139
44 145
44 152
44 158
44 162
44 167
44 168
44 169
44 173
44 177
44 187
44 189
44 199
45 46
45 47
45 48
45 49
45 51
45 52
45 53
45 56
45 59
45 70
45 77
45 78
45 81
45 82
45 84
45 85
45 86
45 89
45 90
45 92
45 93
45 95
45 96
45 97
45 99
45 101
45 103
45 104
45 110
45 111
45 112
45 113
45 114
45 117
45 125
45 126
45 130
45 134
45 135
45 138
45 139
45 141
45 142
45 145
45 151
45 152
45 153
45 158
45 166
45 170
45 173
45 177
45 178
45 180
45 181
45 193
45 199
45 57
46 47
46 48
46 49
46 52
46 55
46 56
46 58
46 59
46 63
46 64
46 66
46 67
46 68
46 69
46 70
46 72
46 73
46 75
46 76
46 80
46 82
46 84
46 85
46 88
46 90
46 92
46 105
46 108
46 113
46 114
46 116
46 120
46 121
46 123
46 128
46 130
46 135
46 136
46 137
46 139
46 141
46 143
46 145
46 150
46 152
46 153
46 156
46 157
46 160
46 167
46 171
46 172
46 187
46 189
46 194
46 197
46 199
47 48
47 50
47 51
47 52
47 53
47 54
47 55
47 57
47 58
47 59
47 60
47 61
47 62
47 64
47 65
47 66
47 67
47 68
47 69
47 70
47 71
47 72
47 73
47 74
47 75
47 76
47 77
47 84
47 87
47 90
47 93
47 97
47 99
47 101
47 103
47 108
47 109
47 110
47 111
47 113
47 118
47 119
47 122
47 123
47 127
47 128
47 132
47 133
47 135
47 145
47 155
47 163
47 164
47 167
47 168
47 172
47 173
47 174
47 176
47 181
47 188
47 195
47 196
47 197
47 199
48 49
48 50
48 53
48 56
48 57
48 60
48 63
48 66
48 67
48 68
48 76
48 77
48 78
48 79
48 81
48 82
48 86
48 89
48 91
48 93
48 95
48 96
48 101
48 103
48 104
48 106
48 108
48 112
48 119
48 127
48 129
48 130
48 134
48 142
48 146
48 148
48 155
48 156
48 163
48 168
48 171
48 187
48 189
48 198
49 50
49 53
49 54
49 55
49 58
49 59
49 60
49 61
49 62
49 63
49 64
49 67
49 69
49 70
49 73
49 74
49 75
49 76
49 77
49 80
49 85
49 87
49 88
49 89
49 95
49 97
49 98
49 99
49 100
49 102
49 105
49 106
49 107
49 108
49 109
49 112
49 113
49 114
49 117
49 119
49 120
49 123
49 129
49 130
49 131
49 132
49 135
49 138
49 139
49 140
49 141
49 146
49 150
49 152
49 153
49 156
49 159
49 170
49 173
49 174
49 175
49 176
49 178
49 180
49 184
49 185
49 186
49 188
49 193
49 196
50 51
50 52
50 53
50 54
50 55
50 57
50 59
50 60
50 63
50 64
50 65
50 68
50 69
50 70
50 71
50 73
50 76
50 78
50 79
50 80
50 82
50 83
50 93
50 97
50 102
50 104
50 113
50 114
50 120
50 122
50 123
50 125
50 129
50 137
50 142
50 145
50 147
50 148
50 149
50 150
50 152
50 161
50 164
50 168
50 180
50 181
50 182
50 194
50 128
50 127
51 52
51 54
51 56
51 62
51 64
51 66
51 67
51 68
51 69
51 70
51 72
51 73
51 75
51 80
51 81
51 83
51 89
51 90
51 93
51 98
51 99
51 102
51 115
51 116
51 117
51 120
51 121
51 122
51 123
51 128
51 130
51 131
51 133
51 138
51 140
51 143
51 145
51 148
51 154
51 155
51 156
51 161
51 164
51 170
51 171
51 173
51 177
51 179
51 185
51 187
52 54
52 55
52 57
52 59
52 60
52 61
52 64
52 65
52 66
52 68
52 72
52 77
52 80
52 82
52 84
52 85
52 89
52 91
52 92
52 94
52 99
52 101
52 102
52 105
52 107
52 109
52 110
52 115
52 124
52 128
52 132
52 135
52 136
52 138
52 142
52 145
52 152
52 154
52 155
52 157
52 161
52 162
52 163
52 170
52 172
52 177
52 180
52 183
52 188
52 191
52 194
52 199
53 54
53 55
53 56
53 57
53 60
53 61
53 62
53 63
53 66
53 68
53 71
53 72
53 74
53 75
53 77
53 78
53 80
53 81
53 84
53 87
53 93
53 94
53 95
53 98
53 102
53 107
53 108
53 109
53 111
53 112
53 114
53 115
53 119
53 123
53 135
53 136
53 137
53 140
53 141
53 144
53 145
53 149
53 155
53 156
53 158
53 159
53 164
53 165
53 166
53 167
53 169
53 183
53 184
54 55
54 57
54 63
54 64
54 67
54 71
54 74
54 75
54 77
54 80
54 81
54 83
54 91
54 94
54 95
54 96
54 99
54 103
54 107
54 109
54 110
54 111
54 112
54 113
54 114
54 119
54 125
54 126
54 134
54 136
54 137
54 151
54 152
54 153
54 154
54 159
54 163
54 165
54 166
54 167
54 178
54 187
54 188
54 190
55 56
55 57
55 58
55 59
55 60
55 61
55 62
55 63
55 65
55 66
55 67
55 70
55 72
55 73
55 79
55 85
55 86
55 87
55 88
55 89
55 93
55 94
55 96
55 97
55 99
55 101
55 102
55 104
55 105
55 107
55 109
55 113
55 114
55 115
55 117
55 118
55 119
55 122
55 123
55 130
55 131
55 134
55 135
55 141
55 146
55 148
55 149
55 157
55 161
55 162
55 163
55 166
55 169
55 174
55 177
55 182
55 184
55 193
55 198
56 57
56 58
56 59
56 65
56 66
56 67
56 69
56 71
56 73
56 75
56 79
56 80
56 84
56 85
56 86
56 88
56 90
56 94
56 95
56 101
56 105
56 109
56 110
56 119
56 120
56 122
56 124
56 143
56 152
56 155
56 159
56 160
56 165
56 167
56 186
56 188
56 189
56 137
57 59
57 60
57 61
57 62
57 63
57 64
57 65
57 66
57 67
57 68
57 71
57 73
57 74
57 76
57 79
57 81
57 84
57 86
57 90
57 95
57 97
57 98
57 100
57 101
57 106
57 110
57 112
57 116
57 119
57 122
57 123
57 126
57 127
57 128
57 131
57 133
57 134
57 137
57 147
57 148
57 151
57 152
57 153
57 154
57 155
57 161
57 165
57 166
57 167
57 171
57 175
57 178
57 180
57 186
57 187
57 191
57 193
57 196
57 198
57 115
58 60
58 62
58 64
58 71
58 72
58 74
58 76
58 79
58 80
58 84
58 85
58 86
58 88
58 93
58 94
58 99
58 100
58 101
58 104
58 109
58 110
58 112
58 113
58 114
58 116
58 117
58 121
58 129
58 132
58 136
58 137
58 138
58 139
58 142
58 143
58 147
58 149
58 154
58 155
58 161
58 162
58 163
58 165
58 180
58 182
58 186
58 190
58 191
58 193
59 64
59 67
59 69
59 70
59 71
59 77
59 79
59 83
59 85
59 88
59 90
59 91
59 95
59 100
59 103
59 104
59 107
59 110
59 111
59 115
59 117
59 120
59 124
59 125
59 130
59 138
59 140
59 141
59 142
59 149
59 154
59 155
59 156
59 181
59 183
59 187
59 198
60 63
60 67
60 68
60 69
60 74
60 77
60 82
60 87
60 88
60 89
60 91
60 94
60 98
60 100
60 102
60 115
60 119
60 120
60 123
60 125
60 128
60 139
60 147
60 149
60 151
60 152
60 163
60 164
60 174
60 192
60 194
60 196
60 198
60 199
61 62
61 63
61 64
61 66
61 70
61 71
61 74
61 75
61 76
61 78
61 79
61 84
61 85
61 89
61 90
61 91
61 92
61 93
61 98
61 101
61 102
61 103
61 106
61 108
61 110
61 112
61 126
61 139
61 140
61 142
61 146
61 148
61 149
61 154
61 167
61 175
61 176
61 188
61 189
61 191
61 195
61 197
62 63
62 67
62 68
62 70
62 71
62 72
62 73
62 75
62 80
62 81
62 82
62 87
62 89
62 91
62 92
62 96
62 101
62 105
62 106
62 107
62 109
62 117
62 118
62 124
62 134
62 135
62 137
62 140
62 144
62 146
62 153
62 155
62 166
62 167
62 170
62 179
62 182
62 184
62 185
62 190
62 199
63 64
63 65
63 71
63 72
63 73
63 75
63 79
63 80
63 84
63 90
63 92
63 93
63 98
63 103
63 104
63 111
63 112
63 115
63 119
63 121
63 122
63 127
63 129
63 135
63 139
63 145
63 149
63 155
63 166
63 167
63 170
63 171
63 173
63 174
63 183
63 187
63 188
63 190
63 196
64 67
64 73
64 74
64 77
64 78
64 83
64 84
64 85
64 86
64 89
64 93
64 97
64 104
64 105
64 107
64 108
64 111
64 113
64 116
64 118
64 120
64 121
64 124
64 128
64 130
64 131
64 132
64 136
64 147
64 149
64 156
64 157
64 158
64 159
64 160
64 166
64 170
64 173
64 177
64 178
64 181
64 187
64 188
64 190
64 191
64 165
65 67
65 68
65 69
65 72
65 74
65 75
65 78
65 81
65 82
65 83
65 86
65 87
65 94
65 97
65 98
65 99
65 103
65 105
65 106
65 107
65 109
65 111
65 112
65 116
65 120
65 121
65 127
65 128
65 133
65 141
65 146
65 149
65 150
65 151
65 156
65 157
65 164
65 181
65 192
65 193
65 65
66 68
66 69
66 70
66 71
66 74
66 84
66 86
66 87
66 88
66 90
66 91
66 93
66 97
66 104
66 107
66 111
66 119
66 120
66 122
66 126
66 128
66 129
66 130
66 131
66 132
66 142
66 144
66 145
66 146
66 158
66 160
66 165
66 167
66 173
66 179
66 182
66 187
66 189
66 191
67 69
67 70
67 77
67 79
67 80
67 81
67 83
67 85
67 87
67 89
67 91
67 93
67 94
67 97
67 103
67 105
67 110
67 111
67 114
67 118
67 122
67 124
67 129
67 131
67 132
67 142
67 144
67 150
67 151
67 153
67 157
67 163
67 164
67 170
67 175
67 176
67 178
67 183
67 185
67 186
67 190
67 194
67 195
67 145
68 71
68 72
68 73
68 83
68 95
68 96
68 99
68 101
68 102
68 105
68 106
68 107
68 118
68 119
68 120
68 121
68 125
68 131
68 136
68 141
68 151
68 162
68 163
68 166
68 167
68 171
68 185
68 193
69 72
69 73
69 75
69 76
69 77
69 78
69 79
69 81
69 85
69 86
69 92
69 96
69 97
69 106
69 109
69 113
69 115
69 117
69 119
69 129
69 132
69 134
69 137
69 140
69 142
69 146
69 167
69 168
69 174
69 178
69 179
69 180
69 187
69 192
70 71
70 72
70 73
70 74
70 76
70 77
70 78
70 80
70 81
70 82
70 83
70 86
70 88
70 89
70 90
70 94
70 96
70 102
70 106
70 107
70 109
70 114
70 126
70 138
70 141
70 148
70 150
70 153
70 156
70 162
70 169
70 180
70 182
70 185
70 190
70 194
70 195
70 196
70 199
71 77
71 78
71 82
71 83
71 88
71 91
71 98
71 101
71 102
71 104
71 107
71 109
71 110
71 113
71 115
71 119
71 128
71 129
71 136
71 141
71 145
71 150
71 160
71 165
71 169
71 181
71 186
71 189
72 79
72 80
72 81
72 85
72 87
72 88
72 93
72 95
72 105
72 108
72 114
72 120
72 122
72 130
72 133
72 134
72 138
72 150
72 154
72 158
72 166
72 179
72 180
72 181
72 185
72 191
72 199
72 173
73 74
73 78
73 80
73 81
73 88
73 95
73 97
73 99
73 106
73 108
73 115
73 122
73 125
73 126
73 129
73 132
73 136
73 140
73 141
73 158
73 159
73 162
73 170
73 174
73 175
73 189
73 192
73 194
74 78
74 79
74 83
74 84
74 88
74 96
74 101
74 107
74 109
74 128
74 130
74 142
74 144
74 147
74 161
74 165
74 168
74 173
74 177
74 178
74 181
74 184
74 186
74 187
74 197
75 76
75 80
75 81
75 82
75 87
75 88
75 90
75 96
75 101
75 102
75 103
75 106
75 109
75 116
75 117
75 118
75 122
75 123
75 130
75 134
75 137
75 139
75 143
75 144
75 153
75 156
75 157
75 158
75 163
75 169
75 170
75 174
75 175
75 178
75 181
75 198
75 199
75 105
76 78
76 80
76 83
76 88
76 91
76 92
76 93
76 104
76 111
76 116
76 120
76 121
76 122
76 125
76 130
76 138
76 139
76 140
76 142
76 144
76 146
76 147
76 148
76 150
76 154
76 160
76 169
76 178
76 179
76 199
77 79
77 80
77 84
77 86
77 94
77 97
77 102
77 104
77 108
77 112
77 116
77 119
77 123
77 129
77 131
77 137
77 141
77 149
77 151
77 155
77 163
77 167
77 171
77 175
77 180
77 189
77 190
77 192
77 197
78 88
78 89
78 100
78 112
78 114
78 120
78 123
78 127
78 136
78 137
78 147
78 153
78 163
78 164
78 176
78 190
78 192
78 193
79 80
79 83
79 86
79 88
79 91
79 94
79 98
79 100
79 108
79 111
79 117
79 120
79 124
79 126
79 131
79 132
79 133
79 137
79 139
79 140
79 143
79 146
79 147
79 167
79 169
79 170
79 179
79 180
79 181
79 182
79 183
79 196
79 197
79 199
79 177
79 138
80 83
80 84
80 87
80 89
80 93
80 96
80 97
80 98
80 99
80 101
80 103
80 105
80 106
80 107
80 115
80 118
80 124
80 128
80 130
80 132
80 138
80 141
80 147
80 150
80 155
80 161
80 168
80 172
80 176
80 178
80 194
80 197
80 199
81 83
81 85
81 86
81 87
81 89
81 90
81 91
81 94
81 95
81 100
81 104
81 105
81 106
81 109
81 113
81 116
81 120
81 123
81 124
81 126
81 136
81 139
81 143
81 153
81 155
81 166
81 168
81 172
81 177
81 179
81 184
81 186
81 188
81 191
82 83
82 84
82 85
82 87
82 89
82 90
82 92
82 96
82 97
82 101
82 110
82 112
82 117
82 129
82 130
82 133
82 137
82 138
82 151
82 187
82 188
82 191
82 194
83 89
83 91
83 93
83 97
83 99
83 104
83 114
83 115
83 119
83 130
83 131
83 136
83 137
83 145
83 146
83 147
83 152
83 156
83 165
83 189
83 194
83 195
84 88
84 90
84 92
84 94
84 98
84 100
84 102
84 103
84 104
84 111
84 112
84 114
84 116
84 127
84 128
84 131
84 132
84 139
84 146
84 153
84 162
84 169
84 172
84 173
84 181
84 185
84 186
84 191
84 192
84 196
85 87
85 88
85 90
85 91
85 92
85 93
85 97
85 100
85 108
85 109
85 112
85 117
85 124
85 126
85 128
85 134
85 136
85 137
85 150
85 152
85 157
85 158
85 162
85 163
85 165
85 183
85 184
86 88
86 90
86 91
86 94
86 95
86 96
86 97
86 105
86 109
86 117
86 124
86 126
86 129
86 131
86 135
86 136
86 144
86 145
86 146
86 154
86 168
86 169
86 172
86 173
86 174
86 180
86 188
86 198
87 91
87 92
87 94
87 95
87 98
87 100
87 109
87 110
87 111
87 117
87 131
87 139
87 140
87 143
87 144
87 145
87 153
87 157
87 161
87 167
87 171
87 175
87 193
88 89
88 90
88 93
88 94
88 95
88 98
88 99
88 104
88 116
88 117
88 120
88 121
88 124
88 138
88 143
88 162
88 172
88 174
88 179
88 185
88 188
88 189
88 198
89 100
89 117
89 118
89 121
89 122
89 127
89 138
89 144
89 145
89 152
89 170
89 173
89 180
89 190
89 197
90 92
90 108
90 109
90 112
90 116
90 119
90 124
90 126
90 135
90 137
90 142
90 148
90 153
90 155
90 156
90 157
90 158
90 159
90 162
90 164
90 169
90 172
90 174
90 180
90 193
91 96
91 100
91 105
91 106
91 108
91 109
91 115
91 118
91 124
91 125
91 130
91 142
91 147
91 154
91 157
91 161
91 164
91 170
91 173
91 181
91 186
91 188
91 189
91 195
92 94
92 96
92 98
92 104
92 105
92 107
92 115
92 117
92 119
92 137
92 138
92 148
92 150
92 154
92 159
92 160
92 166
92 168
92 174
92 176
92 177
92 190
92 192
93 94
93 100
93 104
93 114
93 118
93 122
93 127
93 134
93 135
93 161
93 185
93 189
93 197
94 98
94 101
94 103
94 111
94 116
94 118
94 126
94 128
94 132
94 133
94 136
94 140
94 143
94 146
94 147
94 157
94 163
94 164
94 172
94 183
94 190
94 194
95 96
95 98
95 101
95 117
95 121
95 124
95 125
95 128
95 129
95 130
95 134
95 135
95 136
95 143
95 148
95 155
95 158
95 160
95 162
95 164
95 167
95 171
95 177
95 178
95 180
95 187
95 194
96 100
96 103
96 111
96 116
96 118
96 147
96 151
96 164
96 173
96 182
96 188
96 190
96 192
96 193
97 104
97 107
97 112
97 119
97 120
97 121
97 129
97 132
97 146
97 147
97 148
97 153
97 159
97 163
97 170
97 172
97 175
97 180
97 182
97 191
98 99
98 104
98 110
98 113
98 115
98 116
98 122
98 124
98 130
98 133
98 137
98 138
98 140
98 142
98 145
98 147
98 152
98 164
98 167
98 168
98 173
98 175
98 186
98 191
98 195
98 196
99 102
99 105
99 106
99 112
99 120
99 122
99 125
99 140
99 143
99 147
99 159
99 162
99 171
99 181
99 182
99 190
99 192
99 193
99 198
100 102
100 103
100 108
100 114
100 116
100 125
100 131
100 134
100 135
100 139
100 140
100 144
100 146
100 155
100 156
100 162
100 181
100 185
100 186
100 193
101 110
101 113
101 116
101 123
101 124
101 128
101 144
101 153
101 154
101 156
101 157
101 163
101 166
101 169
101 171
101 176
101 178
101 183
101 184
101 197
102 106
102 112
102 131
102 132
102 133
102 141
102 143
102 149
102 166
102 169
102 170
102 191
102 196
103 105
103 110
103 111
103 115
103 124
103 134
103 146
103 162
103 170
103 174
103 176
103 191
103 192
104 116
104 122
104 123
104 127
104 138
104 151
104 154
104 164
104 168
104 171
104 172
104 173
104 179
104 180
104 183
104 192
105 107
105 108
105 110
105 118
105 126
105 127
105 129
105 130
105 134
105 144
105 149
105 150
105 151
105 159
105 163
105 177
105 178
105 157
106 107
106 108
106 111
106 118
106 125
106 127
106 131
106 140
106 152
106 154
106 161
106 166
106 171
106 172
106 175
106 195
107 109
107 111
107 121
107 129
107 134
107 137
107 145
107 150
107 153
107 163
107 173
107 174
107 183
107 184
107 185
107 188
108 119
108 120
108 122
108 129
108 133
108 134
108 147
108 150
108 154
108 156
108 158
108 166
108 168
108 177
108 178
108 184
108 186
108 195
108 198
109 111
109 116
109 122
109 129
109 132
109 133
109 142
109 143
109 151
109 155
109 157
109 158
109 159
109 162
109 165
109 168
109 176
109 177
109 179
109 183
109 186
109 189
109 193
109 196
110 116
110 120
110 121
110 127
110 149
110 161
110 165
110 169
110 176
110 178
110 188
110 190
110 197
110 134
111 125
111 135
111 142
111 173
111 174
111 187
111 188
111 189
111 190
111 164
112 128
112 135
112 138
112 144
112 158
112 164
112 169
112 181
112 194
112 199
113 114
113 117
113 118
113 139
113 145
113 149
113 150
113 151
113 152
113 160
113 175
113 177
113 183
113 184
114 115
114 135
114 138
114 140
114 142
114 144
114 147
114 155
114 165
114 166
114 171
114 174
114 179
114 180
114 190
114 194
114 195
115 121
115 126
115 127
115 134
115 144
115 156
115 159
115 174
115 184
116 128
116 129
116 134
116 136
116 138
116 146
116 147
116 149
116 150
116 161
116 163
116 165
116 169
116 174
116 181
116 182
116 186
116 196
117 118
117 130
117 133
117 141
117 162
117 167
117 170
117 171
117 172
117 178
117 185
117 192
118 120
118 121
118 128
118 129
118 157
118 161
118 163
118 172
118 176
118 184
118 194
119 121
119 132
119 138
119 143
119 152
119 155
119 165
119 170
119 174
119 185
119 193
119 197
120 122
120 126
120 135
120 136
120 145
120 151
120 155
120 158
120 160
120 163
120 165
120 168
120 183
120 185
120 197
121 135
121 136
121 142
121 146
121 149
121 164
121 166
121 169
121 174
121 176
121 178
121 185
121 193
121 196
121 197
122 125
122 133
122 139
122 149
122 165
122 166
122 174
122 175
122 177
122 179
123 127
123 132
123 133
123 136
123 141
123 161
123 166
123 169
123 187
124 138
124 148
124 151
124 166
124 177
124 180
124 185
125 126
125 131
125 135
125 137
125 143
125 149
125 150
125 153
125 156
125 157
125 160
125 161
125 173
125 176
125 182
125 188
125 190
125 193
125 198
126 127
126 130
126 132
126 152
126 154
126 155
126 167
126 172
126 185
126 191
126 194
126 197
127 128
127 130
127 142
127 143
127 154
127 168
127 172
127 176
127 179
127 184
127 186
127 194
128 130
128 134
128 143
128 147
128 149
128 156
128 162
128 179
128 183
128 192
128 199
129 137
129 147
129 148
129 161
129 165
129 169
129 171
129 184
129 191
130 140
130 146
130 153
130 155
130 157
130 160
130 166
130 170
130 171
130 181
130 196
130 197
131 175
131 179
131 180
131 185
132 135
132 145
132 152
132 154
132 175
132 182
132 185
132 191
132 196
132 198
133 139
133 144
133 148
133 152
133 154
133 182
133 196
134 136
134 141
134 146
134 150
134 152
134 159
134 165
134 170
134 183
134 186
134 199
135 150
135 166
135 194
135 197
136 140
136 148
136 152
136 153
136 157
136 168
136 178
136 182
136 185
136 186
136 189
136 192
136 197
137 144
137 145
137 156
137 157
137 160
137 162
137 177
137 178
137 193
137 199
138 139
138 141
138 152
138 160
138 161
138 163
138 183
138 198
139 140
139 157
139 160
139 162
139 164
139 166
139 168
139 171
139 175
139 181
139 194
139 195
140 151
140 153
140 157
140 160
140 171
140 172
140 179
140 191
140 198
141 142
141 148
141 156
141 159
141 167
141 172
141 181
141 182
141 192
141 194
141 143
142 148
142 164
142 167
142 173
142 179
142 193
142 159
143 146
143 148
143 178
143 184
143 199
144 145
144 147
144 148
144 151
144 156
144 162
144 165
144 178
144 183
144 186
144 187
144 188
144 193
144 195
145 153
145 168
145 191
145 198
145 199
146 149
146 151
146 153
146 158
146 159
146 177
146 182
146 183
146 184
146 190
146 195
147 153
147 154
147 156
147 157
147 176
147 177
147 186
147 187
147 194
148 151
148 174
148 184
149 167
149 176
149 189
149 196
149 199
150 154
150 173
150 191
151 156
151 158
151 160
151 167
151 194
151 198
151 199
152 169
152 180
152 196
152 197
153 165
153 169
153 170
153 195
154 166
154 177
154 182
154 199
155 157
155 158
155 166
155 176
155 192
155 197
156 158
156 160
156 163
156 165
156 168
156 184
156 196
157 167
157 175
157 177
157 193
157 194
158 185
158 199
159 160
159 179
160 171
160 175
160 178
160 191
160 195
161 183
161 184
161 189
162 164
162 171
162 172
162 183
162 195
162 196
163 169
163 187
163 196
164 167
165 177
165 182
165 190
166 172
166 173
166 175
166 179
166 180
166 184
166 187
166 193
167 174
167 176
167 181
167 184
167 188
167 192
167 197
168 171
168 176
168 193
168 197
169 172
169 175
170 172
170 173
170 186
171 185
171 194
172 174
172 176
172 182
172 185
174 177
174 185
174 190
174 195
175 182
177 188
177 190
177 191
177 193
177 198
178 179
178 195
179 199
180 181
180 192
180 194
180 193
181 189
181 195
181 198
182 186
182 192
183 186
183 189
183 199
184 187
184 193
185 195
186 198
187 189
188 190
188 197
190 196
191 199
193 195
193 197
194 195