177643963
8
200
1551
0 8
0 9
0 10
0 11
0 12
0 13
0 17
0 19
0 20
0 21
0 22
0 24
0 27
0 31
0 32
0 35
0 60
0 63
0 66
0 74
0 81
0 86
0 89
0 102
0 106
0 108
0 114
0 116
0 121
0 132
0 147
0 153
0 165
0 167
0 168
0 179
0 183
1 8
1 9
1 10
1 11
1 12
1 28
1 30
1 35
1 37
1 40
1 72
1 84
1 88
1 104
1 142
1 161
2 8
2 9
2 10
2 12
2 13
2 14
2 15
2 16
2 17
2 18
2 20
2 25
2 27
2 34
2 36
2 46
2 50
2 66
2 73
2 76
2 80
2 83
2 87
2 91
2 104
2 116
2 119
2 121
2 133
2 137
2 142
2 146
2 175
2 192
3 8
4 8
4 9
4 11
4 13
4 17
4 23
4 25
4 29
4 30
4 33
4 64
4 78
4 79
4 90
4 101
4 108
4 123
4 140
4 160
4 187
4 194
4 198
5 8
5 9
5 10
5 11
5 12
5 14
5 15
5 16
5 19
5 20
5 21
5 23
5 31
5 34
5 46
5 54
5 66
5 75
5 84
5 92
5 95
5 96
5 98
5 109
5 114
5 115
5 119
5 128
5 137
5 142
5 145
5 164
5 174
6 8
6 9
6 10
6 11
6 14
6 18
6 19
6 22
6 30
6 36
6 37
6 38
6 47
6 52
6 58
6 65
6 69
6 79
6 84
6 87
6 88
6 99
6 124
6 126
6 144
6 173
6 196
7 8
7 9
7 10
7 28
7 116
7 163
7 176
8 9
8 10
8 11
8 12
8 13
8 14
8 15
8 16
8 17
8 18
8 19
8 22
8 24
8 25
8 28
8 30
8 31
8 32
8 34
8 37
8 38
8 39
8 41
8 45
8 46
8 47
8 48
8 49
8 50
8 51
8 54
8 57
8 59
8 61
8 62
8 63
8 68
8 71
8 72
8 75
8 77
8 78
8 80
8 83
8 90
8 92
8 93
8 98
8 105
8 115
8 122
8 123
8 124
8 125
8 131
8 133
8 136
8 139
8 145
8 147
8 150
8 153
8 157
8 176
8 180
8 181
8 189
9 10
9 11
9 12
9 13
9 14
9 15
9 16
9 18
9 19
9 22
9 23
9 29
9 30
9 33
9 36
9 37
9 38
9 40
9 44
9 47
9 50
9 51
9 52
9 53
9 55
9 60
9 68
9 70
9 74
9 77
9 81
9 83
9 88
9 100
9 102
9 110
9 114
9 119
9 125
9 129
9 130
9 133
9 134
9 137
9 138
9 141
9 149
9 155
9 162
9 166
9 188
9 199
9 56
10 11
10 12
10 13
10 15
10 16
10 18
10 20
10 21
10 23
10 24
10 25
10 26
10 31
10 35
10 40
10 43
10 45
10 49
10 53
10 60
10 63
10 65
10 67
10 69
10 84
10 94
10 96
10 98
10 101
10 102
10 106
10 117
10 128
10 133
10 136
10 148
10 150
10 152
10 154
10 158
10 159
10 177
10 190
10 194
10 196
10 197
10 198
10 70
10 187
11 12
11 13
11 14
11 16
11 17
11 18
11 19
11 20
11 21
11 22
11 23
11 24
11 26
11 28
11 29
11 31
11 41
11 42
11 43
11 53
11 55
11 60
11 63
11 65
11 68
11 72
11 74
11 75
11 76
11 78
11 83
11 85
11 86
11 94
11 102
11 103
11 107
11 112
11 118
11 119
11 121
11 122
11 126
11 131
11 140
11 143
11 155
11 159
11 165
11 166
11 167
11 169
11 174
11 181
11 183
11 184
11 191
11 193
11 194
11 157
12 13
12 14
12 15
12 16
12 17
12 18
12 19
12 22
12 23
12 24
12 25
12 26
12 34
12 35
12 37
12 39
12 42
12 43
12 44
12 45
12 48
12 51
12 54
12 55
12 62
12 71
12 78
12 80
12 81
12 83
12 84
12 91
12 93
12 100
12 111
12 133
12 137
12 147
12 149
12 166
12 170
12 173
12 174
12 181
12 191
12 196
13 14
13 15
13 17
13 21
13 26
13 27
13 28
13 33
13 36
13 38
13 42
13 51
13 57
13 58
13 65
13 66
13 76
13 77
13 78
13 91
13 95
13 99
13 103
13 111
13 122
13 127
13 128
13 133
13 140
13 142
13 145
13 148
13 153
13 159
13 162
13 164
13 167
13 186
13 194
13 195
13 49
14 15
14 17
14 18
14 19
14 20
14 23
14 25
14 33
14 35
14 38
14 40
14 44
14 51
14 55
14 59
14 62
14 63
14 65
14 76
14 78
14 85
14 108
14 115
14 117
14 119
14 123
14 171
14 179
14 194
15 16
15 20
15 24
15 26
15 27
15 29
15 30
15 32
15 37
15 44
15 47
15 48
15 49
15 50
15 52
15 54
15 58
15 60
15 61
15 70
15 71
15 93
15 98
15 99
15 110
15 111
15 115
15 120
15 123
15 126
15 130
15 138
15 166
15 181
15 191
16 21
16 24
16 27
16 29
16 31
16 34
16 38
16 39
16 44
16 47
16 48
16 49
16 57
16 65
16 70
16 74
16 76
16 104
16 105
16 108
16 121
16 122
16 125
16 132
16 135
16 137
16 139
16 140
16 152
16 156
16 160
16 166
16 169
16 172
16 178
16 195
17 24
17 27
17 32
17 33
17 35
17 36
17 39
17 40
17 44
17 48
17 66
17 67
17 74
17 82
17 84
17 91
17 95
17 98
17 104
17 117
17 124
17 125
17 132
17 144
17 150
17 155
17 161
17 169
17 171
17 178
17 179
17 180
17 188
17 195
18 20
18 22
18 32
18 33
18 69
18 71
18 76
18 124
18 136
18 151
18 152
18 182
19 21
19 22
19 25
19 29
19 32
19 38
19 52
19 53
19 60
19 71
19 89
19 92
19 96
19 105
19 113
19 118
19 134
19 149
19 170
19 175
19 184
19 193
19 172
20 21
20 27
20 31
20 34
20 67
20 70
20 89
20 94
20 96
20 104
20 109
20 112
20 113
20 115
20 134
20 165
20 188
21 26
21 29
21 32
21 39
21 42
21 44
21 45
21 49
21 50
21 52
21 54
21 57
21 60
21 61
21 67
21 74
21 79
21 82
21 85
21 93
21 97
21 99
21 101
21 102
21 116
21 118
21 123
21 130
21 131
21 132
21 159
21 163
21 177
21 187
21 188
22 23
22 26
22 30
22 33
22 34
22 41
22 43
22 46
22 53
22 55
22 56
22 58
22 59
22 61
22 62
22 68
22 72
22 73
22 79
22 82
22 86
22 88
22 95
22 98
22 107
22 109
22 112
22 147
22 149
22 150
22 162
22 163
22 165
22 170
22 171
22 185
22 186
23 28
23 29
23 30
23 36
23 46
23 49
23 82
23 85
23 113
23 115
23 197
24 25
24 26
24 27
24 28
24 32
24 38
24 41
24 45
24 63
24 86
24 100
24 106
24 109
24 129
24 130
24 139
24 141
24 152
24 155
24 157
24 158
24 159
24 180
24 182
24 184
24 186
24 125
25 37
25 40
25 41
25 44
25 46
25 56
25 64
25 66
25 69
25 77
25 82
25 88
25 92
25 94
25 107
25 122
25 140
25 147
25 152
25 154
25 159
25 162
25 163
25 188
25 197
26 39
26 40
26 56
26 58
26 59
26 65
26 89
26 91
26 107
26 120
26 138
26 158
26 163
26 170
27 28
27 33
27 34
27 47
27 53
27 55
27 57
27 61
27 92
27 105
27 109
27 112
27 124
27 133
27 135
27 139
27 154
27 156
27 160
27 176
27 177
28 37
28 40
28 41
28 42
28 45
28 48
28 59
28 69
28 79
28 86
28 89
28 100
28 101
28 102
28 105
28 128
28 144
28 153
28 156
28 168
28 184
28 185
28 189
29 31
29 41
29 51
29 52
29 69
29 73
29 76
29 97
29 102
29 103
29 107
29 116
29 117
29 128
29 157
29 160
29 161
29 178
29 180
30 39
30 43
30 47
30 54
30 64
30 73
30 86
30 97
30 120
30 144
30 148
30 149
30 151
30 156
30 172
30 188
31 35
31 39
31 51
31 52
31 57
31 58
31 63
31 71
31 72
31 78
31 85
31 135
31 138
31 159
31 182
31 186
31 191
31 193
32 36
32 42
32 55
32 73
32 81
32 96
32 106
32 110
32 117
32 125
32 132
32 151
32 169
33 35
33 36
33 41
33 51
33 56
33 59
33 61
33 67
33 72
33 75
33 81
33 94
33 106
33 130
33 131
33 150
33 165
33 179
34 43
34 48
34 64
34 79
34 107
34 111
34 137
34 143
34 148
34 166
34 181
34 193
34 199
35 53
35 59
35 62
35 66
35 87
35 90
35 92
35 96
35 103
35 122
35 128
35 133
35 153
36 52
36 75
36 76
36 88
36 127
36 178
36 194
37 42
37 46
37 50
37 58
37 64
37 97
37 128
37 136
37 154
37 158
37 190
38 43
38 49
38 54
38 55
38 56
38 59
38 61
38 80
38 83
38 86
38 90
38 101
38 111
38 117
38 122
38 129
38 132
38 137
38 155
38 185
38 197
39 43
39 45
39 90
39 92
39 110
39 113
39 119
39 121
39 130
39 140
39 151
39 152
39 154
39 193
39 198
40 50
40 53
40 67
40 69
40 73
40 81
40 94
40 99
40 126
40 131
40 139
40 143
40 168
40 171
40 172
40 181
40 195
40 198
41 42
41 46
41 48
41 54
41 86
41 91
41 114
41 116
41 120
41 166
41 174
41 178
41 187
42 47
42 57
42 113
43 45
43 72
43 90
43 99
43 118
43 131
43 149
43 153
43 198
43 83
44 56
44 63
44 75
44 77
44 80
44 94
44 126
44 129
44 171
45 56
45 67
45 80
45 106
45 157
45 189
46 50
46 60
46 62
46 64
46 73
46 88
46 100
46 127
46 140
46 196
46 163
47 49
47 58
47 93
47 113
47 125
47 160
47 169
47 173
47 149
48 62
48 67
48 70
48 90
48 100
48 103
48 105
48 116
48 166
48 168
48 169
48 187
49 84
49 97
49 129
49 153
49 196
49 110
50 77
50 83
50 87
50 92
50 95
50 99
50 106
50 117
50 118
50 121
50 125
50 127
50 129
50 155
50 173
50 174
50 178
50 185
51 68
51 69
51 71
51 89
51 98
51 100
51 101
51 103
51 123
51 150
51 154
51 156
51 168
51 170
51 172
51 173
52 57
52 71
52 79
52 80
52 85
52 95
52 104
52 115
52 180
52 181
52 189
53 70
53 87
53 93
53 107
54 56
54 85
54 95
54 121
55 87
55 110
55 131
55 167
56 64
56 66
56 68
56 89
56 101
56 120
57 74
57 81
57 82
57 124
57 148
57 180
57 190
58 65
58 93
58 100
58 136
58 151
58 193
59 61
59 83
59 103
59 109
59 128
59 141
59 192
60 70
60 109
60 113
60 168
60 173
60 182
61 62
61 68
61 87
61 168
61 195
62 64
62 70
62 74
62 82
62 146
62 118
63 79
63 108
63 175
63 188
63 196
64 68
64 82
64 84
64 104
64 110
64 118
64 130
64 145
64 194
65 75
65 171
65 176
65 186
66 72
66 112
66 189
67 75
67 77
67 88
67 135
67 158
67 160
67 177
68 134
68 147
68 170
68 184
68 190
69 73
69 77
69 195
70 126
70 139
70 145
70 161
70 190
70 192
71 106
71 126
71 139
71 142
71 161
71 164
71 165
71 193
71 134
72 81
72 87
72 96
72 127
72 156
72 177
72 185
72 197
73 104
73 107
73 112
73 174
75 89
75 91
75 97
75 101
75 105
75 111
75 114
75 115
75 134
75 139
75 161
75 173
75 175
75 177
75 185
75 192
76 132
76 189
77 78
77 80
77 91
77 94
77 120
77 122
77 151
77 160
77 167
77 178
77 191
77 197
78 114
78 183
79 85
79 96
79 114
80 110
80 130
80 144
80 145
81 112
81 146
82 154
82 163
82 189
83 109
83 190
84 134
84 143
84 176
85 118
85 150
85 158
86 90
86 93
86 99
86 108
86 119
86 141
86 149
86 150
86 183
87 125
87 146
88 158
89 113
89 120
89 127
89 131
89 135
89 138
89 179
89 184
89 190
89 191
90 123
90 135
90 145
91 112
91 144
92 102
92 129
92 136
92 140
92 171
92 174
92 186
93 97
93 119
93 157
93 162
93 168
94 95
94 98
94 108
94 136
95 187
96 97
97 127
97 194
98 121
98 162
98 172
99 114
99 117
99 167
99 183
100 108
100 151
100 192
100 195
101 134
102 103
102 116
102 176
103 123
103 135
103 143
103 152
103 191
103 197
104 105
104 120
104 134
104 146
104 164
105 148
105 182
106 110
106 143
107 138
107 152
108 111
108 186
109 124
110 111
110 126
110 127
111 141
112 147
113 132
113 141
113 153
113 158
113 164
113 175
113 195
114 124
114 146
114 147
114 159
114 175
114 199
115 129
115 141
116 118
116 136
116 145
116 148
116 181
117 157
117 164
117 179
118 143
118 156
118 198
119 137
119 169
120 138
120 161
120 192
120 198
121 144
121 160
121 191
122 179
123 142
124 142
125 149
125 163
126 135
126 151
126 154
127 170
127 171
128 152
128 162
128 175
128 178
128 186
128 198
129 142
130 138
130 164
130 167
131 196
132 165
133 144
133 155
133 179
134 148
135 141
135 143
135 197
135 199
136 172
136 174
136 182
136 199
137 146
138 164
138 169
138 176
139 146
139 156
141 155
141 161
141 173
141 177
142 189
144 183
145 163
145 185
146 165
148 180
149 157
152 172
152 183
153 176
153 184
153 187
153 158
154 157
154 162
155 172
155 192
157 182
158 175
158 190
159 167
159 196
162 199
163 180
164 170
165 177
165 185
167 192
169 199
174 184
174 193
175 182
180 183
181 188
183 187
185 187
192 199