825368854
36
200
5945
0 36
0 37
0 38
0 39
0 40
0 41
0 42
0 43
0 44
0 45
0 46
0 47
0 48
0 49
0 51
0 58
0 59
0 61
0 65
0 69
0 71
0 74
0 77
0 80
0 85
0 86
0 89
0 90
0 93
0 94
0 95
0 99
0 101
0 102
0 108
0 109
0 111
0 112
0 114
0 118
0 128
0 131
0 138
0 140
0 142
0 144
0 149
0 160
0 163
0 164
0 168
0 174
0 175
0 176
0 187
0 188
0 191
0 193
1 36
1 37
1 38
1 39
1 40
1 41
1 42
1 43
1 45
1 46
1 47
1 48
1 49
1 51
1 52
1 53
1 54
1 58
1 59
1 60
1 65
1 68
1 71
1 73
1 74
1 76
1 77
1 78
1 79
1 81
1 86
1 87
1 88
1 91
1 94
1 100
1 101
1 103
1 107
1 109
1 112
1 114
1 117
1 118
1 119
1 120
1 121
1 122
1 125
1 127
1 129
1 132
1 134
1 146
1 150
1 162
1 165
1 170
1 185
1 193
1 194
2 36
2 37
2 38
2 39
2 40
2 41
2 42
2 44
2 45
2 47
2 48
2 51
2 60
2 64
2 65
2 66
2 68
2 83
2 88
2 95
2 110
2 122
2 127
2 129
2 136
2 140
2 155
2 158
2 160
2 189
3 36
3 37
3 39
3 41
3 42
3 43
3 45
3 49
3 50
3 51
3 52
3 53
3 56
3 57
3 58
3 62
3 63
3 70
3 76
3 91
3 98
3 100
3 105
3 108
3 109
3 118
3 120
3 123
3 126
3 127
3 132
3 134
3 135
3 138
3 142
3 145
3 149
3 160
3 166
3 167
3 168
3 171
3 177
3 179
3 182
3 183
3 187
3 193
3 197
3 4
4 36
4 37
4 38
4 39
4 41
4 42
4 43
4 44
4 45
4 46
4 47
4 48
4 51
4 52
4 53
4 55
4 56
4 57
4 58
4 62
4 63
4 64
4 65
4 68
4 75
4 76
4 80
4 82
4 84
4 88
4 90
4 94
4 97
4 100
4 103
4 113
4 118
4 122
4 133
4 140
4 143
4 153
4 162
4 167
4 168
4 174
4 180
4 182
4 187
5 36
5 37
5 38
5 39
5 40
5 41
5 44
5 47
5 49
5 51
5 52
5 53
5 55
5 60
5 61
5 64
5 66
5 74
5 82
5 84
5 101
5 104
5 108
5 109
5 110
5 112
5 116
5 130
5 135
5 137
5 141
5 145
5 151
5 157
5 159
5 161
5 170
5 172
5 174
5 181
5 183
5 190
5 194
6 36
6 37
6 38
6 40
6 41
6 42
6 43
6 44
6 45
6 46
6 48
6 50
6 51
6 53
6 54
6 55
6 56
6 59
6 64
6 66
6 68
6 69
6 70
6 71
6 73
6 76
6 78
6 80
6 81
6 88
6 90
6 92
6 100
6 102
6 108
6 112
6 115
6 118
6 121
6 124
6 130
6 135
6 140
6 142
6 149
6 152
6 156
6 165
6 173
6 176
6 178
6 184
6 188
6 189
6 195
6 199
6 180
7 36
7 37
7 38
7 39
7 40
7 41
7 43
7 50
7 52
7 55
7 61
7 74
7 77
7 78
7 81
7 83
7 88
7 89
7 92
7 95
7 96
7 98
7 102
7 113
7 135
7 164
7 172
7 178
7 198
8 36
8 37
8 39
8 40
8 41
8 42
8 43
8 44
8 45
8 46
8 47
8 49
8 51
8 55
8 57
8 58
8 59
8 61
8 62
8 64
8 65
8 66
8 68
8 73
8 76
8 79
8 81
8 87
8 88
8 89
8 90
8 93
8 94
8 100
8 108
8 116
8 128
8 132
8 135
8 142
8 143
8 148
8 149
8 151
8 153
8 163
8 168
8 179
8 189
8 80
9 36
9 37
9 38
9 39
9 40
9 45
9 47
9 48
9 49
9 51
9 54
9 55
9 57
9 58
9 59
9 60
9 61
9 63
9 64
9 68
9 72
9 75
9 77
9 80
9 83
9 84
9 87
9 88
9 96
9 97
9 98
9 106
9 115
9 116
9 117
9 123
9 124
9 125
9 128
9 133
9 136
9 137
9 139
9 145
9 146
9 154
9 155
9 159
9 162
9 163
9 170
9 179
9 184
9 192
9 196
10 36
10 37
10 38
10 39
10 40
10 41
10 42
10 44
10 46
10 47
10 48
10 49
10 50
10 52
10 54
10 58
10 59
10 63
10 64
10 67
10 68
10 69
10 71
10 75
10 82
10 85
10 86
10 98
10 100
10 101
10 104
10 107
10 111
10 112
10 115
10 117
10 119
10 122
10 123
10 125
10 126
10 140
10 141
10 145
10 151
10 152
10 153
10 154
10 157
10 166
10 167
10 170
10 186
10 187
10 188
11 36
11 38
11 39
11 40
11 41
11 42
11 43
11 44
11 45
11 46
11 47
11 48
11 49
11 52
11 53
11 54
11 55
11 56
11 57
11 58
11 61
11 64
11 69
11 70
11 73
11 74
11 77
11 84
11 86
11 89
11 91
11 101
11 103
11 104
11 108
11 110
11 111
11 114
11 118
11 122
11 129
11 136
11 145
11 146
11 152
11 155
11 164
11 171
11 172
11 175
11 177
11 181
11 194
12 36
12 37
12 38
12 39
12 40
12 41
12 42
12 43
12 44
12 45
12 46
12 48
12 53
12 56
12 57
12 58
12 60
12 61
12 64
12 66
12 73
12 76
12 80
12 81
12 86
12 91
12 93
12 103
12 106
12 118
12 123
12 127
12 136
12 141
12 152
12 160
12 164
12 179
12 180
12 189
12 191
12 198
13 36
13 37
13 38
13 39
13 40
13 41
13 42
13 43
13 44
13 45
13 46
13 47
13 48
13 49
13 50
13 52
13 54
13 57
13 58
13 59
13 61
13 62
13 64
13 65
13 66
13 67
13 72
13 85
13 86
13 88
13 89
13 91
13 92
13 99
13 102
13 106
13 134
13 146
13 158
13 159
13 164
13 169
13 173
13 177
13 189
14 36
14 37
14 38
14 39
14 40
14 41
14 42
14 43
14 44
14 45
14 46
14 47
14 48
14 49
14 50
14 51
14 52
14 54
14 55
14 57
14 58
14 60
14 61
14 62
14 63
14 65
14 66
14 67
14 68
14 70
14 71
14 72
14 74
14 75
14 76
14 77
14 81
14 88
14 90
14 91
14 92
14 94
14 98
14 102
14 103
14 104
14 106
14 108
14 111
14 112
14 118
14 119
14 120
14 131
14 139
14 143
14 152
14 159
14 162
14 167
14 172
14 175
14 180
14 182
14 192
14 194
14 14
15 36
15 37
15 38
15 39
15 40
15 42
15 47
15 48
15 51
15 52
15 53
15 54
15 56
15 61
15 67
15 69
15 70
15 77
15 79
15 82
15 84
15 97
15 98
15 106
15 107
15 109
15 112
15 121
15 124
15 127
15 135
15 143
15 148
15 149
15 150
15 153
15 172
15 178
15 182
15 184
15 193
15 197
16 36
16 37
16 38
16 39
16 40
16 41
16 42
16 43
16 44
16 45
16 46
16 47
16 48
16 49
16 50
16 52
16 53
16 54
16 55
16 56
16 57
16 60
16 61
16 68
16 70
16 71
16 72
16 74
16 77
16 82
16 90
16 108
16 115
16 120
16 121
16 122
16 124
16 130
16 132
16 135
16 137
16 144
16 145
16 146
16 155
16 162
16 174
16 175
16 176
16 180
16 182
16 191
16 199
17 36
17 37
17 38
17 39
17 40
17 41
17 42
17 43
17 44
17 45
17 46
17 47
17 48
17 50
17 52
17 54
17 56
17 57
17 58
17 59
17 60
17 64
17 65
17 66
17 69
17 70
17 74
17 77
17 78
17 80
17 82
17 83
17 85
17 92
17 94
17 97
17 98
17 101
17 105
17 106
17 109
17 111
17 117
17 122
17 128
17 134
17 135
17 142
17 145
17 147
17 148
17 149
17 153
17 158
17 159
17 161
17 162
17 171
17 174
17 175
17 179
17 183
17 186
17 187
17 190
18 36
18 37
18 38
18 39
18 40
18 41
18 43
18 44
18 45
18 47
18 50
18 51
18 52
18 53
18 54
18 56
18 58
18 59
18 60
18 62
18 66
18 67
18 76
18 78
18 89
18 92
18 96
18 97
18 100
18 103
18 104
18 105
18 106
18 107
18 108
18 112
18 113
18 119
18 120
18 124
18 125
18 126
18 136
18 138
18 141
18 143
18 145
18 146
18 148
18 150
18 151
18 161
18 167
18 168
18 171
18 172
18 174
18 179
18 193
18 197
19 36
19 37
19 38
19 39
19 41
19 42
19 43
19 44
19 46
19 47
19 48
19 49
19 50
19 51
19 52
19 53
19 54
19 56
19 58
19 59
19 61
19 63
19 65
19 71
19 72
19 75
19 77
19 79
19 86
19 89
19 94
19 96
19 97
19 106
19 110
19 115
19 116
19 118
19 120
19 121
19 122
19 126
19 130
19 131
19 132
19 135
19 137
19 139
19 143
19 145
19 149
19 152
19 161
19 162
19 169
19 170
19 175
19 176
19 179
19 185
19 190
19 192
19 194
19 197
19 199
20 36
20 37
20 38
20 40
20 42
20 43
20 45
20 46
20 47
20 48
20 51
20 60
20 69
20 71
20 76
20 87
20 96
20 98
20 124
20 125
20 130
20 136
20 150
20 167
20 173
21 36
21 37
21 38
21 39
21 41
21 42
21 43
21 44
21 45
21 46
21 47
21 48
21 50
21 51
21 53
21 54
21 59
21 60
21 61
21 66
21 68
21 70
21 72
21 74
21 75
21 76
21 78
21 83
21 87
21 88
21 90
21 92
21 107
21 108
21 109
21 115
21 116
21 120
21 132
21 137
21 142
21 143
21 149
21 150
21 156
21 157
21 159
21 160
21 162
21 173
21 175
21 178
21 182
21 186
21 196
21 197
21 198
21 110
22 36
22 37
22 38
22 39
22 40
22 41
22 42
22 43
22 44
22 45
22 46
22 49
22 50
22 52
22 53
22 54
22 55
22 57
22 58
22 59
22 60
22 62
22 64
22 65
22 67
22 68
22 73
22 77
22 78
22 79
22 80
22 82
22 84
22 93
22 97
22 98
22 100
22 104
22 106
22 109
22 110
22 114
22 116
22 119
22 125
22 126
22 130
22 131
22 132
22 134
22 139
22 144
22 156
22 167
22 168
22 173
22 175
22 177
22 180
22 181
22 185
22 187
22 195
22 196
23 36
23 37
23 38
23 39
23 40
23 41
23 42
23 44
23 46
23 47
23 49
23 50
23 51
23 57
23 58
23 59
23 69
23 70
23 75
23 78
23 83
23 85
23 88
23 89
23 90
23 96
23 100
23 102
23 103
23 106
23 115
23 123
23 124
23 130
23 137
23 141
23 142
23 152
23 154
23 156
23 160
23 167
23 175
23 179
23 184
23 185
23 198
24 36
24 37
24 38
24 40
24 41
24 43
24 44
24 45
24 48
24 49
24 50
24 52
24 53
24 55
24 56
24 57
24 58
24 59
24 60
24 63
24 64
24 65
24 71
24 72
24 77
24 80
24 82
24 86
24 90
24 95
24 97
24 101
24 102
24 106
24 110
24 114
24 134
24 140
24 142
24 143
24 154
24 156
24 157
24 158
24 159
24 163
24 168
24 169
24 174
24 175
24 176
24 178
24 181
24 182
24 183
24 186
24 191
24 192
24 199
24 133
25 36
25 37
25 38
25 39
25 40
25 41
25 42
25 43
25 44
25 45
25 46
25 47
25 48
25 49
25 50
25 51
25 55
25 56
25 59
25 60
25 61
25 63
25 64
25 68
25 73
25 75
25 77
25 78
25 79
25 82
25 87
25 99
25 100
25 103
25 105
25 106
25 115
25 121
25 123
25 128
25 129
25 130
25 131
25 132
25 135
25 136
25 141
25 142
25 146
25 147
25 152
25 159
25 163
25 173
25 176
25 179
25 191
25 194
25 195
25 197
25 199
26 36
26 37
26 38
26 39
26 40
26 42
26 43
26 44
26 45
26 46
26 48
26 49
26 54
26 55
26 56
26 57
26 60
26 62
26 71
26 77
26 78
26 79
26 91
26 92
26 93
26 94
26 100
26 109
26 110
26 113
26 124
26 133
26 137
26 153
26 164
26 168
26 176
26 179
26 194
26 198
26 63
27 36
27 37
27 38
27 39
27 40
27 42
27 43
27 44
27 45
27 46
27 47
27 48
27 49
27 51
27 54
27 57
27 62
27 63
27 66
27 68
27 69
27 76
27 85
27 88
27 89
27 92
27 95
27 97
27 98
27 105
27 109
27 113
27 122
27 128
27 130
27 144
27 146
27 149
27 159
27 160
27 166
27 169
27 172
27 183
27 189
27 194
28 36
28 37
28 38
28 39
28 40
28 41
28 42
28 44
28 45
28 46
28 47
28 49
28 50
28 51
28 54
28 55
28 56
28 57
28 58
28 59
28 62
28 63
28 64
28 65
28 67
28 69
28 70
28 73
28 80
28 81
28 83
28 84
28 86
28 95
28 96
28 97
28 98
28 99
28 102
28 108
28 113
28 120
28 121
28 125
28 126
28 129
28 132
28 134
28 137
28 139
28 140
28 141
28 142
28 145
28 148
28 150
28 157
28 158
28 163
28 165
28 169
28 174
28 177
28 183
28 186
28 194
29 36
29 37
29 38
29 39
29 40
29 41
29 43
29 44
29 45
29 46
29 47
29 49
29 50
29 52
29 53
29 55
29 60
29 62
29 74
29 78
29 80
29 84
29 86
29 87
29 88
29 89
29 90
29 92
29 93
29 94
29 96
29 102
29 105
29 111
29 112
29 114
29 117
29 127
29 128
29 131
29 133
29 135
29 138
29 143
29 144
29 146
29 161
29 165
29 166
29 171
29 177
29 180
29 181
29 186
30 36
30 37
30 38
30 39
30 40
30 41
30 42
30 43
30 45
30 50
30 51
30 53
30 55
30 57
30 59
30 61
30 62
30 63
30 65
30 68
30 72
30 73
30 77
30 81
30 82
30 83
30 84
30 98
30 99
30 100
30 102
30 108
30 116
30 126
30 154
30 174
30 189
30 193
30 196
31 36
31 37
31 38
31 39
31 40
31 41
31 42
31 43
31 44
31 45
31 46
31 48
31 50
31 52
31 55
31 56
31 58
31 59
31 60
31 61
31 63
31 66
31 70
31 76
31 78
31 79
31 80
31 82
31 84
31 85
31 87
31 88
31 89
31 99
31 103
31 105
31 112
31 117
31 128
31 132
31 134
31 139
31 140
31 144
31 157
31 171
31 187
31 193
31 47
32 36
32 37
32 38
32 39
32 40
32 41
32 42
32 43
32 44
32 45
32 49
32 50
32 51
32 52
32 53
32 54
32 55
32 56
32 60
32 64
32 65
32 75
32 77
32 78
32 79
32 81
32 87
32 88
32 91
32 96
32 104
32 109
32 112
32 115
32 123
32 128
32 132
32 149
32 151
32 155
32 157
32 158
32 159
32 160
32 163
32 173
32 176
32 178
32 180
32 184
32 188
32 197
32 198
33 36
33 37
33 38
33 39
33 40
33 41
33 42
33 43
33 44
33 46
33 47
33 49
33 50
33 52
33 53
33 55
33 57
33 58
33 60
33 61
33 62
33 63
33 66
33 67
33 70
33 72
33 74
33 75
33 83
33 84
33 85
33 87
33 88
33 90
33 94
33 99
33 100
33 104
33 113
33 117
33 119
33 123
33 129
33 136
33 142
33 147
33 149
33 157
33 160
33 163
33 168
33 170
33 173
33 177
33 181
33 199
34 36
34 37
34 38
34 39
34 40
34 41
34 42
34 43
34 46
34 47
34 48
34 50
34 51
34 52
34 57
34 59
34 60
34 63
34 64
34 67
34 71
34 76
34 77
34 78
34 79
34 80
34 86
34 87
34 89
34 90
34 97
34 100
34 115
34 120
34 128
34 130
34 132
34 133
34 143
34 144
34 145
34 153
34 154
34 155
34 160
34 166
34 168
34 171
34 186
34 187
34 190
34 191
34 199
35 36
35 37
35 38
35 39
35 40
35 41
35 42
35 43
35 44
35 46
35 47
35 48
35 49
35 51
35 52
35 53
35 55
35 56
35 58
35 66
35 68
35 69
35 76
35 77
35 82
35 83
35 85
35 87
35 91
35 92
35 93
35 95
35 97
35 101
35 102
35 107
35 114
35 125
35 130
35 138
35 146
35 148
35 156
35 157
35 164
35 166
35 176
35 180
35 182
35 184
35 185
35 188
35 192
35 199
35 154
36 37
36 38
36 39
36 40
36 41
36 42
36 43
36 44
36 45
36 46
36 47
36 48
36 49
36 50
36 51
36 52
36 53
36 54
36 55
36 56
36 57
36 58
36 59
36 60
36 62
36 63
36 64
36 65
36 66
36 67
36 68
36 69
36 70
36 71
36 72
36 73
36 74
36 75
36 76
36 78
36 79
36 80
36 81
36 82
36 87
36 93
36 94
36 95
36 96
36 98
36 99
36 104
36 106
36 107
36 108
36 113
36 119
36 123
36 127
36 128
36 133
36 135
36 136
36 137
36 139
36 141
36 142
36 144
36 146
36 149
36 150
36 151
36 152
36 155
36 156
36 158
36 159
36 163
36 165
36 172
36 175
36 176
36 179
36 180
36 184
36 186
36 189
36 196
36 198
36 197
37 38
37 39
37 40
37 41
37 42
37 43
37 44
37 45
37 46
37 47
37 48
37 49
37 50
37 51
37 52
37 53
37 54
37 55
37 56
37 57
37 58
37 59
37 61
37 62
37 63
37 64
37 65
37 66
37 67
37 68
37 69
37 71
37 72
37 73
37 76
37 78
37 79
37 81
37 82
37 83
37 84
37 86
37 87
37 88
37 89
37 90
37 91
37 93
37 96
37 98
37 99
37 101
37 102
37 103
37 110
37 113
37 114
37 115
37 116
37 118
37 120
37 122
37 124
37 126
37 127
37 130
37 132
37 134
37 136
37 137
37 138
37 139
37 146
37 147
37 149
37 151
37 153
37 157
37 159
37 160
37 162
37 164
37 167
37 168
37 169
37 170
37 172
37 177
37 182
37 185
37 189
37 192
37 196
37 199
38 39
38 40
38 41
38 42
38 43
38 44
38 45
38 46
38 47
38 48
38 49
38 50
38 51
38 52
38 53
38 54
38 55
38 56
38 57
38 58
38 59
38 60
38 61
38 62
38 64
38 65
38 66
38 69
38 70
38 73
38 74
38 75
38 76
38 77
38 78
38 79
38 81
38 83
38 85
38 86
38 87
38 90
38 93
38 94
38 95
38 96
38 101
38 103
38 104
38 105
38 108
38 110
38 111
38 112
38 114
38 117
38 118
38 120
38 122
38 125
38 127
38 128
38 129
38 134
38 136
38 137
38 138
38 148
38 149
38 150
38 156
38 157
38 158
38 161
38 162
38 176
38 178
38 183
38 184
38 194
38 195
38 196
38 198
38 199
38 38
39 40
39 41
39 42
39 43
39 44
39 45
39 46
39 47
39 48
39 49
39 50
39 52
39 53
39 54
39 55
39 56
39 57
39 58
39 59
39 60
39 61
39 62
39 63
39 64
39 65
39 67
39 68
39 72
39 73
39 74
39 75
39 76
39 78
39 79
39 80
39 84
39 87
39 88
39 89
39 90
39 91
39 92
39 93
39 94
39 97
39 98
39 101
39 106
39 107
39 109
39 112
39 113
39 116
39 117
39 118
39 119
39 120
39 121
39 125
39 126
39 130
39 132
39 135
39 138
39 139
39 143
39 145
39 151
39 152
39 153
39 157
39 159
39 160
39 162
39 163
39 164
39 165
39 166
39 172
39 173
39 175
39 177
39 178
39 179
39 182
39 183
39 187
39 190
39 191
39 192
39 193
39 196
40 41
40 42
40 43
40 44
40 45
40 46
40 47
40 48
40 49
40 50
40 51
40 52
40 53
40 54
40 56
40 57
40 58
40 59
40 60
40 62
40 63
40 64
40 65
40 66
40 67
40 68
40 69
40 71
40 72
40 73
40 75
40 76
40 78
40 79
40 80
40 81
40 83
40 84
40 85
40 86
40 87
40 91
40 92
40 94
40 95
40 97
40 98
40 100
40 102
40 108
40 109
40 114
40 115
40 119
40 120
40 128
40 133
40 134
40 139
40 140
40 142
40 143
40 147
40 152
40 153
40 154
40 155
40 160
40 161
40 167
40 170
40 173
40 176
40 179
40 180
40 181
40 183
40 185
40 188
40 189
40 190
40 194
40 197
40 199
40 129
41 42
41 43
41 44
41 45
41 46
41 48
41 49
41 50
41 51
41 52
41 53
41 54
41 55
41 56
41 57
41 58
41 62
41 63
41 65
41 66
41 67
41 68
41 70
41 72
41 73
41 74
41 75
41 77
41 78
41 80
41 81
41 84
41 85
41 87
41 88
41 89
41 91
41 93
41 95
41 96
41 97
41 98
41 99
41 100
41 101
41 102
41 104
41 107
41 108
41 109
41 111
41 112
41 114
41 118
41 120
41 123
41 125
41 126
41 130
41 131
41 132
41 139
41 141
41 142
41 143
41 145
41 146
41 147
41 151
41 154
41 162
41 163
41 164
41 165
41 166
41 173
41 176
41 183
41 186
41 187
41 188
41 190
41 192
41 195
41 196
41 124
42 43
42 44
42 45
42 46
42 47
42 48
42 49
42 50
42 51
42 52
42 53
42 54
42 55
42 56
42 57
42 58
42 59
42 60
42 62
42 63
42 64
42 65
42 66
42 67
42 69
42 70
42 71
42 72
42 75
42 76
42 77
42 78
42 79
42 80
42 81
42 84
42 85
42 86
42 87
42 88
42 89
42 90
42 92
42 93
42 95
42 96
42 97
42 101
42 102
42 106
42 107
42 108
42 109
42 110
42 112
42 113
42 115
42 116
42 117
42 118
42 119
42 125
42 126
42 131
42 133
42 134
42 136
42 138
42 139
42 144
42 147
42 150
42 151
42 156
42 158
42 161
42 163
42 164
42 166
42 170
42 171
42 172
42 173
42 175
42 177
42 179
42 181
42 183
42 184
42 185
42 187
42 190
42 191
42 195
42 197
42 198
42 199
42 160
43 44
43 45
43 46
43 47
43 48
43 49
43 50
43 51
43 52
43 53
43 54
43 55
43 56
43 57
43 58
43 59
43 61
43 63
43 64
43 66
43 67
43 68
43 69
43 71
43 72
43 74
43 75
43 77
43 78
43 79
43 80
43 82
43 83
43 85
43 86
43 87
43 91
43 92
43 93
43 96
43 97
43 98
43 100
43 101
43 103
43 106
43 107
43 108
43 109
43 111
43 113
43 117
43 118
43 119
43 122
43 123
43 126
43 127
43 128
43 129
43 130
43 131
43 136
43 137
43 138
43 142
43 144
43 150
43 153
43 159
43 161
43 163
43 164
43 165
43 166
43 167
43 168
43 169
43 171
43 174
43 181
43 183
43 188
43 189
43 190
43 193
43 197
44 45
44 46
44 47
44 48
44 49
44 50
44 51
44 52
44 53
44 54
44 55
44 56
44 59
44 61
44 62
44 63
44 64
44 66
44 68
44 69
44 71
44 72
44 73
44 74
44 75
44 77
44 78
44 80
44 81
44 82
44 83
44 84
44 90
44 91
44 93
44 95
44 96
44 101
44 105
44 109
44 110
44 111
44 113
44 115
44 118
44 122
44 125
44 127
44 128
44 129
44 132
44 134
44 137
44 139
44 144
44 147
44 151
44 153
44 154
44 164
44 170
44 172
44 174
44 178
44 180
44 184
44 186
44 188
44 193
44 195
44 196
44 198
44 121
45 46
45 47
45 48
45 49
45 50
45 51
45 53
45 54
45 55
45 56
45 57
45 60
45 61
45 62
45 63
45 64
45 65
45 66
45 67
45 68
45 69
45 72
45 73
45 75
45 76
45 83
45 84
45 86
45 87
45 88
45 91
45 93
45 99
45 100
45 102
45 104
45 106
45 107
45 108
45 109
45 110
45 111
45 114
45 115
45 117
45 118
45 119
45 120
45 123
45 124
45 127
45 131
45 132
45 133
45 134
45 135
45 138
45 140
45 149
45 153
45 161
45 169
45 171
45 172
45 174
45 176
45 179
45 186
45 187
45 188
45 192
45 197
45 198
45 199
46 47
46 48
46 49
46 50
46 51
46 52
46 53
46 54
46 55
46 56
46 57
46 58
46 59
46 60
46 61
46 62
46 63
46 66
46 67
46 68
46 69
46 70
46 72
46 73
46 74
46 75
46 76
46 84
46 86
46 87
46 88
46 89
46 90
46 91
46 92
46 95
46 99
46 100
46 101
46 102
46 105
46 109
46 110
46 112
46 114
46 117
46 120
46 122
46 124
46 125
46 126
46 136
46 140
46 141
46 144
46 148
46 152
46 153
46 154
46 155
46 156
46 157
46 158
46 160
46 161
46 164
46 166
46 169
46 170
46 171
46 173
46 176
46 190
46 192
46 196
46 198
46 119
47 48
47 49
47 50
47 51
47 52
47 53
47 54
47 55
47 56
47 57
47 58
47 59
47 61
47 62
47 63
47 65
47 66
47 67
47 68
47 69
47 70
47 71
47 73
47 74
47 75
47 76
47 78
47 79
47 82
47 83
47 84
47 85
47 86
47 89
47 90
47 91
47 92
47 96
47 98
47 102
47 103
47 104
47 108
47 110
47 112
47 113
47 118
47 120
47 121
47 122
47 123
47 124
47 130
47 131
47 133
47 138
47 139
47 140
47 141
47 143
47 144
47 145
47 146
47 147
47 148
47 149
47 152
47 156
47 162
47 166
47 167
47 175
47 178
47 180
47 185
47 187
47 191
47 192
47 194
47 197
47 198
48 49
48 50
48 51
48 53
48 54
48 55
48 56
48 57
48 59
48 60
48 61
48 62
48 63
48 65
48 66
48 67
48 69
48 71
48 72
48 74
48 75
48 80
48 81
48 82
48 83
48 84
48 86
48 88
48 90
48 91
48 94
48 96
48 100
48 102
48 103
48 106
48 113
48 126
48 127
48 128
48 134
48 136
48 140
48 144
48 147
48 148
48 154
48 155
48 162
48 164
48 166
48 168
48 169
48 172
48 174
48 178
48 179
48 180
48 182
48 188
48 192
48 193
48 195
48 197
48 198
49 50
49 51
49 52
49 53
49 54
49 55
49 56
49 57
49 58
49 59
49 61
49 63
49 65
49 68
49 69
49 70
49 72
49 73
49 74
49 75
49 77
49 81
49 82
49 87
49 88
49 92
49 95
49 97
49 98
49 99
49 103
49 104
49 105
49 108
49 110
49 112
49 116
49 117
49 121
49 122
49 124
49 134
49 140
49 141
49 143
49 147
49 148
49 149
49 150
49 151
49 161
49 167
49 168
49 170
49 171
49 187
49 190
49 191
49 195
49 197
49 198
49 199
49 142
50 52
50 53
50 54
50 55
50 56
50 58
50 59
50 60
50 61
50 62
50 63
50 64
50 65
50 67
50 68
50 69
50 70
50 71
50 72
50 73
50 74
50 75
50 76
50 78
50 79
50 80
50 86
50 89
50 90
50 91
50 92
50 93
50 94
50 95
50 96
50 97
50 99
50 101
50 104
50 105
50 111
50 112
50 113
50 114
50 116
50 119
50 125
50 128
50 131
50 133
50 139
50 142
50 144
50 146
50 147
50 148
50 149
50 150
50 151
50 152
50 153
50 155
50 162
50 172
50 176
50 177
50 178
50 180
50 184
50 185
50 186
50 195
50 197
50 198
51 52
51 53
51 54
51 56
51 57
51 60
51 61
51 62
51 65
51 66
51 67
51 68
51 69
51 70
51 71
51 72
51 73
51 74
51 75
51 77
51 81
51 82
51 83
51 84
51 86
51 87
51 88
51 90
51 93
51 95
51 96
51 97
51 102
51 104
51 107
51 111
51 113
51 116
51 117
51 119
51 125
51 126
51 127
51 131
51 132
51 139
51 140
51 141
51 142
51 144
51 145
51 149
51 158
51 159
51 163
51 165
51 168
51 170
51 173
51 176
51 189
51 190
51 191
51 192
51 193
51 195
51 199
51 198
52 53
52 54
52 59
52 60
52 61
52 62
52 63
52 64
52 65
52 67
52 68
52 69
52 71
52 73
52 74
52 75
52 76
52 77
52 78
52 80
52 82
52 84
52 86
52 87
52 88
52 89
52 91
52 92
52 94
52 95
52 97
52 98
52 100
52 102
52 104
52 105
52 106
52 107
52 108
52 111
52 112
52 116
52 117
52 121
52 122
52 124
52 125
52 128
52 132
52 138
52 139
52 142
52 144
52 145
52 147
52 148
52 152
52 156
52 162
52 163
52 164
52 165
52 166
52 168
52 170
52 171
52 183
52 185
52 187
52 190
52 191
52 194
52 196
52 198
52 199
52 172
53 54
53 55
53 56
53 57
53 60
53 61
53 64
53 65
53 66
53 67
53 69
53 70
53 73
53 77
53 79
53 81
53 82
53 84
53 85
53 88
53 89
53 91
53 93
53 94
53 97
53 104
53 105
53 108
53 114
53 116
53 117
53 118
53 119
53 120
53 121
53 131
53 136
53 138
53 139
53 140
53 141
53 145
53 146
53 148
53 153
53 160
53 161
53 164
53 185
53 188
53 191
53 196
53 175
54 55
54 56
54 59
54 60
54 61
54 62
54 65
54 66
54 69
54 72
54 75
54 76
54 79
54 80
54 83
54 84
54 85
54 87
54 89
54 90
54 91
54 97
54 100
54 102
54 104
54 107
54 108
54 114
54 117
54 120
54 122
54 123
54 128
54 130
54 131
54 133
54 134
54 135
54 136
54 137
54 140
54 141
54 142
54 144
54 145
54 146
54 147
54 154
54 155
54 158
54 163
54 164
54 165
54 171
54 182
54 183
54 188
54 189
54 101
55 56
55 57
55 58
55 59
55 60
55 62
55 64
55 67
55 68
55 69
55 70
55 71
55 72
55 74
55 76
55 77
55 78
55 81
55 83
55 85
55 86
55 87
55 88
55 90
55 92
55 93
55 94
55 96
55 99
55 101
55 102
55 104
55 105
55 107
55 109
55 110
55 113
55 115
55 118
55 120
55 124
55 125
55 126
55 127
55 129
55 131
55 135
55 136
55 138
55 139
55 144
55 148
55 150
55 151
55 153
55 154
55 156
55 158
55 159
55 162
55 163
55 166
55 167
55 168
55 171
55 180
55 181
55 183
55 184
55 195
56 57
56 58
56 61
56 62
56 63
56 64
56 65
56 66
56 67
56 68
56 69
56 70
56 71
56 72
56 73
56 74
56 75
56 77
56 79
56 81
56 83
56 84
56 85
56 87
56 88
56 90
56 93
56 95
56 98
56 104
56 105
56 106
56 109
56 110
56 111
56 115
56 117
56 120
56 121
56 124
56 129
56 130
56 131
56 136
56 140
56 144
56 148
56 149
56 152
56 156
56 157
56 158
56 162
56 166
56 167
56 178
56 179
56 181
56 183
56 184
56 186
56 187
56 189
56 193
56 194
57 58
57 60
57 61
57 62
57 63
57 64
57 67
57 68
57 69
57 70
57 71
57 72
57 73
57 74
57 75
57 78
57 79
57 80
57 81
57 82
57 83
57 85
57 87
57 91
57 93
57 94
57 102
57 106
57 108
57 109
57 111
57 112
57 113
57 115
57 132
57 133
57 135
57 139
57 142
57 146
57 147
57 150
57 151
57 152
57 154
57 156
57 159
57 163
57 165
57 166
57 172
57 177
57 179
57 181
57 182
57 183
57 184
57 187
57 192
57 193
57 195
57 199
58 59
58 60
58 61
58 62
58 63
58 64
58 65
58 66
58 67
58 69
58 70
58 71
58 72
58 75
58 76
58 77
58 78
58 79
58 80
58 82
58 86
58 94
58 95
58 96
58 97
58 98
58 99
58 105
58 110
58 111
58 113
58 114
58 115
58 118
58 119
58 120
58 121
58 122
58 127
58 131
58 133
58 134
58 137
58 138
58 141
58 142
58 146
58 150
58 151
58 153
58 154
58 156
58 160
58 162
58 165
58 168
58 171
58 177
58 187
58 188
58 190
58 192
58 193
58 102
59 61
59 62
59 63
59 65
59 66
59 67
59 70
59 71
59 72
59 73
59 74
59 75
59 77
59 78
59 79
59 81
59 82
59 83
59 86
59 89
59 90
59 94
59 95
59 96
59 99
59 103
59 106
59 109
59 110
59 111
59 112
59 114
59 115
59 117
59 118
59 119
59 122
59 126
59 127
59 128
59 132
59 137
59 139
59 140
59 141
59 144
59 145
59 149
59 150
59 152
59 153
59 154
59 155
59 158
59 159
59 164
59 167
59 170
59 171
59 180
59 181
59 185
59 186
59 188
59 191
59 194
59 195
59 196
60 62
60 63
60 64
60 66
60 67
60 70
60 71
60 72
60 73
60 74
60 77
60 79
60 81
60 82
60 83
60 85
60 87
60 88
60 89
60 90
60 91
60 92
60 93
60 94
60 105
60 106
60 107
60 116
60 117
60 120
60 123
60 124
60 125
60 130
60 133
60 134
60 136
60 140
60 154
60 162
60 169
60 173
60 174
60 180
60 183
60 188
60 193
61 62
61 63
61 65
61 67
61 69
61 70
61 71
61 72
61 74
61 75
61 81
61 82
61 84
61 85
61 89
61 92
61 94
61 95
61 96
61 97
61 99
61 100
61 101
61 107
61 113
61 118
61 121
61 125
61 128
61 129
61 131
61 132
61 133
61 137
61 139
61 140
61 143
61 144
61 150
61 151
61 154
61 156
61 169
61 171
61 172
61 177
61 178
61 192
61 193
61 194
61 198
62 63
62 64
62 65
62 67
62 68
62 69
62 70
62 71
62 72
62 74
62 75
62 76
62 79
62 80
62 81
62 82
62 83
62 84
62 85
62 89
62 90
62 93
62 94
62 95
62 100
62 102
62 103
62 104
62 105
62 108
62 109
62 110
62 111
62 113
62 114
62 115
62 120
62 121
62 124
62 129
62 131
62 139
62 141
62 142
62 143
62 150
62 158
62 161
62 163
62 166
62 169
62 170
62 171
62 175
62 179
62 180
62 181
62 185
62 193
62 182
63 64
63 66
63 67
63 70
63 71
63 73
63 74
63 75
63 76
63 79
63 84
63 90
63 92
63 93
63 95
63 96
63 99
63 100
63 101
63 103
63 106
63 108
63 109
63 119
63 121
63 122
63 123
63 126
63 131
63 138
63 141
63 143
63 151
63 155
63 157
63 165
63 182
63 183
63 190
63 191
64 65
64 66
64 67
64 68
64 69
64 71
64 73
64 76
64 77
64 78
64 79
64 80
64 81
64 83
64 86
64 87
64 93
64 94
64 96
64 97
64 101
64 102
64 103
64 105
64 107
64 108
64 110
64 113
64 114
64 116
64 119
64 120
64 121
64 125
64 126
64 129
64 131
64 132
64 133
64 135
64 141
64 143
64 148
64 152
64 153
64 155
64 165
64 167
64 170
64 184
64 192
64 194
65 66
65 67
65 70
65 71
65 72
65 73
65 75
65 80
65 82
65 84
65 87
65 90
65 91
65 93
65 95
65 96
65 98
65 99
65 100
65 102
65 103
65 104
65 110
65 111
65 112
65 113
65 114
65 123
65 124
65 128
65 131
65 134
65 135
65 136
65 138
65 143
65 146
65 154
65 155
65 162
65 167
65 168
65 170
65 171
65 172
65 174
65 182
65 183
65 184
65 185
65 140
66 67
66 68
66 70
66 71
66 73
66 74
66 76
66 81
66 84
66 86
66 89
66 92
66 95
66 97
66 98
66 99
66 100
66 101
66 105
66 107
66 115
66 118
66 121
66 123
66 124
66 125
66 128
66 129
66 131
66 142
66 147
66 159
66 161
66 165
66 168
66 169
66 173
66 177
66 179
66 180
66 187
66 190
66 195
66 197
66 198
67 68
67 69
67 70
67 71
67 72
67 73
67 76
67 79
67 80
67 82
67 84
67 86
67 88
67 94
67 96
67 102
67 105
67 107
67 109
67 111
67 116
67 125
67 126
67 133
67 137
67 141
67 144
67 149
67 156
67 157
67 160
67 162
67 164
67 168
67 170
67 171
67 174
67 178
67 179
67 182
67 184
67 188
67 192
67 196
67 198
68 70
68 71
68 73
68 74
68 77
68 79
68 80
68 82
68 86
68 98
68 99
68 113
68 114
68 117
68 119
68 121
68 122
68 125
68 128
68 134
68 137
68 139
68 143
68 146
68 148
68 153
68 155
68 161
68 170
68 173
68 177
68 184
68 185
68 186
68 197
69 70
69 72
69 73
69 76
69 78
69 80
69 81
69 82
69 85
69 86
69 89
69 90
69 91
69 92
69 93
69 96
69 99
69 105
69 106
69 107
69 108
69 110
69 111
69 114
69 115
69 116
69 118
69 119
69 122
69 129
69 130
69 133
69 141
69 142
69 144
69 145
69 146
69 149
69 151
69 152
69 158
69 159
69 163
69 167
69 172
69 173
69 176
69 177
69 180
69 181
69 183
69 184
69 188
69 194
70 72
70 74
70 78
70 79
70 80
70 81
70 83
70 85
70 89
70 92
70 94
70 96
70 98
70 99
70 101
70 108
70 109
70 117
70 118
70 121
70 127
70 128
70 129
70 130
70 134
70 135
70 136
70 137
70 142
70 150
70 151
70 157
70 163
70 164
70 165
70 167
70 168
70 172
70 179
70 181
70 185
70 186
70 188
70 195
71 73
71 76
71 78
71 79
71 80
71 83
71 85
71 92
71 93
71 96
71 101
71 102
71 103
71 107
71 109
71 112
71 122
71 127
71 128
71 130
71 139
71 143
71 147
71 154
71 157
71 158
71 165
71 168
71 169
71 170
71 175
71 178
71 181
71 183
71 193
71 196
72 74
72 79
72 80
72 81
72 83
72 85
72 86
72 87
72 88
72 91
72 92
72 94
72 96
72 97
72 98
72 100
72 102
72 103
72 104
72 105
72 110
72 112
72 113
72 116
72 121
72 122
72 124
72 125
72 127
72 132
72 133
72 137
72 138
72 145
72 147
72 148
72 152
72 163
72 168
72 169
72 170
72 171
72 173
72 175
72 177
72 184
72 185
72 186
72 189
72 193
72 196
72 165
73 81
73 83
73 85
73 88
73 89
73 91
73 92
73 98
73 103
73 105
73 107
73 109
73 111
73 113
73 117
73 119
73 120
73 122
73 123
73 127
73 132
73 136
73 141
73 150
73 151
73 155
73 160
73 161
73 164
73 165
73 167
73 169
73 170
73 171
73 176
73 180
73 186
73 187
73 197
74 75
74 77
74 78
74 81
74 86
74 87
74 91
74 99
74 101
74 102
74 106
74 114
74 119
74 121
74 126
74 128
74 130
74 139
74 146
74 154
74 158
74 166
74 168
74 172
74 173
74 186
74 194
75 76
75 77
75 78
75 80
75 83
75 91
75 92
75 93
75 95
75 96
75 99
75 100
75 102
75 103
75 105
75 116
75 121
75 123
75 125
75 128
75 129
75 135
75 136
75 138
75 139
75 147
75 148
75 149
75 151
75 153
75 155
75 157
75 158
75 170
75 173
75 176
75 180
75 190
75 198
76 79
76 80
76 82
76 92
76 94
76 104
76 106
76 107
76 110
76 120
76 133
76 136
76 139
76 140
76 146
76 147
76 149
76 153
76 154
76 158
76 166
76 168
76 170
76 178
76 186
76 189
77 81
77 82
77 83
77 85
77 87
77 89
77 90
77 93
77 94
77 97
77 98
77 101
77 103
77 105
77 111
77 112
77 113
77 123
77 135
77 137
77 141
77 144
77 145
77 147
77 150
77 152
77 153
77 155
77 160
77 169
77 172
77 178
77 185
77 196
77 197
77 198
78 79
78 83
78 84
78 85
78 89
78 90
78 91
78 92
78 94
78 95
78 98
78 99
78 101
78 103
78 104
78 108
78 110
78 111
78 115
78 116
78 117
78 122
78 128
78 129
78 136
78 138
78 143
78 144
78 145
78 150
78 151
78 154
78 165
78 168
78 170
78 173
78 175
78 177
78 183
78 186
78 192
78 194
78 197
78 162
79 81
79 82
79 83
79 85
79 86
79 87
79 89
79 91
79 100
79 106
79 107
79 108
79 110
79 116
79 120
79 121
79 124
79 127
79 128
79 129
79 130
79 131
79 137
79 138
79 140
79 141
79 146
79 159
79 171
79 182
79 192
79 199
80 82
80 83
80 84
80 85
80 86
80 89
80 92
80 94
80 99
80 100
80 105
80 115
80 116
80 122
80 124
80 126
80 134
80 136
80 143
80 145
80 148
80 155
80 171
80 177
80 180
80 181
80 188
80 190
80 197
80 198
81 85
81 88
81 90
81 92
81 93
81 94
81 95
81 97
81 101
81 103
81 105
81 106
81 108
81 109
81 114
81 116
81 117
81 119
81 121
81 129
81 131
81 134
81 140
81 143
81 148
81 155
81 156
81 160
81 165
81 169
81 172
81 179
81 188
81 190
81 199
81 173
82 84
82 85
82 86
82 89
82 91
82 93
82 98
82 99
82 101
82 102
82 103
82 104
82 110
82 112
82 113
82 114
82 116
82 118
82 126
82 136
82 138
82 140
82 142
82 147
82 149
82 157
82 158
82 163
82 167
82 169
82 170
82 171
82 173
82 178
82 179
82 193
82 195
82 199
83 84
83 85
83 95
83 103
83 104
83 105
83 110
83 112
83 114
83 116
83 120
83 123
83 136
83 137
83 141
83 144
83 145
83 151
83 158
83 165
83 167
83 180
83 193
83 92
84 85
84 88
84 91
84 97
84 98
84 101
84 104
84 106
84 107
84 115
84 116
84 117
84 118
84 123
84 134
84 136
84 138
84 143
84 153
84 160
84 161
84 165
84 167
84 171
84 180
84 186
84 192
84 141
85 88
85 90
85 93
85 95
85 96
85 98
85 100
85 101
85 104
85 109
85 110
85 112
85 115
85 116
85 119
85 121
85 122
85 124
85 130
85 131
85 132
85 137
85 138
85 146
85 147
85 149
85 152
85 154
85 163
85 164
85 166
85 170
85 175
85 182
85 191
85 195
85 186
85 97
86 89
86 90
86 93
86 95
86 103
86 107
86 109
86 112
86 113
86 115
86 117
86 119
86 120
86 123
86 124
86 127
86 129
86 135
86 136
86 137
86 139
86 148
86 153
86 155
86 156
86 159
86 168
86 174
86 178
86 179
87 91
87 94
87 95
87 97
87 98
87 99
87 101
87 102
87 103
87 104
87 108
87 109
87 115
87 123
87 131
87 135
87 155
87 160
87 162
87 167
87 184
87 185
87 187
87 190
87 195
87 198
87 126
88 93
88 95
88 102
88 103
88 111
88 115
88 118
88 119
88 124
88 128
88 130
88 142
88 144
88 151
88 166
88 168
88 176
88 179
88 182
88 184
88 187
88 192
88 193
88 196
89 95
89 100
89 104
89 105
89 106
89 111
89 113
89 114
89 117
89 143
89 147
89 152
89 156
89 159
89 166
89 174
89 175
89 183
89 189
89 191
89 195
90 94
90 97
90 100
90 105
90 107
90 109
90 111
90 112
90 113
90 114
90 116
90 121
90 123
90 124
90 128
90 133
90 139
90 140
90 141
90 144
90 147
90 151
90 156
90 157
90 159
90 162
90 165
90 166
90 167
90 169
90 175
90 176
90 178
90 193
90 195
90 199
91 92
91 97
91 99
91 100
91 104
91 108
91 110
91 111
91 112
91 117
91 119
91 120
91 129
91 133
91 135
91 139
91 140
91 142
91 159
91 166
91 170
91 171
91 179
91 180
91 190
91 192
91 199
92 96
92 103
92 106
92 117
92 122
92 124
92 125
92 126
92 135
92 141
92 144
92 146
92 147
92 148
92 152
92 161
92 165
92 180
92 187
93 99
93 103
93 104
93 105
93 108
93 111
93 112
93 114
93 115
93 116
93 124
93 125
93 126
93 128
93 134
93 135
93 137
93 140
93 142
93 148
93 153
93 156
93 157
93 168
93 169
93 170
93 173
93 174
93 176
93 181
93 183
93 184
93 186
93 187
93 189
93 193
93 194
93 198
93 199
94 95
94 96
94 98
94 99
94 107
94 112
94 113
94 118
94 123
94 124
94 134
94 138
94 144
94 146
94 147
94 148
94 155
94 163
94 166
94 171
94 175
94 179
94 192
94 196
94 197
95 97
95 99
95 101
95 105
95 113
95 116
95 117
95 118
95 125
95 129
95 133
95 144
95 149
95 151
95 153
95 157
95 161
95 166
95 175
95 177
95 186
95 195
95 199
96 97
96 99
96 100
96 103
96 106
96 109
96 110
96 115
96 116
96 119
96 120
96 124
96 145
96 147
96 149
96 152
96 153
96 156
96 161
96 162
96 167
96 172
96 179
96 189
96 191
96 195
96 197
97 99
97 101
97 106
97 112
97 113
97 114
97 118
97 120
97 121
97 127
97 133
97 148
97 150
97 153
97 161
97 164
97 166
97 167
97 175
97 184
97 188
97 189
97 191
97 199
97 135
98 107
98 110
98 113
98 116
98 117
98 124
98 126
98 131
98 138
98 155
98 156
98 159
98 173
98 175
98 181
98 182
98 188
98 189
98 192
98 193
99 101
99 102
99 104
99 105
99 115
99 127
99 128
99 130
99 133
99 141
99 152
99 156
99 160
99 162
99 170
99 174
99 176
99 184
99 189
99 198
100 101
100 103
100 104
100 106
100 107
100 119
100 123
100 125
100 130
100 132
100 134
100 136
100 137
100 141
100 142
100 146
100 147
100 157
100 160
100 171
100 172
100 177
100 179
100 191
100 195
100 199
101 105
101 107
101 127
101 129
101 131
101 134
101 144
101 151
101 163
101 164
101 166
101 175
101 178
101 179
101 186
101 187
101 199
102 106
102 107
102 117
102 118
102 119
102 120
102 121
102 122
102 124
102 126
102 131
102 132
102 133
102 137
102 138
102 143
102 145
102 146
102 155
102 160
102 161
102 166
102 169
102 174
102 175
102 184
102 134
103 107
103 114
103 119
103 122
103 126
103 127
103 129
103 133
103 134
103 140
103 150
103 152
103 154
103 155
103 158
103 172
103 174
103 176
103 177
103 178
103 179
103 185
103 190
103 195
104 109
104 114
104 126
104 132
104 134
104 135
104 150
104 154
104 157
104 164
104 165
104 166
104 177
104 178
104 188
104 191
105 110
105 111
105 121
105 123
105 127
105 129
105 132
105 133
105 136
105 144
105 145
105 150
105 155
105 160
105 168
105 186
105 190
105 192
105 194
105 196
105 199
106 107
106 110
106 111
106 114
106 115
106 119
106 123
106 138
106 147
106 150
106 151
106 157
106 162
106 164
106 165
106 169
106 171
106 173
106 175
106 179
106 181
106 183
106 197
107 111
107 112
107 122
107 127
107 132
107 133
107 140
107 141
107 143
107 149
107 158
107 165
107 176
107 179
107 181
107 186
107 194
108 111
108 117
108 118
108 119
108 120
108 125
108 129
108 130
108 135
108 137
108 147
108 150
108 159
108 161
108 162
108 174
108 184
108 190
108 194
109 110
109 111
109 114
109 115
109 118
109 119
109 122
109 125
109 130
109 138
109 141
109 155
109 158
109 180
109 187
109 191
109 192
109 193
109 198
110 111
110 122
110 123
110 124
110 127
110 130
110 132
110 134
110 135
110 139
110 140
110 143
110 150
110 154
110 156
110 157
110 159
110 171
110 172
110 173
110 183
110 186
110 190
110 196
110 199
111 116
111 117
111 126
111 127
111 129
111 130
111 134
111 138
111 142
111 145
111 155
111 156
111 166
111 167
111 170
111 174
111 176
111 185
111 187
111 197
112 115
112 125
112 127
112 129
112 132
112 142
112 148
112 153
112 156
112 162
112 169
112 174
112 184
112 185
112 192
112 193
112 194
112 198
113 114
113 116
113 119
113 121
113 123
113 126
113 127
113 131
113 135
113 141
113 142
113 143
113 145
113 149
113 154
113 161
113 162
113 184
113 199
114 118
114 125
114 126
114 144
114 154
114 161
114 165
114 170
114 180
114 181
114 187
114 191
115 120
115 121
115 123
115 125
115 140
115 146
115 148
115 152
115 165
115 176
115 187
115 189
116 122
116 123
116 129
116 131
116 132
116 135
116 143
116 147
116 148
116 182
116 187
116 188
117 121
117 124
117 135
117 136
117 142
117 150
117 152
117 156
117 157
117 161
117 187
117 190
117 191
118 121
118 123
118 125
118 130
118 134
118 137
118 138
118 143
118 154
118 157
118 159
118 167
118 173
118 181
118 186
118 193
119 123
119 126
119 133
119 138
119 143
119 146
119 150
119 151
119 152
119 154
119 161
119 164
119 169
119 171
119 173
119 174
119 176
119 182
119 185
119 189
119 190
120 121
120 127
120 129
120 135
120 139
120 140
120 155
120 157
120 170
120 191
120 192
121 124
121 126
121 129
121 130
121 133
121 135
121 137
121 145
121 147
121 148
121 174
121 176
121 182
121 189
121 188
121 199
122 126
122 127
122 129
122 133
122 140
122 142
122 147
122 157
122 162
122 165
122 168
122 169
122 174
122 177
122 181
122 185
122 188
122 195
123 127
123 129
123 130
123 145
123 148
123 150
123 155
123 159
123 164
123 168
123 175
123 178
123 181
123 182
123 198
124 126
124 134
124 138
124 148
124 150
124 154
124 158
124 161
124 170
124 176
124 185
124 191
124 192
124 180
125 128
125 131
125 134
125 135
125 136
125 137
125 140
125 146
125 148
125 163
125 169
125 182
125 190
125 196
125 198
126 128
126 131
126 133
126 147
126 149
126 153
126 155
126 158
126 160
126 161
126 165
126 172
126 176
126 177
126 183
126 185
126 187
127 129
127 130
127 131
127 138
127 142
127 145
127 146
127 153
127 171
127 173
127 178
127 179
127 183
127 194
128 132
128 138
128 154
128 156
128 158
128 159
128 162
128 163
128 169
128 188
129 133
129 137
129 139
129 157
129 164
129 166
129 172
129 173
129 175
129 176
129 177
129 179
129 183
129 191
129 196
130 139
130 150
130 151
130 170
130 174
130 178
130 186
130 194
130 199
131 132
131 133
131 141
131 143
131 147
131 151
131 152
131 163
131 173
131 198
132 141
132 143
132 152
132 161
132 167
132 169
132 181
132 195
133 145
133 149
133 160
133 161
133 165
133 178
133 184
134 136
134 139
134 140
134 158
134 169
134 175
134 185
134 190
134 194
134 195
135 137
135 159
135 162
135 168
135 177
135 178
135 191
135 196
135 199
136 137
136 141
136 144
136 151
136 153
136 169
136 191
137 157
137 189
137 190
137 191
137 199
138 149
138 152
138 156
138 157
138 158
138 160
138 163
138 175
138 182
138 187
138 189
138 196
139 145
139 146
139 159
139 160
139 164
139 165
139 177
139 182
139 188
139 194
139 197
140 146
140 151
140 160
140 161
140 163
140 172
140 173
140 174
140 177
140 184
140 185
140 186
140 188
140 193
140 198
141 148
141 156
141 182
141 189
141 192
142 145
142 148
142 158
142 160
142 167
142 172
142 185
143 154
143 158
143 187
143 189
143 190
143 197
144 156
144 160
144 180
144 186
144 194
145 150
145 152
145 155
145 160
145 174
145 189
145 193
145 194
146 149
146 151
146 157
146 161
146 169
146 171
146 178
146 190
146 183
147 149
147 152
147 154
147 156
147 159
147 172
147 181
147 182
147 185
147 189
147 193
147 195
147 196
148 169
148 178
149 150
149 151
149 153
149 160
149 163
149 166
149 167
149 173
149 188
149 189
150 154
150 157
150 161
150 162
150 164
150 168
150 177
150 178
150 180
150 181
150 185
150 187
150 193
150 197
150 199
151 153
151 164
151 167
151 172
151 174
151 183
151 194
152 155
152 158
152 163
152 178
152 185
152 196
153 156
153 161
153 163
153 180
153 185
153 186
153 192
153 197
154 162
154 164
154 166
154 174
154 180
154 181
154 182
154 188
154 189
154 195
155 158
155 164
155 165
155 169
155 172
155 176
155 177
155 180
155 184
156 158
156 163
156 178
156 186
157 159
157 160
157 164
157 168
157 171
157 172
157 175
157 180
157 181
157 188
157 189
157 192
157 196
158 159
158 169
158 175
158 183
158 184
158 188
159 162
159 163
159 174
159 176
159 185
159 190
159 198
160 173
160 174
160 191
160 197
161 166
161 167
161 174
161 175
161 184
161 193
161 194
162 167
162 173
162 195
163 181
163 188
163 191
163 192
163 193
164 165
164 181
164 183
165 172
165 175
165 181
165 184
165 190
165 195
165 196
167 177
168 177
168 178
168 182
168 195
168 197
169 186
169 191
170 176
170 177
170 182
170 194
172 182
172 190
172 194
172 197
173 183
173 195
173 198
174 178
174 192
174 198
175 180
175 181
175 182
175 183
175 186
175 187
175 196
175 197
176 177
176 181
176 183
176 195
177 188
177 192
177 195
177 196
177 178
178 191
178 197
179 182
179 191
179 197
180 182
180 184
180 196
181 197
181 199
182 189
182 199
183 185
185 189
185 193
186 194
186 198
187 188
187 190
189 191
190 196
191 195
192 196
193 197
194 196