139268051
11
200
2227
0 11
0 12
0 13
0 14
0 15
0 16
0 17
0 18
0 19
0 20
0 23
0 25
0 34
0 38
0 45
0 47
0 49
0 50
0 52
0 53
0 54
0 73
0 80
0 89
0 90
0 102
0 108
0 122
0 124
0 143
0 146
0 171
0 192
0 196
0 198
0 21
0 154
1 11
1 12
1 13
1 15
1 16
1 17
1 39
1 48
1 82
1 101
1 102
1 113
1 115
1 138
1 139
1 9
1 125
2 11
2 12
2 14
2 15
2 16
2 17
2 19
2 20
2 22
2 24
2 35
2 48
2 54
2 56
2 58
2 62
2 69
2 70
2 79
2 81
2 83
2 87
2 98
2 114
2 117
2 145
2 148
2 168
2 174
2 186
2 191
2 192
2 172
2 121
3 11
3 12
3 13
3 14
3 17
3 18
3 24
3 27
3 28
3 29
3 33
3 35
3 97
3 100
3 101
3 102
3 114
3 120
3 126
3 194
4 11
4 12
4 13
4 14
4 16
4 17
4 18
4 19
4 25
4 26
4 28
4 29
4 30
4 31
4 34
4 38
4 39
4 40
4 41
4 57
4 62
4 73
4 76
4 77
4 84
4 92
4 110
4 135
4 136
4 147
4 150
4 175
4 181
4 183
4 52
4 173
5 11
5 13
5 15
5 16
5 17
5 18
5 20
5 21
5 24
5 25
5 26
5 28
5 31
5 34
5 43
5 45
5 46
5 49
5 52
5 54
5 56
5 58
5 60
5 68
5 70
5 77
5 78
5 80
5 83
5 85
5 87
5 94
5 98
5 101
5 105
5 111
5 112
5 114
5 117
5 132
5 135
5 137
5 144
5 145
5 146
5 148
5 155
5 174
5 183
5 142
5 89
6 11
6 12
6 13
6 14
6 15
6 20
6 25
6 26
6 29
6 43
6 44
6 48
6 52
6 106
6 121
6 173
6 174
6 199
6 154
6 97
7 11
7 12
7 13
7 14
7 17
7 21
7 22
7 26
7 34
7 47
7 67
7 68
7 74
7 151
7 160
7 161
7 119
8 11
8 12
8 14
8 23
8 28
8 31
8 36
8 82
8 91
8 96
8 178
8 198
8 199
8 177
9 11
9 12
9 13
9 14
9 15
9 16
9 17
9 18
9 19
9 20
9 21
9 24
9 29
9 32
9 33
9 40
9 42
9 48
9 52
9 53
9 55
9 58
9 59
9 67
9 82
9 86
9 88
9 89
9 94
9 96
9 103
9 111
9 113
9 117
9 129
9 155
9 177
9 193
9 81
9 68
9 98
10 11
10 12
10 13
10 15
10 16
10 22
10 30
10 48
10 49
10 53
10 56
10 84
10 93
10 123
10 143
10 166
10 175
10 178
10 185
10 46
11 12
11 13
11 14
11 15
11 16
11 18
11 19
11 21
11 22
11 23
11 24
11 25
11 27
11 30
11 31
11 32
11 34
11 35
11 36
11 37
11 38
11 39
11 40
11 41
11 43
11 44
11 45
11 46
11 48
11 50
11 52
11 53
11 57
11 59
11 63
11 66
11 67
11 70
11 75
11 78
11 81
11 82
11 88
11 97
11 99
11 105
11 108
11 110
11 116
11 117
11 118
11 125
11 128
11 132
11 138
11 139
11 142
11 145
11 152
11 153
11 156
11 158
11 161
11 170
11 171
11 174
11 177
11 179
11 190
11 197
12 13
12 14
12 15
12 16
12 17
12 18
12 19
12 20
12 21
12 22
12 23
12 25
12 28
12 30
12 31
12 35
12 36
12 38
12 44
12 47
12 50
12 51
12 54
12 57
12 69
12 72
12 89
12 93
12 101
12 105
12 114
12 116
12 120
12 122
12 127
12 131
12 133
12 136
12 144
12 146
12 147
12 155
12 156
12 157
12 163
12 170
12 177
12 178
12 196
12 62
12 113
13 14
13 15
13 17
13 18
13 19
13 20
13 21
13 22
13 23
13 24
13 26
13 27
13 28
13 29
13 32
13 33
13 37
13 38
13 39
13 42
13 43
13 44
13 45
13 47
13 49
13 50
13 52
13 53
13 56
13 57
13 58
13 59
13 61
13 63
13 65
13 66
13 67
13 68
13 73
13 75
13 76
13 80
13 81
13 82
13 83
13 84
13 85
13 88
13 91
13 98
13 99
13 102
13 115
13 117
13 121
13 122
13 123
13 124
13 125
13 131
13 135
13 141
13 142
13 147
13 155
13 156
13 162
13 175
13 176
13 183
13 184
13 186
13 190
13 191
13 193
13 151
13 72
13 132
13 137
13 138
13 140
14 15
14 16
14 18
14 19
14 20
14 21
14 22
14 23
14 29
14 31
14 33
14 34
14 37
14 38
14 39
14 40
14 43
14 44
14 47
14 51
14 53
14 54
14 55
14 59
14 60
14 61
14 66
14 68
14 72
14 74
14 76
14 83
14 84
14 85
14 97
14 100
14 107
14 109
14 114
14 121
14 128
14 129
14 141
14 142
14 144
14 149
14 163
14 166
14 168
14 169
14 170
14 171
14 175
14 181
14 187
14 193
14 197
15 16
15 19
15 21
15 23
15 25
15 27
15 29
15 30
15 31
15 32
15 33
15 34
15 35
15 36
15 39
15 41
15 43
15 45
15 46
15 49
15 50
15 53
15 55
15 58
15 63
15 64
15 71
15 76
15 77
15 79
15 81
15 85
15 87
15 88
15 90
15 97
15 103
15 106
15 107
15 127
15 129
15 136
15 138
15 139
15 141
15 145
15 146
15 147
15 149
15 157
15 160
15 164
15 165
15 169
15 182
15 130
15 20
16 17
16 18
16 26
16 27
16 28
16 29
16 30
16 31
16 32
16 38
16 39
16 43
16 44
16 45
16 47
16 52
16 54
16 55
16 57
16 61
16 63
16 64
16 70
16 75
16 76
16 79
16 83
16 84
16 95
16 103
16 106
16 112
16 113
16 114
16 115
16 116
16 119
16 125
16 136
16 137
16 138
16 145
16 149
16 150
16 161
16 162
16 163
16 165
16 167
16 172
16 186
16 191
16 197
16 85
16 41
16 77
16 101
16 174
17 18
17 19
17 20
17 22
17 23
17 24
17 25
17 26
17 32
17 34
17 38
17 40
17 41
17 42
17 45
17 46
17 50
17 55
17 57
17 62
17 64
17 66
17 69
17 70
17 73
17 77
17 79
17 80
17 92
17 94
17 97
17 99
17 108
17 111
17 112
17 113
17 116
17 124
17 127
17 129
17 138
17 139
17 140
17 141
17 152
17 153
17 154
17 157
17 171
17 189
17 199
17 98
17 84
17 85
18 19
18 20
18 21
18 22
18 23
18 24
18 26
18 27
18 28
18 29
18 30
18 33
18 40
18 42
18 50
18 51
18 52
18 57
18 58
18 63
18 64
18 65
18 70
18 73
18 78
18 80
18 82
18 86
18 89
18 105
18 112
18 128
18 130
18 132
18 143
18 146
18 151
18 181
18 189
18 197
18 59
18 114
19 20
19 21
19 22
19 23
19 25
19 27
19 30
19 31
19 36
19 37
19 40
19 41
19 42
19 47
19 56
19 57
19 59
19 62
19 68
19 71
19 72
19 74
19 77
19 78
19 83
19 86
19 93
19 96
19 98
19 99
19 100
19 102
19 105
19 107
19 108
19 122
19 124
19 130
19 134
19 137
19 150
19 151
19 153
19 157
19 180
19 185
19 195
19 65
19 66
20 21
20 24
20 26
20 28
20 37
20 40
20 42
20 44
20 46
20 50
20 51
20 55
20 57
20 60
20 66
20 71
20 74
20 79
20 81
20 82
20 85
20 87
20 89
20 90
20 95
20 99
20 105
20 107
20 108
20 115
20 117
20 120
20 121
20 124
20 127
20 128
20 130
20 139
20 141
20 142
20 148
20 150
20 153
20 159
20 160
20 161
20 167
20 171
20 174
20 176
20 178
20 188
20 191
20 192
20 193
20 195
20 92
20 163
21 22
21 24
21 25
21 26
21 27
21 29
21 32
21 33
21 35
21 39
21 42
21 51
21 60
21 62
21 66
21 71
21 72
21 75
21 80
21 83
21 87
21 96
21 103
21 109
21 113
21 123
21 153
21 156
21 159
21 161
21 164
21 168
21 199
21 149
21 64
21 162
22 23
22 27
22 29
22 32
22 35
22 45
22 46
22 49
22 50
22 64
22 65
22 66
22 67
22 68
22 72
22 76
22 78
22 81
22 95
22 104
22 109
22 118
22 131
22 143
22 150
22 155
22 160
22 163
22 178
22 188
22 120
23 24
23 25
23 26
23 27
23 32
23 36
23 38
23 39
23 42
23 44
23 45
23 47
23 56
23 58
23 63
23 65
23 70
23 71
23 82
23 84
23 93
23 94
23 95
23 96
23 102
23 110
23 111
23 113
23 114
23 131
23 139
23 146
23 157
23 163
23 164
23 165
23 172
23 173
23 174
23 181
23 189
23 191
23 53
23 51
23 88
23 145
23 194
24 27
24 30
24 33
24 34
24 35
24 36
24 48
24 55
24 78
24 93
24 96
24 97
24 101
24 131
24 133
24 157
24 172
24 174
24 182
24 191
24 198
24 184
24 186
25 28
25 30
25 33
25 37
25 40
25 41
25 61
25 75
25 84
25 95
25 99
25 125
25 132
25 144
25 145
25 174
25 189
25 184
25 63
26 35
26 37
26 45
26 48
26 60
26 67
26 69
26 71
26 72
26 76
26 84
26 86
26 88
26 91
26 101
26 110
26 123
26 152
26 159
26 166
26 168
26 181
26 190
26 65
27 28
27 31
27 34
27 35
27 37
27 51
27 53
27 54
27 55
27 60
27 62
27 66
27 72
27 77
27 79
27 80
27 85
27 86
27 90
27 91
27 110
27 111
27 122
27 133
27 134
27 154
27 156
27 158
27 176
27 192
27 198
28 30
28 35
28 36
28 43
28 45
28 46
28 48
28 51
28 52
28 53
28 59
28 60
28 65
28 68
28 72
28 78
28 80
28 84
28 86
28 91
28 103
28 119
28 135
28 136
28 151
28 164
28 165
28 186
28 187
28 61
28 130
29 41
29 51
29 54
29 57
29 62
29 68
29 69
29 119
29 120
29 131
29 132
29 138
29 141
29 100
30 31
30 32
30 33
30 34
30 36
30 37
30 40
30 41
30 47
30 51
30 61
30 64
30 73
30 78
30 81
30 92
30 94
30 99
30 111
30 112
30 118
30 123
30 127
30 133
30 134
30 136
30 137
30 138
30 146
30 155
30 161
30 170
30 171
30 187
30 54
30 141
31 32
31 33
31 36
31 38
31 42
31 44
31 49
31 52
31 55
31 56
31 62
31 63
31 69
31 76
31 77
31 80
31 85
31 88
31 92
31 99
31 104
31 109
31 114
31 126
31 131
31 143
31 148
31 154
31 160
31 165
31 166
31 179
31 186
31 188
31 190
31 197
31 61
31 129
32 37
32 39
32 42
32 46
32 47
32 49
32 51
32 54
32 65
32 67
32 74
32 75
32 91
32 98
32 110
32 129
32 139
32 140
32 172
32 173
32 174
32 182
32 189
32 199
32 87
32 177
33 36
33 37
33 38
33 54
33 60
33 64
33 86
33 88
33 108
33 117
33 125
33 127
33 134
33 142
33 143
33 148
33 194
33 199
34 41
34 48
34 52
34 53
34 57
34 59
34 63
34 66
34 70
34 82
34 88
34 89
34 94
34 97
34 121
34 140
34 164
34 177
34 190
34 198
35 41
35 42
35 43
35 49
35 55
35 56
35 60
35 69
35 76
35 93
35 106
35 125
35 157
35 196
35 136
35 187
36 39
36 55
36 73
36 106
36 108
36 116
36 121
36 123
36 125
36 139
36 163
36 170
36 110
37 41
37 43
37 67
37 74
37 101
37 118
37 142
37 172
37 173
37 191
37 107
38 43
38 54
38 56
38 60
38 77
38 80
38 83
38 90
38 103
38 107
38 121
38 130
38 138
38 149
38 159
38 169
38 173
38 183
38 99
38 190
39 40
39 44
39 46
39 60
39 64
39 90
39 104
39 112
39 122
39 133
39 140
39 143
39 151
39 156
39 158
39 159
39 163
39 183
39 187
39 199
39 126
39 123
40 46
40 49
40 69
40 77
40 79
40 84
40 101
40 116
40 120
40 123
40 135
40 136
40 146
40 147
40 178
40 196
40 198
40 50
40 156
41 49
41 59
41 79
41 92
41 112
41 124
41 126
41 131
41 132
41 134
41 149
41 154
41 159
42 44
42 48
42 51
42 65
42 70
42 74
42 87
42 89
42 90
42 93
42 100
42 110
42 115
42 116
42 128
42 129
42 138
42 144
42 156
42 165
42 175
42 181
42 192
42 195
42 141
42 86
43 46
43 50
43 62
43 63
43 85
43 94
43 99
43 103
43 108
43 115
43 117
43 130
43 137
43 143
43 145
43 146
43 193
43 90
44 47
44 65
44 75
44 78
44 86
44 91
44 93
44 100
44 153
44 163
44 192
44 145
44 143
45 50
45 53
45 67
45 74
45 98
45 142
45 190
45 179
46 59
46 71
46 79
46 83
46 85
46 95
46 104
46 172
46 178
46 187
47 61
47 63
47 64
47 76
47 81
47 107
47 129
47 133
47 134
47 153
47 159
47 160
47 161
47 178
47 184
47 185
47 189
47 52
48 81
48 100
48 102
48 104
48 105
48 109
48 119
48 124
48 128
48 154
48 157
48 171
48 180
48 189
48 199
48 149
48 70
48 126
49 61
49 82
49 88
49 92
49 93
49 112
49 140
49 150
49 166
49 174
49 186
49 197
50 61
50 67
50 73
50 75
50 78
50 99
50 102
50 108
50 126
50 130
50 132
50 135
50 166
50 185
50 193
50 194
50 195
50 98
51 59
51 65
51 81
51 89
51 149
51 151
51 161
52 78
52 96
52 158
52 194
52 74
52 108
53 56
53 58
53 59
53 62
53 66
53 74
53 90
53 109
53 110
53 111
53 144
53 148
53 168
53 170
53 176
53 179
53 183
53 134
53 60
54 56
54 64
54 69
54 73
54 87
54 105
54 107
54 109
54 116
54 122
54 129
54 133
54 144
54 155
54 164
54 180
54 188
54 194
55 58
55 61
55 71
55 74
55 77
55 97
55 104
55 116
55 120
55 129
55 131
55 151
55 164
55 165
55 192
55 194
55 140
55 180
56 58
56 65
56 79
56 87
56 95
56 107
56 124
56 128
56 130
56 135
56 138
56 141
56 147
56 149
56 194
56 102
56 164
56 197
57 58
57 61
57 62
57 64
57 69
57 89
57 93
57 94
57 100
57 106
57 115
57 117
57 119
57 120
57 162
57 108
58 68
58 70
58 91
58 96
58 98
58 125
58 126
58 134
58 140
58 152
58 153
58 181
58 80
59 61
59 67
59 71
59 72
59 86
59 98
59 109
59 120
59 122
59 130
59 142
59 160
59 167
59 180
59 196
59 198
60 63
60 71
60 72
60 84
60 95
60 103
60 130
60 134
60 144
60 162
60 188
60 111
60 135
61 66
61 68
61 75
61 95
61 100
61 102
61 103
61 109
61 118
61 169
61 172
61 179
61 65
62 65
62 76
62 106
62 107
62 118
62 123
62 128
62 158
62 165
62 167
62 179
62 178
63 68
63 85
63 87
63 104
63 141
63 151
63 175
63 180
63 184
64 125
64 169
64 185
64 186
65 69
65 90
65 91
65 96
65 113
65 114
65 119
65 121
65 125
65 159
65 177
65 179
65 184
65 150
66 71
66 72
66 73
66 94
66 96
66 139
66 145
66 154
67 133
67 154
67 199
68 70
68 87
68 89
68 92
68 105
68 111
68 118
68 122
68 126
68 145
68 158
68 175
68 178
68 79
69 73
69 75
69 85
69 107
69 147
69 155
69 163
69 184
69 186
70 86
70 106
70 129
70 151
70 164
70 168
70 185
71 75
71 90
71 92
71 106
71 127
71 162
71 166
71 169
71 188
71 190
71 142
72 101
72 102
72 106
72 120
72 121
72 137
72 140
72 143
72 147
72 174
73 74
73 77
73 82
73 83
73 88
73 116
73 129
73 132
73 161
73 162
73 167
74 90
74 124
74 127
74 145
74 178
74 182
74 183
74 133
75 79
75 92
75 101
75 109
75 138
75 140
75 144
75 153
75 173
75 175
76 80
76 98
76 118
76 158
76 163
76 164
76 166
76 173
76 176
76 179
76 191
77 91
77 110
77 114
77 168
78 96
78 98
78 100
78 103
78 112
78 133
78 135
78 152
78 171
78 123
78 147
78 149
79 81
79 97
79 109
79 132
79 136
79 143
79 172
79 176
80 97
80 121
80 152
80 180
80 182
80 90
81 88
81 89
81 92
81 100
81 152
82 83
82 92
82 115
82 116
82 124
82 132
82 178
82 187
82 190
82 197
82 126
82 96
83 93
83 105
83 119
83 128
83 136
83 140
83 191
84 87
84 91
84 156
84 162
84 176
84 194
84 198
85 86
85 108
85 118
85 151
85 155
85 179
85 187
85 195
86 104
86 113
86 118
86 154
86 156
86 190
86 192
86 195
87 94
87 98
87 102
87 113
87 140
87 160
87 161
87 176
87 107
88 95
88 141
88 158
88 189
88 198
88 176
89 111
89 113
89 126
89 127
89 141
89 142
89 187
89 188
89 193
90 94
90 101
90 104
90 107
90 150
90 152
90 167
90 169
90 179
90 182
90 192
91 158
91 183
91 143
91 155
92 97
92 103
92 104
92 108
92 111
92 120
92 153
92 165
93 95
93 99
93 100
93 110
93 115
93 136
93 168
93 193
93 125
94 104
94 105
94 111
94 112
94 115
94 119
94 142
94 162
94 164
94 140
95 110
95 126
95 127
95 130
95 184
95 185
95 188
95 189
95 175
96 184
97 113
97 120
97 146
97 185
98 119
98 122
98 130
98 154
98 157
98 181
98 185
99 114
99 121
99 123
99 125
99 150
99 167
99 169
99 177
99 183
99 199
100 117
100 123
100 170
101 126
101 127
101 137
101 162
101 192
102 122
102 151
102 176
102 182
103 106
103 128
103 182
103 178
104 112
104 162
104 190
105 140
105 147
105 182
105 189
105 198
106 137
106 155
106 185
106 187
107 134
107 145
107 148
107 158
107 176
107 193
107 161
107 198
108 119
108 126
108 172
108 181
109 123
109 124
109 133
109 189
109 199
109 168
110 134
110 158
110 183
111 115
111 133
111 169
111 186
112 118
112 159
112 195
112 135
113 155
113 180
113 189
114 117
114 119
114 135
114 153
114 186
114 187
115 132
115 156
115 195
115 189
116 135
116 150
116 173
116 186
116 116
117 137
117 150
117 156
118 170
119 126
119 149
119 196
119 124
119 172
119 192
121 137
121 160
122 159
123 131
123 163
123 173
123 180
123 194
124 128
124 177
125 168
125 197
126 141
126 146
126 148
126 149
126 152
126 179
127 131
127 135
127 160
127 173
128 142
128 180
128 184
128 187
128 129
129 134
129 136
129 143
129 165
130 139
130 144
130 161
131 148
131 149
131 162
131 167
131 169
132 137
132 139
132 166
132 183
133 147
133 157
133 164
133 172
133 195
134 186
135 154
135 166
135 175
135 177
135 182
136 150
136 152
137 148
137 149
137 157
137 175
137 188
137 192
138 180
138 196
139 144
139 160
140 168
140 173
140 177
140 180
140 194
141 165
141 184
142 148
142 191
142 196
143 147
144 193
145 193
145 184
146 182
147 152
147 171
147 179
147 184
148 197
149 160
149 168
149 196
151 167
151 168
152 154
152 184
153 171
153 177
154 191
155 159
155 170
155 196
155 199
156 166
156 167
156 188
157 163
157 171
158 170
158 176
158 181
158 168
160 172
161 167
161 175
161 190
162 185
162 195
164 170
164 191
164 194
164 196
165 182
165 185
166 167
166 168
167 181
168 169
168 177
169 171
170 199
172 196
176 195
177 188
180 194
181 197
182 184
186 188
191 198
194 197