901647583
24
200
4255
0 24
0 25
0 26
0 27
0 28
0 29
0 30
0 31
0 33
0 34
0 36
0 37
0 38
0 40
0 42
0 43
0 45
0 47
0 48
0 49
0 50
0 51
0 52
0 53
0 54
0 55
0 57
0 59
0 61
0 63
0 67
0 70
0 74
0 79
0 84
0 88
0 90
0 94
0 101
0 102
0 103
0 104
0 105
0 111
0 115
0 118
0 119
0 122
0 125
0 126
0 127
0 131
0 140
0 141
0 143
0 147
0 163
0 164
0 180
0 181
0 187
0 189
0 192
0 195
1 24
1 25
1 26
1 27
1 28
1 30
1 31
1 32
1 33
1 34
1 36
1 39
1 41
1 47
1 48
1 49
1 50
1 53
1 59
1 60
1 62
1 66
1 73
1 74
1 78
1 81
1 82
1 84
1 90
1 94
1 96
1 97
1 98
1 105
1 106
1 108
1 113
1 124
1 128
1 144
1 148
1 149
1 155
1 160
1 167
1 183
1 46
1 127
2 24
2 25
2 26
2 27
2 28
2 29
2 30
2 31
2 32
2 34
2 37
2 39
2 40
2 41
2 42
2 47
2 51
2 52
2 59
2 71
2 72
2 79
2 82
2 87
2 93
2 95
2 98
2 100
2 101
2 105
2 106
2 111
2 115
2 116
2 119
2 125
2 133
2 134
2 135
2 139
2 142
2 154
2 160
2 173
2 175
2 186
2 194
3 24
3 25
3 26
3 27
3 28
3 29
3 30
3 31
3 33
3 34
3 35
3 37
3 40
3 44
3 46
3 47
3 50
3 51
3 55
3 60
3 61
3 64
3 75
3 80
3 84
3 87
3 89
3 96
3 111
3 118
3 121
3 131
3 134
3 136
3 150
3 152
3 159
3 167
3 168
3 197
3 198
3 199
4 24
4 25
4 26
4 27
4 28
4 29
4 30
4 31
4 32
4 34
4 35
4 36
4 38
4 39
4 46
4 47
4 50
4 52
4 53
4 54
4 55
4 56
4 59
4 62
4 63
4 65
4 68
4 69
4 76
4 79
4 81
4 83
4 90
4 92
4 93
4 99
4 100
4 102
4 105
4 115
4 118
4 122
4 125
4 126
4 128
4 133
4 146
4 151
4 152
4 154
4 161
4 164
4 166
4 168
4 170
4 192
4 197
5 24
5 25
5 26
5 27
5 28
5 30
5 31
5 32
5 33
5 35
5 36
5 37
5 38
5 39
5 40
5 43
5 44
5 45
5 48
5 50
5 51
5 57
5 58
5 61
5 62
5 65
5 67
5 69
5 72
5 76
5 87
5 91
5 93
5 97
5 104
5 106
5 109
5 111
5 113
5 119
5 134
5 139
5 150
5 158
5 162
5 168
5 177
5 183
5 192
5 196
5 15
6 24
6 25
6 26
6 27
6 29
6 30
6 31
6 32
6 33
6 37
6 38
6 39
6 41
6 42
6 43
6 44
6 46
6 47
6 49
6 51
6 54
6 55
6 59
6 63
6 64
6 65
6 66
6 67
6 69
6 76
6 78
6 83
6 85
6 87
6 99
6 102
6 117
6 131
6 136
6 139
6 140
6 144
6 145
6 153
6 158
6 162
6 167
6 175
6 177
6 183
6 190
6 196
7 24
7 25
7 28
7 33
7 42
7 46
7 47
7 56
7 57
7 58
7 92
7 104
7 158
7 175
7 116
8 24
8 25
8 26
8 27
8 28
8 29
8 30
8 31
8 32
8 34
8 35
8 36
8 38
8 39
8 40
8 41
8 42
8 44
8 45
8 48
8 50
8 51
8 56
8 58
8 68
8 72
8 73
8 76
8 80
8 81
8 82
8 83
8 90
8 96
8 99
8 101
8 108
8 109
8 111
8 118
8 120
8 124
8 133
8 143
8 144
8 150
8 164
8 165
8 168
8 174
8 175
8 181
8 185
8 190
8 192
8 194
9 24
9 25
9 43
9 67
9 92
9 147
9 161
9 175
10 24
10 25
10 26
10 27
10 30
10 31
10 32
10 34
10 35
10 36
10 37
10 38
10 44
10 46
10 48
10 52
10 53
10 64
10 65
10 66
10 83
10 86
10 88
10 89
10 91
10 93
10 95
10 96
10 106
10 108
10 110
10 113
10 129
10 141
10 152
10 154
10 174
10 175
10 179
10 192
10 197
11 24
11 25
11 26
11 27
11 28
11 29
11 31
11 33
11 35
11 38
11 39
11 41
11 42
11 43
11 44
11 49
11 51
11 54
11 61
11 66
11 67
11 72
11 74
11 84
11 86
11 88
11 92
11 93
11 103
11 117
11 124
11 131
11 132
11 137
11 138
11 171
11 176
11 192
11 193
11 194
11 195
11 45
12 24
12 25
12 26
12 27
12 28
12 29
12 30
12 32
12 46
12 47
12 52
12 54
12 62
12 69
12 73
12 79
12 114
12 129
12 144
12 155
12 161
12 164
12 168
12 188
13 24
13 25
13 26
13 27
13 28
13 29
13 30
13 31
13 32
13 33
13 38
13 39
13 40
13 51
13 57
13 58
13 65
13 70
13 80
13 81
13 83
13 104
13 110
13 122
13 126
13 127
13 132
13 143
13 162
13 169
13 175
13 185
13 176
14 24
14 25
14 26
14 27
14 28
14 29
14 32
14 33
14 34
14 41
14 42
14 45
14 50
14 52
14 57
14 64
14 68
14 69
14 72
14 73
14 80
14 81
14 86
14 87
14 88
14 95
14 101
14 105
14 109
14 111
14 112
14 113
14 118
14 121
14 122
14 126
14 129
14 131
14 134
14 137
14 149
14 157
14 158
14 166
14 176
14 186
14 193
14 35
15 24
15 25
15 26
15 27
15 28
15 29
15 30
15 31
15 32
15 33
15 34
15 35
15 36
15 37
15 39
15 40
15 42
15 43
15 44
15 45
15 46
15 48
15 50
15 53
15 56
15 63
15 64
15 65
15 66
15 68
15 73
15 76
15 82
15 101
15 103
15 121
15 125
15 127
15 130
15 135
15 137
15 143
15 146
15 147
15 148
15 155
15 158
15 161
15 163
15 172
15 186
15 189
15 194
15 195
15 199
16 24
16 25
16 26
16 27
16 28
16 29
16 31
16 32
16 33
16 34
16 35
16 37
16 41
16 46
16 49
16 51
16 55
16 59
16 62
16 64
16 65
16 68
16 72
16 76
16 77
16 83
16 87
16 88
16 94
16 98
16 100
16 105
16 109
16 111
16 116
16 117
16 121
16 130
16 134
16 140
16 143
16 145
16 166
16 171
16 195
16 199
16 144
16 89
17 24
17 25
17 26
17 27
17 28
17 29
17 30
17 32
17 33
17 34
17 35
17 36
17 42
17 43
17 45
17 56
17 58
17 61
17 77
17 78
17 92
17 100
17 104
17 112
17 125
17 135
17 136
17 137
17 145
17 148
17 155
17 159
17 161
17 162
17 180
17 184
17 186
17 193
18 24
18 26
18 29
18 30
18 31
18 33
18 35
18 40
18 43
18 47
18 49
18 54
18 77
18 79
18 80
18 105
18 106
18 114
18 116
18 126
18 146
18 154
18 162
18 171
18 183
18 112
19 24
19 25
19 26
19 27
19 28
19 29
19 31
19 36
19 37
19 41
19 42
19 44
19 48
19 49
19 55
19 59
19 63
19 72
19 75
19 76
19 80
19 83
19 84
19 85
19 89
19 90
19 96
19 97
19 98
19 99
19 109
19 132
19 135
19 138
19 142
19 146
19 152
19 153
19 162
19 174
19 175
19 192
19 198
19 199
19 126
20 24
20 25
20 26
20 27
20 28
20 29
20 30
20 31
20 32
20 33
20 34
20 35
20 36
20 37
20 38
20 40
20 42
20 44
20 45
20 46
20 48
20 49
20 52
20 54
20 55
20 57
20 58
20 60
20 61
20 65
20 69
20 70
20 73
20 74
20 75
20 76
20 78
20 80
20 85
20 89
20 90
20 91
20 92
20 101
20 102
20 106
20 108
20 109
20 120
20 121
20 123
20 124
20 131
20 133
20 139
20 142
20 143
20 150
20 155
20 158
20 159
20 165
20 167
20 170
20 177
20 188
20 197
20 198
21 24
21 25
21 26
21 27
21 28
21 29
21 30
21 32
21 33
21 34
21 35
21 36
21 37
21 38
21 40
21 42
21 43
21 44
21 50
21 51
21 55
21 61
21 71
21 72
21 76
21 77
21 81
21 106
21 107
21 123
21 124
21 125
21 126
21 128
21 130
21 142
21 144
21 154
21 163
21 167
21 171
21 175
21 177
21 182
21 186
21 187
21 192
21 199
22 24
22 25
22 26
22 27
22 28
22 29
22 30
22 31
22 32
22 34
22 35
22 36
22 37
22 38
22 43
22 45
22 46
22 52
22 54
22 55
22 64
22 65
22 67
22 71
22 74
22 78
22 80
22 92
22 94
22 97
22 106
22 119
22 123
22 127
22 132
22 142
22 150
22 153
22 154
22 157
22 161
22 166
22 169
22 170
22 171
22 182
23 24
23 25
23 26
23 27
23 28
23 29
23 30
23 36
23 38
23 41
23 44
23 46
23 49
23 51
23 53
23 57
23 60
23 71
23 72
23 76
23 93
23 98
23 99
23 103
23 114
23 115
23 119
23 124
23 128
23 135
23 141
23 145
23 147
23 162
23 167
23 175
23 185
23 189
23 196
23 199
23 121
24 25
24 26
24 27
24 28
24 29
24 30
24 31
24 32
24 33
24 34
24 35
24 36
24 37
24 38
24 39
24 40
24 41
24 43
24 44
24 45
24 46
24 47
24 48
24 49
24 50
24 51
24 53
24 56
24 57
24 59
24 62
24 63
24 64
24 65
24 66
24 67
24 68
24 69
24 70
24 71
24 72
24 73
24 74
24 75
24 78
24 81
24 82
24 83
24 85
24 86
24 88
24 90
24 92
24 93
24 98
24 100
24 105
24 106
24 115
24 116
24 117
24 121
24 123
24 127
24 128
24 132
24 139
24 140
24 151
24 154
24 156
24 157
24 159
24 160
24 165
24 167
24 171
24 174
24 177
24 178
24 180
24 182
24 183
24 184
24 186
24 187
24 188
24 190
24 191
24 196
25 26
25 27
25 28
25 29
25 30
25 31
25 32
25 33
25 34
25 35
25 36
25 38
25 39
25 40
25 41
25 42
25 43
25 44
25 45
25 46
25 47
25 48
25 50
25 51
25 52
25 53
25 54
25 56
25 58
25 60
25 61
25 62
25 63
25 65
25 70
25 72
25 76
25 77
25 83
25 91
25 92
25 94
25 95
25 96
25 100
25 101
25 105
25 110
25 111
25 113
25 116
25 118
25 120
25 121
25 122
25 132
25 134
25 143
25 144
25 145
25 146
25 147
25 149
25 151
25 158
25 160
25 164
25 168
25 169
25 170
25 173
25 175
25 184
25 187
25 189
25 197
25 80
25 159
26 27
26 28
26 29
26 30
26 31
26 32
26 33
26 34
26 35
26 36
26 37
26 38
26 39
26 40
26 41
26 42
26 43
26 44
26 47
26 48
26 49
26 50
26 53
26 56
26 59
26 60
26 62
26 63
26 66
26 69
26 70
26 71
26 75
26 77
26 79
26 80
26 81
26 85
26 88
26 89
26 94
26 95
26 97
26 99
26 102
26 104
26 107
26 108
26 109
26 111
26 116
26 120
26 122
26 123
26 129
26 131
26 132
26 133
26 134
26 140
26 145
26 155
26 157
26 159
26 168
26 172
26 179
26 186
26 187
26 188
26 191
26 194
26 196
26 198
27 28
27 29
27 30
27 31
27 32
27 33
27 34
27 35
27 36
27 37
27 38
27 39
27 40
27 41
27 43
27 44
27 45
27 46
27 47
27 48
27 49
27 50
27 52
27 54
27 55
27 57
27 58
27 61
27 62
27 63
27 64
27 65
27 66
27 67
27 68
27 70
27 72
27 74
27 75
27 80
27 81
27 85
27 86
27 89
27 96
27 98
27 99
27 103
27 104
27 106
27 109
27 113
27 115
27 116
27 118
27 119
27 122
27 127
27 129
27 130
27 133
27 134
27 135
27 138
27 139
27 140
27 142
27 143
27 144
27 145
27 149
27 151
27 154
27 157
27 158
27 160
27 163
27 164
27 167
27 170
27 177
27 181
27 182
27 191
27 193
27 195
27 196
27 198
28 29
28 30
28 31
28 32
28 33
28 34
28 35
28 36
28 37
28 38
28 39
28 40
28 41
28 42
28 45
28 46
28 47
28 48
28 50
28 51
28 52
28 53
28 55
28 56
28 59
28 60
28 62
28 65
28 66
28 67
28 68
28 69
28 71
28 74
28 76
28 77
28 79
28 81
28 83
28 84
28 85
28 87
28 88
28 90
28 91
28 92
28 100
28 103
28 104
28 105
28 106
28 109
28 111
28 112
28 113
28 115
28 117
28 118
28 124
28 125
28 128
28 130
28 133
28 134
28 135
28 145
28 150
28 151
28 156
28 157
28 158
28 162
28 165
28 167
28 169
28 176
28 178
28 180
28 181
28 186
28 188
28 190
28 197
28 199
29 30
29 31
29 32
29 33
29 34
29 35
29 36
29 37
29 38
29 39
29 40
29 41
29 42
29 43
29 44
29 45
29 46
29 47
29 48
29 49
29 50
29 52
29 53
29 55
29 58
29 59
29 60
29 61
29 63
29 66
29 69
29 74
29 75
29 76
29 77
29 78
29 80
29 84
29 85
29 88
29 89
29 91
29 94
29 95
29 100
29 101
29 107
29 117
29 118
29 119
29 120
29 122
29 126
29 127
29 130
29 136
29 137
29 150
29 151
29 156
29 158
29 164
29 172
29 177
29 184
29 185
29 190
29 195
29 196
29 198
29 135
30 31
30 32
30 33
30 34
30 35
30 36
30 37
30 38
30 39
30 40
30 42
30 43
30 45
30 46
30 47
30 49
30 51
30 52
30 53
30 54
30 58
30 59
30 61
30 63
30 67
30 69
30 70
30 71
30 73
30 74
30 78
30 79
30 84
30 88
30 90
30 92
30 95
30 96
30 98
30 100
30 101
30 104
30 109
30 111
30 117
30 118
30 119
30 122
30 124
30 126
30 129
30 130
30 132
30 133
30 136
30 137
30 138
30 144
30 145
30 152
30 157
30 158
30 160
30 164
30 168
30 176
30 180
30 183
30 184
30 185
30 189
30 193
30 196
31 32
31 33
31 34
31 35
31 36
31 37
31 38
31 39
31 40
31 41
31 42
31 44
31 45
31 49
31 50
31 51
31 52
31 53
31 54
31 56
31 58
31 59
31 60
31 63
31 66
31 68
31 69
31 70
31 71
31 72
31 76
31 77
31 78
31 84
31 85
31 86
31 87
31 88
31 89
31 90
31 91
31 93
31 98
31 104
31 105
31 107
31 110
31 117
31 126
31 129
31 133
31 136
31 137
31 139
31 140
31 143
31 144
31 146
31 148
31 150
31 153
31 160
31 163
31 166
31 168
31 170
31 172
31 178
31 182
31 187
31 188
31 189
31 196
31 197
31 198
32 33
32 34
32 35
32 36
32 37
32 39
32 40
32 41
32 42
32 43
32 44
32 45
32 46
32 47
32 49
32 50
32 52
32 53
32 54
32 55
32 56
32 57
32 60
32 61
32 66
32 70
32 73
32 75
32 82
32 85
32 88
32 89
32 90
32 91
32 95
32 96
32 97
32 98
32 99
32 100
32 101
32 106
32 108
32 109
32 117
32 123
32 124
32 129
32 130
32 132
32 139
32 144
32 148
32 153
32 155
32 156
32 157
32 163
32 165
32 166
32 173
32 180
32 181
32 182
32 189
32 192
32 197
32 198
33 34
33 35
33 36
33 37
33 38
33 39
33 40
33 41
33 42
33 43
33 45
33 47
33 53
33 55
33 56
33 57
33 58
33 59
33 60
33 64
33 65
33 66
33 67
33 68
33 74
33 76
33 77
33 78
33 79
33 80
33 81
33 85
33 87
33 92
33 93
33 94
33 95
33 96
33 97
33 98
33 99
33 101
33 102
33 104
33 110
33 111
33 114
33 117
33 120
33 121
33 127
33 129
33 130
33 132
33 133
33 135
33 140
33 146
33 148
33 149
33 150
33 154
33 155
33 163
33 164
33 165
33 167
33 169
33 176
33 177
33 181
33 190
33 192
33 198
34 35
34 36
34 37
34 38
34 39
34 40
34 41
34 42
34 43
34 45
34 47
34 48
34 49
34 50
34 52
34 53
34 55
34 56
34 58
34 59
34 60
34 61
34 62
34 64
34 68
34 70
34 72
34 73
34 74
34 75
34 76
34 79
34 83
34 85
34 87
34 88
34 94
34 97
34 98
34 102
34 106
34 107
34 108
34 117
34 119
34 121
34 125
34 126
34 129
34 132
34 133
34 142
34 143
34 145
34 147
34 152
34 154
34 156
34 157
34 166
34 169
34 173
34 176
34 177
34 180
34 185
34 191
34 199
35 37
35 38
35 39
35 41
35 44
35 45
35 46
35 47
35 48
35 53
35 54
35 57
35 59
35 60
35 62
35 64
35 65
35 66
35 69
35 71
35 73
35 74
35 75
35 76
35 78
35 79
35 80
35 85
35 86
35 87
35 88
35 89
35 93
35 96
35 98
35 102
35 106
35 108
35 112
35 115
35 117
35 123
35 126
35 128
35 133
35 134
35 140
35 142
35 144
35 148
35 149
35 152
35 154
35 159
35 160
35 166
35 167
35 168
35 171
35 174
35 175
35 180
35 181
35 183
35 184
35 188
35 197
35 198
35 199
36 37
36 38
36 39
36 40
36 41
36 42
36 43
36 44
36 46
36 48
36 49
36 50
36 51
36 56
36 58
36 59
36 60
36 61
36 65
36 67
36 68
36 69
36 70
36 71
36 74
36 79
36 82
36 83
36 85
36 91
36 95
36 98
36 100
36 101
36 107
36 108
36 110
36 113
36 115
36 118
36 120
36 121
36 122
36 128
36 130
36 137
36 140
36 141
36 147
36 156
36 157
36 161
36 170
36 172
36 181
36 183
36 185
36 188
36 191
37 39
37 40
37 42
37 44
37 45
37 48
37 49
37 50
37 51
37 52
37 53
37 54
37 55
37 56
37 57
37 58
37 60
37 61
37 62
37 64
37 65
37 67
37 73
37 77
37 78
37 79
37 84
37 87
37 90
37 91
37 94
37 95
37 98
37 99
37 103
37 109
37 112
37 113
37 115
37 116
37 120
37 122
37 126
37 132
37 135
37 138
37 139
37 141
37 145
37 147
37 154
37 156
37 159
37 160
37 162
37 169
37 172
37 174
37 175
37 176
37 177
37 178
37 179
37 180
37 183
37 198
38 39
38 40
38 41
38 43
38 44
38 45
38 46
38 48
38 49
38 50
38 51
38 52
38 54
38 55
38 56
38 57
38 59
38 62
38 65
38 66
38 67
38 68
38 71
38 72
38 73
38 76
38 79
38 80
38 82
38 84
38 89
38 91
38 94
38 99
38 103
38 108
38 113
38 116
38 123
38 124
38 126
38 128
38 130
38 132
38 136
38 138
38 141
38 144
38 149
38 159
38 161
38 164
38 168
38 173
38 177
38 182
38 188
38 192
38 193
38 194
39 41
39 43
39 45
39 47
39 48
39 52
39 54
39 55
39 56
39 58
39 63
39 67
39 68
39 69
39 70
39 75
39 76
39 77
39 83
39 86
39 88
39 91
39 95
39 102
39 103
39 111
39 115
39 116
39 124
39 125
39 132
39 133
39 142
39 143
39 151
39 160
39 162
39 173
39 178
39 196
40 41
40 46
40 49
40 51
40 53
40 54
40 55
40 56
40 58
40 59
40 63
40 66
40 75
40 77
40 78
40 80
40 81
40 86
40 93
40 111
40 112
40 116
40 121
40 129
40 131
40 132
40 137
40 138
40 140
40 145
40 151
40 152
40 153
40 157
40 159
40 161
40 164
40 168
40 176
40 181
40 182
40 190
40 197
40 91
41 42
41 43
41 45
41 48
41 49
41 50
41 51
41 53
41 54
41 57
41 59
41 60
41 63
41 64
41 66
41 68
41 73
41 74
41 76
41 77
41 80
41 82
41 84
41 85
41 86
41 89
41 91
41 92
41 93
41 97
41 98
41 102
41 105
41 111
41 112
41 117
41 123
41 125
41 126
41 127
41 134
41 144
41 146
41 161
41 173
41 178
41 184
41 190
41 191
41 193
41 78
42 43
42 44
42 52
42 53
42 54
42 55
42 56
42 60
42 63
42 65
42 70
42 75
42 83
42 90
42 91
42 92
42 93
42 94
42 97
42 98
42 101
42 102
42 103
42 107
42 109
42 110
42 117
42 118
42 122
42 127
42 129
42 131
42 141
42 143
42 147
42 157
42 160
42 161
42 173
42 175
42 180
42 182
42 184
42 187
42 191
43 44
43 47
43 49
43 50
43 52
43 56
43 57
43 60
43 62
43 72
43 76
43 78
43 84
43 86
43 90
43 91
43 94
43 96
43 99
43 102
43 107
43 110
43 111
43 113
43 114
43 116
43 126
43 145
43 148
43 165
43 173
43 174
43 176
43 187
44 45
44 46
44 47
44 51
44 52
44 54
44 57
44 58
44 67
44 73
44 74
44 75
44 76
44 78
44 80
44 81
44 82
44 86
44 88
44 94
44 95
44 99
44 100
44 110
44 111
44 112
44 113
44 120
44 125
44 134
44 137
44 143
44 148
44 150
44 152
44 157
44 158
44 163
44 164
44 171
44 174
44 175
44 177
44 178
44 180
44 185
44 186
44 192
44 198
44 65
45 46
45 48
45 50
45 52
45 55
45 56
45 57
45 58
45 59
45 62
45 64
45 66
45 67
45 70
45 71
45 73
45 75
45 79
45 80
45 82
45 83
45 84
45 87
45 89
45 93
45 94
45 95
45 97
45 98
45 99
45 103
45 105
45 107
45 111
45 114
45 115
45 119
45 130
45 131
45 135
45 137
45 138
45 140
45 142
45 143
45 147
45 153
45 156
45 161
45 163
45 166
45 170
45 173
45 186
45 187
45 194
45 196
45 198
45 184
46 47
46 48
46 53
46 54
46 57
46 60
46 63
46 66
46 68
46 74
46 83
46 85
46 87
46 89
46 92
46 95
46 97
46 101
46 103
46 111
46 113
46 114
46 117
46 119
46 131
46 132
46 136
46 140
46 141
46 152
46 153
46 155
46 164
46 165
46 172
46 174
46 180
46 193
47 48
47 49
47 52
47 53
47 55
47 56
47 57
47 61
47 65
47 69
47 71
47 73
47 77
47 79
47 82
47 94
47 100
47 103
47 104
47 131
47 135
47 140
47 142
47 147
47 150
47 154
47 156
47 171
47 175
47 178
47 183
47 187
47 189
47 195
48 51
48 54
48 55
48 57
48 58
48 61
48 63
48 64
48 67
48 69
48 71
48 72
48 73
48 75
48 76
48 78
48 85
48 86
48 92
48 96
48 101
48 105
48 106
48 108
48 112
48 116
48 119
48 120
48 123
48 128
48 130
48 135
48 143
48 144
48 148
48 166
48 169
48 170
48 172
48 176
48 182
48 183
48 184
48 185
49 51
49 55
49 61
49 64
49 65
49 66
49 72
49 73
49 84
49 88
49 89
49 91
49 92
49 95
49 97
49 99
49 101
49 107
49 110
49 112
49 114
49 122
49 124
49 127
49 139
49 144
49 153
49 162
49 169
50 54
50 58
50 61
50 62
50 64
50 65
50 66
50 67
50 71
50 72
50 78
50 79
50 82
50 83
50 87
50 88
50 90
50 91
50 92
50 95
50 102
50 103
50 104
50 105
50 107
50 108
50 114
50 120
50 121
50 125
50 129
50 136
50 137
50 138
50 146
50 148
50 158
50 165
50 166
50 176
50 177
50 182
50 186
50 189
50 199
50 193
51 53
51 59
51 60
51 62
51 63
51 64
51 68
51 69
51 70
51 71
51 73
51 75
51 78
51 80
51 81
51 84
51 95
51 96
51 102
51 106
51 107
51 109
51 110
51 117
51 121
51 122
51 123
51 126
51 127
51 133
51 141
51 142
51 150
51 153
51 155
51 160
51 164
51 175
51 179
51 188
51 191
51 154
52 56
52 57
52 59
52 64
52 77
52 78
52 82
52 85
52 87
52 90
52 92
52 93
52 95
52 96
52 97
52 98
52 101
52 103
52 105
52 106
52 107
52 134
52 144
52 145
52 153
52 164
52 165
52 168
52 173
52 174
52 184
52 186
52 188
52 195
53 57
53 59
53 61
53 62
53 63
53 81
53 88
53 89
53 90
53 97
53 99
53 100
53 108
53 110
53 116
53 117
53 118
53 123
53 141
53 149
53 150
53 151
53 152
53 181
53 186
53 189
53 199
54 56
54 58
54 60
54 62
54 63
54 64
54 67
54 69
54 73
54 75
54 77
54 78
54 79
54 80
54 81
54 82
54 91
54 92
54 96
54 97
54 100
54 110
54 112
54 113
54 114
54 116
54 123
54 126
54 128
54 130
54 131
54 134
54 137
54 139
54 141
54 153
54 155
54 164
54 169
54 171
54 177
54 186
54 193
54 195
55 61
55 65
55 66
55 67
55 70
55 71
55 81
55 85
55 87
55 93
55 100
55 110
55 111
55 112
55 115
55 116
55 118
55 123
55 134
55 135
55 136
55 142
55 145
55 146
55 152
55 155
55 163
55 166
55 172
55 175
55 176
55 177
55 178
55 180
55 182
55 187
55 196
55 199
56 57
56 58
56 60
56 61
56 62
56 64
56 68
56 69
56 71
56 74
56 75
56 84
56 93
56 94
56 95
56 98
56 104
56 107
56 109
56 110
56 112
56 121
56 127
56 130
56 135
56 140
56 142
56 154
56 155
56 169
56 189
57 58
57 60
57 61
57 62
57 63
57 64
57 67
57 68
57 71
57 75
57 78
57 79
57 81
57 85
57 86
57 93
57 94
57 95
57 98
57 100
57 101
57 107
57 109
57 114
57 119
57 122
57 132
57 139
57 141
57 147
57 155
57 164
57 166
57 179
57 180
57 185
57 66
58 60
58 62
58 66
58 69
58 70
58 73
58 75
58 78
58 82
58 86
58 89
58 92
58 102
58 103
58 104
58 105
58 108
58 120
58 121
58 124
58 129
58 152
58 155
58 160
58 178
58 195
59 62
59 63
59 64
59 68
59 69
59 77
59 79
59 86
59 87
59 93
59 97
59 111
59 125
59 129
59 130
59 133
59 135
59 136
59 143
59 145
59 166
59 168
59 174
59 194
59 199
60 61
60 65
60 66
60 67
60 69
60 72
60 74
60 86
60 87
60 89
60 90
60 91
60 96
60 97
60 102
60 104
60 109
60 123
60 128
60 132
60 133
60 138
60 140
60 148
60 156
60 165
60 168
60 169
60 170
60 183
60 185
61 68
61 70
61 81
61 86
61 88
61 91
61 103
61 104
61 122
61 126
61 128
61 141
61 142
61 157
61 158
61 167
61 168
61 171
61 182
61 184
61 194
61 195
62 63
62 67
62 70
62 74
62 81
62 88
62 92
62 99
62 104
62 109
62 127
62 133
62 139
62 140
62 141
62 142
62 150
62 165
62 166
62 167
62 169
62 172
62 186
62 190
62 199
62 124
63 68
63 69
63 72
63 77
63 78
63 80
63 81
63 83
63 84
63 86
63 89
63 100
63 108
63 112
63 114
63 118
63 132
63 136
63 141
63 168
63 172
63 174
63 182
63 184
63 185
63 195
64 72
64 73
64 74
64 80
64 81
64 86
64 101
64 107
64 118
64 124
64 128
64 134
64 135
64 144
64 146
64 160
64 165
64 170
64 184
64 185
64 187
64 188
64 189
65 68
65 71
65 77
65 83
65 88
65 89
65 93
65 100
65 104
65 114
65 123
65 129
65 130
65 140
65 161
65 172
65 184
65 193
65 195
65 197
66 68
66 70
66 71
66 77
66 82
66 83
66 90
66 95
66 96
66 99
66 105
66 107
66 108
66 109
66 111
66 114
66 115
66 121
66 128
66 140
66 149
66 153
66 163
66 184
66 189
66 190
66 191
66 196
66 197
67 70
67 71
67 72
67 74
67 75
67 76
67 82
67 87
67 88
67 89
67 91
67 93
67 96
67 112
67 113
67 115
67 119
67 121
67 122
67 123
67 134
67 136
67 138
67 147
67 153
67 160
67 172
67 177
67 179
67 190
67 152
68 70
68 73
68 74
68 75
68 78
68 79
68 86
68 88
68 115
68 116
68 117
68 134
68 139
68 148
68 154
68 155
68 162
68 163
68 171
68 174
68 183
68 189
68 198
68 85
69 70
69 71
69 72
69 74
69 75
69 77
69 82
69 83
69 84
69 90
69 92
69 97
69 99
69 102
69 107
69 108
69 110
69 116
69 121
69 126
69 128
69 143
69 152
69 163
69 169
69 178
69 183
69 184
69 190
69 191
70 82
70 85
70 86
70 87
70 90
70 94
70 99
70 100
70 108
70 120
70 123
70 128
70 133
70 143
70 147
70 151
70 152
70 174
71 77
71 79
71 81
71 84
71 87
71 91
71 97
71 107
71 115
71 121
71 126
71 128
71 133
71 137
71 144
71 147
71 152
71 154
71 174
71 176
71 178
71 179
71 192
71 196
72 79
72 99
72 102
72 107
72 113
72 118
72 119
72 131
72 138
72 148
72 151
72 155
72 159
72 164
72 174
72 177
72 180
72 181
72 186
72 194
72 195
72 197
73 84
73 89
73 90
73 101
73 103
73 113
73 116
73 118
73 119
73 128
73 131
73 135
73 138
73 139
73 140
73 142
73 150
73 159
73 167
73 171
74 80
74 100
74 103
74 108
74 118
74 120
74 130
74 132
74 139
74 142
74 146
74 148
74 156
74 160
74 169
74 170
74 171
74 191
74 193
75 82
75 89
75 101
75 104
75 109
75 118
75 119
75 123
75 136
75 159
75 166
75 168
75 171
75 187
76 77
76 79
76 80
76 83
76 93
76 94
76 96
76 102
76 103
76 106
76 110
76 112
76 114
76 120
76 125
76 127
76 136
76 150
76 153
76 156
76 162
76 181
76 182
76 188
76 196
77 82
77 83
77 85
77 86
77 90
77 100
77 108
77 119
77 131
77 145
77 146
77 153
77 162
77 170
77 180
77 183
77 195
78 82
78 83
78 85
78 94
78 97
78 103
78 112
78 114
78 117
78 126
78 129
78 146
78 152
78 172
78 181
78 187
78 191
78 165
79 81
79 82
79 99
79 107
79 108
79 111
79 124
79 132
79 134
79 135
79 136
79 137
79 153
79 176
79 177
79 178
79 181
79 187
80 84
80 85
80 87
80 89
80 96
80 104
80 105
80 107
80 110
80 121
80 128
80 130
80 135
80 147
80 148
80 149
80 150
80 153
80 157
80 161
80 168
80 178
80 179
80 186
80 187
81 84
81 97
81 124
81 126
81 128
81 133
81 138
81 142
81 150
81 152
81 155
81 160
81 162
81 166
81 173
81 179
81 181
81 184
81 186
81 187
81 190
81 198
82 86
82 98
82 109
82 120
82 122
82 127
82 137
82 149
82 152
82 169
82 173
82 175
82 178
82 185
83 84
83 91
83 93
83 102
83 106
83 112
83 120
83 172
83 181
83 185
83 186
83 189
84 94
84 96
84 108
84 114
84 117
84 120
84 127
84 131
84 137
84 139
84 146
84 147
84 152
84 167
84 171
84 191
85 87
85 90
85 101
85 102
85 104
85 115
85 122
85 124
85 129
85 136
85 162
85 163
85 171
85 187
85 189
85 191
85 197
86 91
86 92
86 95
86 99
86 120
86 122
86 137
86 145
86 146
86 148
86 150
86 156
86 157
86 167
86 177
86 179
86 180
87 97
87 107
87 110
87 115
87 116
87 124
87 129
87 132
87 134
87 136
87 139
87 140
87 159
87 173
87 175
87 182
87 183
87 194
87 198
88 94
88 100
88 103
88 106
88 115
88 119
88 121
88 131
88 138
88 143
88 147
88 156
88 161
88 162
88 176
88 184
88 185
88 188
88 193
89 95
89 102
89 103
89 117
89 123
89 124
89 125
89 130
89 132
89 134
89 141
89 144
89 152
89 156
89 157
89 159
89 162
89 164
89 167
89 182
89 188
89 195
90 102
90 104
90 106
90 113
90 120
90 122
90 170
90 173
90 177
90 181
90 186
90 194
91 96
91 99
91 101
91 102
91 107
91 109
91 110
91 115
91 116
91 125
91 131
91 137
91 146
91 149
91 150
91 159
91 180
91 191
91 192
91 198
92 93
92 94
92 97
92 98
92 110
92 112
92 113
92 125
92 136
92 137
92 140
92 144
92 149
92 164
92 169
92 173
92 189
92 197
93 96
93 103
93 113
93 124
93 133
93 135
93 153
93 160
93 163
93 164
93 171
93 191
94 105
94 113
94 114
94 127
94 130
94 151
94 157
94 175
94 186
94 188
94 194
94 196
94 197
95 100
95 101
95 109
95 123
95 124
95 163
95 170
95 178
95 192
96 98
96 104
96 105
96 116
96 121
96 125
96 134
96 138
96 142
96 151
96 156
96 157
96 161
96 163
97 110
97 113
97 117
97 119
97 120
97 124
97 126
97 128
97 137
97 160
97 168
97 177
97 189
97 192
97 134
98 105
98 112
98 114
98 136
98 148
98 149
98 154
98 163
98 165
98 167
98 187
98 193
98 194
98 121
99 114
99 122
99 127
99 129
99 141
99 143
99 149
99 160
99 168
99 173
99 177
99 193
99 199
100 105
100 106
100 111
100 114
100 125
100 128
100 130
100 139
100 141
100 143
100 144
100 147
100 151
100 154
100 156
100 161
100 196
101 110
101 114
101 127
101 139
101 194
101 197
102 105
102 109
102 118
102 122
102 123
102 124
102 129
102 138
102 141
102 143
102 151
102 153
102 163
102 172
102 189
102 190
102 193
102 194
102 195
103 106
103 110
103 123
103 136
103 161
103 171
104 112
104 151
104 152
104 158
104 183
104 194
105 106
105 108
105 112
105 113
105 114
105 118
105 136
105 165
105 179
105 191
106 108
106 112
106 135
106 144
106 145
106 155
106 156
106 159
106 169
106 180
106 188
106 194
106 197
106 198
106 199
107 112
107 119
107 121
107 125
107 145
107 167
107 188
107 190
107 195
108 135
108 146
108 149
108 157
108 158
108 159
108 169
108 179
109 118
109 119
109 120
109 135
109 139
109 140
109 143
109 145
109 147
109 150
109 155
109 156
109 163
109 168
109 169
109 179
109 187
109 192
109 196
110 113
110 114
110 115
110 116
110 123
110 131
110 149
110 156
110 198
111 115
111 116
111 117
111 120
111 149
111 151
111 176
111 180
111 191
111 192
111 199
112 120
112 126
112 133
112 148
112 151
112 170
112 172
112 182
112 190
113 117
113 119
113 127
113 147
113 161
113 172
113 174
114 115
114 125
114 130
114 138
114 147
114 158
114 160
114 163
114 165
114 173
114 199
115 137
115 138
115 146
115 149
115 154
115 167
115 172
115 196
116 124
116 127
116 129
116 133
116 162
116 174
116 195
117 118
117 121
117 125
117 134
117 137
117 142
117 148
117 172
117 173
117 182
117 189
118 119
118 122
118 144
118 162
118 174
118 175
118 178
118 184
119 125
119 128
119 129
119 135
119 141
119 152
119 154
119 174
119 176
119 179
119 183
120 125
120 129
120 131
120 138
120 140
120 149
120 165
120 170
120 179
120 181
120 187
120 198
121 131
121 141
121 146
121 156
121 178
122 145
122 150
122 153
122 169
122 185
122 191
123 131
123 149
123 159
123 162
123 178
123 188
123 190
124 127
124 148
124 158
124 165
124 166
124 169
124 175
124 181
124 185
124 196
125 136
125 141
125 146
125 147
125 148
125 151
125 152
125 184
125 198
126 127
126 139
126 155
126 165
126 166
126 193
126 196
127 142
127 158
127 174
127 179
127 196
128 137
128 138
128 145
128 151
128 158
128 159
128 176
128 182
128 190
128 192
129 130
129 132
129 134
129 139
129 146
129 151
129 159
129 168
129 170
129 174
129 183
129 190
129 195
130 131
130 153
130 165
130 166
130 167
130 179
130 183
131 153
131 156
131 157
131 160
131 184
131 196
132 133
132 157
132 166
132 183
132 189
133 136
133 138
133 139
133 141
133 168
133 179
134 138
134 154
134 156
134 164
134 169
134 170
134 193
134 196
134 197
135 141
135 142
135 143
135 150
135 151
135 193
136 138
136 142
136 144
136 146
136 154
136 163
136 171
136 176
137 148
137 149
137 158
137 159
137 166
137 173
137 182
137 186
137 194
138 145
138 146
138 154
138 173
138 182
138 191
139 149
139 153
139 154
139 158
139 165
139 192
140 155
140 160
140 163
140 172
140 185
141 148
141 161
141 169
141 171
141 172
141 191
142 151
142 172
142 184
142 190
143 147
143 149
143 151
143 157
143 159
143 170
143 177
143 178
143 192
144 158
144 162
144 166
144 167
144 190
145 150
145 162
145 181
146 179
146 186
147 156
147 158
147 170
147 181
147 188
148 155
148 170
148 176
148 180
149 159
149 161
149 182
149 188
150 172
150 181
150 185
150 199
151 186
152 155
152 160
152 184
152 193
153 157
153 161
153 170
153 188
154 161
154 170
154 179
155 165
155 182
155 194
156 165
156 179
156 197
156 181
157 162
157 165
157 188
157 193
157 199
158 159
158 161
158 163
158 167
158 176
158 197
159 164
159 167
160 178
160 195
161 173
161 176
161 178
161 193
162 164
162 166
162 183
164 173
164 188
164 197
165 171
165 177
165 179
165 180
165 189
165 192
165 193
165 196
165 198
166 187
166 189
166 194
167 179
168 194
168 198
168 199
169 171
169 174
169 176
169 178
170 171
170 183
170 184
171 180
172 173
172 176
172 183
172 185
172 191
172 197
173 174
173 175
173 179
173 190
174 185
175 178
175 180
175 185
175 193
176 181
176 190
177 195
178 183
178 187
178 190
178 191
179 185
180 181
181 191
181 199
183 187
183 192
183 195
183 197
184 189
185 193
185 199
187 194
188 199
191 192
191 194
192 195
196 198