430979307
2
200
537
0 2
0 3
0 10
0 13
0 16
0 31
0 36
0 39
0 40
0 43
0 63
0 84
0 103
0 106
0 118
0 133
0 148
0 174
0 6
0 177
1 2
1 4
1 5
1 6
1 7
1 9
1 11
1 15
1 17
1 18
1 19
1 21
1 24
1 26
1 27
1 44
1 46
1 50
1 52
1 62
1 72
1 88
1 105
1 112
1 168
1 1
1 59
1 66
1 89
1 113
1 147
2 3
2 4
2 6
2 8
2 10
2 11
2 13
2 14
2 15
2 17
2 21
2 24
2 25
2 32
2 34
2 39
2 63
2 68
2 69
2 70
2 73
2 79
2 90
2 98
2 137
2 148
2 177
2 180
2 183
2 189
2 140
3 5
3 7
3 9
3 14
3 19
3 23
3 28
3 30
3 34
3 35
3 37
3 42
3 43
3 49
3 55
3 74
3 80
3 95
3 101
3 109
3 116
3 140
3 151
3 155
3 188
3 192
3 139
3 29
3 132
3 136
3 161
4 28
4 33
4 40
4 41
4 108
5 8
5 12
5 23
5 29
5 47
5 82
5 99
5 60
5 129
5 169
6 16
6 42
6 51
6 35
6 114
7 33
7 162
8 18
8 65
8 68
8 78
8 132
8 137
8 191
8 83
8 115
8 122
9 55
9 58
9 62
9 69
9 97
9 107
9 116
9 180
9 154
9 14
10 12
10 25
10 75
10 146
10 83
10 60
10 67
10 79
10 116
11 32
11 105
11 118
11 149
11 164
11 84
12 20
12 71
12 94
12 130
12 144
12 67
13 29
13 31
13 38
13 76
13 88
13 94
13 113
13 141
13 126
13 49
14 20
14 26
15 22
15 35
15 57
15 60
15 64
15 72
15 79
15 96
15 100
15 110
15 141
15 143
15 147
15 152
15 21
15 56
15 121
15 164
16 27
16 30
16 47
16 53
16 104
16 123
16 161
16 85
17 22
17 36
17 127
17 195
18 54
18 87
18 147
18 138
18 151
19 41
19 59
19 64
19 71
19 85
19 89
19 106
19 167
19 183
19 199
19 77
19 87
19 91
20 115
20 127
21 84
21 89
21 160
21 169
21 173
22 45
22 73
23 24
23 42
24 48
24 66
24 81
24 107
24 89
24 131
24 143
25 97
25 195
25 198
25 170
25 34
25 62
26 87
27 59
27 67
27 126
27 146
27 42
27 112
28 54
28 95
28 120
28 129
28 181
28 184
28 44
29 44
29 65
29 91
29 110
29 39
30 37
30 45
30 58
30 67
30 86
30 111
30 128
30 182
31 51
31 82
31 138
31 196
32 122
33 142
33 145
33 153
33 39
34 135
35 119
36 50
36 136
36 49
37 38
37 143
37 105
38 48
39 131
40 46
40 163
40 173
40 135
40 69
40 167
41 77
41 117
41 144
41 154
42 81
42 157
42 120
42 194
43 75
43 119
43 67
44 99
44 181
44 191
45 53
45 92
45 162
45 174
45 55
45 106
46 54
47 49
47 121
47 83
48 93
49 57
49 70
49 85
49 104
49 156
49 179
49 63
49 146
50 61
50 179
51 52
51 56
51 73
51 126
51 127
51 197
51 78
51 175
52 53
53 56
53 124
53 149
53 186
53 196
53 67
54 60
54 114
54 193
54 102
55 112
55 152
55 123
56 61
56 111
56 171
56 185
57 78
57 102
57 129
57 170
57 108
57 86
58 66
58 115
58 61
58 71
58 183
59 111
60 86
60 113
60 128
60 160
60 190
61 131
61 186
62 93
62 119
62 139
62 194
62 155
62 168
63 77
63 175
63 68
64 108
64 104
65 103
65 127
65 163
67 83
68 140
69 98
69 182
70 170
70 179
71 154
71 198
72 89
73 74
73 145
73 164
73 185
75 76
75 80
75 121
75 158
76 154
77 96
77 165
77 185
79 173
79 180
79 199
80 83
80 114
80 134
80 194
80 168
81 84
82 101
82 134
82 152
83 91
83 102
83 178
83 188
84 166
84 176
84 192
85 122
85 196
85 181
86 92
86 117
86 158
86 172
86 178
88 100
88 166
89 90
89 186
89 187
90 119
91 132
92 140
93 182
94 139
94 171
95 171
96 183
97 124
97 142
98 125
98 153
98 169
98 196
99 156
99 189
100 109
100 183
103 175
104 149
105 135
106 120
108 157
109 119
110 155
115 130
115 138
116 123
116 133
116 136
117 146
118 168
119 196
120 125
120 150
120 159
120 175
121 181
124 177
124 199
124 142
124 157
124 178
126 196
127 197
127 134
131 176
131 195
133 167
135 151
135 174
135 187
135 195
136 170
137 183
137 156
138 182
139 184
141 158
143 157
146 172
146 191
148 179
148 176
149 150
149 193
150 163
152 161
154 159
156 165
157 188
160 167
165 168
165 192
166 187
171 187
183 198
185 190