850511308
58
200
8311
0 58
0 61
0 62
0 63
0 64
0 65
0 66
0 67
0 68
0 69
0 70
0 71
0 72
0 73
0 74
0 75
0 77
0 78
0 79
0 81
0 84
0 85
0 87
0 90
0 92
0 96
0 98
0 101
0 102
0 109
0 110
0 112
0 116
0 117
0 118
0 122
0 123
0 124
0 131
0 136
0 140
0 145
0 146
0 147
0 154
0 156
0 157
0 159
0 178
0 179
0 180
0 182
0 190
0 192
0 194
0 199
1 58
1 59
1 60
1 61
1 62
1 63
1 64
1 65
1 67
1 69
1 71
1 74
1 75
1 78
1 79
1 80
1 81
1 83
1 84
1 85
1 86
1 87
1 88
1 89
1 92
1 94
1 96
1 98
1 100
1 101
1 102
1 104
1 105
1 108
1 111
1 116
1 120
1 121
1 122
1 128
1 130
1 133
1 137
1 140
1 146
1 156
1 157
1 162
1 167
1 170
1 172
1 173
1 174
1 176
1 185
1 192
1 193
1 194
2 58
2 59
2 60
2 61
2 62
2 63
2 64
2 66
2 67
2 69
2 70
2 72
2 73
2 74
2 76
2 80
2 82
2 83
2 84
2 86
2 87
2 88
2 89
2 90
2 97
2 99
2 101
2 104
2 106
2 107
2 108
2 110
2 112
2 114
2 123
2 128
2 130
2 149
2 154
2 159
2 164
2 165
2 188
2 191
2 94
3 58
3 59
3 60
3 61
3 62
3 63
3 64
3 65
3 66
3 67
3 69
3 70
3 71
3 74
3 75
3 76
3 83
3 85
3 87
3 88
3 90
3 95
3 98
3 104
3 105
3 106
3 108
3 114
3 115
3 123
3 125
3 127
3 129
3 130
3 131
3 136
3 146
3 149
3 165
3 168
3 169
3 171
3 174
3 178
3 187
3 193
4 58
4 59
4 60
4 61
4 62
4 63
4 64
4 65
4 66
4 67
4 68
4 69
4 70
4 71
4 72
4 73
4 74
4 75
4 76
4 78
4 79
4 81
4 82
4 84
4 85
4 86
4 88
4 90
4 91
4 92
4 95
4 96
4 97
4 99
4 100
4 101
4 103
4 104
4 109
4 110
4 111
4 112
4 114
4 117
4 118
4 121
4 129
4 130
4 132
4 134
4 138
4 140
4 141
4 142
4 145
4 147
4 151
4 152
4 156
4 157
4 159
4 160
4 164
4 165
4 166
4 171
4 175
4 184
4 197
5 58
5 59
5 60
5 61
5 62
5 63
5 64
5 65
5 66
5 68
5 69
5 70
5 72
5 73
5 74
5 75
5 77
5 78
5 81
5 87
5 89
5 90
5 91
5 92
5 94
5 95
5 97
5 98
5 99
5 101
5 102
5 106
5 111
5 113
5 115
5 118
5 120
5 122
5 125
5 127
5 130
5 133
5 135
5 141
5 143
5 144
5 145
5 146
5 149
5 157
5 158
5 160
5 162
5 165
5 171
5 177
5 179
5 180
5 182
5 187
5 189
5 193
5 195
5 198
6 58
6 59
6 60
6 61
6 62
6 63
6 64
6 65
6 66
6 67
6 68
6 69
6 70
6 71
6 72
6 73
6 74
6 75
6 76
6 77
6 78
6 80
6 82
6 85
6 86
6 87
6 88
6 89
6 93
6 94
6 95
6 97
6 98
6 100
6 101
6 102
6 103
6 108
6 109
6 112
6 113
6 125
6 127
6 135
6 136
6 140
6 144
6 153
6 155
6 156
6 166
6 167
6 168
6 174
6 175
6 176
6 177
6 188
6 190
6 195
6 197
6 198
6 52
7 58
7 59
7 60
7 61
7 62
7 63
7 64
7 66
7 67
7 68
7 69
7 70
7 71
7 72
7 74
7 75
7 76
7 78
7 80
7 81
7 82
7 83
7 84
7 86
7 87
7 88
7 89
7 90
7 91
7 92
7 93
7 94
7 95
7 96
7 97
7 98
7 100
7 101
7 103
7 105
7 107
7 108
7 111
7 112
7 113
7 116
7 118
7 122
7 123
7 125
7 127
7 129
7 132
7 133
7 134
7 138
7 139
7 142
7 143
7 144
7 145
7 147
7 148
7 150
7 151
7 152
7 153
7 155
7 161
7 163
7 166
7 170
7 172
7 177
7 178
7 182
7 183
7 185
7 191
7 192
7 196
7 110
8 58
8 59
8 60
8 61
8 62
8 63
8 64
8 65
8 66
8 67
8 68
8 69
8 71
8 72
8 73
8 74
8 75
8 76
8 77
8 78
8 79
8 80
8 81
8 83
8 84
8 85
8 88
8 91
8 92
8 93
8 96
8 99
8 100
8 102
8 105
8 106
8 111
8 118
8 121
8 122
8 125
8 130
8 131
8 133
8 134
8 135
8 136
8 137
8 145
8 148
8 153
8 154
8 156
8 157
8 161
8 168
8 173
8 176
8 177
8 179
8 187
8 193
8 109
9 58
9 59
9 60
9 61
9 62
9 63
9 64
9 65
9 66
9 67
9 68
9 71
9 72
9 73
9 74
9 75
9 77
9 78
9 79
9 82
9 83
9 85
9 87
9 89
9 90
9 95
9 97
9 101
9 102
9 103
9 104
9 108
9 109
9 110
9 112
9 115
9 117
9 118
9 131
9 132
9 136
9 137
9 138
9 142
9 143
9 144
9 148
9 150
9 153
9 161
9 168
9 177
9 182
9 184
9 185
9 186
9 190
9 191
9 197
9 70
10 58
10 59
10 60
10 61
10 62
10 64
10 65
10 66
10 67
10 68
10 69
10 71
10 72
10 73
10 74
10 76
10 77
10 78
10 82
10 83
10 85
10 86
10 87
10 89
10 90
10 92
10 93
10 94
10 98
10 99
10 100
10 101
10 106
10 108
10 112
10 114
10 115
10 123
10 126
10 127
10 128
10 130
10 131
10 134
10 135
10 136
10 138
10 139
10 140
10 142
10 147
10 148
10 149
10 152
10 155
10 158
10 165
10 183
10 186
10 187
10 188
10 189
10 190
10 195
10 198
11 58
11 59
11 60
11 61
11 62
11 63
11 64
11 65
11 66
11 67
11 68
11 69
11 70
11 71
11 72
11 73
11 75
11 76
11 77
11 78
11 79
11 80
11 81
11 82
11 84
11 86
11 88
11 90
11 92
11 93
11 98
11 100
11 103
11 105
11 108
11 117
11 118
11 119
11 120
11 121
11 123
11 125
11 126
11 127
11 133
11 136
11 144
11 146
11 147
11 148
11 152
11 154
11 158
11 172
11 173
11 176
11 180
11 185
11 188
11 189
11 195
11 197
11 199
11 130
11 186
12 58
12 59
12 60
12 61
12 62
12 63
12 65
12 66
12 67
12 68
12 69
12 71
12 72
12 73
12 77
12 80
12 81
12 83
12 84
12 89
12 91
12 97
12 98
12 105
12 106
12 107
12 108
12 112
12 115
12 116
12 120
12 123
12 127
12 130
12 153
12 155
12 156
12 157
12 158
12 162
12 166
12 173
12 182
12 187
12 188
12 190
12 193
12 194
12 199
12 76
13 58
13 59
13 60
13 61
13 63
13 64
13 65
13 67
13 68
13 69
13 70
13 71
13 72
13 74
13 76
13 77
13 78
13 79
13 80
13 82
13 83
13 86
13 88
13 90
13 92
13 93
13 94
13 96
13 101
13 104
13 107
13 109
13 110
13 112
13 114
13 115
13 118
13 124
13 127
13 131
13 133
13 134
13 137
13 139
13 141
13 149
13 150
13 152
13 154
13 157
13 158
13 159
13 163
13 180
13 183
13 192
14 58
14 59
14 60
14 61
14 62
14 63
14 65
14 66
14 67
14 68
14 69
14 70
14 71
14 73
14 75
14 77
14 78
14 79
14 80
14 84
14 86
14 87
14 90
14 92
14 95
14 99
14 103
14 105
14 108
14 109
14 110
14 111
14 113
14 116
14 117
14 118
14 121
14 122
14 124
14 125
14 141
14 142
14 167
14 169
14 170
14 173
14 176
14 178
14 180
14 182
14 184
14 185
14 186
14 189
14 194
14 196
14 183
15 58
15 59
15 60
15 61
15 62
15 63
15 65
15 67
15 68
15 69
15 74
15 75
15 76
15 77
15 78
15 79
15 80
15 83
15 85
15 86
15 87
15 89
15 90
15 92
15 94
15 95
15 96
15 97
15 99
15 100
15 101
15 102
15 103
15 106
15 107
15 108
15 114
15 118
15 119
15 121
15 126
15 134
15 156
15 160
15 163
15 170
15 174
15 175
15 177
15 190
15 196
15 198
16 58
16 59
16 60
16 61
16 62
16 63
16 64
16 65
16 66
16 67
16 68
16 69
16 70
16 71
16 72
16 74
16 75
16 77
16 80
16 81
16 82
16 83
16 84
16 85
16 86
16 87
16 88
16 90
16 91
16 92
16 93
16 96
16 97
16 98
16 101
16 104
16 105
16 109
16 111
16 116
16 117
16 118
16 120
16 124
16 125
16 126
16 129
16 130
16 134
16 135
16 140
16 141
16 144
16 146
16 147
16 164
16 168
16 169
16 171
16 172
16 178
16 195
17 58
17 59
17 61
17 62
17 63
17 64
17 65
17 66
17 67
17 68
17 69
17 71
17 72
17 73
17 74
17 78
17 79
17 81
17 82
17 83
17 84
17 91
17 93
17 94
17 97
17 99
17 104
17 105
17 108
17 113
17 119
17 128
17 138
17 140
17 142
17 144
17 145
17 148
17 152
17 153
17 156
17 163
17 173
17 178
17 195
18 58
18 59
18 60
18 61
18 62
18 63
18 64
18 65
18 66
18 67
18 68
18 70
18 71
18 72
18 73
18 75
18 76
18 77
18 79
18 80
18 81
18 82
18 83
18 86
18 87
18 88
18 89
18 90
18 92
18 93
18 96
18 99
18 100
18 102
18 103
18 104
18 105
18 106
18 107
18 108
18 109
18 112
18 114
18 116
18 117
18 119
18 121
18 124
18 127
18 128
18 129
18 130
18 139
18 140
18 141
18 142
18 143
18 145
18 148
18 150
18 158
18 160
18 162
18 164
18 165
18 167
18 186
19 58
19 59
19 60
19 61
19 62
19 63
19 64
19 65
19 66
19 67
19 68
19 69
19 70
19 71
19 73
19 74
19 75
19 76
19 78
19 79
19 85
19 86
19 87
19 91
19 92
19 94
19 96
19 97
19 98
19 99
19 105
19 107
19 109
19 113
19 114
19 115
19 116
19 118
19 124
19 128
19 130
19 134
19 135
19 136
19 139
19 140
19 142
19 144
19 153
19 156
19 157
19 159
19 163
19 165
19 166
19 175
19 178
19 179
19 181
19 185
19 189
19 196
19 184
20 58
20 59
20 60
20 61
20 62
20 63
20 64
20 65
20 66
20 68
20 69
20 70
20 71
20 72
20 73
20 74
20 76
20 79
20 80
20 81
20 82
20 83
20 84
20 85
20 86
20 87
20 88
20 91
20 92
20 93
20 95
20 96
20 97
20 98
20 104
20 106
20 109
20 113
20 114
20 118
20 119
20 123
20 128
20 131
20 133
20 135
20 138
20 140
20 141
20 143
20 146
20 151
20 157
20 159
20 167
20 171
20 190
20 134
20 45
21 58
21 59
21 60
21 61
21 62
21 63
21 64
21 65
21 66
21 67
21 71
21 72
21 74
21 75
21 76
21 77
21 78
21 79
21 81
21 82
21 84
21 85
21 88
21 91
21 92
21 93
21 95
21 97
21 100
21 101
21 102
21 104
21 106
21 107
21 115
21 119
21 121
21 122
21 123
21 125
21 127
21 136
21 137
21 141
21 143
21 146
21 148
21 149
21 160
21 164
21 166
21 167
21 168
21 169
21 170
21 177
21 178
21 180
21 181
21 182
21 187
21 190
21 194
21 195
21 199
21 191
22 58
22 59
22 60
22 61
22 62
22 63
22 64
22 65
22 66
22 67
22 68
22 69
22 70
22 71
22 72
22 74
22 75
22 76
22 77
22 78
22 79
22 80
22 81
22 82
22 85
22 87
22 88
22 89
22 90
22 94
22 95
22 97
22 98
22 99
22 100
22 102
22 103
22 106
22 107
22 108
22 110
22 111
22 114
22 115
22 116
22 122
22 124
22 125
22 126
22 127
22 129
22 139
22 141
22 143
22 144
22 145
22 156
22 159
22 162
22 163
22 171
22 172
22 173
22 174
22 176
22 180
22 188
22 189
22 191
22 199
22 194
23 58
23 59
23 60
23 61
23 62
23 63
23 64
23 65
23 66
23 68
23 69
23 70
23 71
23 73
23 76
23 77
23 80
23 81
23 82
23 84
23 86
23 89
23 91
23 92
23 93
23 94
23 98
23 105
23 107
23 108
23 109
23 110
23 113
23 114
23 115
23 117
23 118
23 119
23 121
23 122
23 124
23 126
23 128
23 131
23 142
23 143
23 145
23 146
23 150
23 161
23 167
23 172
23 177
23 182
23 184
23 189
23 191
23 139
24 58
24 59
24 60
24 61
24 63
24 64
24 68
24 69
24 70
24 71
24 73
24 74
24 75
24 77
24 78
24 79
24 80
24 82
24 84
24 85
24 87
24 89
24 90
24 91
24 95
24 96
24 105
24 109
24 110
24 113
24 114
24 119
24 124
24 126
24 133
24 140
24 141
24 143
24 144
24 149
24 150
24 155
24 156
24 163
24 166
24 174
24 175
24 178
24 180
24 181
24 184
24 186
24 192
24 194
24 197
24 198
24 100
25 58
25 59
25 60
25 61
25 62
25 63
25 64
25 65
25 67
25 68
25 70
25 71
25 72
25 73
25 76
25 78
25 80
25 81
25 83
25 85
25 86
25 90
25 91
25 92
25 93
25 98
25 99
25 101
25 103
25 104
25 105
25 106
25 107
25 108
25 110
25 116
25 117
25 120
25 133
25 137
25 141
25 143
25 145
25 148
25 149
25 151
25 162
25 164
25 165
25 166
25 171
25 174
25 180
25 184
25 185
25 189
25 193
25 196
25 35
26 58
26 59
26 60
26 61
26 63
26 64
26 67
26 68
26 69
26 70
26 72
26 77
26 79
26 86
26 88
26 90
26 91
26 92
26 94
26 97
26 98
26 101
26 103
26 105
26 106
26 109
26 111
26 112
26 114
26 121
26 124
26 128
26 138
26 153
26 155
26 163
26 164
26 171
26 179
26 181
26 197
26 82
27 58
27 59
27 60
27 61
27 62
27 63
27 64
27 65
27 66
27 67
27 72
27 73
27 78
27 79
27 80
27 81
27 83
27 88
27 89
27 92
27 98
27 105
27 106
27 109
27 110
27 113
27 115
27 118
27 120
27 121
27 122
27 124
27 125
27 129
27 132
27 138
27 143
27 150
27 162
27 164
27 165
27 171
27 174
27 182
27 196
27 136
28 58
28 59
28 60
28 61
28 62
28 63
28 64
28 65
28 66
28 67
28 68
28 69
28 71
28 72
28 73
28 74
28 75
28 76
28 78
28 81
28 86
28 88
28 89
28 90
28 92
28 98
28 99
28 103
28 107
28 108
28 109
28 114
28 118
28 124
28 129
28 130
28 134
28 138
28 143
28 144
28 145
28 146
28 147
28 149
28 150
28 154
28 157
28 160
28 161
28 163
28 164
28 166
28 173
28 175
28 179
28 182
28 186
28 191
29 58
29 59
29 60
29 61
29 62
29 63
29 64
29 65
29 67
29 68
29 72
29 73
29 74
29 75
29 76
29 77
29 78
29 79
29 80
29 81
29 82
29 84
29 85
29 86
29 90
29 93
29 96
29 97
29 99
29 100
29 101
29 102
29 105
29 110
29 113
29 115
29 117
29 119
29 123
29 125
29 126
29 127
29 128
29 131
29 133
29 148
29 149
29 150
29 156
29 159
29 161
29 166
29 169
29 170
29 173
29 175
29 177
29 178
29 184
29 194
30 58
30 59
30 60
30 61
30 62
30 63
30 64
30 65
30 66
30 67
30 68
30 69
30 70
30 71
30 72
30 73
30 74
30 75
30 77
30 78
30 83
30 89
30 91
30 93
30 102
30 106
30 116
30 117
30 118
30 120
30 124
30 126
30 129
30 131
30 150
30 153
30 156
30 157
30 160
30 163
30 168
30 183
30 184
30 193
30 194
30 199
30 96
31 58
31 59
31 60
31 61
31 62
31 63
31 64
31 65
31 66
31 67
31 68
31 69
31 70
31 72
31 73
31 74
31 75
31 76
31 78
31 79
31 80
31 81
31 82
31 83
31 84
31 85
31 86
31 87
31 89
31 90
31 93
31 95
31 96
31 97
31 98
31 99
31 101
31 102
31 103
31 104
31 106
31 107
31 109
31 110
31 112
31 114
31 115
31 116
31 117
31 119
31 121
31 125
31 127
31 129
31 131
31 133
31 134
31 136
31 137
31 138
31 139
31 140
31 141
31 146
31 151
31 152
31 153
31 154
31 155
31 157
31 158
31 160
31 162
31 163
31 165
31 166
31 168
31 173
31 177
31 186
31 187
31 188
31 189
31 190
32 58
32 59
32 60
32 61
32 62
32 63
32 64
32 65
32 66
32 67
32 68
32 69
32 70
32 71
32 72
32 73
32 75
32 76
32 77
32 79
32 81
32 82
32 84
32 85
32 90
32 92
32 93
32 95
32 96
32 99
32 100
32 102
32 103
32 116
32 123
32 126
32 128
32 129
32 132
32 139
32 140
32 142
32 152
32 156
32 158
32 160
32 161
32 168
32 169
32 173
32 174
32 175
32 186
32 188
32 170
33 58
33 59
33 60
33 61
33 62
33 63
33 64
33 65
33 66
33 67
33 68
33 69
33 70
33 71
33 72
33 73
33 74
33 75
33 76
33 77
33 78
33 79
33 80
33 81
33 82
33 83
33 84
33 85
33 86
33 88
33 89
33 91
33 92
33 93
33 95
33 98
33 99
33 100
33 101
33 102
33 105
33 106
33 110
33 112
33 117
33 118
33 119
33 120
33 124
33 126
33 128
33 133
33 137
33 139
33 142
33 143
33 144
33 147
33 150
33 151
33 152
33 154
33 155
33 156
33 162
33 167
33 168
33 169
33 171
33 172
33 173
33 176
33 183
33 189
33 190
33 197
34 58
34 59
34 60
34 61
34 62
34 63
34 64
34 65
34 66
34 67
34 68
34 69
34 70
34 71
34 72
34 73
34 75
34 76
34 77
34 78
34 79
34 80
34 81
34 82
34 84
34 85
34 86
34 87
34 88
34 90
34 91
34 92
34 93
34 95
34 99
34 100
34 102
34 104
34 105
34 106
34 107
34 109
34 111
34 116
34 122
34 124
34 126
34 136
34 137
34 138
34 143
34 145
34 146
34 152
34 153
34 154
34 160
34 168
34 169
34 174
34 176
34 179
34 181
34 185
34 192
34 195
34 196
34 199
34 54
35 58
35 59
35 60
35 61
35 62
35 63
35 64
35 66
35 67
35 68
35 69
35 70
35 71
35 73
35 74
35 75
35 76
35 77
35 79
35 80
35 81
35 82
35 83
35 84
35 85
35 87
35 88
35 89
35 92
35 94
35 96
35 99
35 102
35 104
35 117
35 120
35 125
35 127
35 128
35 131
35 132
35 133
35 136
35 142
35 143
35 145
35 149
35 151
35 152
35 154
35 156
35 170
35 172
35 181
35 186
35 187
35 188
35 191
35 192
35 194
35 197
35 199
36 58
36 59
36 60
36 61
36 62
36 63
36 64
36 65
36 66
36 67
36 68
36 69
36 70
36 71
36 72
36 73
36 76
36 77
36 78
36 79
36 81
36 82
36 83
36 84
36 85
36 86
36 87
36 88
36 89
36 92
36 93
36 94
36 98
36 103
36 104
36 106
36 107
36 109
36 112
36 117
36 118
36 119
36 120
36 121
36 122
36 123
36 130
36 131
36 134
36 136
36 139
36 140
36 147
36 157
36 158
36 159
36 161
36 167
36 169
36 174
36 175
36 176
36 185
36 188
36 193
36 195
36 199
36 105
37 58
37 59
37 60
37 62
37 63
37 64
37 65
37 66
37 67
37 68
37 70
37 71
37 72
37 74
37 75
37 76
37 77
37 80
37 83
37 85
37 87
37 89
37 92
37 100
37 102
37 104
37 106
37 115
37 117
37 118
37 121
37 132
37 133
37 135
37 150
37 154
37 159
37 161
37 174
37 192
37 195
37 187
38 58
38 59
38 60
38 61
38 62
38 63
38 64
38 65
38 66
38 69
38 70
38 73
38 74
38 75
38 76
38 80
38 82
38 86
38 87
38 91
38 92
38 94
38 95
38 99
38 102
38 104
38 105
38 119
38 125
38 130
38 131
38 132
38 133
38 139
38 150
38 158
38 161
38 163
38 174
38 175
38 181
38 182
38 183
38 191
38 194
38 195
38 198
38 199
39 58
39 59
39 60
39 61
39 62
39 63
39 64
39 65
39 66
39 67
39 68
39 69
39 70
39 71
39 72
39 73
39 74
39 75
39 76
39 77
39 78
39 79
39 80
39 82
39 83
39 84
39 88
39 91
39 92
39 99
39 100
39 103
39 110
39 113
39 121
39 129
39 131
39 132
39 155
39 156
39 157
39 163
39 168
39 174
39 180
39 193
39 199
40 58
40 59
40 60
40 61
40 62
40 63
40 64
40 65
40 66
40 67
40 68
40 69
40 70
40 71
40 77
40 78
40 83
40 84
40 85
40 89
40 90
40 92
40 93
40 94
40 96
40 102
40 103
40 108
40 114
40 116
40 126
40 127
40 128
40 129
40 130
40 133
40 135
40 136
40 137
40 138
40 143
40 144
40 146
40 147
40 150
40 151
40 152
40 163
40 178
40 179
40 186
40 188
40 192
40 197
41 58
41 59
41 60
41 61
41 62
41 63
41 65
41 66
41 67
41 69
41 70
41 71
41 72
41 73
41 74
41 75
41 77
41 82
41 86
41 87
41 88
41 89
41 91
41 95
41 105
41 108
41 125
41 127
41 128
41 134
41 136
41 148
41 151
41 155
41 158
41 159
41 167
41 178
41 179
41 180
41 181
41 185
41 191
41 41
42 58
42 59
42 60
42 61
42 62
42 63
42 64
42 65
42 66
42 67
42 68
42 69
42 70
42 73
42 74
42 75
42 76
42 77
42 78
42 81
42 91
42 93
42 94
42 96
42 103
42 111
42 120
42 122
42 124
42 127
42 138
42 147
42 148
42 150
42 154
42 157
42 163
42 170
42 174
42 183
42 189
42 193
42 195
42 196
42 86
43 58
43 59
43 60
43 61
43 62
43 63
43 64
43 65
43 66
43 67
43 68
43 69
43 70
43 76
43 78
43 79
43 80
43 81
43 84
43 86
43 87
43 88
43 89
43 90
43 94
43 97
43 98
43 100
43 101
43 106
43 111
43 112
43 114
43 117
43 118
43 119
43 121
43 123
43 125
43 128
43 130
43 133
43 134
43 137
43 139
43 142
43 144
43 145
43 148
43 151
43 152
43 153
43 154
43 159
43 160
43 162
43 168
43 173
43 176
43 180
43 185
43 191
43 196
44 58
44 59
44 60
44 62
44 64
44 65
44 66
44 67
44 68
44 70
44 71
44 72
44 73
44 74
44 75
44 76
44 77
44 78
44 79
44 80
44 82
44 84
44 86
44 88
44 90
44 91
44 93
44 94
44 96
44 100
44 101
44 103
44 104
44 108
44 109
44 111
44 120
44 121
44 124
44 126
44 130
44 132
44 138
44 140
44 145
44 148
44 149
44 155
44 156
44 163
44 165
44 167
44 170
44 171
44 173
44 180
44 185
44 105
45 58
45 59
45 60
45 61
45 62
45 63
45 64
45 65
45 66
45 67
45 68
45 70
45 72
45 75
45 76
45 79
45 80
45 82
45 85
45 86
45 87
45 88
45 89
45 90
45 92
45 95
45 98
45 100
45 102
45 103
45 104
45 105
45 106
45 110
45 111
45 113
45 114
45 117
45 118
45 121
45 123
45 124
45 126
45 128
45 130
45 131
45 138
45 140
45 143
45 145
45 148
45 154
45 155
45 157
45 159
45 160
45 162
45 167
45 172
45 176
45 183
45 189
45 192
45 194
45 198
45 199
46 58
46 59
46 60
46 61
46 62
46 63
46 64
46 65
46 66
46 67
46 68
46 69
46 70
46 71
46 72
46 73
46 74
46 75
46 76
46 77
46 79
46 80
46 81
46 82
46 83
46 91
46 94
46 95
46 96
46 97
46 98
46 101
46 105
46 107
46 108
46 109
46 112
46 113
46 114
46 115
46 122
46 123
46 125
46 127
46 128
46 129
46 138
46 139
46 146
46 147
46 149
46 152
46 156
46 158
46 161
46 163
46 165
46 179
46 183
46 186
46 189
46 191
46 193
47 58
47 59
47 60
47 61
47 62
47 64
47 65
47 66
47 67
47 68
47 69
47 70
47 73
47 74
47 77
47 78
47 79
47 80
47 81
47 83
47 85
47 86
47 87
47 89
47 91
47 94
47 104
47 105
47 107
47 108
47 109
47 111
47 112
47 114
47 120
47 121
47 126
47 128
47 129
47 131
47 134
47 141
47 142
47 144
47 146
47 149
47 177
47 183
47 195
47 82
48 58
48 59
48 60
48 61
48 62
48 68
48 69
48 70
48 71
48 72
48 73
48 74
48 75
48 76
48 77
48 79
48 81
48 82
48 83
48 84
48 85
48 86
48 97
48 111
48 112
48 116
48 119
48 121
48 126
48 132
48 134
48 137
48 139
48 141
48 144
48 145
48 146
48 149
48 172
48 182
48 185
48 188
48 191
48 195
49 58
49 59
49 60
49 61
49 62
49 63
49 64
49 65
49 66
49 67
49 68
49 69
49 70
49 71
49 72
49 73
49 74
49 75
49 76
49 77
49 78
49 79
49 80
49 81
49 84
49 86
49 87
49 89
49 90
49 91
49 93
49 94
49 95
49 96
49 97
49 98
49 100
49 102
49 104
49 107
49 111
49 114
49 119
49 125
49 126
49 128
49 129
49 130
49 134
49 137
49 145
49 146
49 153
49 155
49 159
49 162
49 165
49 167
49 168
49 170
49 174
49 175
49 176
49 181
49 182
49 185
49 187
49 190
49 192
49 194
49 196
49 197
49 198
49 199
50 58
50 59
50 60
50 61
50 62
50 63
50 64
50 65
50 66
50 67
50 68
50 69
50 70
50 71
50 72
50 73
50 74
50 75
50 80
50 81
50 83
50 84
50 88
50 89
50 94
50 95
50 96
50 99
50 101
50 103
50 106
50 110
50 122
50 123
50 128
50 142
50 153
50 156
50 160
50 161
50 167
50 172
50 174
50 182
50 185
50 190
50 192
50 195
50 196
50 170
50 139
51 58
51 59
51 60
51 61
51 62
51 64
51 66
51 67
51 68
51 69
51 70
51 71
51 72
51 73
51 74
51 75
51 76
51 78
51 79
51 81
51 83
51 84
51 85
51 87
51 88
51 89
51 94
51 97
51 98
51 100
51 106
51 110
51 111
51 114
51 115
51 118
51 123
51 126
51 127
51 138
51 143
51 148
51 149
51 150
51 151
51 154
51 159
51 170
51 173
51 178
51 181
51 185
51 191
51 194
51 199
52 58
52 59
52 60
52 61
52 62
52 63
52 64
52 65
52 66
52 67
52 68
52 71
52 72
52 73
52 74
52 75
52 78
52 80
52 81
52 82
52 84
52 85
52 87
52 89
52 90
52 91
52 94
52 96
52 97
52 98
52 99
52 101
52 108
52 113
52 114
52 117
52 123
52 126
52 132
52 135
52 136
52 137
52 141
52 142
52 145
52 151
52 152
52 157
52 158
52 162
52 166
52 176
52 178
52 179
52 180
52 183
52 193
52 197
52 199
53 58
53 59
53 60
53 61
53 62
53 63
53 64
53 65
53 66
53 67
53 70
53 71
53 72
53 74
53 75
53 76
53 77
53 78
53 79
53 80
53 83
53 84
53 86
53 87
53 88
53 91
53 92
53 95
53 97
53 98
53 101
53 112
53 114
53 115
53 120
53 121
53 127
53 128
53 131
53 135
53 136
53 138
53 139
53 142
53 143
53 145
53 148
53 152
53 153
53 160
53 163
53 167
53 169
53 180
53 184
53 189
54 58
54 59
54 60
54 61
54 63
54 64
54 65
54 66
54 67
54 68
54 69
54 70
54 72
54 73
54 74
54 76
54 77
54 79
54 81
54 83
54 84
54 85
54 86
54 87
54 88
54 89
54 90
54 91
54 92
54 96
54 99
54 101
54 103
54 107
54 109
54 111
54 113
54 115
54 117
54 119
54 121
54 122
54 123
54 133
54 136
54 139
54 142
54 143
54 148
54 151
54 156
54 162
54 163
54 164
54 165
54 169
54 170
54 171
54 190
54 194
54 195
54 196
55 58
55 59
55 60
55 62
55 63
55 65
55 66
55 68
55 69
55 70
55 71
55 82
55 83
55 88
55 95
55 100
55 105
55 111
55 113
55 115
55 119
55 122
55 123
55 124
55 126
55 128
55 134
55 136
55 138
55 142
55 147
55 152
55 157
55 162
55 163
55 165
55 169
55 171
55 173
55 194
55 195
56 58
56 59
56 60
56 61
56 62
56 63
56 64
56 65
56 66
56 69
56 70
56 71
56 72
56 73
56 76
56 77
56 80
56 81
56 82
56 83
56 84
56 86
56 90
56 94
56 95
56 101
56 103
56 104
56 105
56 107
56 111
56 112
56 113
56 116
56 117
56 132
56 133
56 140
56 144
56 149
56 152
56 158
56 159
56 164
56 176
56 181
56 191
56 196
57 58
57 59
57 60
57 61
57 62
57 63
57 64
57 65
57 66
57 69
57 70
57 71
57 72
57 73
57 74
57 75
57 76
57 77
57 78
57 79
57 81
57 82
57 84
57 85
57 89
57 91
57 93
57 94
57 97
57 99
57 100
57 101
57 103
57 104
57 107
57 120
57 123
57 133
57 135
57 139
57 144
57 145
57 147
57 152
57 167
57 169
57 170
57 171
57 177
57 179
57 183
57 184
57 191
57 198
58 59
58 60
58 61
58 62
58 63
58 64
58 65
58 66
58 67
58 68
58 69
58 70
58 71
58 72
58 73
58 74
58 75
58 76
58 77
58 78
58 79
58 80
58 81
58 82
58 83
58 84
58 85
58 86
58 87
58 88
58 89
58 90
58 91
58 92
58 93
58 94
58 95
58 96
58 97
58 98
58 99
58 100
58 102
58 103
58 104
58 105
58 106
58 107
58 108
58 110
58 111
58 112
58 115
58 116
58 118
58 122
58 124
58 125
58 129
58 130
58 131
58 132
58 133
58 135
58 136
58 138
58 139
58 142
58 144
58 146
58 148
58 150
58 151
58 152
58 154
58 155
58 156
58 157
58 159
58 160
58 162
58 163
58 164
58 165
58 166
58 168
58 169
58 171
58 173
58 174
58 175
58 178
58 182
58 185
58 187
58 188
58 189
58 192
58 197
58 198
58 199
59 60
59 61
59 62
59 63
59 64
59 65
59 66
59 67
59 68
59 69
59 70
59 71
59 72
59 73
59 74
59 75
59 76
59 77
59 78
59 79
59 80
59 81
59 82
59 83
59 84
59 85
59 86
59 87
59 88
59 89
59 90
59 91
59 92
59 93
59 94
59 95
59 96
59 97
59 98
59 99
59 100
59 101
59 103
59 104
59 105
59 106
59 107
59 109
59 110
59 111
59 112
59 113
59 114
59 115
59 116
59 117
59 118
59 119
59 120
59 121
59 124
59 125
59 126
59 127
59 129
59 130
59 131
59 133
59 134
59 135
59 136
59 137
59 138
59 140
59 142
59 143
59 145
59 147
59 148
59 149
59 150
59 151
59 152
59 153
59 157
59 160
59 161
59 162
59 164
59 167
59 168
59 169
59 171
59 172
59 173
59 174
59 175
59 176
59 180
59 182
59 183
59 184
59 187
59 190
59 191
59 198
59 199
59 146
60 61
60 62
60 63
60 64
60 65
60 66
60 67
60 68
60 69
60 70
60 71
60 72
60 73
60 74
60 75
60 76
60 77
60 78
60 79
60 80
60 81
60 82
60 83
60 84
60 85
60 86
60 87
60 88
60 89
60 90
60 91
60 92
60 93
60 94
60 96
60 98
60 99
60 100
60 101
60 102
60 103
60 104
60 105
60 106
60 107
60 108
60 109
60 110
60 114
60 117
60 118
60 119
60 120
60 121
60 123
60 125
60 126
60 127
60 129
60 131
60 132
60 133
60 135
60 136
60 139
60 140
60 142
60 143
60 145
60 146
60 147
60 148
60 149
60 150
60 151
60 153
60 154
60 157
60 158
60 160
60 161
60 162
60 166
60 169
60 170
60 171
60 173
60 174
60 175
60 176
60 178
60 179
60 180
60 182
60 191
60 194
60 197
60 198
60 199
60 168
61 62
61 63
61 64
61 65
61 66
61 67
61 68
61 69
61 70
61 71
61 72
61 73
61 74
61 75
61 76
61 77
61 78
61 79
61 80
61 81
61 82
61 83
61 84
61 85
61 87
61 88
61 89
61 90
61 91
61 93
61 94
61 95
61 97
61 98
61 99
61 100
61 102
61 104
61 107
61 108
61 111
61 112
61 113
61 114
61 116
61 118
61 119
61 120
61 121
61 123
61 124
61 126
61 127
61 128
61 129
61 130
61 132
61 133
61 134
61 137
61 138
61 139
61 140
61 141
61 142
61 145
61 146
61 147
61 148
61 150
61 151
61 153
61 154
61 155
61 156
61 157
61 158
61 161
61 164
61 165
61 166
61 168
61 169
61 171
61 172
61 175
61 176
61 177
61 178
61 179
61 180
61 181
61 182
61 184
61 194
61 199
62 63
62 64
62 65
62 66
62 67
62 68
62 69
62 70
62 71
62 72
62 73
62 74
62 75
62 76
62 77
62 78
62 79
62 80
62 81
62 82
62 83
62 84
62 85
62 87
62 88
62 89
62 90
62 91
62 92
62 93
62 94
62 95
62 96
62 97
62 99
62 100
62 101
62 102
62 103
62 104
62 105
62 106
62 107
62 108
62 109
62 110
62 112
62 113
62 116
62 117
62 118
62 120
62 123
62 126
62 128
62 130
62 131
62 132
62 134
62 135
62 136
62 137
62 138
62 140
62 142
62 143
62 144
62 145
62 150
62 151
62 152
62 153
62 154
62 155
62 156
62 157
62 160
62 162
62 163
62 164
62 166
62 167
62 172
62 173
62 174
62 180
62 181
62 182
62 186
62 188
62 191
62 194
62 195
62 198
63 64
63 65
63 66
63 67
63 68
63 69
63 70
63 71
63 72
63 73
63 74
63 75
63 76
63 77
63 78
63 79
63 80
63 81
63 82
63 83
63 85
63 86
63 87
63 88
63 89
63 90
63 91
63 92
63 93
63 94
63 95
63 96
63 97
63 98
63 99
63 101
63 102
63 103
63 104
63 105
63 106
63 107
63 108
63 109
63 110
63 113
63 115
63 116
63 119
63 121
63 122
63 125
63 126
63 128
63 129
63 130
63 132
63 133
63 134
63 135
63 136
63 139
63 140
63 143
63 145
63 147
63 148
63 150
63 153
63 154
63 155
63 156
63 157
63 158
63 159
63 160
63 162
63 164
63 165
63 168
63 169
63 170
63 172
63 176
63 177
63 180
63 181
63 183
63 184
63 186
63 188
63 189
63 190
63 193
63 194
63 196
63 197
63 198
64 65
64 66
64 67
64 68
64 69
64 70
64 71
64 72
64 73
64 74
64 75
64 76
64 77
64 78
64 79
64 80
64 81
64 82
64 83
64 84
64 85
64 86
64 87
64 88
64 89
64 91
64 92
64 93
64 94
64 95
64 96
64 97
64 98
64 99
64 100
64 102
64 103
64 104
64 105
64 106
64 107
64 108
64 110
64 111
64 112
64 113
64 114
64 115
64 116
64 117
64 119
64 121
64 122
64 123
64 125
64 126
64 129
64 130
64 132
64 133
64 135
64 136
64 137
64 138
64 141
64 143
64 147
64 149
64 151
64 152
64 154
64 155
64 156
64 157
64 158
64 159
64 161
64 162
64 164
64 165
64 169
64 170
64 171
64 175
64 176
64 178
64 179
64 180
64 181
64 182
64 183
64 184
64 187
64 189
64 191
64 192
64 193
64 196
64 199
64 168
65 66
65 67
65 68
65 69
65 70
65 71
65 72
65 73
65 74
65 75
65 76
65 77
65 78
65 79
65 80
65 81
65 82
65 83
65 84
65 85
65 86
65 87
65 88
65 89
65 90
65 91
65 92
65 93
65 94
65 95
65 96
65 97
65 98
65 99
65 100
65 101
65 102
65 103
65 104
65 106
65 110
65 111
65 112
65 113
65 114
65 115
65 116
65 117
65 118
65 119
65 121
65 122
65 123
65 124
65 125
65 126
65 128
65 129
65 130
65 132
65 133
65 134
65 136
65 138
65 140
65 141
65 142
65 143
65 144
65 146
65 149
65 151
65 152
65 153
65 154
65 155
65 156
65 158
65 159
65 167
65 169
65 170
65 172
65 173
65 175
65 177
65 178
65 179
65 182
65 186
65 187
65 188
65 189
65 190
65 194
65 195
65 196
65 198
66 67
66 68
66 69
66 70
66 71
66 72
66 73
66 74
66 75
66 76
66 77
66 78
66 79
66 80
66 81
66 82
66 83
66 84
66 85
66 86
66 87
66 88
66 89
66 90
66 92
66 93
66 94
66 95
66 96
66 97
66 98
66 99
66 100
66 101
66 102
66 103
66 104
66 105
66 106
66 107
66 108
66 109
66 110
66 111
66 112
66 113
66 114
66 115
66 116
66 117
66 118
66 119
66 120
66 121
66 122
66 123
66 124
66 125
66 126
66 127
66 128
66 129
66 132
66 135
66 136
66 138
66 139
66 140
66 141
66 144
66 146
66 147
66 150
66 151
66 156
66 158
66 161
66 162
66 163
66 164
66 165
66 167
66 170
66 173
66 174
66 177
66 178
66 179
66 180
66 182
66 184
66 185
66 186
66 187
66 189
66 192
66 196
66 168
67 68
67 69
67 70
67 71
67 72
67 73
67 74
67 75
67 76
67 77
67 78
67 79
67 80
67 81
67 82
67 83
67 84
67 85
67 87
67 88
67 89
67 90
67 91
67 92
67 93
67 94
67 95
67 97
67 99
67 100
67 103
67 104
67 105
67 106
67 107
67 109
67 110
67 111
67 112
67 113
67 115
67 116
67 118
67 119
67 121
67 122
67 123
67 126
67 127
67 130
67 131
67 132
67 133
67 134
67 135
67 139
67 140
67 141
67 142
67 145
67 146
67 151
67 152
67 153
67 155
67 156
67 157
67 158
67 160
67 161
67 162
67 163
67 164
67 165
67 166
67 167
67 168
67 170
67 171
67 172
67 173
67 174
67 175
67 177
67 178
67 181
67 185
67 186
67 187
67 189
67 190
67 191
67 194
67 198
67 124
68 69
68 70
68 71
68 72
68 73
68 74
68 75
68 76
68 77
68 78
68 79
68 80
68 81
68 82
68 83
68 85
68 86
68 87
68 88
68 89
68 90
68 91
68 92
68 93
68 94
68 95
68 96
68 97
68 99
68 100
68 101
68 102
68 104
68 105
68 106
68 107
68 108
68 109
68 110
68 111
68 112
68 113
68 114
68 116
68 119
68 120
68 121
68 122
68 123
68 124
68 125
68 126
68 127
68 128
68 130
68 131
68 133
68 134
68 136
68 137
68 139
68 140
68 141
68 143
68 144
68 145
68 146
68 147
68 148
68 149
68 151
68 153
68 154
68 155
68 156
68 158
68 159
68 163
68 164
68 165
68 168
68 170
68 171
68 173
68 174
68 175
68 178
68 180
68 181
68 183
68 184
68 185
68 186
68 191
68 193
68 196
68 197
68 198
68 199
68 189
68 68
69 70
69 71
69 72
69 73
69 74
69 75
69 76
69 77
69 78
69 79
69 80
69 81
69 82
69 83
69 84
69 85
69 86
69 87
69 88
69 89
69 90
69 91
69 92
69 93
69 94
69 95
69 96
69 97
69 99
69 101
69 102
69 103
69 105
69 106
69 108
69 109
69 110
69 111
69 113
69 114
69 118
69 119
69 120
69 121
69 122
69 123
69 124
69 125
69 126
69 129
69 133
69 134
69 135
69 136
69 137
69 141
69 143
69 146
69 147
69 148
69 149
69 152
69 153
69 154
69 157
69 159
69 161
69 163
69 164
69 165
69 166
69 169
69 172
69 180
69 181
69 183
69 186
69 188
69 190
69 194
69 195
69 196
69 100
70 71
70 72
70 73
70 74
70 75
70 76
70 77
70 78
70 79
70 80
70 81
70 82
70 83
70 84
70 85
70 86
70 87
70 88
70 89
70 90
70 91
70 92
70 93
70 94
70 95
70 97
70 98
70 99
70 101
70 103
70 104
70 105
70 107
70 108
70 110
70 111
70 112
70 113
70 114
70 116
70 117
70 118
70 119
70 120
70 121
70 122
70 123
70 124
70 125
70 126
70 127
70 130
70 132
70 133
70 134
70 137
70 138
70 140
70 141
70 142
70 143
70 145
70 146
70 147
70 148
70 151
70 152
70 153
70 158
70 159
70 162
70 163
70 166
70 167
70 169
70 172
70 173
70 174
70 177
70 178
70 179
70 181
70 184
70 185
70 186
70 189
70 190
70 194
70 196
70 197
70 198
70 154
71 72
71 73
71 74
71 75
71 76
71 77
71 78
71 79
71 80
71 81
71 82
71 83
71 84
71 85
71 87
71 88
71 89
71 90
71 91
71 92
71 93
71 94
71 96
71 97
71 98
71 99
71 100
71 105
71 107
71 108
71 109
71 110
71 112
71 113
71 115
71 116
71 117
71 120
71 122
71 123
71 124
71 127
71 128
71 129
71 130
71 131
71 132
71 134
71 137
71 139
71 142
71 143
71 144
71 146
71 147
71 148
71 153
71 154
71 155
71 156
71 160
71 161
71 162
71 166
71 168
71 171
71 172
71 173
71 175
71 176
71 178
71 179
71 180
71 181
71 182
71 183
71 186
71 189
71 193
71 194
71 195
71 196
71 86
72 73
72 74
72 75
72 76
72 77
72 78
72 79
72 80
72 81
72 82
72 83
72 84
72 85
72 86
72 87
72 88
72 89
72 90
72 91
72 93
72 94
72 95
72 96
72 97
72 98
72 99
72 100
72 102
72 103
72 104
72 105
72 107
72 108
72 109
72 110
72 112
72 114
72 115
72 116
72 117
72 118
72 120
72 122
72 123
72 124
72 130
72 131
72 136
72 137
72 138
72 142
72 143
72 144
72 145
72 147
72 150
72 151
72 152
72 153
72 155
72 156
72 157
72 159
72 160
72 161
72 162
72 163
72 164
72 165
72 168
72 173
72 175
72 179
72 180
72 182
72 184
72 185
72 189
72 190
72 193
72 194
72 196
72 198
72 199
72 128
73 74
73 75
73 76
73 77
73 78
73 79
73 80
73 81
73 82
73 83
73 84
73 85
73 86
73 87
73 89
73 90
73 91
73 93
73 94
73 97
73 98
73 99
73 100
73 101
73 102
73 103
73 104
73 105
73 106
73 108
73 110
73 111
73 112
73 113
73 115
73 116
73 117
73 119
73 120
73 121
73 122
73 123
73 127
73 129
73 131
73 132
73 135
73 136
73 139
73 140
73 142
73 143
73 145
73 146
73 151
73 153
73 155
73 156
73 157
73 158
73 159
73 160
73 162
73 163
73 165
73 166
73 167
73 170
73 174
73 175
73 176
73 177
73 178
73 185
73 186
73 191
73 195
73 196
73 197
73 199
74 75
74 76
74 77
74 78
74 79
74 80
74 81
74 82
74 83
74 84
74 85
74 86
74 88
74 89
74 90
74 92
74 93
74 94
74 95
74 96
74 97
74 100
74 101
74 102
74 103
74 104
74 106
74 107
74 108
74 109
74 110
74 112
74 113
74 114
74 116
74 117
74 118
74 119
74 120
74 121
74 122
74 123
74 124
74 126
74 127
74 129
74 130
74 131
74 132
74 133
74 135
74 136
74 137
74 138
74 140
74 141
74 144
74 147
74 148
74 152
74 153
74 154
74 159
74 160
74 161
74 162
74 164
74 167
74 168
74 169
74 170
74 171
74 175
74 176
74 177
74 179
74 183
74 184
74 185
74 189
74 191
74 194
74 195
74 198
75 76
75 77
75 78
75 79
75 80
75 81
75 82
75 83
75 84
75 85
75 86
75 87
75 88
75 90
75 91
75 92
75 93
75 94
75 96
75 98
75 99
75 100
75 101
75 102
75 104
75 105
75 106
75 108
75 111
75 112
75 113
75 114
75 115
75 117
75 120
75 123
75 125
75 128
75 131
75 132
75 133
75 134
75 137
75 138
75 142
75 148
75 150
75 152
75 153
75 154
75 156
75 157
75 158
75 159
75 160
75 161
75 163
75 164
75 169
75 172
75 174
75 176
75 180
75 181
75 184
75 190
75 194
75 195
75 198
76 77
76 78
76 79
76 80
76 82
76 83
76 84
76 85
76 86
76 87
76 88
76 89
76 90
76 91
76 92
76 93
76 94
76 95
76 96
76 99
76 100
76 101
76 102
76 103
76 105
76 106
76 107
76 108
76 110
76 111
76 112
76 113
76 114
76 115
76 116
76 117
76 118
76 119
76 120
76 122
76 123
76 124
76 126
76 127
76 128
76 131
76 134
76 135
76 136
76 137
76 140
76 142
76 147
76 150
76 152
76 154
76 158
76 159
76 160
76 162
76 165
76 166
76 167
76 168
76 170
76 171
76 174
76 175
76 176
76 177
76 181
76 182
76 184
76 186
76 190
76 191
76 194
76 195
76 196
76 197
77 78
77 79
77 80
77 81
77 82
77 83
77 84
77 85
77 86
77 87
77 89
77 90
77 91
77 93
77 94
77 95
77 96
77 97
77 98
77 99
77 100
77 101
77 102
77 103
77 104
77 105
77 106
77 107
77 108
77 111
77 112
77 113
77 114
77 115
77 116
77 117
77 118
77 119
77 120
77 121
77 122
77 123
77 124
77 126
77 127
77 128
77 129
77 130
77 132
77 133
77 136
77 137
77 139
77 140
77 141
77 143
77 144
77 148
77 149
77 151
77 153
77 154
77 155
77 156
77 158
77 160
77 163
77 164
77 166
77 168
77 169
77 170
77 171
77 173
77 174
77 175
77 176
77 180
77 181
77 183
77 185
77 186
77 187
77 190
77 191
77 192
77 198
77 199
77 195
78 79
78 80
78 81
78 82
78 83
78 84
78 85
78 86
78 87
78 88
78 89
78 91
78 92
78 93
78 95
78 96
78 97
78 98
78 99
78 100
78 101
78 102
78 103
78 106
78 107
78 108
78 109
78 110
78 113
78 114
78 115
78 116
78 117
78 118
78 119
78 120
78 122
78 123
78 124
78 125
78 126
78 127
78 129
78 130
78 131
78 132
78 134
78 135
78 137
78 138
78 139
78 140
78 141
78 142
78 143
78 144
78 146
78 147
78 148
78 149
78 150
78 151
78 152
78 153
78 155
78 158
78 159
78 160
78 162
78 163
78 166
78 171
78 173
78 174
78 175
78 177
78 179
78 181
78 184
78 185
78 187
78 195
78 196
78 198
78 189
79 80
79 81
79 82
79 83
79 84
79 85
79 86
79 87
79 88
79 89
79 90
79 91
79 93
79 95
79 96
79 98
79 100
79 101
79 102
79 103
79 104
79 105
79 107
79 108
79 109
79 111
79 112
79 115
79 117
79 118
79 120
79 122
79 124
79 125
79 126
79 128
79 129
79 133
79 138
79 142
79 144
79 152
79 154
79 155
79 157
79 161
79 163
79 167
79 169
79 170
79 171
79 172
79 174
79 175
79 176
79 178
79 179
79 181
79 182
79 184
79 187
79 189
79 195
79 197
79 198
79 199
79 162
80 82
80 83
80 84
80 85
80 86
80 87
80 88
80 89
80 91
80 92
80 93
80 94
80 95
80 96
80 97
80 98
80 99
80 100
80 101
80 102
80 104
80 106
80 107
80 108
80 109
80 110
80 111
80 112
80 113
80 114
80 115
80 116
80 117
80 120
80 121
80 122
80 125
80 127
80 129
80 130
80 131
80 132
80 133
80 134
80 135
80 136
80 138
80 139
80 141
80 142
80 143
80 144
80 147
80 150
80 153
80 159
80 160
80 161
80 163
80 165
80 166
80 167
80 168
80 169
80 172
80 173
80 174
80 177
80 178
80 179
80 182
80 187
80 188
80 190
80 194
80 197
80 198
80 199
81 82
81 83
81 85
81 86
81 87
81 88
81 90
81 91
81 93
81 94
81 95
81 96
81 97
81 98
81 99
81 100
81 101
81 102
81 103
81 109
81 110
81 111
81 112
81 113
81 114
81 115
81 117
81 120
81 121
81 122
81 123
81 124
81 125
81 128
81 129
81 131
81 133
81 134
81 137
81 138
81 140
81 141
81 142
81 143
81 144
81 145
81 146
81 149
81 150
81 151
81 152
81 153
81 154
81 157
81 159
81 161
81 162
81 163
81 164
81 165
81 169
81 171
81 172
81 178
81 179
81 180
81 185
81 186
81 187
81 188
81 196
82 83
82 84
82 85
82 86
82 90
82 92
82 94
82 95
82 96
82 97
82 98
82 99
82 102
82 103
82 104
82 105
82 108
82 109
82 110
82 111
82 114
82 115
82 116
82 117
82 120
82 123
82 125
82 127
82 134
82 135
82 137
82 138
82 139
82 141
82 146
82 147
82 148
82 153
82 154
82 156
82 157
82 158
82 161
82 164
82 168
82 169
82 170
82 172
82 174
82 179
82 181
82 183
82 186
82 188
82 189
82 190
82 193
82 195
82 197
83 84
83 85
83 86
83 87
83 88
83 90
83 91
83 92
83 93
83 94
83 95
83 96
83 97
83 98
83 99
83 101
83 102
83 103
83 105
83 106
83 107
83 108
83 109
83 110
83 112
83 115
83 117
83 118
83 120
83 122
83 123
83 126
83 127
83 128
83 129
83 130
83 132
83 133
83 134
83 135
83 136
83 138
83 140
83 141
83 142
83 143
83 145
83 146
83 147
83 149
83 154
83 155
83 158
83 160
83 161
83 162
83 163
83 164
83 165
83 166
83 168
83 169
83 174
83 175
83 179
83 183
83 185
83 186
83 187
83 190
83 191
83 196
83 199
84 86
84 88
84 89
84 90
84 91
84 93
84 94
84 95
84 96
84 97
84 99
84 102
84 103
84 104
84 105
84 106
84 107
84 108
84 109
84 110
84 111
84 115
84 116
84 117
84 118
84 119
84 121
84 122
84 123
84 124
84 125
84 127
84 128
84 130
84 131
84 134
84 135
84 136
84 138
84 140
84 141
84 143
84 144
84 147
84 149
84 150
84 151
84 157
84 162
84 165
84 168
84 171
84 174
84 176
84 177
84 179
84 180
84 181
84 182
84 183
84 184
84 186
84 191
84 192
85 86
85 87
85 88
85 89
85 90
85 91
85 92
85 93
85 94
85 95
85 96
85 98
85 100
85 101
85 102
85 104
85 105
85 107
85 108
85 109
85 110
85 111
85 112
85 113
85 114
85 115
85 116
85 117
85 118
85 121
85 122
85 124
85 125
85 126
85 128
85 129
85 131
85 133
85 134
85 135
85 136
85 137
85 139
85 141
85 143
85 144
85 145
85 146
85 147
85 148
85 150
85 151
85 153
85 155
85 156
85 161
85 164
85 165
85 169
85 171
85 178
85 179
85 181
85 184
85 185
85 188
85 189
85 190
85 192
85 198
86 87
86 88
86 91
86 92
86 93
86 95
86 96
86 97
86 98
86 99
86 100
86 101
86 105
86 106
86 108
86 109
86 112
86 115
86 116
86 118
86 119
86 122
86 124
86 125
86 126
86 127
86 128
86 129
86 130
86 131
86 132
86 133
86 134
86 136
86 138
86 145
86 148
86 149
86 151
86 154
86 156
86 160
86 164
86 168
86 169
86 170
86 173
86 178
86 179
86 183
86 187
86 190
86 191
86 194
86 196
87 88
87 89
87 92
87 93
87 95
87 96
87 97
87 99
87 100
87 101
87 102
87 103
87 104
87 106
87 107
87 108
87 109
87 110
87 112
87 113
87 114
87 115
87 116
87 117
87 119
87 121
87 123
87 124
87 125
87 127
87 130
87 131
87 132
87 133
87 134
87 135
87 137
87 141
87 142
87 143
87 144
87 145
87 147
87 149
87 150
87 151
87 157
87 158
87 160
87 162
87 163
87 165
87 166
87 167
87 168
87 169
87 174
87 177
87 180
87 181
87 183
87 184
87 185
87 186
87 187
87 190
87 192
87 194
87 199
88 89
88 90
88 91
88 92
88 93
88 94
88 95
88 96
88 97
88 98
88 99
88 100
88 101
88 102
88 104
88 107
88 110
88 112
88 113
88 114
88 117
88 120
88 121
88 123
88 124
88 125
88 126
88 128
88 130
88 131
88 133
88 134
88 136
88 137
88 139
88 140
88 142
88 144
88 145
88 147
88 149
88 150
88 151
88 152
88 153
88 154
88 157
88 160
88 161
88 165
88 167
88 168
88 169
88 173
88 174
88 176
88 177
88 178
88 181
88 183
88 184
88 195
88 197
88 166
88 185
89 90
89 91
89 92
89 93
89 94
89 95
89 96
89 98
89 99
89 100
89 102
89 103
89 106
89 107
89 109
89 111
89 112
89 113
89 116
89 118
89 119
89 120
89 121
89 122
89 123
89 127
89 131
89 134
89 135
89 136
89 137
89 141
89 143
89 144
89 146
89 147
89 149
89 150
89 153
89 155
89 157
89 159
89 160
89 161
89 166
89 167
89 168
89 169
89 173
89 175
89 178
89 179
89 180
89 184
89 185
89 186
89 191
89 192
89 197
89 193
90 91
90 93
90 94
90 95
90 96
90 97
90 100
90 101
90 102
90 103
90 104
90 107
90 108
90 109
90 110
90 111
90 113
90 114
90 115
90 116
90 117
90 118
90 120
90 124
90 125
90 127
90 128
90 129
90 131
90 132
90 133
90 137
90 138
90 139
90 141
90 142
90 143
90 144
90 146
90 149
90 150
90 153
90 154
90 155
90 156
90 158
90 159
90 160
90 168
90 172
90 176
90 177
90 180
90 182
90 183
90 184
90 185
90 188
90 191
90 194
90 196
90 198
91 95
91 96
91 97
91 98
91 99
91 100
91 102
91 103
91 105
91 106
91 107
91 110
91 112
91 113
91 114
91 119
91 120
91 123
91 124
91 125
91 127
91 129
91 130
91 132
91 133
91 134
91 138
91 140
91 144
91 146
91 148
91 150
91 151
91 152
91 156
91 160
91 165
91 166
91 168
91 170
91 174
91 179
91 183
91 184
91 187
91 188
91 194
91 196
91 197
91 167
92 93
92 94
92 95
92 96
92 97
92 98
92 99
92 100
92 101
92 102
92 104
92 106
92 107
92 108
92 109
92 110
92 111
92 113
92 114
92 116
92 118
92 119
92 121
92 122
92 126
92 127
92 130
92 131
92 132
92 133
92 135
92 137
92 138
92 139
92 140
92 141
92 143
92 144
92 146
92 148
92 152
92 154
92 155
92 157
92 158
92 159
92 163
92 164
92 168
92 171
92 178
92 181
92 182
92 183
92 185
92 186
92 190
92 191
92 193
92 195
92 161
93 94
93 95
93 96
93 97
93 98
93 100
93 102
93 103
93 104
93 105
93 106
93 107
93 109
93 110
93 111
93 115
93 119
93 123
93 128
93 129
93 132
93 133
93 136
93 139
93 141
93 145
93 146
93 149
93 155
93 156
93 157
93 160
93 162
93 163
93 165
93 168
93 170
93 171
93 173
93 176
93 178
93 180
93 182
93 183
93 184
93 186
93 187
93 189
93 190
93 191
93 192
93 193
93 198
93 199
93 164
93 169
94 95
94 96
94 97
94 98
94 99
94 101
94 102
94 103
94 106
94 109
94 110
94 111
94 112
94 113
94 114
94 115
94 116
94 117
94 118
94 120
94 121
94 124
94 126
94 127
94 129
94 130
94 131
94 134
94 135
94 136
94 138
94 139
94 141
94 145
94 147
94 149
94 152
94 156
94 157
94 164
94 166
94 169
94 177
94 179
94 181
94 182
94 183
94 188
94 189
94 195
94 198
95 96
95 97
95 98
95 100
95 102
95 103
95 105
95 106
95 107
95 108
95 109
95 110
95 111
95 112
95 113
95 114
95 115
95 116
95 117
95 118
95 120
95 122
95 123
95 124
95 125
95 127
95 128
95 129
95 130
95 133
95 135
95 136
95 137
95 138
95 139
95 140
95 142
95 143
95 144
95 147
95 148
95 153
95 156
95 157
95 158
95 159
95 160
95 161
95 163
95 164
95 166
95 167
95 173
95 174
95 176
95 178
95 181
95 182
95 185
95 187
95 188
95 189
95 191
95 193
95 194
95 196
95 197
95 131
96 97
96 100
96 101
96 103
96 106
96 107
96 108
96 109
96 110
96 111
96 114
96 116
96 119
96 122
96 125
96 126
96 127
96 131
96 132
96 134
96 137
96 141
96 143
96 147
96 153
96 157
96 165
96 167
96 168
96 173
96 176
96 180
96 181
96 182
96 186
96 187
96 199
97 98
97 99
97 101
97 102
97 103
97 104
97 105
97 107
97 108
97 110
97 111
97 113
97 116
97 118
97 119
97 120
97 121
97 122
97 124
97 127
97 131
97 132
97 133
97 138
97 139
97 140
97 143
97 144
97 146
97 150
97 151
97 153
97 155
97 158
97 159
97 160
97 163
97 164
97 166
97 167
97 171
97 173
97 175
97 179
97 180
97 181
97 183
97 184
97 185
97 187
97 189
97 192
97 193
97 194
97 197
97 198
97 129
97 126
98 100
98 101
98 103
98 104
98 105
98 107
98 108
98 109
98 110
98 111
98 112
98 113
98 114
98 118
98 119
98 120
98 121
98 122
98 128
98 129
98 132
98 135
98 139
98 141
98 142
98 143
98 145
98 146
98 148
98 149
98 150
98 151
98 153
98 154
98 155
98 156
98 158
98 161
98 162
98 165
98 167
98 168
98 172
98 176
98 177
98 182
98 183
98 185
98 187
98 196
98 197
98 199
98 116
99 100
99 101
99 102
99 104
99 105
99 106
99 110
99 111
99 113
99 118
99 119
99 121
99 122
99 125
99 128
99 131
99 134
99 135
99 136
99 137
99 139
99 141
99 144
99 146
99 148
99 150
99 151
99 155
99 156
99 160
99 161
99 163
99 165
99 167
99 170
99 171
99 172
99 175
99 178
99 182
99 185
99 186
99 187
99 188
99 190
99 192
99 193
99 195
99 176
99 184
100 101
100 102
100 104
100 106
100 107
100 109
100 111
100 112
100 114
100 115
100 116
100 117
100 119
100 120
100 124
100 126
100 127
100 128
100 129
100 130
100 131
100 132
100 134
100 135
100 136
100 140
100 142
100 145
100 146
100 148
100 149
100 152
100 153
100 155
100 156
100 159
100 160
100 161
100 166
100 167
100 171
100 174
100 176
100 177
100 179
100 180
100 183
100 190
100 192
100 195
100 196
100 197
100 198
100 138
101 103
101 104
101 106
101 107
101 109
101 111
101 112
101 115
101 116
101 117
101 119
101 120
101 122
101 123
101 126
101 129
101 133
101 135
101 144
101 146
101 147
101 148
101 149
101 157
101 158
101 162
101 163
101 165
101 170
101 173
101 174
101 176
101 178
101 179
101 183
101 184
101 185
101 188
101 189
101 190
101 192
101 196
101 197
102 103
102 104
102 105
102 106
102 107
102 109
102 111
102 112
102 113
102 116
102 117
102 118
102 120
102 121
102 123
102 125
102 126
102 127
102 128
102 129
102 131
102 132
102 134
102 135
102 136
102 140
102 141
102 142
102 144
102 145
102 146
102 147
102 149
102 150
102 151
102 152
102 153
102 155
102 156
102 157
102 158
102 164
102 165
102 166
102 169
102 173
102 175
102 176
102 178
102 184
102 186
102 190
102 191
102 192
102 197
103 104
103 105
103 108
103 113
103 115
103 116
103 117
103 120
103 124
103 125
103 132
103 135
103 136
103 137
103 142
103 152
103 154
103 160
103 163
103 164
103 170
103 171
103 172
103 175
103 179
103 181
103 185
103 188
103 191
103 196
104 105
104 110
104 111
104 113
104 114
104 117
104 118
104 119
104 120
104 121
104 123
104 126
104 129
104 130
104 132
104 138
104 140
104 145
104 148
104 152
104 154
104 155
104 156
104 160
104 164
104 166
104 167
104 168
104 169
104 172
104 173
104 175
104 180
104 183
104 189
104 190
104 197
104 199
105 106
105 108
105 109
105 111
105 113
105 114
105 115
105 116
105 117
105 118
105 119
105 121
105 122
105 124
105 125
105 126
105 132
105 133
105 135
105 136
105 137
105 138
105 144
105 147
105 148
105 149
105 151
105 155
105 157
105 158
105 160
105 161
105 162
105 164
105 166
105 168
105 170
105 171
105 172
105 174
105 175
105 176
105 177
105 181
105 186
105 190
105 192
105 195
105 196
105 199
105 163
106 107
106 109
106 110
106 112
106 113
106 115
106 116
106 119
106 121
106 124
106 125
106 127
106 128
106 129
106 131
106 132
106 135
106 139
106 140
106 145
106 146
106 147
106 149
106 151
106 152
106 153
106 155
106 156
106 158
106 162
106 164
106 165
106 166
106 167
106 170
106 180
106 181
106 186
106 189
106 192
106 193
107 108
107 109
107 110
107 112
107 113
107 114
107 115
107 119
107 120
107 123
107 130
107 131
107 135
107 136
107 137
107 138
107 139
107 140
107 141
107 142
107 146
107 150
107 152
107 153
107 157
107 161
107 162
107 163
107 164
107 168
107 171
107 173
107 175
107 183
107 184
107 185
107 189
107 191
107 147
108 109
108 112
108 115
108 116
108 118
108 119
108 120
108 122
108 124
108 125
108 126
108 127
108 128
108 129
108 130
108 131
108 132
108 135
108 137
108 139
108 140
108 141
108 146
108 147
108 148
108 149
108 151
108 157
108 158
108 160
108 161
108 163
108 165
108 170
108 172
108 173
108 176
108 177
108 178
108 179
108 181
108 183
108 184
108 186
108 187
108 189
108 193
108 195
108 198
109 110
109 111
109 112
109 113
109 115
109 117
109 119
109 120
109 122
109 124
109 125
109 127
109 129
109 130
109 131
109 132
109 138
109 139
109 141
109 145
109 148
109 150
109 151
109 159
109 162
109 165
109 166
109 170
109 177
109 181
109 187
109 192
109 195
109 196
109 199
110 111
110 112
110 113
110 115
110 120
110 125
110 126
110 127
110 129
110 131
110 134
110 136
110 137
110 139
110 142
110 144
110 145
110 146
110 147
110 148
110 154
110 156
110 158
110 159
110 161
110 162
110 163
110 166
110 175
110 177
110 179
110 182
110 186
110 188
110 190
110 191
110 193
110 194
110 196
111 119
111 120
111 123
111 124
111 125
111 127
111 130
111 132
111 135
111 136
111 139
111 144
111 149
111 150
111 154
111 155
111 156
111 161
111 163
111 164
111 170
111 176
111 177
111 178
111 185
111 188
111 189
111 194
111 197
111 198
111 113
112 114
112 115
112 116
112 117
112 118
112 121
112 124
112 128
112 130
112 132
112 133
112 135
112 138
112 140
112 143
112 144
112 149
112 150
112 151
112 153
112 154
112 156
112 158
112 164
112 165
112 168
112 169
112 172
112 179
112 182
112 184
112 187
112 188
112 189
112 190
112 194
112 196
112 129
113 114
113 115
113 116
113 118
113 119
113 120
113 121
113 122
113 123
113 128
113 129
113 131
113 132
113 135
113 137
113 139
113 140
113 141
113 143
113 144
113 149
113 151
113 152
113 158
113 165
113 166
113 170
113 181
113 186
113 189
113 192
113 193
113 195
114 115
114 116
114 121
114 122
114 123
114 124
114 126
114 128
114 130
114 131
114 137
114 138
114 139
114 140
114 141
114 142
114 143
114 144
114 154
114 157
114 159
114 162
114 166
114 167
114 169
114 171
114 172
114 175
114 184
114 188
114 192
114 193
114 194
114 198
114 153
115 117
115 119
115 121
115 122
115 123
115 124
115 126
115 128
115 130
115 132
115 133
115 134
115 136
115 137
115 138
115 139
115 143
115 144
115 145
115 146
115 147
115 148
115 153
115 155
115 157
115 159
115 161
115 164
115 165
115 166
115 171
115 173
115 175
115 177
115 178
115 179
115 188
115 190
115 192
115 193
115 195
115 197
115 199
116 117
116 118
116 119
116 124
116 126
116 127
116 129
116 130
116 133
116 134
116 136
116 137
116 138
116 141
116 145
116 147
116 148
116 152
116 154
116 155
116 156
116 159
116 160
116 161
116 162
116 163
116 165
116 166
116 168
116 178
116 184
116 185
116 187
116 188
116 190
116 192
116 193
116 194
116 198
117 119
117 120
117 122
117 125
117 128
117 132
117 134
117 138
117 139
117 141
117 144
117 148
117 150
117 152
117 153
117 156
117 160
117 164
117 168
117 169
117 173
117 174
117 187
117 188
117 192
117 194
117 196
117 199
117 157
118 121
118 125
118 131
118 132
118 133
118 135
118 136
118 137
118 140
118 142
118 145
118 147
118 148
118 151
118 155
118 160
118 161
118 163
118 170
118 172
118 173
118 174
118 175
118 177
118 178
118 180
118 181
118 182
118 184
118 185
118 186
118 190
118 192
118 197
119 120
119 122
119 123
119 124
119 127
119 128
119 132
119 133
119 135
119 140
119 141
119 148
119 150
119 154
119 155
119 159
119 160
119 165
119 166
119 167
119 169
119 172
119 176
119 177
119 178
119 181
119 183
119 186
119 190
119 195
119 198
120 121
120 122
120 126
120 129
120 131
120 134
120 135
120 137
120 139
120 140
120 143
120 145
120 149
120 154
120 157
120 158
120 161
120 164
120 165
120 167
120 168
120 173
120 176
120 177
120 178
120 179
120 181
120 182
120 183
120 185
120 187
120 188
120 191
120 193
120 195
121 122
121 124
121 125
121 128
121 129
121 130
121 132
121 134
121 135
121 136
121 137
121 139
121 142
121 145
121 147
121 148
121 150
121 154
121 173
121 174
121 175
121 177
121 188
121 189
121 194
121 196
121 163
122 125
122 133
122 134
122 135
122 137
122 142
122 143
122 144
122 147
122 149
122 151
122 154
122 159
122 160
122 161
122 162
122 163
122 170
122 176
122 177
122 181
122 187
122 189
122 195
122 196
123 127
123 131
123 135
123 137
123 141
123 143
123 144
123 149
123 150
123 151
123 157
123 158
123 159
123 161
123 163
123 166
123 177
123 180
123 182
123 188
123 191
123 193
123 197
123 198
124 125
124 126
124 129
124 130
124 131
124 137
124 138
124 139
124 140
124 142
124 145
124 146
124 147
124 150
124 154
124 158
124 159
124 162
124 163
124 164
124 169
124 170
124 171
124 172
124 173
124 176
124 178
124 179
124 184
124 189
124 194
124 195
124 196
124 197
125 126
125 127
125 129
125 130
125 132
125 134
125 136
125 137
125 139
125 141
125 142
125 143
125 147
125 154
125 155
125 157
125 159
125 162
125 163
125 164
125 166
125 168
125 169
125 172
125 176
125 177
125 179
125 180
125 181
125 183
125 187
125 192
125 193
125 194
125 199
125 133
126 128
126 129
126 130
126 138
126 140
126 142
126 146
126 151
126 152
126 155
126 159
126 168
126 170
126 171
126 172
126 179
126 181
126 182
126 187
126 191
126 192
126 193
126 197
127 128
127 133
127 134
127 135
127 139
127 144
127 145
127 148
127 149
127 150
127 152
127 154
127 156
127 163
127 170
127 172
127 173
127 176
127 177
127 179
127 184
127 185
127 187
127 190
127 196
128 129
128 134
128 136
128 138
128 140
128 146
128 148
128 149
128 150
128 153
128 156
128 158
128 159
128 169
128 171
128 174
128 182
128 184
128 188
128 192
128 193
128 196
129 132
129 137
129 141
129 143
129 148
129 150
129 152
129 157
129 164
129 165
129 166
129 167
129 170
129 172
129 176
129 177
129 179
129 185
129 186
129 199
130 133
130 135
130 141
130 142
130 150
130 151
130 157
130 162
130 171
130 172
130 176
130 177
130 182
130 185
130 188
130 197
130 198
131 134
131 140
131 143
131 145
131 146
131 147
131 153
131 155
131 158
131 161
131 165
131 166
131 167
131 169
131 171
131 172
131 173
131 177
131 178
131 179
131 183
131 186
131 190
131 196
132 134
132 135
132 137
132 138
132 141
132 144
132 145
132 146
132 147
132 159
132 163
132 164
132 166
132 169
132 170
132 171
132 172
132 179
132 183
132 186
132 188
132 190
132 196
132 197
132 199
132 157
133 135
133 137
133 140
133 145
133 146
133 149
133 151
133 154
133 157
133 158
133 160
133 164
133 170
133 173
133 174
133 175
133 176
133 179
133 181
133 189
133 190
133 192
133 193
133 195
133 199
134 139
134 141
134 142
134 144
134 145
134 151
134 152
134 158
134 159
134 160
134 164
134 167
134 168
134 169
134 171
134 172
134 173
134 175
134 180
134 187
134 192
134 194
134 196
135 146
135 150
135 152
135 153
135 154
135 155
135 158
135 161
135 167
135 171
135 175
135 177
135 179
135 180
135 181
135 182
135 192
135 195
136 138
136 140
136 142
136 143
136 146
136 156
136 162
136 164
136 165
136 166
136 167
136 170
136 172
136 178
136 180
136 183
136 184
136 190
136 193
136 197
136 139
137 139
137 142
137 147
137 149
137 152
137 161
137 162
137 168
137 169
137 175
137 178
137 179
137 182
137 183
137 188
138 139
138 144
138 151
138 152
138 154
138 155
138 168
138 174
138 178
138 180
138 189
138 192
138 198
139 141
139 146
139 148
139 150
139 151
139 153
139 155
139 158
139 159
139 161
139 162
139 163
139 166
139 169
139 170
139 172
139 174
139 175
139 178
139 182
139 186
139 187
139 195
139 198
139 156
140 141
140 149
140 150
140 152
140 154
140 158
140 161
140 167
140 168
140 169
140 183
140 184
140 189
140 191
140 192
140 197
140 199
141 145
141 147
141 148
141 151
141 157
141 160
141 164
141 165
141 166
141 168
141 169
141 171
141 180
141 184
141 188
141 191
141 193
141 197
141 198
141 192
142 147
142 150
142 159
142 168
142 169
142 170
142 171
142 177
142 178
142 179
142 181
142 183
142 191
142 195
143 149
143 150
143 151
143 153
143 155
143 159
143 161
143 163
143 176
143 180
143 181
143 184
143 187
143 188
143 195
144 149
144 154
144 155
144 157
144 162
144 165
144 168
144 169
144 177
144 187
144 191
144 192
144 195
144 196
144 198
145 147
145 148
145 149
145 151
145 152
145 153
145 155
145 160
145 161
145 167
145 173
145 176
145 179
145 186
145 187
145 188
145 190
145 192
145 193
145 196
145 177
146 158
146 161
146 165
146 166
146 170
146 178
146 182
146 184
146 189
146 191
146 194
146 198
146 199
147 149
147 152
147 155
147 156
147 157
147 159
147 171
147 172
147 175
147 180
147 184
147 185
147 186
147 188
147 190
147 191
147 192
148 149
148 155
148 158
148 160
148 161
148 167
148 170
148 172
148 174
148 177
148 183
148 186
148 187
148 193
148 194
148 195
148 198
148 154
149 152
149 158
149 160
149 162
149 165
149 167
149 174
149 185
149 191
149 193
149 194
150 151
150 159
150 160
150 161
150 162
150 164
150 166
150 167
150 171
150 177
150 179
150 182
150 183
150 184
150 185
150 188
150 192
150 193
150 195
151 153
151 154
151 161
151 164
151 167
151 173
151 174
151 176
151 179
151 180
151 183
151 186
151 188
151 192
151 196
151 197
151 199
152 153
152 162
152 164
152 166
152 167
152 170
152 171
152 172
152 175
152 180
152 183
152 184
152 191
152 194
153 159
153 161
153 164
153 167
153 169
153 170
153 172
153 176
153 179
153 181
153 183
153 185
153 186
153 188
153 189
153 190
153 197
153 198
153 199
154 155
154 165
154 171
154 174
154 176
154 177
154 181
154 185
154 187
154 199
155 158
155 168
155 172
155 197
155 198
156 159
156 162
156 172
156 174
156 175
156 182
156 183
156 190
156 193
156 195
156 199
157 162
157 175
157 180
157 182
157 191
157 192
157 194
158 170
158 173
158 174
158 182
158 188
158 191
158 192
158 193
158 194
158 198
158 199
159 160
159 162
159 167
159 170
159 174
159 175
159 177
159 182
159 184
159 185
159 186
159 187
159 189
159 193
159 194
159 199
160 165
160 171
160 173
160 180
160 181
160 188
160 190
160 197
161 167
161 168
161 170
161 172
161 174
161 175
161 176
161 183
161 185
161 191
161 192
161 195
161 196
161 197
162 167
162 171
162 181
162 183
162 184
162 186
162 199
163 164
163 166
163 167
163 169
163 192
163 198
164 166
164 168
164 169
164 172
164 173
164 175
164 187
164 188
164 190
164 193
164 196
164 198
164 199
165 166
165 172
165 177
165 178
165 182
165 189
165 197
166 172
166 175
166 178
166 187
166 191
166 198
167 170
167 171
167 175
167 177
167 178
167 179
167 182
167 189
167 191
167 192
167 193
167 197
168 169
168 170
168 173
168 176
168 177
168 180
168 186
168 187
168 189
168 191
169 171
169 172
169 174
169 175
169 181
169 182
169 185
169 186
169 187
169 188
169 191
169 192
169 193
170 176
170 178
170 185
170 189
170 180
171 175
171 180
171 184
171 188
171 190
171 192
171 193
171 196
171 197
172 175
172 177
172 187
172 192
172 196
172 199
173 176
173 181
173 183
173 193
173 196
173 199
174 176
174 184
174 188
174 192
174 197
174 183
175 180
175 189
175 190
175 191
175 194
175 198
175 181
176 182
176 187
176 191
176 193
176 197
177 178
177 180
177 181
177 182
177 183
177 189
177 192
177 193
177 194
177 196
177 198
177 199
178 187
178 188
178 189
178 193
178 195
179 180
179 184
179 185
179 187
179 190
179 194
179 195
179 199
180 186
180 188
180 195
180 197
181 183
181 184
181 186
181 190
181 198
182 184
182 186
182 188
182 189
182 191
182 193
182 194
182 197
183 185
183 186
183 187
183 195
183 196
183 197
183 198
184 187
184 193
184 197
184 199
185 189
185 193
185 198
186 195
186 198
187 189
187 193
187 195
189 193
190 198
191 197
191 199
192 194
193 194
194 199
195 199
196 197
196 198