476479153
4
200
875
0 4
0 5
0 6
0 7
0 11
0 13
0 17
0 19
0 21
0 33
0 44
0 47
0 56
0 62
0 72
0 152
0 190
0 193
0 196
0 197
1 4
1 5
1 6
1 14
1 17
1 40
1 46
1 51
1 59
1 87
1 93
1 106
1 125
1 146
1 158
1 179
1 117
2 4
2 50
3 4
3 5
3 6
3 7
3 10
3 11
3 12
3 15
3 18
3 19
3 24
3 26
3 27
3 30
3 33
3 35
3 39
3 72
3 75
3 92
3 93
3 95
3 133
3 145
3 198
3 40
4 5
4 6
4 7
4 8
4 9
4 10
4 11
4 13
4 16
4 18
4 20
4 21
4 23
4 25
4 31
4 37
4 38
4 39
4 46
4 47
4 48
4 49
4 53
4 54
4 56
4 63
4 66
4 72
4 73
4 86
4 88
4 89
4 91
4 93
4 102
4 111
4 116
4 118
4 123
4 149
4 151
4 154
4 168
4 178
4 184
4 185
4 187
4 189
4 193
4 196
4 165
4 59
4 78
4 131
4 139
4 146
4 186
5 8
5 9
5 10
5 12
5 20
5 27
5 34
5 51
5 57
5 58
5 64
5 68
5 84
5 88
5 89
5 97
5 101
5 113
5 120
5 132
5 137
5 138
5 140
5 141
5 149
5 153
5 155
5 164
5 166
5 169
5 176
5 179
5 194
5 69
5 95
6 7
6 8
6 9
6 12
6 13
6 14
6 15
6 19
6 21
6 22
6 24
6 28
6 32
6 36
6 40
6 43
6 61
6 65
6 84
6 87
6 92
6 119
6 120
6 134
6 140
6 178
6 195
6 173
6 16
6 132
6 177
7 8
7 9
7 12
7 13
7 14
7 16
7 24
7 25
7 30
7 34
7 37
7 42
7 50
7 53
7 55
7 59
7 65
7 73
7 74
7 76
7 83
7 105
7 110
7 113
7 127
7 129
7 137
7 141
7 158
7 166
7 188
7 46
8 10
8 11
8 18
8 23
8 24
8 27
8 28
8 39
8 45
8 49
8 53
8 54
8 58
8 69
8 79
8 80
8 83
8 94
8 96
8 98
8 107
8 119
8 122
8 125
8 128
8 142
8 153
8 162
8 168
8 172
8 134
9 22
9 23
9 27
9 28
9 41
9 75
9 76
9 78
9 132
9 134
9 141
9 144
9 196
9 44
10 14
10 15
10 22
10 25
10 28
10 29
10 50
10 54
10 57
10 64
10 73
10 83
10 88
10 106
10 117
10 124
10 148
10 160
10 163
10 179
11 19
11 21
11 23
11 32
11 55
11 67
11 68
11 82
11 85
11 99
11 118
11 126
11 91
12 15
12 16
12 17
12 18
12 26
12 30
12 33
12 42
12 44
12 52
12 62
12 76
12 92
12 107
12 108
12 114
12 120
12 135
12 136
12 137
12 142
12 144
12 159
12 165
12 167
12 170
12 182
12 191
12 197
12 50
12 77
12 90
12 184
12 195
13 65
13 127
13 144
13 184
14 16
14 31
14 36
14 37
14 42
14 94
14 111
14 198
14 191
15 20
15 30
15 32
15 89
15 93
15 95
15 110
15 136
15 139
15 147
15 170
15 88
16 17
16 20
16 22
16 26
16 29
16 31
16 41
16 49
16 60
16 71
16 74
16 96
16 109
16 114
16 145
16 150
16 153
16 19
17 38
17 40
17 70
17 71
17 99
17 126
18 32
18 37
18 39
18 51
18 55
18 73
18 97
18 101
18 102
18 112
18 119
18 140
18 141
18 152
18 154
18 161
18 164
18 173
18 186
18 187
18 191
18 33
19 25
19 35
19 36
19 125
19 135
19 156
19 164
19 167
19 104
20 35
20 38
20 46
20 53
20 60
20 61
20 63
20 71
20 75
20 78
20 90
20 91
20 100
20 113
20 114
20 130
20 146
20 160
20 176
20 184
20 22
21 42
21 85
21 117
21 150
21 187
22 36
22 44
22 65
22 66
22 75
22 79
22 87
22 104
22 116
22 117
22 121
22 149
22 164
22 180
22 35
22 107
22 127
23 26
23 169
23 59
24 35
24 43
24 47
24 63
24 91
24 98
24 103
24 124
24 135
24 142
24 163
24 172
24 173
24 199
24 101
25 55
25 62
25 64
25 81
25 131
25 138
25 196
25 29
25 27
25 192
26 29
26 43
26 52
26 81
26 86
26 123
26 175
26 108
26 120
27 31
27 34
28 29
28 33
28 48
28 58
28 83
28 85
28 152
28 165
28 167
28 171
28 174
28 175
28 179
28 56
29 40
29 45
29 71
29 77
29 106
29 107
29 108
29 116
29 183
29 49
29 178
30 34
30 44
30 70
30 78
30 82
30 132
30 147
30 61
31 61
31 70
31 77
31 175
31 117
32 41
32 92
32 104
32 128
32 143
33 45
33 90
33 108
34 38
34 66
34 77
34 100
34 146
34 156
34 190
34 195
34 47
35 41
35 52
35 151
36 105
36 130
36 87
37 49
37 56
37 95
37 122
37 126
37 135
37 159
37 199
37 107
38 48
38 68
38 79
38 98
38 57
39 62
39 123
40 48
40 51
40 57
40 69
40 72
40 94
40 109
40 112
40 114
40 128
40 144
40 175
40 82
41 43
41 57
41 59
41 68
41 77
41 169
41 181
42 50
42 52
42 60
42 99
42 102
42 107
42 125
42 129
42 151
42 159
42 161
43 45
43 138
44 46
44 156
45 64
45 81
45 86
45 112
46 47
47 54
47 58
47 67
47 123
47 133
47 134
47 152
47 159
47 188
47 189
47 191
47 193
48 87
48 122
48 148
48 50
49 56
50 109
50 131
50 133
50 188
50 192
51 129
51 62
52 145
52 170
52 177
52 178
52 52
53 168
54 118
54 130
54 156
54 177
54 86
55 63
55 67
55 88
55 115
55 161
55 177
55 114
56 59
57 60
57 69
57 74
57 80
57 84
57 98
57 101
57 102
57 117
57 190
58 76
58 129
58 165
58 170
58 109
59 61
59 67
59 126
59 136
59 176
59 144
60 69
60 79
60 157
61 74
61 82
61 171
62 169
62 190
63 138
64 103
64 121
64 180
65 66
65 70
65 85
65 124
65 139
66 80
67 81
67 89
67 106
67 140
67 146
67 148
67 150
67 161
68 97
68 101
68 112
68 113
68 176
68 185
68 172
69 90
70 82
70 86
70 155
70 199
71 80
71 96
71 116
71 121
71 155
72 78
72 90
72 97
72 180
72 186
72 171
73 108
73 161
74 95
74 163
74 99
74 76
75 189
75 88
76 103
76 105
76 111
78 91
78 110
78 157
78 122
79 100
79 103
80 84
80 99
80 119
80 155
80 174
81 105
81 115
81 130
81 143
81 151
81 189
81 199
82 104
82 118
82 147
82 198
82 173
83 100
83 115
83 157
83 160
83 172
83 174
83 132
84 96
84 127
84 182
84 188
85 186
86 115
86 128
86 139
86 177
86 181
87 184
88 191
89 94
91 104
92 132
93 124
93 180
93 149
94 195
95 165
96 168
97 109
97 142
98 121
98 183
99 167
99 112
100 110
100 120
100 142
100 148
100 181
100 185
100 187
100 197
102 134
103 168
103 197
103 115
105 147
107 111
108 154
110 122
110 136
110 143
110 145
110 158
110 198
110 157
111 154
112 127
112 149
113 157
114 131
114 133
114 143
114 160
114 166
114 181
114 182
114 193
115 153
115 194
121 162
121 172
121 132
123 139
123 165
126 150
126 173
126 182
127 131
128 137
128 152
129 157
130 163
132 166
133 193
135 162
136 174
137 173
138 176
142 171
143 166
148 194
149 185
151 158
151 199
154 161
157 183
157 194
157 196
158 163
159 162
159 195
160 170
162 171
162 192
165 166
167 181
167 198
168 192
171 173
171 192
175 183
175 189
177 178
177 186
181 185
183 190