117717573
39
200
6283
0 39
0 43
0 44
0 45
0 46
0 48
0 49
0 50
0 51
0 52
0 53
0 54
0 55
0 57
0 61
0 62
0 63
0 67
0 68
0 70
0 71
0 78
0 85
0 88
0 90
0 92
0 94
0 95
0 97
0 101
0 102
0 108
0 115
0 118
0 132
0 148
0 153
0 165
0 168
0 171
0 174
0 183
0 186
0 187
0 189
0 190
1 39
1 40
1 41
1 42
1 43
1 44
1 45
1 46
1 47
1 48
1 49
1 51
1 52
1 53
1 54
1 55
1 56
1 57
1 58
1 59
1 60
1 63
1 64
1 65
1 66
1 70
1 74
1 77
1 83
1 86
1 87
1 88
1 101
1 109
1 112
1 115
1 121
1 124
1 130
1 142
1 145
1 147
1 152
1 165
1 167
1 172
1 181
1 194
1 195
1 198
2 39
2 40
2 41
2 42
2 44
2 45
2 47
2 48
2 49
2 50
2 52
2 53
2 54
2 55
2 56
2 57
2 59
2 60
2 61
2 63
2 67
2 75
2 80
2 81
2 82
2 84
2 85
2 89
2 91
2 95
2 106
2 112
2 116
2 117
2 124
2 131
2 153
2 155
2 167
2 176
2 187
3 39
3 40
3 41
3 42
3 43
3 44
3 45
3 46
3 47
3 49
3 52
3 54
3 55
3 56
3 57
3 58
3 59
3 60
3 61
3 62
3 63
3 64
3 66
3 68
3 69
3 82
3 90
3 94
3 97
3 99
3 100
3 101
3 103
3 116
3 117
3 118
3 125
3 127
3 128
3 136
3 142
3 143
3 149
3 152
3 155
3 159
3 164
3 165
3 166
3 169
3 178
3 181
3 183
3 190
4 39
4 40
4 41
4 42
4 43
4 45
4 46
4 47
4 48
4 49
4 50
4 51
4 52
4 53
4 54
4 55
4 56
4 57
4 58
4 59
4 60
4 62
4 63
4 64
4 67
4 70
4 73
4 77
4 78
4 81
4 82
4 83
4 86
4 88
4 92
4 94
4 95
4 96
4 98
4 104
4 105
4 107
4 119
4 120
4 124
4 125
4 131
4 134
4 136
4 137
4 141
4 144
4 146
4 150
4 155
4 156
4 166
4 171
4 175
4 178
4 180
4 191
4 194
5 39
5 40
5 41
5 42
5 43
5 44
5 45
5 46
5 47
5 49
5 51
5 52
5 53
5 54
5 57
5 59
5 61
5 63
5 65
5 66
5 67
5 69
5 71
5 72
5 73
5 74
5 75
5 76
5 84
5 92
5 94
5 100
5 106
5 107
5 112
5 118
5 133
5 136
5 139
5 140
5 142
5 144
5 145
5 146
5 170
5 178
5 184
5 187
5 195
5 197
5 199
6 39
6 40
6 41
6 42
6 44
6 45
6 46
6 47
6 49
6 50
6 51
6 52
6 53
6 56
6 61
6 63
6 64
6 65
6 69
6 71
6 72
6 74
6 79
6 82
6 89
6 91
6 96
6 99
6 109
6 115
6 125
6 129
6 132
6 135
6 140
6 141
6 150
6 166
6 168
6 169
6 171
6 183
7 39
7 40
7 41
7 42
7 43
7 44
7 45
7 46
7 48
7 49
7 50
7 51
7 53
7 56
7 57
7 58
7 59
7 60
7 63
7 64
7 65
7 66
7 69
7 71
7 72
7 75
7 79
7 81
7 90
7 94
7 98
7 99
7 100
7 102
7 106
7 113
7 122
7 125
7 127
7 129
7 132
7 135
7 141
7 146
7 151
7 160
7 162
7 163
7 176
7 192
8 39
8 40
8 41
8 42
8 43
8 44
8 46
8 47
8 48
8 49
8 50
8 51
8 52
8 53
8 55
8 57
8 58
8 60
8 62
8 68
8 70
8 71
8 72
8 75
8 76
8 80
8 81
8 91
8 93
8 94
8 99
8 102
8 111
8 116
8 117
8 120
8 121
8 122
8 124
8 126
8 128
8 129
8 130
8 132
8 136
8 137
8 139
8 143
8 152
8 154
8 165
8 177
8 182
8 187
8 189
8 191
8 198
8 199
9 39
9 40
9 41
9 43
9 44
9 45
9 46
9 47
9 48
9 49
9 50
9 51
9 55
9 57
9 61
9 62
9 63
9 65
9 67
9 68
9 69
9 70
9 71
9 73
9 77
9 82
9 87
9 88
9 93
9 101
9 113
9 114
9 123
9 126
9 131
9 132
9 138
9 139
9 140
9 143
9 145
9 147
9 149
9 165
9 174
9 182
9 183
9 185
10 39
10 40
10 41
10 42
10 43
10 44
10 47
10 48
10 51
10 52
10 55
10 59
10 61
10 63
10 65
10 73
10 74
10 76
10 79
10 80
10 83
10 85
10 90
10 93
10 95
10 98
10 99
10 110
10 120
10 122
10 125
10 128
10 140
10 156
10 158
10 160
10 161
10 163
10 164
10 179
10 189
10 192
10 197
11 39
11 40
11 41
11 42
11 43
11 44
11 46
11 49
11 58
11 61
11 62
11 64
11 65
11 67
11 71
11 73
11 81
11 83
11 89
11 100
11 106
11 124
11 125
11 127
11 133
11 135
11 140
11 161
11 163
11 171
11 186
11 188
11 190
12 39
12 40
12 41
12 42
12 43
12 44
12 45
12 46
12 48
12 50
12 51
12 52
12 53
12 54
12 55
12 56
12 59
12 60
12 67
12 69
12 71
12 74
12 77
12 78
12 79
12 82
12 86
12 88
12 89
12 92
12 102
12 103
12 123
12 131
12 138
12 139
12 141
12 146
12 149
12 150
12 160
12 163
12 164
12 168
12 180
12 185
12 186
12 198
13 39
13 40
13 41
13 42
13 43
13 44
13 46
13 48
13 50
13 51
13 52
13 54
13 58
13 59
13 60
13 61
13 62
13 68
13 69
13 73
13 74
13 79
13 80
13 81
13 85
13 86
13 87
13 90
13 94
13 97
13 98
13 102
13 106
13 107
13 108
13 111
13 121
13 127
13 128
13 133
13 135
13 140
13 156
13 160
13 163
13 164
13 165
13 176
13 183
13 186
13 199
14 39
14 40
14 41
14 42
14 43
14 44
14 45
14 46
14 47
14 48
14 49
14 50
14 51
14 52
14 53
14 54
14 55
14 56
14 57
14 59
14 64
14 65
14 66
14 67
14 71
14 76
14 78
14 80
14 86
14 87
14 90
14 92
14 93
14 94
14 97
14 103
14 104
14 105
14 108
14 109
14 113
14 116
14 121
14 122
14 123
14 128
14 133
14 134
14 141
14 146
14 147
14 153
14 154
14 157
14 161
14 175
14 176
14 177
14 180
14 182
14 193
14 194
15 39
15 40
15 41
15 42
15 43
15 44
15 45
15 46
15 47
15 48
15 50
15 51
15 53
15 54
15 55
15 56
15 59
15 65
15 66
15 68
15 69
15 70
15 71
15 73
15 81
15 84
15 85
15 88
15 91
15 103
15 104
15 109
15 111
15 114
15 120
15 122
15 125
15 126
15 129
15 131
15 144
15 147
15 150
15 164
15 166
15 171
15 173
15 175
15 176
15 183
15 185
15 187
16 39
16 40
16 41
16 42
16 43
16 45
16 46
16 48
16 49
16 50
16 52
16 57
16 60
16 61
16 62
16 64
16 65
16 70
16 71
16 74
16 76
16 77
16 80
16 81
16 87
16 88
16 93
16 97
16 98
16 110
16 114
16 115
16 122
16 129
16 130
16 132
16 135
16 136
16 139
16 144
16 155
16 165
16 171
16 173
16 174
16 184
16 197
17 39
17 40
17 41
17 42
17 43
17 44
17 45
17 46
17 47
17 51
17 56
17 57
17 58
17 60
17 61
17 62
17 64
17 66
17 67
17 69
17 72
17 73
17 80
17 83
17 87
17 94
17 95
17 97
17 102
17 103
17 104
17 116
17 121
17 123
17 127
17 140
17 145
17 155
17 156
17 165
17 170
17 186
17 192
17 198
17 199
18 39
18 40
18 41
18 42
18 44
18 45
18 46
18 47
18 48
18 49
18 50
18 51
18 52
18 57
18 58
18 60
18 61
18 62
18 64
18 65
18 67
18 69
18 70
18 71
18 75
18 76
18 78
18 84
18 88
18 92
18 93
18 94
18 95
18 98
18 108
18 109
18 112
18 116
18 117
18 121
18 124
18 126
18 128
18 129
18 138
18 152
18 157
18 160
18 162
18 167
18 173
18 179
18 181
18 193
18 196
18 199
19 39
19 40
19 41
19 42
19 43
19 44
19 45
19 46
19 47
19 48
19 49
19 51
19 52
19 53
19 55
19 56
19 61
19 62
19 65
19 66
19 69
19 70
19 75
19 78
19 79
19 85
19 89
19 94
19 95
19 98
19 101
19 104
19 106
19 111
19 112
19 115
19 118
19 124
19 125
19 130
19 132
19 138
19 139
19 141
19 142
19 144
19 149
19 150
19 151
19 161
19 163
19 164
19 167
19 172
19 173
19 175
19 183
19 184
19 185
20 39
20 40
20 41
20 42
20 43
20 44
20 45
20 47
20 48
20 49
20 50
20 52
20 53
20 54
20 55
20 60
20 66
20 67
20 68
20 73
20 77
20 82
20 87
20 91
20 92
20 97
20 102
20 103
20 109
20 152
20 155
20 156
20 157
20 161
20 165
20 170
20 172
20 174
20 177
20 185
20 186
20 196
20 198
21 39
21 40
21 41
21 42
21 44
21 45
21 46
21 49
21 50
21 51
21 52
21 58
21 59
21 60
21 65
21 66
21 69
21 70
21 73
21 76
21 86
21 91
21 95
21 98
21 103
21 107
21 110
21 111
21 118
21 122
21 125
21 136
21 145
21 146
21 150
21 151
21 159
21 181
21 189
21 168
22 39
22 40
22 41
22 42
22 43
22 44
22 45
22 47
22 50
22 51
22 52
22 54
22 56
22 59
22 61
22 62
22 63
22 66
22 67
22 71
22 73
22 80
22 81
22 82
22 83
22 89
22 95
22 96
22 99
22 104
22 107
22 120
22 122
22 138
22 150
22 151
22 155
22 156
22 159
22 164
22 173
22 180
22 184
22 189
22 196
22 199
23 39
23 40
23 41
23 42
23 43
23 45
23 46
23 47
23 48
23 49
23 50
23 51
23 52
23 53
23 55
23 56
23 57
23 58
23 59
23 60
23 63
23 64
23 65
23 66
23 68
23 69
23 70
23 72
23 73
23 74
23 75
23 76
23 77
23 78
23 80
23 81
23 88
23 89
23 90
23 91
23 92
23 93
23 94
23 96
23 101
23 102
23 103
23 104
23 106
23 108
23 109
23 110
23 113
23 114
23 118
23 126
23 127
23 128
23 129
23 133
23 137
23 144
23 145
23 154
23 155
23 159
23 160
23 161
23 164
23 168
23 169
23 174
23 180
23 192
23 196
23 199
24 39
24 40
24 41
24 42
24 43
24 44
24 45
24 46
24 47
24 48
24 49
24 50
24 51
24 52
24 53
24 54
24 55
24 56
24 57
24 59
24 60
24 62
24 63
24 66
24 70
24 72
24 77
24 80
24 82
24 83
24 84
24 87
24 89
24 94
24 99
24 102
24 113
24 114
24 117
24 124
24 127
24 129
24 132
24 140
24 143
24 145
24 147
24 151
24 155
24 156
24 162
24 167
24 169
24 172
24 184
24 187
24 198
25 39
25 40
25 41
25 42
25 43
25 44
25 45
25 46
25 47
25 48
25 49
25 50
25 53
25 56
25 57
25 59
25 63
25 68
25 81
25 82
25 84
25 86
25 89
25 90
25 91
25 98
25 107
25 110
25 113
25 115
25 119
25 120
25 127
25 132
25 133
25 136
25 156
25 158
25 160
25 162
25 173
25 178
25 179
25 180
25 181
25 183
25 184
25 186
26 39
26 40
26 41
26 42
26 43
26 44
26 46
26 47
26 48
26 50
26 53
26 54
26 55
26 58
26 60
26 64
26 66
26 70
26 78
26 80
26 81
26 83
26 84
26 86
26 88
26 91
26 93
26 95
26 96
26 97
26 101
26 102
26 104
26 108
26 110
26 111
26 113
26 114
26 116
26 118
26 122
26 127
26 133
26 134
26 135
26 136
26 144
26 147
26 150
26 161
26 166
26 170
26 178
26 184
26 190
26 198
26 199
27 39
27 40
27 41
27 42
27 43
27 44
27 45
27 46
27 47
27 50
27 51
27 52
27 53
27 54
27 55
27 56
27 60
27 62
27 69
27 70
27 75
27 77
27 81
27 86
27 91
27 92
27 98
27 104
27 111
27 114
27 116
27 117
27 123
27 130
27 146
27 147
27 149
27 151
27 152
27 153
27 157
27 162
27 163
27 164
27 170
27 174
27 176
27 183
27 188
28 39
28 40
28 41
28 42
28 43
28 44
28 45
28 46
28 47
28 48
28 49
28 52
28 54
28 55
28 56
28 58
28 61
28 62
28 63
28 64
28 65
28 67
28 68
28 74
28 75
28 76
28 77
28 84
28 85
28 88
28 93
28 101
28 104
28 105
28 109
28 110
28 111
28 112
28 121
28 125
28 135
28 136
28 138
28 141
28 147
28 150
28 151
28 153
28 154
28 156
28 157
28 159
28 162
28 164
28 167
28 179
28 186
28 187
28 189
28 193
28 114
29 39
29 40
29 41
29 42
29 43
29 44
29 45
29 46
29 47
29 48
29 49
29 50
29 51
29 52
29 55
29 56
29 57
29 58
29 59
29 62
29 63
29 65
29 67
29 68
29 69
29 71
29 72
29 75
29 77
29 80
29 81
29 84
29 85
29 86
29 89
29 90
29 93
29 94
29 97
29 98
29 103
29 106
29 108
29 114
29 118
29 123
29 126
29 127
29 128
29 130
29 131
29 137
29 142
29 144
29 145
29 146
29 149
29 158
29 165
29 167
29 177
29 181
29 188
29 189
29 190
30 39
30 40
30 42
30 43
30 44
30 48
30 49
30 54
30 58
30 63
30 67
30 68
30 75
30 80
30 86
30 95
30 101
30 105
30 119
30 122
30 124
30 163
30 181
30 192
31 39
31 40
31 41
31 42
31 43
31 45
31 46
31 47
31 48
31 49
31 50
31 51
31 53
31 54
31 55
31 56
31 57
31 62
31 63
31 72
31 75
31 85
31 87
31 90
31 93
31 99
31 103
31 108
31 118
31 137
31 140
31 142
31 149
31 171
31 172
31 175
31 186
31 187
31 191
32 39
32 40
32 41
32 43
32 44
32 45
32 47
32 48
32 49
32 53
32 56
32 60
32 71
32 73
32 75
32 80
32 101
32 105
32 106
32 112
32 130
32 156
32 162
33 39
33 40
33 41
33 42
33 43
33 44
33 45
33 46
33 47
33 48
33 49
33 51
33 53
33 54
33 55
33 56
33 58
33 60
33 64
33 67
33 68
33 72
33 74
33 78
33 85
33 88
33 90
33 92
33 110
33 125
33 127
33 132
33 138
33 139
33 143
33 147
33 150
33 151
33 152
33 161
33 171
33 173
33 177
33 187
33 188
33 194
34 39
34 40
34 41
34 42
34 43
34 44
34 45
34 46
34 47
34 48
34 50
34 53
34 54
34 56
34 58
34 59
34 64
34 70
34 74
34 76
34 77
34 78
34 83
34 90
34 95
34 99
34 104
34 112
34 117
34 118
34 119
34 124
34 132
34 135
34 138
34 146
34 152
34 157
34 166
34 167
34 169
34 183
35 39
35 40
35 41
35 42
35 43
35 44
35 45
35 46
35 47
35 48
35 49
35 50
35 52
35 53
35 54
35 58
35 59
35 61
35 62
35 63
35 64
35 68
35 70
35 71
35 72
35 74
35 76
35 77
35 78
35 83
35 85
35 87
35 88
35 92
35 99
35 100
35 109
35 111
35 114
35 118
35 119
35 135
35 137
35 144
35 149
35 153
35 154
35 155
35 156
35 157
35 158
35 160
35 162
35 163
35 171
35 175
35 176
35 178
35 182
35 183
35 184
35 186
35 188
35 192
35 196
36 39
36 40
36 41
36 42
36 43
36 44
36 45
36 47
36 49
36 50
36 51
36 52
36 53
36 54
36 55
36 57
36 58
36 59
36 60
36 61
36 63
36 65
36 67
36 72
36 74
36 76
36 81
36 82
36 84
36 85
36 87
36 88
36 94
36 100
36 103
36 105
36 108
36 109
36 110
36 121
36 128
36 130
36 132
36 136
36 137
36 145
36 146
36 151
36 152
36 154
36 173
36 180
36 186
36 192
36 196
37 39
37 40
37 41
37 42
37 43
37 44
37 45
37 46
37 47
37 48
37 49
37 50
37 51
37 53
37 54
37 55
37 56
37 57
37 58
37 59
37 61
37 62
37 64
37 66
37 67
37 68
37 69
37 71
37 72
37 74
37 77
37 79
37 80
37 86
37 87
37 96
37 97
37 100
37 101
37 104
37 111
37 112
37 113
37 115
37 116
37 117
37 128
37 130
37 132
37 133
37 138
37 139
37 143
37 147
37 151
37 154
37 156
37 157
37 158
37 161
37 162
37 163
37 169
37 179
37 182
37 183
38 39
38 40
38 41
38 42
38 43
38 45
38 46
38 47
38 48
38 50
38 51
38 52
38 54
38 55
38 57
38 58
38 59
38 62
38 66
38 75
38 79
38 80
38 83
38 87
38 88
38 92
38 95
38 101
38 107
38 118
38 125
38 126
38 130
38 134
38 138
38 168
38 175
39 40
39 41
39 42
39 43
39 44
39 45
39 46
39 47
39 48
39 49
39 50
39 51
39 52
39 53
39 54
39 55
39 56
39 57
39 58
39 59
39 60
39 61
39 62
39 63
39 64
39 65
39 66
39 67
39 68
39 70
39 71
39 72
39 73
39 74
39 75
39 76
39 78
39 79
39 80
39 81
39 82
39 84
39 86
39 88
39 90
39 91
39 92
39 93
39 94
39 96
39 98
39 100
39 101
39 102
39 104
39 105
39 107
39 111
39 112
39 113
39 114
39 116
39 117
39 118
39 120
39 121
39 122
39 123
39 125
39 126
39 128
39 129
39 133
39 135
39 137
39 138
39 142
39 144
39 149
39 150
39 151
39 153
39 154
39 156
39 157
39 158
39 159
39 161
39 163
39 164
39 168
39 169
39 170
39 172
39 173
39 175
39 178
39 179
39 181
39 183
39 185
39 186
39 188
39 190
39 192
39 193
39 197
39 198
39 199
40 41
40 42
40 43
40 44
40 45
40 46
40 47
40 48
40 49
40 50
40 51
40 52
40 53
40 54
40 55
40 56
40 57
40 58
40 59
40 60
40 61
40 64
40 65
40 66
40 67
40 68
40 69
40 70
40 71
40 73
40 74
40 75
40 76
40 77
40 78
40 79
40 81
40 82
40 83
40 85
40 86
40 87
40 88
40 89
40 90
40 92
40 93
40 97
40 98
40 99
40 100
40 101
40 102
40 104
40 105
40 107
40 108
40 109
40 111
40 112
40 113
40 114
40 115
40 116
40 120
40 121
40 124
40 125
40 126
40 127
40 129
40 130
40 131
40 132
40 138
40 139
40 142
40 150
40 151
40 152
40 154
40 160
40 161
40 164
40 167
40 169
40 170
40 173
40 174
40 182
40 186
40 189
40 190
40 195
40 197
40 199
41 42
41 43
41 44
41 45
41 46
41 47
41 48
41 49
41 50
41 51
41 52
41 53
41 54
41 55
41 56
41 57
41 58
41 59
41 60
41 61
41 62
41 63
41 64
41 65
41 66
41 68
41 69
41 70
41 71
41 72
41 74
41 75
41 76
41 77
41 80
41 81
41 83
41 84
41 86
41 87
41 88
41 89
41 91
41 92
41 94
41 95
41 96
41 97
41 98
41 99
41 100
41 102
41 105
41 106
41 107
41 109
41 110
41 111
41 116
41 118
41 119
41 121
41 123
41 125
41 126
41 129
41 130
41 132
41 133
41 136
41 137
41 138
41 140
41 142
41 144
41 147
41 152
41 153
41 154
41 159
41 160
41 162
41 163
41 165
41 168
41 183
41 184
41 185
41 188
41 189
41 193
42 43
42 44
42 45
42 46
42 47
42 48
42 49
42 50
42 51
42 52
42 53
42 54
42 55
42 56
42 57
42 58
42 59
42 60
42 61
42 62
42 64
42 65
42 66
42 68
42 69
42 70
42 71
42 72
42 73
42 74
42 75
42 76
42 77
42 79
42 81
42 82
42 83
42 84
42 85
42 86
42 87
42 88
42 89
42 90
42 91
42 92
42 93
42 94
42 96
42 98
42 101
42 104
42 105
42 108
42 110
42 112
42 113
42 114
42 118
42 119
42 120
42 121
42 122
42 123
42 124
42 126
42 128
42 130
42 131
42 134
42 144
42 145
42 146
42 147
42 150
42 152
42 153
42 154
42 156
42 157
42 159
42 165
42 166
42 167
42 168
42 171
42 172
42 173
42 176
42 177
42 179
42 182
42 183
42 185
42 186
42 187
42 188
42 189
43 44
43 45
43 46
43 47
43 48
43 49
43 50
43 51
43 52
43 53
43 54
43 55
43 56
43 57
43 58
43 59
43 60
43 61
43 62
43 63
43 64
43 65
43 66
43 67
43 68
43 69
43 70
43 71
43 73
43 74
43 75
43 76
43 77
43 78
43 80
43 81
43 84
43 85
43 86
43 87
43 88
43 90
43 91
43 92
43 93
43 95
43 96
43 97
43 98
43 99
43 100
43 101
43 102
43 103
43 105
43 106
43 107
43 109
43 110
43 114
43 118
43 119
43 120
43 121
43 122
43 123
43 126
43 127
43 130
43 131
43 132
43 137
43 140
43 141
43 144
43 147
43 148
43 150
43 157
43 158
43 159
43 163
43 165
43 166
43 167
43 171
43 182
43 183
43 185
43 192
43 193
43 194
43 195
43 196
43 199
44 45
44 46
44 47
44 48
44 49
44 50
44 51
44 52
44 53
44 54
44 56
44 57
44 60
44 61
44 62
44 63
44 65
44 66
44 67
44 68
44 69
44 71
44 72
44 73
44 74
44 75
44 77
44 78
44 79
44 82
44 84
44 85
44 86
44 87
44 88
44 89
44 90
44 92
44 93
44 94
44 96
44 97
44 99
44 100
44 101
44 102
44 105
44 106
44 109
44 110
44 111
44 114
44 115
44 116
44 117
44 119
44 120
44 122
44 130
44 133
44 135
44 137
44 138
44 141
44 143
44 152
44 153
44 155
44 156
44 161
44 163
44 164
44 167
44 170
44 172
44 174
44 175
44 178
44 182
44 183
44 185
44 191
44 193
44 194
44 196
44 198
44 199
45 46
45 47
45 48
45 49
45 50
45 51
45 52
45 53
45 54
45 55
45 56
45 57
45 58
45 59
45 60
45 61
45 62
45 63
45 64
45 65
45 66
45 67
45 68
45 69
45 70
45 71
45 72
45 73
45 74
45 75
45 77
45 78
45 80
45 81
45 82
45 84
45 87
45 88
45 89
45 92
45 93
45 94
45 95
45 97
45 98
45 99
45 100
45 102
45 103
45 104
45 105
45 107
45 108
45 110
45 111
45 112
45 113
45 115
45 117
45 118
45 122
45 123
45 124
45 125
45 126
45 127
45 130
45 132
45 133
45 134
45 135
45 137
45 138
45 143
45 146
45 147
45 149
45 162
45 165
45 172
45 174
45 176
45 178
45 179
45 180
45 181
45 182
45 184
45 185
45 187
45 190
45 193
45 195
45 197
45 198
46 47
46 48
46 49
46 50
46 51
46 52
46 53
46 54
46 55
46 56
46 57
46 58
46 59
46 60
46 61
46 62
46 63
46 64
46 65
46 66
46 67
46 68
46 70
46 71
46 72
46 73
46 74
46 76
46 77
46 78
46 79
46 80
46 83
46 84
46 85
46 87
46 88
46 90
46 91
46 92
46 93
46 94
46 101
46 102
46 104
46 105
46 106
46 107
46 108
46 110
46 113
46 114
46 117
46 118
46 119
46 122
46 127
46 129
46 130
46 133
46 138
46 140
46 142
46 145
46 146
46 147
46 148
46 150
46 152
46 153
46 154
46 160
46 162
46 168
46 169
46 170
46 175
46 176
46 177
46 180
46 181
46 185
46 188
46 192
46 193
47 48
47 49
47 50
47 51
47 52
47 53
47 54
47 55
47 56
47 57
47 58
47 59
47 60
47 61
47 62
47 63
47 64
47 65
47 66
47 67
47 69
47 70
47 71
47 72
47 74
47 75
47 76
47 79
47 81
47 82
47 84
47 85
47 86
47 89
47 91
47 92
47 94
47 95
47 99
47 100
47 105
47 106
47 107
47 108
47 110
47 111
47 115
47 118
47 119
47 120
47 121
47 122
47 124
47 127
47 128
47 131
47 134
47 136
47 137
47 140
47 142
47 147
47 149
47 150
47 151
47 154
47 162
47 165
47 166
47 168
47 172
47 175
47 178
47 179
47 180
47 182
47 183
47 184
47 186
47 187
47 190
47 193
48 49
48 50
48 51
48 52
48 53
48 54
48 55
48 56
48 57
48 58
48 59
48 60
48 61
48 63
48 64
48 65
48 66
48 67
48 68
48 71
48 72
48 74
48 75
48 76
48 78
48 79
48 82
48 83
48 84
48 85
48 86
48 89
48 91
48 94
48 95
48 96
48 98
48 99
48 100
48 102
48 104
48 105
48 106
48 108
48 110
48 111
48 113
48 115
48 116
48 119
48 120
48 124
48 128
48 129
48 130
48 131
48 132
48 133
48 134
48 135
48 136
48 141
48 145
48 146
48 149
48 151
48 152
48 153
48 156
48 157
48 158
48 160
48 167
48 169
48 170
48 172
48 174
48 176
48 181
48 182
48 186
48 187
48 188
48 191
48 194
48 196
48 197
48 198
49 50
49 51
49 52
49 53
49 54
49 55
49 56
49 57
49 58
49 59
49 60
49 61
49 62
49 64
49 65
49 66
49 67
49 68
49 69
49 70
49 71
49 72
49 74
49 75
49 76
49 77
49 78
49 79
49 82
49 83
49 84
49 86
49 87
49 89
49 90
49 92
49 93
49 98
49 100
49 101
49 102
49 104
49 105
49 107
49 108
49 110
49 113
49 114
49 115
49 117
49 119
49 120
49 123
49 128
49 130
49 131
49 133
49 137
49 139
49 140
49 141
49 142
49 147
49 148
49 149
49 153
49 156
49 159
49 163
49 164
49 172
49 173
49 174
49 175
49 176
49 177
49 178
49 179
49 181
49 185
49 187
49 189
49 193
49 196
49 197
49 199
50 51
50 52
50 53
50 54
50 55
50 56
50 57
50 58
50 59
50 61
50 62
50 63
50 65
50 67
50 68
50 69
50 70
50 73
50 74
50 75
50 77
50 78
50 80
50 81
50 83
50 84
50 88
50 89
50 91
50 93
50 95
50 96
50 97
50 98
50 99
50 102
50 103
50 106
50 107
50 108
50 109
50 111
50 117
50 120
50 123
50 128
50 129
50 130
50 133
50 134
50 138
50 142
50 143
50 145
50 153
50 156
50 159
50 164
50 176
50 177
50 179
50 180
50 182
50 183
50 188
50 190
50 191
50 193
50 197
51 52
51 53
51 54
51 55
51 56
51 57
51 58
51 59
51 61
51 62
51 66
51 67
51 68
51 69
51 70
51 71
51 72
51 73
51 74
51 75
51 76
51 77
51 79
51 81
51 83
51 84
51 85
51 86
51 87
51 89
51 90
51 93
51 96
51 97
51 99
51 102
51 103
51 106
51 107
51 108
51 110
51 112
51 113
51 115
51 116
51 117
51 119
51 121
51 122
51 125
51 126
51 127
51 131
51 132
51 133
51 134
51 135
51 137
51 139
51 142
51 146
51 149
51 150
51 151
51 155
51 159
51 160
51 164
51 166
51 172
51 176
51 183
51 186
51 189
51 190
51 191
51 194
51 195
51 196
51 197
52 53
52 54
52 55
52 56
52 57
52 58
52 59
52 60
52 61
52 62
52 63
52 64
52 65
52 67
52 68
52 69
52 72
52 73
52 74
52 75
52 76
52 77
52 78
52 79
52 81
52 82
52 83
52 84
52 86
52 87
52 89
52 91
52 92
52 94
52 96
52 98
52 100
52 101
52 103
52 105
52 109
52 115
52 117
52 118
52 119
52 120
52 121
52 122
52 123
52 124
52 125
52 132
52 134
52 135
52 137
52 141
52 142
52 144
52 148
52 152
52 153
52 158
52 163
52 164
52 166
52 173
52 176
52 180
52 188
52 190
52 194
52 195
52 197
53 54
53 55
53 56
53 57
53 58
53 59
53 60
53 61
53 62
53 63
53 64
53 65
53 66
53 68
53 69
53 70
53 71
53 72
53 73
53 74
53 76
53 77
53 78
53 79
53 80
53 85
53 86
53 87
53 88
53 89
53 91
53 92
53 93
53 96
53 98
53 103
53 104
53 106
53 107
53 109
53 110
53 111
53 114
53 115
53 117
53 124
53 127
53 128
53 129
53 130
53 131
53 132
53 133
53 138
53 141
53 142
53 149
53 150
53 151
53 152
53 154
53 156
53 158
53 167
53 168
53 171
53 172
53 176
53 177
53 179
53 181
53 191
53 195
53 197
54 55
54 57
54 58
54 60
54 61
54 62
54 63
54 64
54 65
54 66
54 71
54 74
54 76
54 77
54 78
54 79
54 80
54 82
54 83
54 84
54 85
54 87
54 90
54 92
54 93
54 97
54 98
54 99
54 107
54 108
54 109
54 111
54 112
54 113
54 114
54 118
54 120
54 122
54 124
54 127
54 130
54 131
54 134
54 135
54 136
54 137
54 140
54 142
54 143
54 145
54 153
54 156
54 159
54 160
54 163
54 164
54 166
54 169
54 171
54 173
54 177
54 180
54 181
54 186
54 192
54 193
54 195
54 196
55 56
55 57
55 58
55 60
55 61
55 62
55 63
55 64
55 65
55 67
55 68
55 69
55 72
55 73
55 74
55 75
55 76
55 79
55 80
55 81
55 82
55 83
55 85
55 86
55 88
55 90
55 91
55 93
55 94
55 95
55 97
55 99
55 100
55 101
55 102
55 103
55 106
55 107
55 108
55 109
55 113
55 114
55 118
55 121
55 122
55 123
55 124
55 134
55 136
55 140
55 144
55 145
55 146
55 147
55 148
55 149
55 150
55 154
55 158
55 159
55 160
55 161
55 162
55 163
55 167
55 168
55 179
55 181
55 185
55 186
55 192
55 193
56 57
56 58
56 59
56 60
56 61
56 63
56 64
56 65
56 66
56 67
56 69
56 70
56 72
56 75
56 76
56 77
56 78
56 79
56 82
56 83
56 84
56 86
56 88
56 91
56 92
56 93
56 95
56 96
56 98
56 99
56 100
56 101
56 103
56 107
56 108
56 111
56 112
56 115
56 121
56 127
56 129
56 135
56 136
56 138
56 140
56 146
56 150
56 156
56 157
56 158
56 162
56 169
56 170
56 173
56 178
56 179
56 183
56 185
56 186
56 187
56 188
56 190
56 191
56 194
57 58
57 59
57 60
57 62
57 63
57 64
57 65
57 66
57 67
57 68
57 69
57 71
57 72
57 73
57 75
57 76
57 77
57 79
57 80
57 81
57 82
57 83
57 85
57 86
57 88
57 89
57 93
57 98
57 100
57 103
57 104
57 111
57 112
57 115
57 116
57 119
57 121
57 126
57 128
57 129
57 130
57 133
57 136
57 138
57 139
57 140
57 141
57 149
57 151
57 152
57 153
57 154
57 156
57 157
57 166
57 173
57 176
57 178
57 180
57 181
57 183
57 184
57 187
57 190
57 191
57 196
57 199
58 59
58 60
58 61
58 63
58 64
58 66
58 67
58 68
58 69
58 70
58 72
58 73
58 74
58 75
58 77
58 78
58 79
58 80
58 81
58 82
58 83
58 84
58 85
58 87
58 88
58 91
58 93
58 94
58 95
58 96
58 97
58 98
58 99
58 100
58 105
58 106
58 109
58 112
58 113
58 116
58 117
58 122
58 124
58 125
58 126
58 131
58 132
58 136
58 137
58 143
58 144
58 146
58 148
58 150
58 157
58 159
58 162
58 165
58 167
58 168
58 170
58 173
58 177
58 180
58 186
58 187
58 191
58 197
58 198
58 199
59 60
59 61
59 62
59 64
59 65
59 66
59 67
59 68
59 69
59 70
59 71
59 72
59 73
59 74
59 75
59 77
59 78
59 79
59 80
59 81
59 82
59 84
59 85
59 87
59 88
59 90
59 91
59 92
59 93
59 95
59 96
59 99
59 101
59 102
59 103
59 105
59 106
59 109
59 111
59 112
59 113
59 115
59 117
59 118
59 119
59 122
59 124
59 125
59 127
59 128
59 130
59 131
59 138
59 141
59 146
59 148
59 149
59 150
59 151
59 154
59 155
59 161
59 169
59 172
59 178
59 179
59 180
59 182
59 184
59 190
59 192
59 195
59 197
59 198
59 199
60 61
60 62
60 63
60 64
60 66
60 67
60 68
60 69
60 70
60 71
60 73
60 76
60 77
60 80
60 81
60 84
60 85
60 86
60 87
60 88
60 89
60 91
60 92
60 93
60 95
60 96
60 97
60 98
60 99
60 102
60 103
60 104
60 105
60 106
60 110
60 112
60 113
60 114
60 116
60 118
60 119
60 121
60 122
60 125
60 128
60 129
60 131
60 132
60 133
60 134
60 135
60 136
60 137
60 138
60 139
60 146
60 149
60 157
60 159
60 168
60 169
60 170
60 171
60 178
60 181
60 182
60 188
60 190
60 195
60 197
61 62
61 63
61 64
61 65
61 66
61 68
61 69
61 70
61 71
61 72
61 73
61 74
61 75
61 76
61 78
61 80
61 81
61 82
61 83
61 84
61 85
61 87
61 88
61 92
61 93
61 96
61 100
61 102
61 104
61 105
61 106
61 108
61 109
61 112
61 113
61 115
61 117
61 120
61 122
61 123
61 125
61 129
61 130
61 132
61 135
61 140
61 141
61 143
61 147
61 149
61 155
61 158
61 162
61 172
61 174
61 176
61 178
61 180
61 182
61 189
61 190
61 191
61 193
61 196
62 63
62 64
62 65
62 66
62 67
62 68
62 69
62 70
62 71
62 72
62 73
62 75
62 76
62 78
62 79
62 80
62 82
62 83
62 84
62 85
62 87
62 89
62 94
62 97
62 98
62 101
62 103
62 107
62 109
62 112
62 113
62 114
62 116
62 117
62 119
62 121
62 128
62 132
62 134
62 137
62 138
62 139
62 140
62 144
62 147
62 148
62 149
62 150
62 152
62 155
62 167
62 169
62 179
62 181
62 182
62 183
62 195
63 64
63 68
63 69
63 70
63 72
63 73
63 74
63 75
63 79
63 82
63 83
63 84
63 87
63 88
63 89
63 90
63 91
63 92
63 97
63 100
63 101
63 107
63 110
63 112
63 115
63 116
63 118
63 119
63 121
63 122
63 123
63 125
63 126
63 128
63 130
63 131
63 136
63 141
63 157
63 161
63 162
63 165
63 167
63 168
63 170
63 174
63 177
63 179
63 181
63 185
63 187
63 188
63 190
63 191
63 194
63 195
63 197
64 65
64 66
64 67
64 68
64 70
64 72
64 73
64 76
64 78
64 79
64 80
64 81
64 82
64 86
64 87
64 90
64 92
64 96
64 97
64 98
64 100
64 101
64 104
64 108
64 112
64 115
64 117
64 118
64 119
64 120
64 123
64 124
64 127
64 129
64 132
64 135
64 136
64 137
64 139
64 140
64 143
64 145
64 150
64 153
64 154
64 157
64 158
64 160
64 163
64 171
64 172
64 177
64 178
64 182
64 185
64 186
64 189
64 194
64 195
65 66
65 70
65 71
65 72
65 73
65 74
65 76
65 77
65 78
65 80
65 82
65 83
65 84
65 91
65 93
65 96
65 97
65 102
65 103
65 104
65 106
65 110
65 111
65 112
65 114
65 115
65 117
65 118
65 121
65 123
65 127
65 129
65 130
65 133
65 134
65 139
65 143
65 146
65 147
65 150
65 153
65 156
65 162
65 167
65 168
65 170
65 174
65 177
65 179
65 180
65 181
65 182
65 185
65 186
65 191
65 192
65 195
65 198
66 67
66 68
66 69
66 70
66 75
66 76
66 77
66 78
66 79
66 80
66 81
66 82
66 85
66 88
66 90
66 92
66 94
66 97
66 98
66 107
66 111
66 115
66 117
66 121
66 122
66 123
66 128
66 131
66 133
66 134
66 135
66 138
66 139
66 141
66 148
66 149
66 155
66 157
66 161
66 165
66 169
66 172
66 173
66 177
66 178
66 194
66 199
67 72
67 73
67 76
67 78
67 79
67 80
67 83
67 88
67 89
67 90
67 91
67 92
67 93
67 95
67 98
67 100
67 101
67 102
67 103
67 106
67 108
67 109
67 111
67 114
67 117
67 119
67 120
67 121
67 125
67 130
67 131
67 134
67 141
67 148
67 149
67 151
67 152
67 153
67 155
67 175
67 177
67 179
67 180
67 192
67 195
67 197
67 198
68 69
68 72
68 73
68 74
68 76
68 77
68 78
68 79
68 80
68 85
68 86
68 94
68 95
68 96
68 100
68 101
68 102
68 103
68 105
68 110
68 111
68 112
68 115
68 118
68 120
68 123
68 124
68 125
68 126
68 127
68 135
68 136
68 140
68 141
68 142
68 147
68 148
68 151
68 152
68 157
68 162
68 170
68 174
68 184
68 187
68 190
68 192
68 194
68 198
69 70
69 71
69 73
69 77
69 78
69 79
69 82
69 83
69 85
69 86
69 88
69 89
69 96
69 97
69 99
69 102
69 105
69 106
69 107
69 108
69 110
69 111
69 112
69 113
69 114
69 115
69 117
69 118
69 126
69 130
69 131
69 134
69 139
69 140
69 142
69 145
69 159
69 160
69 166
69 170
69 172
69 175
69 178
69 185
69 186
69 191
69 192
69 193
69 195
69 198
70 71
70 72
70 75
70 76
70 77
70 78
70 79
70 83
70 87
70 89
70 91
70 92
70 100
70 103
70 104
70 106
70 107
70 108
70 112
70 113
70 115
70 120
70 133
70 135
70 138
70 140
70 145
70 148
70 149
70 151
70 159
70 160
70 161
70 163
70 166
70 169
70 170
70 172
70 185
70 192
70 193
70 195
70 196
70 199
71 72
71 73
71 74
71 77
71 78
71 79
71 81
71 82
71 83
71 85
71 88
71 89
71 96
71 100
71 101
71 102
71 103
71 104
71 106
71 110
71 114
71 120
71 126
71 127
71 136
71 137
71 138
71 140
71 145
71 148
71 153
71 154
71 156
71 159
71 163
71 166
71 173
71 189
71 191
71 195
71 199
72 73
72 76
72 81
72 84
72 86
72 89
72 90
72 96
72 97
72 99
72 103
72 105
72 107
72 108
72 113
72 114
72 115
72 116
72 120
72 124
72 126
72 127
72 129
72 133
72 139
72 142
72 143
72 144
72 146
72 152
72 156
72 160
72 162
72 163
72 164
72 165
72 169
72 172
72 176
72 178
72 180
72 182
72 185
73 74
73 75
73 76
73 78
73 79
73 82
73 83
73 87
73 89
73 90
73 91
73 94
73 95
73 98
73 99
73 104
73 105
73 109
73 111
73 113
73 116
73 117
73 119
73 120
73 122
73 128
73 131
73 135
73 141
73 142
73 143
73 148
73 155
73 160
73 164
73 165
73 169
73 177
73 179
73 185
73 186
73 189
73 191
73 193
74 75
74 79
74 80
74 81
74 84
74 85
74 86
74 89
74 90
74 98
74 99
74 100
74 102
74 104
74 105
74 107
74 108
74 109
74 117
74 120
74 122
74 124
74 126
74 127
74 131
74 133
74 144
74 145
74 146
74 149
74 157
74 158
74 162
74 166
74 171
74 187
74 191
74 194
75 77
75 78
75 79
75 81
75 82
75 83
75 84
75 85
75 86
75 90
75 91
75 92
75 94
75 96
75 104
75 105
75 106
75 107
75 108
75 109
75 111
75 114
75 118
75 119
75 123
75 126
75 131
75 134
75 143
75 156
75 157
75 158
75 160
75 164
75 166
75 167
75 168
75 171
75 177
75 182
75 184
75 185
75 190
75 191
75 193
75 195
75 199
76 78
76 81
76 83
76 84
76 85
76 86
76 87
76 88
76 89
76 91
76 92
76 94
76 95
76 97
76 100
76 102
76 103
76 107
76 108
76 112
76 120
76 128
76 131
76 134
76 135
76 139
76 140
76 141
76 142
76 144
76 146
76 164
76 171
76 173
76 174
76 175
76 179
76 188
76 194
76 199
77 79
77 80
77 82
77 83
77 84
77 90
77 91
77 93
77 94
77 95
77 98
77 99
77 102
77 105
77 108
77 109
77 112
77 113
77 114
77 115
77 116
77 119
77 121
77 122
77 128
77 131
77 134
77 139
77 142
77 147
77 153
77 156
77 158
77 167
77 170
77 175
77 176
77 183
77 184
77 187
77 190
77 191
77 192
78 79
78 82
78 83
78 86
78 94
78 98
78 103
78 104
78 105
78 115
78 116
78 117
78 121
78 126
78 132
78 133
78 134
78 137
78 141
78 143
78 144
78 145
78 155
78 158
78 160
78 162
78 171
78 179
78 181
78 188
78 192
78 194
78 199
79 80
79 85
79 86
79 87
79 94
79 96
79 97
79 100
79 106
79 107
79 109
79 112
79 115
79 120
79 122
79 124
79 126
79 128
79 133
79 141
79 154
79 156
79 158
79 160
79 161
79 164
79 165
79 170
79 172
79 176
79 177
79 178
79 179
79 181
79 186
79 192
79 194
79 196
80 81
80 87
80 88
80 89
80 91
80 92
80 95
80 96
80 101
80 103
80 104
80 106
80 112
80 114
80 116
80 118
80 120
80 122
80 129
80 135
80 138
80 140
80 141
80 145
80 154
80 158
80 159
80 162
80 164
80 166
80 172
80 174
80 182
80 192
80 194
81 82
81 84
81 85
81 87
81 90
81 91
81 95
81 96
81 97
81 98
81 99
81 100
81 104
81 105
81 106
81 110
81 111
81 114
81 116
81 119
81 123
81 124
81 126
81 132
81 134
81 135
81 137
81 138
81 146
81 150
81 152
81 155
81 156
81 158
81 160
81 163
81 164
81 167
81 170
81 173
81 174
81 188
81 189
81 190
81 191
81 195
81 196
82 83
82 87
82 89
82 93
82 95
82 97
82 99
82 100
82 101
82 107
82 113
82 116
82 119
82 121
82 127
82 128
82 129
82 134
82 137
82 140
82 141
82 143
82 145
82 148
82 151
82 154
82 158
82 165
82 166
82 171
82 172
82 173
82 176
82 177
82 179
82 182
82 185
82 198
83 84
83 89
83 90
83 94
83 96
83 99
83 100
83 106
83 111
83 112
83 115
83 117
83 118
83 120
83 125
83 127
83 128
83 130
83 133
83 139
83 148
83 149
83 151
83 152
83 155
83 159
83 161
83 166
83 170
83 175
83 179
83 180
83 181
83 184
83 187
83 188
83 191
83 197
83 198
84 85
84 86
84 90
84 91
84 93
84 95
84 97
84 99
84 103
84 104
84 106
84 109
84 113
84 116
84 118
84 119
84 120
84 122
84 123
84 125
84 128
84 132
84 140
84 142
84 144
84 146
84 147
84 148
84 151
84 152
84 154
84 155
84 158
84 163
84 175
84 189
84 192
84 194
85 86
85 90
85 96
85 98
85 107
85 108
85 121
85 125
85 127
85 137
85 138
85 141
85 142
85 143
85 145
85 146
85 148
85 151
85 155
85 157
85 160
85 161
85 165
85 167
85 168
85 169
85 170
85 172
85 173
85 174
85 175
85 177
85 178
85 182
85 187
85 196
85 199
86 91
86 94
86 101
86 102
86 103
86 107
86 108
86 109
86 110
86 114
86 121
86 122
86 123
86 124
86 127
86 128
86 133
86 143
86 144
86 146
86 147
86 160
86 161
86 166
86 171
86 178
86 193
86 195
86 197
87 89
87 90
87 91
87 93
87 94
87 95
87 97
87 110
87 112
87 119
87 120
87 122
87 125
87 128
87 129
87 134
87 136
87 143
87 147
87 148
87 151
87 165
87 169
87 173
87 174
87 177
87 180
87 190
87 193
87 198
88 89
88 90
88 92
88 93
88 94
88 97
88 99
88 103
88 105
88 107
88 109
88 113
88 114
88 118
88 119
88 121
88 122
88 129
88 133
88 134
88 139
88 141
88 145
88 146
88 155
88 161
88 163
88 164
88 166
88 169
88 183
88 186
88 188
88 193
88 195
88 197
89 90
89 91
89 95
89 96
89 98
89 99
89 100
89 101
89 105
89 107
89 110
89 111
89 112
89 113
89 116
89 117
89 118
89 123
89 129
89 135
89 136
89 137
89 143
89 145
89 148
89 150
89 162
89 167
89 171
89 172
89 188
89 189
89 190
89 195
89 197
90 92
90 93
90 95
90 96
90 97
90 100
90 101
90 102
90 103
90 108
90 110
90 113
90 114
90 119
90 123
90 132
90 134
90 135
90 143
90 146
90 147
90 150
90 151
90 154
90 163
90 165
90 166
90 168
90 170
90 171
90 173
90 178
90 184
90 191
90 192
90 193
90 194
91 95
91 96
91 97
91 104
91 105
91 106
91 110
91 111
91 115
91 117
91 121
91 122
91 127
91 130
91 132
91 133
91 142
91 143
91 144
91 145
91 147
91 149
91 152
91 153
91 154
91 155
91 159
91 163
91 166
91 167
91 169
91 173
91 174
91 179
91 183
91 190
91 191
91 193
91 194
92 93
92 96
92 97
92 99
92 101
92 103
92 106
92 112
92 113
92 116
92 123
92 126
92 129
92 130
92 131
92 136
92 139
92 140
92 141
92 143
92 144
92 145
92 148
92 150
92 152
92 153
92 168
92 171
92 174
92 175
92 177
92 180
92 187
92 190
92 191
92 199
93 95
93 96
93 99
93 104
93 105
93 108
93 109
93 110
93 115
93 116
93 123
93 124
93 129
93 135
93 137
93 141
93 143
93 148
93 149
93 156
93 159
93 175
93 181
93 185
93 186
93 193
93 197
93 199
94 95
94 96
94 98
94 102
94 103
94 107
94 115
94 116
94 119
94 121
94 123
94 125
94 129
94 130
94 133
94 135
94 137
94 138
94 142
94 144
94 150
94 151
94 153
94 154
94 160
94 161
94 165
94 168
94 169
94 172
94 181
94 187
94 194
94 196
94 199
95 101
95 104
95 105
95 109
95 111
95 114
95 135
95 137
95 144
95 145
95 150
95 152
95 154
95 159
95 160
95 163
95 164
95 172
95 180
95 182
95 183
95 185
95 196
96 97
96 99
96 100
96 104
96 105
96 107
96 108
96 110
96 111
96 112
96 114
96 115
96 116
96 128
96 130
96 134
96 139
96 142
96 144
96 154
96 157
96 160
96 167
96 168
96 170
96 171
96 172
96 174
96 175
96 178
96 181
96 184
96 185
96 198
97 101
97 102
97 113
97 117
97 118
97 130
97 131
97 138
97 140
97 142
97 143
97 145
97 146
97 147
97 152
97 166
97 168
97 174
97 175
97 176
97 198
98 100
98 102
98 103
98 110
98 117
98 118
98 119
98 128
98 135
98 137
98 153
98 154
98 155
98 159
98 167
98 172
98 177
98 188
98 196
98 197
98 199
99 100
99 101
99 104
99 109
99 110
99 118
99 131
99 134
99 136
99 141
99 144
99 147
99 152
99 157
99 158
99 168
99 170
99 172
99 189
99 192
99 195
100 101
100 102
100 105
100 126
100 129
100 136
100 139
100 140
100 144
100 146
100 148
100 149
100 152
100 169
100 171
100 176
100 178
100 182
100 187
100 195
100 197
101 105
101 106
101 108
101 114
101 116
101 124
101 126
101 134
101 142
101 151
101 164
101 165
101 169
101 170
101 187
101 188
101 189
101 193
102 115
102 116
102 119
102 124
102 127
102 131
102 136
102 143
102 151
102 158
102 161
102 166
102 173
102 174
102 175
102 184
102 188
102 189
102 191
102 192
102 193
102 194
103 109
103 111
103 113
103 114
103 119
103 120
103 126
103 127
103 129
103 131
103 136
103 138
103 140
103 145
103 149
103 150
103 155
103 157
103 158
103 161
103 164
103 169
103 180
103 182
103 184
103 199
104 106
104 109
104 111
104 116
104 122
104 125
104 126
104 127
104 129
104 133
104 138
104 140
104 143
104 148
104 149
104 158
104 161
104 170
104 172
104 175
104 177
104 178
104 180
104 184
104 185
104 196
104 197
105 106
105 109
105 119
105 120
105 121
105 123
105 125
105 127
105 128
105 130
105 131
105 137
105 143
105 144
105 147
105 150
105 151
105 158
105 166
105 169
105 174
105 183
105 188
105 197
106 107
106 108
106 110
106 111
106 112
106 116
106 119
106 121
106 125
106 129
106 132
106 134
106 137
106 141
106 142
106 144
106 145
106 146
106 155
106 162
106 163
106 167
106 170
106 173
106 175
106 180
106 183
106 189
106 191
106 198
107 108
107 114
107 115
107 125
107 136
107 139
107 141
107 146
107 148
107 153
107 160
107 161
107 169
107 180
107 198
108 109
108 110
108 113
108 116
108 117
108 119
108 120
108 123
108 125
108 126
108 127
108 131
108 137
108 138
108 145
108 147
108 148
108 149
108 158
108 162
108 164
108 172
108 182
108 184
108 190
108 191
108 192
108 193
108 194
108 196
109 110
109 112
109 113
109 114
109 124
109 125
109 131
109 133
109 138
109 139
109 145
109 161
109 166
109 168
109 174
109 175
109 193
109 195
110 116
110 117
110 118
110 124
110 125
110 129
110 136
110 139
110 140
110 146
110 147
110 151
110 155
110 156
110 159
110 167
110 168
110 185
110 189
110 194
110 198
111 117
111 121
111 122
111 123
111 124
111 130
111 132
111 135
111 139
111 156
111 158
111 165
111 168
111 173
111 179
111 184
111 196
112 113
112 121
112 123
112 129
112 132
112 136
112 139
112 148
112 153
112 157
112 159
112 160
112 162
112 168
112 183
112 189
112 190
112 199
113 115
113 132
113 135
113 137
113 138
113 143
113 147
113 148
113 153
113 154
113 155
113 157
113 162
113 164
113 166
113 168
113 171
113 174
113 178
113 185
113 186
113 196
114 117
114 120
114 123
114 125
114 126
114 134
114 138
114 144
114 151
114 155
114 156
114 158
114 159
114 160
114 162
114 169
114 170
114 173
114 177
114 180
114 198
115 117
115 120
115 124
115 126
115 128
115 129
115 131
115 137
115 143
115 149
115 154
115 156
115 163
115 172
115 174
115 189
115 190
115 193
115 197
115 199
116 119
116 123
116 126
116 129
116 139
116 140
116 143
116 147
116 151
116 154
116 155
116 159
116 161
116 162
116 165
116 168
116 169
116 181
116 185
116 189
116 190
116 196
116 197
117 120
117 121
117 123
117 124
117 126
117 130
117 131
117 133
117 134
117 145
117 148
117 154
117 155
117 157
117 161
117 170
117 172
117 173
117 175
117 176
117 177
117 179
117 180
117 187
117 195
117 198
117 199
118 121
118 123
118 124
118 129
118 131
118 153
118 170
118 171
118 176
118 177
118 180
118 186
118 187
119 120
119 123
119 128
119 130
119 132
119 135
119 137
119 141
119 143
119 149
119 150
119 158
119 165
119 168
119 174
119 178
119 188
119 182
120 126
120 136
120 145
120 156
120 169
120 172
120 174
120 182
120 186
120 188
120 190
120 191
120 192
120 193
120 195
121 126
121 128
121 135
121 137
121 139
121 141
121 147
121 148
121 153
121 159
121 160
121 165
121 171
121 177
121 183
121 189
121 190
121 192
121 193
121 194
122 124
122 133
122 139
122 148
122 149
122 150
122 153
122 154
122 157
122 162
122 167
122 181
122 184
122 185
122 193
123 124
123 125
123 126
123 134
123 139
123 143
123 144
123 151
123 152
123 155
123 161
123 163
123 167
123 169
123 177
123 178
123 181
123 195
124 128
124 133
124 142
124 144
124 145
124 156
124 159
124 160
124 162
124 163
124 164
124 167
124 168
124 176
124 185
124 194
124 196
124 198
125 127
125 154
125 155
125 159
125 166
125 168
125 170
125 173
125 175
125 189
125 192
125 198
126 127
126 132
126 134
126 140
126 141
126 157
126 165
126 169
126 180
126 189
126 196
127 131
127 133
127 134
127 136
127 139
127 140
127 142
127 146
127 148
127 152
127 157
127 163
127 164
127 165
127 175
127 176
127 188
127 191
127 194
128 134
128 138
128 139
128 140
128 149
128 158
128 159
128 161
128 170
128 174
128 175
128 186
128 188
128 190
128 193
128 198
129 132
129 133
129 134
129 135
129 141
129 147
129 152
129 155
129 157
129 159
129 162
129 166
129 171
129 176
129 182
129 184
129 191
130 136
130 144
130 148
130 153
130 154
130 155
130 157
130 159
130 167
130 168
130 174
130 177
130 185
130 195
131 132
131 136
131 141
131 143
131 150
131 151
131 152
131 153
131 171
131 187
131 195
131 198
131 199
132 136
132 142
132 143
132 148
132 170
132 179
132 191
132 196
133 135
133 138
133 142
133 144
133 146
133 148
133 149
133 152
133 154
133 159
133 162
133 173
133 183
133 198
134 156
134 167
134 176
134 195
135 136
135 137
135 139
135 142
135 147
135 156
135 160
135 161
135 167
135 168
135 190
135 193
136 142
136 146
136 157
136 158
136 163
136 164
136 165
136 166
136 169
136 171
136 173
136 176
136 178
136 188
136 195
136 197
137 139
137 152
137 154
137 158
137 159
137 171
137 176
137 182
138 141
138 143
138 155
138 157
138 158
138 160
138 163
138 183
138 189
138 194
139 142
139 148
139 151
139 157
139 161
139 166
139 169
139 177
139 178
139 179
139 180
139 183
139 186
139 196
139 197
140 145
140 150
140 153
140 163
140 166
140 169
140 173
140 176
140 182
140 184
140 189
140 198
141 142
141 144
141 145
141 147
141 152
141 153
141 161
141 167
141 176
141 177
141 179
141 181
141 183
141 185
141 196
142 153
142 155
142 162
142 171
142 179
142 180
142 182
142 187
142 197
143 144
143 159
143 165
143 166
143 170
143 186
143 187
143 191
143 196
144 163
144 164
144 166
144 169
144 171
144 175
144 178
144 187
145 146
145 148
145 149
145 150
145 160
145 164
145 168
145 177
145 179
145 184
145 186
145 190
145 191
146 149
146 150
146 157
146 173
146 179
146 181
146 184
146 188
146 196
146 169
147 148
147 156
147 158
147 162
147 174
147 175
147 188
147 190
148 152
148 160
148 161
148 174
148 175
148 176
148 188
148 195
148 197
148 199
149 151
149 153
149 154
149 161
149 162
149 164
149 173
149 178
149 183
149 184
149 197
149 198
150 151
150 153
150 159
150 160
150 166
150 170
150 175
150 184
150 196
151 157
151 168
151 171
151 172
151 177
151 181
151 187
151 199
152 173
152 186
153 158
153 189
153 193
153 199
154 163
154 168
154 189
155 170
155 178
155 184
155 187
155 194
155 196
155 199
156 182
156 184
156 186
156 188
156 194
156 197
157 158
157 164
157 165
157 167
157 176
157 178
157 181
157 184
157 185
157 196
157 199
158 172
158 175
158 181
158 182
158 187
158 191
159 161
159 198
160 161
160 162
160 163
160 165
160 175
160 179
160 180
160 182
160 190
160 191
160 197
161 165
161 167
161 178
161 181
161 182
161 188
161 192
161 194
161 198
162 165
162 171
162 174
162 179
162 180
162 182
162 187
163 164
163 167
163 174
163 175
163 176
163 179
163 181
163 184
163 185
163 187
164 172
164 184
165 166
165 168
165 171
165 175
165 180
165 188
165 194
165 195
166 169
166 170
166 171
166 179
166 181
166 198
167 173
167 186
167 190
167 192
168 176
168 181
168 183
168 198
169 174
169 178
169 179
169 189
170 180
170 184
170 189
171 174
171 177
171 180
171 184
171 185
171 194
172 182
172 183
172 184
172 185
172 189
172 190
173 177
173 193
174 176
174 177
174 178
174 189
174 193
174 197
175 183
175 186
175 188
176 181
176 188
177 192
177 196
177 198
177 199
179 187
180 191
180 197
181 191
182 192
183 191
184 188
184 192
184 194
184 195
184 197
184 199
185 193
186 189
187 192
188 192
188 194
189 194
190 192
190 194
191 192
191 195
191 196
193 196
194 195
195 197