554257456
26
200
4593
0 26
0 27
0 28
0 29
0 31
0 32
0 34
0 36
0 39
0 40
0 43
0 44
0 45
0 46
0 49
0 52
0 54
0 57
0 59
0 60
0 70
0 71
0 80
0 82
0 86
0 87
0 91
0 99
0 104
0 107
0 109
0 112
0 118
0 119
0 120
0 121
0 125
0 130
0 132
0 137
0 138
0 142
0 158
0 161
0 183
0 184
0 191
0 193
0 194
0 123
1 26
1 28
1 29
1 30
1 31
1 32
1 33
1 34
1 35
1 36
1 37
1 38
1 42
1 44
1 51
1 54
1 57
1 62
1 72
1 78
1 80
1 86
1 94
1 95
1 97
1 99
1 100
1 101
1 102
1 106
1 125
1 126
1 130
1 154
1 165
1 170
1 183
1 184
1 187
1 190
1 193
1 195
1 199
1 60
2 26
2 27
2 28
2 29
2 30
2 31
2 32
2 36
2 37
2 38
2 39
2 40
2 41
2 43
2 50
2 55
2 60
2 62
2 64
2 65
2 67
2 68
2 69
2 73
2 77
2 78
2 80
2 83
2 86
2 88
2 89
2 94
2 99
2 100
2 101
2 103
2 107
2 108
2 111
2 112
2 116
2 130
2 136
2 137
2 145
2 146
2 148
2 150
2 151
2 153
2 156
2 158
2 173
2 180
2 182
2 184
2 187
2 192
3 26
3 27
3 28
3 29
3 30
3 31
3 32
3 33
3 34
3 35
3 37
3 38
3 40
3 41
3 43
3 54
3 55
3 56
3 60
3 77
3 81
3 89
3 90
3 93
3 94
3 99
3 100
3 107
3 117
3 118
3 122
3 132
3 137
3 147
3 148
3 155
3 159
3 168
3 182
3 192
4 26
4 27
4 28
4 29
4 30
4 31
4 32
4 33
4 34
4 35
4 36
4 39
4 40
4 44
4 45
4 46
4 49
4 50
4 51
4 55
4 61
4 63
4 67
4 68
4 69
4 79
4 83
4 84
4 85
4 87
4 89
4 95
4 102
4 103
4 108
4 112
4 116
4 121
4 130
4 168
4 187
4 189
4 194
5 26
5 27
5 28
5 29
5 30
5 32
5 33
5 34
5 35
5 37
5 38
5 39
5 40
5 41
5 42
5 45
5 48
5 49
5 51
5 53
5 54
5 55
5 57
5 62
5 63
5 69
5 75
5 80
5 82
5 83
5 85
5 88
5 92
5 93
5 100
5 104
5 106
5 107
5 109
5 115
5 117
5 123
5 130
5 131
5 140
5 142
5 146
5 153
5 155
5 157
5 159
5 163
5 164
5 171
5 172
5 175
5 176
5 177
5 178
5 182
5 191
5 192
5 193
5 194
6 26
6 27
6 28
6 29
6 30
6 31
6 32
6 33
6 36
6 37
6 38
6 39
6 40
6 41
6 42
6 43
6 44
6 45
6 47
6 48
6 58
6 61
6 62
6 65
6 68
6 76
6 78
6 79
6 80
6 82
6 83
6 85
6 88
6 89
6 95
6 97
6 98
6 100
6 101
6 110
6 111
6 114
6 115
6 117
6 120
6 121
6 122
6 126
6 131
6 135
6 138
6 146
6 148
6 162
6 164
6 172
6 174
6 176
6 179
6 184
6 186
6 188
6 191
6 192
6 198
6 15
7 26
7 27
7 28
7 29
7 32
7 33
7 34
7 35
7 36
7 37
7 38
7 39
7 40
7 41
7 42
7 47
7 48
7 52
7 53
7 55
7 56
7 57
7 61
7 63
7 65
7 66
7 67
7 69
7 75
7 78
7 79
7 82
7 83
7 84
7 87
7 92
7 96
7 99
7 101
7 106
7 108
7 111
7 112
7 116
7 118
7 119
7 120
7 124
7 135
7 139
7 142
7 145
7 146
7 149
7 153
7 154
7 157
7 158
7 160
7 166
7 172
7 174
7 177
7 196
8 26
8 27
8 28
8 29
8 30
8 31
8 32
8 33
8 34
8 35
8 36
8 37
8 38
8 39
8 41
8 42
8 43
8 44
8 47
8 48
8 49
8 50
8 53
8 55
8 58
8 59
8 64
8 65
8 69
8 70
8 71
8 74
8 76
8 82
8 84
8 86
8 92
8 96
8 101
8 105
8 108
8 109
8 111
8 113
8 114
8 120
8 123
8 129
8 132
8 133
8 145
8 152
8 154
8 156
8 170
8 174
8 176
8 180
8 183
8 189
8 190
8 196
8 198
8 56
9 26
9 27
9 30
9 31
9 32
9 41
9 43
9 58
9 59
9 69
9 73
9 81
9 85
9 86
9 88
9 90
9 97
9 110
9 115
9 117
9 119
9 122
9 135
9 156
9 163
9 165
9 178
9 185
9 24
10 26
10 27
10 28
10 29
10 32
10 34
10 35
10 36
10 37
10 39
10 40
10 41
10 42
10 44
10 46
10 47
10 51
10 52
10 54
10 55
10 59
10 60
10 66
10 72
10 80
10 82
10 93
10 99
10 104
10 115
10 130
10 132
10 141
10 142
10 150
10 153
10 157
10 170
10 174
10 183
10 184
10 191
10 198
10 15
11 26
11 27
11 28
11 29
11 30
11 31
11 34
11 35
11 37
11 38
11 40
11 41
11 42
11 43
11 45
11 47
11 48
11 50
11 52
11 56
11 57
11 58
11 66
11 67
11 68
11 69
11 71
11 72
11 76
11 84
11 94
11 103
11 105
11 110
11 112
11 114
11 116
11 122
11 126
11 127
11 132
11 139
11 140
11 143
11 151
11 159
11 173
11 179
11 181
11 185
11 188
11 192
11 194
12 26
12 27
12 28
12 30
12 31
12 32
12 33
12 34
12 35
12 36
12 46
12 54
12 68
12 70
12 72
12 74
12 75
12 94
12 98
12 101
12 111
12 113
12 121
12 123
12 129
12 139
12 148
12 152
12 154
12 162
12 163
12 167
12 174
12 196
13 26
13 27
13 30
13 32
13 33
13 35
13 41
13 49
13 51
13 53
13 56
13 70
13 75
13 83
13 89
13 103
13 108
13 113
13 117
13 132
13 150
13 151
13 193
13 196
14 26
14 27
14 28
14 29
14 30
14 33
14 34
14 42
14 49
14 51
14 54
14 55
14 56
14 59
14 60
14 62
14 64
14 75
14 76
14 81
14 83
14 85
14 95
14 97
14 107
14 135
14 137
14 140
14 141
14 152
14 156
14 185
14 191
14 45
14 174
15 26
15 27
15 28
15 29
15 30
15 31
15 32
15 33
15 36
15 43
15 44
15 51
15 53
15 54
15 58
15 62
15 65
15 66
15 68
15 71
15 88
15 92
15 96
15 109
15 123
15 127
15 128
15 132
15 136
15 146
15 159
15 163
15 164
15 183
15 193
15 197
15 199
15 52
16 26
16 27
16 28
16 29
16 30
16 31
16 34
16 35
16 37
16 38
16 39
16 40
16 45
16 46
16 47
16 50
16 51
16 56
16 57
16 61
16 62
16 69
16 70
16 78
16 79
16 83
16 91
16 98
16 100
16 101
16 108
16 121
16 126
16 129
16 134
16 140
16 149
16 161
16 165
16 182
16 184
16 194
16 198
16 155
17 26
17 27
17 28
17 29
17 30
17 31
17 32
17 33
17 34
17 35
17 36
17 38
17 40
17 48
17 54
17 60
17 62
17 66
17 73
17 82
17 83
17 87
17 101
17 104
17 109
17 111
17 115
17 123
17 130
17 139
17 141
17 152
17 153
17 168
17 177
17 183
17 187
17 194
17 74
18 26
18 27
18 28
18 29
18 30
18 31
18 33
18 34
18 35
18 36
18 37
18 39
18 41
18 43
18 44
18 48
18 49
18 50
18 55
18 59
18 64
18 66
18 67
18 68
18 69
18 70
18 71
18 90
18 96
18 104
18 110
18 112
18 123
18 133
18 134
18 142
18 143
18 153
18 156
18 162
18 187
18 23
19 26
19 27
19 28
19 29
19 30
19 31
19 33
19 35
19 36
19 37
19 38
19 41
19 43
19 44
19 46
19 48
19 50
19 51
19 52
19 56
19 59
19 60
19 61
19 62
19 69
19 70
19 72
19 74
19 78
19 80
19 82
19 86
19 89
19 90
19 94
19 99
19 103
19 107
19 111
19 112
19 123
19 124
19 126
19 129
19 141
19 144
19 153
19 162
19 168
19 173
19 183
19 187
19 131
20 26
20 27
20 28
20 29
20 30
20 31
20 33
20 34
20 37
20 38
20 41
20 42
20 46
20 47
20 51
20 53
20 58
20 64
20 67
20 68
20 69
20 73
20 80
20 81
20 87
20 95
20 97
20 102
20 109
20 112
20 115
20 124
20 126
20 128
20 134
20 138
20 149
20 160
20 166
20 171
20 183
20 184
20 186
20 188
21 26
21 27
21 28
21 29
21 30
21 31
21 32
21 33
21 34
21 35
21 36
21 37
21 40
21 41
21 46
21 47
21 52
21 53
21 55
21 57
21 62
21 63
21 75
21 77
21 79
21 81
21 83
21 85
21 86
21 90
21 92
21 93
21 94
21 98
21 99
21 100
21 103
21 105
21 110
21 118
21 128
21 129
21 130
21 132
21 141
21 167
21 170
21 176
21 188
21 54
22 26
22 27
22 28
22 29
22 30
22 31
22 32
22 33
22 35
22 39
22 42
22 43
22 45
22 48
22 49
22 50
22 52
22 55
22 58
22 64
22 72
22 81
22 84
22 85
22 88
22 94
22 103
22 105
22 123
22 130
22 133
22 135
22 137
22 138
22 147
22 150
22 160
22 161
22 164
22 180
22 181
22 183
23 26
23 27
23 28
23 29
23 31
23 32
23 34
23 35
23 36
23 37
23 38
23 39
23 45
23 46
23 48
23 52
23 53
23 54
23 57
23 58
23 59
23 64
23 65
23 66
23 68
23 69
23 71
23 76
23 77
23 93
23 96
23 98
23 100
23 103
23 108
23 114
23 119
23 122
23 127
23 136
23 142
23 151
23 152
23 160
23 163
23 169
23 173
23 175
23 176
23 185
23 189
24 26
24 27
24 28
24 29
24 30
24 31
24 32
24 33
24 36
24 37
24 39
24 40
24 42
24 43
24 44
24 45
24 46
24 51
24 52
24 53
24 54
24 56
24 57
24 58
24 59
24 60
24 64
24 65
24 66
24 67
24 79
24 80
24 87
24 89
24 96
24 97
24 107
24 110
24 112
24 114
24 115
24 122
24 125
24 127
24 131
24 132
24 135
24 141
24 158
24 165
24 168
24 178
24 180
24 186
24 189
24 190
24 191
25 26
25 27
25 28
25 29
25 30
25 31
25 32
25 33
25 34
25 38
25 43
25 44
25 45
25 49
25 50
25 55
25 56
25 57
25 60
25 70
25 71
25 75
25 76
25 81
25 84
25 91
25 92
25 96
25 97
25 99
25 104
25 108
25 111
25 112
25 114
25 116
25 118
25 147
25 161
25 166
25 168
25 184
25 187
25 194
25 186
26 27
26 28
26 29
26 30
26 31
26 32
26 33
26 34
26 35
26 36
26 37
26 38
26 39
26 40
26 41
26 42
26 44
26 45
26 46
26 47
26 49
26 50
26 51
26 54
26 55
26 56
26 59
26 60
26 61
26 62
26 63
26 64
26 66
26 67
26 68
26 70
26 71
26 73
26 75
26 78
26 81
26 83
26 86
26 87
26 90
26 91
26 92
26 93
26 96
26 97
26 99
26 103
26 105
26 106
26 107
26 110
26 111
26 117
26 118
26 119
26 120
26 121
26 122
26 127
26 129
26 136
26 138
26 141
26 143
26 144
26 148
26 149
26 150
26 153
26 163
26 166
26 171
26 173
26 178
26 180
26 190
26 195
26 199
26 112
27 28
27 29
27 30
27 31
27 32
27 33
27 34
27 35
27 36
27 37
27 38
27 39
27 40
27 41
27 42
27 43
27 44
27 45
27 46
27 47
27 48
27 49
27 50
27 51
27 52
27 53
27 54
27 57
27 58
27 59
27 60
27 61
27 62
27 63
27 65
27 66
27 67
27 68
27 69
27 71
27 72
27 73
27 74
27 75
27 76
27 77
27 78
27 79
27 81
27 83
27 85
27 87
27 90
27 92
27 93
27 94
27 98
27 99
27 100
27 102
27 104
27 105
27 106
27 108
27 109
27 114
27 120
27 121
27 123
27 124
27 126
27 127
27 133
27 139
27 140
27 147
27 148
27 150
27 155
27 160
27 162
27 164
27 165
27 170
27 172
27 176
27 177
27 178
27 179
27 182
27 184
27 185
27 186
27 187
27 188
27 189
27 190
27 194
27 196
27 199
27 129
27 122
28 29
28 30
28 31
28 32
28 33
28 34
28 35
28 36
28 37
28 38
28 39
28 40
28 41
28 42
28 43
28 44
28 45
28 46
28 47
28 48
28 49
28 50
28 51
28 52
28 56
28 58
28 60
28 61
28 62
28 63
28 65
28 67
28 68
28 70
28 72
28 73
28 74
28 75
28 76
28 77
28 78
28 88
28 90
28 92
28 94
28 95
28 97
28 98
28 101
28 102
28 107
28 111
28 112
28 115
28 117
28 118
28 121
28 122
28 124
28 137
28 138
28 139
28 140
28 142
28 145
28 146
28 151
28 155
28 159
28 160
28 169
28 175
28 179
28 180
28 182
28 185
28 190
28 197
28 198
28 189
29 30
29 31
29 32
29 33
29 34
29 35
29 36
29 37
29 38
29 39
29 40
29 41
29 42
29 43
29 44
29 45
29 46
29 47
29 48
29 49
29 50
29 52
29 53
29 54
29 56
29 57
29 59
29 60
29 61
29 62
29 63
29 65
29 66
29 67
29 68
29 70
29 71
29 72
29 73
29 75
29 76
29 78
29 79
29 81
29 82
29 84
29 86
29 87
29 91
29 92
29 97
29 98
29 100
29 101
29 109
29 110
29 111
29 114
29 115
29 116
29 117
29 119
29 124
29 126
29 132
29 133
29 134
29 137
29 138
29 141
29 145
29 151
29 153
29 155
29 159
29 162
29 164
29 165
29 166
29 169
29 173
29 177
29 179
29 181
29 191
30 31
30 32
30 33
30 34
30 35
30 36
30 37
30 38
30 39
30 40
30 41
30 42
30 43
30 44
30 45
30 46
30 49
30 51
30 54
30 56
30 61
30 63
30 64
30 65
30 68
30 70
30 71
30 72
30 76
30 78
30 81
30 88
30 92
30 97
30 98
30 99
30 100
30 102
30 105
30 109
30 114
30 115
30 118
30 120
30 126
30 131
30 137
30 139
30 140
30 144
30 145
30 154
30 160
30 162
30 165
30 182
30 189
30 152
31 32
31 33
31 34
31 35
31 36
31 37
31 38
31 39
31 40
31 41
31 42
31 43
31 44
31 45
31 46
31 47
31 48
31 49
31 50
31 51
31 55
31 56
31 58
31 59
31 60
31 61
31 62
31 63
31 64
31 65
31 66
31 67
31 69
31 70
31 71
31 74
31 76
31 82
31 83
31 85
31 91
31 93
31 96
31 97
31 98
31 100
31 102
31 103
31 105
31 107
31 112
31 117
31 128
31 133
31 134
31 135
31 137
31 143
31 146
31 155
31 157
31 164
31 170
31 172
31 174
31 176
31 178
31 183
31 184
31 186
31 188
31 197
32 33
32 34
32 35
32 36
32 37
32 38
32 39
32 40
32 41
32 42
32 43
32 44
32 46
32 47
32 48
32 49
32 51
32 52
32 53
32 54
32 56
32 57
32 60
32 64
32 65
32 67
32 69
32 70
32 71
32 72
32 73
32 74
32 75
32 76
32 77
32 78
32 79
32 80
32 82
32 83
32 86
32 88
32 90
32 93
32 94
32 95
32 96
32 102
32 110
32 111
32 114
32 118
32 119
32 120
32 121
32 123
32 124
32 125
32 131
32 132
32 133
32 142
32 143
32 156
32 160
32 170
32 171
32 172
32 173
32 175
32 176
32 177
32 181
32 184
32 187
32 191
32 192
32 194
32 153
32 163
33 34
33 35
33 36
33 37
33 38
33 39
33 40
33 41
33 42
33 44
33 45
33 46
33 47
33 48
33 50
33 52
33 53
33 55
33 56
33 57
33 58
33 61
33 62
33 63
33 64
33 68
33 69
33 71
33 72
33 75
33 77
33 80
33 82
33 84
33 86
33 87
33 88
33 89
33 91
33 92
33 93
33 95
33 98
33 104
33 107
33 108
33 113
33 114
33 122
33 124
33 125
33 127
33 129
33 131
33 133
33 134
33 136
33 138
33 139
33 143
33 148
33 163
33 166
33 171
33 174
33 175
33 178
33 181
33 183
33 192
33 197
33 198
33 135
33 177
34 35
34 36
34 37
34 38
34 39
34 40
34 43
34 44
34 45
34 46
34 47
34 48
34 49
34 50
34 52
34 54
34 55
34 57
34 58
34 61
34 65
34 68
34 69
34 70
34 71
34 72
34 73
34 74
34 79
34 80
34 83
34 85
34 87
34 88
34 92
34 94
34 95
34 96
34 103
34 104
34 106
34 113
34 117
34 118
34 121
34 126
34 128
34 129
34 131
34 143
34 154
34 157
34 159
34 161
34 163
34 164
34 166
34 167
34 186
34 190
34 198
34 199
35 36
35 37
35 38
35 39
35 42
35 43
35 45
35 46
35 48
35 49
35 50
35 52
35 53
35 54
35 55
35 56
35 58
35 59
35 60
35 61
35 62
35 64
35 66
35 70
35 71
35 73
35 75
35 77
35 78
35 81
35 83
35 88
35 89
35 90
35 91
35 97
35 98
35 102
35 104
35 106
35 109
35 110
35 112
35 113
35 116
35 118
35 123
35 125
35 127
35 129
35 131
35 135
35 145
35 146
35 151
35 153
35 154
35 155
35 157
35 161
35 167
35 168
35 171
35 175
35 182
35 186
35 188
35 191
35 194
35 196
35 197
35 187
35 190
36 38
36 39
36 40
36 42
36 43
36 44
36 45
36 46
36 47
36 49
36 51
36 54
36 55
36 56
36 58
36 61
36 62
36 63
36 65
36 68
36 69
36 70
36 72
36 73
36 74
36 76
36 77
36 79
36 80
36 81
36 83
36 84
36 86
36 87
36 92
36 94
36 99
36 100
36 105
36 106
36 107
36 111
36 113
36 116
36 118
36 129
36 131
36 133
36 136
36 147
36 152
36 154
36 156
36 159
36 160
36 165
36 166
36 176
36 177
36 185
36 186
36 187
36 189
36 196
36 135
36 66
36 123
37 38
37 39
37 40
37 41
37 42
37 43
37 45
37 46
37 47
37 51
37 52
37 53
37 55
37 57
37 59
37 60
37 63
37 66
37 68
37 69
37 71
37 73
37 74
37 75
37 76
37 78
37 81
37 82
37 83
37 87
37 88
37 91
37 95
37 97
37 100
37 101
37 104
37 106
37 115
37 121
37 123
37 125
37 126
37 133
37 141
37 142
37 144
37 147
37 150
37 152
37 155
37 157
37 162
37 168
37 169
37 171
37 173
37 185
37 187
37 191
37 194
37 167
38 39
38 40
38 41
38 42
38 43
38 44
38 45
38 46
38 47
38 48
38 49
38 50
38 51
38 52
38 53
38 54
38 56
38 57
38 58
38 61
38 63
38 64
38 65
38 66
38 71
38 72
38 73
38 76
38 82
38 85
38 86
38 87
38 89
38 90
38 91
38 96
38 98
38 100
38 102
38 106
38 111
38 117
38 119
38 128
38 130
38 132
38 137
38 140
38 142
38 149
38 151
38 152
38 160
38 161
38 162
38 165
38 170
38 179
38 180
38 186
38 188
38 190
38 192
38 193
38 199
39 40
39 41
39 42
39 44
39 45
39 47
39 48
39 49
39 50
39 52
39 53
39 54
39 57
39 58
39 60
39 61
39 62
39 63
39 65
39 66
39 74
39 75
39 76
39 78
39 79
39 80
39 82
39 84
39 86
39 89
39 95
39 97
39 99
39 102
39 104
39 108
39 110
39 114
39 120
39 124
39 125
39 129
39 134
39 137
39 147
39 148
39 150
39 151
39 152
39 154
39 158
39 161
39 166
39 174
39 180
39 181
39 184
39 190
39 196
40 41
40 42
40 43
40 45
40 46
40 47
40 48
40 50
40 51
40 52
40 53
40 55
40 58
40 60
40 65
40 71
40 73
40 74
40 76
40 80
40 81
40 84
40 85
40 86
40 87
40 89
40 91
40 92
40 95
40 97
40 100
40 104
40 105
40 107
40 111
40 115
40 116
40 118
40 122
40 126
40 127
40 131
40 136
40 144
40 145
40 151
40 153
40 157
40 158
40 166
40 167
40 168
40 169
40 171
40 175
40 176
40 178
40 184
40 186
40 187
40 188
40 189
40 190
40 193
40 195
40 196
40 197
41 42
41 43
41 44
41 45
41 46
41 47
41 48
41 49
41 50
41 51
41 52
41 53
41 56
41 57
41 61
41 63
41 64
41 71
41 74
41 77
41 79
41 82
41 87
41 88
41 91
41 92
41 95
41 99
41 111
41 113
41 114
41 115
41 119
41 121
41 122
41 123
41 124
41 125
41 128
41 136
41 140
41 141
41 147
41 149
41 157
41 164
41 167
41 168
41 169
41 171
41 172
41 176
41 177
41 178
41 179
41 181
41 182
41 183
41 187
41 190
41 192
41 193
41 197
41 199
41 131
42 44
42 45
42 47
42 48
42 50
42 51
42 52
42 53
42 54
42 55
42 57
42 59
42 63
42 65
42 66
42 67
42 69
42 70
42 72
42 73
42 74
42 75
42 79
42 81
42 83
42 87
42 88
42 90
42 91
42 92
42 94
42 96
42 97
42 101
42 107
42 113
42 121
42 123
42 124
42 126
42 128
42 129
42 135
42 136
42 137
42 138
42 144
42 145
42 146
42 148
42 153
42 161
42 167
42 171
42 178
42 179
42 191
42 193
42 195
42 197
42 198
43 44
43 49
43 50
43 52
43 54
43 58
43 59
43 60
43 61
43 62
43 67
43 68
43 70
43 72
43 73
43 75
43 78
43 79
43 80
43 89
43 105
43 106
43 107
43 109
43 110
43 113
43 116
43 128
43 143
43 146
43 148
43 152
43 161
43 167
43 172
43 191
43 194
43 196
43 197
43 182
44 46
44 47
44 48
44 52
44 55
44 57
44 59
44 60
44 62
44 66
44 67
44 72
44 77
44 82
44 84
44 85
44 87
44 88
44 92
44 95
44 96
44 97
44 101
44 107
44 112
44 114
44 115
44 122
44 123
44 140
44 144
44 146
44 153
44 154
44 157
44 159
44 165
44 169
44 176
44 178
44 182
44 187
44 193
44 197
44 198
44 54
45 47
45 48
45 49
45 50
45 51
45 53
45 54
45 59
45 61
45 63
45 64
45 65
45 67
45 68
45 73
45 74
45 80
45 83
45 86
45 89
45 90
45 92
45 93
45 99
45 104
45 105
45 108
45 109
45 113
45 116
45 118
45 120
45 127
45 128
45 131
45 133
45 134
45 136
45 137
45 139
45 151
45 159
45 161
45 167
45 172
45 175
45 177
45 190
45 191
45 195
46 47
46 48
46 49
46 50
46 51
46 53
46 63
46 64
46 66
46 70
46 71
46 74
46 76
46 77
46 79
46 84
46 85
46 88
46 90
46 96
46 99
46 102
46 106
46 109
46 111
46 115
46 120
46 122
46 127
46 132
46 135
46 138
46 141
46 143
46 148
46 150
46 155
46 157
46 161
46 164
46 169
46 171
46 173
46 180
46 181
46 183
46 186
46 191
46 199
46 146
47 55
47 56
47 57
47 58
47 60
47 61
47 62
47 68
47 70
47 74
47 78
47 82
47 85
47 90
47 95
47 96
47 110
47 117
47 122
47 126
47 127
47 129
47 132
47 138
47 144
47 149
47 157
47 159
47 163
47 165
47 176
47 180
47 183
47 189
47 192
47 193
47 196
47 199
47 63
47 89
48 49
48 52
48 53
48 56
48 57
48 59
48 60
48 62
48 63
48 68
48 69
48 76
48 77
48 81
48 85
48 86
48 89
48 90
48 91
48 94
48 96
48 99
48 101
48 104
48 109
48 112
48 113
48 114
48 117
48 119
48 125
48 127
48 132
48 134
48 136
48 138
48 144
48 148
48 151
48 157
48 161
48 162
48 166
48 176
48 179
48 182
48 199
49 50
49 52
49 53
49 60
49 65
49 67
49 72
49 74
49 77
49 78
49 79
49 84
49 87
49 91
49 93
49 95
49 96
49 100
49 101
49 102
49 104
49 111
49 115
49 119
49 121
49 123
49 136
49 141
49 146
49 147
49 148
49 149
49 153
49 155
49 161
49 163
49 166
49 167
49 168
49 171
49 173
49 175
49 189
49 191
49 86
50 51
50 53
50 56
50 58
50 63
50 64
50 65
50 67
50 69
50 71
50 74
50 77
50 80
50 81
50 92
50 93
50 95
50 97
50 100
50 101
50 102
50 108
50 113
50 114
50 115
50 118
50 119
50 127
50 133
50 135
50 136
50 137
50 138
50 141
50 145
50 146
50 149
50 172
50 189
50 161
51 53
51 54
51 55
51 56
51 57
51 59
51 61
51 66
51 67
51 68
51 72
51 73
51 74
51 75
51 76
51 82
51 83
51 85
51 88
51 89
51 91
51 96
51 98
51 99
51 107
51 108
51 116
51 120
51 121
51 123
51 125
51 129
51 130
51 137
51 142
51 145
51 150
51 153
51 155
51 156
51 157
51 160
51 163
51 174
51 175
51 178
51 181
51 192
51 193
52 54
52 56
52 57
52 58
52 60
52 64
52 66
52 67
52 77
52 78
52 84
52 87
52 92
52 93
52 94
52 100
52 103
52 107
52 108
52 109
52 120
52 121
52 123
52 125
52 128
52 130
52 142
52 143
52 145
52 148
52 150
52 155
52 156
52 160
52 161
52 162
52 174
52 184
52 186
52 194
53 55
53 59
53 61
53 64
53 67
53 70
53 80
53 83
53 86
53 88
53 93
53 94
53 109
53 110
53 113
53 114
53 120
53 121
53 122
53 124
53 127
53 134
53 136
53 144
53 145
53 152
53 158
53 159
53 164
53 165
53 167
53 168
53 174
53 181
53 184
53 189
53 191
53 193
54 55
54 58
54 59
54 62
54 66
54 69
54 72
54 74
54 76
54 79
54 85
54 89
54 96
54 98
54 103
54 104
54 109
54 114
54 116
54 119
54 120
54 127
54 138
54 141
54 151
54 156
54 158
54 159
54 166
54 169
54 173
54 178
54 180
54 186
54 192
54 197
54 195
55 56
55 58
55 65
55 71
55 72
55 73
55 74
55 77
55 78
55 79
55 82
55 84
55 89
55 91
55 94
55 100
55 105
55 106
55 110
55 119
55 125
55 127
55 128
55 131
55 136
55 143
55 148
55 153
55 158
55 159
55 162
55 167
55 172
55 174
55 182
55 186
55 126
56 57
56 59
56 61
56 63
56 66
56 67
56 69
56 70
56 77
56 79
56 80
56 85
56 89
56 90
56 93
56 97
56 100
56 102
56 105
56 107
56 108
56 112
56 116
56 118
56 130
56 132
56 135
56 137
56 139
56 140
56 142
56 146
56 148
56 156
56 159
56 162
56 164
56 165
56 181
56 183
56 186
56 192
56 195
56 196
57 58
57 59
57 61
57 64
57 65
57 74
57 75
57 76
57 79
57 81
57 84
57 85
57 91
57 92
57 94
57 99
57 101
57 104
57 108
57 115
57 128
57 130
57 131
57 146
57 149
57 154
57 155
57 168
57 169
57 170
57 178
57 179
57 182
57 192
57 197
57 199
57 119
58 59
58 60
58 61
58 64
58 66
58 70
58 71
58 77
58 80
58 83
58 87
58 89
58 102
58 103
58 115
58 120
58 128
58 129
58 137
58 140
58 143
58 149
58 150
58 153
58 172
58 176
58 181
58 196
58 113
59 63
59 64
59 69
59 70
59 75
59 77
59 79
59 80
59 98
59 99
59 103
59 105
59 109
59 112
59 115
59 118
59 139
59 140
59 143
59 146
59 151
59 152
59 159
59 162
59 172
59 179
59 182
59 184
59 188
59 174
60 62
60 63
60 64
60 67
60 68
60 75
60 76
60 81
60 84
60 86
60 89
60 90
60 93
60 97
60 98
60 104
60 107
60 112
60 113
60 114
60 120
60 127
60 130
60 131
60 132
60 133
60 134
60 138
60 140
60 150
60 154
60 156
60 157
60 160
60 167
60 169
60 173
60 176
60 179
60 180
60 188
60 189
60 191
60 197
60 198
61 62
61 63
61 65
61 72
61 78
61 80
61 82
61 87
61 90
61 93
61 98
61 101
61 102
61 104
61 106
61 108
61 109
61 113
61 115
61 117
61 118
61 128
61 130
61 131
61 132
61 136
61 144
61 160
61 167
61 180
61 184
61 188
61 194
61 199
61 168
62 63
62 68
62 70
62 74
62 77
62 78
62 79
62 84
62 93
62 113
62 116
62 117
62 124
62 126
62 132
62 134
62 135
62 141
62 146
62 147
62 159
62 169
62 170
62 171
62 173
62 179
62 184
62 186
62 189
63 64
63 66
63 73
63 75
63 76
63 82
63 86
63 87
63 89
63 91
63 92
63 93
63 94
63 97
63 102
63 107
63 111
63 117
63 119
63 124
63 134
63 140
63 150
63 156
63 158
63 174
63 178
63 180
63 185
63 198
64 65
64 66
64 74
64 75
64 78
64 80
64 81
64 82
64 84
64 91
64 92
64 95
64 98
64 125
64 130
64 136
64 141
64 144
64 154
64 167
64 173
64 196
65 67
65 69
65 73
65 78
65 83
65 86
65 90
65 91
65 101
65 105
65 108
65 109
65 122
65 133
65 134
65 137
65 138
65 147
65 150
65 153
65 158
65 161
65 162
65 164
65 169
65 170
65 175
65 179
65 199
66 67
66 71
66 73
66 77
66 84
66 86
66 87
66 89
66 91
66 95
66 98
66 105
66 113
66 118
66 127
66 130
66 134
66 138
66 141
66 147
66 152
66 156
66 162
66 169
66 182
66 185
66 192
66 194
67 68
67 73
67 75
67 76
67 80
67 81
67 87
67 93
67 95
67 96
67 102
67 105
67 106
67 109
67 114
67 123
67 143
67 146
67 149
67 153
67 158
67 163
67 165
67 168
67 171
67 175
67 176
67 178
67 187
68 71
68 72
68 77
68 82
68 89
68 96
68 103
68 108
68 115
68 116
68 117
68 122
68 123
68 125
68 127
68 128
68 133
68 138
68 143
68 158
68 166
68 167
68 169
68 173
68 180
68 183
68 190
68 197
68 140
68 99
69 72
69 73
69 79
69 81
69 88
69 102
69 112
69 125
69 132
69 133
69 135
69 136
69 144
69 148
69 150
69 155
69 177
69 181
69 182
69 194
69 199
70 84
70 88
70 90
70 93
70 99
70 101
70 105
70 106
70 107
70 114
70 128
70 134
70 136
70 137
70 145
70 148
70 158
70 165
70 167
70 174
70 179
70 188
70 192
70 195
70 199
70 96
71 72
71 73
71 81
71 85
71 93
71 98
71 99
71 100
71 103
71 106
71 108
71 110
71 117
71 118
71 123
71 130
71 140
71 141
71 152
71 154
71 157
71 161
71 166
71 168
71 169
71 187
71 193
72 81
72 83
72 88
72 95
72 99
72 102
72 103
72 106
72 125
72 128
72 133
72 139
72 140
72 141
72 142
72 143
72 152
72 156
72 171
72 190
72 194
72 199
72 121
73 74
73 76
73 77
73 78
73 79
73 85
73 88
73 94
73 103
73 110
73 111
73 120
73 127
73 129
73 130
73 134
73 135
73 138
73 143
73 163
73 165
73 180
73 182
73 185
73 191
73 192
73 193
73 195
73 84
73 75
74 75
74 81
74 90
74 91
74 96
74 101
74 106
74 114
74 116
74 119
74 122
74 126
74 136
74 142
74 144
74 151
74 155
74 158
74 163
74 166
74 177
74 181
74 189
74 198
75 77
75 78
75 82
75 86
75 90
75 95
75 96
75 98
75 106
75 116
75 121
75 132
75 136
75 141
75 145
75 149
75 155
75 156
75 157
75 159
75 160
75 167
75 178
75 182
75 189
76 80
76 84
76 85
76 93
76 94
76 96
76 104
76 105
76 106
76 107
76 110
76 122
76 134
76 139
76 144
76 150
76 163
76 170
76 171
76 174
76 177
76 179
76 188
76 194
76 195
76 196
76 128
77 79
77 82
77 85
77 86
77 90
77 94
77 103
77 106
77 109
77 110
77 115
77 119
77 123
77 140
77 143
77 147
77 160
77 165
77 178
77 183
77 184
77 186
77 194
77 197
78 84
78 88
78 93
78 104
78 106
78 116
78 120
78 124
78 128
78 138
78 142
78 155
78 159
78 163
78 172
78 174
78 197
79 83
79 84
79 89
79 105
79 108
79 111
79 116
79 117
79 121
79 123
79 125
79 139
79 149
79 154
79 170
79 180
79 185
79 192
79 194
79 196
79 107
80 86
80 113
80 116
80 117
80 125
80 139
80 156
80 161
80 170
80 187
80 199
81 84
81 87
81 91
81 94
81 101
81 106
81 111
81 116
81 120
81 121
81 124
81 125
81 128
81 129
81 130
81 131
81 134
81 136
81 146
81 150
81 158
81 160
81 165
81 166
81 167
81 172
81 177
81 180
81 181
81 184
81 189
81 191
81 198
82 85
82 92
82 100
82 107
82 112
82 113
82 119
82 124
82 126
82 129
82 133
82 134
82 139
82 147
82 150
82 152
82 155
82 167
82 169
82 174
82 184
82 185
82 190
82 195
83 85
83 86
83 88
83 91
83 97
83 98
83 101
83 108
83 129
83 137
83 138
83 142
83 143
83 148
83 158
83 161
83 164
83 169
83 179
83 193
83 198
83 171
84 88
84 90
84 99
84 118
84 119
84 127
84 131
84 139
84 140
84 157
84 158
84 161
84 171
84 176
84 177
84 185
84 187
85 91
85 95
85 100
85 101
85 103
85 110
85 111
85 115
85 116
85 121
85 122
85 123
85 128
85 141
85 149
85 151
85 156
85 160
85 172
85 177
85 178
85 179
85 184
85 188
85 189
85 198
85 162
86 89
86 90
86 98
86 103
86 106
86 110
86 114
86 120
86 126
86 129
86 130
86 131
86 135
86 142
86 156
86 157
86 181
86 187
86 189
86 193
86 196
87 103
87 104
87 105
87 112
87 131
87 143
87 147
87 153
87 159
87 165
87 174
87 197
88 94
88 117
88 118
88 121
88 132
88 139
88 140
88 144
88 145
88 173
88 193
88 108
89 92
89 95
89 97
89 98
89 121
89 136
89 144
89 165
89 170
89 181
89 191
90 93
90 97
90 105
90 109
90 117
90 126
90 133
90 156
90 165
90 181
90 189
90 193
90 196
91 94
91 95
91 96
91 109
91 110
91 113
91 118
91 128
91 131
91 133
91 134
91 146
91 153
91 157
91 172
91 179
91 195
91 198
92 99
92 106
92 122
92 124
92 129
92 135
92 146
92 150
92 152
92 154
92 171
92 179
92 185
92 188
93 95
93 101
93 102
93 113
93 117
93 119
93 124
93 131
93 155
93 168
93 185
93 186
93 190
93 154
94 100
94 102
94 107
94 108
94 111
94 114
94 120
94 124
94 135
94 145
94 148
94 159
94 164
94 167
94 173
94 177
94 180
94 190
94 191
94 197
95 98
95 108
95 109
95 112
95 116
95 117
95 118
95 130
95 139
95 142
95 145
95 149
95 152
95 154
95 162
95 166
95 172
95 173
95 197
96 97
96 101
96 104
96 108
96 110
96 122
96 125
96 130
96 142
96 153
96 162
96 163
96 167
96 168
97 102
97 103
97 111
97 113
97 114
97 119
97 124
97 126
97 127
97 137
97 139
97 144
97 147
97 149
97 151
97 153
97 154
97 158
97 163
97 179
97 181
97 196
97 198
97 199
98 104
98 109
98 113
98 116
98 120
98 126
98 147
98 155
98 157
98 160
98 169
98 175
98 187
98 188
98 192
99 100
99 102
99 103
99 105
99 113
99 119
99 120
99 126
99 131
99 135
99 149
99 173
99 175
100 102
100 118
100 125
100 129
100 134
100 144
100 146
100 157
100 169
100 175
100 178
100 182
100 189
100 190
100 191
100 193
100 196
101 103
101 104
101 105
101 107
101 110
101 117
101 124
101 129
101 139
101 152
101 170
101 190
101 158
102 114
102 127
102 151
102 164
102 177
102 179
102 186
102 193
103 122
103 123
103 125
103 138
103 140
103 144
103 145
103 155
103 160
103 163
103 166
103 169
103 183
103 187
103 192
103 199
104 105
104 110
104 113
104 121
104 134
104 135
104 141
104 152
104 153
104 159
104 160
104 163
104 166
104 172
105 112
105 126
105 139
105 154
105 166
105 173
105 175
105 170
106 112
106 138
106 142
106 147
106 161
106 163
106 170
106 176
106 180
106 183
106 198
106 122
107 112
107 119
107 122
107 127
107 132
107 136
107 140
107 143
107 145
107 152
107 156
107 191
107 198
107 169
108 111
108 125
108 126
108 128
108 145
108 147
108 148
108 152
108 154
108 168
108 169
108 170
109 110
109 121
109 141
109 145
109 154
109 158
109 178
109 182
109 188
110 112
110 119
110 120
110 124
110 126
110 128
110 131
110 133
110 134
110 136
110 148
110 149
110 157
110 166
110 168
110 196
110 180
111 117
111 140
111 143
111 145
111 152
111 158
111 181
111 199
112 115
112 116
112 120
112 129
112 133
112 135
112 144
112 156
112 169
112 172
112 179
113 115
113 126
113 151
113 158
113 168
113 172
113 174
113 195
114 118
114 124
114 135
114 139
114 140
114 170
114 171
114 176
114 185
115 119
115 123
115 129
115 131
115 143
115 145
115 159
115 162
115 168
115 175
115 195
115 198
116 134
116 137
116 144
116 149
116 154
116 178
116 180
116 193
117 122
117 128
117 132
117 147
117 150
117 155
117 164
117 170
117 175
117 177
117 194
117 198
117 191
117 127
118 119
118 122
118 128
118 133
118 146
118 159
118 160
118 171
118 187
119 121
119 124
119 129
119 133
119 140
119 147
119 149
119 180
119 188
119 193
120 124
120 127
120 134
120 174
120 184
121 130
121 135
121 142
121 160
121 167
121 190
121 195
122 125
122 131
122 143
123 138
123 139
123 147
123 162
123 169
123 175
123 185
123 194
124 125
124 136
124 137
124 147
124 155
124 163
124 175
124 176
124 195
124 199
125 135
125 137
125 150
125 164
125 165
125 168
125 170
125 180
125 188
125 189
126 139
126 142
126 143
126 145
126 149
126 176
126 185
126 186
126 191
127 130
127 131
127 132
127 150
127 164
127 172
127 180
127 185
127 195
127 198
128 138
128 139
128 142
128 145
128 149
128 156
128 157
128 161
128 164
128 168
128 173
128 175
128 176
128 183
128 191
128 196
129 133
129 135
129 144
129 146
129 151
129 181
129 194
130 144
130 146
130 153
130 164
130 166
130 170
130 181
130 190
131 132
131 133
131 137
131 142
131 146
131 160
131 177
131 192
131 141
132 154
132 164
132 196
133 141
133 155
133 159
133 173
133 182
133 183
133 199
133 145
134 135
134 138
134 151
134 184
134 186
134 189
135 140
135 141
135 149
135 156
135 168
135 171
135 189
136 137
136 143
136 148
136 152
136 164
136 174
136 196
137 142
137 148
137 173
137 185
137 187
137 191
138 144
138 147
138 161
138 164
138 185
139 141
139 147
139 148
139 153
139 155
139 162
139 164
139 170
139 175
139 177
139 178
139 187
140 144
140 147
140 151
140 176
140 177
140 181
141 149
141 150
141 152
141 167
141 169
141 182
142 151
142 158
142 168
142 172
142 181
143 151
143 162
143 165
143 197
144 148
144 149
144 154
144 179
144 196
145 150
145 165
145 169
146 151
146 154
146 161
146 163
146 174
146 182
146 196
147 150
147 158
147 159
147 166
147 171
147 190
147 194
147 195
147 198
147 179
148 163
148 175
148 180
148 190
149 151
149 152
149 172
150 154
150 157
150 158
150 160
150 166
150 171
150 177
150 179
150 186
151 156
151 178
151 183
151 185
151 159
152 157
152 162
152 163
152 166
152 168
152 170
152 180
152 186
152 192
153 162
153 165
153 173
153 175
153 183
153 188
153 198
153 199
154 155
154 156
154 177
154 178
154 187
154 199
155 158
155 160
155 161
155 188
155 191
157 162
157 163
157 182
157 184
158 173
158 195
159 170
159 186
160 161
160 164
160 175
160 179
161 162
161 171
162 165
162 174
162 175
162 188
163 167
163 171
163 172
163 177
164 174
164 176
164 182
164 197
165 193
166 167
166 181
166 190
166 194
167 170
167 173
167 174
167 192
167 195
167 199
168 171
168 185
168 187
168 193
168 195
168 197
169 172
169 188
170 174
170 177
170 181
170 183
170 195
171 178
171 186
172 176
172 184
172 185
172 196
173 183
174 190
175 177
175 183
176 195
177 195
178 197
178 198
180 182
180 186
180 188
180 195
181 185
181 188
184 189
184 192
184 194
184 195
185 195
185 197
186 189
186 192
186 193
188 197
189 190
189 192
189 199
192 198
195 197