821293720
51
200
7635
0 51
0 52
0 53
0 54
0 55
0 56
0 57
0 58
0 59
0 61
0 62
0 63
0 65
0 66
0 67
0 69
0 70
0 71
0 73
0 76
0 77
0 78
0 79
0 80
0 82
0 83
0 84
0 85
0 86
0 89
0 90
0 91
0 92
0 97
0 98
0 99
0 100
0 101
0 102
0 103
0 105
0 106
0 108
0 109
0 111
0 113
0 114
0 118
0 122
0 129
0 130
0 138
0 139
0 141
0 144
0 146
0 151
0 154
0 155
0 163
0 164
0 167
0 168
0 173
0 180
0 195
0 199
0 165
0 43
0 197
1 51
1 52
1 53
1 54
1 55
1 56
1 57
1 58
1 60
1 61
1 62
1 64
1 66
1 67
1 68
1 69
1 71
1 72
1 74
1 75
1 82
1 88
1 89
1 90
1 96
1 99
1 100
1 105
1 109
1 115
1 116
1 124
1 127
1 131
1 135
1 137
1 138
1 139
1 143
1 148
1 153
1 156
1 163
1 166
1 167
1 170
1 172
1 174
1 178
1 180
1 181
1 183
1 185
1 187
1 188
1 189
1 195
1 196
2 51
2 52
2 53
2 54
2 55
2 56
2 57
2 58
2 59
2 61
2 62
2 63
2 66
2 68
2 69
2 70
2 73
2 74
2 76
2 79
2 81
2 82
2 83
2 88
2 89
2 91
2 92
2 94
2 95
2 96
2 97
2 98
2 108
2 109
2 112
2 113
2 114
2 116
2 117
2 119
2 122
2 123
2 125
2 128
2 129
2 140
2 143
2 155
2 156
2 170
2 171
2 177
2 184
2 188
2 189
2 191
3 51
3 52
3 53
3 54
3 55
3 56
3 59
3 60
3 61
3 62
3 63
3 65
3 66
3 67
3 68
3 69
3 70
3 74
3 75
3 76
3 78
3 81
3 84
3 88
3 94
3 96
3 100
3 105
3 109
3 113
3 114
3 117
3 130
3 136
3 145
3 152
3 155
3 162
3 163
3 165
3 174
3 178
3 181
3 182
3 183
4 51
4 52
4 54
4 55
4 56
4 57
4 58
4 59
4 61
4 63
4 64
4 65
4 66
4 67
4 68
4 69
4 70
4 71
4 73
4 76
4 77
4 81
4 86
4 87
4 89
4 91
4 97
4 101
4 109
4 111
4 113
4 117
4 118
4 123
4 124
4 125
4 128
4 132
4 137
4 149
4 152
4 156
4 158
4 164
4 169
4 173
4 175
4 184
4 194
4 197
4 198
4 134
5 51
5 52
5 53
5 54
5 55
5 56
5 58
5 59
5 60
5 61
5 62
5 65
5 67
5 69
5 72
5 73
5 74
5 75
5 76
5 77
5 78
5 82
5 84
5 88
5 90
5 91
5 93
5 94
5 96
5 101
5 102
5 103
5 105
5 107
5 109
5 117
5 135
5 136
5 139
5 148
5 149
5 151
5 152
5 157
5 165
5 166
5 167
5 173
5 177
5 179
5 180
5 182
5 184
5 194
5 195
6 51
6 52
6 53
6 54
6 55
6 56
6 57
6 59
6 60
6 61
6 62
6 63
6 64
6 65
6 66
6 67
6 70
6 71
6 78
6 83
6 84
6 86
6 90
6 91
6 92
6 93
6 97
6 100
6 101
6 113
6 119
6 120
6 130
6 133
6 137
6 158
6 162
6 165
6 174
6 182
6 195
6 196
6 47
6 80
7 51
7 52
7 53
7 54
7 55
7 56
7 57
7 58
7 59
7 60
7 61
7 62
7 63
7 64
7 65
7 67
7 68
7 69
7 74
7 76
7 77
7 78
7 79
7 80
7 83
7 84
7 85
7 87
7 89
7 92
7 93
7 94
7 95
7 101
7 102
7 104
7 111
7 115
7 117
7 121
7 122
7 127
7 134
7 136
7 137
7 148
7 149
7 152
7 161
7 165
7 167
7 169
7 188
7 190
7 191
7 196
7 71
8 51
8 53
8 54
8 55
8 57
8 58
8 59
8 60
8 61
8 62
8 63
8 64
8 66
8 67
8 68
8 69
8 70
8 71
8 72
8 73
8 74
8 75
8 76
8 77
8 79
8 81
8 82
8 83
8 85
8 86
8 87
8 88
8 89
8 90
8 93
8 95
8 96
8 102
8 103
8 104
8 110
8 115
8 117
8 118
8 119
8 124
8 125
8 127
8 129
8 130
8 131
8 133
8 135
8 137
8 141
8 143
8 147
8 150
8 153
8 160
8 171
8 174
8 180
8 184
8 186
8 188
8 189
8 191
8 56
9 51
9 52
9 53
9 54
9 55
9 56
9 57
9 58
9 60
9 61
9 63
9 64
9 65
9 66
9 69
9 72
9 73
9 75
9 76
9 77
9 78
9 90
9 92
9 98
9 103
9 104
9 105
9 107
9 108
9 109
9 111
9 117
9 118
9 120
9 124
9 130
9 138
9 139
9 140
9 150
9 157
9 160
9 164
9 172
9 176
9 179
9 180
9 184
9 197
10 51
10 52
10 53
10 54
10 55
10 56
10 58
10 59
10 60
10 61
10 62
10 63
10 64
10 65
10 69
10 70
10 71
10 72
10 74
10 75
10 78
10 79
10 83
10 85
10 86
10 87
10 89
10 91
10 94
10 101
10 102
10 106
10 107
10 109
10 110
10 112
10 116
10 117
10 123
10 124
10 133
10 135
10 138
10 140
10 144
10 149
10 153
10 154
10 155
10 162
10 163
10 165
10 169
10 172
10 174
10 175
10 178
10 180
10 184
10 185
11 51
11 52
11 53
11 54
11 55
11 56
11 57
11 58
11 59
11 60
11 64
11 70
11 71
11 72
11 75
11 79
11 86
11 99
11 102
11 107
11 116
11 118
11 119
11 128
11 149
11 154
11 160
11 174
11 180
11 192
11 195
12 51
12 52
12 53
12 54
12 55
12 56
12 57
12 58
12 61
12 62
12 63
12 64
12 67
12 68
12 69
12 71
12 72
12 73
12 74
12 76
12 77
12 78
12 79
12 80
12 81
12 82
12 83
12 84
12 85
12 90
12 91
12 95
12 96
12 99
12 100
12 101
12 103
12 106
12 108
12 112
12 115
12 122
12 125
12 129
12 135
12 141
12 163
12 167
12 171
12 177
12 184
12 185
12 187
12 190
13 51
13 52
13 53
13 54
13 55
13 56
13 57
13 58
13 59
13 60
13 61
13 62
13 63
13 64
13 65
13 67
13 69
13 73
13 74
13 78
13 80
13 86
13 87
13 89
13 91
13 92
13 93
13 95
13 100
13 101
13 105
13 106
13 114
13 115
13 118
13 121
13 122
13 124
13 125
13 127
13 129
13 134
13 139
13 140
13 143
13 144
13 150
13 151
13 153
13 155
13 168
13 172
13 175
13 176
13 181
13 193
13 196
13 199
14 51
14 52
14 53
14 54
14 55
14 56
14 57
14 58
14 59
14 60
14 61
14 63
14 64
14 65
14 67
14 68
14 71
14 73
14 74
14 80
14 83
14 84
14 85
14 86
14 91
14 96
14 97
14 99
14 100
14 106
14 107
14 108
14 109
14 119
14 123
14 125
14 131
14 132
14 137
14 139
14 140
14 144
14 151
14 169
14 173
14 175
14 179
14 183
14 184
14 194
14 198
14 199
15 51
15 52
15 53
15 54
15 56
15 57
15 58
15 59
15 60
15 61
15 63
15 65
15 66
15 67
15 69
15 70
15 71
15 72
15 74
15 75
15 76
15 77
15 78
15 79
15 82
15 84
15 85
15 88
15 96
15 97
15 104
15 106
15 110
15 111
15 113
15 115
15 117
15 118
15 120
15 123
15 125
15 127
15 131
15 136
15 137
15 138
15 141
15 142
15 153
15 160
15 172
15 177
15 184
15 186
15 189
15 193
15 196
15 36
16 51
16 52
16 53
16 54
16 56
16 57
16 59
16 61
16 62
16 63
16 64
16 65
16 67
16 69
16 76
16 83
16 84
16 85
16 86
16 87
16 88
16 89
16 97
16 100
16 113
16 119
16 120
16 123
16 127
16 130
16 133
16 140
16 158
16 178
16 184
16 188
16 192
16 197
17 51
17 52
17 53
17 54
17 55
17 56
17 57
17 58
17 59
17 60
17 61
17 62
17 63
17 64
17 65
17 68
17 71
17 74
17 75
17 78
17 80
17 81
17 83
17 84
17 85
17 86
17 88
17 91
17 93
17 95
17 96
17 97
17 98
17 104
17 108
17 109
17 111
17 115
17 116
17 118
17 120
17 121
17 123
17 125
17 127
17 128
17 131
17 133
17 136
17 139
17 140
17 141
17 142
17 147
17 148
17 156
17 157
17 158
17 161
17 163
17 164
17 174
17 181
17 182
17 190
17 192
17 193
17 196
18 51
18 52
18 53
18 54
18 55
18 56
18 57
18 58
18 59
18 60
18 62
18 63
18 65
18 66
18 68
18 71
18 72
18 73
18 75
18 77
18 79
18 88
18 91
18 92
18 95
18 98
18 100
18 101
18 102
18 103
18 105
18 110
18 113
18 114
18 118
18 130
18 134
18 137
18 138
18 139
18 142
18 150
18 153
18 154
18 165
18 167
18 175
18 184
18 189
18 191
18 89
19 51
19 52
19 53
19 54
19 55
19 56
19 57
19 58
19 59
19 60
19 61
19 63
19 64
19 66
19 67
19 68
19 69
19 70
19 71
19 72
19 73
19 74
19 79
19 82
19 85
19 89
19 90
19 91
19 93
19 94
19 95
19 97
19 99
19 100
19 101
19 106
19 108
19 110
19 111
19 114
19 115
19 123
19 125
19 126
19 127
19 128
19 132
19 139
19 147
19 151
19 170
19 187
19 190
19 192
19 194
19 196
19 198
20 51
20 52
20 53
20 54
20 55
20 56
20 57
20 58
20 59
20 61
20 62
20 64
20 65
20 66
20 68
20 69
20 70
20 71
20 72
20 73
20 75
20 76
20 81
20 84
20 85
20 87
20 89
20 91
20 92
20 94
20 95
20 96
20 97
20 98
20 100
20 103
20 105
20 106
20 107
20 108
20 110
20 121
20 122
20 123
20 124
20 126
20 127
20 134
20 141
20 142
20 143
20 148
20 149
20 153
20 155
20 158
20 161
20 166
20 168
20 175
20 177
20 188
20 191
20 199
21 51
21 52
21 53
21 54
21 55
21 56
21 58
21 59
21 60
21 61
21 62
21 63
21 65
21 66
21 67
21 68
21 70
21 71
21 72
21 73
21 75
21 78
21 79
21 87
21 91
21 94
21 97
21 99
21 100
21 113
21 115
21 117
21 118
21 119
21 120
21 121
21 127
21 129
21 141
21 146
21 148
21 157
21 160
21 161
21 168
21 169
21 172
21 173
21 174
21 183
21 186
21 193
21 102
22 51
22 52
22 53
22 54
22 55
22 56
22 57
22 58
22 60
22 62
22 63
22 64
22 66
22 68
22 69
22 70
22 72
22 73
22 74
22 75
22 76
22 80
22 85
22 86
22 87
22 88
22 89
22 90
22 92
22 95
22 97
22 98
22 99
22 104
22 105
22 106
22 107
22 112
22 114
22 119
22 120
22 122
22 124
22 128
22 129
22 133
22 134
22 135
22 138
22 139
22 144
22 146
22 149
22 150
22 152
22 154
22 157
22 160
22 161
22 164
22 166
22 167
22 168
22 172
22 174
22 180
22 186
22 189
22 193
22 194
22 195
22 199
23 51
23 52
23 53
23 54
23 55
23 56
23 57
23 59
23 60
23 61
23 62
23 63
23 64
23 65
23 66
23 70
23 71
23 73
23 74
23 75
23 76
23 77
23 80
23 81
23 84
23 90
23 92
23 93
23 94
23 95
23 99
23 108
23 110
23 117
23 119
23 122
23 124
23 133
23 140
23 142
23 144
23 146
23 150
23 163
23 168
23 174
23 179
23 184
23 188
23 191
24 51
24 52
24 53
24 54
24 55
24 56
24 59
24 60
24 61
24 62
24 63
24 64
24 66
24 68
24 69
24 70
24 71
24 72
24 75
24 78
24 81
24 85
24 86
24 87
24 92
24 93
24 94
24 102
24 109
24 110
24 117
24 120
24 121
24 123
24 124
24 136
24 138
24 140
24 151
24 155
24 171
24 176
24 181
24 182
24 187
24 198
25 51
25 52
25 53
25 54
25 55
25 57
25 58
25 60
25 61
25 62
25 63
25 65
25 66
25 67
25 68
25 71
25 72
25 73
25 74
25 75
25 76
25 78
25 80
25 81
25 83
25 85
25 87
25 90
25 93
25 94
25 97
25 98
25 99
25 102
25 103
25 105
25 111
25 117
25 123
25 125
25 134
25 136
25 137
25 138
25 142
25 143
25 148
25 155
25 175
25 179
25 180
25 183
25 186
25 196
25 182
26 51
26 52
26 53
26 54
26 55
26 56
26 57
26 58
26 59
26 60
26 61
26 62
26 63
26 66
26 68
26 70
26 71
26 73
26 74
26 75
26 76
26 77
26 78
26 79
26 81
26 82
26 83
26 88
26 91
26 95
26 97
26 99
26 101
26 102
26 104
26 105
26 107
26 111
26 112
26 115
26 119
26 126
26 128
26 134
26 144
26 145
26 146
26 148
26 151
26 152
26 153
26 154
26 158
26 159
26 166
26 168
26 175
26 180
26 181
26 185
26 190
26 191
26 195
26 196
26 198
27 51
27 52
27 53
27 55
27 56
27 57
27 58
27 59
27 60
27 62
27 64
27 66
27 67
27 69
27 73
27 74
27 75
27 77
27 79
27 80
27 81
27 82
27 83
27 86
27 87
27 90
27 91
27 92
27 93
27 95
27 96
27 97
27 100
27 101
27 103
27 105
27 108
27 111
27 113
27 114
27 118
27 119
27 121
27 124
27 126
27 130
27 133
27 135
27 136
27 139
27 143
27 146
27 147
27 150
27 152
27 153
27 157
27 161
27 169
27 182
27 184
27 185
27 186
27 187
27 189
27 192
27 197
27 198
27 199
28 51
28 52
28 53
28 54
28 55
28 56
28 57
28 58
28 59
28 60
28 61
28 63
28 65
28 66
28 67
28 68
28 69
28 71
28 72
28 73
28 74
28 75
28 79
28 81
28 82
28 83
28 84
28 85
28 86
28 89
28 91
28 92
28 97
28 100
28 101
28 102
28 103
28 104
28 106
28 107
28 112
28 116
28 117
28 118
28 123
28 129
28 130
28 137
28 142
28 147
28 153
28 155
28 158
28 162
28 171
28 173
28 176
28 179
28 181
28 183
28 186
28 187
28 192
28 193
28 182
29 51
29 52
29 53
29 54
29 55
29 56
29 57
29 59
29 60
29 62
29 64
29 65
29 67
29 68
29 70
29 71
29 72
29 74
29 80
29 82
29 83
29 84
29 101
29 102
29 105
29 108
29 114
29 122
29 124
29 127
29 132
29 145
29 177
29 178
29 198
30 51
30 52
30 53
30 54
30 55
30 56
30 57
30 58
30 59
30 60
30 61
30 62
30 64
30 65
30 67
30 70
30 72
30 74
30 77
30 78
30 79
30 80
30 81
30 82
30 83
30 85
30 86
30 87
30 88
30 93
30 94
30 97
30 98
30 99
30 101
30 106
30 108
30 110
30 111
30 114
30 115
30 116
30 119
30 120
30 121
30 122
30 123
30 127
30 129
30 132
30 133
30 138
30 149
30 150
30 151
30 155
30 157
30 167
30 168
30 169
30 170
30 173
30 183
30 186
30 187
30 199
31 51
31 52
31 53
31 54
31 55
31 56
31 57
31 58
31 59
31 60
31 62
31 63
31 65
31 66
31 67
31 68
31 71
31 72
31 73
31 75
31 78
31 81
31 82
31 85
31 86
31 87
31 88
31 90
31 91
31 94
31 95
31 103
31 104
31 109
31 112
31 113
31 116
31 117
31 119
31 122
31 126
31 130
31 131
31 132
31 134
31 135
31 144
31 145
31 147
31 148
31 151
31 165
31 167
31 168
31 176
31 182
31 183
31 184
31 186
31 187
31 191
31 192
31 195
31 198
31 199
32 51
32 52
32 53
32 56
32 57
32 60
32 61
32 63
32 64
32 65
32 67
32 69
32 70
32 75
32 76
32 77
32 79
32 85
32 87
32 90
32 91
32 94
32 97
32 99
32 100
32 102
32 111
32 115
32 117
32 118
32 121
32 123
32 124
32 125
32 132
32 133
32 138
32 146
32 152
32 154
32 157
32 159
32 161
32 166
32 167
32 171
32 176
32 192
32 198
33 51
33 52
33 55
33 56
33 57
33 58
33 59
33 60
33 61
33 64
33 65
33 66
33 67
33 68
33 69
33 70
33 71
33 72
33 73
33 74
33 75
33 76
33 77
33 78
33 79
33 83
33 84
33 85
33 86
33 88
33 90
33 92
33 93
33 94
33 95
33 96
33 97
33 100
33 101
33 102
33 103
33 104
33 106
33 107
33 110
33 111
33 112
33 117
33 118
33 120
33 121
33 130
33 131
33 138
33 139
33 144
33 149
33 150
33 158
33 159
33 161
33 162
33 164
33 169
33 170
33 176
33 177
33 179
33 181
33 182
33 183
33 184
33 185
33 188
33 198
33 166
34 51
34 52
34 53
34 54
34 55
34 56
34 57
34 58
34 61
34 62
34 63
34 64
34 65
34 66
34 67
34 69
34 70
34 71
34 72
34 80
34 81
34 82
34 83
34 85
34 87
34 89
34 90
34 92
34 95
34 99
34 111
34 119
34 123
34 127
34 145
34 147
34 148
34 152
34 155
34 157
34 160
34 163
34 186
34 187
34 188
34 189
34 193
35 51
35 52
35 53
35 54
35 55
35 56
35 57
35 58
35 59
35 60
35 61
35 62
35 64
35 65
35 66
35 67
35 68
35 69
35 70
35 71
35 72
35 73
35 74
35 76
35 77
35 78
35 79
35 80
35 82
35 83
35 85
35 86
35 90
35 93
35 94
35 95
35 100
35 105
35 107
35 108
35 109
35 110
35 111
35 116
35 117
35 120
35 123
35 129
35 131
35 142
35 143
35 149
35 150
35 153
35 154
35 156
35 158
35 168
35 169
35 171
35 176
35 186
35 189
35 191
35 197
35 140
36 51
36 52
36 53
36 54
36 55
36 57
36 58
36 59
36 60
36 61
36 62
36 63
36 64
36 66
36 68
36 69
36 72
36 74
36 75
36 79
36 81
36 82
36 83
36 84
36 86
36 87
36 88
36 91
36 93
36 98
36 99
36 105
36 106
36 107
36 108
36 112
36 113
36 115
36 118
36 120
36 125
36 131
36 132
36 133
36 134
36 142
36 145
36 151
36 161
36 162
36 166
36 173
36 177
36 178
36 188
36 193
36 195
37 51
37 52
37 53
37 54
37 55
37 56
37 57
37 58
37 59
37 60
37 62
37 63
37 64
37 65
37 66
37 67
37 69
37 73
37 75
37 76
37 77
37 78
37 80
37 81
37 85
37 86
37 88
37 89
37 90
37 94
37 96
37 98
37 100
37 101
37 104
37 106
37 107
37 111
37 116
37 120
37 121
37 137
37 140
37 143
37 145
37 146
37 148
37 153
37 155
37 168
37 170
37 171
37 172
37 175
37 186
37 187
37 198
38 51
38 52
38 53
38 54
38 55
38 56
38 57
38 58
38 59
38 61
38 63
38 64
38 66
38 67
38 68
38 69
38 70
38 71
38 76
38 77
38 80
38 82
38 84
38 87
38 91
38 92
38 93
38 94
38 96
38 102
38 105
38 106
38 107
38 115
38 123
38 129
38 135
38 138
38 142
38 148
38 150
38 151
38 152
38 156
38 158
38 160
38 164
38 165
38 166
38 167
38 172
38 173
38 174
38 180
38 190
38 196
38 197
38 98
39 51
39 52
39 53
39 54
39 55
39 56
39 57
39 58
39 59
39 60
39 61
39 62
39 63
39 64
39 65
39 66
39 67
39 68
39 69
39 70
39 71
39 72
39 74
39 76
39 77
39 80
39 81
39 82
39 85
39 89
39 90
39 92
39 96
39 98
39 102
39 104
39 107
39 108
39 112
39 113
39 117
39 119
39 120
39 123
39 138
39 145
39 146
39 158
39 159
39 170
39 178
39 180
39 183
39 188
39 192
39 195
39 197
39 137
40 51
40 52
40 53
40 54
40 55
40 56
40 57
40 58
40 59
40 62
40 63
40 66
40 67
40 68
40 70
40 71
40 72
40 74
40 76
40 79
40 80
40 82
40 84
40 86
40 88
40 90
40 93
40 100
40 102
40 104
40 107
40 109
40 112
40 114
40 121
40 124
40 128
40 133
40 134
40 136
40 138
40 147
40 151
40 152
40 160
40 162
40 169
40 171
40 172
40 181
40 183
40 194
40 196
40 199
41 51
41 52
41 53
41 54
41 55
41 56
41 57
41 58
41 59
41 60
41 61
41 62
41 63
41 64
41 65
41 66
41 67
41 69
41 70
41 71
41 74
41 77
41 78
41 79
41 80
41 82
41 85
41 87
41 96
41 103
41 104
41 105
41 108
41 110
41 119
41 120
41 124
41 125
41 152
41 153
41 156
41 160
41 170
41 172
41 176
41 178
41 180
41 193
41 198
42 51
42 52
42 53
42 54
42 55
42 56
42 57
42 58
42 60
42 62
42 63
42 65
42 66
42 67
42 68
42 70
42 72
42 73
42 74
42 78
42 79
42 81
42 82
42 84
42 85
42 89
42 92
42 94
42 95
42 98
42 108
42 109
42 112
42 113
42 119
42 122
42 127
42 129
42 131
42 136
42 147
42 162
42 163
42 174
42 178
42 188
42 196
43 51
43 52
43 53
43 54
43 55
43 57
43 58
43 59
43 60
43 61
43 64
43 65
43 66
43 67
43 68
43 69
43 70
43 72
43 73
43 74
43 76
43 77
43 83
43 84
43 85
43 86
43 87
43 91
43 92
43 94
43 100
43 101
43 103
43 105
43 106
43 109
43 110
43 113
43 114
43 119
43 124
43 125
43 126
43 129
43 132
43 134
43 135
43 143
43 144
43 151
43 153
43 155
43 161
43 163
43 165
43 167
43 170
43 173
43 174
43 177
43 181
43 186
43 188
43 191
43 75
44 51
44 52
44 53
44 54
44 55
44 57
44 58
44 59
44 60
44 61
44 62
44 63
44 64
44 68
44 69
44 70
44 72
44 73
44 75
44 76
44 77
44 79
44 80
44 81
44 86
44 88
44 93
44 94
44 99
44 103
44 110
44 117
44 119
44 123
44 125
44 132
44 133
44 136
44 143
44 144
44 150
44 154
44 156
44 162
44 171
44 180
44 196
44 198
45 51
45 52
45 53
45 54
45 55
45 56
45 58
45 59
45 60
45 61
45 62
45 63
45 64
45 65
45 68
45 72
45 74
45 76
45 77
45 78
45 80
45 81
45 82
45 83
45 84
45 86
45 87
45 89
45 90
45 91
45 92
45 93
45 95
45 97
45 99
45 102
45 103
45 106
45 108
45 109
45 110
45 115
45 117
45 118
45 121
45 123
45 124
45 126
45 128
45 129
45 139
45 142
45 143
45 146
45 148
45 149
45 153
45 158
45 159
45 165
45 167
45 171
45 173
45 175
45 178
45 179
45 191
45 192
45 196
45 199
45 131
46 51
46 52
46 53
46 54
46 55
46 56
46 57
46 58
46 59
46 60
46 61
46 62
46 64
46 65
46 66
46 67
46 68
46 69
46 70
46 71
46 72
46 73
46 75
46 79
46 82
46 83
46 84
46 87
46 88
46 89
46 95
46 101
46 103
46 106
46 118
46 119
46 125
46 139
46 141
46 142
46 154
46 156
46 157
46 160
46 169
46 170
46 176
46 178
46 179
46 190
46 192
46 107
47 51
47 52
47 53
47 54
47 55
47 56
47 57
47 58
47 59
47 60
47 61
47 62
47 63
47 64
47 65
47 68
47 70
47 73
47 74
47 76
47 78
47 80
47 81
47 84
47 86
47 87
47 88
47 89
47 91
47 99
47 102
47 104
47 107
47 112
47 113
47 114
47 122
47 127
47 132
47 138
47 141
47 142
47 144
47 147
47 151
47 152
47 156
47 157
47 162
47 164
47 165
47 169
47 172
47 174
47 179
47 183
47 185
47 187
47 194
47 195
48 51
48 52
48 53
48 54
48 55
48 56
48 57
48 58
48 59
48 60
48 61
48 62
48 63
48 64
48 65
48 66
48 67
48 68
48 69
48 70
48 72
48 77
48 78
48 79
48 80
48 87
48 88
48 92
48 93
48 94
48 95
48 96
48 101
48 103
48 104
48 105
48 108
48 114
48 115
48 117
48 118
48 124
48 125
48 126
48 127
48 129
48 130
48 131
48 138
48 147
48 149
48 155
48 166
48 167
48 180
48 182
48 183
48 185
48 198
49 51
49 52
49 53
49 54
49 56
49 57
49 58
49 59
49 60
49 61
49 62
49 63
49 64
49 65
49 66
49 67
49 69
49 70
49 73
49 75
49 79
49 80
49 90
49 92
49 94
49 95
49 99
49 102
49 103
49 104
49 105
49 106
49 108
49 111
49 113
49 116
49 117
49 118
49 119
49 120
49 122
49 132
49 135
49 140
49 141
49 143
49 147
49 150
49 155
49 158
49 160
49 161
49 172
49 183
49 185
49 199
50 51
50 52
50 53
50 54
50 55
50 56
50 57
50 58
50 59
50 60
50 62
50 64
50 65
50 66
50 68
50 71
50 72
50 74
50 75
50 77
50 79
50 80
50 81
50 82
50 83
50 84
50 87
50 88
50 90
50 91
50 94
50 95
50 100
50 102
50 103
50 104
50 107
50 108
50 109
50 112
50 114
50 115
50 116
50 117
50 118
50 126
50 129
50 133
50 134
50 135
50 139
50 140
50 141
50 146
50 148
50 155
50 156
50 158
50 164
50 169
50 180
50 181
50 187
50 193
50 197
51 52
51 53
51 54
51 55
51 56
51 57
51 58
51 59
51 60
51 61
51 62
51 63
51 64
51 65
51 66
51 67
51 68
51 69
51 70
51 71
51 72
51 73
51 75
51 76
51 77
51 78
51 79
51 80
51 81
51 82
51 83
51 84
51 85
51 86
51 87
51 88
51 89
51 90
51 91
51 92
51 94
51 95
51 96
51 97
51 98
51 99
51 101
51 102
51 103
51 104
51 105
51 107
51 110
51 111
51 112
51 115
51 116
51 117
51 120
51 121
51 122
51 123
51 124
51 125
51 126
51 127
51 128
51 130
51 131
51 133
51 134
51 135
51 137
51 138
51 139
51 140
51 142
51 144
51 145
51 146
51 148
51 150
51 151
51 152
51 153
51 154
51 158
51 161
51 163
51 169
51 170
51 171
51 175
51 178
51 179
51 180
51 183
51 187
51 191
51 194
51 196
51 197
51 199
51 198
52 53
52 54
52 55
52 56
52 57
52 58
52 59
52 60
52 61
52 62
52 63
52 64
52 65
52 66
52 67
52 68
52 69
52 70
52 71
52 72
52 73
52 74
52 75
52 76
52 77
52 78
52 79
52 81
52 82
52 84
52 85
52 87
52 88
52 89
52 90
52 91
52 93
52 94
52 95
52 97
52 98
52 99
52 102
52 103
52 104
52 105
52 106
52 107
52 108
52 109
52 110
52 111
52 112
52 113
52 115
52 116
52 117
52 118
52 121
52 122
52 123
52 124
52 125
52 126
52 127
52 128
52 129
52 131
52 133
52 135
52 136
52 140
52 141
52 145
52 146
52 149
52 150
52 151
52 153
52 154
52 158
52 161
52 165
52 166
52 167
52 169
52 171
52 173
52 174
52 175
52 176
52 177
52 180
52 181
52 182
52 186
52 188
52 189
52 190
52 191
52 192
52 193
52 195
52 196
52 198
52 80
53 54
53 55
53 56
53 57
53 58
53 59
53 60
53 61
53 62
53 63
53 64
53 65
53 66
53 67
53 68
53 69
53 70
53 71
53 72
53 73
53 74
53 75
53 76
53 77
53 78
53 79
53 80
53 81
53 82
53 84
53 85
53 87
53 89
53 90
53 92
53 93
53 94
53 95
53 96
53 97
53 98
53 99
53 100
53 102
53 103
53 104
53 105
53 106
53 107
53 108
53 112
53 113
53 114
53 116
53 117
53 122
53 124
53 125
53 126
53 127
53 129
53 130
53 133
53 137
53 139
53 142
53 143
53 144
53 148
53 149
53 152
53 153
53 157
53 158
53 159
53 162
53 167
53 168
53 169
53 170
53 171
53 173
53 174
53 176
53 178
53 182
53 185
53 192
53 193
53 196
53 197
53 198
54 55
54 56
54 57
54 58
54 59
54 60
54 61
54 62
54 63
54 64
54 65
54 66
54 67
54 68
54 69
54 70
54 71
54 72
54 73
54 74
54 75
54 76
54 77
54 79
54 80
54 81
54 82
54 83
54 84
54 85
54 86
54 88
54 90
54 92
54 93
54 94
54 95
54 96
54 97
54 98
54 99
54 100
54 102
54 103
54 104
54 106
54 107
54 109
54 110
54 111
54 112
54 113
54 114
54 116
54 117
54 118
54 120
54 122
54 123
54 124
54 125
54 128
54 130
54 131
54 132
54 135
54 136
54 141
54 143
54 144
54 145
54 146
54 148
54 149
54 152
54 153
54 155
54 156
54 158
54 160
54 162
54 164
54 168
54 170
54 178
54 184
54 185
54 188
54 190
54 192
54 194
54 196
54 197
54 198
54 199
55 56
55 57
55 58
55 59
55 60
55 61
55 62
55 63
55 64
55 65
55 66
55 67
55 68
55 70
55 71
55 72
55 73
55 74
55 75
55 76
55 77
55 78
55 79
55 80
55 82
55 83
55 84
55 85
55 86
55 87
55 88
55 89
55 90
55 91
55 92
55 93
55 95
55 96
55 97
55 98
55 99
55 100
55 102
55 103
55 104
55 105
55 106
55 107
55 108
55 109
55 110
55 111
55 112
55 115
55 119
55 120
55 124
55 125
55 126
55 127
55 129
55 130
55 131
55 133
55 134
55 135
55 136
55 137
55 140
55 143
55 144
55 147
55 150
55 152
55 155
55 156
55 158
55 159
55 160
55 162
55 163
55 165
55 166
55 167
55 172
55 174
55 175
55 176
55 181
55 183
55 184
55 185
55 187
55 188
55 190
55 194
55 196
55 193
56 57
56 58
56 59
56 60
56 61
56 62
56 63
56 64
56 65
56 66
56 67
56 68
56 69
56 70
56 71
56 72
56 73
56 74
56 76
56 77
56 78
56 79
56 80
56 81
56 82
56 83
56 84
56 85
56 86
56 87
56 88
56 89
56 90
56 91
56 92
56 93
56 96
56 97
56 98
56 99
56 100
56 103
56 106
56 107
56 110
56 114
56 115
56 116
56 118
56 120
56 124
56 125
56 126
56 127
56 128
56 133
56 134
56 136
56 138
56 139
56 142
56 147
56 149
56 150
56 151
56 154
56 156
56 158
56 159
56 160
56 161
56 166
56 177
56 178
56 179
56 180
56 182
56 183
56 185
56 186
56 187
56 190
56 191
56 194
56 198
57 58
57 59
57 60
57 61
57 62
57 63
57 64
57 65
57 66
57 67
57 68
57 69
57 70
57 71
57 72
57 73
57 74
57 75
57 76
57 77
57 78
57 80
57 81
57 82
57 83
57 84
57 85
57 86
57 87
57 88
57 90
57 91
57 92
57 94
57 95
57 96
57 97
57 98
57 99
57 100
57 101
57 102
57 103
57 105
57 107
57 108
57 111
57 112
57 113
57 114
57 115
57 119
57 120
57 121
57 122
57 123
57 124
57 127
57 128
57 130
57 134
57 135
57 137
57 141
57 142
57 143
57 145
57 147
57 148
57 151
57 153
57 155
57 157
57 158
57 159
57 162
57 164
57 167
57 170
57 171
57 179
57 180
57 181
57 184
57 185
57 186
57 191
57 195
57 197
57 198
57 199
58 59
58 60
58 61
58 62
58 63
58 64
58 65
58 66
58 67
58 68
58 69
58 71
58 72
58 73
58 74
58 75
58 76
58 77
58 78
58 79
58 80
58 81
58 82
58 83
58 84
58 85
58 86
58 88
58 89
58 90
58 91
58 92
58 93
58 94
58 95
58 96
58 99
58 101
58 104
58 105
58 106
58 107
58 108
58 109
58 110
58 111
58 112
58 113
58 114
58 115
58 117
58 121
58 124
58 125
58 126
58 127
58 130
58 133
58 135
58 140
58 146
58 147
58 148
58 153
58 154
58 155
58 156
58 157
58 159
58 160
58 162
58 163
58 168
58 169
58 171
58 172
58 173
58 174
58 181
58 183
58 187
58 188
58 189
58 190
58 191
58 195
58 199
59 60
59 61
59 62
59 63
59 64
59 65
59 66
59 67
59 68
59 69
59 70
59 71
59 72
59 73
59 74
59 75
59 76
59 77
59 78
59 79
59 80
59 81
59 82
59 83
59 84
59 85
59 86
59 87
59 88
59 89
59 90
59 91
59 92
59 93
59 94
59 96
59 97
59 98
59 100
59 101
59 102
59 103
59 104
59 105
59 107
59 108
59 109
59 110
59 111
59 112
59 113
59 114
59 117
59 118
59 119
59 120
59 121
59 123
59 124
59 125
59 126
59 127
59 128
59 129
59 130
59 131
59 132
59 133
59 134
59 138
59 139
59 141
59 142
59 143
59 145
59 146
59 147
59 151
59 158
59 160
59 161
59 162
59 163
59 164
59 166
59 168
59 170
59 174
59 177
59 179
59 184
59 187
59 192
59 193
59 194
59 196
59 197
59 135
60 61
60 62
60 63
60 64
60 65
60 66
60 67
60 68
60 69
60 70
60 71
60 72
60 73
60 74
60 75
60 76
60 77
60 78
60 79
60 80
60 81
60 82
60 83
60 84
60 85
60 86
60 87
60 88
60 89
60 91
60 92
60 93
60 95
60 96
60 97
60 98
60 99
60 100
60 101
60 104
60 105
60 108
60 109
60 110
60 112
60 114
60 116
60 118
60 119
60 120
60 121
60 123
60 124
60 125
60 126
60 128
60 130
60 131
60 132
60 133
60 134
60 136
60 137
60 139
60 141
60 143
60 145
60 147
60 148
60 150
60 153
60 154
60 155
60 156
60 157
60 158
60 160
60 161
60 163
60 168
60 170
60 171
60 172
60 175
60 176
60 177
60 178
60 179
60 182
60 183
60 184
60 185
60 188
60 189
60 190
60 194
60 199
61 62
61 63
61 64
61 65
61 66
61 67
61 68
61 69
61 70
61 71
61 72
61 73
61 75
61 76
61 77
61 78
61 79
61 80
61 81
61 82
61 83
61 84
61 85
61 86
61 87
61 88
61 89
61 90
61 91
61 92
61 93
61 94
61 95
61 96
61 97
61 98
61 99
61 100
61 101
61 102
61 104
61 105
61 107
61 109
61 110
61 113
61 114
61 115
61 118
61 120
61 121
61 125
61 126
61 127
61 128
61 129
61 130
61 131
61 134
61 135
61 136
61 138
61 140
61 141
61 142
61 143
61 145
61 148
61 150
61 151
61 153
61 154
61 156
61 158
61 159
61 164
61 166
61 171
61 173
61 178
61 179
61 180
61 186
61 188
61 194
61 195
61 198
62 63
62 64
62 65
62 66
62 67
62 68
62 69
62 70
62 71
62 72
62 73
62 74
62 75
62 76
62 77
62 78
62 79
62 80
62 81
62 83
62 85
62 86
62 87
62 88
62 89
62 90
62 91
62 92
62 93
62 94
62 95
62 96
62 98
62 99
62 100
62 101
62 102
62 104
62 105
62 106
62 107
62 108
62 110
62 111
62 112
62 114
62 121
62 122
62 124
62 126
62 133
62 134
62 136
62 141
62 144
62 146
62 147
62 149
62 150
62 151
62 152
62 153
62 154
62 157
62 160
62 161
62 162
62 163
62 164
62 165
62 166
62 167
62 168
62 171
62 175
62 176
62 177
62 178
62 179
62 180
62 182
62 187
62 188
62 189
62 190
62 193
62 197
62 199
63 64
63 65
63 66
63 67
63 68
63 69
63 70
63 71
63 72
63 73
63 74
63 75
63 76
63 77
63 78
63 79
63 80
63 82
63 83
63 84
63 85
63 86
63 88
63 89
63 91
63 92
63 94
63 95
63 96
63 97
63 98
63 99
63 100
63 102
63 106
63 107
63 108
63 109
63 110
63 112
63 114
63 115
63 118
63 119
63 121
63 128
63 129
63 130
63 133
63 134
63 135
63 136
63 139
63 140
63 143
63 144
63 147
63 148
63 151
63 152
63 154
63 156
63 158
63 160
63 161
63 162
63 163
63 164
63 165
63 166
63 170
63 171
63 172
63 178
63 181
63 182
63 183
63 184
63 186
63 187
63 197
64 65
64 66
64 67
64 68
64 69
64 70
64 71
64 72
64 73
64 74
64 75
64 76
64 77
64 78
64 79
64 80
64 81
64 82
64 83
64 84
64 85
64 86
64 88
64 89
64 90
64 92
64 95
64 96
64 98
64 99
64 100
64 102
64 105
64 106
64 108
64 110
64 112
64 113
64 115
64 121
64 124
64 125
64 126
64 129
64 130
64 131
64 132
64 135
64 136
64 138
64 139
64 140
64 141
64 142
64 143
64 145
64 149
64 154
64 156
64 160
64 164
64 167
64 169
64 170
64 172
64 173
64 174
64 175
64 177
64 178
64 191
64 192
64 193
64 196
64 197
64 198
64 163
65 66
65 67
65 68
65 69
65 70
65 71
65 73
65 74
65 75
65 76
65 77
65 78
65 79
65 80
65 81
65 82
65 83
65 84
65 85
65 86
65 87
65 88
65 89
65 90
65 92
65 93
65 94
65 95
65 96
65 98
65 99
65 100
65 101
65 102
65 103
65 105
65 107
65 109
65 110
65 111
65 115
65 116
65 117
65 118
65 119
65 122
65 125
65 132
65 137
65 140
65 141
65 144
65 147
65 148
65 150
65 151
65 153
65 155
65 156
65 157
65 158
65 160
65 161
65 163
65 164
65 167
65 168
65 172
65 177
65 179
65 180
65 184
65 185
65 187
65 191
65 192
65 197
65 162
66 67
66 68
66 69
66 70
66 71
66 72
66 73
66 74
66 75
66 76
66 77
66 78
66 79
66 80
66 81
66 82
66 83
66 84
66 85
66 87
66 88
66 89
66 90
66 92
66 93
66 95
66 96
66 97
66 99
66 100
66 101
66 102
66 103
66 104
66 105
66 106
66 107
66 108
66 109
66 110
66 111
66 112
66 114
66 115
66 116
66 117
66 118
66 119
66 121
66 122
66 123
66 124
66 125
66 126
66 128
66 131
66 133
66 134
66 135
66 136
66 137
66 138
66 139
66 142
66 143
66 144
66 145
66 146
66 147
66 148
66 149
66 150
66 151
66 157
66 161
66 162
66 163
66 167
66 173
66 178
66 180
66 181
66 183
66 184
66 186
66 187
66 188
66 191
66 194
66 198
66 199
67 68
67 69
67 70
67 71
67 72
67 73
67 74
67 75
67 76
67 77
67 78
67 79
67 80
67 81
67 82
67 83
67 84
67 85
67 86
67 87
67 90
67 91
67 92
67 93
67 95
67 96
67 97
67 98
67 101
67 104
67 106
67 108
67 109
67 110
67 111
67 112
67 113
67 114
67 115
67 118
67 119
67 121
67 122
67 123
67 124
67 126
67 128
67 130
67 134
67 136
67 138
67 139
67 140
67 145
67 149
67 153
67 155
67 156
67 161
67 163
67 164
67 166
67 167
67 168
67 170
67 172
67 174
67 178
67 179
67 180
67 183
67 186
67 187
67 189
67 191
68 69
68 70
68 71
68 72
68 73
68 74
68 75
68 76
68 77
68 78
68 79
68 81
68 83
68 84
68 85
68 86
68 87
68 88
68 89
68 90
68 91
68 92
68 94
68 95
68 96
68 97
68 98
68 100
68 101
68 103
68 104
68 105
68 106
68 108
68 110
68 114
68 115
68 116
68 118
68 121
68 123
68 124
68 126
68 128
68 129
68 130
68 136
68 138
68 140
68 141
68 142
68 145
68 146
68 148
68 151
68 154
68 156
68 159
68 160
68 163
68 164
68 166
68 169
68 170
68 174
68 175
68 176
68 177
68 178
68 179
68 182
68 184
68 185
68 188
68 194
68 195
68 196
68 197
68 198
69 70
69 71
69 73
69 74
69 75
69 76
69 77
69 78
69 79
69 80
69 81
69 82
69 83
69 84
69 86
69 87
69 88
69 90
69 91
69 92
69 93
69 94
69 95
69 97
69 99
69 100
69 101
69 103
69 104
69 106
69 107
69 108
69 109
69 113
69 114
69 117
69 120
69 122
69 123
69 125
69 126
69 127
69 128
69 129
69 130
69 131
69 136
69 139
69 140
69 143
69 145
69 146
69 149
69 152
69 153
69 154
69 155
69 159
69 162
69 163
69 165
69 168
69 172
69 173
69 175
69 176
69 178
69 185
69 190
69 191
69 192
69 195
69 196
70 71
70 72
70 73
70 75
70 76
70 77
70 78
70 79
70 80
70 81
70 82
70 83
70 84
70 85
70 86
70 87
70 88
70 89
70 90
70 91
70 93
70 96
70 98
70 99
70 100
70 101
70 102
70 104
70 105
70 106
70 107
70 108
70 110
70 111
70 112
70 113
70 114
70 116
70 117
70 119
70 120
70 122
70 123
70 124
70 125
70 128
70 130
70 131
70 132
70 135
70 138
70 141
70 144
70 145
70 147
70 150
70 151
70 152
70 153
70 154
70 155
70 160
70 161
70 162
70 163
70 165
70 166
70 168
70 171
70 173
70 174
70 176
70 179
70 180
70 184
70 186
70 187
70 189
70 193
70 195
70 198
70 199
71 72
71 73
71 74
71 75
71 76
71 77
71 78
71 79
71 80
71 81
71 82
71 83
71 84
71 86
71 87
71 88
71 89
71 91
71 92
71 95
71 96
71 98
71 99
71 100
71 102
71 103
71 104
71 105
71 106
71 109
71 110
71 112
71 113
71 114
71 115
71 116
71 117
71 118
71 120
71 122
71 124
71 125
71 126
71 128
71 129
71 130
71 131
71 132
71 133
71 135
71 136
71 138
71 141
71 143
71 144
71 145
71 146
71 147
71 150
71 153
71 156
71 158
71 161
71 163
71 165
71 167
71 170
71 173
71 177
71 179
71 180
71 181
71 182
71 183
71 185
71 187
71 190
71 192
71 195
71 197
72 73
72 75
72 76
72 77
72 78
72 79
72 80
72 81
72 84
72 85
72 86
72 87
72 88
72 89
72 90
72 91
72 93
72 95
72 96
72 98
72 99
72 101
72 102
72 104
72 105
72 109
72 110
72 111
72 113
72 117
72 118
72 119
72 120
72 121
72 122
72 124
72 126
72 129
72 130
72 133
72 134
72 137
72 139
72 140
72 141
72 143
72 144
72 145
72 148
72 152
72 154
72 155
72 158
72 159
72 162
72 163
72 164
72 166
72 168
72 169
72 171
72 173
72 175
72 183
72 184
72 186
72 189
72 192
72 193
72 194
72 195
72 197
72 107
73 74
73 75
73 77
73 78
73 80
73 81
73 82
73 84
73 86
73 88
73 89
73 92
73 93
73 96
73 97
73 99
73 100
73 101
73 103
73 104
73 106
73 107
73 108
73 109
73 113
73 116
73 119
73 120
73 124
73 127
73 128
73 129
73 130
73 132
73 134
73 140
73 141
73 144
73 145
73 148
73 154
73 155
73 159
73 161
73 166
73 170
73 173
73 178
73 181
73 183
73 186
73 191
73 193
73 196
74 75
74 76
74 77
74 78
74 79
74 80
74 81
74 82
74 83
74 87
74 88
74 89
74 90
74 91
74 92
74 93
74 94
74 95
74 96
74 97
74 98
74 101
74 102
74 106
74 112
74 115
74 116
74 118
74 119
74 120
74 121
74 122
74 123
74 126
74 127
74 130
74 131
74 132
74 133
74 134
74 135
74 136
74 137
74 140
74 142
74 143
74 144
74 146
74 147
74 148
74 150
74 153
74 158
74 160
74 161
74 163
74 167
74 172
74 177
74 178
74 180
74 181
74 187
74 188
74 190
74 192
74 193
74 195
74 196
75 76
75 77
75 78
75 79
75 80
75 81
75 82
75 83
75 84
75 85
75 86
75 88
75 89
75 90
75 91
75 92
75 93
75 94
75 97
75 99
75 100
75 101
75 103
75 104
75 105
75 106
75 107
75 110
75 111
75 112
75 113
75 114
75 116
75 117
75 119
75 123
75 125
75 127
75 128
75 129
75 132
75 133
75 135
75 136
75 138
75 142
75 143
75 147
75 149
75 151
75 154
75 157
75 158
75 160
75 161
75 162
75 164
75 165
75 170
75 171
75 172
75 173
75 174
75 175
75 177
75 180
75 185
75 189
75 191
75 192
75 197
75 198
75 199
76 77
76 78
76 80
76 81
76 82
76 83
76 84
76 86
76 87
76 89
76 90
76 91
76 93
76 96
76 98
76 100
76 101
76 104
76 107
76 108
76 113
76 114
76 118
76 120
76 121
76 123
76 125
76 130
76 133
76 134
76 136
76 137
76 144
76 149
76 150
76 152
76 153
76 154
76 156
76 158
76 159
76 163
76 164
76 166
76 170
76 178
76 182
76 183
76 185
76 188
76 189
76 191
76 192
76 196
76 197
77 78
77 81
77 82
77 83
77 84
77 88
77 89
77 93
77 94
77 96
77 97
77 98
77 99
77 101
77 102
77 105
77 106
77 107
77 109
77 112
77 113
77 120
77 121
77 122
77 124
77 125
77 127
77 128
77 129
77 130
77 134
77 137
77 149
77 150
77 152
77 156
77 161
77 163
77 165
77 169
77 171
77 173
77 179
77 182
77 183
77 187
77 194
77 195
78 79
78 80
78 81
78 82
78 84
78 85
78 88
78 89
78 93
78 97
78 98
78 99
78 101
78 105
78 107
78 108
78 109
78 110
78 116
78 117
78 118
78 120
78 121
78 125
78 128
78 130
78 131
78 132
78 134
78 137
78 139
78 140
78 141
78 142
78 148
78 153
78 154
78 156
78 159
78 165
78 168
78 169
78 174
78 177
78 179
78 181
78 185
78 192
78 193
78 195
78 197
78 198
78 158
79 80
79 81
79 83
79 84
79 89
79 92
79 93
79 94
79 96
79 97
79 98
79 99
79 100
79 103
79 106
79 108
79 109
79 111
79 115
79 116
79 119
79 120
79 121
79 122
79 126
79 128
79 133
79 135
79 137
79 140
79 142
79 143
79 145
79 149
79 155
79 156
79 158
79 160
79 161
79 162
79 163
79 166
79 168
79 170
79 171
79 173
79 177
79 179
79 181
79 182
79 184
79 186
79 188
79 195
79 196
79 147
79 95
80 82
80 83
80 87
80 89
80 91
80 92
80 93
80 94
80 95
80 96
80 98
80 99
80 100
80 101
80 102
80 103
80 104
80 105
80 107
80 111
80 112
80 113
80 116
80 118
80 120
80 122
80 123
80 126
80 127
80 128
80 129
80 132
80 133
80 135
80 136
80 137
80 142
80 144
80 145
80 149
80 150
80 152
80 155
80 156
80 159
80 160
80 161
80 172
80 174
80 175
80 176
80 182
80 183
80 185
80 188
80 190
80 191
80 196
80 197
81 83
81 86
81 87
81 88
81 90
81 93
81 94
81 95
81 98
81 100
81 102
81 103
81 105
81 106
81 110
81 112
81 113
81 115
81 120
81 121
81 122
81 125
81 129
81 131
81 132
81 136
81 141
81 143
81 145
81 152
81 154
81 163
81 169
81 172
81 173
81 177
81 181
81 183
81 186
81 188
81 192
81 196
81 128
82 83
82 85
82 86
82 90
82 92
82 93
82 94
82 95
82 96
82 97
82 98
82 99
82 100
82 101
82 103
82 104
82 109
82 110
82 111
82 112
82 114
82 115
82 116
82 120
82 121
82 122
82 123
82 125
82 126
82 128
82 130
82 131
82 134
82 135
82 136
82 137
82 141
82 142
82 144
82 145
82 148
82 156
82 157
82 161
82 162
82 165
82 167
82 168
82 170
82 173
82 174
82 178
82 179
82 181
82 182
82 184
82 186
82 187
82 194
82 195
83 85
83 87
83 88
83 89
83 90
83 92
83 93
83 94
83 96
83 97
83 98
83 101
83 102
83 103
83 104
83 105
83 107
83 108
83 112
83 113
83 115
83 116
83 117
83 119
83 123
83 124
83 127
83 129
83 130
83 133
83 136
83 137
83 138
83 146
83 147
83 148
83 150
83 151
83 152
83 153
83 154
83 156
83 157
83 158
83 162
83 164
83 165
83 167
83 168
83 174
83 175
83 176
83 177
83 178
83 180
83 181
83 183
83 184
83 186
83 188
83 191
83 192
83 193
83 196
83 197
83 199
84 85
84 86
84 87
84 91
84 92
84 94
84 98
84 100
84 101
84 102
84 103
84 104
84 106
84 107
84 108
84 109
84 111
84 114
84 115
84 116
84 119
84 121
84 122
84 127
84 128
84 131
84 133
84 135
84 136
84 138
84 139
84 141
84 142
84 144
84 146
84 147
84 150
84 151
84 152
84 154
84 156
84 164
84 169
84 173
84 175
84 176
84 177
84 178
84 179
84 180
84 181
84 184
84 185
84 187
84 189
84 190
84 191
84 193
84 194
84 195
84 196
84 198
84 199
85 86
85 87
85 88
85 89
85 90
85 91
85 93
85 94
85 96
85 98
85 101
85 102
85 106
85 108
85 111
85 113
85 114
85 117
85 118
85 120
85 121
85 122
85 123
85 128
85 131
85 132
85 134
85 135
85 136
85 139
85 140
85 142
85 143
85 145
85 146
85 147
85 152
85 156
85 157
85 159
85 164
85 167
85 174
85 175
85 177
85 178
85 181
85 185
85 186
85 187
85 189
85 195
86 87
86 89
86 91
86 93
86 95
86 96
86 97
86 98
86 99
86 101
86 111
86 113
86 116
86 118
86 119
86 121
86 122
86 123
86 126
86 128
86 131
86 132
86 133
86 134
86 137
86 138
86 139
86 143
86 146
86 148
86 151
86 155
86 159
86 163
86 165
86 168
86 169
86 171
86 173
86 174
86 176
86 179
86 180
86 181
86 182
86 184
86 185
86 189
86 190
86 191
86 199
87 88
87 89
87 90
87 93
87 96
87 97
87 98
87 99
87 100
87 101
87 103
87 105
87 107
87 113
87 114
87 115
87 117
87 119
87 120
87 127
87 129
87 131
87 132
87 136
87 137
87 138
87 139
87 141
87 142
87 150
87 151
87 152
87 157
87 158
87 161
87 165
87 166
87 167
87 168
87 169
87 173
87 175
87 180
87 182
87 184
87 188
87 194
87 197
87 199
88 89
88 90
88 94
88 95
88 97
88 98
88 103
88 104
88 105
88 106
88 107
88 108
88 109
88 111
88 114
88 115
88 117
88 119
88 120
88 122
88 124
88 125
88 126
88 129
88 134
88 135
88 137
88 138
88 150
88 152
88 153
88 155
88 156
88 157
88 159
88 160
88 163
88 169
88 170
88 172
88 175
88 176
88 177
88 181
88 185
88 186
88 189
88 191
88 195
88 197
88 198
89 91
89 95
89 97
89 99
89 100
89 101
89 106
89 107
89 108
89 109
89 110
89 111
89 112
89 113
89 116
89 121
89 124
89 127
89 131
89 132
89 133
89 134
89 135
89 137
89 138
89 139
89 141
89 142
89 143
89 144
89 146
89 149
89 152
89 157
89 159
89 161
89 163
89 166
89 167
89 168
89 169
89 172
89 176
89 177
89 178
89 180
89 181
89 186
89 187
89 189
89 191
89 197
90 91
90 92
90 93
90 94
90 95
90 96
90 97
90 102
90 104
90 113
90 114
90 116
90 122
90 129
90 131
90 133
90 134
90 138
90 141
90 146
90 147
90 154
90 156
90 159
90 162
90 165
90 166
90 169
90 170
90 171
90 172
90 173
90 176
90 181
90 194
90 197
90 198
90 199
91 92
91 94
91 97
91 98
91 107
91 109
91 110
91 112
91 113
91 114
91 115
91 116
91 122
91 123
91 127
91 130
91 132
91 135
91 137
91 140
91 142
91 143
91 146
91 147
91 149
91 150
91 154
91 156
91 159
91 160
91 162
91 165
91 170
91 171
91 176
91 178
91 183
91 187
91 188
91 189
91 196
91 197
92 98
92 99
92 100
92 104
92 105
92 107
92 109
92 116
92 118
92 119
92 121
92 126
92 127
92 131
92 132
92 136
92 138
92 139
92 141
92 146
92 147
92 148
92 153
92 154
92 158
92 163
92 165
92 166
92 173
92 175
92 176
92 177
92 180
92 181
92 184
92 185
92 190
92 198
93 94
93 95
93 96
93 97
93 98
93 105
93 106
93 110
93 111
93 112
93 113
93 115
93 117
93 118
93 119
93 121
93 127
93 128
93 129
93 130
93 131
93 132
93 134
93 135
93 136
93 139
93 145
93 149
93 152
93 153
93 157
93 160
93 164
93 165
93 167
93 169
93 173
93 175
93 189
93 190
93 192
93 197
94 97
94 99
94 102
94 106
94 107
94 108
94 109
94 111
94 112
94 116
94 118
94 121
94 124
94 125
94 129
94 134
94 136
94 137
94 139
94 140
94 141
94 155
94 156
94 164
94 169
94 173
94 174
94 175
94 182
94 186
94 192
94 194
94 197
94 199
95 96
95 98
95 101
95 103
95 105
95 106
95 110
95 111
95 112
95 114
95 115
95 116
95 120
95 121
95 123
95 126
95 127
95 128
95 138
95 141
95 142
95 144
95 146
95 148
95 149
95 151
95 154
95 155
95 156
95 159
95 160
95 165
95 166
95 168
95 169
95 172
95 174
95 175
95 189
95 191
95 192
95 193
95 197
96 100
96 102
96 103
96 104
96 112
96 113
96 116
96 120
96 121
96 123
96 124
96 126
96 127
96 129
96 130
96 132
96 133
96 136
96 137
96 140
96 141
96 144
96 145
96 146
96 149
96 151
96 155
96 156
96 158
96 159
96 161
96 163
96 165
96 166
96 169
96 173
96 178
96 179
96 180
96 181
96 182
96 190
96 198
97 98
97 99
97 101
97 103
97 104
97 106
97 107
97 109
97 110
97 111
97 112
97 115
97 117
97 119
97 126
97 128
97 129
97 135
97 136
97 137
97 138
97 139
97 140
97 141
97 142
97 143
97 147
97 148
97 150
97 151
97 154
97 158
97 159
97 162
97 164
97 165
97 169
97 175
97 178
97 179
97 183
97 186
97 189
97 190
97 192
97 193
97 198
97 199
98 100
98 101
98 102
98 103
98 105
98 108
98 109
98 110
98 111
98 112
98 114
98 116
98 118
98 119
98 120
98 121
98 122
98 125
98 126
98 128
98 130
98 131
98 132
98 135
98 137
98 138
98 147
98 153
98 154
98 157
98 158
98 159
98 161
98 165
98 168
98 172
98 174
98 176
98 178
98 185
98 190
98 192
98 193
98 197
98 199
99 102
99 103
99 104
99 105
99 106
99 107
99 109
99 110
99 111
99 112
99 114
99 116
99 118
99 119
99 124
99 126
99 132
99 135
99 136
99 147
99 151
99 155
99 156
99 157
99 159
99 160
99 166
99 168
99 173
99 175
99 177
99 178
99 181
99 188
99 190
99 195
99 196
100 102
100 103
100 104
100 106
100 108
100 109
100 110
100 112
100 115
100 116
100 118
100 122
100 125
100 127
100 129
100 130
100 133
100 134
100 138
100 140
100 142
100 150
100 154
100 155
100 167
100 170
100 171
100 177
100 178
100 179
100 187
100 190
100 191
100 194
100 197
101 102
101 103
101 104
101 106
101 108
101 113
101 114
101 115
101 118
101 120
101 122
101 125
101 131
101 134
101 137
101 142
101 144
101 145
101 146
101 150
101 151
101 153
101 154
101 159
101 160
101 164
101 167
101 173
101 174
101 193
101 195
101 199
102 103
102 105
102 109
102 111
102 112
102 114
102 116
102 122
102 128
102 131
102 132
102 133
102 141
102 142
102 143
102 144
102 145
102 147
102 148
102 162
102 165
102 168
102 170
102 173
102 180
102 185
102 186
102 188
102 190
102 191
102 194
103 104
103 107
103 113
103 114
103 115
103 116
103 120
103 122
103 123
103 124
103 126
103 127
103 129
103 130
103 131
103 132
103 133
103 134
103 135
103 137
103 138
103 142
103 144
103 145
103 146
103 150
103 151
103 152
103 154
103 155
103 157
103 159
103 163
103 165
103 167
103 171
103 175
103 177
103 178
103 185
103 188
103 190
103 191
103 192
103 193
103 196
103 199
104 109
104 111
104 114
104 116
104 118
104 119
104 120
104 121
104 123
104 126
104 127
104 129
104 131
104 134
104 135
104 136
104 140
104 144
104 146
104 148
104 149
104 156
104 158
104 159
104 160
104 161
104 162
104 163
104 164
104 165
104 167
104 168
104 171
104 172
104 181
104 184
104 185
104 188
104 189
104 190
104 191
104 192
104 195
104 198
104 199
105 109
105 110
105 113
105 114
105 115
105 118
105 119
105 121
105 122
105 126
105 127
105 128
105 129
105 130
105 131
105 132
105 133
105 136
105 137
105 138
105 140
105 143
105 148
105 151
105 152
105 154
105 157
105 158
105 159
105 160
105 162
105 166
105 174
105 175
105 177
105 178
105 180
105 189
105 193
105 195
105 199
106 108
106 110
106 111
106 112
106 114
106 116
106 117
106 118
106 119
106 126
106 132
106 133
106 135
106 137
106 139
106 141
106 143
106 145
106 148
106 149
106 158
106 160
106 162
106 166
106 169
106 175
106 179
106 181
106 182
106 187
106 197
106 199
107 108
107 110
107 111
107 114
107 115
107 116
107 117
107 120
107 121
107 124
107 126
107 128
107 132
107 133
107 135
107 136
107 142
107 143
107 144
107 145
107 146
107 147
107 150
107 151
107 152
107 153
107 154
107 156
107 159
107 161
107 163
107 167
107 171
107 179
107 183
107 184
107 185
107 186
107 188
107 189
107 195
107 196
107 198
108 109
108 110
108 111
108 113
108 115
108 117
108 119
108 121
108 125
108 129
108 131
108 133
108 135
108 137
108 141
108 142
108 143
108 144
108 146
108 149
108 154
108 157
108 159
108 161
108 164
108 170
108 171
108 176
108 182
108 189
108 195
108 196
108 124
109 110
109 111
109 113
109 115
109 120
109 122
109 124
109 125
109 128
109 132
109 134
109 135
109 136
109 137
109 140
109 146
109 149
109 155
109 156
109 159
109 160
109 164
109 166
109 170
109 171
109 172
109 173
109 176
109 177
109 178
109 181
109 182
109 187
109 192
109 193
109 194
109 196
109 198
110 112
110 113
110 114
110 115
110 116
110 117
110 122
110 124
110 125
110 126
110 128
110 130
110 132
110 134
110 136
110 137
110 138
110 139
110 142
110 144
110 145
110 149
110 151
110 157
110 159
110 164
110 165
110 171
110 173
110 182
110 184
110 188
110 191
110 195
110 197
110 198
110 199
111 112
111 116
111 122
111 123
111 126
111 127
111 129
111 130
111 137
111 138
111 140
111 142
111 144
111 145
111 146
111 148
111 153
111 154
111 155
111 160
111 167
111 169
111 172
111 174
111 176
111 178
111 186
111 189
111 190
111 193
111 195
111 196
112 117
112 118
112 121
112 123
112 126
112 128
112 129
112 131
112 132
112 137
112 139
112 140
112 141
112 142
112 145
112 146
112 148
112 151
112 157
112 158
112 159
112 164
112 166
112 174
112 175
112 178
112 179
112 195
113 119
113 124
113 126
113 127
113 128
113 129
113 130
113 132
113 133
113 134
113 137
113 139
113 140
113 143
113 147
113 151
113 152
113 155
113 156
113 162
113 167
113 168
113 170
113 171
113 172
113 174
113 176
113 180
113 181
113 190
113 194
113 196
113 198
114 122
114 123
114 128
114 130
114 139
114 141
114 142
114 143
114 146
114 147
114 150
114 151
114 152
114 153
114 155
114 157
114 158
114 167
114 170
114 186
114 187
114 194
114 198
115 116
115 117
115 118
115 120
115 121
115 123
115 126
115 130
115 132
115 134
115 138
115 139
115 140
115 141
115 143
115 145
115 148
115 149
115 155
115 164
115 165
115 166
115 172
115 174
115 178
115 182
115 192
115 196
115 198
115 199
116 117
116 119
116 131
116 135
116 140
116 142
116 147
116 149
116 150
116 153
116 157
116 160
116 161
116 162
116 181
116 185
116 187
116 191
116 196
117 120
117 126
117 128
117 131
117 133
117 137
117 141
117 142
117 146
117 147
117 150
117 155
117 159
117 162
117 164
117 165
117 166
117 169
117 170
117 179
117 180
117 187
117 199
118 121
118 122
118 123
118 124
118 132
118 136
118 138
118 147
118 151
118 152
118 157
118 162
118 164
118 165
118 170
118 176
118 179
118 184
118 185
118 187
118 188
118 195
118 199
119 120
119 123
119 124
119 127
119 128
119 131
119 132
119 134
119 137
119 138
119 141
119 142
119 143
119 145
119 146
119 149
119 151
119 153
119 155
119 156
119 157
119 158
119 159
119 161
119 165
119 172
119 174
119 177
119 190
119 197
119 198
119 199
120 123
120 125
120 128
120 131
120 132
120 134
120 136
120 139
120 140
120 142
120 143
120 145
120 150
120 152
120 154
120 158
120 162
120 163
120 164
120 170
120 171
120 172
120 182
120 183
120 184
120 188
120 195
120 197
120 198
121 122
121 127
121 128
121 132
121 135
121 136
121 139
121 144
121 147
121 148
121 150
121 157
121 159
121 163
121 164
121 166
121 171
121 175
121 177
121 178
121 179
121 181
121 182
121 183
121 194
122 125
122 127
122 128
122 131
122 135
122 143
122 144
122 145
122 147
122 149
122 151
122 161
122 163
122 164
122 166
122 167
122 168
122 179
122 180
122 182
122 183
122 186
122 189
122 190
122 194
122 195
123 125
123 127
123 129
123 130
123 135
123 143
123 153
123 154
123 161
123 169
123 171
123 173
123 176
123 177
123 180
123 183
123 185
123 190
123 195
123 199
124 125
124 126
124 130
124 138
124 140
124 149
124 158
124 160
124 162
124 164
124 168
124 177
124 179
124 182
124 186
124 197
125 126
125 127
125 134
125 135
125 139
125 141
125 144
125 147
125 148
125 150
125 151
125 171
125 173
125 177
125 181
125 191
126 131
126 132
126 133
126 134
126 136
126 145
126 150
126 152
126 155
126 161
126 162
126 168
126 172
126 193
126 196
127 129
127 133
127 137
127 138
127 140
127 141
127 145
127 146
127 147
127 148
127 152
127 153
127 156
127 170
127 174
127 176
127 177
127 184
127 185
127 186
127 190
127 191
127 198
128 129
128 130
128 131
128 132
128 133
128 139
128 140
128 141
128 144
128 146
128 149
128 152
128 157
128 160
128 162
128 163
128 166
128 170
128 182
128 183
128 185
128 186
128 193
129 131
129 134
129 140
129 144
129 147
129 149
129 150
129 153
129 154
129 159
129 162
129 167
129 170
129 176
129 179
129 183
129 186
129 187
129 189
129 192
130 140
130 141
130 149
130 152
130 154
130 160
130 166
130 167
130 168
130 169
130 173
130 193
130 194
130 198
131 134
131 137
131 140
131 141
131 144
131 146
131 152
131 155
131 156
131 157
131 158
131 163
131 167
131 169
131 170
131 174
131 177
131 181
131 188
131 194
131 199
132 133
132 135
132 136
132 139
132 142
132 144
132 145
132 147
132 148
132 153
132 157
132 162
132 163
132 164
132 167
132 168
132 171
132 177
132 192
132 194
133 135
133 137
133 139
133 140
133 145
133 146
133 151
133 152
133 156
133 166
133 170
133 171
133 172
133 173
133 174
133 175
133 176
133 179
133 188
133 190
133 191
133 194
133 196
134 138
134 145
134 148
134 149
134 155
134 157
134 162
134 163
134 168
134 172
134 173
134 174
134 176
134 178
134 184
134 186
134 191
134 198
135 139
135 140
135 141
135 143
135 144
135 145
135 146
135 147
135 149
135 151
135 152
135 154
135 160
135 163
135 167
135 172
135 176
135 180
135 182
135 183
135 184
135 185
135 192
135 199
136 138
136 139
136 143
136 151
136 157
136 159
136 161
136 162
136 170
136 173
136 174
136 176
136 194
136 195
136 196
136 197
136 199
137 139
137 144
137 149
137 150
137 156
137 157
137 160
137 166
137 178
137 185
137 199
138 146
138 157
138 161
138 165
138 175
138 177
138 179
138 180
138 185
138 187
138 193
138 197
139 142
139 152
139 161
139 162
139 165
139 166
139 171
139 175
139 178
139 185
139 187
139 188
139 193
139 194
139 197
140 144
140 148
140 149
140 150
140 154
140 160
140 165
140 168
140 169
140 171
140 172
140 174
140 176
140 177
140 179
140 182
140 188
140 189
140 190
140 195
141 143
141 146
141 149
141 150
141 157
141 161
141 166
141 168
141 169
141 176
141 178
141 199
142 143
142 145
142 150
142 153
142 156
142 164
142 170
142 173
142 175
142 176
142 179
142 182
142 190
143 144
143 148
143 149
143 153
143 155
143 157
143 159
143 164
143 165
143 166
143 168
143 170
143 173
143 174
143 177
143 179
143 182
143 187
143 188
143 192
143 193
143 194
144 145
144 146
144 147
144 153
144 158
144 160
144 161
144 165
144 167
144 180
144 184
144 185
144 187
144 189
144 190
144 192
144 195
145 147
145 148
145 149
145 152
145 158
145 160
145 164
145 169
145 171
145 172
145 176
145 182
145 183
145 186
145 192
145 198
146 148
146 157
146 159
146 162
146 164
146 168
146 169
146 174
146 181
146 183
146 193
146 194
146 154
147 152
147 153
147 154
147 155
147 159
147 164
147 166
147 168
147 169
147 175
147 184
147 189
147 191
147 193
147 197
148 151
148 155
148 156
148 158
148 163
148 164
148 171
148 175
148 180
148 183
148 184
148 187
148 194
148 196
149 150
149 152
149 157
149 161
149 163
149 170
149 171
149 176
149 187
149 193
149 194
149 195
149 198
150 156
150 159
150 162
150 165
150 167
150 169
150 171
150 172
150 173
150 180
150 181
150 182
150 189
151 159
151 160
151 161
151 167
151 169
151 170
151 174
151 175
151 177
151 183
151 184
151 187
151 194
152 154
152 157
152 161
152 163
152 164
152 167
152 174
152 187
152 189
152 196
153 155
153 162
153 167
153 168
153 172
153 177
153 184
153 163
154 157
154 159
154 161
154 175
154 179
154 181
154 182
154 185
155 158
155 162
155 163
155 166
155 177
155 178
155 191
155 194
155 192
156 159
156 160
156 164
156 172
156 187
156 197
156 199
157 165
157 167
157 168
157 175
157 184
157 190
157 197
158 159
158 166
158 168
158 169
158 172
158 175
158 182
158 184
158 186
158 193
158 199
159 160
159 162
159 164
159 173
159 177
159 183
159 193
159 195
159 199
160 165
160 166
160 168
160 172
160 175
160 177
160 181
160 182
160 185
160 192
160 194
161 170
161 174
161 176
161 183
161 188
161 196
162 163
162 166
162 168
162 171
162 172
162 190
162 194
162 197
163 165
163 169
163 170
163 172
163 173
163 175
163 176
163 179
163 180
163 182
163 183
163 189
163 193
163 195
163 198
164 165
164 166
164 171
164 179
164 188
164 189
164 190
164 192
164 194
165 171
165 179
165 181
165 182
165 185
165 186
166 170
166 175
166 176
166 185
166 186
166 190
166 191
166 192
167 169
167 186
167 189
167 192
167 193
167 195
167 196
167 199
168 169
168 172
168 181
168 183
168 188
168 190
168 191
168 193
168 194
168 197
168 199
169 180
169 183
169 189
169 194
170 176
170 177
170 180
170 182
170 184
170 191
170 192
172 178
172 181
172 182
172 187
172 189
172 193
172 195
173 176
173 182
173 185
173 186
173 187
173 189
174 175
174 176
174 179
174 185
174 190
174 194
174 198
175 188
175 192
175 195
175 198
176 179
176 181
176 189
176 190
176 199
177 181
177 184
177 185
177 186
177 190
178 189
178 191
179 180
179 186
179 191
179 193
179 194
179 197
180 183
180 188
180 189
181 182
181 184
181 186
181 188
181 193
182 183
182 185
182 188
182 190
182 191
183 188
183 192
184 187
184 189
184 192
184 193
184 196
185 189
185 195
186 190
186 193
187 192
187 193
187 196
187 198
188 189
188 191
189 190
189 191
189 194
189 196
189 198
190 192
191 197
192 193
192 194
194 198
195 197
195 199