213585149
15
200
2903
0 15
0 16
0 17
0 18
0 20
0 23
0 24
0 25
0 26
0 27
0 32
0 39
0 41
0 45
0 48
0 54
0 55
0 57
0 59
0 62
0 74
0 94
0 97
0 108
0 121
0 125
0 127
0 137
0 145
0 161
0 168
0 182
1 15
1 16
1 17
1 18
1 22
1 23
1 24
1 27
1 28
1 29
1 30
1 32
1 33
1 41
1 43
1 50
1 56
1 59
1 60
1 64
1 65
1 72
1 92
1 107
1 112
1 117
1 129
1 130
1 134
1 142
1 160
1 167
1 170
1 181
1 189
1 192
1 61
2 15
2 16
2 17
2 18
2 19
2 21
2 22
2 29
2 32
2 37
2 40
2 45
2 55
2 57
2 60
2 69
2 74
2 111
2 126
2 130
2 132
2 146
2 150
2 154
2 178
2 180
2 183
3 15
3 16
3 18
3 19
3 20
3 21
3 23
3 26
3 28
3 29
3 30
3 32
3 33
3 35
3 36
3 37
3 42
3 47
3 49
3 50
3 57
3 58
3 61
3 62
3 64
3 65
3 67
3 75
3 76
3 83
3 94
3 95
3 97
3 103
3 104
3 106
3 112
3 118
3 127
3 129
3 130
3 133
3 135
3 139
3 154
3 169
3 175
3 181
3 187
3 189
3 190
3 145
3 132
4 15
4 16
4 17
4 19
4 20
4 21
4 22
4 23
4 24
4 25
4 27
4 28
4 29
4 30
4 31
4 33
4 35
4 37
4 39
4 40
4 43
4 45
4 47
4 51
4 57
4 59
4 62
4 63
4 64
4 65
4 66
4 67
4 71
4 72
4 73
4 82
4 83
4 89
4 96
4 97
4 100
4 105
4 106
4 111
4 112
4 114
4 115
4 116
4 117
4 122
4 131
4 151
4 160
4 167
4 174
4 176
4 182
4 190
4 193
4 197
5 15
5 16
5 17
5 18
5 19
5 20
5 21
5 24
5 25
5 33
5 41
5 42
5 43
5 59
5 73
5 86
5 87
5 95
5 115
5 123
5 134
5 174
5 180
5 63
6 15
6 16
6 17
6 18
6 19
6 20
6 21
6 22
6 23
6 24
6 25
6 26
6 28
6 29
6 30
6 31
6 32
6 34
6 35
6 36
6 37
6 38
6 39
6 40
6 42
6 44
6 46
6 48
6 49
6 59
6 60
6 62
6 66
6 68
6 74
6 77
6 78
6 79
6 81
6 85
6 94
6 96
6 105
6 109
6 113
6 119
6 120
6 130
6 143
6 149
6 155
6 161
6 166
6 171
6 174
6 183
6 184
6 185
6 187
6 192
6 199
6 135
6 56
7 15
7 16
7 17
7 18
7 19
7 21
7 25
7 27
7 37
7 39
7 59
7 60
7 90
7 114
7 120
7 134
7 174
7 20
7 9
8 15
8 16
8 17
8 27
8 29
8 32
8 34
8 38
8 41
8 43
8 54
8 64
8 71
8 74
8 77
8 79
8 83
8 118
8 121
8 125
8 126
8 173
8 193
8 194
8 199
8 72
8 178
9 15
9 16
9 17
9 18
9 19
9 20
9 21
9 22
9 23
9 25
9 28
9 30
9 31
9 32
9 42
9 46
9 47
9 48
9 50
9 51
9 57
9 74
9 83
9 85
9 89
9 101
9 106
9 107
9 111
9 113
9 119
9 122
9 147
9 173
9 174
9 178
9 188
9 190
9 198
9 37
10 15
10 16
10 17
10 18
10 19
10 20
10 22
10 23
10 27
10 28
10 29
10 36
10 42
10 45
10 50
10 52
10 70
10 78
10 91
10 98
10 101
10 108
10 110
10 112
10 128
10 132
10 137
10 139
10 140
10 195
10 131
10 46
10 129
11 15
11 17
11 18
11 19
11 20
11 32
11 41
11 44
11 45
11 47
11 55
11 60
11 65
11 67
11 69
11 81
11 85
11 92
11 112
11 113
11 117
11 135
11 136
11 141
11 145
11 156
11 164
11 193
11 198
11 109
11 36
12 15
12 16
12 17
12 18
12 19
12 21
12 22
12 23
12 24
12 29
12 30
12 31
12 33
12 35
12 36
12 41
12 44
12 47
12 48
12 60
12 66
12 68
12 71
12 79
12 86
12 90
12 98
12 101
12 104
12 108
12 111
12 113
12 115
12 119
12 133
12 137
12 139
12 157
12 161
12 162
12 163
12 182
12 186
12 190
12 191
12 76
13 15
13 16
13 20
13 22
13 23
13 34
13 35
13 40
13 53
13 73
13 89
13 90
13 93
13 94
13 115
13 136
13 169
13 176
13 195
13 58
13 51
14 15
14 16
14 17
14 18
14 19
14 20
14 21
14 24
14 25
14 26
14 27
14 28
14 31
14 36
14 43
14 44
14 48
14 55
14 62
14 63
14 70
14 85
14 87
14 88
14 90
14 107
14 114
14 116
14 117
14 119
14 120
14 143
14 150
14 151
14 164
14 165
14 170
15 16
15 17
15 18
15 19
15 20
15 21
15 22
15 23
15 24
15 25
15 26
15 27
15 28
15 29
15 30
15 31
15 32
15 33
15 35
15 37
15 38
15 39
15 40
15 41
15 43
15 44
15 46
15 51
15 53
15 56
15 61
15 63
15 65
15 67
15 70
15 73
15 77
15 78
15 80
15 82
15 84
15 86
15 87
15 88
15 89
15 93
15 95
15 96
15 98
15 100
15 102
15 106
15 107
15 108
15 117
15 119
15 120
15 121
15 124
15 128
15 130
15 131
15 133
15 135
15 136
15 138
15 139
15 143
15 144
15 152
15 157
15 160
15 165
15 176
15 186
15 195
15 196
15 99
15 57
15 159
16 17
16 18
16 19
16 20
16 21
16 22
16 23
16 24
16 26
16 27
16 28
16 29
16 31
16 33
16 35
16 38
16 39
16 42
16 49
16 51
16 53
16 54
16 55
16 56
16 58
16 63
16 65
16 68
16 71
16 72
16 73
16 74
16 77
16 78
16 79
16 80
16 84
16 85
16 86
16 87
16 88
16 91
16 94
16 96
16 103
16 104
16 106
16 107
16 110
16 115
16 122
16 123
16 126
16 128
16 132
16 137
16 138
16 139
16 140
16 142
16 152
16 154
16 155
16 156
16 162
16 165
16 172
16 174
16 175
16 179
16 182
16 187
16 188
16 189
16 194
16 198
16 199
16 82
16 117
17 18
17 19
17 20
17 21
17 22
17 24
17 25
17 26
17 27
17 28
17 29
17 31
17 32
17 34
17 40
17 43
17 44
17 46
17 47
17 48
17 49
17 50
17 51
17 52
17 54
17 56
17 59
17 62
17 70
17 75
17 76
17 79
17 82
17 84
17 86
17 87
17 88
17 89
17 95
17 100
17 101
17 108
17 109
17 111
17 114
17 125
17 137
17 147
17 149
17 152
17 154
17 155
17 159
17 163
17 168
17 171
17 174
17 182
17 184
17 189
17 192
17 148
17 72
17 167
18 19
18 20
18 21
18 22
18 23
18 24
18 25
18 26
18 27
18 28
18 30
18 31
18 34
18 35
18 36
18 38
18 39
18 40
18 42
18 46
18 49
18 50
18 51
18 52
18 57
18 60
18 61
18 64
18 65
18 68
18 81
18 84
18 89
18 93
18 94
18 99
18 106
18 108
18 119
18 130
18 133
18 138
18 140
18 143
18 144
18 147
18 159
18 160
18 165
18 177
18 183
18 185
18 194
18 195
18 111
19 20
19 21
19 22
19 23
19 24
19 25
19 26
19 29
19 30
19 32
19 33
19 37
19 39
19 40
19 41
19 44
19 49
19 54
19 60
19 62
19 66
19 70
19 71
19 73
19 79
19 80
19 84
19 85
19 86
19 91
19 93
19 98
19 99
19 103
19 104
19 110
19 121
19 125
19 131
19 132
19 142
19 145
19 156
19 158
19 159
19 166
19 170
19 171
19 173
19 176
19 192
19 97
19 141
20 21
20 22
20 24
20 25
20 26
20 27
20 28
20 29
20 31
20 32
20 33
20 34
20 35
20 36
20 37
20 38
20 40
20 42
20 43
20 44
20 45
20 46
20 47
20 52
20 53
20 55
20 57
20 61
20 67
20 72
20 74
20 79
20 80
20 82
20 83
20 87
20 92
20 95
20 99
20 102
20 103
20 104
20 109
20 117
20 118
20 119
20 121
20 123
20 125
20 127
20 133
20 152
20 162
20 163
20 167
20 168
20 173
20 175
20 176
20 182
20 184
20 190
20 64
20 188
21 22
21 23
21 24
21 25
21 26
21 31
21 32
21 34
21 37
21 38
21 39
21 41
21 45
21 46
21 48
21 49
21 50
21 51
21 55
21 58
21 61
21 65
21 66
21 68
21 69
21 72
21 73
21 75
21 80
21 86
21 91
21 98
21 101
21 103
21 110
21 118
21 121
21 125
21 131
21 134
21 135
21 140
21 144
21 146
21 148
21 156
21 158
21 163
21 170
21 172
21 173
21 180
21 106
21 128
22 23
22 24
22 26
22 27
22 28
22 30
22 32
22 33
22 35
22 36
22 38
22 44
22 45
22 49
22 51
22 60
22 64
22 67
22 68
22 71
22 74
22 75
22 76
22 77
22 78
22 81
22 82
22 88
22 91
22 92
22 94
22 95
22 100
22 102
22 105
22 111
22 112
22 115
22 123
22 129
22 131
22 138
22 146
22 148
22 158
22 174
22 176
22 185
22 187
22 188
22 199
22 151
22 43
23 25
23 26
23 27
23 28
23 29
23 34
23 44
23 46
23 51
23 53
23 54
23 59
23 65
23 71
23 80
23 81
23 87
23 89
23 91
23 100
23 101
23 120
23 133
23 135
23 137
23 138
23 139
23 140
23 150
23 155
23 162
23 183
23 184
23 186
23 196
23 146
24 25
24 26
24 28
24 30
24 33
24 34
24 36
24 37
24 38
24 39
24 41
24 42
24 44
24 47
24 49
24 50
24 52
24 54
24 64
24 65
24 66
24 74
24 78
24 85
24 86
24 92
24 100
24 104
24 106
24 128
24 153
24 157
24 164
24 170
24 175
24 184
24 185
24 190
24 193
24 195
24 198
25 26
25 30
25 31
25 33
25 34
25 35
25 36
25 37
25 51
25 52
25 53
25 55
25 57
25 58
25 61
25 64
25 66
25 68
25 70
25 72
25 81
25 82
25 83
25 88
25 92
25 93
25 99
25 102
25 118
25 121
25 124
25 125
25 130
25 134
25 164
25 168
25 173
25 197
25 123
26 27
26 29
26 39
26 40
26 41
26 43
26 52
26 55
26 60
26 69
26 86
26 87
26 88
26 104
26 110
26 111
26 118
26 121
26 127
26 140
26 149
26 158
26 168
26 171
26 179
26 181
26 187
26 191
26 197
26 38
26 184
27 30
27 31
27 33
27 35
27 38
27 40
27 41
27 42
27 43
27 45
27 46
27 47
27 50
27 51
27 52
27 53
27 54
27 56
27 58
27 60
27 61
27 62
27 74
27 75
27 76
27 79
27 80
27 87
27 90
27 93
27 94
27 95
27 97
27 100
27 109
27 113
27 115
27 116
27 117
27 122
27 127
27 131
27 139
27 152
27 158
27 163
27 165
27 181
27 182
27 186
27 193
27 49
28 30
28 31
28 33
28 34
28 35
28 36
28 38
28 39
28 40
28 41
28 44
28 45
28 47
28 49
28 52
28 55
28 56
28 58
28 61
28 63
28 67
28 68
28 73
28 80
28 86
28 90
28 91
28 97
28 99
28 100
28 102
28 109
28 112
28 115
28 116
28 123
28 126
28 135
28 143
28 148
28 151
28 153
28 154
28 165
28 169
28 175
28 179
28 189
28 129
28 77
28 194
29 30
29 34
29 35
29 36
29 38
29 42
29 47
29 48
29 54
29 57
29 59
29 66
29 70
29 71
29 79
29 80
29 87
29 98
29 103
29 105
29 129
29 140
29 150
29 157
29 159
29 161
29 180
29 188
29 189
29 199
29 53
29 82
29 197
30 31
30 33
30 34
30 36
30 38
30 42
30 45
30 48
30 49
30 52
30 53
30 56
30 57
30 58
30 66
30 68
30 69
30 75
30 77
30 83
30 88
30 89
30 101
30 102
30 103
30 110
30 125
30 127
30 141
30 146
30 149
30 151
30 152
30 165
30 173
30 177
30 179
31 32
31 34
31 35
31 36
31 37
31 38
31 45
31 46
31 50
31 53
31 54
31 58
31 61
31 62
31 63
31 65
31 66
31 73
31 76
31 77
31 78
31 80
31 81
31 83
31 84
31 86
31 89
31 91
31 95
31 96
31 103
31 104
31 105
31 107
31 111
31 113
31 119
31 124
31 130
31 131
31 136
31 138
31 144
31 148
31 150
31 152
31 156
31 162
31 165
31 172
31 176
31 79
31 52
31 191
32 34
32 36
32 37
32 39
32 40
32 42
32 43
32 47
32 48
32 55
32 56
32 61
32 64
32 66
32 69
32 74
32 75
32 84
32 89
32 91
32 93
32 97
32 99
32 100
32 104
32 105
32 106
32 114
32 122
32 123
32 124
32 126
32 127
32 138
32 141
32 158
32 165
32 173
32 178
32 180
32 194
32 195
33 44
33 46
33 52
33 58
33 83
33 85
33 90
33 91
33 94
33 95
33 102
33 114
33 118
33 121
33 124
33 126
33 134
33 136
33 143
33 147
33 151
33 161
33 187
33 197
33 82
34 37
34 39
34 40
34 45
34 48
34 52
34 53
34 58
34 59
34 60
34 61
34 63
34 68
34 70
34 71
34 78
34 82
34 83
34 88
34 92
34 95
34 97
34 99
34 107
34 109
34 110
34 123
34 128
34 132
34 148
34 152
34 153
34 159
34 160
34 165
34 179
34 62
34 164
35 52
35 68
35 70
35 77
35 98
35 118
35 119
35 125
35 133
35 138
35 144
35 162
35 167
35 183
35 193
35 194
35 127
36 37
36 38
36 40
36 41
36 43
36 47
36 48
36 60
36 61
36 65
36 69
36 82
36 97
36 108
36 109
36 110
36 125
36 131
36 141
36 163
36 164
36 169
36 178
36 180
36 193
36 135
37 43
37 56
37 62
37 63
37 64
37 75
37 84
37 86
37 97
37 100
37 114
37 117
37 125
37 126
37 129
37 132
37 135
37 139
37 142
37 151
37 157
37 170
37 177
37 181
37 185
37 196
37 198
37 149
38 39
38 42
38 43
38 49
38 50
38 71
38 73
38 76
38 81
38 84
38 86
38 101
38 123
38 128
38 131
38 156
38 162
38 179
39 41
39 42
39 44
39 45
39 46
39 48
39 50
39 51
39 54
39 55
39 57
39 58
39 60
39 64
39 65
39 66
39 73
39 75
39 78
39 79
39 92
39 104
39 105
39 108
39 120
39 121
39 125
39 126
39 132
39 142
39 144
39 150
39 164
39 174
39 176
39 179
39 180
39 183
39 184
39 191
39 196
39 198
40 46
40 51
40 54
40 55
40 71
40 72
40 85
40 104
40 109
40 115
40 140
40 143
40 157
40 167
40 179
40 183
40 118
41 46
41 49
41 50
41 53
41 57
41 63
41 74
41 76
41 84
41 144
41 149
41 163
41 175
41 185
41 188
41 198
41 147
42 43
42 44
42 48
42 56
42 61
42 67
42 71
42 75
42 77
42 88
42 96
42 102
42 106
42 110
42 113
42 115
42 128
42 134
42 136
42 161
42 181
42 187
42 189
42 195
42 197
42 80
42 193
43 45
43 59
43 61
43 64
43 72
43 84
43 87
43 89
43 96
43 98
43 102
43 129
43 132
43 150
43 166
43 168
43 169
43 173
43 175
43 177
43 194
43 197
43 199
43 186
44 48
44 52
44 54
44 55
44 72
44 75
44 77
44 79
44 85
44 91
44 92
44 101
44 103
44 105
44 116
44 132
44 145
44 146
44 150
44 178
44 179
45 46
45 47
45 53
45 58
45 59
45 72
45 76
45 89
45 90
45 98
45 106
45 107
45 131
45 147
45 154
45 182
45 185
45 189
45 96
45 161
46 47
46 49
46 51
46 52
46 57
46 62
46 67
46 68
46 69
46 76
46 77
46 79
46 80
46 83
46 91
46 96
46 99
46 103
46 113
46 117
46 119
46 121
46 133
46 137
46 141
46 147
46 181
46 143
47 49
47 50
47 55
47 59
47 63
47 67
47 69
47 76
47 85
47 104
47 111
47 113
47 120
47 129
47 149
47 155
47 162
47 53
47 144
48 53
48 58
48 63
48 64
48 66
48 69
48 70
48 72
48 73
48 82
48 85
48 87
48 93
48 97
48 99
48 100
48 104
48 108
48 114
48 119
48 127
48 136
48 137
48 151
48 152
48 163
48 170
48 178
48 179
48 181
48 184
48 186
48 110
48 130
48 142
49 50
49 53
49 54
49 56
49 60
49 64
49 67
49 69
49 90
49 95
49 98
49 114
49 130
49 139
49 145
49 155
49 166
49 171
49 175
49 186
49 132
49 165
50 51
50 57
50 69
50 70
50 73
50 82
50 93
50 98
50 100
50 111
50 120
50 122
50 137
50 143
50 145
50 156
50 162
50 164
50 167
50 180
51 56
51 59
51 62
51 76
51 81
51 82
51 90
51 92
51 93
51 95
51 102
51 103
51 108
51 116
51 126
51 130
51 135
51 136
51 148
51 152
51 165
51 167
51 177
51 183
51 187
51 188
51 189
51 193
51 120
52 53
52 56
52 58
52 59
52 82
52 90
52 100
52 104
52 116
52 124
52 142
52 144
52 145
52 146
52 150
52 178
52 189
53 54
53 56
53 63
53 70
53 72
53 74
53 85
53 97
53 129
53 137
53 155
53 163
53 166
53 169
53 172
53 186
53 127
54 56
54 58
54 62
54 70
54 75
54 84
54 95
54 96
54 100
54 130
54 134
54 138
54 154
54 157
54 158
54 160
54 164
54 175
54 184
54 188
54 187
55 61
55 79
55 87
55 98
55 103
55 108
55 110
55 112
55 116
55 127
55 129
55 139
55 148
55 150
55 158
55 160
55 167
55 168
55 173
55 175
55 191
55 196
56 57
56 70
56 72
56 86
56 97
56 105
56 112
56 115
56 124
56 141
56 150
56 158
56 166
56 168
56 177
56 192
56 195
56 196
57 63
57 66
57 73
57 90
57 96
57 105
57 107
57 123
57 132
57 139
57 155
57 161
57 165
57 183
57 187
57 188
57 192
57 179
58 64
58 65
58 76
58 77
58 81
58 88
58 91
58 110
58 121
58 133
58 161
58 166
58 173
58 176
58 177
58 185
58 190
58 193
58 97
58 163
59 62
59 76
59 78
59 83
59 87
59 89
59 93
59 106
59 112
59 120
59 133
59 140
59 142
59 153
59 199
59 118
59 69
59 70
60 62
60 63
60 67
60 71
60 95
60 105
60 117
60 121
60 134
60 149
60 153
60 170
60 112
60 183
61 65
61 67
61 69
61 73
61 75
61 88
61 91
61 94
61 98
61 103
61 110
61 119
61 129
61 139
61 141
61 153
61 159
61 182
61 184
61 185
61 189
61 150
62 63
62 68
62 71
62 96
62 99
62 115
62 118
62 124
62 126
62 128
62 132
62 137
62 142
62 143
62 155
62 187
62 190
62 192
62 196
62 70
63 67
63 77
63 80
63 102
63 125
63 138
63 144
63 155
63 160
63 169
63 191
64 66
64 69
64 70
64 89
64 99
64 101
64 103
64 105
64 109
64 122
64 124
64 127
64 143
64 148
64 156
64 170
64 174
64 180
64 193
64 199
64 107
65 68
65 75
65 76
65 91
65 94
65 95
65 99
65 122
65 126
65 141
65 154
65 161
65 164
65 175
65 184
65 193
66 67
66 81
66 83
66 107
66 111
66 113
66 120
66 121
66 145
66 147
66 160
66 169
66 177
66 84
67 68
67 72
67 74
67 81
67 82
67 83
67 138
67 151
67 157
67 166
67 172
67 194
67 195
67 103
67 96
68 69
68 72
68 75
68 78
68 80
68 81
68 89
68 90
68 93
68 99
68 110
68 112
68 120
68 122
68 123
68 125
68 126
68 135
68 142
68 146
68 159
68 171
68 176
68 197
69 71
69 85
69 88
69 94
69 97
69 109
69 113
69 117
69 142
69 190
69 198
70 74
70 77
70 78
70 84
70 88
70 106
70 119
70 123
70 134
70 135
70 141
70 142
70 160
70 177
70 181
70 184
70 191
70 118
71 84
71 90
71 102
71 107
71 118
71 147
71 154
71 172
71 180
71 182
71 183
71 190
71 199
72 77
72 79
72 86
72 116
72 117
72 123
72 129
72 130
72 131
72 153
72 171
72 172
72 180
72 185
72 186
73 76
73 109
73 158
73 187
74 78
74 79
74 80
74 110
74 119
74 120
74 122
74 139
74 141
74 153
74 154
74 156
74 160
74 167
74 172
74 182
74 84
75 81
75 82
75 96
75 107
75 112
75 127
75 128
75 141
75 143
75 144
75 145
75 153
75 162
75 170
75 184
75 131
75 99
76 78
76 94
76 96
76 97
76 99
76 109
76 112
76 120
76 122
76 133
76 162
76 163
76 175
76 189
76 191
76 192
76 100
77 78
77 81
77 83
77 87
77 90
77 107
77 133
77 149
77 150
77 162
77 173
77 188
77 197
78 88
78 92
78 102
78 103
78 120
78 127
78 144
78 157
78 169
78 198
79 80
79 101
79 114
79 118
79 128
79 131
79 132
79 137
79 140
79 142
79 147
79 161
79 172
79 178
79 185
79 189
80 116
80 124
80 141
80 144
80 145
80 151
80 156
80 188
80 197
80 159
81 82
81 84
81 97
81 128
81 135
81 137
81 141
81 149
81 182
81 194
81 198
82 92
82 99
82 105
82 111
82 112
82 113
82 114
82 117
82 123
82 124
82 125
82 136
82 137
82 151
82 153
82 159
82 169
82 173
82 190
83 93
83 98
83 101
83 115
83 127
83 130
83 134
83 137
83 145
83 152
83 161
83 171
83 175
83 183
83 132
84 85
84 106
84 147
84 164
84 170
84 179
84 110
85 93
85 94
85 98
85 101
85 102
85 109
85 113
85 114
85 124
85 128
85 133
85 147
85 157
85 158
85 166
85 182
85 183
85 185
85 197
85 112
86 92
86 96
86 111
86 115
86 157
87 92
87 94
87 106
87 126
87 138
87 140
87 153
87 174
87 199
87 108
87 114
87 119
88 92
88 93
88 129
88 134
88 135
88 140
88 141
88 178
88 183
88 187
89 101
89 108
89 114
89 134
89 136
89 149
89 151
89 156
89 158
89 159
89 167
89 186
89 188
89 193
89 195
90 96
90 113
90 118
90 121
90 127
90 167
90 153
91 100
91 108
91 111
91 112
91 129
91 130
91 131
91 154
91 160
91 164
91 179
91 96
91 182
92 116
92 122
92 126
92 149
92 153
92 164
92 171
92 180
92 192
92 194
92 196
93 107
93 108
93 109
93 140
93 149
93 165
93 169
93 171
93 186
94 101
94 102
94 124
94 168
94 188
94 195
94 197
95 108
95 118
95 136
95 140
95 153
95 170
95 177
96 105
96 113
96 122
96 132
96 155
96 162
96 170
96 172
96 190
96 192
96 194
96 199
97 144
97 163
97 186
98 114
98 142
98 149
98 159
98 190
99 104
99 106
99 115
99 119
99 124
99 134
99 159
99 177
99 185
99 198
100 118
100 133
100 136
100 138
100 147
100 155
100 166
100 176
100 184
100 199
101 110
101 133
101 146
101 152
101 166
102 114
102 116
102 123
102 139
102 148
102 150
102 175
102 153
102 106
102 154
103 117
103 152
103 155
103 156
103 163
103 180
104 105
104 116
104 135
104 146
104 157
104 191
104 184
105 122
105 135
105 136
105 142
105 160
105 172
105 175
106 107
106 109
106 116
106 117
106 135
106 138
106 148
106 149
106 162
106 169
106 175
107 136
107 146
107 150
107 158
107 168
108 122
108 131
108 147
108 151
108 196
109 167
109 168
109 178
109 183
109 185
109 196
109 179
110 111
110 130
110 148
110 191
111 188
112 116
112 139
112 142
112 144
112 147
112 155
112 156
112 160
112 168
112 181
112 192
113 124
113 168
113 188
113 198
113 137
114 123
114 143
114 146
114 157
114 192
114 196
115 146
115 149
115 165
116 127
116 128
116 176
116 177
116 192
116 198
117 118
117 128
117 140
117 174
117 196
118 120
118 129
118 154
118 157
118 178
118 184
119 128
119 141
119 158
119 167
119 180
119 183
119 189
120 129
120 151
120 172
120 174
120 186
121 126
122 167
122 191
122 196
122 199
123 132
123 156
123 164
124 161
124 171
124 177
124 158
125 146
125 159
125 181
125 186
126 171
126 195
126 135
126 145
127 136
127 163
127 174
127 187
128 132
128 134
128 148
128 172
128 185
128 194
129 154
130 131
130 150
130 177
131 148
131 161
132 143
132 153
132 154
132 159
133 138
133 145
133 146
133 163
133 164
133 168
133 181
134 166
134 193
134 199
134 138
135 160
135 191
136 143
136 147
136 148
137 145
137 184
138 148
138 151
138 163
138 168
138 181
138 169
139 146
139 168
139 183
139 189
139 170
140 145
140 152
140 154
140 161
140 169
140 171
140 197
141 143
141 145
141 152
141 153
141 162
141 177
142 144
142 158
142 179
142 195
144 166
144 191
145 197
146 196
147 151
147 155
147 157
147 182
148 159
148 171
148 192
149 176
149 198
150 156
150 176
150 191
151 197
151 158
152 167
152 171
152 177
154 165
154 172
154 174
155 166
155 179
155 196
156 164
156 169
156 173
156 180
156 182
156 191
157 159
157 186
158 161
158 166
158 176
158 194
158 195
159 166
160 181
160 198
161 178
161 194
162 181
162 193
163 170
164 169
165 173
165 186
165 198
168 170
168 192
169 178
170 172
170 178
170 180
171 179
171 190
171 194
171 197
174 178
174 191
174 195
176 181
177 199
178 187
180 187
181 188
182 194
182 197
183 199
189 190
190 192
190 193
192 193