197476836
44
200
6959
0 44
0 45
0 46
0 47
0 48
0 49
0 51
0 52
0 53
0 54
0 55
0 56
0 58
0 59
0 61
0 62
0 64
0 70
0 71
0 73
0 75
0 78
0 79
0 80
0 81
0 83
0 84
0 87
0 90
0 93
0 95
0 99
0 104
0 105
0 106
0 108
0 111
0 114
0 119
0 123
0 127
0 135
0 141
0 143
0 144
0 145
0 151
0 168
0 170
0 175
0 178
0 185
0 100
1 44
1 45
1 46
1 47
1 48
1 49
1 50
1 51
1 52
1 53
1 54
1 56
1 58
1 59
1 60
1 61
1 62
1 64
1 67
1 68
1 69
1 70
1 72
1 73
1 74
1 77
1 79
1 80
1 86
1 89
1 90
1 91
1 92
1 93
1 98
1 99
1 101
1 102
1 104
1 119
1 129
1 131
1 136
1 138
1 140
1 142
1 148
1 150
1 153
1 165
1 169
1 174
1 180
1 182
1 195
1 199
1 18
2 44
2 45
2 46
2 47
2 50
2 51
2 52
2 53
2 55
2 56
2 57
2 58
2 59
2 62
2 63
2 64
2 65
2 66
2 67
2 68
2 71
2 73
2 76
2 79
2 80
2 81
2 82
2 83
2 85
2 89
2 92
2 93
2 95
2 97
2 98
2 101
2 103
2 104
2 105
2 107
2 112
2 115
2 127
2 132
2 133
2 140
2 144
2 149
2 153
2 168
2 173
2 180
2 181
2 183
2 193
2 196
2 199
2 177
2 35
2 39
3 44
3 45
3 46
3 47
3 48
3 50
3 51
3 52
3 54
3 56
3 57
3 61
3 62
3 64
3 66
3 67
3 71
3 73
3 75
3 80
3 82
3 89
3 92
3 94
3 106
3 107
3 108
3 110
3 112
3 113
3 120
3 130
3 145
3 166
3 167
3 169
3 174
3 175
3 182
3 186
3 198
3 199
3 60
4 44
4 45
4 46
4 47
4 48
4 49
4 50
4 51
4 52
4 54
4 55
4 57
4 58
4 59
4 60
4 64
4 68
4 69
4 70
4 71
4 73
4 76
4 78
4 79
4 84
4 88
4 90
4 92
4 100
4 102
4 108
4 109
4 114
4 117
4 118
4 119
4 121
4 126
4 130
4 131
4 132
4 135
4 144
4 145
4 156
4 157
4 159
4 161
4 175
4 177
4 181
4 183
4 189
4 192
4 195
5 44
5 45
5 46
5 47
5 48
5 49
5 50
5 51
5 54
5 55
5 56
5 59
5 62
5 64
5 65
5 66
5 67
5 68
5 69
5 70
5 72
5 78
5 83
5 85
5 86
5 87
5 96
5 98
5 100
5 116
5 132
5 140
5 143
5 145
5 147
5 165
5 170
5 171
5 178
5 187
5 189
5 190
5 191
5 193
5 195
6 44
6 45
6 46
6 47
6 48
6 49
6 50
6 51
6 52
6 53
6 54
6 55
6 56
6 57
6 58
6 63
6 64
6 65
6 66
6 67
6 70
6 71
6 72
6 73
6 74
6 75
6 76
6 82
6 83
6 84
6 88
6 89
6 90
6 92
6 97
6 98
6 100
6 102
6 104
6 112
6 117
6 118
6 122
6 130
6 136
6 141
6 143
6 146
6 150
6 154
6 163
6 167
6 170
6 175
6 176
6 177
6 180
6 183
6 184
6 185
7 44
7 45
7 46
7 47
7 48
7 49
7 50
7 51
7 52
7 53
7 54
7 56
7 57
7 58
7 60
7 62
7 63
7 64
7 68
7 69
7 70
7 72
7 73
7 74
7 80
7 81
7 83
7 86
7 87
7 92
7 96
7 105
7 107
7 110
7 112
7 114
7 116
7 120
7 121
7 124
7 134
7 145
7 152
7 158
7 160
7 164
7 165
7 169
7 181
7 186
7 189
7 191
7 192
7 198
7 18
8 44
8 45
8 46
8 47
8 48
8 49
8 50
8 51
8 53
8 54
8 55
8 56
8 58
8 60
8 61
8 63
8 66
8 67
8 68
8 69
8 70
8 71
8 72
8 74
8 82
8 83
8 84
8 87
8 89
8 90
8 93
8 102
8 108
8 110
8 115
8 122
8 129
8 132
8 138
8 155
8 160
8 163
8 166
8 168
8 169
8 181
8 185
9 44
9 45
9 46
9 47
9 48
9 50
9 51
9 52
9 53
9 54
9 55
9 56
9 57
9 58
9 60
9 61
9 63
9 64
9 66
9 67
9 68
9 70
9 71
9 74
9 76
9 77
9 82
9 85
9 89
9 90
9 100
9 103
9 105
9 117
9 122
9 135
9 136
9 137
9 141
9 142
9 143
9 145
9 152
9 156
9 158
9 172
9 179
9 183
9 188
9 191
9 192
10 44
10 45
10 46
10 47
10 48
10 49
10 50
10 52
10 53
10 55
10 56
10 57
10 58
10 59
10 60
10 63
10 65
10 67
10 68
10 69
10 70
10 71
10 78
10 79
10 80
10 91
10 96
10 100
10 101
10 105
10 109
10 115
10 120
10 122
10 124
10 125
10 128
10 129
10 131
10 151
10 153
10 156
10 164
10 167
10 173
10 178
10 179
10 181
10 184
10 185
10 186
10 187
10 198
11 44
11 45
11 46
11 47
11 49
11 50
11 51
11 52
11 53
11 54
11 55
11 56
11 57
11 58
11 59
11 61
11 62
11 64
11 65
11 67
11 69
11 70
11 72
11 74
11 77
11 79
11 81
11 82
11 83
11 84
11 86
11 87
11 88
11 90
11 96
11 99
11 100
11 107
11 110
11 112
11 113
11 118
11 120
11 121
11 123
11 134
11 141
11 153
11 155
11 159
11 163
11 164
11 170
11 173
11 174
11 176
11 179
11 180
11 181
11 186
11 68
12 44
12 45
12 46
12 47
12 48
12 49
12 50
12 52
12 53
12 54
12 55
12 58
12 59
12 60
12 61
12 62
12 63
12 65
12 66
12 67
12 70
12 71
12 75
12 76
12 78
12 80
12 84
12 85
12 86
12 87
12 93
12 94
12 95
12 96
12 97
12 100
12 101
12 103
12 104
12 107
12 108
12 109
12 110
12 116
12 119
12 120
12 122
12 124
12 126
12 128
12 129
12 134
12 136
12 138
12 142
12 144
12 146
12 148
12 149
12 153
12 156
12 158
12 165
12 167
12 168
12 173
12 180
12 189
12 193
12 195
12 196
13 44
13 45
13 46
13 47
13 48
13 49
13 50
13 51
13 52
13 53
13 54
13 55
13 58
13 60
13 62
13 68
13 72
13 73
13 75
13 78
13 81
13 85
13 87
13 88
13 90
13 97
13 98
13 100
13 106
13 108
13 117
13 127
13 132
13 134
13 135
13 149
13 155
13 177
13 179
13 180
13 183
13 188
13 199
14 44
14 45
14 46
14 47
14 48
14 49
14 50
14 51
14 52
14 53
14 54
14 56
14 57
14 58
14 59
14 60
14 62
14 63
14 65
14 67
14 70
14 71
14 74
14 76
14 88
14 89
14 94
14 111
14 120
14 126
14 127
14 128
14 136
14 146
14 148
14 156
14 158
14 159
14 162
14 168
14 175
14 181
14 183
14 191
14 195
14 199
15 44
15 45
15 46
15 47
15 48
15 50
15 53
15 55
15 56
15 59
15 60
15 62
15 64
15 73
15 76
15 79
15 106
15 108
15 110
15 113
15 123
15 127
15 128
15 129
15 134
15 136
15 139
15 142
15 144
15 154
15 157
15 158
15 160
15 168
15 171
15 172
15 173
15 185
15 188
16 44
16 45
16 46
16 47
16 48
16 49
16 50
16 51
16 52
16 53
16 54
16 55
16 56
16 57
16 58
16 59
16 61
16 62
16 63
16 64
16 65
16 66
16 67
16 69
16 70
16 73
16 76
16 78
16 79
16 81
16 82
16 83
16 84
16 87
16 89
16 90
16 91
16 95
16 96
16 100
16 102
16 104
16 106
16 111
16 114
16 115
16 118
16 122
16 123
16 126
16 128
16 137
16 138
16 144
16 148
16 153
16 157
16 160
16 166
16 167
16 168
16 171
16 176
16 194
16 136
17 44
17 45
17 46
17 47
17 48
17 49
17 50
17 51
17 52
17 53
17 54
17 57
17 58
17 60
17 61
17 65
17 68
17 70
17 76
17 77
17 79
17 82
17 83
17 91
17 92
17 97
17 102
17 104
17 108
17 116
17 118
17 120
17 122
17 135
17 144
17 150
17 164
17 173
17 180
17 181
17 197
17 98
18 44
18 45
18 46
18 47
18 48
18 49
18 50
18 52
18 53
18 54
18 55
18 56
18 57
18 59
18 60
18 61
18 62
18 63
18 65
18 69
18 76
18 79
18 80
18 84
18 85
18 87
18 90
18 91
18 92
18 95
18 96
18 100
18 105
18 108
18 110
18 117
18 121
18 123
18 125
18 128
18 132
18 135
18 142
18 143
18 149
18 166
18 167
18 171
18 178
18 182
18 192
18 196
18 31
18 19
18 22
19 44
19 45
19 46
19 47
19 48
19 49
19 50
19 51
19 52
19 53
19 54
19 56
19 57
19 58
19 60
19 61
19 62
19 63
19 64
19 66
19 67
19 70
19 72
19 76
19 77
19 78
19 82
19 83
19 87
19 88
19 91
19 92
19 93
19 94
19 102
19 103
19 107
19 108
19 110
19 115
19 117
19 124
19 133
19 141
19 144
19 146
19 150
19 152
19 164
19 186
19 189
19 190
19 198
20 44
20 45
20 46
20 47
20 48
20 49
20 50
20 51
20 52
20 53
20 54
20 55
20 56
20 57
20 58
20 59
20 60
20 61
20 62
20 63
20 65
20 66
20 68
20 69
20 70
20 71
20 73
20 74
20 77
20 86
20 88
20 89
20 93
20 94
20 98
20 101
20 106
20 107
20 110
20 112
20 113
20 115
20 118
20 122
20 124
20 127
20 130
20 131
20 138
20 141
20 142
20 144
20 146
20 149
20 150
20 153
20 156
20 163
20 167
20 177
20 187
20 189
20 193
20 194
20 195
20 196
20 183
20 128
21 44
21 45
21 46
21 47
21 49
21 50
21 51
21 56
21 57
21 60
21 62
21 67
21 71
21 73
21 74
21 75
21 78
21 82
21 83
21 84
21 85
21 88
21 90
21 91
21 93
21 98
21 99
21 100
21 106
21 110
21 115
21 116
21 119
21 123
21 129
21 141
21 144
21 146
21 150
21 151
21 152
21 158
21 164
21 166
21 188
21 192
21 96
22 44
22 45
22 46
22 47
22 48
22 49
22 50
22 51
22 52
22 53
22 54
22 55
22 56
22 57
22 58
22 59
22 60
22 61
22 63
22 64
22 65
22 66
22 71
22 73
22 75
22 77
22 81
22 83
22 84
22 85
22 86
22 87
22 93
22 94
22 96
22 98
22 99
22 103
22 108
22 112
22 114
22 115
22 129
22 132
22 137
22 138
22 141
22 144
22 150
22 159
22 166
22 173
22 177
22 184
22 195
22 38
23 44
23 45
23 46
23 47
23 48
23 49
23 50
23 52
23 53
23 55
23 57
23 58
23 59
23 61
23 62
23 63
23 65
23 66
23 67
23 69
23 70
23 71
23 72
23 75
23 78
23 80
23 83
23 84
23 87
23 92
23 93
23 94
23 98
23 100
23 104
23 108
23 109
23 110
23 111
23 114
23 120
23 121
23 125
23 130
23 132
23 138
23 141
23 154
23 155
23 158
23 159
23 165
23 166
23 167
23 172
23 173
23 175
23 176
23 196
23 198
24 44
24 45
24 46
24 47
24 48
24 49
24 51
24 52
24 53
24 54
24 55
24 57
24 58
24 59
24 60
24 62
24 63
24 64
24 65
24 67
24 68
24 70
24 72
24 74
24 77
24 80
24 86
24 94
24 103
24 108
24 109
24 112
24 114
24 115
24 116
24 127
24 128
24 131
24 133
24 143
24 144
24 146
24 150
24 156
24 160
24 161
24 164
24 166
24 174
24 178
24 179
24 187
24 189
24 198
24 50
24 61
24 89
25 44
25 45
25 46
25 47
25 48
25 50
25 51
25 52
25 54
25 55
25 56
25 59
25 62
25 64
25 66
25 67
25 68
25 69
25 73
25 77
25 80
25 82
25 86
25 91
25 97
25 101
25 102
25 103
25 105
25 107
25 109
25 111
25 115
25 123
25 129
25 131
25 133
25 134
25 135
25 140
25 145
25 159
25 162
25 165
25 171
25 176
25 196
25 197
26 44
26 45
26 46
26 47
26 48
26 49
26 51
26 52
26 53
26 54
26 55
26 57
26 58
26 59
26 61
26 62
26 65
26 66
26 70
26 71
26 73
26 77
26 79
26 80
26 81
26 82
26 83
26 85
26 88
26 95
26 98
26 99
26 102
26 105
26 106
26 108
26 111
26 112
26 114
26 117
26 119
26 120
26 121
26 123
26 126
26 128
26 132
26 134
26 137
26 138
26 153
26 155
26 157
26 158
26 159
26 160
26 163
26 165
26 167
26 184
26 188
26 189
26 190
26 198
27 44
27 45
27 46
27 47
27 48
27 49
27 50
27 51
27 52
27 53
27 54
27 56
27 57
27 58
27 59
27 60
27 62
27 63
27 65
27 66
27 69
27 70
27 73
27 77
27 79
27 88
27 90
27 93
27 94
27 96
27 105
27 112
27 115
27 119
27 120
27 124
27 138
27 146
27 149
27 152
27 154
27 155
27 158
27 172
27 173
27 180
27 188
27 190
27 199
27 123
28 44
28 45
28 46
28 47
28 48
28 49
28 50
28 51
28 52
28 53
28 55
28 56
28 58
28 59
28 60
28 63
28 71
28 75
28 76
28 78
28 81
28 84
28 94
28 99
28 100
28 116
28 118
28 121
28 128
28 130
28 134
28 135
28 136
28 139
28 145
28 146
28 152
28 157
28 160
28 166
28 167
28 168
28 170
28 172
28 186
28 187
28 188
28 195
29 44
29 45
29 46
29 47
29 48
29 49
29 50
29 51
29 52
29 53
29 54
29 55
29 56
29 57
29 58
29 59
29 61
29 65
29 66
29 68
29 74
29 75
29 76
29 77
29 84
29 85
29 87
29 88
29 90
29 98
29 99
29 100
29 104
29 106
29 109
29 116
29 119
29 124
29 131
29 140
29 143
29 152
29 156
29 157
29 168
29 173
29 176
29 179
29 180
29 187
29 188
29 191
29 196
29 67
30 44
30 45
30 48
30 49
30 50
30 51
30 52
30 53
30 55
30 56
30 57
30 58
30 59
30 60
30 61
30 63
30 65
30 68
30 69
30 75
30 80
30 81
30 82
30 84
30 85
30 86
30 87
30 88
30 89
30 91
30 92
30 93
30 96
30 97
30 103
30 105
30 107
30 108
30 109
30 111
30 114
30 118
30 137
30 138
30 143
30 144
30 160
30 164
30 165
30 166
30 174
30 180
30 185
30 195
30 197
31 44
31 45
31 46
31 47
31 48
31 49
31 50
31 51
31 54
31 56
31 58
31 61
31 65
31 68
31 75
31 78
31 79
31 80
31 82
31 85
31 86
31 93
31 97
31 99
31 103
31 104
31 106
31 109
31 111
31 115
31 117
31 123
31 124
31 132
31 140
31 144
31 147
31 148
31 153
31 162
31 163
31 176
31 178
31 186
31 189
31 191
31 192
31 121
32 44
32 45
32 46
32 47
32 48
32 49
32 50
32 51
32 54
32 55
32 56
32 57
32 58
32 59
32 60
32 61
32 62
32 63
32 66
32 67
32 69
32 71
32 74
32 76
32 77
32 78
32 79
32 81
32 84
32 90
32 91
32 95
32 98
32 99
32 104
32 105
32 106
32 111
32 117
32 120
32 121
32 129
32 130
32 134
32 140
32 141
32 143
32 149
32 150
32 155
32 159
32 164
32 166
32 170
32 172
32 173
32 179
32 188
32 189
32 107
33 44
33 45
33 46
33 47
33 48
33 49
33 50
33 53
33 54
33 55
33 57
33 60
33 63
33 64
33 68
33 71
33 72
33 79
33 80
33 81
33 84
33 85
33 89
33 91
33 92
33 93
33 110
33 113
33 116
33 117
33 126
33 131
33 132
33 136
33 148
33 149
33 154
33 164
33 165
33 175
33 178
33 183
33 186
33 187
33 174
34 44
34 45
34 46
34 47
34 48
34 49
34 51
34 52
34 53
34 54
34 56
34 57
34 58
34 61
34 64
34 65
34 66
34 67
34 69
34 70
34 72
34 73
34 76
34 77
34 79
34 83
34 97
34 99
34 107
34 116
34 117
34 118
34 119
34 120
34 124
34 130
34 139
34 142
34 150
34 151
34 174
34 176
34 190
34 195
34 199
34 149
34 166
35 44
35 45
35 46
35 47
35 48
35 49
35 51
35 54
35 55
35 60
35 63
35 65
35 66
35 69
35 80
35 83
35 84
35 86
35 91
35 93
35 94
35 95
35 96
35 99
35 102
35 103
35 106
35 112
35 117
35 122
35 127
35 140
35 147
35 148
35 154
35 156
35 161
35 180
35 187
35 190
36 44
36 45
36 46
36 48
36 49
36 50
36 51
36 52
36 53
36 55
36 56
36 57
36 60
36 61
36 62
36 64
36 67
36 71
36 74
36 76
36 78
36 82
36 86
36 89
36 92
36 93
36 97
36 100
36 110
36 111
36 118
36 119
36 121
36 124
36 130
36 132
36 133
36 142
36 146
36 157
36 159
36 170
36 180
37 44
37 45
37 46
37 47
37 48
37 49
37 52
37 53
37 54
37 57
37 59
37 63
37 66
37 72
37 73
37 74
37 75
37 78
37 79
37 80
37 89
37 93
37 94
37 95
37 96
37 98
37 100
37 102
37 115
37 116
37 119
37 123
37 124
37 127
37 131
37 133
37 138
37 140
37 148
37 157
37 162
37 163
37 185
37 193
37 194
38 44
38 45
38 46
38 47
38 48
38 49
38 50
38 51
38 52
38 53
38 54
38 55
38 56
38 59
38 60
38 61
38 63
38 67
38 68
38 71
38 72
38 75
38 76
38 78
38 81
38 86
38 88
38 91
38 94
38 100
38 101
38 107
38 108
38 114
38 116
38 120
38 125
38 132
38 133
38 135
38 136
38 150
38 152
38 158
38 166
38 169
38 176
38 177
38 178
38 184
38 191
38 192
38 196
39 44
39 45
39 46
39 47
39 48
39 49
39 50
39 51
39 52
39 53
39 54
39 55
39 56
39 57
39 58
39 59
39 60
39 61
39 62
39 63
39 64
39 65
39 66
39 68
39 69
39 70
39 72
39 74
39 76
39 78
39 79
39 81
39 85
39 86
39 88
39 89
39 90
39 91
39 94
39 98
39 99
39 100
39 101
39 105
39 107
39 111
39 113
39 114
39 115
39 116
39 120
39 124
39 131
39 133
39 135
39 138
39 139
39 145
39 149
39 151
39 153
39 154
39 155
39 166
39 175
39 176
39 178
39 180
39 181
39 183
39 184
39 189
39 190
39 191
39 194
39 197
39 83
40 44
40 45
40 46
40 47
40 48
40 49
40 50
40 51
40 52
40 54
40 55
40 56
40 59
40 60
40 61
40 62
40 64
40 66
40 67
40 68
40 69
40 71
40 72
40 73
40 75
40 76
40 81
40 85
40 87
40 88
40 91
40 97
40 101
40 102
40 105
40 109
40 111
40 113
40 114
40 119
40 120
40 121
40 122
40 125
40 126
40 127
40 129
40 138
40 139
40 140
40 141
40 142
40 143
40 146
40 152
40 156
40 161
40 165
40 170
40 171
40 172
40 181
40 186
40 196
40 130
41 44
41 45
41 46
41 47
41 48
41 49
41 50
41 51
41 52
41 53
41 54
41 55
41 56
41 57
41 58
41 59
41 60
41 61
41 62
41 64
41 65
41 69
41 70
41 71
41 72
41 73
41 74
41 77
41 82
41 84
41 85
41 86
41 90
41 91
41 93
41 94
41 95
41 98
41 99
41 103
41 107
41 111
41 112
41 114
41 122
41 124
41 125
41 131
41 132
41 133
41 135
41 136
41 137
41 138
41 144
41 148
41 149
41 150
41 158
41 163
41 177
41 178
41 185
41 188
41 199
41 63
42 44
42 45
42 46
42 48
42 49
42 50
42 51
42 52
42 53
42 55
42 57
42 59
42 61
42 62
42 63
42 64
42 67
42 68
42 69
42 70
42 73
42 75
42 76
42 77
42 78
42 86
42 90
42 91
42 92
42 93
42 98
42 101
42 102
42 118
42 125
42 127
42 129
42 137
42 144
42 157
42 162
42 166
42 167
42 174
42 176
42 192
42 195
42 196
42 85
43 44
43 47
43 49
43 50
43 51
43 52
43 53
43 55
43 57
43 61
43 63
43 64
43 65
43 66
43 68
43 69
43 71
43 72
43 73
43 74
43 75
43 77
43 79
43 80
43 86
43 87
43 89
43 94
43 95
43 96
43 97
43 99
43 100
43 101
43 102
43 105
43 107
43 108
43 109
43 113
43 116
43 123
43 126
43 131
43 132
43 138
43 139
43 145
43 148
43 149
43 150
43 151
43 154
43 155
43 160
43 168
43 172
43 174
43 176
43 179
43 180
43 181
43 182
43 187
43 189
43 190
43 191
43 199
43 194
44 45
44 46
44 47
44 48
44 49
44 50
44 51
44 52
44 53
44 54
44 55
44 56
44 57
44 58
44 59
44 60
44 61
44 62
44 63
44 64
44 65
44 66
44 67
44 68
44 69
44 71
44 73
44 74
44 75
44 76
44 77
44 78
44 79
44 80
44 81
44 82
44 83
44 84
44 85
44 86
44 87
44 88
44 89
44 91
44 92
44 93
44 95
44 97
44 98
44 102
44 104
44 105
44 106
44 107
44 108
44 110
44 111
44 112
44 113
44 114
44 115
44 117
44 118
44 119
44 120
44 121
44 122
44 123
44 124
44 127
44 129
44 131
44 132
44 133
44 134
44 137
44 139
44 142
44 143
44 146
44 152
44 154
44 155
44 156
44 157
44 164
44 165
44 167
44 171
44 173
44 174
44 180
44 181
44 183
44 184
44 186
44 190
44 191
44 192
44 193
44 194
44 199
44 172
45 46
45 47
45 48
45 49
45 50
45 51
45 52
45 53
45 54
45 55
45 56
45 57
45 58
45 59
45 60
45 61
45 62
45 63
45 64
45 65
45 66
45 67
45 68
45 69
45 70
45 71
45 72
45 74
45 75
45 77
45 79
45 80
45 81
45 82
45 83
45 84
45 85
45 86
45 88
45 89
45 90
45 91
45 92
45 94
45 95
45 98
45 100
45 102
45 104
45 105
45 106
45 108
45 109
45 110
45 111
45 112
45 114
45 115
45 117
45 118
45 119
45 121
45 122
45 125
45 126
45 127
45 130
45 132
45 137
45 138
45 139
45 140
45 142
45 144
45 146
45 150
45 151
45 153
45 156
45 157
45 158
45 161
45 162
45 163
45 164
45 165
45 168
45 170
45 172
45 173
45 174
45 178
45 179
45 184
45 192
45 194
45 197
45 198
45 183
46 47
46 48
46 49
46 50
46 51
46 52
46 53
46 54
46 55
46 56
46 57
46 58
46 59
46 60
46 61
46 62
46 63
46 64
46 65
46 66
46 67
46 68
46 69
46 71
46 72
46 73
46 74
46 75
46 76
46 77
46 79
46 80
46 81
46 82
46 83
46 84
46 85
46 87
46 88
46 89
46 90
46 91
46 92
46 94
46 95
46 96
46 97
46 98
46 100
46 102
46 104
46 105
46 106
46 108
46 109
46 111
46 113
46 115
46 116
46 117
46 118
46 119
46 120
46 122
46 124
46 125
46 126
46 127
46 128
46 129
46 130
46 131
46 132
46 133
46 134
46 135
46 136
46 137
46 138
46 142
46 143
46 145
46 146
46 147
46 148
46 151
46 153
46 156
46 159
46 160
46 161
46 162
46 168
46 171
46 172
46 177
46 178
46 179
46 180
46 184
46 187
46 189
46 190
46 193
46 194
46 196
46 198
47 48
47 49
47 50
47 51
47 52
47 53
47 54
47 55
47 56
47 57
47 58
47 59
47 60
47 61
47 62
47 63
47 64
47 65
47 66
47 67
47 68
47 69
47 70
47 71
47 72
47 75
47 76
47 77
47 78
47 79
47 80
47 81
47 82
47 83
47 85
47 86
47 87
47 88
47 93
47 94
47 96
47 97
47 99
47 100
47 101
47 102
47 103
47 104
47 105
47 106
47 111
47 112
47 114
47 116
47 119
47 120
47 121
47 123
47 124
47 127
47 130
47 132
47 133
47 135
47 136
47 140
47 141
47 142
47 146
47 148
47 149
47 152
47 153
47 154
47 156
47 158
47 159
47 160
47 162
47 167
47 168
47 169
47 171
47 172
47 179
47 181
47 185
47 186
47 187
47 189
47 192
47 193
47 195
47 197
47 198
47 199
48 49
48 50
48 51
48 52
48 53
48 54
48 55
48 56
48 57
48 58
48 59
48 60
48 61
48 62
48 63
48 64
48 65
48 66
48 67
48 68
48 69
48 70
48 71
48 72
48 74
48 75
48 76
48 77
48 78
48 79
48 80
48 81
48 82
48 84
48 85
48 86
48 87
48 88
48 89
48 90
48 94
48 96
48 97
48 99
48 101
48 102
48 103
48 104
48 105
48 114
48 115
48 123
48 124
48 126
48 127
48 129
48 131
48 132
48 133
48 134
48 135
48 139
48 142
48 143
48 144
48 145
48 146
48 147
48 150
48 151
48 153
48 154
48 155
48 156
48 157
48 159
48 160
48 166
48 168
48 172
48 173
48 175
48 178
48 183
48 190
48 194
48 195
48 196
48 197
48 125
48 180
48 181
49 50
49 51
49 52
49 53
49 54
49 55
49 56
49 57
49 58
49 59
49 60
49 61
49 62
49 63
49 64
49 65
49 66
49 67
49 68
49 69
49 70
49 71
49 72
49 73
49 74
49 75
49 76
49 77
49 78
49 79
49 80
49 81
49 82
49 83
49 85
49 86
49 87
49 88
49 89
49 90
49 91
49 92
49 93
49 95
49 96
49 98
49 99
49 101
49 102
49 103
49 104
49 105
49 106
49 107
49 109
49 113
49 115
49 118
49 119
49 122
49 123
49 125
49 127
49 128
49 129
49 130
49 131
49 136
49 137
49 138
49 140
49 141
49 142
49 144
49 145
49 146
49 147
49 149
49 160
49 161
49 162
49 163
49 164
49 165
49 168
49 171
49 176
49 178
49 180
49 184
49 192
49 111
49 158
49 197
50 51
50 52
50 53
50 54
50 55
50 56
50 57
50 58
50 59
50 60
50 61
50 62
50 63
50 64
50 65
50 66
50 67
50 68
50 69
50 70
50 71
50 72
50 73
50 74
50 75
50 77
50 78
50 79
50 80
50 81
50 82
50 83
50 85
50 86
50 87
50 88
50 89
50 90
50 92
50 94
50 96
50 97
50 98
50 99
50 101
50 103
50 104
50 106
50 108
50 109
50 110
50 111
50 113
50 116
50 117
50 118
50 119
50 121
50 122
50 123
50 124
50 125
50 127
50 128
50 129
50 130
50 132
50 134
50 141
50 142
50 143
50 150
50 152
50 154
50 155
50 156
50 162
50 170
50 171
50 175
50 176
50 179
50 180
50 181
50 182
50 183
50 191
50 193
50 194
50 199
51 52
51 53
51 54
51 55
51 56
51 57
51 58
51 59
51 60
51 61
51 62
51 63
51 64
51 65
51 66
51 67
51 68
51 69
51 70
51 72
51 73
51 74
51 78
51 79
51 80
51 81
51 82
51 83
51 84
51 85
51 87
51 88
51 89
51 90
51 92
51 93
51 95
51 96
51 97
51 98
51 99
51 101
51 103
51 104
51 107
51 111
51 112
51 113
51 115
51 117
51 118
51 119
51 120
51 121
51 122
51 123
51 124
51 125
51 126
51 130
51 133
51 137
51 141
51 143
51 145
51 147
51 148
51 152
51 154
51 155
51 157
51 158
51 160
51 163
51 164
51 165
51 166
51 167
51 168
51 170
51 175
51 176
51 184
51 186
51 189
51 190
51 191
51 194
51 192
52 53
52 54
52 55
52 56
52 57
52 58
52 59
52 60
52 61
52 62
52 63
52 64
52 65
52 66
52 67
52 68
52 69
52 70
52 71
52 72
52 73
52 74
52 75
52 76
52 77
52 78
52 79
52 80
52 81
52 82
52 83
52 84
52 85
52 86
52 89
52 93
52 94
52 95
52 96
52 97
52 98
52 99
52 100
52 103
52 104
52 105
52 106
52 107
52 108
52 109
52 110
52 113
52 117
52 120
52 121
52 123
52 124
52 125
52 128
52 129
52 131
52 132
52 133
52 136
52 140
52 149
52 150
52 151
52 154
52 156
52 157
52 159
52 163
52 168
52 169
52 172
52 173
52 177
52 184
52 185
52 187
52 188
52 190
52 194
52 195
52 198
52 199
53 54
53 55
53 56
53 57
53 58
53 59
53 60
53 61
53 62
53 64
53 65
53 66
53 67
53 68
53 69
53 70
53 71
53 72
53 73
53 74
53 75
53 76
53 77
53 78
53 79
53 81
53 82
53 83
53 84
53 86
53 88
53 89
53 90
53 91
53 93
53 94
53 95
53 98
53 99
53 100
53 101
53 105
53 106
53 107
53 109
53 111
53 112
53 113
53 114
53 115
53 119
53 121
53 125
53 128
53 131
53 132
53 133
53 134
53 136
53 138
53 141
53 143
53 144
53 145
53 147
53 149
53 151
53 152
53 157
53 158
53 159
53 162
53 163
53 165
53 168
53 169
53 170
53 171
53 175
53 176
53 181
53 186
53 188
53 195
53 196
53 198
53 185
54 55
54 56
54 57
54 58
54 59
54 60
54 61
54 62
54 63
54 64
54 65
54 66
54 67
54 68
54 70
54 72
54 74
54 75
54 76
54 77
54 78
54 81
54 82
54 85
54 86
54 87
54 89
54 91
54 92
54 94
54 95
54 100
54 102
54 103
54 105
54 106
54 108
54 109
54 110
54 111
54 112
54 118
54 119
54 120
54 122
54 126
54 127
54 128
54 129
54 130
54 131
54 133
54 134
54 137
54 139
54 140
54 141
54 142
54 145
54 147
54 149
54 150
54 152
54 154
54 155
54 157
54 158
54 162
54 163
54 167
54 168
54 175
54 176
54 181
54 186
54 187
54 191
54 193
54 198
54 180
55 56
55 57
55 58
55 59
55 60
55 61
55 62
55 63
55 64
55 65
55 66
55 67
55 68
55 69
55 70
55 72
55 74
55 75
55 77
55 78
55 79
55 82
55 83
55 84
55 85
55 86
55 87
55 88
55 90
55 91
55 92
55 93
55 95
55 96
55 98
55 99
55 100
55 101
55 102
55 103
55 104
55 107
55 109
55 112
55 115
55 118
55 119
55 120
55 121
55 123
55 124
55 125
55 129
55 131
55 135
55 136
55 137
55 138
55 140
55 143
55 146
55 147
55 150
55 151
55 152
55 153
55 154
55 159
55 166
55 168
55 170
55 171
55 177
55 179
55 180
55 181
55 184
55 187
55 188
55 190
55 192
55 194
55 197
55 199
55 106
56 57
56 58
56 59
56 60
56 61
56 62
56 63
56 64
56 65
56 66
56 67
56 68
56 69
56 70
56 71
56 72
56 73
56 74
56 75
56 76
56 77
56 78
56 79
56 80
56 81
56 82
56 83
56 87
56 90
56 91
56 92
56 93
56 95
56 96
56 97
56 99
56 101
56 103
56 105
56 106
56 107
56 108
56 110
56 115
56 116
56 117
56 119
56 120
56 121
56 123
56 124
56 125
56 127
56 129
56 130
56 131
56 136
56 137
56 139
56 142
56 146
56 147
56 150
56 152
56 154
56 156
56 157
56 158
56 160
56 165
56 166
56 170
56 173
56 174
56 179
56 180
56 181
56 183
56 185
56 186
56 187
56 188
56 190
56 198
57 58
57 59
57 60
57 61
57 62
57 63
57 64
57 65
57 66
57 67
57 68
57 69
57 70
57 71
57 72
57 74
57 75
57 76
57 77
57 78
57 79
57 80
57 81
57 83
57 84
57 85
57 86
57 87
57 89
57 94
57 96
57 97
57 100
57 101
57 102
57 106
57 107
57 109
57 111
57 112
57 115
57 117
57 118
57 119
57 123
57 124
57 126
57 127
57 130
57 131
57 133
57 134
57 137
57 139
57 140
57 141
57 142
57 144
57 147
57 148
57 149
57 150
57 153
57 154
57 158
57 159
57 161
57 164
57 166
57 169
57 170
57 172
57 174
57 178
57 179
57 182
57 184
57 190
57 191
57 192
57 194
57 199
58 59
58 60
58 61
58 62
58 63
58 64
58 65
58 66
58 67
58 68
58 69
58 70
58 71
58 72
58 74
58 75
58 76
58 77
58 78
58 79
58 80
58 82
58 83
58 84
58 85
58 86
58 87
58 88
58 89
58 92
58 95
58 96
58 97
58 98
58 99
58 100
58 101
58 102
58 104
58 106
58 108
58 109
58 110
58 111
58 114
58 115
58 116
58 118
58 122
58 123
58 127
58 129
58 130
58 135
58 137
58 139
58 140
58 143
58 145
58 148
58 149
58 151
58 155
58 157
58 161
58 164
58 166
58 168
58 169
58 172
58 173
58 174
58 181
58 182
58 187
58 188
58 189
58 192
58 196
59 60
59 61
59 63
59 64
59 66
59 67
59 68
59 69
59 71
59 72
59 73
59 74
59 75
59 76
59 80
59 81
59 82
59 83
59 84
59 91
59 92
59 93
59 94
59 96
59 100
59 101
59 102
59 104
59 108
59 109
59 111
59 112
59 113
59 114
59 115
59 116
59 120
59 123
59 124
59 126
59 131
59 133
59 134
59 138
59 145
59 146
59 149
59 151
59 153
59 157
59 158
59 163
59 164
59 165
59 171
59 172
59 173
59 176
59 178
59 179
59 180
59 185
59 187
59 190
59 193
59 196
59 197
59 198
60 61
60 62
60 63
60 64
60 65
60 66
60 68
60 69
60 71
60 72
60 73
60 74
60 75
60 76
60 77
60 78
60 79
60 80
60 81
60 84
60 85
60 87
60 88
60 90
60 92
60 93
60 101
60 102
60 103
60 104
60 105
60 106
60 108
60 111
60 113
60 114
60 116
60 122
60 123
60 124
60 125
60 126
60 127
60 128
60 133
60 134
60 135
60 136
60 139
60 140
60 141
60 142
60 144
60 148
60 150
60 155
60 156
60 157
60 159
60 163
60 165
60 168
60 169
60 172
60 173
60 178
60 179
60 180
60 183
60 186
60 187
60 191
60 196
60 198
61 62
61 63
61 64
61 65
61 66
61 67
61 68
61 69
61 70
61 71
61 72
61 73
61 74
61 75
61 77
61 78
61 79
61 80
61 81
61 82
61 83
61 84
61 85
61 86
61 87
61 88
61 89
61 90
61 91
61 92
61 99
61 100
61 101
61 102
61 103
61 104
61 106
61 108
61 109
61 110
61 111
61 112
61 115
61 118
61 121
61 122
61 124
61 125
61 126
61 128
61 132
61 133
61 134
61 136
61 137
61 139
61 140
61 142
61 144
61 145
61 150
61 151
61 153
61 155
61 156
61 157
61 159
61 161
61 165
61 167
61 168
61 169
61 172
61 174
61 177
61 179
61 180
61 181
61 182
61 183
61 184
61 188
61 192
61 193
61 197
61 135
62 63
62 64
62 65
62 66
62 67
62 69
62 71
62 72
62 73
62 75
62 76
62 77
62 79
62 81
62 82
62 87
62 88
62 89
62 90
62 91
62 92
62 94
62 95
62 96
62 97
62 98
62 99
62 100
62 103
62 107
62 110
62 112
62 116
62 117
62 118
62 120
62 121
62 122
62 124
62 125
62 128
62 129
62 130
62 134
62 135
62 136
62 137
62 141
62 142
62 143
62 144
62 145
62 146
62 147
62 153
62 154
62 155
62 158
62 164
62 165
62 166
62 167
62 168
62 171
62 172
62 179
62 182
62 185
62 190
62 194
62 196
63 64
63 65
63 66
63 67
63 68
63 69
63 70
63 72
63 73
63 74
63 76
63 77
63 78
63 79
63 80
63 82
63 84
63 85
63 89
63 91
63 92
63 94
63 95
63 96
63 97
63 100
63 101
63 104
63 105
63 107
63 109
63 110
63 116
63 119
63 120
63 124
63 125
63 127
63 128
63 130
63 131
63 133
63 135
63 136
63 137
63 141
63 146
63 147
63 148
63 152
63 153
63 154
63 157
63 158
63 160
63 163
63 166
63 171
63 172
63 173
63 174
63 175
63 179
63 181
63 186
63 187
63 189
63 190
63 195
63 197
63 198
63 108
63 134
64 65
64 67
64 68
64 69
64 70
64 71
64 72
64 73
64 74
64 75
64 76
64 77
64 79
64 81
64 82
64 83
64 84
64 85
64 86
64 87
64 90
64 91
64 95
64 96
64 97
64 98
64 99
64 101
64 102
64 103
64 106
64 109
64 110
64 112
64 114
64 117
64 118
64 119
64 120
64 121
64 122
64 124
64 125
64 133
64 134
64 135
64 136
64 137
64 144
64 145
64 146
64 147
64 151
64 154
64 155
64 157
64 162
64 163
64 164
64 167
64 169
64 171
64 172
64 173
64 174
64 181
64 182
64 184
64 186
64 187
64 188
64 191
64 192
64 194
64 197
65 66
65 67
65 68
65 69
65 70
65 71
65 72
65 73
65 74
65 75
65 76
65 78
65 80
65 81
65 87
65 89
65 91
65 92
65 94
65 95
65 96
65 97
65 99
65 101
65 102
65 106
65 107
65 109
65 112
65 114
65 115
65 122
65 123
65 124
65 126
65 127
65 128
65 130
65 133
65 134
65 138
65 143
65 145
65 147
65 148
65 149
65 150
65 152
65 153
65 155
65 161
65 162
65 171
65 172
65 173
65 174
65 177
65 178
65 182
65 185
65 191
65 196
65 103
66 68
66 70
66 71
66 72
66 73
66 74
66 75
66 77
66 78
66 79
66 80
66 82
66 83
66 84
66 85
66 88
66 89
66 91
66 93
66 97
66 99
66 100
66 101
66 103
66 104
66 106
66 111
66 113
66 116
66 117
66 118
66 119
66 122
66 125
66 126
66 127
66 128
66 129
66 134
66 135
66 139
66 143
66 147
66 148
66 152
66 155
66 157
66 159
66 160
66 161
66 162
66 163
66 170
66 176
66 178
66 180
66 182
66 191
66 194
66 198
66 199
67 70
67 72
67 73
67 74
67 75
67 77
67 78
67 79
67 81
67 83
67 84
67 85
67 86
67 92
67 94
67 97
67 98
67 99
67 101
67 102
67 104
67 110
67 111
67 120
67 125
67 134
67 137
67 141
67 143
67 145
67 146
67 147
67 151
67 157
67 158
67 159
67 161
67 165
67 166
67 167
67 171
67 175
67 176
67 177
67 181
67 183
67 186
67 189
67 193
67 194
67 199
67 109
67 140
68 69
68 71
68 73
68 76
68 77
68 78
68 81
68 82
68 83
68 85
68 86
68 88
68 89
68 90
68 95
68 102
68 103
68 104
68 107
68 108
68 111
68 115
68 116
68 122
68 125
68 126
68 128
68 130
68 132
68 135
68 136
68 140
68 151
68 159
68 160
68 162
68 165
68 166
68 169
68 171
68 175
68 178
68 183
68 185
68 186
68 194
68 164
68 75
69 70
69 72
69 73
69 74
69 75
69 76
69 81
69 84
69 85
69 88
69 89
69 90
69 91
69 92
69 95
69 99
69 103
69 105
69 108
69 109
69 110
69 111
69 112
69 115
69 118
69 120
69 122
69 125
69 126
69 127
69 130
69 132
69 135
69 138
69 139
69 143
69 146
69 148
69 151
69 153
69 158
69 161
69 178
69 182
69 184
69 189
69 192
69 194
69 196
69 199
70 71
70 72
70 73
70 74
70 75
70 76
70 78
70 80
70 81
70 83
70 85
70 88
70 89
70 90
70 91
70 94
70 97
70 99
70 100
70 105
70 108
70 109
70 111
70 113
70 114
70 115
70 116
70 117
70 119
70 121
70 122
70 123
70 126
70 136
70 137
70 138
70 140
70 141
70 145
70 150
70 152
70 153
70 158
70 160
70 163
70 167
70 170
70 175
70 176
70 178
70 182
70 190
70 191
70 192
70 193
70 196
70 197
71 72
71 73
71 74
71 76
71 77
71 78
71 79
71 80
71 81
71 83
71 84
71 85
71 88
71 89
71 90
71 91
71 93
71 96
71 97
71 98
71 102
71 103
71 105
71 113
71 119
71 120
71 121
71 124
71 126
71 131
71 132
71 135
71 136
71 138
71 139
71 141
71 143
71 149
71 152
71 153
71 155
71 156
71 157
71 158
71 159
71 160
71 163
71 164
71 170
71 171
71 172
71 173
71 180
71 181
71 183
71 187
71 189
71 190
71 191
71 192
71 194
71 195
71 196
71 197
71 134
72 73
72 74
72 75
72 76
72 77
72 78
72 79
72 80
72 82
72 83
72 84
72 85
72 90
72 92
72 93
72 94
72 95
72 96
72 97
72 98
72 101
72 104
72 107
72 110
72 114
72 116
72 129
72 130
72 131
72 132
72 137
72 140
72 141
72 142
72 149
72 151
72 154
72 155
72 156
72 161
72 163
72 164
72 166
72 169
72 170
72 176
72 178
72 180
72 184
72 189
72 193
72 197
72 198
72 199
72 112
73 74
73 75
73 76
73 77
73 80
73 81
73 82
73 83
73 85
73 86
73 87
73 88
73 90
73 91
73 95
73 98
73 99
73 100
73 101
73 103
73 104
73 105
73 106
73 107
73 108
73 109
73 110
73 111
73 112
73 116
73 117
73 119
73 120
73 121
73 122
73 123
73 124
73 126
73 128
73 129
73 130
73 134
73 136
73 137
73 140
73 142
73 143
73 144
73 145
73 146
73 148
73 150
73 151
73 154
73 155
73 157
73 158
73 162
73 166
73 167
73 169
73 171
73 174
73 175
73 181
73 183
73 185
73 186
73 188
73 189
73 190
73 193
73 196
73 199
73 84
73 164
74 75
74 78
74 79
74 80
74 81
74 82
74 83
74 84
74 86
74 88
74 89
74 91
74 92
74 94
74 95
74 96
74 97
74 98
74 100
74 102
74 103
74 105
74 106
74 107
74 113
74 115
74 116
74 117
74 122
74 123
74 127
74 128
74 132
74 136
74 137
74 138
74 139
74 140
74 141
74 143
74 144
74 147
74 148
74 149
74 152
74 154
74 157
74 161
74 168
74 172
74 175
74 176
74 178
74 180
74 182
74 183
74 185
74 186
74 190
74 196
74 197
74 198
74 199
74 90
75 76
75 77
75 82
75 83
75 84
75 86
75 87
75 88
75 91
75 93
75 94
75 95
75 96
75 99
75 101
75 104
75 105
75 106
75 111
75 113
75 114
75 115
75 116
75 121
75 128
75 129
75 130
75 131
75 140
75 141
75 143
75 144
75 147
75 148
75 149
75 153
75 155
75 159
75 165
75 166
75 168
75 169
75 173
75 175
75 178
75 179
75 182
75 183
75 184
75 188
75 189
75 191
75 192
75 193
75 194
76 77
76 78
76 81
76 83
76 84
76 85
76 86
76 87
76 90
76 93
76 94
76 95
76 96
76 97
76 98
76 100
76 101
76 103
76 106
76 107
76 108
76 109
76 111
76 113
76 114
76 116
76 121
76 128
76 129
76 130
76 131
76 133
76 135
76 148
76 149
76 155
76 158
76 159
76 161
76 162
76 163
76 168
76 170
76 174
76 175
76 176
76 178
76 179
76 184
76 190
76 191
76 199
76 89
77 78
77 80
77 81
77 82
77 84
77 86
77 87
77 88
77 89
77 91
77 92
77 93
77 96
77 99
77 101
77 102
77 109
77 110
77 114
77 115
77 119
77 121
77 122
77 123
77 127
77 129
77 132
77 133
77 140
77 143
77 144
77 146
77 147
77 148
77 158
77 164
77 165
77 167
77 170
77 173
77 174
77 176
77 179
77 181
77 184
77 188
77 194
77 196
77 198
77 177
78 79
78 80
78 82
78 83
78 84
78 86
78 87
78 88
78 90
78 92
78 94
78 95
78 96
78 97
78 98
78 101
78 102
78 103
78 104
78 105
78 109
78 110
78 112
78 113
78 115
78 116
78 117
78 121
78 122
78 123
78 127
78 130
78 133
78 134
78 140
78 141
78 142
78 143
78 144
78 145
78 148
78 151
78 163
78 176
78 177
78 178
78 186
78 187
78 193
78 194
78 198
79 80
79 85
79 87
79 89
79 90
79 93
79 94
79 97
79 98
79 99
79 102
79 103
79 105
79 106
79 109
79 110
79 111
79 115
79 116
79 119
79 120
79 123
79 125
79 126
79 127
79 129
79 130
79 131
79 135
79 146
79 160
79 162
79 163
79 165
79 168
79 170
79 172
79 173
79 175
79 182
79 183
79 184
79 190
79 191
79 192
79 198
79 199
79 101
80 81
80 83
80 86
80 88
80 91
80 92
80 93
80 94
80 95
80 96
80 98
80 101
80 103
80 108
80 110
80 111
80 112
80 113
80 114
80 118
80 121
80 123
80 134
80 139
80 141
80 142
80 143
80 144
80 147
80 150
80 151
80 152
80 159
80 162
80 163
80 167
80 169
80 170
80 174
80 176
80 177
80 180
80 182
80 184
80 186
80 187
80 190
80 192
80 196
80 119
81 82
81 87
81 89
81 90
81 92
81 95
81 96
81 98
81 103
81 104
81 107
81 109
81 110
81 114
81 116
81 118
81 120
81 121
81 126
81 127
81 128
81 130
81 131
81 136
81 137
81 139
81 140
81 141
81 145
81 151
81 152
81 155
81 158
81 159
81 161
81 162
81 163
81 166
81 167
81 172
81 179
81 182
81 187
81 188
81 189
82 85
82 87
82 88
82 89
82 90
82 92
82 93
82 94
82 95
82 96
82 97
82 105
82 109
82 114
82 115
82 118
82 121
82 122
82 129
82 132
82 143
82 144
82 145
82 148
82 149
82 152
82 162
82 163
82 167
82 170
82 172
82 174
82 176
82 179
82 181
82 182
82 183
82 185
82 187
82 190
82 193
82 199
82 119
83 84
83 86
83 87
83 88
83 89
83 92
83 93
83 97
83 100
83 101
83 105
83 106
83 107
83 108
83 113
83 114
83 115
83 117
83 120
83 121
83 122
83 124
83 127
83 133
83 136
83 138
83 139
83 142
83 145
83 147
83 149
83 163
83 170
83 172
83 173
83 175
83 177
83 185
83 187
83 194
83 199
84 86
84 90
84 91
84 92
84 93
84 94
84 95
84 98
84 99
84 100
84 101
84 103
84 106
84 107
84 108
84 111
84 112
84 113
84 114
84 116
84 117
84 120
84 124
84 131
84 132
84 134
84 135
84 136
84 137
84 138
84 139
84 144
84 145
84 146
84 149
84 153
84 154
84 155
84 156
84 162
84 166
84 171
84 172
84 173
84 176
84 177
84 185
84 186
84 195
84 197
84 196
85 86
85 87
85 89
85 90
85 94
85 95
85 96
85 97
85 102
85 103
85 106
85 109
85 111
85 117
85 119
85 120
85 121
85 122
85 124
85 127
85 130
85 133
85 134
85 135
85 139
85 143
85 145
85 150
85 160
85 161
85 162
85 168
85 169
85 171
85 182
85 185
85 187
85 189
85 194
85 196
86 87
86 88
86 94
86 97
86 99
86 100
86 102
86 104
86 107
86 113
86 115
86 118
86 120
86 125
86 130
86 134
86 135
86 140
86 141
86 142
86 146
86 149
86 151
86 156
86 158
86 159
86 160
86 162
86 170
86 172
86 174
86 176
86 178
86 183
86 185
86 186
86 189
86 193
86 194
86 196
87 88
87 90
87 91
87 92
87 93
87 95
87 97
87 98
87 105
87 110
87 112
87 113
87 114
87 117
87 122
87 123
87 124
87 125
87 128
87 129
87 130
87 136
87 139
87 144
87 146
87 147
87 148
87 150
87 159
87 165
87 171
87 174
87 177
87 180
87 183
87 184
87 186
87 190
87 191
87 192
87 196
87 197
88 89
88 93
88 95
88 97
88 98
88 102
88 104
88 105
88 106
88 107
88 108
88 110
88 112
88 120
88 126
88 128
88 134
88 135
88 136
88 139
88 140
88 141
88 143
88 147
88 148
88 151
88 152
88 156
88 157
88 164
88 169
88 171
88 172
88 175
88 177
88 179
88 180
88 183
88 185
88 186
88 188
88 194
88 195
88 130
89 91
89 93
89 96
89 97
89 98
89 100
89 101
89 104
89 106
89 107
89 111
89 112
89 113
89 116
89 118
89 119
89 121
89 125
89 126
89 128
89 130
89 131
89 132
89 136
89 137
89 139
89 140
89 142
89 145
89 146
89 148
89 150
89 152
89 154
89 159
89 161
89 162
89 164
89 167
89 170
89 177
89 178
89 185
89 189
89 191
89 198
89 199
90 91
90 92
90 94
90 95
90 96
90 98
90 99
90 100
90 101
90 103
90 105
90 111
90 113
90 115
90 119
90 124
90 126
90 128
90 131
90 134
90 140
90 150
90 154
90 155
90 156
90 157
90 159
90 161
90 162
90 164
90 165
90 167
90 168
90 173
90 174
90 179
90 181
90 184
90 185
90 192
90 193
90 195
90 197
90 146
91 92
91 93
91 99
91 103
91 104
91 105
91 108
91 110
91 113
91 114
91 115
91 116
91 119
91 121
91 122
91 123
91 125
91 126
91 128
91 135
91 138
91 140
91 142
91 145
91 150
91 152
91 153
91 154
91 158
91 159
91 161
91 163
91 171
91 175
91 177
91 180
91 183
91 191
91 193
91 196
91 199
91 179
91 98
92 94
92 96
92 97
92 109
92 111
92 112
92 118
92 125
92 126
92 127
92 132
92 133
92 134
92 135
92 137
92 140
92 142
92 143
92 146
92 148
92 159
92 161
92 165
92 169
92 170
92 173
92 174
92 175
92 177
92 179
92 182
92 186
92 194
92 195
92 197
92 167
93 95
93 96
93 97
93 99
93 100
93 102
93 104
93 107
93 112
93 113
93 117
93 118
93 119
93 126
93 129
93 133
93 139
93 143
93 155
93 156
93 162
93 163
93 165
93 167
93 169
93 176
93 177
93 178
93 186
93 192
93 193
93 194
93 196
93 197
93 159
94 95
94 101
94 102
94 103
94 104
94 106
94 107
94 117
94 120
94 121
94 125
94 126
94 128
94 133
94 134
94 135
94 136
94 139
94 150
94 153
94 155
94 157
94 161
94 167
94 172
94 173
94 174
94 176
94 181
94 184
94 186
94 190
94 195
94 197
95 98
95 99
95 101
95 102
95 105
95 108
95 110
95 112
95 113
95 116
95 118
95 126
95 127
95 133
95 137
95 138
95 139
95 141
95 143
95 145
95 148
95 159
95 162
95 165
95 171
95 173
95 177
95 181
95 186
95 189
95 190
95 193
95 194
95 197
95 188
96 104
96 106
96 107
96 108
96 112
96 113
96 119
96 122
96 125
96 127
96 128
96 129
96 133
96 134
96 138
96 144
96 145
96 151
96 157
96 161
96 165
96 178
96 185
96 188
96 194
96 195
96 198
97 99
97 101
97 103
97 105
97 106
97 107
97 109
97 110
97 111
97 113
97 116
97 119
97 120
97 122
97 123
97 124
97 126
97 129
97 133
97 134
97 138
97 146
97 147
97 148
97 149
97 150
97 151
97 156
97 161
97 163
97 167
97 168
97 169
97 170
97 178
97 179
97 188
97 193
97 196
97 199
97 97
97 142
98 100
98 101
98 102
98 104
98 105
98 106
98 109
98 110
98 112
98 113
98 117
98 122
98 124
98 127
98 129
98 131
98 132
98 133
98 145
98 147
98 158
98 169
98 171
98 180
98 182
98 183
98 188
98 191
98 193
98 195
98 199
99 103
99 108
99 109
99 117
99 122
99 123
99 127
99 128
99 135
99 141
99 146
99 147
99 150
99 151
99 158
99 161
99 167
99 172
99 174
99 175
99 177
99 178
99 179
99 180
99 182
99 184
99 186
99 188
99 190
100 102
100 103
100 104
100 110
100 112
100 114
100 117
100 122
100 129
100 131
100 137
100 138
100 139
100 143
100 147
100 151
100 153
100 158
100 164
100 165
100 166
100 169
100 173
100 174
100 176
100 179
100 180
100 183
100 184
100 185
100 187
100 188
100 191
100 195
100 197
100 198
101 104
101 106
101 107
101 108
101 109
101 113
101 114
101 118
101 120
101 123
101 124
101 125
101 127
101 128
101 133
101 136
101 137
101 138
101 139
101 141
101 143
101 147
101 148
101 152
101 154
101 156
101 157
101 160
101 169
101 170
101 172
101 177
101 179
101 182
101 188
101 189
101 193
102 103
102 107
102 110
102 111
102 112
102 114
102 117
102 118
102 123
102 124
102 127
102 131
102 139
102 146
102 152
102 153
102 154
102 160
102 161
102 162
102 163
102 175
102 176
102 177
102 181
102 184
102 187
102 192
102 196
102 197
102 199
103 108
103 115
103 116
103 118
103 125
103 129
103 137
103 138
103 140
103 143
103 144
103 145
103 148
103 156
103 160
103 161
103 162
103 164
103 166
103 172
103 174
103 180
103 184
103 191
103 194
103 197
103 198
104 105
104 107
104 108
104 109
104 112
104 114
104 116
104 118
104 119
104 120
104 123
104 124
104 125
104 129
104 131
104 132
104 134
104 137
104 139
104 140
104 143
104 145
104 147
104 148
104 151
104 160
104 161
104 162
104 164
104 165
104 169
104 170
104 179
104 183
104 193
104 197
105 110
105 111
105 113
105 114
105 121
105 126
105 127
105 129
105 130
105 133
105 136
105 137
105 141
105 146
105 147
105 151
105 152
105 154
105 159
105 161
105 168
105 173
105 176
105 186
105 188
105 193
105 194
105 198
105 199
106 107
106 112
106 113
106 115
106 117
106 121
106 122
106 128
106 130
106 131
106 132
106 136
106 137
106 140
106 141
106 147
106 149
106 150
106 151
106 153
106 160
106 161
106 164
106 175
106 188
106 193
107 109
107 110
107 112
107 113
107 114
107 116
107 121
107 126
107 135
107 148
107 151
107 152
107 157
107 159
107 162
107 165
107 167
107 177
107 180
107 183
107 188
107 193
107 197
108 109
108 113
108 114
108 118
108 125
108 129
108 133
108 140
108 156
108 157
108 158
108 159
108 170
108 177
108 179
108 181
108 183
108 199
109 110
109 113
109 114
109 115
109 117
109 127
109 134
109 136
109 138
109 140
109 147
109 148
109 150
109 154
109 156
109 161
109 168
109 169
109 171
109 173
109 180
109 191
109 194
110 113
110 116
110 121
110 126
110 129
110 130
110 135
110 139
110 140
110 142
110 143
110 144
110 146
110 148
110 149
110 154
110 155
110 160
110 163
110 164
110 166
110 169
110 172
110 174
110 176
110 187
110 191
110 193
110 161
110 114
111 112
111 117
111 121
111 123
111 125
111 126
111 128
111 132
111 134
111 137
111 138
111 141
111 143
111 150
111 151
111 152
111 166
111 167
111 172
111 181
111 184
111 187
111 188
111 189
111 191
111 194
111 196
112 116
112 117
112 118
112 121
112 122
112 123
112 128
112 130
112 135
112 141
112 144
112 153
112 156
112 159
112 160
112 162
112 163
112 165
112 167
112 173
112 174
112 175
112 176
112 192
112 194
112 196
113 114
113 117
113 118
113 119
113 125
113 129
113 131
113 132
113 134
113 138
113 139
113 142
113 143
113 150
113 151
113 153
113 163
113 167
113 168
113 175
113 177
113 180
113 185
114 117
114 118
114 119
114 120
114 124
114 125
114 126
114 128
114 132
114 134
114 136
114 138
114 148
114 151
114 152
114 153
114 156
114 159
114 160
114 162
114 169
114 171
114 173
114 180
114 182
114 185
114 191
114 192
114 193
114 194
114 195
114 199
115 117
115 119
115 123
115 125
115 126
115 133
115 135
115 144
115 148
115 149
115 151
115 154
115 164
115 166
115 168
115 177
115 178
115 182
115 185
115 189
115 190
115 194
115 195
116 118
116 121
116 125
116 126
116 130
116 133
116 137
116 142
116 145
116 146
116 147
116 149
116 153
116 155
116 157
116 162
116 164
116 167
116 171
116 176
116 178
116 180
116 181
116 182
116 183
116 186
116 190
116 193
117 118
117 119
117 120
117 125
117 128
117 130
117 131
117 132
117 142
117 147
117 149
117 152
117 154
117 156
117 168
117 175
117 182
117 192
117 198
118 125
118 126
118 128
118 129
118 135
118 136
118 137
118 138
118 144
118 146
118 149
118 153
118 159
118 163
118 167
118 169
118 170
118 171
118 179
118 181
118 184
118 185
118 131
119 123
119 128
119 138
119 139
119 145
119 149
119 157
119 160
119 174
119 181
119 183
119 184
119 187
119 188
119 197
120 130
120 134
120 135
120 140
120 141
120 142
120 150
120 165
120 167
120 169
120 173
120 174
120 177
120 178
120 180
120 181
120 188
120 191
120 193
120 151
120 194
121 123
121 124
121 128
121 129
121 130
121 133
121 135
121 138
121 149
121 153
121 157
121 163
121 164
121 165
121 166
121 169
121 177
121 182
121 183
122 126
122 139
122 142
122 146
122 147
122 151
122 155
122 169
122 175
122 178
122 179
122 182
122 185
122 190
122 196
122 198
123 131
123 141
123 142
123 144
123 158
123 166
123 168
123 171
123 189
123 192
123 157
124 135
124 149
124 161
124 174
124 175
124 189
124 190
124 194
124 195
125 131
125 132
125 133
125 134
125 135
125 137
125 140
125 142
125 144
125 145
125 146
125 147
125 151
125 152
125 160
125 165
125 171
125 179
125 186
125 197
126 127
126 130
126 131
126 136
126 137
126 139
126 140
126 142
126 146
126 147
126 150
126 152
126 158
126 159
126 160
126 161
126 168
126 170
126 176
126 177
126 183
126 184
126 185
126 191
126 192
126 197
126 129
127 147
127 149
127 151
127 155
127 163
127 167
127 170
127 171
127 172
127 173
127 174
127 177
127 178
127 180
127 181
127 192
127 197
127 198
128 132
128 136
128 139
128 144
128 147
128 151
128 156
128 157
128 159
128 163
128 165
128 170
128 185
128 191
128 192
128 197
128 199
129 132
129 135
129 142
129 145
129 158
129 161
129 164
129 166
129 174
129 183
129 187
129 197
129 198
129 175
130 131
130 133
130 134
130 137
130 142
130 145
130 149
130 153
130 157
130 158
130 162
130 176
130 182
130 183
131 138
131 151
131 152
131 154
131 155
131 156
131 159
131 162
131 164
131 169
131 178
131 182
131 187
132 139
132 154
132 155
132 163
132 164
132 174
132 188
132 198
132 180
133 136
133 139
133 149
133 171
133 174
133 180
133 187
133 189
133 195
133 198
134 138
134 147
134 150
134 153
134 160
134 161
134 164
134 166
134 169
134 170
134 175
134 194
134 195
134 196
134 198
135 136
135 137
135 139
135 141
135 152
135 153
135 170
135 174
135 190
135 194
135 195
136 141
136 152
136 154
136 155
136 156
136 161
136 162
136 165
136 167
136 169
136 170
136 173
136 174
136 177
136 187
136 188
136 191
136 199
136 185
137 141
137 142
137 147
137 152
137 156
137 159
137 162
137 164
137 168
137 177
137 178
137 182
137 189
137 195
137 197
137 199
137 188
138 139
138 144
138 145
138 148
138 152
138 155
138 162
138 166
138 172
138 182
138 184
138 185
138 190
138 197
138 142
139 147
139 150
139 158
139 160
139 171
139 179
139 190
139 191
139 164
140 149
140 154
140 157
140 160
140 164
140 171
140 173
140 192
140 199
141 142
141 143
141 156
141 166
141 167
141 173
141 179
142 146
142 153
142 154
142 164
142 174
142 185
142 198
142 186
143 154
143 161
143 186
143 190
143 191
143 192
144 148
144 150
144 156
144 165
144 167
144 168
144 172
144 175
144 182
144 183
144 186
144 187
144 189
144 191
144 192
145 149
145 160
145 166
145 172
145 185
146 153
146 154
146 158
146 160
146 161
146 169
146 175
146 182
146 186
146 190
146 195
146 199
147 148
147 156
147 157
147 160
147 165
147 170
147 171
147 173
147 179
147 184
147 195
148 155
148 157
148 162
148 178
148 184
148 189
148 191
148 195
148 199
149 151
149 152
149 153
149 156
149 158
149 162
149 167
149 168
149 169
149 177
149 183
149 185
149 186
149 193
149 194
149 195
149 198
150 154
150 156
150 166
150 169
150 172
150 175
150 177
150 182
150 184
150 185
150 189
151 155
151 158
151 159
151 160
151 161
151 165
151 171
151 176
151 182
151 183
151 187
152 153
152 154
152 155
152 160
152 163
152 164
152 171
152 175
152 177
153 155
153 158
153 160
153 164
153 169
153 170
153 177
153 178
153 186
153 195
153 196
154 155
154 162
154 168
154 175
154 182
154 187
154 188
154 189
154 192
155 157
155 163
155 166
155 176
155 179
155 183
155 171
156 164
156 196
156 197
157 161
157 169
157 172
157 175
157 177
157 178
157 184
157 188
157 192
158 160
158 161
158 170
158 175
158 181
158 187
158 189
158 192
158 193
158 195
158 197
159 169
159 174
159 177
159 190
159 197
159 198
159 171
160 161
160 163
160 167
160 170
160 176
160 192
160 193
161 165
161 171
161 182
161 189
161 198
162 166
162 168
162 171
162 174
162 192
162 199
163 164
163 178
163 181
163 185
163 187
163 188
163 189
163 190
163 197
164 168
164 170
164 179
164 189
164 194
164 196
164 199
165 173
165 199
166 169
166 176
166 185
166 186
166 193
167 172
167 175
167 180
167 181
167 187
167 199
168 187
168 193
168 195
169 181
169 182
169 184
169 193
169 194
170 189
170 195
170 196
171 179
171 181
171 183
171 190
171 191
172 179
172 197
173 175
173 177
173 182
173 188
173 190
173 192
173 195
173 196
173 198
174 186
174 198
175 181
175 182
175 183
175 184
175 191
175 196
175 197
176 184
176 185
176 188
176 195
177 184
177 188
177 193
177 195
177 197
177 198
178 196
179 185
179 188
179 186
180 186
181 183
181 199
182 184
183 185
183 198
184 187
184 188
185 192
185 196
186 191
186 195
186 197
187 199
188 193
188 197
189 197
189 198
190 198
192 193
192 199
195 198