891490459
6
200
1213
0 6
0 7
0 8
0 10
0 11
0 18
0 34
0 35
0 38
0 41
0 43
0 51
0 52
0 60
0 94
0 98
0 110
0 123
0 126
0 136
0 143
0 181
0 22
1 6
1 7
1 8
1 9
1 11
1 12
1 15
1 16
1 20
1 21
1 22
1 24
1 27
1 28
1 32
1 37
1 38
1 40
1 42
1 43
1 54
1 57
1 59
1 63
1 65
1 67
1 68
1 101
1 103
1 113
1 115
1 121
1 125
1 128
1 143
1 153
1 159
1 164
1 170
1 176
1 186
2 6
2 7
2 8
2 9
2 10
2 11
2 12
2 14
2 20
2 23
2 29
2 31
2 38
2 42
2 43
2 69
2 70
2 80
2 83
2 90
2 99
2 101
2 119
2 129
2 135
2 142
2 143
2 152
2 153
2 168
2 175
2 196
2 199
2 27
2 141
2 39
3 6
3 7
3 17
3 22
3 29
3 30
3 37
3 48
3 51
3 65
3 66
3 82
3 105
3 184
4 6
4 8
4 12
4 26
4 45
4 174
5 6
5 7
5 9
5 13
5 14
5 56
5 83
5 92
5 108
5 109
5 113
5 139
5 149
5 173
5 195
5 146
6 7
6 8
6 9
6 10
6 11
6 13
6 22
6 25
6 26
6 32
6 39
6 40
6 45
6 47
6 53
6 57
6 66
6 72
6 79
6 99
6 103
6 114
6 134
6 140
6 149
6 150
6 157
6 158
6 169
6 171
6 173
6 180
6 182
7 8
7 9
7 10
7 11
7 13
7 14
7 15
7 16
7 17
7 18
7 19
7 25
7 35
7 39
7 43
7 46
7 48
7 58
7 62
7 67
7 76
7 77
7 80
7 81
7 82
7 84
7 90
7 93
7 107
7 117
7 122
7 123
7 130
7 146
7 158
7 161
7 167
7 170
7 172
7 174
7 183
7 188
7 189
7 193
8 9
8 10
8 11
8 12
8 13
8 14
8 15
8 16
8 17
8 18
8 20
8 21
8 22
8 27
8 28
8 30
8 32
8 33
8 37
8 38
8 49
8 55
8 58
8 60
8 64
8 72
8 78
8 89
8 90
8 98
8 104
8 108
8 113
8 116
8 121
8 126
8 128
8 142
8 145
8 158
8 161
8 162
8 165
8 169
8 189
8 194
8 195
8 196
8 197
9 10
9 17
9 18
9 19
9 20
9 24
9 27
9 28
9 32
9 35
9 41
9 44
9 45
9 46
9 55
9 62
9 69
9 76
9 77
9 79
9 100
9 105
9 107
9 137
9 139
9 141
9 166
9 187
9 196
9 197
9 193
10 12
10 13
10 14
10 15
10 16
10 17
10 19
10 20
10 23
10 24
10 29
10 30
10 32
10 56
10 57
10 60
10 62
10 64
10 68
10 74
10 77
10 82
10 86
10 93
10 112
10 119
10 126
10 129
10 131
10 136
10 140
10 146
10 150
10 156
10 160
10 166
10 176
10 192
10 193
10 197
10 184
11 12
11 13
11 16
11 18
11 19
11 21
11 23
11 25
11 27
11 34
11 41
11 48
11 51
11 65
11 76
11 80
11 83
11 91
11 100
11 105
11 124
11 130
11 137
11 150
11 153
11 169
11 198
11 106
11 69
11 96
12 14
12 15
12 19
12 24
12 25
12 30
12 33
12 35
12 38
12 50
12 66
12 69
12 73
12 74
12 88
12 89
12 103
12 120
12 127
12 135
12 138
12 159
12 162
12 168
12 172
12 175
12 184
12 198
12 199
12 152
13 15
13 17
13 18
13 19
13 22
13 23
13 30
13 31
13 36
13 40
13 41
13 42
13 49
13 54
13 59
13 64
13 68
13 74
13 79
13 85
13 87
13 88
13 92
13 99
13 100
13 101
13 108
13 114
13 117
13 131
13 136
13 137
13 139
13 144
13 160
13 165
13 176
13 177
13 185
13 188
13 189
13 192
13 103
14 26
14 32
14 39
14 62
14 81
14 89
14 112
14 114
14 124
14 155
15 16
15 26
15 31
15 33
15 36
15 37
15 39
15 42
15 47
15 69
15 71
15 81
15 84
15 88
15 110
15 115
15 120
15 133
15 137
15 139
15 142
15 145
15 151
15 154
15 155
15 167
15 182
15 184
15 95
16 20
16 21
16 24
16 25
16 31
16 51
16 56
16 63
16 75
16 94
16 96
16 115
16 117
16 123
16 159
16 176
16 183
16 73
17 23
17 33
17 49
17 62
17 65
17 74
17 85
17 108
17 117
17 134
17 137
17 148
17 158
17 159
17 165
17 172
17 179
17 188
18 29
18 35
18 50
18 51
18 73
18 87
18 102
18 112
18 127
18 132
18 134
18 139
18 175
18 178
18 197
19 21
19 22
19 30
19 40
19 46
19 50
19 72
19 87
19 90
19 95
19 96
19 102
19 147
19 179
19 165
20 21
20 24
20 27
20 34
20 36
20 38
20 40
20 44
20 53
20 54
20 57
20 60
20 61
20 63
20 66
20 76
20 79
20 83
20 86
20 102
20 107
20 109
20 149
20 162
20 165
20 197
20 90
21 26
21 31
21 35
21 46
21 50
21 52
21 53
21 69
21 71
21 77
21 79
21 82
21 87
21 94
21 98
21 105
21 106
21 127
21 135
21 144
21 147
21 150
21 163
21 181
21 189
21 191
21 29
22 23
22 26
22 27
22 28
22 31
22 36
22 43
22 45
22 46
22 52
22 55
22 58
22 70
22 71
22 112
22 118
22 121
22 122
22 130
22 133
22 134
22 152
22 158
22 172
22 185
23 28
23 34
23 39
23 44
23 54
23 56
23 59
23 75
23 81
23 92
23 95
23 125
23 137
23 159
23 171
23 174
23 175
23 192
23 170
23 172
24 25
24 29
24 36
24 41
24 43
24 47
24 52
24 61
24 79
24 80
24 82
24 86
24 97
24 106
24 107
24 108
24 111
24 118
24 121
24 126
24 131
24 135
24 142
24 146
24 177
24 186
24 191
24 32
25 28
25 33
25 34
25 37
25 41
25 42
25 55
25 70
25 72
25 85
25 109
25 128
26 44
26 50
26 68
26 84
26 88
26 104
26 132
26 149
26 180
26 190
26 196
26 167
27 45
27 53
27 58
27 101
27 108
27 116
27 122
27 149
27 156
27 168
27 185
27 31
27 184
28 29
28 58
28 65
28 66
28 70
28 78
28 91
28 103
28 111
28 132
28 157
29 36
29 46
29 49
29 60
29 71
29 75
29 87
29 107
29 117
29 129
29 40
30 47
30 48
30 50
30 57
30 78
30 105
30 119
30 135
30 157
30 49
31 34
31 40
31 59
31 66
31 73
31 127
31 140
31 179
31 183
31 190
31 196
31 198
32 33
32 37
32 47
32 54
32 57
32 73
32 85
32 97
32 133
32 148
32 151
32 170
32 177
32 186
32 187
32 189
32 101
33 47
33 48
33 49
33 51
33 53
33 56
33 63
33 86
33 95
33 98
33 115
33 121
33 125
33 131
33 141
33 147
33 44
34 55
34 56
34 59
34 78
34 80
34 111
34 114
34 129
34 191
34 199
35 71
35 118
36 39
36 44
36 52
36 61
36 78
36 83
36 91
36 111
36 131
36 148
37 48
37 75
38 61
38 91
38 158
38 161
38 163
38 173
38 174
38 187
39 72
39 87
39 97
39 147
39 179
40 42
40 44
40 45
40 63
40 73
40 84
40 93
40 161
41 59
41 60
41 76
41 173
41 180
42 141
43 49
43 96
43 116
43 129
44 62
44 67
44 100
44 101
44 144
44 157
44 160
44 182
44 193
44 139
45 69
46 55
46 81
46 84
46 92
46 102
46 164
47 82
48 54
48 61
48 93
48 106
48 142
48 145
48 195
48 149
48 49
49 67
49 85
49 97
49 110
49 119
49 140
49 148
49 168
49 104
50 104
50 147
50 195
51 52
51 53
51 64
51 114
51 116
51 136
51 148
51 156
51 175
51 178
52 63
52 81
52 98
52 99
52 120
52 130
52 91
53 73
53 77
53 88
53 105
53 131
53 118
54 74
54 92
54 96
54 115
54 157
54 171
54 159
55 58
55 95
55 102
55 119
55 145
55 146
55 167
56 151
57 61
57 64
57 72
57 76
57 91
57 103
57 123
57 126
57 141
57 144
57 153
57 164
57 166
57 186
58 70
58 71
58 97
58 100
58 102
58 122
58 124
58 157
58 160
58 172
59 65
59 67
59 90
59 103
59 134
60 68
60 93
61 64
61 98
61 113
61 122
61 160
61 173
62 67
62 68
62 70
62 74
62 86
62 89
62 94
62 97
62 112
62 133
62 145
62 162
62 163
62 195
62 197
62 184
63 141
63 179
63 191
64 80
64 91
64 193
65 75
65 128
65 163
66 75
66 77
66 89
66 124
66 132
66 136
68 88
68 126
68 138
68 152
68 162
68 163
68 164
69 84
69 85
69 86
69 111
69 119
69 138
70 89
70 93
70 99
70 109
70 138
70 176
71 151
71 174
72 78
72 94
72 96
72 99
72 113
72 144
72 162
72 112
73 95
73 100
73 106
73 120
73 130
73 132
73 145
73 188
74 101
74 134
74 192
74 194
74 145
75 92
75 154
75 156
75 174
75 198
76 120
76 147
76 160
76 191
76 135
78 90
78 107
78 127
78 171
78 144
79 83
79 116
79 159
79 172
80 150
80 111
81 110
81 118
81 125
82 109
82 132
82 184
83 124
83 146
83 165
83 175
83 193
84 125
85 95
85 150
85 154
85 191
86 110
86 152
86 164
86 188
87 151
87 190
88 104
88 115
90 94
90 104
90 149
90 151
91 104
91 120
91 123
91 141
92 179
92 186
93 135
93 194
94 96
94 106
94 112
94 117
94 156
94 193
95 109
95 113
97 106
97 163
98 133
98 138
98 185
99 153
99 176
100 128
101 121
101 142
103 125
103 165
104 118
104 152
104 192
105 116
105 123
105 152
105 161
105 171
105 177
105 178
105 198
107 110
108 170
109 111
109 170
109 184
110 127
110 143
110 146
111 114
111 140
111 154
111 188
112 143
112 190
112 164
113 155
113 167
114 177
114 184
115 133
115 141
116 144
116 155
116 182
116 186
117 118
117 129
117 139
118 122
118 182
118 185
118 199
120 192
121 124
121 168
122 184
123 154
124 134
124 140
124 180
124 181
124 173
125 128
125 136
126 138
126 170
126 181
127 198
128 130
128 155
128 167
128 187
129 195
129 163
130 164
131 173
133 153
133 161
133 169
134 166
134 167
134 169
135 154
136 148
137 168
138 143
139 189
140 155
142 182
142 168
143 169
143 177
144 166
144 178
144 181
144 183
146 178
151 187
151 198
152 156
152 190
153 183
155 187
155 194
156 178
157 199
158 166
158 180
158 183
163 185
164 194
165 180
167 171
176 194
177 181
184 196
187 190
192 193
196 199