961924073
41
200
6621
0 41
0 42
0 43
0 44
0 45
0 46
0 47
0 48
0 49
0 51
0 52
0 53
0 54
0 57
0 58
0 60
0 61
0 62
0 63
0 65
0 68
0 70
0 71
0 73
0 75
0 77
0 83
0 84
0 85
0 88
0 95
0 96
0 98
0 104
0 105
0 108
0 110
0 111
0 115
0 120
0 124
0 128
0 132
0 135
0 138
0 142
0 153
0 154
0 157
0 159
0 163
0 164
0 172
0 176
0 178
0 182
0 188
0 195
1 41
1 42
1 43
1 44
1 45
1 46
1 47
1 48
1 49
1 50
1 52
1 53
1 55
1 56
1 59
1 61
1 65
1 72
1 73
1 74
1 78
1 85
1 87
1 88
1 91
1 96
1 99
1 104
1 106
1 108
1 111
1 114
1 116
1 118
1 126
1 138
1 141
1 142
1 159
1 162
1 163
1 171
1 173
1 175
1 180
1 182
1 39
2 41
2 42
2 43
2 44
2 45
2 46
2 47
2 48
2 49
2 50
2 51
2 52
2 53
2 54
2 55
2 58
2 60
2 62
2 63
2 64
2 65
2 66
2 68
2 70
2 71
2 72
2 74
2 80
2 81
2 85
2 101
2 102
2 104
2 105
2 106
2 109
2 110
2 113
2 114
2 117
2 118
2 120
2 126
2 134
2 136
2 143
2 144
2 156
2 158
2 161
2 170
2 171
2 172
2 176
2 181
2 182
2 183
2 190
2 192
2 194
2 198
2 199
3 41
3 42
3 43
3 44
3 45
3 46
3 47
3 48
3 49
3 50
3 51
3 52
3 54
3 55
3 56
3 57
3 58
3 59
3 60
3 61
3 63
3 64
3 70
3 75
3 77
3 80
3 83
3 84
3 87
3 89
3 91
3 93
3 107
3 123
3 125
3 134
3 140
3 143
3 153
3 164
3 173
3 176
3 182
3 187
3 197
4 41
4 42
4 44
4 46
4 47
4 48
4 50
4 51
4 52
4 53
4 54
4 55
4 56
4 57
4 61
4 62
4 63
4 68
4 71
4 72
4 75
4 79
4 81
4 83
4 86
4 88
4 91
4 94
4 101
4 103
4 104
4 105
4 106
4 110
4 112
4 114
4 115
4 125
4 131
4 136
4 139
4 149
4 150
4 156
4 158
4 163
4 165
4 167
4 175
4 176
4 177
4 180
4 182
4 190
4 193
4 195
4 198
4 77
4 166
5 41
5 42
5 43
5 44
5 45
5 46
5 47
5 48
5 49
5 50
5 51
5 53
5 54
5 55
5 56
5 57
5 60
5 63
5 66
5 69
5 71
5 73
5 74
5 76
5 77
5 79
5 81
5 82
5 85
5 91
5 97
5 98
5 102
5 124
5 126
5 132
5 138
5 139
5 165
5 168
5 181
5 182
5 195
6 41
6 42
6 43
6 44
6 47
6 48
6 49
6 50
6 51
6 52
6 53
6 54
6 56
6 58
6 61
6 65
6 69
6 71
6 72
6 73
6 76
6 78
6 80
6 81
6 82
6 87
6 88
6 100
6 103
6 119
6 123
6 142
6 167
6 173
6 192
7 41
7 42
7 43
7 44
7 45
7 46
7 47
7 48
7 49
7 50
7 51
7 52
7 53
7 54
7 55
7 57
7 59
7 60
7 61
7 63
7 64
7 65
7 69
7 71
7 72
7 75
7 77
7 81
7 83
7 87
7 88
7 90
7 94
7 98
7 101
7 102
7 104
7 106
7 107
7 114
7 118
7 123
7 127
7 128
7 135
7 138
7 146
7 147
7 148
7 150
7 152
7 153
7 154
7 159
7 161
7 162
7 164
7 165
7 169
7 178
7 181
7 183
7 189
7 191
7 196
7 198
7 199
7 11
7 25
8 41
8 42
8 43
8 45
8 46
8 47
8 48
8 49
8 50
8 52
8 53
8 55
8 56
8 57
8 60
8 61
8 62
8 66
8 67
8 68
8 71
8 73
8 76
8 80
8 81
8 84
8 85
8 92
8 93
8 96
8 100
8 103
8 106
8 108
8 116
8 118
8 119
8 125
8 129
8 146
8 147
8 154
8 160
8 161
8 162
8 164
8 165
8 166
8 171
8 175
8 183
8 188
8 192
9 41
9 42
9 43
9 44
9 45
9 46
9 49
9 50
9 51
9 52
9 53
9 54
9 56
9 57
9 58
9 62
9 64
9 65
9 68
9 69
9 71
9 72
9 73
9 74
9 77
9 79
9 84
9 86
9 87
9 91
9 92
9 93
9 94
9 99
9 100
9 101
9 102
9 109
9 112
9 118
9 120
9 122
9 129
9 131
9 140
9 143
9 145
9 146
9 147
9 148
9 152
9 156
9 159
9 170
9 184
9 188
9 190
9 196
9 36
10 41
10 42
10 43
10 44
10 45
10 46
10 47
10 48
10 49
10 50
10 55
10 58
10 61
10 62
10 63
10 65
10 67
10 69
10 70
10 71
10 75
10 76
10 78
10 79
10 84
10 89
10 91
10 92
10 98
10 99
10 105
10 112
10 113
10 117
10 120
10 124
10 127
10 129
10 135
10 137
10 138
10 142
10 144
10 149
10 156
10 157
10 159
10 166
10 169
10 170
10 174
10 176
10 180
10 184
10 188
10 192
10 193
10 87
11 41
11 42
11 43
11 44
11 45
11 46
11 47
11 48
11 49
11 50
11 51
11 52
11 53
11 54
11 55
11 56
11 57
11 58
11 59
11 60
11 63
11 64
11 66
11 67
11 68
11 70
11 72
11 75
11 76
11 79
11 80
11 81
11 82
11 86
11 88
11 89
11 90
11 95
11 102
11 107
11 109
11 116
11 118
11 121
11 124
11 125
11 128
11 137
11 139
11 142
11 153
11 164
11 165
11 167
11 168
11 171
11 177
11 178
11 187
11 189
11 194
11 11
11 16
12 41
12 42
12 43
12 44
12 45
12 46
12 50
12 51
12 53
12 54
12 55
12 56
12 60
12 61
12 62
12 63
12 64
12 65
12 66
12 67
12 69
12 70
12 73
12 74
12 76
12 77
12 79
12 80
12 81
12 82
12 83
12 85
12 86
12 87
12 88
12 89
12 90
12 94
12 95
12 98
12 100
12 102
12 103
12 104
12 108
12 114
12 117
12 121
12 125
12 130
12 133
12 139
12 145
12 149
12 160
12 162
12 171
12 172
12 183
12 184
12 195
12 196
12 199
13 41
13 42
13 43
13 44
13 45
13 46
13 47
13 48
13 50
13 51
13 52
13 53
13 54
13 57
13 58
13 59
13 60
13 61
13 63
13 64
13 67
13 68
13 69
13 72
13 82
13 84
13 86
13 96
13 98
13 100
13 110
13 111
13 118
13 123
13 128
13 129
13 130
13 137
13 138
13 145
13 149
13 157
13 159
13 160
13 169
13 173
13 176
13 187
13 193
13 194
13 198
13 199
13 66
14 41
14 42
14 43
14 44
14 45
14 46
14 47
14 48
14 49
14 50
14 51
14 52
14 53
14 54
14 55
14 56
14 57
14 58
14 59
14 60
14 61
14 62
14 63
14 64
14 65
14 70
14 71
14 72
14 76
14 79
14 81
14 84
14 89
14 91
14 96
14 97
14 105
14 106
14 108
14 117
14 119
14 124
14 134
14 136
14 141
14 143
14 151
14 152
14 153
14 157
14 162
14 163
14 168
14 179
14 197
15 41
15 42
15 43
15 44
15 45
15 46
15 47
15 48
15 51
15 52
15 53
15 54
15 55
15 56
15 57
15 59
15 60
15 62
15 64
15 65
15 67
15 70
15 72
15 77
15 80
15 82
15 89
15 93
15 94
15 95
15 103
15 108
15 113
15 122
15 123
15 131
15 135
15 140
15 143
15 145
15 149
15 179
15 186
15 81
16 41
16 42
16 43
16 44
16 45
16 46
16 48
16 49
16 50
16 55
16 56
16 59
16 60
16 61
16 62
16 67
16 68
16 69
16 70
16 77
16 85
16 89
16 91
16 93
16 95
16 131
16 135
16 146
16 152
16 155
16 158
16 163
16 164
16 181
16 187
16 196
16 197
17 41
17 42
17 43
17 44
17 45
17 46
17 47
17 48
17 49
17 50
17 52
17 53
17 54
17 55
17 56
17 57
17 60
17 61
17 62
17 66
17 69
17 72
17 74
17 77
17 78
17 80
17 83
17 84
17 85
17 90
17 94
17 95
17 97
17 100
17 101
17 103
17 105
17 106
17 110
17 112
17 113
17 121
17 127
17 130
17 131
17 132
17 134
17 141
17 143
17 144
17 147
17 157
17 159
17 165
17 168
17 172
17 174
17 177
17 184
17 185
17 194
17 68
17 63
18 41
18 42
18 43
18 44
18 45
18 46
18 48
18 49
18 50
18 53
18 54
18 55
18 57
18 58
18 59
18 60
18 62
18 64
18 67
18 69
18 70
18 74
18 75
18 79
18 81
18 88
18 90
18 92
18 100
18 101
18 104
18 105
18 110
18 117
18 120
18 128
18 135
18 144
18 152
18 164
18 173
18 178
18 179
18 193
18 194
18 196
18 197
18 111
18 142
19 41
19 42
19 43
19 44
19 46
19 47
19 48
19 49
19 51
19 53
19 54
19 55
19 56
19 57
19 59
19 62
19 63
19 64
19 66
19 68
19 69
19 71
19 72
19 73
19 76
19 78
19 79
19 81
19 85
19 87
19 89
19 90
19 92
19 93
19 94
19 97
19 98
19 99
19 101
19 108
19 111
19 114
19 116
19 119
19 127
19 128
19 130
19 134
19 146
19 148
19 152
19 155
19 156
19 166
19 170
19 189
19 195
19 96
20 41
20 42
20 43
20 44
20 45
20 46
20 47
20 48
20 51
20 54
20 56
20 58
20 59
20 61
20 64
20 65
20 66
20 67
20 69
20 70
20 83
20 84
20 87
20 89
20 92
20 96
20 97
20 98
20 99
20 103
20 105
20 111
20 112
20 113
20 116
20 121
20 122
20 124
20 125
20 131
20 132
20 150
20 151
20 158
20 160
20 161
20 165
20 173
20 176
20 181
20 184
20 198
20 145
21 41
21 42
21 43
21 44
21 45
21 46
21 47
21 48
21 50
21 51
21 52
21 55
21 56
21 57
21 58
21 63
21 64
21 66
21 67
21 70
21 71
21 72
21 73
21 74
21 75
21 78
21 81
21 86
21 87
21 91
21 92
21 97
21 98
21 100
21 101
21 102
21 104
21 107
21 109
21 111
21 113
21 114
21 115
21 117
21 118
21 120
21 125
21 126
21 131
21 132
21 133
21 134
21 137
21 148
21 149
21 161
21 163
21 165
21 174
21 182
21 190
21 194
21 178
22 41
22 42
22 44
22 45
22 46
22 47
22 49
22 50
22 51
22 54
22 56
22 57
22 58
22 59
22 61
22 62
22 64
22 65
22 66
22 67
22 68
22 69
22 70
22 71
22 75
22 77
22 78
22 80
22 84
22 86
22 87
22 88
22 89
22 90
22 91
22 92
22 93
22 94
22 95
22 100
22 102
22 105
22 106
22 109
22 110
22 115
22 119
22 120
22 122
22 123
22 126
22 127
22 139
22 149
22 151
22 159
22 161
22 165
22 176
22 177
22 180
22 189
22 198
22 190
23 41
23 42
23 43
23 44
23 45
23 46
23 47
23 48
23 49
23 50
23 51
23 52
23 55
23 56
23 58
23 59
23 60
23 62
23 63
23 64
23 67
23 68
23 71
23 75
23 79
23 82
23 89
23 90
23 92
23 93
23 94
23 97
23 103
23 105
23 106
23 107
23 110
23 120
23 125
23 133
23 134
23 138
23 141
23 144
23 151
23 152
23 157
23 159
23 160
23 161
23 164
23 165
23 188
23 194
24 41
24 42
24 43
24 44
24 49
24 50
24 52
24 54
24 55
24 56
24 59
24 60
24 61
24 67
24 69
24 76
24 78
24 79
24 81
24 85
24 88
24 90
24 93
24 97
24 103
24 104
24 110
24 114
24 126
24 132
24 140
24 146
24 150
24 157
24 160
24 163
24 165
24 167
24 187
24 188
25 41
25 42
25 43
25 44
25 45
25 46
25 47
25 48
25 49
25 51
25 52
25 53
25 54
25 55
25 56
25 57
25 58
25 59
25 60
25 61
25 62
25 63
25 66
25 67
25 68
25 70
25 71
25 78
25 80
25 83
25 87
25 89
25 90
25 96
25 97
25 103
25 111
25 115
25 117
25 120
25 122
25 129
25 131
25 141
25 155
25 172
25 176
25 177
25 182
25 183
25 188
25 189
25 191
25 193
26 41
26 43
26 45
26 47
26 48
26 49
26 51
26 52
26 53
26 54
26 57
26 59
26 60
26 61
26 62
26 66
26 76
26 82
26 84
26 85
26 86
26 87
26 89
26 96
26 109
26 110
26 111
26 125
26 127
26 128
26 133
26 137
26 141
26 143
26 152
26 154
26 155
26 160
26 163
26 175
26 179
26 181
26 182
26 188
27 41
27 42
27 43
27 44
27 45
27 46
27 47
27 48
27 49
27 50
27 51
27 53
27 54
27 55
27 56
27 57
27 58
27 60
27 61
27 78
27 79
27 80
27 81
27 86
27 87
27 90
27 92
27 93
27 95
27 99
27 112
27 115
27 116
27 120
27 121
27 123
27 153
27 174
27 183
27 184
27 190
27 191
27 196
27 198
27 142
28 41
28 42
28 43
28 44
28 45
28 47
28 48
28 49
28 52
28 61
28 64
28 65
28 67
28 74
28 79
28 80
28 84
28 100
28 102
28 103
28 116
28 127
28 137
28 148
28 160
28 171
28 51
29 41
29 42
29 43
29 44
29 45
29 46
29 47
29 48
29 49
29 50
29 52
29 53
29 54
29 55
29 56
29 57
29 58
29 59
29 62
29 65
29 66
29 72
29 73
29 74
29 77
29 80
29 82
29 88
29 89
29 93
29 96
29 98
29 107
29 109
29 111
29 116
29 117
29 122
29 124
29 125
29 127
29 129
29 130
29 132
29 140
29 158
29 162
29 163
29 167
29 173
29 181
29 191
29 193
29 196
29 68
29 79
30 41
30 42
30 43
30 44
30 45
30 46
30 47
30 48
30 49
30 50
30 51
30 53
30 55
30 56
30 57
30 58
30 59
30 60
30 63
30 64
30 65
30 69
30 77
30 81
30 82
30 86
30 88
30 90
30 91
30 92
30 94
30 98
30 99
30 101
30 102
30 109
30 112
30 122
30 141
30 148
30 149
30 154
30 157
30 158
30 159
30 160
30 165
30 167
30 171
30 173
30 182
30 183
30 185
30 187
30 190
30 199
31 41
31 42
31 43
31 45
31 46
31 47
31 49
31 50
31 51
31 52
31 53
31 64
31 67
31 68
31 70
31 73
31 74
31 80
31 85
31 86
31 100
31 107
31 109
31 114
31 115
31 121
31 122
31 124
31 125
31 127
31 130
31 132
31 134
31 139
31 150
31 152
31 155
31 162
31 167
31 170
31 173
31 177
31 180
31 186
31 171
32 41
32 42
32 43
32 44
32 45
32 46
32 47
32 48
32 49
32 51
32 52
32 53
32 54
32 55
32 56
32 60
32 61
32 62
32 64
32 65
32 68
32 69
32 71
32 72
32 73
32 75
32 78
32 79
32 81
32 83
32 87
32 90
32 91
32 92
32 96
32 100
32 102
32 105
32 111
32 123
32 125
32 129
32 132
32 136
32 142
32 145
32 147
32 164
32 168
32 169
32 172
32 177
32 180
32 189
32 195
32 199
32 59
33 41
33 42
33 43
33 44
33 45
33 46
33 47
33 49
33 50
33 51
33 57
33 59
33 62
33 64
33 65
33 67
33 68
33 81
33 82
33 86
33 88
33 91
33 97
33 98
33 103
33 104
33 108
33 119
33 123
33 130
33 144
33 146
33 148
33 149
33 154
33 160
33 171
33 180
33 185
33 193
33 196
33 198
34 41
34 42
34 43
34 44
34 45
34 46
34 47
34 48
34 49
34 50
34 51
34 52
34 55
34 56
34 57
34 58
34 60
34 61
34 62
34 66
34 68
34 71
34 72
34 74
34 75
34 77
34 78
34 82
34 91
34 94
34 96
34 99
34 101
34 102
34 103
34 105
34 107
34 109
34 111
34 116
34 120
34 125
34 127
34 136
34 138
34 161
34 162
34 164
34 167
34 170
34 187
34 191
34 193
34 169
35 41
35 42
35 43
35 44
35 45
35 46
35 47
35 48
35 50
35 52
35 53
35 55
35 58
35 59
35 61
35 62
35 63
35 65
35 66
35 70
35 71
35 72
35 75
35 80
35 83
35 88
35 93
35 97
35 100
35 117
35 118
35 126
35 127
35 138
35 155
35 156
35 162
35 171
35 174
35 179
35 183
35 186
35 197
35 199
36 41
36 42
36 43
36 44
36 45
36 46
36 47
36 48
36 49
36 50
36 51
36 52
36 53
36 54
36 57
36 58
36 59
36 61
36 63
36 68
36 69
36 71
36 74
36 75
36 79
36 86
36 87
36 89
36 94
36 96
36 97
36 99
36 102
36 109
36 121
36 122
36 125
36 126
36 133
36 136
36 145
36 151
36 156
36 158
36 170
36 174
36 180
36 192
36 197
37 41
37 42
37 43
37 44
37 45
37 51
37 52
37 58
37 62
37 63
37 75
37 88
37 91
37 101
37 102
37 103
37 105
37 107
37 128
37 130
37 138
37 139
37 147
37 152
37 168
37 175
37 177
37 170
38 41
38 42
38 43
38 44
38 45
38 46
38 47
38 48
38 49
38 50
38 51
38 52
38 53
38 54
38 56
38 58
38 59
38 62
38 63
38 65
38 66
38 69
38 73
38 76
38 78
38 85
38 89
38 90
38 92
38 94
38 95
38 97
38 100
38 101
38 102
38 104
38 108
38 115
38 122
38 124
38 131
38 138
38 140
38 142
38 150
38 154
38 156
38 164
38 165
38 168
38 189
38 193
38 195
38 87
38 107
38 128
39 41
39 42
39 43
39 44
39 45
39 46
39 47
39 48
39 49
39 50
39 51
39 52
39 53
39 54
39 58
39 59
39 61
39 66
39 67
39 74
39 76
39 77
39 81
39 84
39 85
39 86
39 88
39 92
39 101
39 103
39 105
39 108
39 112
39 116
39 120
39 121
39 125
39 126
39 128
39 139
39 140
39 146
39 150
39 153
39 154
39 155
39 165
39 172
39 176
39 178
39 179
39 196
39 145
39 197
40 41
40 42
40 43
40 44
40 45
40 46
40 47
40 48
40 49
40 50
40 51
40 52
40 53
40 54
40 55
40 57
40 58
40 59
40 61
40 62
40 65
40 66
40 68
40 69
40 70
40 74
40 75
40 77
40 79
40 81
40 82
40 83
40 85
40 96
40 97
40 110
40 112
40 114
40 118
40 129
40 133
40 140
40 145
40 146
40 147
40 149
40 153
40 154
40 156
40 164
40 165
40 171
40 173
40 182
40 186
40 189
40 190
40 193
40 195
40 199
41 42
41 43
41 44
41 45
41 46
41 47
41 48
41 49
41 50
41 51
41 52
41 53
41 54
41 55
41 56
41 57
41 58
41 59
41 60
41 61
41 62
41 63
41 64
41 65
41 66
41 67
41 68
41 69
41 70
41 71
41 72
41 73
41 74
41 75
41 76
41 77
41 78
41 79
41 80
41 82
41 83
41 84
41 85
41 86
41 87
41 89
41 91
41 93
41 94
41 96
41 98
41 99
41 100
41 101
41 102
41 104
41 105
41 107
41 109
41 110
41 112
41 113
41 114
41 115
41 116
41 117
41 119
41 121
41 125
41 126
41 127
41 129
41 130
41 131
41 132
41 133
41 134
41 136
41 138
41 139
41 140
41 141
41 147
41 148
41 149
41 151
41 152
41 154
41 155
41 156
41 158
41 159
41 162
41 165
41 168
41 169
41 170
41 171
41 173
41 174
41 175
41 177
41 178
41 180
41 182
41 185
41 186
41 188
41 189
41 191
41 193
41 195
41 135
41 196
42 43
42 44
42 45
42 46
42 47
42 48
42 49
42 50
42 51
42 52
42 53
42 54
42 55
42 56
42 57
42 58
42 59
42 60
42 61
42 62
42 63
42 64
42 65
42 66
42 67
42 68
42 69
42 73
42 74
42 75
42 76
42 78
42 79
42 80
42 82
42 83
42 84
42 85
42 86
42 90
42 91
42 93
42 95
42 98
42 100
42 103
42 104
42 105
42 106
42 109
42 111
42 112
42 113
42 114
42 115
42 116
42 119
42 121
42 122
42 123
42 124
42 127
42 129
42 132
42 133
42 134
42 138
42 141
42 143
42 145
42 150
42 151
42 152
42 154
42 159
42 160
42 162
42 163
42 165
42 167
42 168
42 173
42 174
42 180
42 186
42 187
42 188
42 189
42 191
42 192
42 193
42 175
43 44
43 45
43 46
43 47
43 48
43 49
43 50
43 51
43 52
43 53
43 54
43 55
43 56
43 57
43 58
43 59
43 60
43 62
43 63
43 64
43 65
43 66
43 67
43 68
43 69
43 70
43 71
43 72
43 73
43 74
43 75
43 77
43 78
43 79
43 80
43 81
43 82
43 83
43 84
43 85
43 86
43 88
43 89
43 90
43 91
43 92
43 93
43 97
43 99
43 100
43 101
43 102
43 103
43 104
43 105
43 108
43 109
43 110
43 112
43 114
43 115
43 117
43 118
43 123
43 125
43 127
43 128
43 129
43 130
43 131
43 132
43 134
43 135
43 138
43 140
43 141
43 142
43 145
43 146
43 147
43 149
43 151
43 155
43 160
43 161
43 163
43 164
43 165
43 168
43 170
43 172
43 173
43 174
43 176
43 177
43 180
43 181
43 182
43 185
43 188
43 190
43 192
43 198
43 199
43 111
44 45
44 46
44 47
44 48
44 49
44 50
44 51
44 52
44 53
44 54
44 55
44 56
44 57
44 58
44 59
44 60
44 61
44 62
44 63
44 64
44 65
44 66
44 67
44 68
44 69
44 70
44 72
44 73
44 74
44 75
44 76
44 77
44 78
44 80
44 81
44 82
44 83
44 84
44 85
44 87
44 88
44 89
44 90
44 93
44 94
44 95
44 96
44 98
44 100
44 102
44 104
44 106
44 107
44 108
44 109
44 110
44 111
44 114
44 115
44 116
44 117
44 118
44 120
44 123
44 125
44 134
44 137
44 141
44 145
44 146
44 147
44 154
44 157
44 159
44 161
44 162
44 163
44 164
44 165
44 166
44 168
44 170
44 172
44 174
44 175
44 179
44 182
44 185
44 186
44 188
44 189
44 194
44 195
44 197
44 198
44 71
44 131
45 46
45 47
45 48
45 49
45 50
45 51
45 52
45 53
45 54
45 55
45 56
45 57
45 58
45 59
45 60
45 61
45 62
45 63
45 64
45 65
45 66
45 67
45 68
45 71
45 72
45 73
45 74
45 76
45 77
45 78
45 81
45 83
45 84
45 85
45 86
45 87
45 89
45 90
45 91
45 92
45 94
45 97
45 98
45 99
45 100
45 101
45 102
45 103
45 104
45 105
45 106
45 107
45 108
45 110
45 111
45 112
45 113
45 114
45 116
45 117
45 119
45 120
45 121
45 122
45 124
45 127
45 128
45 129
45 130
45 132
45 135
45 137
45 139
45 141
45 149
45 152
45 153
45 155
45 156
45 161
45 163
45 167
45 168
45 169
45 170
45 171
45 172
45 176
45 177
45 179
45 185
45 186
45 194
45 196
45 198
45 199
46 47
46 48
46 49
46 50
46 51
46 52
46 53
46 54
46 55
46 56
46 57
46 58
46 60
46 61
46 63
46 64
46 65
46 66
46 67
46 69
46 70
46 71
46 72
46 73
46 74
46 76
46 77
46 78
46 79
46 80
46 81
46 82
46 83
46 84
46 85
46 88
46 89
46 90
46 91
46 93
46 94
46 95
46 96
46 97
46 98
46 99
46 100
46 101
46 103
46 104
46 106
46 107
46 109
46 110
46 111
46 112
46 113
46 115
46 117
46 119
46 123
46 124
46 125
46 126
46 127
46 128
46 129
46 130
46 131
46 134
46 139
46 141
46 148
46 152
46 153
46 158
46 160
46 161
46 164
46 165
46 166
46 168
46 174
46 175
46 178
46 179
46 180
46 183
46 185
46 186
46 187
46 192
46 196
46 199
46 108
46 120
47 48
47 49
47 50
47 51
47 52
47 53
47 54
47 55
47 56
47 57
47 58
47 59
47 60
47 61
47 62
47 63
47 65
47 66
47 67
47 68
47 69
47 70
47 71
47 72
47 74
47 76
47 77
47 78
47 79
47 80
47 83
47 84
47 85
47 86
47 87
47 88
47 89
47 93
47 95
47 96
47 97
47 98
47 99
47 100
47 101
47 103
47 104
47 106
47 107
47 108
47 109
47 110
47 112
47 113
47 117
47 118
47 120
47 124
47 128
47 130
47 133
47 137
47 138
47 140
47 141
47 142
47 148
47 150
47 151
47 152
47 153
47 156
47 158
47 159
47 163
47 164
47 166
47 168
47 169
47 170
47 173
47 176
47 178
47 180
47 181
47 182
47 186
47 194
47 198
47 199
47 129
48 49
48 50
48 51
48 52
48 53
48 54
48 55
48 56
48 57
48 58
48 59
48 60
48 61
48 62
48 63
48 64
48 65
48 66
48 67
48 68
48 69
48 70
48 71
48 72
48 74
48 75
48 76
48 77
48 82
48 83
48 86
48 89
48 91
48 93
48 94
48 95
48 96
48 100
48 101
48 105
48 106
48 110
48 114
48 115
48 116
48 118
48 121
48 122
48 128
48 129
48 131
48 134
48 135
48 136
48 137
48 140
48 141
48 142
48 143
48 144
48 146
48 151
48 153
48 155
48 158
48 159
48 160
48 161
48 162
48 164
48 167
48 169
48 171
48 176
48 177
48 182
48 183
48 186
48 189
48 191
48 192
48 193
48 199
48 90
49 50
49 51
49 52
49 53
49 54
49 55
49 56
49 57
49 58
49 59
49 60
49 61
49 62
49 63
49 64
49 65
49 66
49 67
49 68
49 69
49 71
49 72
49 73
49 74
49 75
49 76
49 77
49 78
49 79
49 80
49 81
49 82
49 85
49 86
49 88
49 92
49 95
49 97
49 98
49 99
49 101
49 102
49 104
49 105
49 106
49 107
49 108
49 109
49 110
49 113
49 114
49 115
49 116
49 117
49 118
49 123
49 124
49 125
49 128
49 131
49 133
49 134
49 135
49 136
49 139
49 142
49 143
49 145
49 146
49 147
49 148
49 150
49 154
49 156
49 157
49 161
49 167
49 169
49 171
49 172
49 174
49 175
49 180
49 185
49 187
49 189
49 190
49 192
49 194
49 197
50 51
50 52
50 53
50 54
50 55
50 56
50 57
50 58
50 59
50 60
50 61
50 62
50 63
50 64
50 65
50 66
50 67
50 69
50 70
50 71
50 72
50 74
50 75
50 76
50 77
50 78
50 83
50 84
50 86
50 87
50 89
50 91
50 92
50 94
50 95
50 98
50 99
50 100
50 104
50 106
50 107
50 108
50 109
50 111
50 114
50 116
50 117
50 120
50 123
50 124
50 127
50 129
50 135
50 137
50 138
50 140
50 141
50 143
50 145
50 148
50 157
50 160
50 161
50 162
50 165
50 166
50 167
50 168
50 170
50 173
50 179
50 180
50 184
50 187
50 188
50 190
50 196
50 197
50 198
50 175
50 177
50 195
51 52
51 53
51 54
51 55
51 56
51 57
51 59
51 60
51 62
51 64
51 65
51 66
51 67
51 69
51 70
51 72
51 73
51 75
51 76
51 77
51 78
51 79
51 81
51 83
51 84
51 86
51 87
51 91
51 94
51 95
51 97
51 99
51 100
51 101
51 106
51 107
51 108
51 112
51 114
51 115
51 116
51 117
51 122
51 124
51 125
51 129
51 130
51 135
51 136
51 138
51 139
51 140
51 143
51 145
51 146
51 148
51 151
51 153
51 157
51 159
51 160
51 164
51 169
51 170
51 171
51 172
51 177
51 178
51 181
51 183
51 184
51 190
51 192
51 193
51 194
51 195
51 197
51 121
52 53
52 54
52 55
52 56
52 57
52 58
52 59
52 60
52 63
52 64
52 66
52 67
52 72
52 73
52 75
52 76
52 77
52 78
52 79
52 80
52 81
52 82
52 83
52 84
52 85
52 87
52 90
52 91
52 92
52 94
52 95
52 96
52 98
52 99
52 102
52 107
52 109
52 111
52 112
52 116
52 119
52 121
52 123
52 127
52 128
52 130
52 132
52 134
52 137
52 138
52 145
52 146
52 147
52 150
52 151
52 155
52 156
52 158
52 159
52 164
52 165
52 168
52 169
52 175
52 179
52 180
52 183
52 185
52 188
52 189
52 192
52 194
52 199
53 54
53 55
53 56
53 57
53 58
53 59
53 60
53 61
53 63
53 64
53 65
53 66
53 68
53 69
53 70
53 71
53 72
53 73
53 75
53 77
53 78
53 80
53 81
53 82
53 83
53 85
53 86
53 87
53 88
53 91
53 92
53 93
53 94
53 95
53 97
53 98
53 99
53 101
53 104
53 105
53 106
53 107
53 108
53 109
53 110
53 112
53 113
53 115
53 117
53 120
53 122
53 126
53 131
53 133
53 134
53 135
53 137
53 139
53 140
53 141
53 142
53 144
53 147
53 148
53 151
53 155
53 157
53 159
53 160
53 161
53 163
53 164
53 168
53 170
53 173
53 174
53 175
53 177
53 183
53 186
53 188
53 189
53 190
53 191
53 193
53 195
53 197
53 198
53 199
53 192
54 55
54 56
54 57
54 58
54 59
54 60
54 61
54 62
54 63
54 64
54 65
54 66
54 68
54 70
54 71
54 72
54 73
54 74
54 75
54 76
54 77
54 78
54 79
54 80
54 81
54 82
54 83
54 86
54 88
54 90
54 92
54 93
54 94
54 97
54 99
54 107
54 108
54 109
54 110
54 111
54 112
54 113
54 114
54 121
54 128
54 131
54 133
54 135
54 138
54 139
54 141
54 150
54 151
54 156
54 157
54 159
54 176
54 178
54 179
54 182
54 186
54 189
54 192
54 193
54 115
54 158
55 56
55 57
55 58
55 59
55 60
55 61
55 62
55 63
55 64
55 65
55 66
55 67
55 68
55 69
55 70
55 71
55 72
55 73
55 74
55 76
55 77
55 78
55 79
55 80
55 81
55 82
55 83
55 85
55 87
55 89
55 90
55 92
55 93
55 95
55 96
55 98
55 99
55 100
55 101
55 102
55 108
55 109
55 112
55 114
55 121
55 123
55 129
55 134
55 138
55 139
55 140
55 141
55 143
55 146
55 150
55 152
55 154
55 157
55 158
55 160
55 164
55 169
55 170
55 171
55 172
55 173
55 177
55 179
55 180
55 181
55 182
55 195
55 196
55 197
55 198
55 199
55 122
55 116
56 57
56 58
56 59
56 60
56 62
56 63
56 65
56 66
56 67
56 68
56 69
56 70
56 71
56 72
56 73
56 74
56 75
56 76
56 77
56 78
56 80
56 82
56 83
56 84
56 87
56 88
56 91
56 92
56 93
56 94
56 95
56 96
56 98
56 99
56 102
56 103
56 105
56 106
56 108
56 110
56 112
56 113
56 116
56 117
56 119
56 120
56 121
56 122
56 130
56 133
56 134
56 135
56 139
56 142
56 147
56 151
56 165
56 166
56 167
56 169
56 170
56 172
56 174
56 179
56 181
56 183
56 191
56 195
56 79
57 58
57 59
57 60
57 61
57 62
57 63
57 64
57 65
57 66
57 67
57 68
57 69
57 70
57 73
57 75
57 76
57 79
57 80
57 81
57 82
57 85
57 86
57 87
57 88
57 90
57 93
57 94
57 95
57 96
57 99
57 100
57 101
57 102
57 104
57 105
57 106
57 110
57 111
57 113
57 114
57 116
57 118
57 122
57 123
57 125
57 127
57 128
57 131
57 136
57 140
57 144
57 149
57 150
57 152
57 154
57 160
57 161
57 163
57 168
57 174
57 175
57 176
57 178
57 180
57 181
57 186
57 191
57 194
57 199
57 97
58 59
58 60
58 61
58 63
58 64
58 65
58 66
58 67
58 68
58 69
58 70
58 71
58 72
58 73
58 74
58 75
58 76
58 77
58 78
58 80
58 81
58 82
58 83
58 84
58 85
58 86
58 90
58 91
58 92
58 93
58 95
58 96
58 97
58 98
58 99
58 100
58 101
58 102
58 103
58 106
58 107
58 108
58 110
58 112
58 115
58 116
58 118
58 119
58 120
58 122
58 124
58 128
58 130
58 132
58 133
58 135
58 136
58 137
58 141
58 142
58 145
58 146
58 147
58 152
58 154
58 155
58 158
58 160
58 163
58 167
58 169
58 171
58 179
58 180
58 187
58 189
58 192
58 193
58 194
58 195
58 196
58 114
59 60
59 62
59 63
59 64
59 67
59 68
59 69
59 70
59 71
59 73
59 75
59 76
59 79
59 81
59 84
59 85
59 86
59 87
59 88
59 89
59 90
59 91
59 97
59 100
59 101
59 102
59 104
59 105
59 107
59 112
59 113
59 114
59 115
59 119
59 120
59 121
59 123
59 127
59 129
59 130
59 132
59 135
59 136
59 142
59 144
59 147
59 149
59 152
59 155
59 158
59 161
59 162
59 165
59 168
59 173
59 179
59 182
59 188
59 190
59 193
59 197
59 198
60 61
60 62
60 63
60 64
60 66
60 67
60 68
60 69
60 70
60 71
60 72
60 73
60 74
60 75
60 76
60 78
60 79
60 82
60 83
60 87
60 88
60 90
60 91
60 92
60 94
60 95
60 98
60 100
60 101
60 102
60 104
60 105
60 109
60 110
60 111
60 115
60 118
60 121
60 124
60 126
60 127
60 129
60 132
60 133
60 134
60 137
60 139
60 140
60 142
60 143
60 144
60 149
60 150
60 152
60 154
60 156
60 157
60 160
60 161
60 163
60 166
60 172
60 174
60 175
60 178
60 181
60 182
60 186
60 187
60 188
60 189
60 190
60 192
60 194
60 153
61 63
61 64
61 65
61 66
61 67
61 68
61 69
61 71
61 72
61 73
61 74
61 77
61 79
61 80
61 81
61 82
61 84
61 85
61 86
61 87
61 88
61 89
61 92
61 93
61 95
61 97
61 102
61 104
61 109
61 110
61 111
61 114
61 115
61 119
61 122
61 125
61 126
61 133
61 134
61 135
61 143
61 144
61 145
61 148
61 152
61 153
61 155
61 169
61 172
61 176
61 177
61 182
61 186
61 191
61 193
61 197
61 198
61 123
61 154
62 63
62 64
62 65
62 67
62 68
62 69
62 70
62 72
62 73
62 74
62 75
62 76
62 77
62 78
62 79
62 80
62 82
62 83
62 84
62 85
62 88
62 89
62 90
62 91
62 95
62 98
62 100
62 101
62 103
62 104
62 105
62 109
62 110
62 112
62 116
62 117
62 120
62 122
62 123
62 124
62 125
62 127
62 131
62 132
62 133
62 136
62 137
62 138
62 139
62 142
62 143
62 145
62 146
62 147
62 148
62 149
62 152
62 154
62 155
62 157
62 163
62 169
62 171
62 176
62 180
62 185
62 190
62 191
62 194
62 196
62 198
62 151
63 64
63 65
63 66
63 68
63 70
63 71
63 72
63 74
63 76
63 77
63 78
63 79
63 80
63 81
63 82
63 83
63 84
63 89
63 90
63 91
63 92
63 93
63 96
63 97
63 98
63 99
63 102
63 103
63 106
63 107
63 108
63 112
63 115
63 116
63 117
63 120
63 125
63 130
63 131
63 132
63 133
63 134
63 135
63 137
63 138
63 140
63 143
63 144
63 145
63 146
63 147
63 155
63 156
63 161
63 163
63 165
63 166
63 169
63 174
63 177
63 178
63 179
63 182
63 183
63 187
63 191
63 193
63 198
64 65
64 66
64 67
64 68
64 69
64 70
64 71
64 72
64 73
64 74
64 75
64 76
64 77
64 79
64 84
64 86
64 88
64 89
64 90
64 91
64 93
64 95
64 97
64 99
64 100
64 106
64 108
64 111
64 112
64 116
64 121
64 122
64 125
64 130
64 133
64 137
64 139
64 140
64 142
64 144
64 146
64 147
64 155
64 156
64 157
64 159
64 161
64 171
64 173
64 176
64 183
64 184
64 186
64 188
64 190
64 192
64 195
64 196
64 199
64 197
65 66
65 67
65 68
65 69
65 70
65 73
65 78
65 80
65 82
65 84
65 87
65 88
65 89
65 91
65 93
65 95
65 97
65 99
65 102
65 103
65 107
65 108
65 119
65 123
65 126
65 130
65 131
65 133
65 137
65 138
65 143
65 151
65 152
65 154
65 160
65 164
65 172
65 179
65 181
65 184
65 186
65 189
65 191
65 195
65 196
66 67
66 68
66 69
66 70
66 71
66 72
66 73
66 74
66 75
66 76
66 77
66 81
66 82
66 85
66 86
66 87
66 88
66 91
66 93
66 94
66 95
66 96
66 97
66 99
66 101
66 104
66 105
66 107
66 110
66 111
66 112
66 113
66 115
66 118
66 123
66 124
66 125
66 126
66 129
66 130
66 131
66 134
66 139
66 142
66 143
66 144
66 147
66 150
66 151
66 152
66 153
66 158
66 163
66 166
66 171
66 174
66 175
66 178
66 179
66 183
66 184
66 187
66 192
66 196
67 68
67 70
67 71
67 73
67 74
67 75
67 78
67 80
67 81
67 84
67 85
67 88
67 89
67 91
67 92
67 93
67 94
67 95
67 98
67 103
67 108
67 111
67 113
67 117
67 118
67 121
67 123
67 124
67 127
67 128
67 129
67 131
67 132
67 134
67 135
67 136
67 141
67 142
67 144
67 146
67 147
67 149
67 150
67 155
67 156
67 157
67 158
67 162
67 163
67 164
67 165
67 168
67 171
67 173
67 174
67 175
67 199
68 70
68 71
68 72
68 73
68 74
68 77
68 78
68 79
68 82
68 84
68 86
68 88
68 93
68 94
68 95
68 96
68 97
68 102
68 103
68 106
68 107
68 111
68 113
68 115
68 116
68 117
68 121
68 123
68 126
68 134
68 135
68 136
68 138
68 142
68 143
68 144
68 145
68 146
68 147
68 148
68 154
68 155
68 156
68 157
68 164
68 166
68 168
68 171
68 173
68 178
68 180
68 181
68 184
68 187
68 188
68 189
68 194
68 196
68 197
68 198
68 199
68 165
69 70
69 73
69 75
69 76
69 77
69 78
69 79
69 82
69 83
69 86
69 87
69 89
69 91
69 95
69 96
69 97
69 98
69 100
69 103
69 109
69 110
69 113
69 115
69 117
69 118
69 121
69 123
69 127
69 129
69 133
69 137
69 139
69 141
69 144
69 147
69 149
69 150
69 151
69 153
69 154
69 155
69 156
69 157
69 158
69 166
69 168
69 175
69 176
69 178
69 181
69 184
69 195
69 196
69 199
69 136
70 71
70 72
70 73
70 74
70 75
70 76
70 78
70 79
70 80
70 83
70 84
70 86
70 91
70 92
70 93
70 98
70 99
70 101
70 102
70 105
70 107
70 108
70 110
70 111
70 112
70 115
70 118
70 120
70 121
70 122
70 124
70 129
70 136
70 140
70 148
70 152
70 156
70 157
70 161
70 165
70 166
70 172
70 174
70 175
70 177
70 181
70 183
70 187
70 189
70 193
70 196
71 73
71 74
71 75
71 76
71 77
71 78
71 79
71 80
71 83
71 85
71 87
71 90
71 92
71 93
71 98
71 99
71 111
71 114
71 118
71 120
71 121
71 122
71 124
71 126
71 129
71 134
71 135
71 139
71 143
71 144
71 147
71 152
71 154
71 156
71 157
71 167
71 174
71 181
71 186
71 187
71 190
71 191
71 195
71 198
72 73
72 74
72 75
72 76
72 77
72 78
72 80
72 81
72 82
72 89
72 92
72 93
72 94
72 95
72 96
72 100
72 101
72 103
72 105
72 107
72 109
72 112
72 114
72 117
72 118
72 119
72 120
72 124
72 125
72 126
72 127
72 128
72 129
72 131
72 132
72 133
72 138
72 141
72 142
72 145
72 149
72 155
72 158
72 166
72 170
72 172
72 173
72 177
72 178
72 179
72 183
72 185
72 186
72 193
72 195
72 199
72 171
72 86
73 74
73 76
73 78
73 79
73 80
73 81
73 82
73 83
73 84
73 87
73 93
73 94
73 96
73 98
73 101
73 105
73 115
73 119
73 121
73 123
73 124
73 126
73 131
73 136
73 137
73 141
73 147
73 153
73 154
73 155
73 156
73 158
73 167
73 168
73 170
73 171
73 175
73 176
73 183
73 187
73 199
73 190
74 75
74 76
74 77
74 80
74 83
74 86
74 88
74 93
74 96
74 97
74 98
74 102
74 103
74 104
74 107
74 108
74 109
74 110
74 111
74 112
74 113
74 114
74 115
74 119
74 120
74 122
74 123
74 125
74 130
74 133
74 134
74 137
74 138
74 139
74 143
74 147
74 148
74 149
74 150
74 151
74 153
74 156
74 158
74 159
74 165
74 166
74 167
74 168
74 178
74 179
74 181
74 182
74 183
74 188
74 197
74 198
74 199
74 94
75 76
75 78
75 79
75 80
75 81
75 84
75 86
75 88
75 90
75 91
75 92
75 94
75 95
75 96
75 97
75 98
75 104
75 108
75 109
75 111
75 112
75 114
75 117
75 119
75 121
75 122
75 125
75 126
75 128
75 130
75 131
75 134
75 136
75 140
75 143
75 144
75 145
75 148
75 151
75 159
75 161
75 162
75 169
75 172
75 177
75 181
75 182
75 185
75 186
75 190
75 199
75 124
76 80
76 81
76 83
76 84
76 85
76 86
76 87
76 90
76 91
76 94
76 97
76 99
76 100
76 101
76 102
76 108
76 110
76 114
76 119
76 120
76 123
76 128
76 129
76 130
76 136
76 140
76 141
76 146
76 147
76 148
76 151
76 154
76 161
76 162
76 167
76 169
76 172
76 174
76 177
76 183
76 188
76 189
76 195
76 196
76 198
76 88
77 79
77 82
77 84
77 85
77 87
77 88
77 92
77 95
77 98
77 99
77 101
77 102
77 104
77 105
77 106
77 107
77 116
77 117
77 119
77 121
77 124
77 128
77 129
77 134
77 135
77 138
77 139
77 147
77 148
77 150
77 151
77 153
77 154
77 156
77 157
77 160
77 164
77 167
77 171
77 174
77 185
77 191
77 195
77 198
77 176
78 79
78 82
78 83
78 84
78 85
78 86
78 87
78 88
78 89
78 90
78 92
78 94
78 96
78 97
78 98
78 100
78 103
78 104
78 107
78 110
78 112
78 113
78 116
78 119
78 123
78 124
78 126
78 127
78 128
78 129
78 131
78 133
78 134
78 136
78 138
78 142
78 146
78 148
78 150
78 151
78 153
78 155
78 156
78 157
78 163
78 164
78 165
78 166
78 169
78 171
78 176
78 177
78 180
78 184
78 185
78 189
78 190
78 191
78 195
78 198
78 173
79 83
79 84
79 86
79 88
79 89
79 90
79 92
79 93
79 94
79 95
79 97
79 98
79 99
79 100
79 101
79 102
79 103
79 112
79 115
79 116
79 118
79 119
79 127
79 128
79 131
79 132
79 134
79 136
79 142
79 143
79 144
79 145
79 148
79 149
79 151
79 162
79 166
79 168
79 169
79 176
79 179
79 180
79 185
79 192
79 193
79 196
79 197
79 198
80 81
80 82
80 83
80 88
80 89
80 90
80 92
80 93
80 97
80 99
80 104
80 105
80 106
80 110
80 112
80 114
80 115
80 116
80 121
80 122
80 125
80 131
80 132
80 136
80 138
80 144
80 151
80 155
80 159
80 161
80 162
80 167
80 170
80 176
80 178
80 180
80 182
80 186
80 188
80 196
80 140
81 82
81 83
81 85
81 86
81 87
81 90
81 91
81 92
81 94
81 96
81 99
81 101
81 102
81 103
81 104
81 107
81 108
81 111
81 112
81 113
81 116
81 118
81 121
81 123
81 126
81 127
81 128
81 133
81 135
81 138
81 141
81 143
81 146
81 147
81 149
81 152
81 154
81 155
81 156
81 157
81 164
81 167
81 171
81 174
81 175
81 176
81 178
81 180
81 184
81 187
81 189
81 191
81 192
81 193
81 196
81 198
81 122
81 130
82 83
82 84
82 85
82 92
82 94
82 95
82 104
82 105
82 106
82 107
82 109
82 111
82 113
82 114
82 115
82 117
82 120
82 122
82 126
82 127
82 131
82 132
82 133
82 134
82 137
82 138
82 139
82 140
82 142
82 143
82 144
82 145
82 151
82 154
82 162
82 166
82 174
82 177
82 182
82 183
82 187
82 192
82 194
82 196
82 197
83 85
83 87
83 89
83 90
83 91
83 92
83 96
83 99
83 100
83 109
83 111
83 120
83 121
83 122
83 124
83 132
83 133
83 134
83 138
83 139
83 140
83 143
83 147
83 148
83 153
83 158
83 160
83 162
83 169
83 170
83 173
83 174
83 175
83 178
83 183
83 184
83 189
83 195
83 167
84 85
84 86
84 87
84 88
84 89
84 90
84 94
84 95
84 97
84 100
84 101
84 102
84 109
84 110
84 114
84 115
84 119
84 122
84 124
84 126
84 127
84 130
84 132
84 136
84 139
84 145
84 146
84 149
84 152
84 159
84 165
84 167
84 169
84 172
84 175
84 176
84 180
84 181
84 185
85 87
85 89
85 90
85 92
85 94
85 97
85 98
85 99
85 101
85 102
85 105
85 109
85 110
85 111
85 112
85 118
85 119
85 120
85 123
85 124
85 126
85 127
85 131
85 133
85 136
85 137
85 146
85 148
85 149
85 152
85 159
85 163
85 165
85 169
85 174
85 182
85 184
85 192
85 193
85 197
85 199
86 89
86 92
86 96
86 100
86 101
86 103
86 106
86 107
86 108
86 109
86 115
86 117
86 118
86 119
86 122
86 124
86 126
86 129
86 130
86 135
86 136
86 137
86 145
86 146
86 147
86 148
86 151
86 155
86 156
86 162
86 166
86 170
86 172
86 173
86 176
86 183
86 184
86 186
86 187
86 191
86 192
86 194
87 90
87 93
87 96
87 104
87 105
87 107
87 108
87 109
87 110
87 113
87 114
87 115
87 119
87 121
87 123
87 124
87 126
87 128
87 131
87 132
87 135
87 139
87 140
87 141
87 143
87 145
87 153
87 156
87 160
87 168
87 169
87 171
87 175
87 177
87 180
87 186
87 187
87 195
87 196
87 197
88 93
88 94
88 95
88 96
88 97
88 106
88 111
88 112
88 113
88 122
88 125
88 126
88 128
88 129
88 130
88 135
88 143
88 145
88 153
88 157
88 160
88 162
88 163
88 167
88 168
88 173
88 175
88 178
88 180
88 181
88 185
88 191
88 192
89 90
89 98
89 103
89 106
89 107
89 108
89 109
89 113
89 121
89 123
89 129
89 130
89 132
89 133
89 134
89 135
89 136
89 138
89 142
89 144
89 149
89 154
89 156
89 160
89 167
89 172
89 175
89 180
89 184
89 185
89 189
89 191
89 193
89 194
90 95
90 101
90 103
90 104
90 106
90 113
90 115
90 117
90 118
90 122
90 124
90 125
90 126
90 127
90 128
90 130
90 139
90 142
90 146
90 153
90 155
90 171
90 178
90 182
90 184
90 186
90 189
90 194
90 197
90 199
91 96
91 101
91 103
91 105
91 106
91 111
91 113
91 117
91 118
91 119
91 128
91 130
91 133
91 136
91 137
91 139
91 141
91 142
91 143
91 151
91 156
91 157
91 158
91 162
91 163
91 164
91 167
91 174
91 176
91 181
91 183
91 191
91 198
91 199
92 95
92 96
92 102
92 103
92 106
92 109
92 111
92 115
92 116
92 120
92 121
92 124
92 126
92 127
92 131
92 136
92 148
92 150
92 151
92 154
92 155
92 167
92 169
92 172
92 175
92 176
92 188
92 189
92 190
92 191
92 192
92 193
92 195
92 196
92 197
92 198
93 94
93 104
93 105
93 106
93 107
93 108
93 109
93 113
93 114
93 118
93 119
93 121
93 124
93 128
93 129
93 132
93 133
93 144
93 145
93 146
93 149
93 154
93 157
93 158
93 160
93 167
93 169
93 170
93 172
93 175
93 178
93 181
93 184
93 185
93 186
93 190
93 191
93 194
93 197
93 198
93 95
94 96
94 99
94 103
94 105
94 107
94 116
94 118
94 119
94 122
94 124
94 125
94 126
94 128
94 132
94 135
94 136
94 137
94 138
94 140
94 158
94 160
94 164
94 169
94 170
94 177
94 179
94 185
94 187
94 188
94 190
94 133
95 96
95 98
95 103
95 106
95 108
95 111
95 116
95 119
95 120
95 123
95 130
95 131
95 135
95 136
95 137
95 140
95 146
95 147
95 149
95 160
95 173
95 183
95 184
95 185
95 187
95 188
95 192
95 198
96 97
96 99
96 106
96 108
96 110
96 114
96 116
96 121
96 125
96 129
96 130
96 131
96 133
96 136
96 138
96 148
96 149
96 150
96 159
96 169
96 173
96 174
96 176
96 178
96 179
96 191
96 193
97 99
97 100
97 104
97 105
97 108
97 111
97 113
97 117
97 118
97 124
97 129
97 130
97 133
97 135
97 140
97 141
97 142
97 144
97 146
97 150
97 153
97 154
97 162
97 167
97 168
97 171
97 179
97 187
97 190
97 192
97 193
97 194
97 197
97 199
98 99
98 103
98 104
98 106
98 108
98 113
98 115
98 118
98 123
98 126
98 127
98 129
98 132
98 140
98 141
98 144
98 148
98 157
98 161
98 162
98 166
98 176
98 188
98 193
98 194
98 195
99 100
99 102
99 104
99 105
99 106
99 109
99 113
99 114
99 117
99 119
99 121
99 126
99 128
99 130
99 131
99 135
99 137
99 139
99 141
99 143
99 144
99 145
99 147
99 151
99 153
99 158
99 161
99 164
99 169
99 171
99 174
99 185
99 193
99 189
100 107
100 108
100 113
100 117
100 122
100 125
100 126
100 128
100 129
100 131
100 133
100 139
100 140
100 142
100 144
100 149
100 151
100 152
100 164
100 176
100 184
100 195
100 199
101 110
101 114
101 116
101 119
101 120
101 123
101 127
101 138
101 142
101 148
101 155
101 157
101 161
101 166
101 169
101 173
101 176
101 177
101 188
101 192
101 194
101 152
102 110
102 114
102 118
102 119
102 122
102 123
102 124
102 126
102 130
102 132
102 133
102 135
102 136
102 140
102 141
102 142
102 144
102 159
102 160
102 162
102 165
102 167
102 168
102 171
102 179
102 180
102 186
102 190
102 192
102 197
103 104
103 105
103 107
103 112
103 113
103 114
103 120
103 121
103 122
103 126
103 128
103 131
103 133
103 138
103 142
103 144
103 148
103 157
103 160
103 164
103 166
103 170
103 171
103 173
103 175
103 180
103 184
103 185
103 186
103 195
103 196
103 153
104 106
104 111
104 112
104 113
104 115
104 130
104 132
104 137
104 142
104 143
104 144
104 150
104 153
104 159
104 163
104 170
104 172
104 178
104 181
104 182
104 188
104 192
104 165
104 126
105 106
105 107
105 117
105 127
105 131
105 132
105 133
105 143
105 144
105 147
105 148
105 151
105 152
105 153
105 156
105 158
105 160
105 179
105 191
106 108
106 111
106 112
106 116
106 117
106 119
106 126
106 127
106 134
106 141
106 144
106 146
106 150
106 156
106 158
106 165
106 167
106 170
106 182
106 183
106 185
106 189
106 191
106 192
107 111
107 115
107 116
107 118
107 120
107 122
107 132
107 134
107 139
107 142
107 153
107 155
107 156
107 157
107 167
107 168
107 178
107 179
107 183
107 185
107 187
107 188
108 109
108 110
108 113
108 114
108 115
108 117
108 123
108 134
108 142
108 143
108 147
108 150
108 153
108 154
108 157
108 158
108 162
108 165
108 174
108 176
108 178
108 181
108 183
108 186
108 187
108 196
108 199
108 156
109 113
109 117
109 119
109 120
109 121
109 123
109 127
109 150
109 151
109 153
109 162
109 168
109 172
109 174
109 189
109 193
109 186
110 112
110 113
110 118
110 120
110 121
110 124
110 125
110 127
110 128
110 130
110 141
110 142
110 145
110 150
110 153
110 156
110 159
110 161
110 162
110 166
110 168
110 169
110 171
110 174
110 177
110 184
110 186
110 190
110 147
111 113
111 117
111 118
111 119
111 120
111 121
111 124
111 125
111 128
111 130
111 138
111 140
111 152
111 156
111 165
111 177
111 186
111 198
111 168
112 114
112 115
112 116
112 120
112 128
112 132
112 140
112 141
112 145
112 150
112 152
112 159
112 164
112 166
112 171
112 173
112 174
112 175
112 183
112 194
112 195
112 196
112 155
113 129
113 132
113 148
113 151
113 153
113 155
113 158
113 160
113 161
113 163
113 166
113 167
113 174
113 184
113 121
114 116
114 118
114 119
114 120
114 126
114 129
114 132
114 134
114 137
114 138
114 144
114 151
114 152
114 158
114 166
114 168
114 172
114 173
114 178
114 180
114 193
115 116
115 118
115 119
115 122
115 129
115 140
115 144
115 150
115 164
115 166
115 173
115 178
115 180
115 190
115 196
115 197
116 117
116 119
116 123
116 129
116 132
116 135
116 136
116 141
116 145
116 146
116 147
116 148
116 153
116 158
116 160
116 163
116 175
116 183
116 186
116 196
116 198
116 199
117 118
117 120
117 121
117 122
117 124
117 138
117 149
117 163
117 169
117 170
117 172
117 175
117 177
117 181
117 183
117 188
117 190
118 131
118 132
118 137
118 143
118 150
118 154
118 155
118 158
118 159
118 167
118 178
118 180
118 125
118 174
119 122
119 123
119 135
119 136
119 137
119 140
119 141
119 147
119 154
119 155
119 159
119 163
119 170
119 172
119 173
119 188
119 189
119 194
119 198
120 122
120 125
120 129
120 131
120 132
120 137
120 141
120 145
120 147
120 149
120 150
120 152
120 159
120 166
120 170
120 171
120 182
120 185
120 194
120 196
120 198
121 126
121 133
121 135
121 136
121 143
121 144
121 145
121 161
121 164
121 167
121 168
121 174
121 185
121 190
121 192
121 194
121 199
121 148
122 125
122 126
122 128
122 134
122 136
122 139
122 149
122 151
122 158
122 159
122 160
122 162
122 166
122 180
122 186
122 188
122 196
122 197
122 198
123 125
123 130
123 133
123 136
123 137
123 139
123 140
123 141
123 145
123 146
123 149
123 153
123 164
123 179
123 184
123 185
123 187
124 135
124 137
124 145
124 146
124 148
124 154
124 157
124 166
124 172
124 173
124 177
124 178
124 179
124 181
124 185
124 186
124 187
125 127
125 128
125 130
125 135
125 137
125 139
125 145
125 148
125 150
125 152
125 158
125 163
125 172
125 179
125 184
125 195
125 146
126 127
126 131
126 133
126 134
126 135
126 139
126 143
126 144
126 155
126 160
126 167
126 174
126 177
126 181
126 187
126 195
127 136
127 142
127 145
127 150
127 152
127 155
127 158
127 161
127 166
127 177
127 186
127 190
127 191
127 199
127 141
128 137
128 139
128 143
128 145
128 148
128 150
128 153
128 166
128 177
128 179
128 190
128 193
128 197
129 133
129 135
129 137
129 139
129 150
129 152
129 156
129 169
129 179
129 182
129 188
129 196
130 135
130 140
130 143
130 154
130 156
130 157
130 159
130 161
130 163
130 166
130 168
130 170
130 180
130 184
130 185
131 134
131 144
131 145
131 146
131 149
131 153
131 161
131 172
131 176
131 178
131 184
131 186
131 189
132 136
132 144
132 146
132 149
132 152
132 158
132 162
132 168
132 169
132 181
132 190
132 192
132 193
133 137
133 138
133 142
133 147
133 149
133 161
133 165
133 166
133 167
133 173
133 177
133 182
133 183
133 187
133 196
134 137
134 139
134 140
134 149
134 150
134 162
134 164
134 168
134 173
134 197
135 136
135 140
135 141
135 144
135 149
135 150
135 151
135 160
135 161
135 162
135 169
135 178
135 185
135 189
135 194
136 153
136 155
136 158
136 162
136 173
136 178
136 179
137 140
137 141
137 143
137 150
137 152
137 153
137 158
137 163
137 164
137 178
137 184
137 185
137 189
137 191
137 197
137 139
138 146
138 154
138 155
138 157
138 159
138 163
138 165
138 166
138 167
138 172
138 177
138 179
138 185
138 194
138 199
138 170
139 149
139 154
139 155
139 157
139 159
139 171
139 181
139 184
139 187
139 192
140 142
140 151
140 153
140 161
140 170
140 177
140 185
141 142
141 147
141 150
141 155
141 161
141 163
141 165
141 169
141 171
141 176
141 179
141 186
141 189
141 191
141 197
141 199
142 143
142 145
142 146
142 148
142 152
142 153
142 156
142 161
142 162
142 167
142 170
142 178
142 187
142 190
142 193
142 195
142 196
142 198
143 147
143 148
143 156
143 160
143 163
143 166
143 168
143 170
143 179
143 187
144 149
144 154
144 157
144 167
144 170
144 178
144 190
144 192
145 146
145 151
145 158
145 168
145 169
145 170
145 173
145 175
145 177
145 194
146 148
146 151
146 159
146 162
146 176
146 192
147 157
147 159
147 181
147 190
148 154
148 159
148 160
148 178
148 185
148 191
148 192
149 154
149 162
149 197
149 161
150 151
150 172
150 175
150 181
150 194
151 162
151 163
151 172
151 182
151 199
152 157
152 171
152 173
152 177
152 181
152 183
153 163
153 165
153 169
153 170
153 175
153 176
153 183
153 198
154 158
154 163
154 164
154 175
154 182
154 184
154 188
154 190
154 195
154 197
155 174
155 180
155 184
156 160
156 161
156 164
156 171
156 173
156 175
156 177
156 178
156 189
156 157
157 172
157 193
157 194
157 195
158 159
158 165
158 166
158 185
158 188
158 190
158 195
159 161
159 165
159 166
159 175
159 176
159 194
159 195
159 199
160 162
160 163
160 166
160 170
160 172
160 177
160 188
160 189
160 191
160 192
160 193
160 160
161 168
161 174
161 175
161 180
161 181
161 185
161 187
161 192
161 196
162 164
162 166
162 176
162 187
162 188
162 189
162 197
163 167
163 169
163 172
163 179
163 180
163 181
163 190
163 191
163 193
164 168
164 169
164 170
164 174
164 181
164 185
164 188
164 196
164 173
165 170
165 171
165 175
165 182
165 183
165 191
165 194
165 186
166 175
166 182
166 183
166 191
166 193
167 173
167 174
167 177
167 184
167 185
167 197
168 178
168 189
168 191
168 195
169 170
169 171
169 172
169 179
169 181
170 189
170 192
170 199
171 175
171 183
171 186
171 190
171 194
171 199
172 180
172 182
172 183
172 197
173 176
173 179
173 184
174 175
174 179
174 181
174 183
174 184
174 187
174 188
174 189
174 197
174 198
175 184
176 186
176 195
176 197
176 198
177 181
177 182
177 184
177 187
177 192
177 197
177 199
178 180
178 186
178 194
179 184
179 190
179 191
180 182
180 184
180 191
181 182
181 187
181 188
181 198
182 190
182 194
182 195
183 185
183 186
183 191
183 193
184 188
184 199
185 187
185 197
185 198
186 191
187 192
187 194
189 190
192 195
193 196
193 199
196 197
197 199