429020770
54
200
7973
0 54
0 55
0 56
0 57
0 58
0 59
0 60
0 61
0 62
0 63
0 64
0 67
0 68
0 69
0 70
0 71
0 72
0 73
0 76
0 81
0 82
0 84
0 85
0 86
0 89
0 98
0 99
0 100
0 102
0 105
0 106
0 111
0 113
0 118
0 119
0 120
0 121
0 122
0 124
0 125
0 128
0 135
0 140
0 144
0 146
0 158
0 171
0 176
0 183
0 194
0 199
0 149
1 54
1 55
1 56
1 57
1 58
1 59
1 60
1 61
1 62
1 63
1 65
1 66
1 67
1 71
1 72
1 73
1 74
1 76
1 77
1 78
1 79
1 82
1 83
1 84
1 86
1 87
1 90
1 92
1 95
1 97
1 100
1 101
1 103
1 104
1 105
1 109
1 110
1 111
1 114
1 117
1 118
1 120
1 138
1 147
1 149
1 155
1 156
1 157
1 164
1 166
1 167
1 170
1 183
1 196
1 26
2 54
2 55
2 56
2 57
2 59
2 60
2 62
2 64
2 65
2 66
2 67
2 68
2 70
2 73
2 74
2 77
2 79
2 80
2 81
2 82
2 83
2 84
2 85
2 86
2 87
2 88
2 90
2 91
2 93
2 94
2 96
2 99
2 100
2 101
2 103
2 110
2 113
2 120
2 122
2 123
2 127
2 129
2 130
2 136
2 141
2 145
2 147
2 158
2 175
2 179
2 182
2 183
2 185
2 188
2 189
2 190
2 196
2 38
3 54
3 56
3 57
3 58
3 59
3 60
3 61
3 63
3 64
3 65
3 66
3 67
3 68
3 71
3 72
3 73
3 74
3 75
3 77
3 78
3 81
3 84
3 86
3 93
3 94
3 97
3 98
3 103
3 111
3 115
3 116
3 121
3 123
3 125
3 128
3 133
3 137
3 140
3 142
3 146
3 149
3 152
3 158
3 159
3 169
3 171
3 179
3 182
3 185
3 192
3 92
4 54
4 55
4 56
4 57
4 60
4 61
4 62
4 65
4 69
4 70
4 71
4 77
4 78
4 80
4 84
4 85
4 89
4 91
4 96
4 100
4 101
4 104
4 108
4 109
4 110
4 111
4 114
4 115
4 117
4 120
4 124
4 130
4 138
4 139
4 141
4 148
4 149
4 153
4 155
4 159
4 163
4 164
4 180
4 184
4 186
4 187
4 192
4 193
4 199
4 151
5 54
5 55
5 56
5 57
5 58
5 59
5 60
5 61
5 62
5 63
5 64
5 65
5 67
5 68
5 69
5 70
5 71
5 72
5 73
5 75
5 77
5 78
5 79
5 81
5 83
5 84
5 85
5 86
5 87
5 88
5 91
5 92
5 93
5 94
5 97
5 99
5 100
5 105
5 106
5 108
5 115
5 125
5 131
5 133
5 136
5 140
5 142
5 143
5 144
5 147
5 151
5 156
5 158
5 161
5 178
5 179
5 180
5 188
5 189
5 193
5 194
5 198
5 190
5 14
5 113
5 141
6 54
6 55
6 56
6 57
6 58
6 59
6 60
6 61
6 62
6 63
6 64
6 65
6 67
6 68
6 69
6 70
6 71
6 73
6 74
6 77
6 78
6 79
6 81
6 82
6 83
6 84
6 85
6 90
6 92
6 93
6 94
6 95
6 96
6 98
6 100
6 104
6 105
6 106
6 107
6 108
6 114
6 115
6 118
6 122
6 124
6 125
6 126
6 127
6 136
6 138
6 139
6 141
6 142
6 143
6 145
6 150
6 151
6 158
6 162
6 163
6 168
6 169
6 176
6 177
6 181
6 183
6 184
6 185
6 190
6 191
6 196
6 199
7 54
7 55
7 56
7 57
7 58
7 59
7 60
7 61
7 62
7 64
7 65
7 66
7 67
7 69
7 70
7 71
7 72
7 74
7 75
7 76
7 78
7 80
7 82
7 85
7 88
7 90
7 92
7 93
7 94
7 96
7 97
7 100
7 101
7 102
7 103
7 112
7 113
7 114
7 119
7 122
7 130
7 131
7 134
7 139
7 147
7 148
7 151
7 153
7 155
7 160
7 174
7 175
7 176
7 179
7 189
7 192
7 198
7 193
8 54
8 55
8 56
8 57
8 59
8 60
8 61
8 62
8 63
8 64
8 66
8 68
8 69
8 70
8 71
8 72
8 74
8 75
8 76
8 77
8 78
8 81
8 83
8 87
8 89
8 90
8 91
8 96
8 97
8 100
8 103
8 114
8 115
8 116
8 117
8 121
8 124
8 128
8 132
8 134
8 137
8 143
8 144
8 146
8 148
8 149
8 154
8 156
8 161
8 165
8 171
8 181
8 182
8 194
8 198
8 190
9 54
9 55
9 56
9 57
9 58
9 59
9 60
9 61
9 62
9 63
9 64
9 65
9 66
9 67
9 68
9 69
9 70
9 71
9 72
9 73
9 75
9 76
9 77
9 78
9 81
9 82
9 84
9 87
9 88
9 92
9 93
9 95
9 96
9 97
9 98
9 102
9 105
9 109
9 111
9 115
9 120
9 122
9 126
9 129
9 135
9 136
9 139
9 144
9 145
9 154
9 160
9 162
9 163
9 165
9 167
9 168
9 176
9 183
9 185
9 190
9 195
9 196
9 110
10 54
10 55
10 56
10 57
10 58
10 59
10 60
10 63
10 64
10 65
10 66
10 68
10 69
10 71
10 72
10 73
10 74
10 76
10 78
10 79
10 81
10 87
10 94
10 97
10 99
10 101
10 104
10 106
10 116
10 119
10 121
10 130
10 131
10 137
10 144
10 146
10 149
10 157
10 162
10 175
10 179
10 182
10 184
10 188
10 194
10 198
11 54
11 55
11 56
11 57
11 58
11 59
11 60
11 61
11 63
11 64
11 65
11 66
11 67
11 68
11 70
11 72
11 73
11 74
11 75
11 78
11 79
11 80
11 81
11 82
11 83
11 84
11 85
11 87
11 89
11 90
11 96
11 98
11 101
11 105
11 107
11 108
11 110
11 112
11 114
11 115
11 116
11 117
11 120
11 124
11 125
11 130
11 133
11 137
11 140
11 142
11 143
11 145
11 147
11 150
11 151
11 153
11 163
11 164
11 166
11 168
11 170
11 171
11 172
11 182
11 183
11 185
11 188
11 193
11 199
12 54
12 55
12 56
12 57
12 58
12 59
12 60
12 61
12 62
12 63
12 64
12 65
12 66
12 67
12 68
12 69
12 70
12 71
12 75
12 76
12 77
12 80
12 82
12 83
12 84
12 85
12 86
12 87
12 89
12 90
12 92
12 94
12 96
12 97
12 99
12 102
12 103
12 107
12 109
12 110
12 111
12 117
12 118
12 120
12 121
12 122
12 123
12 125
12 127
12 130
12 132
12 134
12 136
12 139
12 141
12 143
12 146
12 147
12 150
12 152
12 154
12 155
12 158
12 160
12 162
12 168
12 180
12 181
12 183
12 187
12 190
12 192
12 197
12 198
13 54
13 55
13 56
13 57
13 58
13 59
13 60
13 61
13 62
13 63
13 64
13 65
13 66
13 67
13 72
13 73
13 75
13 79
13 80
13 82
13 83
13 88
13 89
13 90
13 94
13 96
13 99
13 100
13 101
13 102
13 105
13 106
13 110
13 112
13 117
13 120
13 121
13 122
13 125
13 126
13 127
13 129
13 131
13 136
13 143
13 145
13 149
13 155
13 156
13 162
13 167
13 172
13 176
13 180
13 183
13 186
13 189
14 54
14 55
14 57
14 58
14 59
14 60
14 61
14 62
14 64
14 65
14 66
14 67
14 69
14 70
14 72
14 73
14 74
14 75
14 76
14 77
14 78
14 79
14 81
14 82
14 87
14 89
14 96
14 97
14 98
14 99
14 101
14 103
14 106
14 107
14 108
14 110
14 111
14 112
14 113
14 115
14 116
14 118
14 119
14 122
14 125
14 126
14 127
14 129
14 130
14 133
14 134
14 136
14 140
14 141
14 142
14 145
14 148
14 150
14 153
14 156
14 158
14 159
14 160
14 161
14 163
14 164
14 166
14 167
14 169
14 170
14 171
14 174
14 176
14 177
14 179
14 180
14 181
14 182
14 187
14 190
14 196
14 199
14 157
15 54
15 55
15 56
15 57
15 58
15 59
15 60
15 61
15 63
15 64
15 65
15 66
15 67
15 68
15 71
15 72
15 73
15 75
15 76
15 78
15 85
15 89
15 90
15 93
15 94
15 95
15 108
15 111
15 112
15 119
15 121
15 127
15 130
15 141
15 144
15 146
15 149
15 155
15 157
15 160
15 168
15 170
15 182
15 196
15 134
16 54
16 55
16 56
16 57
16 58
16 60
16 63
16 64
16 67
16 68
16 69
16 71
16 72
16 73
16 74
16 75
16 77
16 79
16 80
16 81
16 84
16 85
16 86
16 88
16 90
16 91
16 92
16 93
16 94
16 95
16 105
16 107
16 109
16 117
16 118
16 125
16 126
16 131
16 133
16 134
16 135
16 138
16 140
16 141
16 146
16 147
16 149
16 153
16 159
16 161
16 165
16 170
16 177
16 179
16 181
16 184
16 185
16 195
16 197
16 199
16 59
16 119
17 54
17 55
17 56
17 57
17 58
17 59
17 60
17 61
17 62
17 63
17 64
17 65
17 66
17 68
17 69
17 70
17 72
17 73
17 74
17 76
17 77
17 78
17 79
17 80
17 83
17 86
17 88
17 90
17 92
17 94
17 96
17 97
17 99
17 103
17 105
17 106
17 107
17 109
17 110
17 113
17 122
17 124
17 127
17 128
17 130
17 131
17 132
17 136
17 139
17 141
17 144
17 146
17 149
17 159
17 162
17 164
17 165
17 169
17 170
17 173
17 177
17 184
17 188
17 191
17 193
17 194
17 49
18 54
18 55
18 56
18 57
18 58
18 59
18 60
18 61
18 62
18 63
18 64
18 65
18 66
18 69
18 70
18 71
18 72
18 75
18 76
18 77
18 79
18 80
18 82
18 86
18 88
18 89
18 92
18 94
18 109
18 111
18 112
18 118
18 121
18 126
18 127
18 129
18 130
18 133
18 134
18 135
18 137
18 138
18 140
18 143
18 153
18 156
18 166
18 167
18 168
18 172
18 175
18 186
18 190
18 194
18 195
19 54
19 55
19 56
19 57
19 58
19 59
19 60
19 61
19 62
19 63
19 64
19 65
19 66
19 67
19 68
19 70
19 71
19 73
19 74
19 75
19 76
19 77
19 81
19 82
19 86
19 94
19 95
19 97
19 98
19 99
19 100
19 103
19 104
19 105
19 106
19 108
19 111
19 112
19 115
19 116
19 121
19 122
19 126
19 131
19 132
19 133
19 139
19 140
19 141
19 146
19 149
19 152
19 155
19 157
19 158
19 159
19 161
19 162
19 172
19 173
19 176
19 178
19 181
19 182
19 187
19 193
19 195
19 170
20 54
20 55
20 56
20 57
20 58
20 59
20 60
20 61
20 62
20 65
20 66
20 67
20 70
20 72
20 73
20 74
20 76
20 77
20 81
20 83
20 86
20 88
20 90
20 93
20 96
20 101
20 103
20 104
20 106
20 109
20 116
20 117
20 120
20 122
20 123
20 132
20 135
20 141
20 143
20 160
20 165
20 171
20 174
20 176
20 179
20 182
20 187
20 193
20 198
20 199
20 138
21 54
21 55
21 56
21 57
21 58
21 59
21 60
21 61
21 62
21 63
21 64
21 65
21 66
21 67
21 68
21 70
21 71
21 73
21 74
21 75
21 76
21 77
21 82
21 83
21 85
21 86
21 88
21 91
21 92
21 94
21 97
21 103
21 104
21 107
21 108
21 111
21 112
21 114
21 118
21 119
21 120
21 127
21 128
21 135
21 143
21 147
21 155
21 156
21 157
21 160
21 165
21 168
21 172
21 176
21 178
21 182
21 186
21 187
21 197
21 198
22 54
22 55
22 56
22 57
22 58
22 59
22 60
22 61
22 62
22 63
22 64
22 66
22 67
22 68
22 69
22 72
22 76
22 77
22 78
22 80
22 81
22 82
22 84
22 85
22 86
22 87
22 88
22 89
22 90
22 91
22 92
22 94
22 96
22 99
22 102
22 104
22 105
22 106
22 107
22 121
22 122
22 136
22 137
22 141
22 145
22 147
22 149
22 159
22 162
22 168
22 181
22 182
22 183
22 184
22 186
22 187
22 195
22 198
23 54
23 55
23 57
23 58
23 59
23 60
23 61
23 62
23 63
23 65
23 66
23 68
23 69
23 71
23 72
23 73
23 76
23 79
23 83
23 84
23 87
23 88
23 89
23 92
23 94
23 99
23 101
23 102
23 107
23 110
23 111
23 116
23 118
23 124
23 128
23 129
23 130
23 132
23 134
23 135
23 139
23 140
23 142
23 146
23 154
23 158
23 159
23 179
23 182
23 186
23 188
23 190
23 191
23 198
24 54
24 55
24 56
24 57
24 58
24 59
24 60
24 61
24 62
24 63
24 64
24 66
24 67
24 68
24 69
24 70
24 71
24 72
24 74
24 75
24 78
24 80
24 81
24 82
24 83
24 84
24 90
24 91
24 92
24 93
24 95
24 97
24 98
24 99
24 103
24 104
24 106
24 107
24 110
24 111
24 112
24 113
24 115
24 116
24 119
24 122
24 124
24 126
24 127
24 128
24 142
24 147
24 148
24 152
24 155
24 157
24 160
24 164
24 178
24 181
24 191
24 195
24 24
25 54
25 55
25 56
25 57
25 58
25 59
25 60
25 61
25 63
25 65
25 66
25 67
25 68
25 69
25 71
25 73
25 74
25 76
25 78
25 79
25 81
25 82
25 88
25 93
25 95
25 100
25 101
25 102
25 104
25 106
25 115
25 117
25 118
25 121
25 122
25 123
25 124
25 125
25 126
25 127
25 129
25 132
25 133
25 135
25 136
25 140
25 142
25 144
25 146
25 147
25 152
25 154
25 160
25 161
25 166
25 167
25 168
25 171
25 178
25 179
25 180
25 182
25 185
25 191
25 199
26 54
26 55
26 56
26 57
26 58
26 59
26 61
26 62
26 63
26 64
26 65
26 66
26 67
26 68
26 69
26 70
26 71
26 72
26 73
26 78
26 79
26 80
26 83
26 85
26 86
26 87
26 89
26 93
26 98
26 102
26 104
26 108
26 110
26 119
26 120
26 121
26 123
26 125
26 135
26 136
26 138
26 140
26 145
26 146
26 148
26 153
26 169
26 177
26 186
26 189
26 84
27 54
27 55
27 56
27 57
27 58
27 59
27 60
27 61
27 62
27 63
27 64
27 65
27 66
27 67
27 68
27 70
27 74
27 75
27 76
27 78
27 79
27 80
27 81
27 82
27 83
27 88
27 92
27 93
27 98
27 105
27 106
27 108
27 110
27 111
27 114
27 116
27 123
27 124
27 126
27 129
27 133
27 137
27 144
27 146
27 155
27 163
27 164
27 170
27 187
27 192
27 196
28 54
28 55
28 56
28 58
28 59
28 60
28 61
28 62
28 65
28 66
28 67
28 68
28 70
28 71
28 73
28 75
28 76
28 78
28 79
28 80
28 85
28 86
28 87
28 89
28 90
28 91
28 94
28 96
28 99
28 100
28 103
28 108
28 115
28 121
28 123
28 132
28 133
28 134
28 140
28 144
28 145
28 154
28 177
28 184
28 185
28 194
28 197
28 198
29 54
29 55
29 56
29 57
29 58
29 61
29 62
29 66
29 67
29 70
29 71
29 72
29 73
29 74
29 75
29 76
29 77
29 78
29 79
29 80
29 83
29 84
29 85
29 88
29 90
29 94
29 95
29 96
29 98
29 101
29 102
29 105
29 107
29 113
29 114
29 115
29 118
29 120
29 123
29 129
29 131
29 136
29 139
29 147
29 148
29 152
29 155
29 159
29 171
29 174
29 176
29 179
29 187
29 190
29 193
29 196
29 198
29 41
30 54
30 55
30 56
30 57
30 58
30 59
30 60
30 61
30 62
30 63
30 64
30 65
30 66
30 67
30 68
30 70
30 71
30 72
30 73
30 74
30 75
30 76
30 78
30 79
30 80
30 81
30 82
30 84
30 86
30 89
30 92
30 93
30 95
30 96
30 98
30 99
30 100
30 104
30 105
30 106
30 108
30 110
30 111
30 112
30 116
30 117
30 119
30 122
30 123
30 126
30 130
30 131
30 132
30 134
30 137
30 141
30 149
30 150
30 155
30 160
30 167
30 169
30 170
30 173
30 175
30 176
30 178
30 180
30 187
30 191
30 192
30 196
30 197
31 54
31 55
31 56
31 57
31 58
31 59
31 60
31 61
31 62
31 63
31 65
31 68
31 69
31 70
31 71
31 73
31 74
31 75
31 77
31 78
31 80
31 81
31 83
31 84
31 85
31 87
31 89
31 90
31 91
31 96
31 97
31 100
31 101
31 102
31 107
31 111
31 116
31 118
31 128
31 142
31 143
31 145
31 146
31 152
31 156
31 161
31 162
31 163
31 168
31 170
31 181
31 192
31 195
31 120
31 132
32 54
32 55
32 56
32 57
32 58
32 59
32 60
32 61
32 62
32 63
32 64
32 65
32 66
32 68
32 69
32 71
32 72
32 73
32 75
32 77
32 79
32 81
32 83
32 85
32 87
32 89
32 90
32 92
32 97
32 101
32 103
32 105
32 107
32 108
32 112
32 116
32 117
32 120
32 122
32 123
32 129
32 131
32 139
32 146
32 149
32 150
32 153
32 154
32 162
32 171
32 183
32 189
32 193
32 195
32 82
33 54
33 55
33 56
33 57
33 59
33 60
33 61
33 62
33 63
33 64
33 66
33 67
33 68
33 70
33 72
33 74
33 75
33 77
33 78
33 79
33 80
33 83
33 85
33 86
33 93
33 98
33 100
33 109
33 118
33 123
33 124
33 126
33 129
33 135
33 137
33 140
33 142
33 143
33 152
33 155
33 156
33 157
33 159
33 162
33 164
33 165
33 166
33 168
33 178
33 187
33 192
33 199
34 54
34 55
34 56
34 57
34 58
34 59
34 62
34 63
34 64
34 67
34 68
34 69
34 71
34 72
34 73
34 74
34 77
34 80
34 82
34 86
34 88
34 90
34 93
34 95
34 96
34 103
34 107
34 112
34 116
34 121
34 126
34 128
34 132
34 133
34 139
34 155
34 160
34 163
34 168
34 169
34 170
34 173
34 177
34 178
34 188
34 199
35 54
35 55
35 56
35 57
35 58
35 59
35 60
35 61
35 62
35 63
35 64
35 65
35 67
35 68
35 70
35 71
35 74
35 80
35 82
35 83
35 85
35 87
35 89
35 90
35 92
35 93
35 94
35 95
35 109
35 113
35 115
35 119
35 120
35 129
35 145
35 146
35 149
35 157
35 162
35 163
35 164
35 165
35 170
35 175
35 177
35 178
35 180
35 181
35 186
35 187
35 188
35 198
35 36
36 54
36 55
36 56
36 57
36 58
36 59
36 60
36 61
36 62
36 63
36 64
36 65
36 66
36 67
36 68
36 69
36 70
36 72
36 73
36 75
36 76
36 79
36 80
36 84
36 91
36 92
36 95
36 96
36 100
36 105
36 106
36 107
36 108
36 113
36 119
36 121
36 123
36 126
36 128
36 139
36 147
36 150
36 151
36 154
36 156
36 160
36 163
36 170
36 184
36 199
37 54
37 55
37 56
37 57
37 58
37 59
37 60
37 61
37 62
37 63
37 64
37 65
37 66
37 67
37 68
37 69
37 71
37 72
37 73
37 75
37 76
37 77
37 79
37 80
37 83
37 84
37 85
37 88
37 89
37 91
37 93
37 95
37 100
37 102
37 105
37 106
37 109
37 118
37 119
37 122
37 127
37 129
37 130
37 133
37 136
37 143
37 145
37 146
37 150
37 152
37 153
37 155
37 159
37 165
37 169
37 171
37 172
37 175
37 181
37 182
37 191
37 198
37 111
38 54
38 55
38 56
38 57
38 58
38 59
38 60
38 62
38 63
38 64
38 65
38 66
38 68
38 69
38 70
38 72
38 74
38 76
38 82
38 84
38 85
38 89
38 91
38 94
38 95
38 96
38 98
38 99
38 100
38 101
38 111
38 112
38 114
38 117
38 131
38 146
38 149
38 155
38 158
38 161
38 163
38 165
38 170
38 173
38 175
38 177
38 184
38 190
39 54
39 55
39 56
39 57
39 58
39 59
39 61
39 62
39 63
39 64
39 65
39 66
39 67
39 68
39 69
39 70
39 71
39 72
39 74
39 77
39 78
39 80
39 82
39 87
39 88
39 90
39 99
39 101
39 102
39 103
39 105
39 115
39 121
39 122
39 133
39 147
39 148
39 156
39 159
39 162
39 164
39 167
39 173
39 189
39 191
39 197
39 48
39 125
40 54
40 55
40 56
40 58
40 59
40 60
40 61
40 62
40 63
40 64
40 65
40 66
40 67
40 68
40 69
40 70
40 71
40 72
40 73
40 75
40 76
40 77
40 79
40 80
40 81
40 82
40 83
40 86
40 87
40 89
40 90
40 91
40 92
40 93
40 95
40 97
40 100
40 102
40 103
40 106
40 108
40 109
40 110
40 111
40 113
40 114
40 116
40 117
40 121
40 123
40 128
40 129
40 130
40 133
40 134
40 135
40 140
40 144
40 145
40 147
40 148
40 149
40 152
40 158
40 160
40 162
40 168
40 173
40 175
40 176
40 182
40 183
40 193
40 50
41 54
41 55
41 56
41 57
41 58
41 60
41 61
41 62
41 63
41 64
41 66
41 67
41 68
41 69
41 70
41 73
41 78
41 79
41 81
41 82
41 87
41 91
41 95
41 98
41 103
41 104
41 106
41 107
41 109
41 113
41 115
41 118
41 125
41 126
41 133
41 135
41 142
41 147
41 152
41 153
41 156
41 157
41 158
41 162
41 163
41 171
41 174
41 176
41 185
41 189
41 191
41 197
41 198
41 42
42 54
42 55
42 56
42 57
42 58
42 59
42 60
42 61
42 62
42 64
42 65
42 66
42 67
42 69
42 70
42 71
42 74
42 75
42 76
42 77
42 79
42 81
42 82
42 84
42 85
42 86
42 87
42 88
42 89
42 92
42 100
42 101
42 102
42 103
42 106
42 112
42 114
42 117
42 118
42 120
42 140
42 143
42 148
42 149
42 150
42 153
42 155
42 158
42 162
42 170
42 177
42 178
42 184
42 191
42 195
42 196
42 199
43 54
43 55
43 56
43 57
43 58
43 59
43 60
43 62
43 63
43 64
43 65
43 66
43 67
43 68
43 69
43 70
43 71
43 72
43 74
43 75
43 76
43 78
43 80
43 81
43 83
43 84
43 85
43 87
43 88
43 90
43 93
43 94
43 99
43 100
43 102
43 104
43 105
43 113
43 117
43 118
43 122
43 123
43 124
43 130
43 132
43 134
43 138
43 146
43 147
43 148
43 149
43 155
43 159
43 164
43 165
43 166
43 169
43 174
43 176
43 179
43 181
43 183
43 191
43 199
43 79
44 54
44 55
44 56
44 57
44 58
44 59
44 60
44 61
44 62
44 63
44 64
44 65
44 67
44 68
44 69
44 72
44 77
44 82
44 83
44 84
44 85
44 86
44 87
44 91
44 94
44 96
44 97
44 99
44 101
44 107
44 109
44 110
44 113
44 114
44 131
44 135
44 137
44 145
44 152
44 157
44 158
44 166
44 175
44 179
44 182
44 183
44 192
44 195
44 196
45 54
45 55
45 56
45 57
45 58
45 59
45 60
45 61
45 62
45 63
45 64
45 65
45 69
45 70
45 73
45 74
45 75
45 77
45 80
45 84
45 87
45 89
45 92
45 93
45 95
45 97
45 100
45 124
45 128
45 130
45 140
45 150
45 157
45 161
45 168
45 176
45 180
45 182
45 191
46 54
46 55
46 56
46 57
46 58
46 59
46 61
46 62
46 63
46 65
46 69
46 75
46 76
46 77
46 79
46 81
46 82
46 85
46 87
46 88
46 93
46 99
46 106
46 113
46 120
46 123
46 124
46 129
46 141
46 143
46 147
46 148
46 149
46 150
46 152
46 156
46 170
46 198
47 54
47 55
47 56
47 57
47 58
47 61
47 63
47 64
47 66
47 68
47 69
47 70
47 71
47 73
47 78
47 79
47 80
47 81
47 83
47 84
47 86
47 87
47 88
47 98
47 102
47 104
47 105
47 111
47 112
47 115
47 123
47 129
47 133
47 134
47 135
47 147
47 152
47 156
47 157
47 170
47 171
47 179
47 193
47 149
48 54
48 55
48 56
48 57
48 58
48 59
48 60
48 61
48 62
48 63
48 64
48 65
48 66
48 67
48 68
48 69
48 70
48 71
48 72
48 74
48 75
48 76
48 77
48 79
48 80
48 83
48 87
48 88
48 89
48 90
48 91
48 92
48 95
48 96
48 97
48 98
48 99
48 100
48 101
48 104
48 105
48 106
48 107
48 108
48 109
48 111
48 113
48 118
48 119
48 122
48 123
48 124
48 132
48 134
48 136
48 138
48 140
48 141
48 144
48 154
48 158
48 161
48 162
48 163
48 164
48 168
48 169
48 175
48 176
48 178
48 180
48 192
48 197
48 198
49 54
49 55
49 56
49 57
49 58
49 59
49 60
49 61
49 62
49 63
49 64
49 65
49 66
49 67
49 68
49 69
49 70
49 71
49 72
49 73
49 74
49 75
49 76
49 78
49 80
49 81
49 82
49 83
49 84
49 85
49 89
49 90
49 93
49 95
49 96
49 98
49 99
49 101
49 102
49 104
49 105
49 106
49 108
49 109
49 111
49 112
49 114
49 116
49 119
49 120
49 121
49 122
49 127
49 129
49 130
49 132
49 138
49 141
49 143
49 144
49 148
49 150
49 152
49 162
49 165
49 166
49 169
49 170
49 172
49 174
49 175
49 177
49 179
49 185
49 186
49 187
49 189
49 193
49 194
49 195
49 198
49 163
50 54
50 55
50 56
50 58
50 59
50 60
50 62
50 65
50 66
50 67
50 69
50 70
50 71
50 74
50 75
50 76
50 78
50 79
50 80
50 84
50 85
50 86
50 87
50 95
50 96
50 98
50 99
50 101
50 108
50 109
50 114
50 116
50 117
50 124
50 126
50 130
50 131
50 135
50 137
50 142
50 146
50 155
50 158
50 159
50 161
50 165
50 172
50 173
50 174
50 176
50 184
50 188
50 191
50 193
50 198
50 68
51 54
51 55
51 56
51 57
51 58
51 59
51 60
51 61
51 62
51 63
51 64
51 66
51 67
51 69
51 73
51 74
51 75
51 76
51 78
51 79
51 82
51 84
51 85
51 86
51 87
51 88
51 89
51 91
51 94
51 101
51 103
51 113
51 120
51 128
51 131
51 151
51 152
51 153
51 157
51 169
51 171
51 173
51 180
51 190
51 191
51 193
51 199
51 72
52 54
52 55
52 56
52 57
52 58
52 59
52 60
52 61
52 63
52 64
52 65
52 66
52 68
52 69
52 70
52 71
52 72
52 73
52 74
52 75
52 77
52 78
52 79
52 81
52 83
52 87
52 88
52 89
52 91
52 92
52 97
52 100
52 101
52 102
52 103
52 104
52 107
52 109
52 111
52 117
52 122
52 125
52 126
52 127
52 129
52 131
52 134
52 136
52 137
52 138
52 141
52 143
52 148
52 150
52 153
52 154
52 155
52 164
52 171
52 173
52 176
52 179
52 183
52 189
52 191
52 195
52 197
52 157
53 54
53 55
53 56
53 57
53 58
53 59
53 60
53 61
53 62
53 63
53 64
53 65
53 67
53 69
53 72
53 74
53 78
53 80
53 82
53 84
53 86
53 90
53 91
53 92
53 98
53 99
53 100
53 101
53 110
53 113
53 117
53 120
53 125
53 136
53 138
53 148
53 153
53 154
53 158
53 159
53 161
53 162
53 163
53 164
53 167
53 174
53 189
53 191
53 195
53 124
54 55
54 56
54 57
54 58
54 59
54 60
54 61
54 62
54 63
54 64
54 65
54 66
54 67
54 68
54 69
54 70
54 71
54 72
54 73
54 74
54 75
54 76
54 77
54 78
54 79
54 80
54 81
54 82
54 84
54 85
54 86
54 87
54 88
54 89
54 91
54 92
54 93
54 95
54 97
54 98
54 100
54 101
54 102
54 103
54 104
54 105
54 106
54 107
54 108
54 110
54 111
54 112
54 113
54 114
54 116
54 117
54 118
54 119
54 120
54 122
54 123
54 124
54 125
54 127
54 128
54 129
54 130
54 131
54 132
54 134
54 135
54 137
54 139
54 140
54 141
54 146
54 147
54 150
54 151
54 152
54 154
54 155
54 159
54 160
54 162
54 163
54 164
54 165
54 166
54 167
54 169
54 170
54 171
54 172
54 174
54 175
54 176
54 177
54 178
54 179
54 180
54 184
54 186
54 187
54 188
54 189
54 190
54 191
54 192
54 193
54 194
54 197
54 198
54 199
54 161
55 56
55 57
55 58
55 59
55 60
55 61
55 62
55 63
55 64
55 65
55 66
55 67
55 68
55 69
55 70
55 71
55 72
55 73
55 74
55 75
55 76
55 77
55 78
55 79
55 80
55 81
55 82
55 83
55 84
55 85
55 86
55 87
55 88
55 89
55 90
55 91
55 92
55 93
55 95
55 96
55 97
55 98
55 99
55 100
55 102
55 103
55 104
55 105
55 106
55 107
55 108
55 109
55 110
55 112
55 113
55 114
55 117
55 119
55 121
55 122
55 123
55 124
55 125
55 126
55 127
55 128
55 129
55 130
55 134
55 137
55 139
55 140
55 142
55 144
55 147
55 150
55 151
55 155
55 157
55 158
55 160
55 163
55 164
55 165
55 166
55 167
55 168
55 170
55 171
55 176
55 177
55 179
55 180
55 181
55 184
55 185
55 186
55 189
55 191
55 192
55 194
55 196
55 197
55 198
55 169
56 57
56 58
56 59
56 60
56 61
56 62
56 63
56 64
56 65
56 66
56 67
56 68
56 69
56 70
56 71
56 72
56 73
56 74
56 76
56 77
56 78
56 79
56 80
56 81
56 82
56 83
56 84
56 85
56 86
56 87
56 88
56 90
56 91
56 93
56 94
56 96
56 98
56 99
56 103
56 104
56 105
56 106
56 109
56 111
56 112
56 115
56 118
56 119
56 122
56 125
56 126
56 127
56 128
56 129
56 130
56 132
56 133
56 134
56 136
56 137
56 138
56 139
56 142
56 143
56 144
56 145
56 146
56 148
56 149
56 150
56 151
56 152
56 153
56 154
56 155
56 158
56 160
56 162
56 163
56 165
56 166
56 167
56 169
56 170
56 172
56 177
56 180
56 183
56 184
56 185
56 187
56 188
56 189
56 190
56 192
56 194
56 196
56 197
56 174
57 58
57 59
57 60
57 61
57 62
57 63
57 64
57 65
57 66
57 67
57 68
57 69
57 70
57 71
57 72
57 73
57 74
57 75
57 76
57 77
57 78
57 79
57 80
57 81
57 82
57 83
57 84
57 85
57 86
57 87
57 88
57 89
57 90
57 91
57 92
57 93
57 94
57 95
57 96
57 97
57 100
57 102
57 103
57 104
57 105
57 106
57 107
57 108
57 109
57 110
57 111
57 112
57 113
57 115
57 116
57 117
57 118
57 119
57 123
57 125
57 126
57 127
57 129
57 131
57 132
57 135
57 136
57 137
57 139
57 142
57 146
57 148
57 150
57 151
57 154
57 156
57 159
57 160
57 164
57 165
57 166
57 167
57 168
57 169
57 171
57 174
57 178
57 179
57 182
57 183
57 184
57 185
57 190
57 193
57 196
58 59
58 60
58 61
58 62
58 63
58 64
58 65
58 66
58 67
58 68
58 69
58 70
58 71
58 72
58 73
58 74
58 75
58 76
58 77
58 78
58 79
58 80
58 81
58 82
58 83
58 84
58 85
58 86
58 87
58 88
58 89
58 90
58 91
58 92
58 93
58 94
58 95
58 96
58 97
58 98
58 99
58 101
58 104
58 105
58 106
58 109
58 110
58 111
58 113
58 114
58 115
58 117
58 119
58 121
58 122
58 123
58 124
58 126
58 132
58 133
58 134
58 135
58 136
58 137
58 141
58 142
58 145
58 146
58 149
58 150
58 152
58 154
58 161
58 162
58 164
58 166
58 168
58 172
58 177
58 178
58 179
58 181
58 187
58 189
58 190
58 192
58 195
58 196
58 197
58 198
58 199
59 60
59 61
59 62
59 63
59 64
59 65
59 66
59 67
59 68
59 69
59 70
59 71
59 72
59 73
59 74
59 75
59 76
59 77
59 78
59 79
59 81
59 82
59 83
59 84
59 85
59 86
59 87
59 88
59 91
59 92
59 93
59 94
59 95
59 96
59 99
59 100
59 101
59 102
59 103
59 105
59 106
59 110
59 111
59 112
59 113
59 114
59 115
59 116
59 117
59 118
59 119
59 120
59 121
59 122
59 123
59 124
59 127
59 128
59 131
59 132
59 134
59 136
59 137
59 139
59 140
59 141
59 142
59 143
59 144
59 146
59 149
59 150
59 151
59 153
59 154
59 155
59 156
59 159
59 160
59 161
59 162
59 163
59 164
59 165
59 168
59 170
59 174
59 175
59 176
59 177
59 181
59 183
59 184
59 188
59 190
59 191
59 192
59 193
60 61
60 62
60 63
60 64
60 65
60 66
60 67
60 68
60 69
60 70
60 71
60 72
60 73
60 74
60 75
60 76
60 77
60 78
60 79
60 80
60 81
60 83
60 84
60 85
60 86
60 87
60 88
60 89
60 90
60 91
60 92
60 93
60 94
60 95
60 96
60 97
60 98
60 100
60 101
60 102
60 103
60 107
60 108
60 110
60 111
60 112
60 113
60 117
60 119
60 120
60 121
60 124
60 125
60 133
60 134
60 135
60 136
60 138
60 139
60 140
60 144
60 145
60 147
60 150
60 151
60 153
60 154
60 156
60 157
60 158
60 159
60 160
60 163
60 164
60 165
60 167
60 168
60 172
60 173
60 174
60 175
60 176
60 178
60 181
60 183
60 184
60 185
60 186
60 187
60 188
60 189
60 190
60 192
60 193
60 194
60 196
60 198
60 199
61 62
61 63
61 64
61 65
61 66
61 67
61 68
61 69
61 70
61 71
61 72
61 73
61 74
61 75
61 76
61 77
61 78
61 79
61 80
61 81
61 82
61 83
61 84
61 85
61 86
61 87
61 88
61 89
61 90
61 91
61 92
61 93
61 94
61 95
61 96
61 97
61 99
61 100
61 101
61 102
61 103
61 104
61 106
61 107
61 108
61 110
61 111
61 113
61 114
61 116
61 117
61 119
61 120
61 121
61 122
61 123
61 125
61 126
61 128
61 129
61 134
61 135
61 136
61 138
61 140
61 148
61 149
61 150
61 151
61 152
61 153
61 154
61 155
61 158
61 160
61 165
61 167
61 169
61 172
61 173
61 174
61 177
61 178
61 181
61 182
61 183
61 187
61 188
61 190
61 191
61 193
61 196
62 63
62 64
62 65
62 66
62 67
62 68
62 69
62 70
62 71
62 72
62 73
62 74
62 75
62 76
62 77
62 78
62 79
62 80
62 81
62 82
62 83
62 84
62 85
62 86
62 87
62 88
62 89
62 90
62 92
62 93
62 95
62 96
62 97
62 98
62 99
62 100
62 101
62 102
62 104
62 105
62 106
62 108
62 109
62 111
62 112
62 113
62 115
62 116
62 117
62 118
62 119
62 120
62 122
62 125
62 127
62 128
62 129
62 132
62 135
62 137
62 138
62 142
62 144
62 147
62 148
62 150
62 151
62 152
62 154
62 155
62 156
62 157
62 158
62 160
62 161
62 163
62 164
62 166
62 167
62 168
62 171
62 174
62 175
62 180
62 181
62 183
62 184
62 185
62 186
62 187
62 188
62 189
62 190
62 191
62 193
62 194
62 196
62 198
62 182
63 64
63 65
63 66
63 67
63 68
63 69
63 70
63 71
63 72
63 73
63 74
63 75
63 76
63 77
63 78
63 79
63 80
63 81
63 82
63 83
63 84
63 85
63 86
63 87
63 88
63 89
63 90
63 91
63 92
63 94
63 95
63 96
63 97
63 98
63 99
63 100
63 102
63 103
63 104
63 105
63 106
63 107
63 108
63 109
63 112
63 113
63 114
63 115
63 116
63 119
63 120
63 121
63 124
63 125
63 129
63 130
63 131
63 133
63 136
63 138
63 139
63 141
63 143
63 145
63 148
63 150
63 151
63 152
63 155
63 156
63 157
63 166
63 168
63 174
63 175
63 178
63 179
63 180
63 181
63 182
63 184
63 187
63 190
63 191
63 192
63 194
63 195
63 196
63 197
63 199
64 65
64 66
64 67
64 68
64 69
64 70
64 71
64 72
64 73
64 74
64 75
64 76
64 77
64 78
64 79
64 80
64 81
64 82
64 83
64 84
64 86
64 87
64 89
64 91
64 92
64 93
64 94
64 96
64 97
64 98
64 99
64 102
64 103
64 104
64 105
64 107
64 108
64 109
64 110
64 111
64 112
64 113
64 114
64 115
64 118
64 121
64 125
64 127
64 128
64 131
64 132
64 135
64 136
64 137
64 138
64 140
64 142
64 143
64 145
64 148
64 151
64 153
64 154
64 157
64 162
64 164
64 166
64 169
64 170
64 171
64 178
64 179
64 180
64 183
64 184
64 186
64 187
64 188
64 194
64 196
65 66
65 67
65 68
65 69
65 70
65 71
65 72
65 73
65 74
65 75
65 76
65 77
65 78
65 79
65 80
65 81
65 82
65 83
65 84
65 85
65 86
65 88
65 89
65 91
65 93
65 95
65 96
65 97
65 98
65 100
65 102
65 103
65 104
65 105
65 107
65 108
65 109
65 110
65 111
65 112
65 113
65 114
65 115
65 116
65 122
65 124
65 127
65 128
65 129
65 131
65 132
65 133
65 135
65 136
65 142
65 144
65 145
65 149
65 150
65 151
65 161
65 162
65 163
65 165
65 166
65 167
65 170
65 171
65 174
65 177
65 178
65 183
65 184
65 185
65 192
65 193
65 196
66 67
66 68
66 69
66 70
66 71
66 72
66 73
66 74
66 75
66 76
66 77
66 78
66 79
66 80
66 81
66 82
66 83
66 85
66 86
66 87
66 88
66 89
66 90
66 91
66 92
66 93
66 94
66 95
66 96
66 97
66 98
66 99
66 101
66 102
66 103
66 105
66 106
66 107
66 110
66 111
66 114
66 116
66 117
66 119
66 121
66 124
66 125
66 126
66 127
66 128
66 129
66 131
66 132
66 134
66 136
66 138
66 139
66 140
66 141
66 142
66 144
66 145
66 146
66 147
66 148
66 151
66 152
66 156
66 164
66 165
66 167
66 168
66 169
66 170
66 175
66 176
66 179
66 180
66 184
66 185
66 188
66 191
66 192
66 196
66 199
66 186
67 68
67 69
67 70
67 71
67 72
67 73
67 74
67 75
67 76
67 77
67 78
67 80
67 81
67 83
67 84
67 85
67 86
67 87
67 88
67 89
67 90
67 91
67 92
67 93
67 94
67 97
67 98
67 99
67 100
67 101
67 102
67 103
67 104
67 105
67 107
67 109
67 110
67 112
67 113
67 114
67 116
67 117
67 118
67 120
67 121
67 122
67 124
67 125
67 126
67 127
67 128
67 129
67 130
67 131
67 132
67 134
67 137
67 141
67 143
67 144
67 145
67 146
67 148
67 151
67 154
67 159
67 160
67 162
67 164
67 166
67 167
67 171
67 175
67 177
67 183
67 185
67 190
67 191
67 194
67 196
67 197
67 149
68 69
68 70
68 71
68 72
68 73
68 74
68 75
68 76
68 77
68 78
68 79
68 80
68 81
68 82
68 83
68 84
68 85
68 86
68 87
68 88
68 89
68 90
68 91
68 92
68 93
68 94
68 95
68 96
68 97
68 98
68 99
68 100
68 101
68 102
68 103
68 104
68 106
68 107
68 108
68 109
68 110
68 111
68 112
68 113
68 115
68 116
68 117
68 118
68 119
68 120
68 121
68 122
68 123
68 124
68 126
68 128
68 129
68 131
68 132
68 135
68 136
68 137
68 138
68 139
68 140
68 143
68 144
68 145
68 147
68 148
68 151
68 154
68 155
68 156
68 160
68 161
68 162
68 163
68 164
68 171
68 172
68 173
68 176
68 177
68 182
68 183
68 186
68 187
68 188
68 191
68 192
68 196
68 198
68 199
69 70
69 71
69 72
69 73
69 74
69 75
69 76
69 77
69 78
69 79
69 80
69 81
69 82
69 83
69 84
69 85
69 86
69 87
69 88
69 90
69 91
69 92
69 94
69 95
69 97
69 100
69 101
69 102
69 103
69 104
69 106
69 107
69 110
69 111
69 112
69 113
69 114
69 115
69 120
69 121
69 122
69 123
69 124
69 126
69 127
69 129
69 130
69 131
69 132
69 133
69 137
69 139
69 140
69 141
69 142
69 144
69 147
69 150
69 151
69 156
69 157
69 158
69 159
69 165
69 168
69 169
69 170
69 171
69 172
69 173
69 174
69 177
69 180
69 182
69 183
69 185
69 186
69 187
69 189
69 190
69 192
69 194
69 198
69 199
69 116
70 71
70 72
70 73
70 74
70 75
70 76
70 77
70 78
70 80
70 81
70 82
70 83
70 84
70 85
70 86
70 88
70 89
70 90
70 91
70 92
70 93
70 94
70 95
70 96
70 98
70 100
70 101
70 102
70 104
70 105
70 107
70 108
70 109
70 111
70 113
70 114
70 116
70 117
70 119
70 120
70 121
70 122
70 123
70 126
70 128
70 130
70 131
70 133
70 134
70 136
70 138
70 139
70 140
70 141
70 143
70 144
70 145
70 146
70 150
70 151
70 152
70 153
70 155
70 156
70 157
70 158
70 159
70 160
70 165
70 166
70 167
70 168
70 169
70 170
70 172
70 173
70 178
70 183
70 186
70 189
70 190
70 192
70 195
70 198
70 199
71 72
71 73
71 74
71 75
71 76
71 77
71 79
71 80
71 81
71 82
71 83
71 84
71 85
71 86
71 87
71 88
71 90
71 91
71 92
71 93
71 94
71 95
71 98
71 99
71 102
71 104
71 105
71 106
71 107
71 108
71 110
71 111
71 113
71 115
71 116
71 119
71 120
71 124
71 125
71 126
71 127
71 129
71 130
71 131
71 136
71 139
71 141
71 142
71 153
71 158
71 159
71 161
71 168
71 172
71 178
71 180
71 181
71 182
71 183
71 189
71 192
71 198
71 103
72 73
72 74
72 75
72 76
72 77
72 78
72 79
72 80
72 81
72 83
72 85
72 86
72 87
72 88
72 89
72 90
72 91
72 93
72 94
72 95
72 96
72 98
72 101
72 102
72 103
72 104
72 105
72 106
72 107
72 108
72 110
72 112
72 114
72 115
72 116
72 117
72 118
72 121
72 122
72 124
72 127
72 129
72 131
72 132
72 135
72 136
72 138
72 139
72 141
72 143
72 146
72 150
72 152
72 154
72 155
72 156
72 157
72 158
72 163
72 165
72 168
72 169
72 170
72 171
72 172
72 174
72 175
72 177
72 180
72 181
72 183
72 184
72 186
72 189
72 190
72 192
72 193
72 194
72 197
73 74
73 75
73 76
73 77
73 78
73 79
73 80
73 81
73 82
73 83
73 84
73 88
73 90
73 91
73 92
73 93
73 95
73 96
73 97
73 98
73 100
73 101
73 102
73 104
73 105
73 107
73 108
73 109
73 110
73 112
73 113
73 115
73 116
73 117
73 118
73 119
73 120
73 121
73 123
73 125
73 126
73 128
73 130
73 133
73 134
73 135
73 136
73 137
73 138
73 139
73 142
73 146
73 150
73 151
73 152
73 154
73 156
73 157
73 161
73 163
73 165
73 167
73 169
73 170
73 171
73 172
73 173
73 174
73 175
73 176
73 185
73 187
73 190
73 191
73 194
73 195
73 196
73 197
73 199
73 122
74 75
74 76
74 77
74 78
74 79
74 81
74 82
74 83
74 84
74 85
74 86
74 87
74 88
74 89
74 92
74 93
74 95
74 96
74 97
74 98
74 99
74 100
74 102
74 103
74 104
74 105
74 107
74 109
74 112
74 113
74 115
74 117
74 119
74 121
74 123
74 125
74 127
74 128
74 130
74 131
74 132
74 133
74 134
74 137
74 138
74 139
74 140
74 142
74 145
74 153
74 154
74 155
74 157
74 158
74 160
74 162
74 163
74 164
74 169
74 172
74 175
74 176
74 177
74 178
74 179
74 180
74 181
74 187
74 188
74 191
74 192
74 193
74 195
74 196
74 198
75 76
75 77
75 79
75 80
75 81
75 82
75 84
75 85
75 86
75 87
75 90
75 91
75 92
75 93
75 94
75 95
75 96
75 97
75 98
75 99
75 100
75 102
75 104
75 107
75 108
75 109
75 110
75 111
75 112
75 114
75 117
75 119
75 120
75 122
75 123
75 124
75 126
75 127
75 128
75 129
75 130
75 131
75 132
75 133
75 135
75 136
75 139
75 141
75 143
75 145
75 147
75 148
75 152
75 153
75 154
75 155
75 160
75 161
75 164
75 165
75 166
75 167
75 168
75 170
75 177
75 181
75 183
75 184
75 185
75 186
75 189
75 190
75 199
76 77
76 78
76 79
76 80
76 81
76 82
76 83
76 84
76 85
76 87
76 88
76 89
76 90
76 91
76 92
76 93
76 94
76 95
76 96
76 97
76 98
76 99
76 101
76 102
76 103
76 104
76 105
76 110
76 113
76 114
76 117
76 118
76 119
76 121
76 122
76 123
76 124
76 125
76 126
76 127
76 128
76 132
76 135
76 136
76 137
76 138
76 140
76 141
76 142
76 143
76 146
76 148
76 150
76 151
76 152
76 158
76 163
76 166
76 167
76 171
76 172
76 174
76 175
76 176
76 177
76 179
76 182
76 184
76 187
76 189
76 190
77 78
77 79
77 80
77 81
77 82
77 83
77 85
77 86
77 88
77 89
77 91
77 92
77 94
77 95
77 97
77 99
77 100
77 101
77 103
77 104
77 109
77 112
77 116
77 118
77 122
77 123
77 125
77 126
77 127
77 128
77 132
77 134
77 135
77 137
77 138
77 140
77 141
77 142
77 147
77 148
77 152
77 154
77 157
77 158
77 163
77 164
77 168
77 170
77 174
77 175
77 178
77 183
77 184
77 185
77 186
77 188
77 190
77 192
77 193
77 198
78 79
78 80
78 81
78 82
78 83
78 84
78 85
78 86
78 88
78 89
78 91
78 92
78 93
78 94
78 95
78 96
78 97
78 98
78 100
78 102
78 103
78 104
78 105
78 106
78 107
78 108
78 111
78 115
78 116
78 120
78 122
78 123
78 124
78 125
78 127
78 128
78 130
78 132
78 134
78 135
78 140
78 143
78 144
78 145
78 147
78 148
78 150
78 157
78 165
78 166
78 168
78 169
78 172
78 173
78 177
78 179
78 181
78 182
78 185
78 186
78 189
78 192
78 195
78 199
78 146
78 162
79 82
79 85
79 89
79 90
79 91
79 92
79 93
79 94
79 95
79 96
79 98
79 103
79 105
79 106
79 108
79 109
79 112
79 113
79 115
79 118
79 119
79 123
79 125
79 126
79 128
79 132
79 133
79 134
79 135
79 137
79 138
79 140
79 141
79 146
79 147
79 154
79 155
79 156
79 157
79 158
79 159
79 161
79 162
79 164
79 167
79 173
79 175
79 177
79 180
79 181
79 183
79 188
79 189
79 191
79 193
79 194
79 196
79 104
80 81
80 83
80 84
80 86
80 87
80 88
80 89
80 91
80 92
80 93
80 94
80 95
80 97
80 98
80 99
80 100
80 101
80 104
80 107
80 108
80 109
80 110
80 111
80 112
80 113
80 116
80 117
80 119
80 121
80 124
80 126
80 127
80 128
80 130
80 131
80 133
80 135
80 138
80 142
80 143
80 145
80 146
80 147
80 149
80 150
80 151
80 152
80 154
80 155
80 160
80 161
80 162
80 163
80 164
80 170
80 177
80 180
80 182
80 183
80 184
80 185
80 186
80 188
80 189
80 194
80 173
81 82
81 83
81 86
81 87
81 88
81 89
81 90
81 92
81 93
81 95
81 97
81 98
81 99
81 102
81 106
81 107
81 108
81 109
81 110
81 111
81 114
81 115
81 119
81 120
81 121
81 123
81 125
81 127
81 128
81 129
81 130
81 134
81 137
81 138
81 139
81 141
81 144
81 149
81 150
81 151
81 153
81 154
81 158
81 160
81 161
81 165
81 166
81 167
81 171
81 173
81 174
81 179
81 180
81 182
81 183
81 187
81 194
81 198
82 83
82 84
82 85
82 86
82 90
82 91
82 94
82 95
82 97
82 98
82 100
82 102
82 106
82 108
82 109
82 110
82 112
82 113
82 114
82 115
82 117
82 119
82 121
82 124
82 125
82 126
82 128
82 129
82 130
82 131
82 132
82 134
82 135
82 138
82 139
82 140
82 141
82 143
82 145
82 146
82 148
82 150
82 151
82 152
82 153
82 155
82 156
82 158
82 159
82 160
82 161
82 166
82 172
82 173
82 178
82 179
82 180
82 184
82 185
82 186
82 187
82 188
82 190
82 191
82 192
82 193
82 194
82 195
82 197
82 199
83 84
83 85
83 86
83 87
83 88
83 89
83 90
83 91
83 92
83 94
83 95
83 96
83 97
83 98
83 99
83 100
83 101
83 102
83 103
83 104
83 105
83 106
83 107
83 108
83 109
83 112
83 116
83 120
83 122
83 124
83 126
83 127
83 130
83 133
83 134
83 136
83 137
83 139
83 140
83 142
83 143
83 144
83 147
83 148
83 149
83 151
83 153
83 156
83 157
83 161
83 164
83 165
83 167
83 168
83 169
83 172
83 173
83 175
83 176
83 181
83 192
83 196
83 197
83 188
83 111
83 118
84 86
84 87
84 88
84 89
84 90
84 91
84 92
84 93
84 94
84 96
84 99
84 100
84 101
84 104
84 106
84 107
84 108
84 110
84 113
84 115
84 116
84 117
84 118
84 119
84 121
84 122
84 124
84 126
84 131
84 132
84 135
84 141
84 142
84 143
84 144
84 146
84 148
84 155
84 156
84 159
84 161
84 162
84 166
84 170
84 175
84 178
84 179
84 188
84 191
84 193
84 196
84 197
84 198
85 86
85 88
85 89
85 90
85 91
85 93
85 95
85 97
85 98
85 99
85 100
85 101
85 102
85 103
85 106
85 108
85 109
85 111
85 112
85 113
85 114
85 115
85 116
85 118
85 120
85 121
85 123
85 124
85 125
85 126
85 127
85 131
85 132
85 133
85 135
85 139
85 140
85 144
85 145
85 147
85 148
85 149
85 150
85 151
85 152
85 160
85 161
85 162
85 166
85 167
85 168
85 173
85 175
85 177
85 178
85 179
85 180
85 186
85 189
85 191
85 194
85 195
85 197
85 198
85 117
86 87
86 89
86 90
86 91
86 92
86 93
86 95
86 96
86 97
86 100
86 102
86 103
86 104
86 105
86 107
86 108
86 110
86 112
86 114
86 115
86 116
86 117
86 118
86 119
86 120
86 123
86 127
86 128
86 129
86 130
86 131
86 133
86 137
86 138
86 140
86 142
86 145
86 149
86 150
86 151
86 153
86 154
86 155
86 157
86 159
86 160
86 163
86 164
86 167
86 172
86 175
86 177
86 178
86 179
86 180
86 187
86 188
86 190
86 191
86 194
86 195
86 198
86 144
87 88
87 89
87 90
87 91
87 92
87 93
87 94
87 97
87 98
87 101
87 102
87 103
87 104
87 105
87 106
87 107
87 110
87 111
87 112
87 113
87 115
87 116
87 118
87 119
87 123
87 124
87 126
87 127
87 129
87 130
87 131
87 135
87 136
87 137
87 141
87 143
87 144
87 145
87 146
87 149
87 150
87 159
87 160
87 161
87 162
87 163
87 164
87 165
87 168
87 169
87 170
87 173
87 174
87 175
87 176
87 181
87 184
87 185
87 187
87 188
87 190
87 191
87 192
87 193
87 195
87 198
88 89
88 90
88 91
88 94
88 96
88 97
88 98
88 99
88 101
88 103
88 106
88 108
88 109
88 116
88 119
88 120
88 125
88 126
88 134
88 135
88 138
88 140
88 141
88 142
88 145
88 146
88 157
88 164
88 170
88 172
88 174
88 177
88 178
88 183
88 186
88 190
88 192
88 195
88 197
88 162
89 90
89 91
89 94
89 95
89 96
89 97
89 98
89 101
89 103
89 104
89 105
89 106
89 107
89 108
89 109
89 110
89 113
89 114
89 119
89 120
89 121
89 122
89 124
89 125
89 129
89 132
89 133
89 136
89 137
89 139
89 142
89 146
89 153
89 154
89 155
89 160
89 163
89 166
89 168
89 171
89 173
89 177
89 185
89 192
89 193
89 197
89 199
90 91
90 94
90 95
90 99
90 100
90 102
90 103
90 104
90 105
90 106
90 107
90 108
90 109
90 113
90 115
90 117
90 118
90 119
90 120
90 121
90 123
90 127
90 129
90 132
90 133
90 134
90 136
90 139
90 140
90 142
90 146
90 150
90 152
90 153
90 154
90 155
90 156
90 157
90 159
90 162
90 164
90 165
90 167
90 169
90 170
90 173
90 174
90 186
90 188
90 191
90 198
90 122
90 143
91 92
91 93
91 94
91 97
91 98
91 99
91 102
91 104
91 105
91 107
91 109
91 110
91 111
91 112
91 114
91 115
91 116
91 118
91 119
91 120
91 121
91 122
91 124
91 125
91 127
91 128
91 130
91 137
91 138
91 139
91 142
91 143
91 144
91 145
91 152
91 153
91 154
91 155
91 156
91 157
91 158
91 160
91 161
91 163
91 164
91 170
91 173
91 174
91 177
91 178
91 182
91 184
91 187
91 190
91 192
91 194
91 195
91 172
92 93
92 94
92 95
92 96
92 97
92 99
92 101
92 102
92 103
92 104
92 105
92 108
92 109
92 114
92 115
92 116
92 117
92 118
92 120
92 123
92 124
92 126
92 128
92 134
92 136
92 137
92 139
92 140
92 141
92 143
92 144
92 145
92 146
92 148
92 149
92 155
92 157
92 158
92 160
92 162
92 163
92 164
92 166
92 167
92 169
92 173
92 174
92 175
92 179
92 180
92 182
92 184
92 185
92 189
92 191
92 192
92 193
92 194
92 196
92 198
93 94
93 95
93 96
93 97
93 98
93 99
93 100
93 101
93 102
93 103
93 104
93 106
93 107
93 108
93 109
93 110
93 114
93 115
93 117
93 118
93 122
93 123
93 124
93 125
93 128
93 129
93 130
93 133
93 134
93 136
93 141
93 142
93 143
93 144
93 147
93 148
93 150
93 152
93 153
93 154
93 158
93 159
93 160
93 162
93 166
93 167
93 169
93 171
93 172
93 173
93 178
93 179
93 180
93 181
93 184
93 192
93 199
94 96
94 97
94 98
94 99
94 101
94 102
94 106
94 108
94 109
94 111
94 112
94 113
94 116
94 117
94 118
94 119
94 120
94 123
94 126
94 128
94 130
94 132
94 133
94 134
94 135
94 136
94 138
94 141
94 142
94 148
94 149
94 150
94 152
94 153
94 154
94 157
94 158
94 159
94 162
94 167
94 170
94 171
94 176
94 178
94 183
94 185
94 190
94 160
95 96
95 97
95 98
95 99
95 100
95 102
95 103
95 109
95 110
95 114
95 115
95 118
95 119
95 120
95 121
95 123
95 126
95 128
95 132
95 133
95 137
95 138
95 139
95 141
95 144
95 148
95 151
95 153
95 156
95 157
95 161
95 162
95 169
95 172
95 175
95 178
95 179
95 180
95 183
95 190
95 191
95 193
95 194
95 196
95 199
95 165
96 98
96 99
96 101
96 104
96 106
96 107
96 108
96 110
96 111
96 112
96 113
96 114
96 118
96 121
96 123
96 128
96 129
96 130
96 131
96 132
96 133
96 134
96 137
96 138
96 139
96 146
96 147
96 148
96 149
96 150
96 151
96 156
96 159
96 160
96 163
96 165
96 166
96 171
96 177
96 178
96 183
96 184
96 185
96 188
96 189
96 190
96 192
96 194
96 195
96 197
97 99
97 100
97 101
97 103
97 104
97 105
97 106
97 107
97 108
97 109
97 111
97 112
97 113
97 114
97 118
97 119
97 120
97 121
97 123
97 124
97 125
97 126
97 128
97 130
97 131
97 134
97 135
97 136
97 137
97 143
97 144
97 146
97 147
97 149
97 156
97 157
97 158
97 159
97 163
97 167
97 171
97 176
97 180
97 181
97 185
97 187
97 190
97 191
97 192
97 193
98 99
98 101
98 102
98 104
98 105
98 107
98 109
98 110
98 111
98 112
98 113
98 114
98 115
98 116
98 117
98 120
98 121
98 128
98 129
98 131
98 133
98 136
98 139
98 142
98 145
98 147
98 148
98 149
98 150
98 152
98 154
98 156
98 160
98 162
98 163
98 171
98 172
98 173
98 174
98 175
98 176
98 177
98 181
98 184
98 187
98 188
98 195
98 198
98 106
99 100
99 101
99 103
99 105
99 106
99 108
99 109
99 111
99 112
99 114
99 116
99 118
99 123
99 126
99 128
99 130
99 131
99 132
99 136
99 138
99 140
99 141
99 145
99 148
99 152
99 153
99 154
99 156
99 160
99 165
99 166
99 167
99 172
99 174
99 175
99 177
99 181
99 182
99 183
99 186
99 188
99 189
99 192
99 155
99 147
100 101
100 104
100 105
100 107
100 108
100 109
100 113
100 114
100 115
100 116
100 118
100 120
100 124
100 125
100 127
100 128
100 130
100 131
100 133
100 134
100 139
100 141
100 142
100 143
100 144
100 149
100 151
100 153
100 155
100 162
100 163
100 168
100 169
100 172
100 173
100 186
100 189
100 192
100 194
100 196
100 152
101 103
101 110
101 111
101 112
101 114
101 116
101 117
101 119
101 124
101 127
101 130
101 131
101 132
101 133
101 134
101 135
101 137
101 138
101 140
101 141
101 143
101 144
101 145
101 147
101 148
101 149
101 150
101 151
101 154
101 164
101 167
101 171
101 173
101 174
101 176
101 179
101 180
101 185
101 190
101 191
101 192
101 199
102 106
102 107
102 110
102 111
102 114
102 116
102 117
102 118
102 122
102 125
102 127
102 128
102 130
102 132
102 139
102 141
102 146
102 148
102 153
102 154
102 155
102 157
102 158
102 173
102 174
102 177
102 180
102 190
102 192
103 105
103 106
103 112
103 114
103 115
103 116
103 117
103 118
103 119
103 121
103 124
103 127
103 131
103 132
103 133
103 137
103 138
103 140
103 142
103 144
103 148
103 151
103 155
103 156
103 164
103 165
103 166
103 168
103 171
103 173
103 175
103 176
103 181
103 186
103 191
103 194
103 145
104 108
104 109
104 110
104 114
104 115
104 119
104 123
104 125
104 129
104 135
104 138
104 139
104 140
104 142
104 144
104 146
104 147
104 155
104 162
104 163
104 165
104 166
104 167
104 171
104 178
104 179
104 181
104 182
104 185
104 188
104 192
104 193
104 197
105 108
105 109
105 110
105 112
105 113
105 114
105 115
105 116
105 117
105 120
105 123
105 124
105 125
105 127
105 130
105 132
105 133
105 134
105 136
105 137
105 145
105 147
105 149
105 150
105 153
105 155
105 159
105 161
105 167
105 168
105 169
105 170
105 174
105 175
105 178
105 179
105 180
105 182
105 186
105 191
105 193
105 194
105 188
106 107
106 109
106 110
106 113
106 114
106 115
106 116
106 117
106 118
106 120
106 121
106 122
106 123
106 124
106 125
106 127
106 128
106 130
106 131
106 132
106 133
106 136
106 138
106 148
106 151
106 153
106 155
106 158
106 161
106 163
106 164
106 165
106 168
106 171
106 173
106 174
106 179
106 185
106 186
106 188
106 192
106 184
107 110
107 111
107 112
107 113
107 114
107 115
107 117
107 118
107 129
107 132
107 133
107 137
107 143
107 149
107 159
107 169
107 174
107 179
107 180
107 184
107 186
107 193
107 167
107 175
108 110
108 114
108 118
108 121
108 123
108 124
108 125
108 127
108 131
108 133
108 134
108 135
108 136
108 137
108 139
108 140
108 147
108 149
108 150
108 151
108 156
108 161
108 164
108 166
108 168
108 174
108 176
108 180
108 184
108 190
108 191
108 196
109 110
109 111
109 112
109 113
109 114
109 116
109 117
109 118
109 119
109 120
109 121
109 124
109 126
109 129
109 130
109 132
109 137
109 141
109 142
109 143
109 144
109 147
109 148
109 152
109 153
109 163
109 168
109 169
109 175
109 179
109 180
109 182
109 183
109 184
109 185
109 187
109 188
109 197
110 111
110 112
110 113
110 114
110 116
110 118
110 120
110 122
110 123
110 128
110 130
110 135
110 136
110 137
110 139
110 141
110 143
110 145
110 149
110 152
110 153
110 154
110 156
110 157
110 158
110 160
110 163
110 168
110 170
110 173
110 182
110 186
110 189
110 190
110 193
110 195
110 196
110 197
110 199
111 112
111 115
111 119
111 122
111 125
111 127
111 129
111 132
111 134
111 135
111 139
111 142
111 151
111 152
111 154
111 156
111 160
111 162
111 164
111 172
111 174
111 179
111 180
111 184
111 188
111 189
111 192
111 195
112 116
112 117
112 118
112 119
112 120
112 121
112 122
112 123
112 125
112 128
112 129
112 131
112 133
112 135
112 136
112 138
112 143
112 144
112 146
112 147
112 148
112 149
112 154
112 157
112 159
112 160
112 161
112 166
112 167
112 175
112 185
112 186
112 187
112 189
112 191
112 193
112 196
112 199
112 178
113 115
113 119
113 127
113 132
113 133
113 134
113 135
113 136
113 140
113 141
113 142
113 149
113 151
113 157
113 158
113 161
113 164
113 166
113 168
113 171
113 173
113 176
113 179
113 187
113 188
113 192
113 195
113 196
114 115
114 117
114 123
114 125
114 126
114 127
114 131
114 134
114 136
114 138
114 140
114 143
114 144
114 151
114 156
114 157
114 159
114 161
114 162
114 166
114 169
114 171
114 177
114 183
114 188
114 189
114 192
114 193
115 117
115 118
115 122
115 123
115 125
115 127
115 129
115 131
115 132
115 133
115 138
115 139
115 144
115 147
115 148
115 152
115 159
115 162
115 164
115 165
115 167
115 168
115 171
115 172
115 173
115 180
115 182
115 187
115 188
115 190
115 195
116 120
116 121
116 122
116 124
116 126
116 134
116 135
116 136
116 139
116 140
116 142
116 144
116 145
116 147
116 148
116 149
116 151
116 153
116 157
116 158
116 160
116 162
116 164
116 169
116 172
116 173
116 174
116 177
116 185
116 188
116 194
116 197
116 165
117 121
117 122
117 126
117 127
117 129
117 133
117 134
117 135
117 138
117 139
117 141
117 158
117 159
117 165
117 170
117 172
117 173
117 175
117 179
117 185
117 187
117 189
117 190
117 197
117 199
118 119
118 120
118 121
118 126
118 127
118 129
118 135
118 136
118 141
118 145
118 146
118 147
118 150
118 152
118 156
118 157
118 162
118 163
118 166
118 169
118 170
118 181
118 187
118 188
118 191
118 194
118 198
119 122
119 124
119 125
119 126
119 128
119 131
119 133
119 137
119 138
119 146
119 148
119 149
119 150
119 151
119 153
119 154
119 155
119 158
119 166
119 168
119 173
119 176
119 183
119 186
119 187
119 190
119 192
119 194
119 196
119 199
120 122
120 124
120 125
120 130
120 133
120 134
120 142
120 143
120 145
120 149
120 150
120 151
120 158
120 159
120 163
120 165
120 175
120 177
120 178
120 180
120 182
120 187
120 193
120 195
121 124
121 126
121 128
121 129
121 130
121 131
121 133
121 134
121 136
121 138
121 143
121 144
121 146
121 147
121 149
121 152
121 153
121 154
121 156
121 157
121 158
121 159
121 166
121 175
121 176
121 178
121 179
121 180
121 182
121 189
121 190
121 194
121 195
121 197
122 125
122 126
122 132
122 135
122 142
122 144
122 145
122 146
122 149
122 152
122 153
122 156
122 161
122 163
122 165
122 168
122 169
122 170
122 172
122 178
122 185
122 188
122 189
122 191
122 194
122 195
122 196
123 132
123 133
123 136
123 139
123 143
123 144
123 147
123 150
123 151
123 162
123 163
123 167
123 169
123 173
123 179
123 183
123 184
123 185
123 187
123 189
123 190
123 194
123 196
123 199
123 153
124 125
124 130
124 132
124 134
124 137
124 138
124 139
124 142
124 144
124 145
124 151
124 156
124 157
124 158
124 165
124 177
124 181
124 182
124 187
124 152
125 126
125 129
125 131
125 135
125 137
125 140
125 145
125 146
125 147
125 153
125 154
125 159
125 160
125 161
125 165
125 166
125 167
125 169
125 171
125 172
125 174
125 176
125 177
125 178
125 188
125 196
126 127
126 128
126 129
126 130
126 131
126 134
126 135
126 138
126 139
126 140
126 144
126 150
126 153
126 165
126 167
126 178
126 182
126 189
126 193
127 128
127 129
127 133
127 134
127 135
127 138
127 143
127 147
127 148
127 149
127 159
127 161
127 167
127 169
127 170
127 174
127 176
127 178
127 179
127 182
127 184
127 186
127 188
127 189
127 195
127 197
127 164
128 131
128 140
128 141
128 142
128 143
128 145
128 146
128 149
128 155
128 156
128 157
128 166
128 169
128 174
128 175
128 179
128 185
128 187
128 193
128 196
128 197
129 130
129 138
129 147
129 150
129 153
129 156
129 159
129 168
129 169
129 171
129 173
129 174
129 177
129 181
129 191
129 193
129 196
129 197
130 131
130 135
130 137
130 138
130 140
130 143
130 144
130 145
130 154
130 155
130 161
130 166
130 169
130 171
130 172
130 173
130 178
130 183
130 185
130 186
130 187
130 188
131 151
131 154
131 162
131 163
131 172
131 173
131 174
131 182
131 186
131 189
131 190
131 194
131 196
131 135
132 137
132 140
132 146
132 154
132 156
132 159
132 160
132 162
132 164
132 168
132 172
132 173
132 175
132 176
132 180
132 181
132 182
132 185
132 186
132 187
132 189
132 192
132 195
132 197
132 199
133 134
133 137
133 139
133 142
133 143
133 145
133 147
133 148
133 151
133 152
133 153
133 154
133 156
133 160
133 163
133 164
133 165
133 166
133 167
133 171
133 176
133 178
133 181
133 184
133 185
133 194
133 195
134 137
134 138
134 139
134 140
134 141
134 142
134 143
134 144
134 145
134 148
134 164
134 167
134 170
134 171
134 172
134 174
134 178
134 185
134 195
134 198
135 137
135 138
135 140
135 143
135 145
135 146
135 151
135 153
135 159
135 162
135 166
135 171
135 174
135 175
135 177
135 178
135 180
135 183
135 186
135 192
135 194
135 197
136 137
136 138
136 141
136 142
136 145
136 147
136 152
136 157
136 161
136 167
136 169
136 170
136 173
136 176
136 178
136 180
136 181
136 182
136 185
136 186
136 197
136 198
136 199
136 172
137 141
137 142
137 155
137 158
137 161
137 166
137 169
137 172
137 173
137 180
137 186
137 193
137 197
137 198
138 139
138 143
138 144
138 145
138 147
138 148
138 149
138 151
138 156
138 157
138 159
138 160
138 163
138 165
138 170
138 172
138 173
138 176
138 178
138 181
138 184
138 191
138 192
138 196
139 141
139 143
139 149
139 150
139 156
139 160
139 161
139 164
139 166
139 167
139 170
139 175
139 176
139 177
139 182
139 190
139 194
139 199
140 141
140 142
140 146
140 148
140 150
140 151
140 152
140 156
140 157
140 165
140 166
140 169
140 183
140 189
140 190
140 194
140 198
140 199
141 144
141 145
141 148
141 149
141 152
141 157
141 160
141 161
141 165
141 172
141 177
141 180
141 184
141 185
141 186
141 188
141 195
141 196
142 151
142 152
142 155
142 161
142 163
142 169
142 172
142 175
142 181
142 185
142 189
142 192
142 193
142 197
143 144
143 150
143 161
143 167
143 168
143 170
143 172
143 173
143 174
143 180
143 189
143 191
143 197
144 149
144 152
144 153
144 158
144 159
144 161
144 167
144 169
144 174
144 183
144 185
144 189
144 198
144 199
145 157
145 161
145 163
145 167
145 169
145 172
145 181
145 182
145 184
145 185
145 190
145 195
145 196
146 151
146 152
146 153
146 155
146 159
146 160
146 162
146 165
146 169
146 170
146 177
146 180
146 186
146 187
146 189
146 194
146 196
147 151
147 157
147 164
147 168
147 171
147 174
147 178
147 187
147 189
147 193
147 194
147 195
148 150
148 151
148 152
148 153
148 154
148 157
148 158
148 161
148 166
148 172
148 174
148 175
148 176
148 178
148 179
148 181
148 184
148 187
148 197
149 153
149 157
149 160
149 162
149 163
149 166
149 175
149 179
149 181
149 183
149 184
149 185
149 189
149 193
149 197
149 198
149 159
150 154
150 158
150 161
150 165
150 168
150 169
150 170
150 171
150 172
150 177
150 179
150 181
150 182
150 183
150 184
150 193
150 199
150 155
151 152
151 154
151 156
151 159
151 170
151 172
151 173
151 174
151 178
151 181
151 182
151 183
151 184
151 185
151 188
151 190
152 153
152 155
152 156
152 158
152 161
152 162
152 163
152 164
152 165
152 168
152 170
152 178
152 184
152 193
152 194
152 195
152 196
152 197
153 154
153 160
153 165
153 173
153 181
153 197
154 159
154 160
154 166
154 167
154 168
154 169
154 170
154 171
154 172
154 175
154 176
154 198
154 156
155 157
155 159
155 161
155 165
155 168
155 173
155 175
155 177
155 182
155 191
155 194
155 195
155 198
156 158
156 159
156 161
156 163
156 166
156 167
156 175
156 176
156 178
156 180
156 182
156 191
156 195
157 158
157 159
157 160
157 164
157 165
157 169
157 171
157 172
157 174
157 175
157 176
157 177
157 186
157 187
157 188
157 190
157 197
158 161
158 162
158 176
158 182
158 188
158 192
158 193
159 172
159 179
159 182
159 193
159 194
159 195
160 163
160 175
160 176
160 187
160 193
160 196
161 164
161 176
161 180
161 181
161 188
161 194
161 195
161 198
162 167
162 180
162 183
162 184
162 186
162 187
162 188
162 191
162 199
162 166
163 164
163 166
163 167
163 171
163 172
163 190
163 191
163 199
164 177
164 178
164 190
164 193
164 199
165 168
165 171
165 174
165 177
165 179
165 183
165 186
165 187
165 188
165 193
165 182
166 171
166 177
166 179
166 197
167 171
167 173
167 174
167 177
167 180
167 186
167 196
168 170
168 175
168 192
169 181
169 197
169 198
170 173
170 181
170 197
170 199
171 181
171 183
171 186
171 188
171 191
171 193
171 199
172 174
172 176
172 186
172 196
172 197
173 182
173 183
174 176
174 181
174 188
174 190
174 191
174 192
174 197
174 198
174 199
175 184
175 185
175 189
175 195
176 180
176 181
176 184
176 185
176 193
176 195
176 197
177 178
177 179
177 191
177 194
177 199
178 184
178 186
178 189
178 190
178 194
179 181
179 183
179 198
180 182
180 186
180 187
180 189
180 192
181 182
181 184
181 193
181 198
181 199
182 186
182 196
183 188
184 188
184 193
184 195
184 199
185 186
185 187
186 189
186 190
186 194
186 195
186 196
186 197
187 195
187 196
187 197
187 199
188 194
189 194
189 195
189 197
189 198
190 198
190 199
191 195
193 195
193 199
194 199
195 197
195 198