242077391
9
200
1889
0 9
0 10
0 14
0 20
0 31
0 32
0 88
0 0
0 8
1 9
1 10
1 12
1 13
1 14
1 23
1 26
1 27
1 30
1 33
1 36
1 38
1 40
1 43
1 44
1 47
1 48
1 53
1 56
1 68
1 78
1 88
1 110
1 113
1 114
1 121
1 123
1 129
1 130
1 140
1 144
1 151
1 156
1 157
1 158
1 160
1 164
1 180
1 181
1 154
2 9
2 10
2 11
2 12
2 13
2 14
2 15
2 16
2 17
2 18
2 21
2 22
2 23
2 25
2 26
2 28
2 35
2 46
2 47
2 51
2 52
2 53
2 54
2 56
2 62
2 67
2 73
2 75
2 77
2 78
2 84
2 87
2 90
2 98
2 130
2 138
2 149
2 152
2 160
2 163
2 172
2 176
2 181
2 182
2 188
2 190
2 38
2 19
2 79
3 9
3 10
3 11
3 12
3 13
3 15
3 18
3 19
3 20
3 21
3 23
3 25
3 30
3 34
3 41
3 49
3 61
3 69
3 82
3 92
3 93
3 98
3 107
3 131
3 134
3 141
3 152
3 166
3 192
3 194
3 95
3 72
3 74
4 9
4 10
4 11
4 12
4 13
4 28
4 29
4 68
4 70
4 75
4 100
4 109
4 111
4 125
4 129
4 177
4 181
4 189
4 194
4 199
4 78
5 9
5 10
5 11
5 12
5 14
5 15
5 18
5 19
5 22
5 25
5 27
5 30
5 33
5 38
5 43
5 48
5 50
5 55
5 56
5 64
5 65
5 69
5 82
5 86
5 100
5 103
5 114
5 116
5 132
5 144
5 155
5 170
6 9
6 10
6 11
6 13
6 14
6 16
6 19
6 21
6 28
6 34
6 35
6 36
6 40
6 48
6 50
6 51
6 62
6 63
6 69
6 73
6 74
6 77
6 78
6 95
6 100
6 112
6 122
6 129
6 131
6 140
6 141
6 148
6 153
6 158
6 164
6 167
6 174
6 178
6 190
6 194
6 197
6 196
6 111
6 133
6 171
7 9
7 11
7 12
7 16
7 17
7 24
7 25
7 29
7 32
7 33
7 39
7 48
7 52
7 72
7 74
7 78
7 81
7 89
7 93
7 96
7 101
7 107
7 117
7 133
7 141
7 152
7 154
7 171
7 177
7 191
7 193
7 197
7 158
7 140
7 167
7 176
8 9
8 10
8 11
8 13
8 15
8 21
8 25
8 27
8 35
8 41
8 50
8 51
8 53
8 57
8 65
8 66
8 69
8 74
8 88
8 99
8 115
8 119
8 128
8 139
8 166
8 167
8 177
8 182
8 189
8 190
8 196
9 10
9 11
9 12
9 13
9 14
9 15
9 16
9 17
9 18
9 19
9 20
9 21
9 22
9 23
9 26
9 28
9 30
9 37
9 40
9 45
9 48
9 50
9 53
9 55
9 58
9 60
9 69
9 71
9 74
9 76
9 78
9 82
9 83
9 87
9 90
9 91
9 92
9 93
9 95
9 98
9 105
9 129
9 132
9 134
9 140
9 148
9 149
9 154
9 158
9 161
9 168
9 175
9 179
9 184
9 186
9 187
9 191
9 196
9 49
9 86
9 106
10 11
10 12
10 13
10 15
10 16
10 17
10 20
10 21
10 22
10 24
10 25
10 28
10 31
10 33
10 34
10 35
10 36
10 43
10 45
10 46
10 55
10 59
10 60
10 62
10 66
10 68
10 69
10 73
10 78
10 79
10 82
10 88
10 91
10 93
10 109
10 110
10 111
10 112
10 114
10 119
10 129
10 130
10 139
10 148
10 149
10 152
10 157
10 158
10 159
10 162
10 163
10 174
10 176
10 195
10 61
10 128
11 12
11 13
11 14
11 16
11 18
11 20
11 23
11 25
11 26
11 30
11 32
11 35
11 37
11 39
11 40
11 43
11 44
11 46
11 49
11 52
11 60
11 61
11 68
11 74
11 75
11 77
11 80
11 85
11 86
11 87
11 89
11 94
11 97
11 105
11 107
11 108
11 114
11 120
11 126
11 130
11 139
11 147
11 151
11 155
11 156
11 160
11 163
11 166
11 168
11 171
11 173
11 174
11 176
11 177
11 187
11 189
11 188
11 47
11 50
11 92
11 93
11 127
12 14
12 15
12 17
12 19
12 21
12 22
12 23
12 24
12 25
12 38
12 39
12 50
12 51
12 57
12 58
12 73
12 77
12 78
12 79
12 81
12 92
12 96
12 107
12 109
12 113
12 122
12 123
12 132
12 133
12 143
12 150
12 171
12 178
12 187
12 193
12 195
12 119
12 29
12 118
13 14
13 15
13 16
13 17
13 18
13 19
13 20
13 22
13 24
13 26
13 27
13 28
13 31
13 32
13 37
13 38
13 39
13 46
13 49
13 59
13 63
13 64
13 67
13 76
13 79
13 80
13 81
13 88
13 90
13 97
13 101
13 108
13 117
13 118
13 119
13 122
13 131
13 132
13 133
13 142
13 147
13 155
13 184
13 188
13 126
13 73
13 75
13 175
14 15
14 16
14 17
14 20
14 40
14 42
14 44
14 45
14 54
14 61
14 63
14 67
14 70
14 79
14 86
14 104
14 119
14 124
14 135
14 151
14 168
14 182
14 183
15 16
15 17
15 18
15 19
15 20
15 21
15 23
15 24
15 29
15 33
15 38
15 43
15 44
15 52
15 60
15 62
15 64
15 73
15 85
15 89
15 104
15 106
15 111
15 115
15 122
15 124
15 128
15 130
15 141
15 148
15 161
15 181
15 182
15 189
15 192
15 47
15 195
16 17
16 18
16 20
16 22
16 24
16 29
16 33
16 34
16 37
16 44
16 45
16 47
16 50
16 54
16 58
16 66
16 67
16 83
16 84
16 85
16 95
16 96
16 100
16 101
16 102
16 105
16 118
16 122
16 125
16 130
16 136
16 137
16 142
16 146
16 148
16 155
16 159
16 164
16 170
16 171
16 187
16 190
16 191
16 23
16 25
16 87
16 89
17 18
17 19
17 22
17 26
17 29
17 30
17 32
17 36
17 46
17 51
17 57
17 59
17 61
17 62
17 64
17 68
17 70
17 76
17 77
17 82
17 84
17 93
17 105
17 108
17 113
17 114
17 120
17 121
17 125
17 127
17 130
17 132
17 137
17 146
17 149
17 161
17 162
17 164
17 165
17 172
17 193
18 19
18 24
18 27
18 29
18 32
18 34
18 37
18 39
18 41
18 44
18 46
18 49
18 75
18 77
18 81
18 83
18 88
18 99
18 104
18 109
18 111
18 123
18 125
18 131
18 136
18 138
18 140
18 143
18 146
18 152
18 156
18 161
18 164
18 178
18 186
18 188
18 191
18 199
18 60
18 42
18 55
18 59
18 97
18 142
18 163
19 26
19 27
19 28
19 30
19 31
19 33
19 35
19 37
19 43
19 47
19 49
19 54
19 59
19 70
19 79
19 83
19 87
19 92
19 102
19 103
19 113
19 117
19 127
19 132
19 134
19 142
19 150
19 159
19 161
19 163
19 169
19 171
19 176
19 177
19 185
19 190
20 21
20 22
20 23
20 28
20 30
20 31
20 32
20 34
20 37
20 38
20 40
20 41
20 42
20 48
20 52
20 56
20 57
20 67
20 68
20 71
20 85
20 90
20 94
20 100
20 105
20 110
20 112
20 113
20 124
20 131
20 135
20 161
20 168
20 171
20 180
20 197
20 139
21 24
21 27
21 32
21 36
21 39
21 70
21 80
21 147
21 160
21 182
21 189
21 191
21 198
22 23
22 24
22 26
22 38
22 46
22 60
22 61
22 69
22 110
22 113
22 120
22 122
22 132
22 147
22 151
22 165
22 169
22 174
22 62
22 196
23 28
23 32
23 35
23 36
23 41
23 42
23 48
23 50
23 52
23 57
23 68
23 72
23 74
23 76
23 82
23 83
23 91
23 111
23 118
23 119
23 130
23 131
23 135
23 175
23 186
24 25
24 26
24 27
24 31
24 35
24 37
24 40
24 48
24 62
24 65
24 66
24 71
24 77
24 80
24 84
24 86
24 87
24 89
24 93
24 98
24 99
24 105
24 114
24 126
24 133
24 140
24 151
24 153
24 172
24 179
24 184
24 193
24 43
24 76
24 115
24 156
25 27
25 29
25 31
25 38
25 39
25 43
25 45
25 47
25 52
25 56
25 58
25 61
25 64
25 70
25 73
25 75
25 97
25 108
25 127
25 143
25 147
25 156
25 165
25 181
25 155
26 29
26 31
26 47
26 66
26 96
26 102
26 133
26 148
26 181
26 199
27 29
27 34
27 36
27 45
27 47
27 51
27 56
27 90
27 92
27 106
27 108
27 112
27 115
27 116
27 119
27 120
27 124
27 135
27 147
27 167
27 173
27 178
27 199
27 44
27 100
27 161
28 31
28 34
28 36
28 41
28 42
28 49
28 55
28 61
28 63
28 65
28 74
28 75
28 77
28 98
28 103
28 104
28 107
28 143
28 157
28 160
28 186
29 30
29 45
29 46
29 50
29 55
29 57
29 59
29 61
29 76
29 81
29 86
29 94
29 110
29 145
29 162
29 170
29 172
29 175
29 181
29 186
30 33
30 40
30 41
30 46
30 55
30 57
30 68
30 71
30 80
30 95
30 101
30 102
30 103
30 121
30 124
30 143
30 149
30 172
30 181
30 90
30 54
31 33
31 35
31 49
31 57
31 94
31 120
31 123
31 125
31 156
31 166
31 196
31 31
31 102
32 38
32 39
32 42
32 45
32 49
32 56
32 58
32 60
32 72
32 87
32 88
32 102
32 103
32 107
32 111
32 115
32 116
32 136
32 140
32 146
32 157
32 192
32 43
33 34
33 40
33 41
33 42
33 43
33 53
33 67
33 70
33 91
33 93
33 118
33 142
33 145
33 190
33 192
33 198
33 105
34 36
34 37
34 62
34 64
34 65
34 67
34 71
34 72
34 76
34 92
34 95
34 104
34 112
34 114
34 117
34 126
34 148
34 159
34 164
34 167
34 184
34 197
34 199
35 39
35 58
35 60
35 64
35 65
35 110
35 126
35 128
35 141
35 145
35 149
35 163
35 185
35 186
35 78
35 71
35 190
36 42
36 44
36 47
36 49
36 53
36 58
36 59
36 73
36 74
36 88
36 98
36 106
36 120
36 123
36 163
36 195
36 131
36 177
37 42
37 53
37 54
37 63
37 67
37 77
37 84
37 86
37 94
37 100
37 108
37 113
37 127
37 134
37 145
37 147
37 185
37 193
37 66
38 44
38 50
38 54
38 55
38 59
38 76
38 85
38 90
38 91
38 103
38 129
38 134
38 136
38 140
38 142
38 151
38 165
38 170
38 187
38 192
38 60
38 80
39 54
39 66
39 69
39 73
39 84
39 96
39 131
39 134
39 145
39 167
39 163
40 41
40 42
40 48
40 52
40 70
40 80
40 81
40 83
40 97
40 109
40 113
40 115
40 116
40 121
40 124
40 135
40 146
40 152
40 163
40 169
40 173
40 177
40 194
40 64
40 137
40 144
40 198
41 43
41 47
41 51
41 53
41 54
41 72
41 78
41 79
41 84
41 97
41 112
41 116
41 154
41 177
41 183
41 185
41 199
41 113
41 168
42 44
42 45
42 59
42 63
42 67
42 71
42 78
42 82
42 89
42 90
42 94
42 95
42 119
42 126
42 151
42 185
42 189
42 194
42 196
43 51
43 58
43 61
43 76
43 86
43 87
43 104
43 115
43 165
43 167
43 176
43 183
43 197
43 78
44 55
44 96
44 99
44 102
44 127
44 142
44 147
44 157
44 88
45 56
45 84
45 85
45 89
45 103
45 116
45 117
45 137
45 144
45 188
46 52
46 59
46 62
46 66
46 75
46 102
46 120
46 124
46 133
46 137
46 167
46 118
46 160
47 51
47 64
47 106
47 115
47 120
47 127
47 136
47 145
47 163
47 195
48 55
48 65
48 73
48 184
48 79
48 60
49 57
49 60
49 75
49 117
49 148
49 152
50 70
50 79
50 110
50 134
50 144
50 165
50 170
50 171
51 99
51 100
51 138
51 150
51 152
51 153
51 174
51 121
51 68
52 53
52 54
52 60
52 63
52 83
52 92
52 99
52 120
52 125
52 114
53 64
53 65
53 68
53 69
53 71
53 76
53 80
53 81
53 88
53 98
53 102
53 114
53 136
53 177
53 182
53 186
53 194
53 198
53 122
53 146
54 62
54 97
54 114
54 123
54 124
54 190
55 56
55 58
55 63
55 66
55 87
55 117
55 150
55 156
55 157
55 161
55 166
55 172
55 199
56 74
56 83
56 85
56 132
56 146
56 153
56 156
56 157
56 194
56 72
56 197
57 107
57 121
57 127
57 190
57 191
57 182
57 173
58 66
58 85
58 109
58 111
58 118
58 184
58 193
58 154
58 174
59 71
59 72
59 75
59 80
59 86
59 101
59 111
59 139
59 141
59 142
59 164
59 169
59 179
59 70
60 63
60 79
60 85
60 89
60 92
60 93
60 96
60 108
60 122
60 128
60 133
60 137
60 158
60 162
60 174
60 175
60 176
60 182
60 195
60 139
61 82
61 101
61 110
62 71
62 72
62 115
62 154
62 158
62 160
62 180
62 84
62 96
62 135
63 72
63 83
63 99
63 107
63 116
63 122
63 129
63 160
63 166
63 172
63 199
63 121
63 149
64 65
64 79
64 81
64 82
64 92
64 93
64 99
64 131
64 137
64 172
64 111
65 91
65 130
65 143
65 198
65 160
65 126
66 96
66 106
66 128
66 137
66 150
66 196
67 98
67 106
67 125
67 134
67 184
67 85
68 80
68 90
68 106
68 140
68 166
68 147
69 91
69 105
69 117
69 145
69 184
69 189
69 160
70 72
70 81
70 89
70 90
70 112
70 115
70 118
70 138
70 153
70 85
71 128
71 173
71 193
71 198
72 97
72 104
72 133
72 150
72 153
72 156
72 188
72 189
73 94
73 101
73 104
73 105
73 126
73 132
73 170
73 178
73 196
73 150
74 89
74 97
74 109
74 128
74 146
74 150
74 168
74 175
74 192
74 123
75 86
75 95
75 121
75 140
75 145
75 162
75 195
75 196
76 95
76 123
76 125
76 173
76 182
76 195
77 164
78 84
78 87
78 143
78 153
78 182
78 186
78 191
78 195
78 105
78 180
78 188
79 91
79 94
79 101
79 103
79 111
79 128
79 159
79 120
80 91
80 99
80 100
80 127
80 143
80 150
80 178
80 95
80 159
81 96
81 126
81 135
81 136
81 167
81 169
82 117
82 157
82 162
82 146
83 97
83 109
83 178
83 101
84 103
84 123
84 159
84 191
84 155
85 95
85 101
85 106
85 108
85 112
85 118
85 138
85 160
85 187
85 153
86 106
86 129
86 131
86 143
86 144
86 157
88 113
88 197
88 189
89 163
90 94
90 100
90 119
90 141
90 149
90 184
90 188
90 192
91 104
91 165
91 194
91 198
91 169
92 109
92 138
92 144
92 146
93 98
93 107
93 116
93 139
93 144
93 159
94 135
94 158
94 187
94 181
94 99
95 102
95 108
96 166
97 136
98 196
99 157
99 179
100 110
100 177
101 105
101 112
101 121
101 156
101 165
101 174
101 175
101 176
101 133
101 178
102 126
102 138
102 169
102 178
102 198
103 151
103 162
104 110
104 183
104 195
105 126
105 183
106 118
106 125
106 135
106 136
106 139
106 154
107 188
108 159
108 180
108 140
109 162
109 188
110 124
110 141
110 154
110 161
110 173
110 122
111 116
111 167
111 168
112 123
112 139
113 118
113 133
113 191
113 192
113 116
114 127
114 137
114 138
114 153
114 170
115 119
115 121
116 186
116 198
117 135
117 138
117 142
117 180
117 118
117 145
118 121
118 144
119 139
120 139
120 146
120 164
120 173
120 192
120 193
120 196
121 122
121 183
121 187
122 148
122 159
122 171
122 182
123 190
124 129
124 134
124 142
124 144
124 155
124 191
125 128
125 155
125 171
125 148
125 164
125 165
126 199
127 147
127 155
127 173
128 166
128 179
128 188
129 139
129 180
129 186
129 155
130 136
130 169
130 197
130 188
131 155
132 145
132 154
133 155
133 181
134 137
135 194
135 166
135 192
137 141
137 158
137 162
137 174
138 169
138 175
138 179
138 185
138 171
139 150
139 174
139 175
139 179
139 194
140 153
140 154
140 183
141 172
141 145
142 149
142 173
142 185
142 188
143 151
143 160
143 168
143 176
143 189
143 156
144 154
144 175
145 152
146 149
146 158
146 165
147 154
149 171
151 168
151 178
151 180
151 173
151 187
152 168
152 179
153 170
153 180
153 181
154 198
154 160
154 185
155 170
155 193
156 180
157 161
157 169
158 179
162 186
163 170
164 199
166 198
167 199
168 197
170 179
170 197
174 176
174 187
175 186
176 183
178 184
179 185
181 185
182 183
182 196