34657828
28
200
4931
0 28
0 29
0 30
0 31
0 32
0 33
0 35
0 41
0 55
0 57
0 58
0 64
0 71
0 72
0 77
0 90
0 101
0 103
0 106
0 116
0 122
0 128
0 132
0 133
0 145
0 149
0 150
0 153
0 168
0 183
0 117
1 28
1 29
1 30
1 31
1 32
1 33
1 35
1 36
1 38
1 40
1 42
1 44
1 47
1 48
1 52
1 57
1 60
1 62
1 64
1 71
1 75
1 78
1 82
1 83
1 90
1 98
1 99
1 106
1 108
1 109
1 115
1 120
1 124
1 127
1 129
1 143
1 144
1 145
1 159
1 165
1 182
1 185
1 186
1 191
1 194
1 196
1 197
1 77
2 28
2 29
2 30
2 31
2 32
2 33
2 34
2 35
2 36
2 37
2 38
2 39
2 40
2 42
2 43
2 44
2 45
2 47
2 48
2 51
2 53
2 54
2 56
2 57
2 60
2 61
2 63
2 64
2 66
2 68
2 72
2 74
2 76
2 79
2 81
2 84
2 87
2 88
2 95
2 96
2 97
2 98
2 100
2 101
2 106
2 109
2 111
2 113
2 119
2 146
2 147
2 153
2 155
2 164
2 169
2 175
2 182
2 185
2 189
2 193
3 28
3 29
3 30
3 31
3 32
3 33
3 34
3 36
3 37
3 39
3 40
3 41
3 42
3 44
3 46
3 47
3 48
3 51
3 55
3 56
3 58
3 63
3 64
3 66
3 78
3 80
3 81
3 82
3 86
3 93
3 103
3 104
3 114
3 138
3 149
3 154
3 158
3 170
3 171
3 172
3 190
3 192
3 194
3 195
3 72
3 85
4 28
4 29
4 30
4 31
4 32
4 34
4 35
4 36
4 37
4 40
4 42
4 44
4 45
4 46
4 48
4 49
4 51
4 55
4 57
4 58
4 59
4 62
4 65
4 67
4 69
4 72
4 73
4 77
4 80
4 89
4 91
4 99
4 100
4 106
4 108
4 113
4 114
4 118
4 121
4 124
4 126
4 127
4 128
4 139
4 140
4 142
4 154
4 162
4 165
4 177
4 180
4 186
4 198
4 22
4 98
4 170
5 28
5 29
5 30
5 31
5 32
5 34
5 36
5 37
5 38
5 41
5 42
5 43
5 46
5 52
5 54
5 56
5 57
5 59
5 60
5 63
5 64
5 66
5 68
5 71
5 82
5 86
5 87
5 88
5 95
5 108
5 112
5 130
5 135
5 145
5 151
5 159
5 162
5 176
5 197
5 77
6 28
6 29
6 30
6 31
6 32
6 33
6 35
6 36
6 37
6 38
6 39
6 40
6 43
6 44
6 46
6 47
6 49
6 50
6 51
6 54
6 55
6 57
6 60
6 64
6 65
6 67
6 69
6 70
6 71
6 77
6 83
6 85
6 86
6 99
6 100
6 102
6 110
6 111
6 114
6 125
6 127
6 128
6 135
6 139
6 142
6 143
6 148
6 153
6 163
6 165
6 166
6 168
6 173
6 177
6 180
6 190
6 192
6 196
6 199
6 26
7 28
7 29
7 30
7 31
7 32
7 33
7 34
7 35
7 36
7 38
7 39
7 40
7 41
7 42
7 43
7 44
7 47
7 49
7 50
7 51
7 52
7 54
7 56
7 57
7 60
7 61
7 63
7 65
7 68
7 69
7 71
7 77
7 78
7 86
7 90
7 91
7 93
7 94
7 99
7 100
7 101
7 112
7 116
7 127
7 132
7 142
7 145
7 154
7 156
7 157
7 163
7 168
7 169
7 170
7 177
7 187
7 194
7 195
7 199
7 140
8 28
8 29
8 30
8 31
8 32
8 33
8 35
8 36
8 37
8 38
8 42
8 57
8 70
8 73
8 94
8 97
8 98
8 102
8 104
8 124
8 130
8 144
8 188
8 197
8 93
8 149
9 28
9 29
9 30
9 31
9 33
9 34
9 35
9 36
9 37
9 38
9 40
9 41
9 42
9 44
9 45
9 46
9 47
9 48
9 49
9 51
9 54
9 56
9 58
9 62
9 65
9 66
9 69
9 71
9 82
9 84
9 87
9 88
9 89
9 94
9 95
9 96
9 97
9 98
9 104
9 110
9 114
9 116
9 126
9 130
9 131
9 134
9 136
9 166
9 169
9 184
9 191
9 197
9 92
10 28
10 29
10 30
10 31
10 32
10 33
10 35
10 36
10 37
10 38
10 39
10 40
10 41
10 42
10 43
10 45
10 49
10 50
10 51
10 55
10 56
10 57
10 59
10 60
10 65
10 69
10 72
10 75
10 78
10 88
10 91
10 92
10 132
10 134
10 141
10 143
10 147
10 155
10 162
10 167
10 179
10 181
10 182
10 123
11 28
11 29
11 30
11 31
11 32
11 33
11 34
11 35
11 37
11 38
11 39
11 41
11 42
11 43
11 44
11 46
11 48
11 51
11 56
11 57
11 59
11 64
11 68
11 69
11 74
11 78
11 79
11 80
11 81
11 82
11 87
11 89
11 94
11 108
11 118
11 121
11 138
11 144
11 152
11 161
11 192
11 196
11 197
11 180
12 28
12 29
12 30
12 31
12 32
12 33
12 34
12 35
12 36
12 37
12 39
12 40
12 41
12 44
12 46
12 47
12 48
12 49
12 51
12 53
12 54
12 55
12 59
12 60
12 63
12 67
12 74
12 76
12 78
12 81
12 82
12 83
12 87
12 91
12 92
12 93
12 95
12 97
12 99
12 100
12 103
12 106
12 107
12 109
12 110
12 111
12 115
12 116
12 121
12 124
12 132
12 133
12 134
12 137
12 142
12 159
12 163
12 164
12 170
12 171
12 173
12 177
12 184
12 189
12 194
12 196
12 62
13 28
13 33
13 34
13 50
13 53
13 54
13 80
13 82
13 122
13 128
13 134
13 137
13 159
13 95
14 28
14 29
14 30
14 31
14 33
14 34
14 35
14 36
14 37
14 38
14 39
14 45
14 47
14 50
14 52
14 55
14 57
14 59
14 61
14 63
14 67
14 71
14 75
14 76
14 79
14 82
14 84
14 85
14 88
14 91
14 96
14 102
14 117
14 129
14 133
14 138
14 139
14 147
14 160
14 165
14 166
14 173
14 181
14 183
14 193
14 195
14 178
15 28
15 29
15 30
15 31
15 34
15 35
15 36
15 37
15 41
15 42
15 43
15 46
15 47
15 48
15 49
15 52
15 63
15 66
15 74
15 75
15 78
15 79
15 85
15 89
15 96
15 97
15 114
15 116
15 123
15 129
15 134
15 140
15 183
15 184
15 186
15 187
15 69
16 28
16 29
16 30
16 32
16 33
16 34
16 36
16 37
16 40
16 41
16 43
16 46
16 49
16 50
16 61
16 63
16 72
16 78
16 79
16 90
16 102
16 114
16 119
16 125
16 138
16 139
16 141
16 157
16 197
17 28
17 29
17 30
17 31
17 32
17 33
17 34
17 35
17 39
17 41
17 43
17 46
17 56
17 59
17 60
17 61
17 67
17 75
17 76
17 100
17 102
17 108
17 123
17 124
17 128
17 129
17 131
17 137
17 180
17 181
17 182
17 184
17 199
17 110
17 68
18 28
18 29
18 30
18 32
18 33
18 35
18 38
18 39
18 40
18 43
18 47
18 50
18 51
18 53
18 55
18 58
18 63
18 64
18 69
18 70
18 76
18 77
18 88
18 112
18 117
18 118
18 120
18 123
18 127
18 136
18 145
18 165
18 197
18 22
18 133
19 28
19 29
19 30
19 31
19 32
19 33
19 34
19 35
19 36
19 38
19 39
19 40
19 42
19 43
19 44
19 45
19 47
19 48
19 52
19 53
19 54
19 56
19 62
19 68
19 69
19 70
19 81
19 96
19 98
19 106
19 114
19 138
19 142
19 148
19 156
19 160
19 162
19 176
19 187
19 189
19 195
20 28
20 29
20 30
20 31
20 32
20 33
20 34
20 36
20 37
20 39
20 41
20 43
20 44
20 45
20 47
20 49
20 50
20 52
20 57
20 60
20 68
20 70
20 75
20 82
20 107
20 111
20 123
20 144
20 147
20 152
20 155
20 156
20 186
20 195
20 197
20 164
21 28
21 29
21 31
21 32
21 34
21 35
21 37
21 38
21 40
21 41
21 43
21 45
21 48
21 49
21 51
21 54
21 55
21 59
21 60
21 62
21 64
21 69
21 70
21 74
21 75
21 76
21 85
21 90
21 97
21 100
21 103
21 107
21 109
21 110
21 111
21 116
21 117
21 120
21 123
21 125
21 128
21 133
21 138
21 149
21 157
21 161
21 162
21 164
21 169
21 175
21 178
21 180
21 199
21 27
22 28
22 29
22 30
22 31
22 32
22 33
22 34
22 35
22 37
22 38
22 39
22 45
22 46
22 47
22 48
22 49
22 51
22 52
22 53
22 54
22 59
22 61
22 64
22 65
22 66
22 67
22 69
22 70
22 72
22 77
22 79
22 85
22 86
22 90
22 95
22 98
22 100
22 104
22 105
22 108
22 109
22 116
22 118
22 121
22 122
22 123
22 129
22 155
22 162
22 165
22 167
22 168
22 170
22 172
22 179
22 189
22 193
22 41
22 128
23 28
23 29
23 30
23 31
23 32
23 33
23 34
23 35
23 36
23 38
23 39
23 40
23 41
23 42
23 43
23 44
23 47
23 48
23 50
23 51
23 52
23 54
23 59
23 63
23 64
23 66
23 71
23 76
23 86
23 89
23 95
23 98
23 101
23 107
23 118
23 121
23 124
23 132
23 134
23 138
23 148
23 152
23 156
23 157
23 165
23 171
23 174
23 176
23 177
23 178
23 180
23 186
23 187
23 190
23 192
23 194
23 120
23 160
24 28
24 29
24 30
24 31
24 32
24 34
24 35
24 36
24 37
24 38
24 39
24 40
24 41
24 44
24 45
24 47
24 48
24 53
24 56
24 61
24 62
24 63
24 64
24 69
24 70
24 72
24 74
24 79
24 83
24 86
24 95
24 104
24 108
24 122
24 130
24 133
24 136
24 141
24 147
24 155
24 160
24 166
24 172
24 178
24 181
24 184
24 157
25 28
25 29
25 30
25 31
25 32
25 33
25 34
25 35
25 36
25 37
25 38
25 39
25 42
25 45
25 50
25 56
25 65
25 68
25 81
25 82
25 93
25 98
25 107
25 109
25 128
25 132
25 133
25 142
25 159
25 162
25 169
25 178
26 28
26 29
26 30
26 31
26 32
26 33
26 34
26 37
26 40
26 42
26 45
26 46
26 47
26 49
26 50
26 52
26 53
26 55
26 57
26 61
26 64
26 65
26 67
26 68
26 75
26 79
26 86
26 87
26 88
26 89
26 90
26 108
26 120
26 125
26 127
26 128
26 131
26 132
26 133
26 140
26 141
26 144
26 153
26 156
26 158
26 160
26 164
26 168
26 170
26 172
26 184
26 185
26 188
26 190
27 28
27 29
27 30
27 31
27 32
27 33
27 34
27 36
27 38
27 39
27 41
27 43
27 44
27 45
27 46
27 47
27 48
27 49
27 53
27 55
27 56
27 58
27 60
27 61
27 62
27 64
27 68
27 70
27 71
27 74
27 78
27 80
27 81
27 83
27 84
27 86
27 90
27 93
27 98
27 107
27 108
27 110
27 113
27 118
27 120
27 121
27 128
27 129
27 137
27 140
27 145
27 151
27 152
27 181
27 183
27 188
27 190
27 194
27 199
27 97
27 161
28 29
28 30
28 31
28 32
28 33
28 34
28 35
28 36
28 37
28 38
28 39
28 40
28 41
28 42
28 43
28 44
28 45
28 46
28 48
28 49
28 50
28 51
28 52
28 53
28 54
28 56
28 57
28 58
28 59
28 60
28 61
28 62
28 63
28 64
28 65
28 66
28 67
28 68
28 70
28 71
28 72
28 73
28 74
28 81
28 82
28 83
28 84
28 86
28 87
28 88
28 89
28 93
28 94
28 95
28 96
28 97
28 100
28 101
28 102
28 103
28 108
28 109
28 114
28 115
28 117
28 118
28 119
28 120
28 121
28 122
28 123
28 125
28 127
28 128
28 129
28 130
28 133
28 136
28 137
28 139
28 143
28 146
28 148
28 150
28 151
28 152
28 153
28 158
28 159
28 160
28 163
28 166
28 167
28 175
28 176
28 179
28 182
28 185
28 187
28 190
28 193
28 196
28 198
28 199
28 79
29 30
29 31
29 32
29 33
29 34
29 35
29 36
29 37
29 38
29 39
29 40
29 41
29 42
29 43
29 44
29 45
29 46
29 47
29 48
29 49
29 50
29 51
29 52
29 53
29 54
29 55
29 56
29 58
29 59
29 60
29 61
29 62
29 64
29 66
29 68
29 69
29 70
29 72
29 74
29 75
29 80
29 81
29 82
29 85
29 87
29 88
29 89
29 90
29 92
29 96
29 97
29 99
29 100
29 105
29 107
29 110
29 111
29 112
29 113
29 119
29 121
29 122
29 123
29 124
29 125
29 126
29 129
29 131
29 133
29 135
29 139
29 140
29 148
29 149
29 152
29 153
29 155
29 156
29 160
29 167
29 171
29 174
29 181
29 184
29 185
29 186
29 188
29 191
29 197
29 198
29 57
30 31
30 32
30 33
30 34
30 35
30 36
30 37
30 38
30 39
30 40
30 41
30 42
30 44
30 45
30 46
30 47
30 48
30 49
30 50
30 51
30 52
30 53
30 54
30 56
30 61
30 62
30 63
30 67
30 68
30 69
30 70
30 71
30 72
30 73
30 76
30 77
30 78
30 80
30 81
30 82
30 84
30 86
30 88
30 91
30 92
30 94
30 99
30 102
30 103
30 104
30 105
30 106
30 109
30 113
30 114
30 115
30 116
30 118
30 122
30 126
30 129
30 132
30 133
30 134
30 135
30 137
30 138
30 139
30 140
30 142
30 144
30 149
30 154
30 156
30 157
30 159
30 160
30 162
30 172
30 173
30 176
30 186
30 187
30 192
30 193
30 198
31 32
31 33
31 34
31 35
31 36
31 37
31 38
31 39
31 40
31 43
31 44
31 45
31 46
31 47
31 48
31 50
31 51
31 52
31 53
31 55
31 56
31 60
31 61
31 62
31 63
31 64
31 67
31 68
31 69
31 71
31 72
31 73
31 74
31 75
31 77
31 78
31 79
31 84
31 85
31 88
31 92
31 93
31 94
31 95
31 96
31 97
31 98
31 99
31 101
31 102
31 103
31 104
31 105
31 110
31 111
31 116
31 117
31 120
31 127
31 129
31 131
31 135
31 137
31 142
31 143
31 145
31 149
31 155
31 156
31 157
31 158
31 160
31 162
31 164
31 173
31 178
31 180
31 181
31 183
31 184
31 186
31 179
32 33
32 34
32 35
32 36
32 37
32 38
32 39
32 40
32 41
32 42
32 43
32 44
32 45
32 46
32 47
32 48
32 49
32 50
32 51
32 56
32 57
32 58
32 59
32 61
32 63
32 65
32 67
32 68
32 71
32 74
32 76
32 78
32 79
32 80
32 84
32 85
32 86
32 87
32 89
32 96
32 98
32 99
32 102
32 105
32 110
32 113
32 116
32 117
32 118
32 119
32 124
32 125
32 126
32 131
32 135
32 136
32 137
32 140
32 142
32 144
32 148
32 149
32 155
32 156
32 158
32 159
32 160
32 161
32 164
32 169
32 175
32 178
32 180
32 185
32 186
32 187
32 189
32 194
32 147
33 34
33 35
33 36
33 37
33 38
33 39
33 40
33 41
33 42
33 43
33 44
33 45
33 46
33 47
33 48
33 49
33 50
33 53
33 54
33 55
33 56
33 57
33 59
33 60
33 61
33 64
33 67
33 68
33 69
33 70
33 71
33 72
33 74
33 76
33 77
33 78
33 79
33 81
33 82
33 84
33 85
33 86
33 89
33 90
33 91
33 92
33 93
33 94
33 95
33 96
33 100
33 103
33 105
33 108
33 113
33 114
33 116
33 117
33 119
33 122
33 124
33 131
33 134
33 135
33 137
33 140
33 153
33 162
33 164
33 172
33 173
33 176
33 178
33 180
33 181
33 188
33 190
33 191
34 35
34 36
34 37
34 38
34 39
34 40
34 41
34 42
34 43
34 44
34 45
34 47
34 49
34 50
34 52
34 55
34 56
34 57
34 58
34 61
34 63
34 66
34 67
34 68
34 72
34 73
34 75
34 76
34 78
34 79
34 81
34 83
34 85
34 88
34 89
34 97
34 100
34 102
34 103
34 104
34 106
34 110
34 111
34 114
34 115
34 126
34 136
34 138
34 139
34 141
34 143
34 144
34 148
34 149
34 151
34 154
34 162
34 166
34 171
34 174
34 178
34 182
34 183
34 186
34 188
34 194
34 196
34 197
35 36
35 37
35 38
35 39
35 40
35 41
35 42
35 43
35 45
35 46
35 47
35 48
35 50
35 51
35 52
35 53
35 54
35 55
35 57
35 58
35 60
35 61
35 62
35 66
35 68
35 70
35 73
35 74
35 76
35 77
35 80
35 81
35 82
35 83
35 84
35 85
35 86
35 89
35 91
35 92
35 94
35 95
35 100
35 106
35 107
35 109
35 110
35 111
35 113
35 116
35 120
35 123
35 124
35 125
35 126
35 127
35 128
35 129
35 130
35 133
35 134
35 136
35 137
35 144
35 149
35 154
35 163
35 166
35 167
35 174
35 176
35 178
35 181
35 182
35 184
35 187
35 190
35 192
35 195
35 196
35 75
35 138
36 37
36 38
36 39
36 40
36 41
36 42
36 43
36 46
36 48
36 49
36 50
36 52
36 53
36 54
36 57
36 58
36 59
36 65
36 67
36 69
36 70
36 73
36 74
36 75
36 76
36 77
36 79
36 80
36 83
36 84
36 85
36 86
36 90
36 93
36 94
36 95
36 96
36 103
36 106
36 107
36 109
36 110
36 111
36 113
36 115
36 117
36 122
36 125
36 127
36 130
36 131
36 134
36 137
36 144
36 151
36 153
36 156
36 157
36 172
36 176
36 179
36 182
36 183
36 187
36 188
36 189
36 194
36 198
36 121
36 141
37 38
37 39
37 40
37 41
37 42
37 43
37 44
37 45
37 46
37 48
37 49
37 50
37 52
37 53
37 54
37 55
37 56
37 58
37 59
37 63
37 66
37 67
37 68
37 69
37 70
37 73
37 77
37 81
37 82
37 84
37 87
37 88
37 89
37 90
37 91
37 92
37 93
37 95
37 99
37 100
37 101
37 105
37 107
37 110
37 114
37 115
37 123
37 125
37 126
37 128
37 129
37 131
37 133
37 134
37 135
37 139
37 142
37 149
37 155
37 160
37 161
37 162
37 165
37 167
37 168
37 170
37 173
37 186
37 190
37 192
37 194
38 39
38 40
38 41
38 42
38 43
38 44
38 45
38 46
38 49
38 50
38 51
38 52
38 53
38 54
38 57
38 58
38 59
38 61
38 62
38 65
38 66
38 70
38 72
38 74
38 75
38 76
38 77
38 78
38 83
38 84
38 89
38 91
38 96
38 98
38 99
38 104
38 105
38 106
38 111
38 112
38 114
38 120
38 121
38 125
38 126
38 127
38 133
38 135
38 136
38 139
38 141
38 145
38 147
38 150
38 151
38 152
38 154
38 159
38 172
38 182
38 185
38 188
38 189
38 193
38 194
38 196
38 197
38 198
38 199
39 40
39 41
39 42
39 44
39 45
39 46
39 49
39 52
39 53
39 55
39 56
39 57
39 58
39 62
39 63
39 64
39 65
39 66
39 67
39 69
39 72
39 73
39 76
39 77
39 78
39 79
39 83
39 84
39 85
39 90
39 91
39 94
39 96
39 97
39 98
39 103
39 104
39 105
39 110
39 112
39 113
39 117
39 122
39 123
39 125
39 126
39 127
39 129
39 131
39 132
39 133
39 142
39 146
39 147
39 148
39 150
39 154
39 159
39 168
39 171
39 172
39 174
39 176
39 179
39 180
39 182
39 183
39 185
39 186
39 188
39 151
40 41
40 42
40 43
40 44
40 45
40 46
40 50
40 51
40 52
40 53
40 56
40 57
40 58
40 60
40 65
40 66
40 69
40 73
40 74
40 77
40 78
40 79
40 81
40 82
40 83
40 84
40 85
40 87
40 90
40 92
40 97
40 101
40 103
40 104
40 105
40 108
40 112
40 120
40 121
40 122
40 125
40 128
40 133
40 136
40 137
40 140
40 143
40 149
40 152
40 155
40 157
40 158
40 160
40 161
40 168
40 176
40 182
40 183
40 184
40 187
40 190
40 191
40 192
40 169
41 42
41 43
41 44
41 45
41 47
41 48
41 50
41 51
41 53
41 54
41 55
41 57
41 58
41 59
41 62
41 63
41 67
41 68
41 70
41 73
41 74
41 75
41 79
41 80
41 83
41 88
41 91
41 94
41 95
41 98
41 99
41 101
41 102
41 106
41 107
41 108
41 111
41 112
41 113
41 117
41 119
41 120
41 121
41 122
41 123
41 124
41 126
41 129
41 131
41 135
41 141
41 143
41 144
41 145
41 147
41 150
41 152
41 156
41 157
41 159
41 161
41 165
41 168
41 169
41 172
41 174
41 181
41 184
41 185
41 188
41 190
41 186
42 43
42 44
42 45
42 47
42 48
42 49
42 50
42 51
42 54
42 55
42 58
42 59
42 60
42 61
42 62
42 64
42 66
42 70
42 72
42 75
42 76
42 77
42 78
42 80
42 86
42 87
42 89
42 90
42 91
42 93
42 97
42 98
42 99
42 103
42 104
42 111
42 112
42 120
42 121
42 124
42 125
42 128
42 130
42 132
42 135
42 137
42 140
42 143
42 149
42 151
42 152
42 156
42 162
42 163
42 169
42 174
42 182
42 183
42 184
42 186
42 195
42 136
43 44
43 46
43 47
43 48
43 49
43 50
43 51
43 52
43 53
43 55
43 56
43 57
43 58
43 59
43 60
43 61
43 62
43 65
43 66
43 67
43 69
43 70
43 71
43 72
43 73
43 74
43 78
43 79
43 80
43 81
43 82
43 83
43 84
43 85
43 89
43 91
43 92
43 98
43 99
43 107
43 109
43 114
43 116
43 119
43 122
43 123
43 126
43 130
43 142
43 144
43 153
43 157
43 163
43 166
43 170
43 174
43 177
43 179
43 197
43 111
43 131
44 45
44 46
44 48
44 49
44 52
44 53
44 58
44 59
44 60
44 61
44 62
44 63
44 65
44 66
44 67
44 72
44 74
44 75
44 76
44 77
44 78
44 81
44 86
44 90
44 92
44 93
44 95
44 97
44 101
44 107
44 109
44 110
44 119
44 124
44 126
44 133
44 134
44 136
44 138
44 142
44 143
44 145
44 146
44 151
44 155
44 158
44 159
44 160
44 161
44 163
44 164
44 167
44 172
44 175
44 176
44 177
44 178
44 179
44 181
44 186
44 187
44 196
44 69
44 198
45 46
45 49
45 51
45 52
45 54
45 56
45 58
45 60
45 61
45 62
45 63
45 64
45 66
45 67
45 69
45 71
45 73
45 74
45 75
45 76
45 77
45 78
45 79
45 80
45 82
45 83
45 88
45 89
45 93
45 96
45 98
45 104
45 110
45 111
45 112
45 117
45 118
45 120
45 124
45 128
45 134
45 141
45 143
45 145
45 148
45 152
45 153
45 154
45 162
45 167
45 170
45 172
45 173
45 174
45 176
45 182
45 184
45 185
45 190
45 193
45 196
45 84
46 47
46 48
46 50
46 52
46 53
46 54
46 56
46 58
46 61
46 62
46 63
46 65
46 66
46 69
46 71
46 73
46 74
46 75
46 78
46 81
46 83
46 84
46 85
46 88
46 90
46 95
46 97
46 98
46 100
46 102
46 103
46 108
46 109
46 112
46 114
46 115
46 119
46 120
46 125
46 126
46 129
46 130
46 140
46 141
46 146
46 149
46 151
46 160
46 161
46 162
46 164
46 166
46 168
46 170
46 172
46 180
46 186
46 188
46 189
46 192
46 195
46 72
46 67
46 157
47 49
47 54
47 55
47 58
47 60
47 67
47 77
47 79
47 80
47 83
47 84
47 87
47 95
47 99
47 100
47 102
47 110
47 112
47 113
47 114
47 134
47 136
47 138
47 141
47 142
47 144
47 147
47 148
47 161
47 163
47 169
47 171
47 172
47 173
47 174
47 175
47 179
47 191
47 193
47 199
47 71
47 116
48 50
48 51
48 52
48 54
48 55
48 57
48 58
48 60
48 62
48 63
48 68
48 69
48 73
48 75
48 76
48 80
48 81
48 83
48 84
48 87
48 95
48 96
48 97
48 99
48 104
48 105
48 107
48 119
48 121
48 123
48 124
48 125
48 127
48 132
48 135
48 139
48 143
48 145
48 152
48 154
48 156
48 159
48 160
48 162
48 166
48 170
48 171
48 173
48 181
48 183
48 184
48 187
48 192
48 175
48 174
49 51
49 52
49 53
49 59
49 65
49 67
49 80
49 86
49 87
49 88
49 91
49 94
49 95
49 97
49 99
49 100
49 101
49 102
49 107
49 108
49 110
49 111
49 113
49 116
49 117
49 124
49 128
49 130
49 132
49 135
49 142
49 145
49 146
49 151
49 155
49 162
49 163
49 164
49 165
49 169
49 176
49 189
49 192
49 195
50 51
50 53
50 54
50 55
50 59
50 62
50 63
50 64
50 68
50 70
50 72
50 75
50 78
50 79
50 81
50 83
50 86
50 88
50 93
50 95
50 103
50 104
50 112
50 115
50 117
50 119
50 121
50 122
50 125
50 129
50 132
50 133
50 140
50 142
50 155
50 168
50 175
50 183
50 186
50 193
50 194
50 198
50 94
50 113
50 139
51 52
51 53
51 54
51 55
51 58
51 60
51 63
51 64
51 67
51 68
51 69
51 71
51 72
51 73
51 75
51 76
51 77
51 79
51 83
51 85
51 87
51 89
51 91
51 93
51 95
51 96
51 98
51 101
51 107
51 108
51 113
51 116
51 119
51 125
51 133
51 136
51 137
51 139
51 141
51 143
51 148
51 149
51 150
51 152
51 154
51 156
51 160
51 165
51 166
51 168
51 171
51 174
51 179
51 185
51 187
51 196
51 197
51 199
51 126
51 90
52 53
52 54
52 55
52 56
52 57
52 58
52 60
52 61
52 65
52 66
52 68
52 69
52 70
52 71
52 73
52 76
52 77
52 80
52 81
52 82
52 83
52 86
52 94
52 97
52 98
52 102
52 104
52 108
52 113
52 114
52 115
52 127
52 128
52 131
52 132
52 135
52 136
52 137
52 141
52 146
52 148
52 149
52 156
52 157
52 167
52 171
52 175
52 179
52 182
52 189
52 190
52 192
52 198
53 55
53 56
53 58
53 59
53 65
53 66
53 70
53 71
53 72
53 73
53 74
53 75
53 76
53 77
53 79
53 81
53 82
53 83
53 84
53 88
53 89
53 90
53 95
53 96
53 97
53 98
53 101
53 104
53 105
53 107
53 109
53 111
53 113
53 115
53 124
53 130
53 132
53 133
53 135
53 139
53 140
53 145
53 146
53 149
53 153
53 158
53 159
53 161
53 163
53 165
53 166
53 168
53 171
53 172
53 174
53 180
53 194
53 197
53 198
54 55
54 56
54 57
54 59
54 60
54 61
54 62
54 65
54 66
54 69
54 73
54 86
54 87
54 91
54 92
54 93
54 99
54 102
54 104
54 114
54 116
54 125
54 129
54 131
54 145
54 148
54 150
54 151
54 152
54 154
54 158
54 163
54 178
54 144
55 63
55 64
55 65
55 66
55 67
55 71
55 72
55 73
55 75
55 80
55 81
55 82
55 85
55 88
55 89
55 94
55 95
55 96
55 104
55 105
55 106
55 110
55 112
55 115
55 117
55 118
55 120
55 121
55 122
55 126
55 128
55 136
55 137
55 141
55 146
55 147
55 149
55 150
55 152
55 154
55 156
55 158
55 163
55 165
55 167
55 168
55 170
55 185
55 189
55 190
55 194
55 197
55 199
55 184
55 78
56 57
56 58
56 59
56 60
56 61
56 62
56 63
56 64
56 65
56 66
56 70
56 71
56 72
56 74
56 77
56 79
56 80
56 82
56 90
56 92
56 94
56 96
56 97
56 100
56 102
56 110
56 117
56 121
56 123
56 131
56 132
56 134
56 137
56 138
56 139
56 141
56 146
56 150
56 151
56 154
56 159
56 160
56 168
56 170
56 171
56 179
56 125
57 59
57 60
57 65
57 79
57 80
57 82
57 83
57 86
57 87
57 90
57 91
57 95
57 96
57 101
57 107
57 111
57 112
57 116
57 125
57 126
57 130
57 133
57 139
57 142
57 145
57 148
57 150
57 156
57 165
57 169
57 174
57 189
57 194
57 196
57 89
58 59
58 61
58 62
58 65
58 68
58 77
58 89
58 91
58 92
58 94
58 99
58 100
58 109
58 115
58 116
58 118
58 119
58 138
58 139
58 151
58 154
58 157
58 161
58 164
58 165
58 166
58 173
58 174
58 179
58 187
58 194
58 199
58 112
59 62
59 64
59 65
59 73
59 76
59 77
59 80
59 84
59 85
59 90
59 91
59 93
59 94
59 95
59 96
59 101
59 109
59 113
59 114
59 124
59 126
59 127
59 129
59 135
59 140
59 142
59 143
59 145
59 147
59 156
59 163
59 167
59 170
59 179
59 192
59 123
59 100
59 152
60 61
60 62
60 66
60 67
60 70
60 74
60 83
60 84
60 85
60 87
60 89
60 91
60 92
60 93
60 102
60 105
60 112
60 117
60 122
60 124
60 128
60 132
60 146
60 162
60 163
60 166
60 170
60 173
60 175
60 179
60 181
60 184
60 188
60 191
60 194
60 196
60 147
61 62
61 63
61 64
61 65
61 68
61 70
61 72
61 76
61 78
61 80
61 91
61 92
61 94
61 98
61 99
61 104
61 105
61 109
61 110
61 111
61 112
61 114
61 118
61 120
61 123
61 124
61 125
61 128
61 138
61 144
61 152
61 159
61 161
61 163
61 177
61 182
61 184
61 187
61 190
61 191
61 192
61 195
61 196
61 153
62 64
62 67
62 76
62 80
62 87
62 91
62 93
62 94
62 97
62 99
62 102
62 103
62 111
62 113
62 115
62 119
62 138
62 139
62 150
62 151
62 157
62 161
62 174
62 193
62 197
62 122
63 67
63 68
63 71
63 73
63 75
63 76
63 77
63 78
63 79
63 84
63 86
63 89
63 95
63 98
63 101
63 102
63 103
63 111
63 114
63 117
63 132
63 134
63 144
63 145
63 159
63 162
63 174
63 182
63 183
63 189
63 190
63 156
64 65
64 66
64 67
64 68
64 70
64 71
64 72
64 73
64 74
64 78
64 83
64 85
64 86
64 87
64 89
64 96
64 99
64 101
64 103
64 105
64 106
64 112
64 115
64 117
64 123
64 139
64 140
64 141
64 142
64 143
64 146
64 164
64 168
64 171
64 176
64 184
64 186
64 188
64 189
64 197
64 198
65 66
65 70
65 80
65 84
65 85
65 92
65 104
65 105
65 108
65 111
65 112
65 119
65 126
65 130
65 137
65 139
65 143
65 147
65 151
65 167
65 176
65 180
65 183
65 190
65 187
66 69
66 71
66 72
66 74
66 76
66 92
66 101
66 102
66 104
66 105
66 108
66 118
66 129
66 131
66 135
66 144
66 153
66 155
66 191
66 196
66 199
66 100
66 176
67 68
67 71
67 72
67 75
67 77
67 78
67 79
67 80
67 82
67 85
67 87
67 88
67 89
67 90
67 92
67 93
67 94
67 95
67 96
67 100
67 103
67 110
67 111
67 112
67 113
67 116
67 117
67 121
67 123
67 130
67 133
67 134
67 137
67 140
67 144
67 148
67 151
67 156
67 171
67 175
67 177
67 191
67 192
67 196
67 198
67 104
68 69
68 73
68 75
68 76
68 82
68 88
68 91
68 94
68 98
68 99
68 103
68 104
68 109
68 118
68 119
68 120
68 133
68 134
68 136
68 138
68 139
68 145
68 155
68 162
68 175
68 176
68 178
68 181
68 188
68 193
68 198
68 199
69 71
69 73
69 75
69 81
69 82
69 84
69 93
69 101
69 102
69 109
69 115
69 117
69 118
69 119
69 121
69 123
69 127
69 128
69 142
69 143
69 147
69 150
69 151
69 158
69 169
69 177
69 180
69 182
69 186
69 187
69 189
70 71
70 73
70 74
70 94
70 96
70 100
70 103
70 107
70 109
70 130
70 139
70 158
70 174
70 176
70 177
70 186
70 187
70 193
70 196
71 72
71 74
71 83
71 90
71 100
71 103
71 107
71 110
71 111
71 115
71 117
71 119
71 120
71 124
71 126
71 151
71 159
71 181
71 188
72 73
72 75
72 79
72 81
72 82
72 84
72 85
72 86
72 87
72 88
72 90
72 91
72 93
72 96
72 97
72 99
72 100
72 101
72 102
72 103
72 105
72 107
72 108
72 112
72 113
72 116
72 119
72 121
72 130
72 131
72 136
72 141
72 147
72 150
72 155
72 157
72 158
72 171
72 175
72 188
72 192
72 196
72 181
73 81
73 86
73 88
73 94
73 102
73 113
73 117
73 121
73 122
73 127
73 129
73 130
73 131
73 138
73 142
73 143
73 147
73 152
73 157
73 163
73 170
73 171
73 174
73 182
73 183
73 187
73 189
73 198
73 193
74 77
74 78
74 80
74 83
74 85
74 90
74 92
74 105
74 106
74 108
74 114
74 127
74 145
74 148
74 152
74 155
74 168
74 182
74 189
74 195
74 198
74 91
75 85
75 86
75 94
75 95
75 96
75 100
75 105
75 106
75 111
75 114
75 118
75 120
75 127
75 130
75 131
75 138
75 140
75 144
75 147
75 150
75 154
75 155
75 163
75 164
75 165
75 169
75 181
75 186
75 195
75 194
76 84
76 87
76 100
76 101
76 102
76 103
76 105
76 106
76 107
76 108
76 113
76 122
76 123
76 125
76 127
76 134
76 136
76 148
76 149
76 154
76 162
76 171
76 173
76 179
76 184
76 185
76 189
76 199
77 81
77 85
77 92
77 97
77 98
77 99
77 109
77 112
77 113
77 118
77 127
77 130
77 138
77 142
77 148
77 150
77 156
77 161
77 163
77 167
77 173
77 180
77 181
77 183
77 192
77 198
77 86
77 94
77 177
78 79
78 80
78 85
78 88
78 89
78 91
78 93
78 98
78 106
78 111
78 113
78 114
78 116
78 118
78 120
78 122
78 134
78 136
78 138
78 150
78 158
78 160
78 162
78 163
78 165
78 166
78 181
79 81
79 83
79 86
79 88
79 97
79 99
79 101
79 105
79 107
79 111
79 112
79 122
79 123
79 134
79 135
79 137
79 138
79 143
79 145
79 146
79 155
79 174
79 175
79 177
79 178
79 179
79 189
79 196
79 198
79 124
80 87
80 89
80 90
80 91
80 92
80 93
80 97
80 103
80 106
80 109
80 115
80 117
80 118
80 120
80 121
80 122
80 131
80 135
80 138
80 149
80 150
80 157
80 158
80 169
80 178
80 186
80 188
80 190
80 197
80 139
81 84
81 87
81 88
81 98
81 102
81 106
81 108
81 116
81 121
81 129
81 132
81 141
81 142
81 147
81 149
81 157
81 160
81 164
81 176
81 198
81 189
82 104
82 110
82 114
82 135
82 139
82 144
82 146
82 155
82 157
82 158
82 180
82 108
83 88
83 94
83 108
83 113
83 116
83 128
83 136
83 140
83 147
83 150
83 152
83 173
83 188
83 189
83 118
84 92
84 96
84 97
84 101
84 110
84 114
84 116
84 124
84 126
84 127
84 129
84 132
84 134
84 135
84 156
84 158
84 159
84 164
84 166
84 171
84 172
84 173
84 176
84 198
85 87
85 92
85 93
85 94
85 104
85 108
85 109
85 110
85 111
85 113
85 114
85 116
85 117
85 120
85 122
85 129
85 138
85 143
85 150
85 151
85 153
85 158
85 179
85 183
85 184
85 199
86 87
86 92
86 104
86 105
86 106
86 120
86 142
86 150
86 159
86 160
86 164
86 169
86 172
86 128
86 191
87 89
87 91
87 92
87 93
87 96
87 97
87 106
87 112
87 117
87 121
87 123
87 132
87 134
87 138
87 140
87 145
87 148
87 153
87 157
87 163
87 166
87 169
87 173
87 176
87 177
87 195
87 186
88 90
88 93
88 99
88 101
88 109
88 115
88 126
88 149
88 160
88 162
88 170
88 178
88 179
88 193
88 194
88 195
88 197
88 198
88 167
89 90
89 92
89 93
89 98
89 103
89 106
89 107
89 108
89 110
89 119
89 121
89 124
89 141
89 147
89 148
89 149
89 150
89 160
89 168
89 177
89 185
89 187
89 188
89 190
89 193
89 195
89 128
89 101
90 101
90 107
90 118
90 136
90 148
90 176
90 178
90 189
91 92
91 101
91 109
91 112
91 119
91 132
91 136
91 141
91 146
91 148
91 160
91 161
91 165
91 196
91 182
92 94
92 97
92 100
92 105
92 106
92 107
92 109
92 114
92 122
92 127
92 128
92 134
92 139
92 141
92 143
92 144
92 146
92 148
92 152
92 154
92 156
92 158
92 161
92 168
92 170
92 171
92 180
92 181
92 182
92 196
93 109
93 126
93 136
93 140
93 144
93 153
93 163
93 165
93 167
93 175
93 183
93 186
93 187
93 199
94 99
94 101
94 103
94 105
94 107
94 115
94 118
94 120
94 121
94 123
94 130
94 146
94 149
94 154
94 156
94 160
94 162
94 166
94 171
94 175
94 184
94 188
94 148
95 100
95 109
95 112
95 118
95 119
95 120
95 131
95 142
95 147
95 155
95 167
95 171
95 182
95 188
95 190
95 195
96 106
96 110
96 117
96 121
96 123
96 125
96 126
96 127
96 129
96 131
96 135
96 137
96 142
96 151
96 157
96 158
96 198
96 148
97 102
97 104
97 105
97 120
97 125
97 126
97 161
97 167
97 170
97 172
97 175
97 177
97 193
97 197
98 110
98 117
98 125
98 127
98 131
98 132
98 138
98 141
98 143
98 153
98 163
98 170
98 178
98 179
98 184
98 188
98 193
98 194
98 195
98 196
99 100
99 113
99 115
99 118
99 121
99 122
99 123
99 130
99 134
99 136
99 140
99 154
99 157
99 163
99 167
99 185
99 199
100 101
100 103
100 115
100 122
100 124
100 129
100 137
100 139
100 144
100 150
100 151
100 153
100 156
100 163
100 164
100 165
100 170
100 172
100 176
100 184
100 188
100 191
100 196
101 102
101 104
101 106
101 108
101 115
101 119
101 130
101 139
101 144
101 146
101 155
101 158
101 160
101 166
101 175
101 177
101 199
102 106
102 113
102 124
102 135
102 139
102 141
102 148
102 149
102 151
102 158
102 161
102 166
102 167
102 172
102 180
102 191
102 142
103 122
103 126
103 128
103 135
103 136
103 138
103 146
103 156
103 158
103 159
103 164
103 165
103 178
103 195
103 199
104 105
104 118
104 119
104 137
104 143
104 153
104 154
104 159
104 160
104 171
104 178
104 193
105 106
105 108
105 116
105 119
105 124
105 126
105 129
105 130
105 131
105 140
105 150
105 161
105 168
105 172
105 173
105 182
106 107
106 118
106 119
106 120
106 123
106 125
106 132
106 146
106 153
106 174
106 178
106 180
106 181
106 187
106 191
107 111
107 115
107 131
107 132
107 152
107 153
107 169
107 170
107 176
107 179
107 183
107 187
107 190
107 192
107 198
107 128
108 115
108 134
108 146
108 152
108 153
108 158
108 163
108 188
108 192
109 112
109 117
109 128
109 133
109 145
109 153
109 154
109 166
109 188
109 191
109 193
109 195
109 197
110 115
110 126
110 136
110 147
110 157
110 170
110 179
110 180
110 191
110 195
110 198
111 112
111 123
111 124
111 127
111 136
111 137
111 140
111 144
111 147
111 152
111 153
111 166
111 170
111 176
111 180
111 182
111 184
111 196
111 126
112 115
112 116
112 123
112 131
112 136
112 146
112 183
112 185
112 192
112 197
112 199
113 116
113 132
113 148
113 154
113 169
113 173
113 190
114 115
114 118
114 119
114 120
114 133
114 137
114 143
114 147
114 162
114 167
114 174
114 181
114 185
114 197
115 118
115 128
115 141
115 157
115 166
115 169
115 175
115 177
116 121
116 122
116 129
116 131
116 133
116 135
116 143
116 145
116 146
116 150
116 157
116 158
116 159
116 169
116 172
116 184
116 189
117 144
117 161
117 162
117 167
117 174
117 180
117 194
117 150
118 128
118 131
118 133
118 139
118 146
118 147
118 148
118 150
118 164
118 168
118 176
118 180
118 183
118 185
118 186
119 126
119 134
119 137
119 138
119 158
119 159
119 162
119 169
119 173
119 175
119 179
119 195
119 147
119 127
120 125
120 138
120 140
120 142
120 144
120 148
120 151
120 170
120 172
120 173
120 174
120 179
120 189
120 191
120 193
121 122
121 127
121 130
121 135
121 136
121 141
121 146
121 152
121 153
121 173
121 175
121 177
121 185
121 192
121 194
122 145
122 153
122 164
122 173
122 177
122 182
122 183
123 124
123 128
123 130
123 164
123 168
123 187
123 191
124 125
124 127
124 130
124 133
124 135
124 140
124 164
124 168
124 182
124 185
124 191
124 195
125 129
125 137
125 144
125 147
125 152
125 154
125 155
125 163
125 164
125 167
125 174
125 181
125 186
125 188
125 194
125 199
126 131
126 134
126 141
126 150
126 159
126 167
126 172
126 173
126 175
126 184
126 190
126 199
126 142
126 129
127 140
127 166
127 172
127 176
127 193
128 157
128 183
129 130
129 132
129 133
129 135
129 140
129 153
129 154
129 165
129 169
129 176
129 191
130 132
130 147
130 151
130 167
130 170
130 180
131 137
131 147
131 154
131 156
131 171
131 188
131 191
132 142
132 149
132 153
132 155
132 156
132 157
132 161
132 173
132 177
132 187
132 189
132 195
132 198
132 199
133 141
133 147
133 149
133 155
133 175
134 141
134 151
134 158
134 165
134 166
134 168
134 178
134 180
134 181
134 195
135 140
135 146
135 149
135 157
135 166
136 143
136 150
136 165
136 169
136 174
136 177
136 180
136 183
136 187
136 189
136 190
136 197
137 155
137 163
137 171
137 174
137 185
138 139
138 143
138 152
138 154
138 161
138 167
138 173
138 182
138 191
138 194
139 145
139 152
139 168
139 185
139 191
140 141
140 145
140 149
140 151
140 155
140 161
140 191
140 192
140 193
140 196
141 145
141 146
141 165
141 172
141 173
141 179
141 181
142 143
142 144
142 146
142 158
142 180
142 192
142 193
142 199
143 148
143 151
143 159
143 164
143 179
143 186
143 147
144 156
144 185
144 186
144 193
144 199
145 169
145 177
145 178
145 179
146 151
146 154
146 164
146 167
146 175
146 185
146 191
146 195
146 199
146 198
147 164
147 194
148 150
148 152
148 161
148 167
148 187
149 169
149 171
149 179
149 180
149 184
149 190
150 153
150 155
150 159
150 175
150 190
150 193
150 197
151 160
151 164
151 166
151 168
151 171
151 172
151 183
151 194
152 160
152 161
152 165
152 170
152 198
153 173
153 176
153 185
153 198
154 161
154 166
154 178
154 180
154 181
154 191
154 194
155 159
155 167
155 168
155 169
155 182
155 195
155 196
156 157
156 160
156 170
156 186
156 195
157 162
157 165
157 169
157 177
158 161
159 183
160 161
160 164
160 165
160 189
161 177
161 178
161 189
161 191
162 169
162 193
162 198
162 199
163 171
163 178
163 181
163 182
163 194
164 174
164 175
164 178
164 187
164 193
165 167
165 172
165 177
165 192
165 194
166 168
166 174
166 179
166 185
166 187
167 175
168 177
168 185
169 170
169 175
169 182
170 171
170 186
170 193
171 177
171 181
172 188
172 196
172 197
173 178
173 193
173 197
173 176
174 175
174 177
174 183
174 191
175 182
175 190
175 198
176 178
176 185
177 184
178 192
179 181
179 184
181 190
182 183
183 189
183 190
183 192
185 198
186 192
186 197
188 198
189 191
189 199
191 192
191 197
192 196
193 195