502995840
19
200
3579
0 19
0 20
0 21
0 22
0 23
0 24
0 25
0 26
0 28
0 29
0 33
0 34
0 42
0 46
0 55
0 57
0 58
0 65
0 68
0 71
0 77
0 83
0 93
0 97
0 98
0 99
0 103
0 105
0 115
0 121
0 126
0 130
0 142
0 143
0 158
0 160
0 168
0 188
0 191
0 193
0 198
0 56
0 128
1 19
1 20
1 21
1 23
1 25
1 26
1 29
1 31
1 36
1 37
1 38
1 39
1 41
1 43
1 53
1 54
1 56
1 57
1 58
1 61
1 68
1 76
1 78
1 89
1 106
1 107
1 117
1 123
1 133
1 139
1 159
1 168
1 172
1 182
1 15
2 19
2 20
2 21
2 24
2 25
2 27
2 28
2 29
2 30
2 31
2 33
2 34
2 35
2 37
2 41
2 43
2 45
2 46
2 47
2 48
2 50
2 51
2 54
2 56
2 59
2 62
2 66
2 76
2 82
2 86
2 87
2 88
2 95
2 98
2 101
2 103
2 110
2 113
2 114
2 115
2 126
2 130
2 139
2 142
2 152
2 154
2 159
2 165
2 172
2 180
2 195
2 196
2 197
2 198
2 32
2 58
3 19
3 20
3 21
3 22
3 23
3 24
3 25
3 26
3 27
3 28
3 29
3 30
3 32
3 33
3 39
3 41
3 42
3 47
3 50
3 53
3 69
3 76
3 81
3 111
3 113
3 116
3 123
3 126
3 132
3 133
3 144
3 161
3 187
3 188
3 190
3 195
3 197
3 155
3 130
4 19
4 20
4 21
4 22
4 23
4 24
4 26
4 29
4 30
4 31
4 35
4 37
4 38
4 39
4 41
4 47
4 48
4 53
4 64
4 71
4 76
4 77
4 79
4 81
4 89
4 93
4 95
4 96
4 103
4 104
4 107
4 111
4 112
4 117
4 118
4 119
4 131
4 141
4 147
4 151
4 186
4 193
4 198
4 18
5 19
5 20
5 21
5 22
5 23
5 24
5 25
5 26
5 29
5 31
5 33
5 34
5 40
5 41
5 44
5 46
5 48
5 51
5 63
5 64
5 66
5 75
5 105
5 122
5 125
5 136
5 153
5 155
5 156
5 160
5 174
5 179
5 180
5 187
5 199
5 88
6 19
6 20
6 21
6 22
6 27
6 28
6 29
6 31
6 32
6 33
6 34
6 35
6 40
6 47
6 48
6 50
6 52
6 55
6 57
6 63
6 66
6 67
6 70
6 74
6 85
6 92
6 99
6 103
6 106
6 108
6 119
6 187
6 189
7 19
7 20
7 23
7 24
7 25
7 26
7 28
7 30
7 33
7 34
7 35
7 37
7 45
7 47
7 49
7 55
7 59
7 60
7 62
7 65
7 83
7 91
7 98
7 100
7 115
7 127
7 134
7 142
7 145
7 155
7 157
7 165
7 171
7 185
7 195
7 92
8 19
8 20
8 21
8 22
8 24
8 25
8 26
8 27
8 28
8 32
8 35
8 36
8 37
8 40
8 42
8 44
8 45
8 46
8 47
8 51
8 53
8 55
8 60
8 62
8 65
8 72
8 74
8 77
8 78
8 82
8 87
8 90
8 95
8 115
8 118
8 124
8 131
8 136
8 159
8 161
8 178
8 180
8 187
8 191
8 193
8 199
9 19
9 20
9 21
9 22
9 23
9 25
9 27
9 28
9 30
9 33
9 37
9 41
9 42
9 46
9 49
9 50
9 55
9 56
9 58
9 64
9 66
9 69
9 72
9 73
9 88
9 89
9 94
9 101
9 106
9 110
9 113
9 114
9 119
9 125
9 132
9 133
9 137
9 152
9 153
9 163
9 166
9 168
9 176
9 178
9 179
9 180
9 187
9 26
9 111
10 19
10 22
10 23
10 24
10 28
10 33
10 35
10 38
10 59
10 60
10 61
10 68
10 76
10 98
10 120
10 138
10 199
11 19
11 20
11 21
11 22
11 24
11 25
11 26
11 27
11 30
11 31
11 32
11 36
11 38
11 41
11 44
11 50
11 62
11 66
11 67
11 92
11 97
11 105
11 109
11 110
11 115
11 120
11 146
11 151
11 164
11 179
11 190
12 19
12 20
12 21
12 22
12 23
12 24
12 25
12 26
12 27
12 36
12 37
12 44
12 55
12 61
12 64
12 68
12 73
12 75
12 93
12 94
12 100
12 112
12 118
12 123
12 134
12 182
12 189
12 197
12 88
13 19
13 20
13 21
13 22
13 23
13 26
13 29
13 30
13 32
13 33
13 34
13 40
13 49
13 51
13 58
13 61
13 77
13 82
13 88
13 90
13 93
13 99
13 102
13 109
13 133
13 149
13 159
13 177
13 184
13 86
13 35
14 19
14 20
14 21
14 22
14 23
14 24
14 25
14 27
14 28
14 30
14 31
14 32
14 33
14 35
14 36
14 41
14 42
14 46
14 48
14 50
14 51
14 52
14 55
14 57
14 58
14 62
14 68
14 69
14 70
14 73
14 74
14 77
14 79
14 81
14 84
14 91
14 93
14 97
14 102
14 104
14 109
14 112
14 118
14 120
14 135
14 139
14 141
14 147
14 151
14 162
14 171
14 172
14 175
14 179
14 180
14 193
14 16
15 19
15 20
15 21
15 22
15 23
15 24
15 26
15 27
15 28
15 29
15 30
15 31
15 32
15 35
15 36
15 37
15 38
15 40
15 42
15 43
15 44
15 53
15 58
15 60
15 61
15 63
15 68
15 72
15 73
15 76
15 89
15 92
15 102
15 107
15 109
15 117
15 138
15 140
15 158
15 171
15 187
15 192
16 19
16 20
16 21
16 22
16 23
16 24
16 25
16 31
16 32
16 34
16 35
16 36
16 39
16 41
16 48
16 59
16 64
16 66
16 80
16 84
16 86
16 98
16 105
16 110
16 112
16 124
16 154
16 163
16 178
16 53
17 19
17 20
17 21
17 22
17 23
17 24
17 27
17 28
17 30
17 32
17 33
17 36
17 39
17 43
17 45
17 47
17 49
17 57
17 66
17 74
17 76
17 84
17 93
17 107
17 110
17 113
17 125
17 127
17 133
17 137
17 152
17 158
17 162
17 172
17 177
17 183
18 19
18 20
18 21
18 22
18 23
18 25
18 26
18 27
18 28
18 30
18 32
18 37
18 38
18 41
18 42
18 44
18 45
18 46
18 52
18 54
18 60
18 63
18 64
18 68
18 72
18 75
18 79
18 80
18 82
18 83
18 85
18 88
18 89
18 99
18 106
18 111
18 117
18 128
18 131
18 151
18 161
18 172
18 179
18 181
18 182
18 183
18 188
19 20
19 21
19 22
19 23
19 24
19 25
19 26
19 27
19 28
19 29
19 30
19 31
19 32
19 33
19 34
19 35
19 36
19 37
19 38
19 39
19 40
19 41
19 42
19 43
19 44
19 45
19 46
19 47
19 49
19 50
19 51
19 53
19 54
19 55
19 56
19 58
19 59
19 63
19 64
19 65
19 66
19 67
19 68
19 71
19 72
19 73
19 75
19 78
19 79
19 80
19 85
19 88
19 90
19 91
19 92
19 93
19 94
19 95
19 96
19 99
19 100
19 104
19 105
19 107
19 110
19 114
19 115
19 118
19 121
19 123
19 125
19 126
19 127
19 132
19 133
19 135
19 136
19 137
19 139
19 141
19 145
19 149
19 151
19 154
19 156
19 159
19 160
19 162
19 165
19 169
19 172
19 173
19 175
19 184
19 186
19 189
19 191
19 192
19 194
19 76
19 83
19 143
19 177
20 21
20 22
20 23
20 24
20 25
20 26
20 27
20 28
20 29
20 30
20 31
20 34
20 36
20 37
20 38
20 39
20 40
20 43
20 46
20 47
20 48
20 50
20 51
20 53
20 57
20 62
20 63
20 64
20 67
20 70
20 71
20 76
20 78
20 80
20 82
20 89
20 90
20 95
20 96
20 107
20 111
20 112
20 113
20 116
20 117
20 119
20 120
20 123
20 125
20 127
20 128
20 135
20 137
20 138
20 139
20 140
20 143
20 144
20 150
20 151
20 152
20 154
20 155
20 167
20 171
20 177
20 184
20 189
20 54
20 122
21 22
21 23
21 24
21 25
21 26
21 27
21 28
21 29
21 30
21 31
21 32
21 33
21 34
21 35
21 36
21 37
21 38
21 40
21 41
21 42
21 43
21 44
21 45
21 49
21 51
21 53
21 54
21 56
21 61
21 62
21 65
21 66
21 68
21 69
21 70
21 71
21 73
21 74
21 80
21 81
21 82
21 85
21 88
21 89
21 95
21 97
21 98
21 99
21 101
21 104
21 109
21 111
21 118
21 120
21 125
21 126
21 129
21 134
21 135
21 144
21 145
21 150
21 152
21 153
21 156
21 157
21 158
21 159
21 160
21 165
21 168
21 170
21 171
21 172
21 173
21 175
21 176
21 182
21 184
21 185
21 186
21 188
21 189
21 190
21 197
21 193
22 23
22 24
22 25
22 26
22 27
22 28
22 29
22 30
22 33
22 34
22 35
22 36
22 37
22 38
22 41
22 43
22 44
22 45
22 46
22 48
22 50
22 51
22 53
22 56
22 59
22 61
22 63
22 64
22 67
22 68
22 71
22 73
22 83
22 84
22 88
22 89
22 91
22 99
22 101
22 102
22 103
22 105
22 106
22 110
22 111
22 115
22 123
22 129
22 130
22 132
22 137
22 138
22 148
22 150
22 156
22 159
22 160
22 181
22 185
22 193
22 196
23 24
23 25
23 26
23 27
23 28
23 29
23 30
23 31
23 32
23 33
23 35
23 36
23 37
23 38
23 39
23 40
23 42
23 43
23 46
23 47
23 49
23 50
23 54
23 60
23 61
23 62
23 70
23 73
23 76
23 79
23 82
23 85
23 87
23 89
23 90
23 94
23 97
23 100
23 104
23 106
23 107
23 109
23 113
23 116
23 117
23 121
23 123
23 124
23 126
23 130
23 131
23 137
23 139
23 156
23 162
23 163
23 166
23 170
23 177
23 180
23 185
23 186
23 189
23 190
23 191
23 194
23 144
23 55
23 78
23 93
24 25
24 26
24 27
24 28
24 29
24 31
24 32
24 33
24 34
24 35
24 37
24 38
24 39
24 40
24 42
24 44
24 46
24 47
24 48
24 49
24 50
24 51
24 52
24 53
24 54
24 56
24 57
24 58
24 61
24 64
24 66
24 68
24 70
24 74
24 80
24 84
24 88
24 91
24 102
24 104
24 108
24 110
24 127
24 129
24 133
24 141
24 146
24 148
24 152
24 153
24 169
24 171
24 175
24 196
24 198
24 63
24 76
24 89
24 164
24 176
25 26
25 27
25 29
25 30
25 31
25 32
25 34
25 35
25 36
25 37
25 39
25 40
25 41
25 42
25 45
25 46
25 47
25 49
25 51
25 55
25 56
25 58
25 59
25 60
25 62
25 65
25 66
25 67
25 69
25 71
25 72
25 73
25 80
25 82
25 83
25 86
25 89
25 92
25 94
25 95
25 96
25 97
25 99
25 100
25 102
25 104
25 106
25 109
25 112
25 114
25 119
25 121
25 126
25 128
25 129
25 130
25 134
25 138
25 140
25 146
25 164
25 166
25 169
25 174
25 176
25 185
25 190
25 198
25 199
26 27
26 29
26 30
26 31
26 32
26 34
26 36
26 37
26 38
26 41
26 42
26 43
26 44
26 49
26 52
26 55
26 56
26 57
26 59
26 62
26 68
26 73
26 75
26 79
26 81
26 84
26 86
26 91
26 92
26 93
26 100
26 103
26 105
26 107
26 113
26 121
26 123
26 126
26 133
26 145
26 149
26 156
26 162
26 166
26 172
26 178
26 181
26 194
26 139
26 132
27 28
27 29
27 31
27 32
27 34
27 35
27 41
27 42
27 43
27 44
27 46
27 47
27 48
27 49
27 50
27 52
27 53
27 54
27 61
27 62
27 63
27 65
27 70
27 72
27 73
27 75
27 76
27 81
27 82
27 84
27 85
27 86
27 87
27 90
27 96
27 101
27 104
27 105
27 106
27 107
27 111
27 120
27 123
27 125
27 129
27 131
27 132
27 133
27 141
27 143
27 152
27 153
27 154
27 156
27 157
27 160
27 164
27 167
27 170
27 173
27 176
27 181
27 194
27 197
27 198
27 188
28 29
28 30
28 33
28 35
28 36
28 39
28 41
28 45
28 47
28 49
28 51
28 52
28 53
28 54
28 55
28 56
28 57
28 58
28 60
28 63
28 70
28 72
28 73
28 74
28 75
28 77
28 78
28 79
28 83
28 86
28 87
28 92
28 97
28 98
28 102
28 103
28 111
28 114
28 117
28 118
28 122
28 129
28 132
28 137
28 139
28 142
28 143
28 144
28 145
28 149
28 151
28 153
28 157
28 159
28 162
28 166
28 167
28 176
28 179
28 187
28 42
28 71
28 115
28 148
29 31
29 33
29 34
29 35
29 36
29 38
29 39
29 40
29 43
29 46
29 47
29 48
29 49
29 52
29 53
29 54
29 55
29 56
29 59
29 60
29 62
29 65
29 75
29 76
29 78
29 79
29 85
29 86
29 87
29 88
29 90
29 93
29 113
29 114
29 117
29 118
29 120
29 125
29 127
29 135
29 141
29 144
29 148
29 151
29 158
29 161
29 164
29 165
29 167
29 177
29 179
29 185
29 192
29 171
29 95
29 190
30 31
30 32
30 34
30 37
30 40
30 43
30 44
30 45
30 46
30 47
30 50
30 51
30 52
30 53
30 54
30 55
30 56
30 58
30 59
30 60
30 61
30 62
30 64
30 65
30 70
30 72
30 73
30 79
30 82
30 83
30 84
30 86
30 91
30 95
30 103
30 107
30 108
30 115
30 117
30 121
30 123
30 126
30 128
30 134
30 136
30 137
30 152
30 154
30 157
30 168
30 169
30 173
30 178
30 182
30 183
30 187
30 188
30 190
30 191
30 197
30 105
31 32
31 34
31 38
31 39
31 40
31 44
31 45
31 49
31 51
31 53
31 54
31 56
31 60
31 63
31 70
31 71
31 75
31 76
31 79
31 80
31 85
31 88
31 89
31 90
31 91
31 93
31 94
31 97
31 101
31 102
31 105
31 109
31 111
31 119
31 122
31 125
31 126
31 127
31 135
31 138
31 147
31 149
31 157
31 161
31 162
31 163
31 166
31 179
31 184
31 190
31 31
31 67
32 33
32 36
32 38
32 39
32 40
32 42
32 43
32 44
32 45
32 46
32 47
32 48
32 52
32 53
32 54
32 55
32 67
32 72
32 73
32 75
32 77
32 78
32 82
32 84
32 85
32 86
32 87
32 91
32 92
32 95
32 96
32 98
32 102
32 107
32 110
32 111
32 112
32 122
32 124
32 132
32 137
32 138
32 139
32 141
32 144
32 145
32 148
32 150
32 152
32 153
32 155
32 159
32 161
32 166
32 174
32 184
32 188
32 191
32 193
32 197
32 79
33 34
33 36
33 38
33 40
33 43
33 45
33 49
33 50
33 51
33 52
33 57
33 59
33 61
33 62
33 66
33 68
33 69
33 70
33 71
33 74
33 75
33 79
33 83
33 87
33 93
33 94
33 103
33 105
33 111
33 116
33 119
33 122
33 126
33 127
33 129
33 134
33 137
33 142
33 143
33 148
33 149
33 153
33 157
33 158
33 161
33 164
33 175
33 180
33 181
33 182
33 183
33 188
33 196
33 197
33 117
34 35
34 38
34 39
34 40
34 42
34 43
34 44
34 45
34 46
34 48
34 53
34 54
34 56
34 59
34 65
34 66
34 69
34 71
34 77
34 78
34 79
34 81
34 83
34 84
34 87
34 89
34 101
34 108
34 110
34 114
34 115
34 117
34 122
34 125
34 140
34 145
34 146
34 163
34 168
34 173
34 175
34 178
34 183
34 186
34 190
34 100
34 182
35 39
35 40
35 45
35 59
35 66
35 69
35 71
35 72
35 75
35 81
35 88
35 97
35 98
35 105
35 111
35 113
35 114
35 119
35 125
35 133
35 141
35 142
35 148
35 150
35 151
35 171
35 174
35 175
35 177
35 183
35 138
35 178
36 37
36 38
36 39
36 41
36 45
36 52
36 61
36 62
36 63
36 64
36 65
36 71
36 74
36 75
36 80
36 82
36 83
36 86
36 87
36 90
36 101
36 103
36 110
36 115
36 120
36 124
36 126
36 127
36 128
36 129
36 135
36 136
36 139
36 145
36 146
36 155
36 156
36 160
36 169
36 183
36 191
36 122
36 154
37 39
37 40
37 41
37 43
37 44
37 48
37 50
37 52
37 57
37 62
37 63
37 65
37 76
37 77
37 88
37 92
37 99
37 101
37 103
37 105
37 106
37 108
37 111
37 114
37 119
37 128
37 130
37 133
37 139
37 144
37 148
37 149
37 152
37 157
37 162
37 163
37 170
37 176
37 179
37 183
37 185
37 198
37 199
37 116
38 39
38 42
38 44
38 46
38 51
38 57
38 60
38 63
38 64
38 65
38 66
38 70
38 72
38 76
38 77
38 78
38 83
38 90
38 91
38 92
38 93
38 95
38 96
38 97
38 100
38 117
38 132
38 134
38 135
38 137
38 145
38 154
38 155
38 169
38 173
38 176
38 184
38 192
38 193
38 195
38 52
38 84
39 42
39 43
39 45
39 48
39 50
39 52
39 56
39 59
39 60
39 68
39 72
39 77
39 85
39 86
39 89
39 91
39 93
39 97
39 100
39 104
39 105
39 118
39 130
39 135
39 137
39 140
39 142
39 147
39 148
39 149
39 159
39 163
39 165
39 174
39 187
39 189
39 190
39 192
39 134
40 42
40 43
40 48
40 57
40 61
40 68
40 69
40 73
40 76
40 77
40 81
40 99
40 102
40 104
40 106
40 113
40 114
40 115
40 121
40 125
40 132
40 140
40 146
40 147
40 151
40 155
40 156
40 158
40 168
40 171
40 178
40 192
40 198
40 41
41 47
41 49
41 51
41 52
41 64
41 65
41 69
41 78
41 80
41 84
41 89
41 95
41 101
41 103
41 126
41 128
41 131
41 147
41 150
41 151
41 156
41 159
41 174
41 176
41 186
41 193
41 195
41 196
42 44
42 45
42 54
42 56
42 57
42 60
42 63
42 69
42 78
42 84
42 89
42 91
42 92
42 107
42 109
42 110
42 112
42 120
42 123
42 126
42 130
42 133
42 135
42 147
42 150
42 170
42 176
42 178
42 187
42 189
42 191
42 198
42 166
43 47
43 49
43 51
43 52
43 54
43 57
43 59
43 61
43 64
43 68
43 71
43 75
43 77
43 81
43 83
43 84
43 86
43 87
43 94
43 95
43 98
43 104
43 106
43 108
43 109
43 112
43 116
43 117
43 118
43 121
43 127
43 139
43 148
43 186
43 188
43 196
43 197
44 49
44 56
44 62
44 65
44 66
44 67
44 78
44 81
44 82
44 96
44 99
44 100
44 101
44 106
44 116
44 120
44 124
44 152
44 160
44 173
44 178
44 199
44 61
44 70
44 186
45 48
45 50
45 52
45 57
45 58
45 60
45 61
45 67
45 78
45 82
45 96
45 100
45 105
45 109
45 133
45 144
45 157
45 162
45 164
45 169
45 173
45 177
45 180
45 187
45 99
46 48
46 50
46 58
46 60
46 67
46 73
46 85
46 94
46 109
46 129
46 130
46 131
46 132
46 134
46 142
46 147
46 149
46 165
46 87
46 136
47 48
47 51
47 54
47 55
47 57
47 58
47 61
47 64
47 65
47 67
47 77
47 80
47 81
47 88
47 91
47 96
47 98
47 105
47 112
47 119
47 120
47 121
47 127
47 138
47 140
47 156
47 167
47 168
47 170
47 171
47 172
47 173
47 175
47 177
47 182
47 189
47 190
47 161
48 49
48 50
48 55
48 58
48 60
48 63
48 64
48 67
48 69
48 72
48 74
48 87
48 88
48 96
48 97
48 98
48 103
48 104
48 110
48 111
48 113
48 116
48 117
48 122
48 130
48 132
48 135
48 140
48 141
48 142
48 143
48 146
48 148
48 154
48 168
48 173
48 178
48 186
48 191
48 195
48 125
48 161
49 52
49 54
49 56
49 57
49 60
49 63
49 67
49 72
49 76
49 77
49 94
49 101
49 106
49 107
49 108
49 109
49 110
49 113
49 122
49 128
49 130
49 132
49 134
49 136
49 137
49 144
49 149
49 155
49 165
49 168
49 175
49 190
49 95
50 53
50 67
50 78
50 81
50 90
50 97
50 100
50 102
50 120
50 136
50 143
50 153
50 163
50 166
50 167
50 168
50 181
50 187
50 196
50 140
51 52
51 55
51 58
51 59
51 62
51 70
51 73
51 74
51 77
51 80
51 82
51 84
51 86
51 90
51 92
51 105
51 108
51 115
51 116
51 124
51 125
51 129
51 135
51 138
51 139
51 140
51 142
51 144
51 145
51 160
51 172
51 194
52 53
52 54
52 55
52 56
52 58
52 61
52 64
52 67
52 70
52 71
52 73
52 79
52 81
52 84
52 85
52 86
52 87
52 89
52 91
52 98
52 99
52 103
52 105
52 106
52 107
52 111
52 113
52 116
52 119
52 121
52 127
52 133
52 134
52 140
52 141
52 151
52 157
52 161
52 164
52 165
52 172
52 183
52 195
52 196
52 197
53 55
53 67
53 68
53 72
53 87
53 95
53 100
53 104
53 108
53 119
53 134
53 158
53 161
53 165
54 57
54 58
54 59
54 69
54 74
54 75
54 77
54 79
54 87
54 89
54 112
54 115
54 119
54 121
54 123
54 125
54 136
54 143
54 146
54 157
54 177
54 185
54 192
54 193
54 194
54 104
54 183
55 63
55 69
55 71
55 75
55 80
55 85
55 93
55 104
55 107
55 110
55 114
55 119
55 124
55 129
55 151
55 158
55 176
55 179
56 59
56 60
56 62
56 66
56 67
56 68
56 69
56 77
56 78
56 81
56 85
56 94
56 106
56 109
56 112
56 113
56 118
56 154
56 159
56 178
56 185
56 153
56 79
57 58
57 59
57 68
57 79
57 80
57 82
57 85
57 87
57 94
57 113
57 121
57 129
57 131
57 140
57 154
57 159
57 177
57 182
57 189
57 194
57 186
58 61
58 63
58 70
58 90
58 92
58 108
58 121
58 132
58 136
58 145
58 154
58 163
58 166
58 168
58 182
58 184
58 151
58 167
59 65
59 66
59 74
59 78
59 80
59 81
59 86
59 94
59 95
59 106
59 108
59 112
59 122
59 131
59 148
59 167
59 172
59 173
59 179
59 180
59 70
59 110
60 65
60 67
60 71
60 79
60 100
60 101
60 112
60 123
60 128
60 129
60 156
60 158
60 173
60 174
60 178
60 189
60 193
60 81
60 191
61 63
61 69
61 74
61 75
61 76
61 78
61 83
61 97
61 104
61 116
61 122
61 125
61 136
61 139
61 141
61 152
61 158
61 163
61 175
61 184
61 188
61 190
61 174
62 65
62 72
62 80
62 85
62 94
62 97
62 101
62 102
62 103
62 116
62 122
62 127
62 141
62 169
62 170
62 188
62 194
62 198
63 64
63 67
63 69
63 70
63 72
63 74
63 81
63 86
63 90
63 102
63 108
63 115
63 141
63 168
63 169
63 170
63 176
63 181
63 185
63 188
63 190
63 199
64 66
64 69
64 70
64 71
64 76
64 79
64 91
64 98
64 100
64 107
64 108
64 116
64 122
64 123
64 127
64 135
64 137
64 139
64 147
64 151
64 159
64 165
64 167
64 170
64 171
64 174
64 190
65 69
65 70
65 74
65 81
65 82
65 90
65 92
65 96
65 110
65 112
65 114
65 121
65 136
65 142
65 143
65 163
65 185
65 186
65 187
65 98
65 99
66 70
66 72
66 80
66 84
66 87
66 91
66 92
66 95
66 102
66 138
66 141
66 145
66 146
66 156
66 157
66 159
66 162
66 165
66 175
66 178
66 179
66 183
66 106
66 126
67 71
67 74
67 75
67 92
67 108
67 109
67 116
67 117
67 126
67 136
67 142
67 158
67 160
67 185
67 196
67 199
68 71
68 78
68 88
68 109
68 192
68 77
69 74
69 75
69 79
69 80
69 83
69 84
69 90
69 92
69 96
69 101
69 116
69 124
69 142
69 150
69 152
69 153
69 155
69 164
69 170
69 175
70 73
70 74
70 77
70 80
70 85
70 87
70 91
70 104
70 122
70 144
70 150
70 157
70 162
70 167
70 173
70 181
70 195
70 194
71 85
71 86
71 87
71 93
71 94
71 96
71 111
71 112
71 113
71 119
71 131
71 135
71 140
71 143
71 144
71 158
71 163
71 168
71 194
71 170
72 96
72 98
72 100
72 102
72 122
72 128
72 136
72 148
72 170
72 172
72 188
72 163
73 81
73 83
73 86
73 92
73 97
73 111
73 114
73 132
73 143
73 190
74 83
74 89
74 95
74 136
74 144
74 147
74 163
74 167
74 80
74 129
75 76
75 79
75 83
75 88
75 91
75 103
75 113
75 114
75 118
75 121
75 122
75 170
75 176
75 186
75 191
75 85
75 150
75 193
76 78
76 82
76 85
76 88
76 114
76 119
76 120
76 121
76 135
76 143
76 160
76 169
76 170
76 171
76 174
76 177
76 180
76 185
76 195
76 157
76 196
77 93
77 99
77 104
77 117
77 128
77 130
77 138
77 146
77 155
77 161
77 166
77 167
77 192
77 195
77 152
78 83
78 84
78 93
78 98
78 122
78 125
78 131
78 132
78 133
78 134
78 145
78 148
78 155
78 157
78 164
78 167
78 175
78 181
78 182
78 183
78 192
78 194
78 198
78 159
78 169
79 90
79 95
79 97
79 100
79 119
79 122
79 127
79 133
79 138
79 145
79 158
79 162
79 164
79 168
79 178
79 186
79 187
79 152
80 86
80 89
80 91
80 94
80 99
80 109
80 123
80 125
80 136
80 137
80 143
80 158
80 159
80 182
80 196
80 112
81 82
81 83
81 88
81 93
81 95
81 104
81 105
81 107
81 114
81 121
81 136
81 157
81 162
81 168
81 171
81 174
81 185
81 188
81 189
81 193
82 84
82 88
82 90
82 96
82 99
82 105
82 108
82 112
82 116
82 117
82 123
82 126
82 128
82 129
82 131
82 132
82 136
82 150
82 154
82 155
82 158
82 174
82 177
83 94
83 142
83 173
83 199
84 98
84 106
84 119
84 133
84 139
84 159
84 164
84 169
84 172
84 177
84 181
85 92
85 95
85 98
85 108
85 126
85 143
85 149
85 153
85 156
85 158
85 161
85 162
85 174
85 178
85 179
85 181
85 183
85 196
85 197
85 172
86 94
86 97
86 98
86 100
86 101
86 114
86 118
86 134
86 151
86 152
86 168
86 176
86 187
86 195
86 198
86 146
87 90
87 93
87 99
87 101
87 102
87 108
87 117
87 125
87 147
87 152
87 155
87 160
87 172
87 184
87 191
87 193
87 190
88 102
88 113
88 123
88 129
88 138
88 142
88 143
88 145
88 146
88 151
88 155
88 160
88 161
88 181
88 194
89 94
89 99
89 100
89 108
89 111
89 112
89 124
89 145
89 149
89 172
89 189
89 191
89 96
90 96
90 103
90 111
90 113
90 115
90 124
90 141
90 149
90 166
90 167
90 168
90 180
90 194
91 109
91 117
91 150
91 152
91 153
91 164
91 171
91 173
91 184
91 112
92 96
92 97
92 104
92 118
92 125
92 130
92 134
92 138
92 147
92 165
92 173
92 174
92 183
92 185
92 192
92 168
93 107
93 128
93 130
93 157
93 194
93 196
93 121
93 188
94 101
94 118
94 119
94 121
94 127
94 147
94 177
94 198
94 199
95 96
95 99
95 106
95 118
95 133
95 169
96 101
96 102
96 106
96 115
96 122
96 123
96 127
96 128
96 138
96 146
96 149
96 150
96 155
96 167
96 176
96 178
96 192
96 193
97 99
97 103
97 107
97 137
97 141
97 149
97 173
97 175
97 180
97 183
97 184
97 182
98 116
98 118
98 120
98 130
98 143
98 148
98 188
98 191
99 100
99 116
99 124
99 140
99 142
99 149
99 154
99 159
99 176
99 183
99 184
99 188
99 197
100 112
100 115
100 116
100 120
100 130
100 163
100 167
100 184
100 188
100 192
100 198
100 199
100 121
101 102
101 103
101 108
101 121
101 124
101 132
101 161
101 164
101 171
101 179
101 180
101 190
101 195
101 196
101 158
102 110
102 115
102 118
102 131
102 132
102 134
102 137
102 143
102 144
102 146
102 161
102 170
102 174
102 180
102 181
102 193
102 105
103 115
103 146
103 147
103 153
103 155
103 160
103 167
103 181
103 142
104 110
104 120
104 123
104 128
104 134
104 135
104 185
104 188
104 193
105 109
105 110
105 124
105 133
105 139
105 140
105 146
105 149
105 154
105 164
105 169
105 170
105 175
105 187
105 196
105 142
106 135
106 150
106 161
106 184
106 195
106 196
106 171
107 117
107 127
107 134
107 140
107 144
107 152
107 153
107 163
107 188
107 191
107 192
108 130
108 138
108 153
108 164
108 165
108 113
109 120
109 124
109 128
109 130
109 140
109 158
109 195
109 199
110 116
110 118
110 124
110 131
110 147
110 162
110 169
110 182
111 114
111 163
111 197
111 199
112 120
112 126
112 129
112 161
112 163
112 165
112 170
112 172
112 183
112 196
113 114
113 183
113 192
114 142
114 144
114 146
114 152
115 124
115 140
115 182
115 186
115 194
116 135
116 140
116 144
116 150
116 153
116 179
116 186
117 128
117 132
117 134
117 138
117 146
117 147
117 149
117 150
117 151
117 153
117 177
118 122
118 127
118 143
118 154
118 162
118 169
118 177
118 182
119 120
119 129
119 138
119 144
119 162
119 165
119 172
119 177
119 178
119 182
119 198
120 130
120 153
120 160
120 166
120 194
120 123
120 173
121 124
121 131
121 146
121 148
121 160
121 163
122 140
122 147
122 148
122 155
122 199
123 124
123 128
123 136
123 141
123 190
123 194
123 162
123 163
124 128
124 131
124 149
124 151
124 154
124 167
124 174
124 175
124 180
124 191
124 161
125 126
125 131
125 142
125 150
125 161
126 129
126 131
126 147
126 156
126 157
126 184
127 150
127 165
127 172
128 129
128 139
128 145
128 157
128 178
128 196
128 197
129 136
129 137
129 139
129 154
129 164
130 131
130 134
130 137
130 139
130 141
130 143
130 174
130 181
130 188
130 199
131 161
131 165
131 199
132 144
132 175
132 180
133 145
133 152
133 156
133 160
133 163
134 135
134 159
134 166
134 178
134 189
134 170
135 142
135 158
135 187
135 199
136 138
136 160
136 191
136 192
137 141
138 153
138 165
138 177
138 181
139 147
139 148
139 150
139 155
140 148
140 166
140 170
140 180
141 164
141 179
141 181
141 184
141 189
141 195
142 145
142 148
142 150
142 164
142 197
143 146
143 154
143 162
143 166
143 187
143 192
144 174
144 185
144 184
144 156
145 173
145 186
145 194
145 191
146 155
146 169
146 171
146 185
146 191
147 154
147 156
147 161
147 166
147 195
147 199
148 166
148 179
148 183
149 151
149 157
150 191
150 198
150 189
151 166
151 171
151 182
151 192
151 193
151 195
152 156
152 175
152 177
152 181
152 193
152 197
153 167
153 168
153 169
153 170
153 189
153 196
153 173
153 175
154 167
154 176
154 180
154 192
154 199
155 156
155 173
155 180
155 184
155 182
156 198
158 166
158 174
158 186
158 198
159 160
159 164
159 176
159 186
159 189
159 197
160 169
160 182
161 162
161 169
161 171
161 185
161 198
162 176
162 177
163 165
163 189
163 191
163 193
164 176
164 193
165 175
166 179
166 187
167 170
167 171
167 182
167 184
167 195
168 186
169 171
169 183
170 186
170 179
171 174
171 198
172 190
172 194
173 190
175 179
176 181
176 182
177 189
181 197
182 186
182 197
184 199
185 199
185 188
188 194
189 196
191 194
194 195