287278896
100
200
10000
0 100
0 101
0 102
0 103
0 104
0 105
0 106
0 107
0 108
0 109
0 110
0 111
0 112
0 113
0 114
0 116
0 117
0 118
0 119
0 120
0 122
0 124
0 125
0 126
0 127
0 128
0 129
0 130
0 131
0 133
0 134
0 135
0 141
0 142
0 143
0 146
0 149
0 150
0 151
0 152
0 153
0 155
0 156
0 157
0 159
0 160
0 161
0 162
0 163
0 167
0 171
0 173
0 177
0 180
0 181
0 182
0 183
0 188
0 189
0 190
0 191
0 192
0 193
0 194
0 196
0 197
1 100
1 101
1 102
1 103
1 104
1 105
1 106
1 107
1 108
1 109
1 110
1 111
1 112
1 113
1 114
1 115
1 116
1 117
1 118
1 119
1 120
1 121
1 122
1 123
1 124
1 125
1 126
1 127
1 128
1 129
1 130
1 132
1 133
1 135
1 136
1 141
1 142
1 144
1 147
1 148
1 149
1 153
1 157
1 158
1 159
1 165
1 166
1 167
1 170
1 171
1 172
1 178
1 182
1 185
1 186
1 188
1 192
1 193
1 194
2 100
2 101
2 102
2 103
2 104
2 105
2 106
2 107
2 108
2 110
2 112
2 113
2 114
2 115
2 116
2 117
2 118
2 119
2 121
2 122
2 123
2 124
2 125
2 126
2 128
2 129
2 131
2 132
2 134
2 135
2 141
2 142
2 143
2 144
2 145
2 146
2 147
2 148
2 149
2 150
2 151
2 153
2 155
2 159
2 160
2 163
2 169
2 171
2 172
2 174
2 175
2 177
2 179
2 182
2 184
2 185
2 191
2 192
2 196
2 199
3 100
3 101
3 102
3 103
3 104
3 105
3 106
3 107
3 108
3 109
3 110
3 111
3 112
3 113
3 114
3 115
3 116
3 119
3 120
3 121
3 123
3 125
3 126
3 127
3 128
3 129
3 130
3 131
3 133
3 134
3 136
3 138
3 140
3 141
3 142
3 144
3 145
3 146
3 147
3 148
3 150
3 154
3 156
3 158
3 160
3 162
3 163
3 164
3 166
3 167
3 169
3 170
3 173
3 174
3 176
3 182
3 184
3 186
3 189
3 197
3 198
3 199
4 100
4 101
4 102
4 103
4 104
4 105
4 106
4 107
4 108
4 109
4 110
4 111
4 112
4 114
4 116
4 117
4 119
4 120
4 121
4 122
4 123
4 125
4 127
4 128
4 130
4 131
4 133
4 134
4 136
4 137
4 138
4 140
4 141
4 145
4 150
4 151
4 152
4 154
4 155
4 156
4 157
4 159
4 160
4 164
4 165
4 166
4 168
4 169
4 172
4 175
4 178
4 180
4 181
4 182
4 183
4 184
4 187
4 190
4 193
4 194
4 196
5 100
5 101
5 102
5 103
5 104
5 105
5 106
5 107
5 108
5 109
5 110
5 111
5 113
5 114
5 115
5 116
5 117
5 118
5 119
5 121
5 123
5 124
5 125
5 126
5 127
5 128
5 129
5 130
5 131
5 132
5 133
5 134
5 136
5 140
5 144
5 145
5 148
5 149
5 150
5 152
5 153
5 154
5 156
5 158
5 159
5 162
5 167
5 169
5 173
5 174
5 175
5 186
5 187
5 191
5 192
5 193
5 194
5 195
6 100
6 101
6 102
6 103
6 104
6 105
6 106
6 107
6 108
6 109
6 110
6 111
6 112
6 113
6 115
6 116
6 117
6 118
6 120
6 121
6 122
6 123
6 124
6 125
6 126
6 127
6 128
6 129
6 130
6 133
6 139
6 140
6 141
6 143
6 149
6 150
6 152
6 155
6 156
6 159
6 160
6 161
6 164
6 165
6 167
6 171
6 173
6 174
6 176
6 179
6 180
6 181
6 183
6 185
6 186
6 188
6 193
6 194
6 195
6 196
6 197
7 100
7 101
7 102
7 103
7 104
7 105
7 106
7 107
7 108
7 109
7 110
7 111
7 112
7 113
7 114
7 115
7 116
7 118
7 119
7 120
7 121
7 122
7 123
7 124
7 125
7 126
7 129
7 130
7 133
7 134
7 136
7 137
7 138
7 141
7 143
7 144
7 147
7 148
7 149
7 150
7 151
7 152
7 154
7 157
7 158
7 161
7 162
7 163
7 164
7 165
7 168
7 171
7 173
7 181
7 190
7 192
7 193
7 194
7 195
8 100
8 101
8 102
8 104
8 105
8 106
8 107
8 108
8 109
8 110
8 111
8 112
8 113
8 114
8 115
8 117
8 118
8 120
8 121
8 123
8 125
8 130
8 133
8 135
8 136
8 137
8 138
8 139
8 143
8 144
8 145
8 146
8 147
8 148
8 149
8 150
8 151
8 157
8 163
8 165
8 168
8 170
8 175
8 179
8 183
8 184
8 187
8 190
8 192
8 194
8 197
8 199
9 100
9 101
9 102
9 103
9 104
9 105
9 107
9 108
9 109
9 110
9 111
9 112
9 113
9 114
9 115
9 116
9 117
9 118
9 120
9 121
9 122
9 124
9 125
9 126
9 128
9 129
9 130
9 132
9 138
9 139
9 140
9 141
9 142
9 144
9 147
9 150
9 153
9 155
9 156
9 157
9 159
9 162
9 163
9 164
9 165
9 168
9 171
9 176
9 177
9 178
9 181
9 186
9 188
9 190
9 191
9 194
9 195
9 199
10 100
10 101
10 102
10 103
10 104
10 105
10 106
10 107
10 108
10 109
10 110
10 111
10 112
10 113
10 114
10 115
10 116
10 117
10 118
10 119
10 120
10 121
10 122
10 123
10 124
10 125
10 126
10 127
10 129
10 130
10 131
10 133
10 134
10 136
10 137
10 139
10 140
10 143
10 144
10 145
10 146
10 147
10 149
10 151
10 152
10 153
10 154
10 157
10 161
10 162
10 168
10 173
10 174
10 178
10 187
10 192
10 195
10 196
11 100
11 101
11 102
11 103
11 104
11 105
11 106
11 107
11 108
11 109
11 110
11 111
11 112
11 113
11 114
11 115
11 116
11 117
11 118
11 119
11 120
11 121
11 122
11 123
11 124
11 125
11 126
11 127
11 128
11 129
11 131
11 133
11 134
11 136
11 137
11 139
11 141
11 142
11 143
11 147
11 150
11 151
11 153
11 155
11 156
11 159
11 160
11 161
11 162
11 163
11 164
11 165
11 166
11 170
11 171
11 173
11 174
11 175
11 176
11 179
11 182
11 186
11 189
11 196
11 199
12 100
12 101
12 102
12 103
12 104
12 105
12 106
12 107
12 108
12 109
12 110
12 111
12 112
12 113
12 115
12 116
12 117
12 119
12 120
12 122
12 123
12 125
12 126
12 129
12 130
12 131
12 133
12 134
12 135
12 136
12 138
12 140
12 141
12 142
12 145
12 146
12 147
12 149
12 153
12 155
12 165
12 166
12 168
12 170
12 172
12 174
12 177
12 181
12 183
12 185
12 186
12 190
13 100
13 101
13 102
13 103
13 104
13 105
13 106
13 107
13 108
13 109
13 110
13 111
13 112
13 113
13 114
13 115
13 116
13 117
13 118
13 119
13 122
13 123
13 124
13 127
13 128
13 129
13 136
13 137
13 138
13 139
13 140
13 143
13 144
13 145
13 146
13 150
13 151
13 153
13 156
13 160
13 163
13 164
13 165
13 166
13 168
13 173
13 176
13 178
13 179
13 181
13 183
13 189
13 193
13 194
13 195
13 198
14 100
14 101
14 102
14 103
14 104
14 105
14 106
14 107
14 109
14 110
14 111
14 112
14 115
14 116
14 118
14 119
14 120
14 121
14 122
14 123
14 125
14 126
14 129
14 130
14 131
14 133
14 135
14 137
14 138
14 142
14 143
14 147
14 148
14 150
14 158
14 162
14 164
14 170
14 172
14 175
14 176
14 177
14 180
14 181
14 183
14 185
14 190
14 192
14 197
15 100
15 101
15 102
15 103
15 104
15 105
15 106
15 108
15 109
15 111
15 112
15 113
15 114
15 115
15 116
15 117
15 118
15 120
15 121
15 122
15 124
15 125
15 126
15 127
15 128
15 129
15 130
15 131
15 133
15 134
15 137
15 141
15 142
15 143
15 145
15 146
15 148
15 149
15 150
15 151
15 152
15 153
15 154
15 156
15 157
15 158
15 161
15 162
15 163
15 164
15 175
15 180
15 182
15 184
15 188
15 191
15 199
16 100
16 101
16 102
16 103
16 104
16 105
16 106
16 107
16 108
16 110
16 111
16 112
16 113
16 114
16 116
16 117
16 118
16 119
16 120
16 121
16 122
16 123
16 124
16 125
16 126
16 127
16 132
16 133
16 134
16 135
16 136
16 137
16 138
16 140
16 142
16 146
16 147
16 148
16 152
16 153
16 154
16 157
16 160
16 161
16 162
16 163
16 167
16 169
16 175
16 176
16 178
16 181
16 183
16 186
16 188
16 190
16 193
17 100
17 101
17 102
17 103
17 104
17 106
17 107
17 108
17 109
17 110
17 111
17 112
17 113
17 114
17 115
17 116
17 117
17 118
17 120
17 121
17 122
17 123
17 124
17 125
17 127
17 128
17 129
17 130
17 132
17 134
17 135
17 136
17 139
17 144
17 145
17 146
17 147
17 148
17 149
17 151
17 153
17 154
17 156
17 157
17 159
17 160
17 161
17 163
17 165
17 166
17 167
17 170
17 174
17 176
17 178
17 181
17 184
17 185
17 189
17 190
17 191
17 193
17 195
17 196
17 199
18 100
18 101
18 102
18 103
18 104
18 105
18 106
18 107
18 109
18 110
18 112
18 113
18 114
18 115
18 116
18 119
18 120
18 121
18 122
18 126
18 127
18 128
18 130
18 131
18 137
18 138
18 141
18 142
18 143
18 145
18 148
18 150
18 151
18 152
18 153
18 154
18 155
18 158
18 159
18 161
18 163
18 164
18 165
18 166
18 167
18 168
18 170
18 172
18 180
18 182
18 185
18 188
18 193
18 194
18 195
19 100
19 102
19 103
19 104
19 105
19 106
19 107
19 108
19 109
19 110
19 111
19 112
19 113
19 114
19 115
19 116
19 117
19 118
19 119
19 122
19 123
19 124
19 125
19 126
19 127
19 128
19 130
19 132
19 133
19 135
19 136
19 137
19 138
19 140
19 141
19 144
19 145
19 149
19 150
19 151
19 153
19 157
19 158
19 159
19 161
19 163
19 164
19 166
19 167
19 174
19 175
19 176
19 179
19 180
19 181
19 184
19 186
19 190
20 100
20 101
20 103
20 104
20 105
20 106
20 107
20 108
20 109
20 110
20 111
20 113
20 115
20 116
20 117
20 118
20 119
20 121
20 123
20 126
20 129
20 132
20 134
20 137
20 143
20 146
20 149
20 151
20 152
20 155
20 158
20 162
20 163
20 164
20 170
20 171
20 172
20 175
20 176
20 182
20 183
20 189
20 198
21 100
21 101
21 102
21 103
21 104
21 105
21 106
21 107
21 109
21 110
21 111
21 112
21 113
21 114
21 115
21 118
21 119
21 120
21 121
21 122
21 123
21 125
21 127
21 130
21 135
21 137
21 138
21 139
21 141
21 146
21 150
21 153
21 154
21 155
21 156
21 164
21 165
21 166
21 168
21 175
21 184
21 189
21 194
21 195
21 199
22 100
22 101
22 102
22 103
22 104
22 105
22 106
22 107
22 108
22 109
22 110
22 111
22 112
22 113
22 114
22 115
22 116
22 117
22 118
22 119
22 120
22 123
22 124
22 125
22 126
22 128
22 129
22 130
22 131
22 133
22 135
22 137
22 139
22 140
22 141
22 142
22 143
22 144
22 145
22 147
22 148
22 149
22 151
22 152
22 154
22 157
22 160
22 164
22 166
22 167
22 171
22 177
22 178
22 179
22 180
22 181
22 182
22 184
22 190
22 192
22 194
22 198
23 100
23 101
23 102
23 103
23 104
23 105
23 106
23 107
23 108
23 109
23 110
23 112
23 113
23 114
23 115
23 116
23 117
23 118
23 119
23 120
23 122
23 123
23 124
23 125
23 126
23 127
23 128
23 129
23 131
23 132
23 133
23 135
23 136
23 138
23 140
23 142
23 143
23 144
23 149
23 150
23 151
23 153
23 154
23 159
23 161
23 162
23 163
23 165
23 166
23 172
23 175
23 176
23 177
23 180
23 183
23 184
23 191
23 192
23 193
23 196
23 197
23 198
24 100
24 101
24 102
24 103
24 105
24 106
24 108
24 109
24 110
24 111
24 113
24 114
24 116
24 117
24 119
24 123
24 124
24 125
24 126
24 127
24 128
24 129
24 130
24 131
24 132
24 133
24 134
24 139
24 140
24 142
24 145
24 151
24 155
24 156
24 158
24 160
24 161
24 167
24 168
24 169
24 170
24 175
24 176
24 178
24 193
24 195
24 199
25 100
25 101
25 102
25 103
25 104
25 105
25 106
25 107
25 108
25 109
25 110
25 111
25 112
25 113
25 114
25 115
25 116
25 117
25 119
25 120
25 123
25 126
25 127
25 128
25 129
25 130
25 131
25 133
25 134
25 135
25 137
25 140
25 141
25 143
25 146
25 150
25 152
25 154
25 158
25 159
25 161
25 167
25 168
25 169
25 170
25 171
25 173
25 174
25 175
25 179
25 183
25 188
25 190
25 191
25 192
25 193
25 196
25 197
26 100
26 101
26 102
26 103
26 104
26 105
26 107
26 108
26 109
26 110
26 111
26 112
26 113
26 114
26 115
26 116
26 117
26 118
26 119
26 120
26 121
26 122
26 124
26 125
26 126
26 127
26 128
26 130
26 132
26 133
26 135
26 136
26 137
26 138
26 140
26 142
26 143
26 147
26 148
26 151
26 156
26 158
26 159
26 162
26 164
26 165
26 166
26 169
26 170
26 173
26 174
26 179
26 181
26 184
26 187
26 188
26 189
26 190
26 194
27 100
27 101
27 102
27 103
27 104
27 105
27 106
27 107
27 108
27 109
27 110
27 111
27 112
27 113
27 114
27 115
27 116
27 117
27 119
27 122
27 123
27 124
27 125
27 126
27 127
27 128
27 130
27 132
27 133
27 134
27 135
27 136
27 138
27 139
27 140
27 141
27 143
27 144
27 146
27 147
27 148
27 149
27 151
27 152
27 154
27 159
27 161
27 162
27 166
27 167
27 168
27 169
27 170
27 172
27 176
27 181
27 184
27 185
27 186
27 187
27 189
27 190
27 194
27 197
27 198
28 100
28 101
28 102
28 103
28 104
28 105
28 106
28 107
28 108
28 111
28 112
28 113
28 114
28 115
28 116
28 118
28 119
28 120
28 121
28 122
28 123
28 124
28 125
28 127
28 128
28 129
28 130
28 131
28 132
28 133
28 134
28 138
28 139
28 140
28 141
28 144
28 145
28 146
28 147
28 148
28 152
28 155
28 156
28 157
28 158
28 160
28 161
28 166
28 169
28 171
28 172
28 173
28 174
28 175
28 176
28 178
28 179
28 182
28 183
28 185
28 186
28 188
28 191
28 193
28 194
28 196
28 197
29 100
29 101
29 102
29 103
29 104
29 105
29 106
29 107
29 108
29 109
29 110
29 111
29 112
29 115
29 117
29 118
29 119
29 120
29 123
29 124
29 126
29 127
29 128
29 129
29 131
29 132
29 134
29 135
29 137
29 138
29 139
29 140
29 141
29 142
29 144
29 145
29 146
29 148
29 149
29 152
29 153
29 158
29 161
29 162
29 163
29 166
29 171
29 172
29 173
29 176
29 178
29 180
29 181
29 183
29 185
29 188
29 191
29 192
30 100
30 101
30 102
30 103
30 104
30 105
30 106
30 107
30 108
30 110
30 111
30 112
30 113
30 114
30 115
30 116
30 117
30 118
30 120
30 122
30 123
30 124
30 126
30 128
30 129
30 130
30 132
30 133
30 135
30 137
30 138
30 139
30 142
30 143
30 144
30 145
30 149
30 150
30 153
30 154
30 156
30 158
30 162
30 163
30 166
30 167
30 169
30 172
30 173
30 174
30 175
30 176
30 177
30 178
30 180
30 182
30 188
30 190
30 192
30 194
31 100
31 101
31 102
31 103
31 104
31 105
31 107
31 108
31 109
31 110
31 111
31 112
31 114
31 115
31 116
31 117
31 118
31 119
31 120
31 121
31 123
31 124
31 125
31 126
31 127
31 128
31 130
31 132
31 133
31 134
31 135
31 136
31 137
31 138
31 139
31 140
31 142
31 144
31 145
31 146
31 147
31 148
31 149
31 151
31 154
31 155
31 160
31 167
31 179
31 182
31 183
31 186
31 187
31 191
31 194
31 197
32 100
32 101
32 102
32 103
32 104
32 105
32 106
32 107
32 108
32 109
32 110
32 111
32 112
32 113
32 114
32 115
32 116
32 117
32 118
32 119
32 120
32 121
32 123
32 124
32 125
32 126
32 127
32 128
32 129
32 130
32 132
32 133
32 135
32 136
32 137
32 139
32 141
32 142
32 143
32 145
32 146
32 147
32 148
32 150
32 151
32 152
32 153
32 154
32 155
32 156
32 158
32 161
32 162
32 167
32 169
32 171
32 175
32 176
32 177
32 178
32 181
32 183
32 184
32 191
32 194
32 195
33 100
33 101
33 102
33 103
33 104
33 105
33 106
33 108
33 110
33 111
33 112
33 114
33 116
33 117
33 118
33 119
33 120
33 122
33 123
33 124
33 125
33 126
33 127
33 128
33 130
33 132
33 135
33 136
33 138
33 139
33 144
33 146
33 147
33 149
33 150
33 151
33 156
33 158
33 164
33 167
33 171
33 179
33 180
33 182
33 183
33 184
33 192
34 100
34 101
34 102
34 103
34 104
34 105
34 106
34 107
34 108
34 109
34 110
34 111
34 113
34 114
34 115
34 117
34 118
34 119
34 121
34 123
34 126
34 127
34 129
34 130
34 132
34 134
34 136
34 139
34 140
34 141
34 142
34 143
34 144
34 146
34 148
34 149
34 155
34 156
34 157
34 158
34 159
34 161
34 162
34 164
34 169
34 172
34 173
34 174
34 175
34 181
34 182
34 183
34 184
34 186
34 187
34 189
34 192
34 193
34 195
34 198
34 199
35 100
35 101
35 102
35 103
35 104
35 105
35 106
35 107
35 108
35 109
35 112
35 113
35 114
35 115
35 116
35 118
35 119
35 120
35 121
35 122
35 123
35 124
35 125
35 128
35 129
35 132
35 134
35 135
35 136
35 139
35 144
35 145
35 147
35 150
35 152
35 153
35 154
35 155
35 157
35 159
35 162
35 163
35 164
35 166
35 168
35 169
35 174
35 181
35 183
35 184
35 186
35 189
35 190
35 193
35 194
35 195
36 100
36 101
36 102
36 103
36 104
36 105
36 106
36 107
36 108
36 109
36 110
36 111
36 113
36 114
36 115
36 116
36 117
36 118
36 119
36 120
36 121
36 122
36 123
36 124
36 126
36 127
36 128
36 129
36 130
36 131
36 132
36 133
36 134
36 135
36 137
36 138
36 139
36 142
36 144
36 147
36 148
36 149
36 151
36 156
36 159
36 160
36 164
36 165
36 166
36 169
36 170
36 171
36 174
36 176
36 181
36 182
36 188
36 189
36 190
36 192
36 199
37 100
37 101
37 102
37 103
37 104
37 105
37 106
37 107
37 108
37 109
37 110
37 111
37 112
37 113
37 114
37 116
37 117
37 118
37 119
37 121
37 122
37 124
37 125
37 127
37 128
37 129
37 130
37 131
37 133
37 136
37 137
37 138
37 140
37 141
37 142
37 143
37 148
37 151
37 154
37 157
37 158
37 162
37 164
37 165
37 172
37 173
37 177
37 179
37 182
37 187
37 189
37 190
37 191
37 197
37 198
38 100
38 101
38 102
38 103
38 104
38 105
38 107
38 108
38 109
38 110
38 111
38 112
38 113
38 114
38 115
38 116
38 117
38 119
38 120
38 121
38 122
38 124
38 125
38 126
38 127
38 128
38 129
38 132
38 133
38 134
38 136
38 137
38 138
38 139
38 140
38 141
38 142
38 144
38 145
38 146
38 147
38 148
38 153
38 154
38 155
38 158
38 159
38 160
38 161
38 162
38 164
38 165
38 166
38 168
38 174
38 175
38 177
38 182
38 185
38 187
38 199
39 100
39 101
39 102
39 103
39 104
39 105
39 106
39 107
39 108
39 109
39 111
39 112
39 113
39 114
39 115
39 116
39 117
39 118
39 119
39 120
39 122
39 123
39 124
39 127
39 131
39 132
39 133
39 135
39 136
39 138
39 139
39 140
39 142
39 143
39 144
39 145
39 146
39 147
39 148
39 149
39 150
39 153
39 154
39 156
39 157
39 158
39 159
39 160
39 162
39 163
39 166
39 173
39 179
39 180
39 184
39 185
39 187
39 189
39 191
39 192
39 193
39 195
39 197
39 198
40 100
40 101
40 102
40 103
40 104
40 105
40 106
40 107
40 108
40 109
40 110
40 111
40 112
40 113
40 114
40 115
40 116
40 117
40 118
40 119
40 120
40 121
40 122
40 123
40 124
40 125
40 126
40 127
40 129
40 130
40 131
40 132
40 133
40 134
40 136
40 137
40 138
40 139
40 140
40 142
40 144
40 145
40 146
40 147
40 157
40 158
40 159
40 160
40 164
40 169
40 171
40 172
40 174
40 175
40 176
40 178
40 180
40 183
40 184
40 185
40 186
40 188
40 189
40 190
40 193
40 194
40 195
40 197
41 100
41 101
41 102
41 103
41 104
41 105
41 106
41 107
41 108
41 109
41 110
41 111
41 112
41 113
41 114
41 115
41 116
41 117
41 120
41 121
41 122
41 123
41 124
41 126
41 127
41 128
41 129
41 131
41 132
41 133
41 134
41 135
41 136
41 138
41 141
41 142
41 146
41 147
41 150
41 153
41 154
41 155
41 157
41 158
41 160
41 162
41 168
41 171
41 175
41 176
41 181
41 182
41 183
41 185
41 188
41 189
41 191
41 192
41 193
41 197
42 100
42 101
42 102
42 103
42 104
42 105
42 106
42 107
42 108
42 110
42 111
42 112
42 113
42 114
42 115
42 116
42 117
42 118
42 119
42 120
42 121
42 122
42 123
42 124
42 125
42 127
42 128
42 131
42 132
42 133
42 134
42 135
42 137
42 139
42 140
42 141
42 143
42 145
42 146
42 149
42 150
42 152
42 153
42 154
42 156
42 158
42 161
42 162
42 163
42 166
42 168
42 170
42 171
42 173
42 177
42 178
42 179
42 181
42 183
42 185
42 186
42 187
42 188
42 190
42 191
42 192
42 195
42 196
42 198
42 199
43 100
43 101
43 102
43 103
43 104
43 105
43 106
43 107
43 108
43 109
43 110
43 111
43 112
43 113
43 114
43 115
43 116
43 117
43 118
43 119
43 120
43 121
43 122
43 123
43 124
43 125
43 126
43 128
43 129
43 131
43 132
43 133
43 134
43 135
43 138
43 140
43 141
43 143
43 145
43 146
43 147
43 149
43 150
43 151
43 155
43 156
43 157
43 158
43 159
43 160
43 162
43 164
43 165
43 169
43 171
43 172
43 177
43 180
43 182
43 183
43 185
43 186
43 188
43 190
43 192
43 193
43 198
43 199
44 100
44 101
44 102
44 103
44 104
44 105
44 106
44 107
44 108
44 109
44 110
44 111
44 113
44 114
44 117
44 118
44 119
44 120
44 121
44 122
44 123
44 124
44 126
44 129
44 130
44 131
44 133
44 134
44 136
44 137
44 138
44 139
44 145
44 146
44 148
44 149
44 150
44 152
44 154
44 158
44 160
44 162
44 164
44 166
44 173
44 174
44 175
44 176
44 179
44 180
44 183
44 184
44 191
44 193
44 194
44 198
45 100
45 101
45 102
45 103
45 104
45 105
45 106
45 107
45 108
45 109
45 111
45 112
45 113
45 114
45 115
45 116
45 117
45 118
45 119
45 120
45 122
45 123
45 125
45 126
45 127
45 129
45 130
45 131
45 132
45 134
45 135
45 136
45 137
45 138
45 139
45 140
45 141
45 142
45 144
45 145
45 147
45 148
45 149
45 152
45 153
45 155
45 156
45 160
45 161
45 164
45 165
45 167
45 169
45 170
45 171
45 172
45 174
45 179
45 181
45 182
45 184
45 185
45 187
45 188
45 190
45 196
45 198
46 100
46 101
46 102
46 103
46 105
46 106
46 108
46 109
46 110
46 112
46 113
46 114
46 115
46 116
46 118
46 119
46 120
46 121
46 122
46 123
46 126
46 127
46 128
46 130
46 131
46 132
46 133
46 136
46 137
46 138
46 139
46 143
46 144
46 146
46 150
46 151
46 152
46 154
46 157
46 158
46 159
46 160
46 163
46 165
46 169
46 170
46 172
46 174
46 178
46 180
46 184
46 186
46 187
46 188
46 189
46 193
46 195
47 100
47 101
47 102
47 104
47 105
47 106
47 107
47 108
47 109
47 110
47 111
47 113
47 114
47 115
47 117
47 118
47 119
47 120
47 122
47 123
47 124
47 125
47 126
47 127
47 130
47 131
47 132
47 135
47 136
47 137
47 139
47 140
47 145
47 148
47 149
47 151
47 152
47 153
47 154
47 155
47 156
47 162
47 163
47 165
47 166
47 169
47 173
47 178
47 179
47 180
47 185
47 188
47 194
47 195
47 196
48 100
48 101
48 102
48 103
48 104
48 105
48 106
48 107
48 108
48 109
48 110
48 111
48 112
48 113
48 114
48 115
48 116
48 117
48 118
48 121
48 122
48 123
48 124
48 126
48 127
48 129
48 131
48 132
48 135
48 137
48 138
48 139
48 140
48 141
48 142
48 144
48 146
48 147
48 151
48 156
48 167
48 171
48 172
48 173
48 177
48 178
48 184
48 185
48 187
48 189
48 190
48 193
48 195
48 196
49 100
49 101
49 102
49 103
49 104
49 105
49 106
49 107
49 108
49 109
49 110
49 111
49 112
49 113
49 114
49 115
49 116
49 117
49 118
49 119
49 121
49 122
49 123
49 124
49 126
49 128
49 129
49 130
49 131
49 135
49 136
49 137
49 139
49 140
49 141
49 142
49 143
49 144
49 147
49 148
49 150
49 152
49 155
49 157
49 158
49 163
49 164
49 165
49 167
49 168
49 175
49 181
49 182
49 184
49 185
49 186
49 187
50 100
50 101
50 102
50 103
50 104
50 105
50 106
50 107
50 108
50 109
50 110
50 111
50 112
50 113
50 115
50 116
50 117
50 118
50 120
50 122
50 123
50 125
50 127
50 128
50 129
50 130
50 131
50 132
50 133
50 134
50 136
50 137
50 138
50 141
50 142
50 143
50 145
50 146
50 147
50 149
50 152
50 153
50 154
50 156
50 158
50 160
50 161
50 162
50 164
50 167
50 168
50 169
50 170
50 171
50 173
50 174
50 175
50 176
50 177
50 179
50 180
50 181
50 182
50 183
50 184
50 189
50 192
50 193
50 194
50 195
50 197
50 198
51 100
51 101
51 102
51 103
51 104
51 105
51 106
51 107
51 108
51 109
51 110
51 111
51 112
51 113
51 114
51 115
51 116
51 117
51 120
51 121
51 122
51 124
51 125
51 126
51 127
51 128
51 129
51 130
51 131
51 134
51 135
51 136
51 137
51 138
51 140
51 141
51 143
51 144
51 145
51 146
51 148
51 149
51 151
51 153
51 154
51 155
51 156
51 157
51 158
51 160
51 165
51 166
51 169
51 170
51 173
51 175
51 177
51 178
51 179
51 180
51 181
51 182
51 184
51 189
51 193
51 196
51 197
51 198
52 100
52 101
52 102
52 103
52 104
52 105
52 106
52 107
52 108
52 109
52 110
52 111
52 112
52 113
52 114
52 115
52 116
52 117
52 118
52 119
52 121
52 122
52 124
52 125
52 126
52 127
52 128
52 129
52 130
52 131
52 132
52 134
52 135
52 136
52 138
52 140
52 141
52 142
52 145
52 146
52 147
52 148
52 151
52 152
52 153
52 154
52 155
52 156
52 159
52 160
52 161
52 162
52 164
52 167
52 172
52 175
52 177
52 184
52 191
52 193
52 195
52 196
53 100
53 101
53 102
53 103
53 104
53 105
53 106
53 107
53 108
53 110
53 111
53 112
53 114
53 115
53 116
53 117
53 118
53 119
53 120
53 121
53 122
53 128
53 132
53 133
53 134
53 135
53 136
53 137
53 138
53 139
53 140
53 141
53 142
53 143
53 144
53 145
53 146
53 148
53 149
53 152
53 153
53 155
53 158
53 159
53 160
53 161
53 167
53 168
53 169
53 171
53 183
53 186
53 193
53 197
54 100
54 101
54 102
54 103
54 104
54 105
54 106
54 107
54 109
54 111
54 112
54 113
54 115
54 116
54 117
54 118
54 119
54 120
54 121
54 122
54 123
54 125
54 126
54 128
54 129
54 130
54 131
54 133
54 134
54 136
54 138
54 140
54 141
54 143
54 144
54 145
54 146
54 147
54 148
54 150
54 154
54 155
54 156
54 158
54 160
54 161
54 162
54 164
54 167
54 169
54 174
54 176
54 178
54 179
54 183
54 184
54 187
54 195
55 100
55 101
55 102
55 103
55 104
55 105
55 106
55 107
55 108
55 109
55 110
55 111
55 113
55 114
55 117
55 119
55 120
55 122
55 124
55 125
55 127
55 128
55 129
55 130
55 131
55 132
55 133
55 134
55 136
55 137
55 140
55 142
55 146
55 147
55 148
55 149
55 150
55 151
55 152
55 153
55 155
55 157
55 159
55 160
55 161
55 162
55 163
55 165
55 169
55 173
55 182
55 184
55 185
55 186
55 191
55 196
55 197
55 199
56 100
56 101
56 102
56 103
56 104
56 105
56 106
56 107
56 108
56 109
56 110
56 111
56 112
56 113
56 114
56 115
56 116
56 117
56 120
56 121
56 122
56 123
56 125
56 126
56 128
56 130
56 131
56 132
56 135
56 136
56 137
56 138
56 139
56 141
56 142
56 143
56 145
56 146
56 148
56 152
56 154
56 155
56 156
56 157
56 158
56 161
56 164
56 165
56 167
56 168
56 170
56 171
56 174
56 175
56 176
56 177
56 181
56 182
56 185
56 186
56 188
56 191
56 192
56 195
56 196
56 197
56 198
57 100
57 101
57 102
57 103
57 104
57 105
57 106
57 107
57 109
57 110
57 111
57 113
57 114
57 115
57 118
57 119
57 120
57 121
57 122
57 129
57 134
57 135
57 136
57 138
57 140
57 141
57 142
57 143
57 144
57 145
57 147
57 148
57 150
57 151
57 153
57 157
57 159
57 160
57 162
57 163
57 168
57 170
57 174
57 178
57 180
57 182
57 183
57 184
57 186
57 188
57 191
57 194
57 195
57 199
58 100
58 101
58 102
58 103
58 104
58 105
58 106
58 107
58 108
58 109
58 111
58 112
58 113
58 114
58 115
58 116
58 117
58 118
58 119
58 120
58 121
58 122
58 123
58 124
58 125
58 126
58 127
58 128
58 129
58 130
58 131
58 132
58 133
58 134
58 135
58 137
58 138
58 139
58 142
58 144
58 146
58 147
58 148
58 149
58 152
58 154
58 156
58 159
58 160
58 162
58 164
58 165
58 166
58 169
58 172
58 177
58 179
58 182
58 184
58 187
58 189
58 195
58 199
59 100
59 101
59 102
59 103
59 104
59 105
59 106
59 107
59 108
59 109
59 110
59 111
59 112
59 113
59 114
59 115
59 116
59 118
59 120
59 121
59 122
59 123
59 126
59 127
59 128
59 129
59 130
59 131
59 132
59 133
59 134
59 135
59 137
59 139
59 143
59 145
59 146
59 148
59 149
59 152
59 153
59 154
59 157
59 159
59 160
59 161
59 163
59 165
59 168
59 169
59 170
59 172
59 173
59 175
59 181
59 187
59 188
59 191
59 196
59 197
60 100
60 101
60 102
60 103
60 104
60 106
60 107
60 108
60 109
60 112
60 113
60 114
60 115
60 116
60 117
60 118
60 119
60 120
60 121
60 122
60 124
60 127
60 129
60 130
60 131
60 132
60 133
60 134
60 135
60 136
60 143
60 145
60 147
60 148
60 149
60 150
60 153
60 155
60 157
60 159
60 161
60 163
60 165
60 166
60 168
60 169
60 172
60 176
60 177
60 182
60 185
60 186
60 188
60 192
60 199
61 100
61 101
61 102
61 103
61 104
61 105
61 106
61 107
61 108
61 109
61 110
61 111
61 112
61 113
61 114
61 116
61 117
61 118
61 120
61 121
61 122
61 124
61 125
61 126
61 127
61 129
61 130
61 131
61 132
61 134
61 135
61 136
61 137
61 138
61 139
61 140
61 141
61 142
61 143
61 147
61 149
61 150
61 151
61 155
61 158
61 159
61 161
61 163
61 165
61 166
61 168
61 169
61 170
61 171
61 172
61 174
61 177
61 179
61 188
61 189
61 190
61 192
61 195
61 196
61 198
62 100
62 101
62 102
62 103
62 104
62 105
62 106
62 107
62 108
62 109
62 110
62 111
62 112
62 115
62 116
62 117
62 118
62 119
62 121
62 122
62 123
62 125
62 126
62 127
62 128
62 129
62 131
62 132
62 133
62 135
62 136
62 139
62 140
62 142
62 143
62 144
62 145
62 154
62 158
62 159
62 162
62 163
62 168
62 169
62 171
62 172
62 173
62 174
62 175
62 176
62 177
62 178
62 179
62 181
62 182
62 185
62 186
62 187
62 191
62 192
62 194
62 199
63 100
63 101
63 102
63 103
63 104
63 105
63 106
63 107
63 108
63 110
63 111
63 112
63 113
63 114
63 115
63 116
63 117
63 118
63 119
63 120
63 121
63 123
63 124
63 128
63 130
63 132
63 134
63 137
63 139
63 140
63 142
63 143
63 144
63 150
63 157
63 161
63 162
63 167
63 170
63 171
63 175
63 178
63 179
63 189
63 190
63 198
64 100
64 101
64 102
64 103
64 104
64 105
64 106
64 107
64 108
64 109
64 110
64 111
64 112
64 113
64 114
64 115
64 117
64 118
64 119
64 120
64 121
64 122
64 123
64 124
64 125
64 128
64 129
64 130
64 131
64 132
64 134
64 135
64 136
64 137
64 138
64 139
64 141
64 142
64 143
64 144
64 146
64 147
64 150
64 152
64 153
64 157
64 158
64 163
64 166
64 167
64 168
64 173
64 174
64 175
64 176
64 177
64 178
64 180
64 181
64 183
64 185
64 186
64 188
64 189
64 191
64 192
64 197
64 199
65 100
65 101
65 102
65 103
65 104
65 105
65 106
65 108
65 109
65 110
65 112
65 115
65 116
65 118
65 120
65 121
65 122
65 123
65 125
65 126
65 133
65 138
65 140
65 141
65 143
65 144
65 145
65 146
65 147
65 148
65 149
65 151
65 152
65 155
65 161
65 167
65 174
65 175
65 176
65 177
65 178
65 180
65 181
65 186
65 187
65 192
65 195
66 100
66 101
66 102
66 103
66 104
66 105
66 106
66 107
66 108
66 109
66 110
66 111
66 112
66 114
66 115
66 116
66 117
66 118
66 120
66 121
66 123
66 125
66 126
66 127
66 129
66 130
66 131
66 132
66 133
66 134
66 135
66 136
66 137
66 138
66 139
66 140
66 142
66 143
66 147
66 149
66 156
66 157
66 159
66 161
66 162
66 164
66 165
66 169
66 171
66 176
66 178
66 180
66 181
66 182
66 184
66 185
66 186
66 187
66 189
66 191
66 194
66 195
66 196
67 100
67 101
67 102
67 104
67 105
67 106
67 107
67 108
67 109
67 111
67 113
67 114
67 116
67 117
67 118
67 119
67 121
67 122
67 126
67 127
67 129
67 130
67 131
67 132
67 133
67 136
67 137
67 138
67 139
67 140
67 141
67 142
67 143
67 146
67 147
67 148
67 149
67 151
67 152
67 153
67 154
67 155
67 158
67 160
67 161
67 162
67 163
67 166
67 168
67 170
67 172
67 174
67 176
67 179
67 183
67 184
67 187
67 193
67 195
68 100
68 101
68 102
68 103
68 104
68 105
68 106
68 107
68 109
68 110
68 111
68 112
68 113
68 114
68 115
68 117
68 119
68 120
68 121
68 122
68 123
68 124
68 125
68 127
68 128
68 129
68 130
68 131
68 132
68 133
68 134
68 135
68 138
68 140
68 141
68 142
68 143
68 144
68 145
68 146
68 147
68 150
68 152
68 153
68 154
68 156
68 160
68 164
68 165
68 167
68 168
68 173
68 176
68 177
68 180
68 181
68 183
68 184
68 189
68 192
69 100
69 101
69 102
69 103
69 106
69 107
69 108
69 109
69 110
69 111
69 112
69 114
69 115
69 116
69 117
69 118
69 119
69 120
69 121
69 123
69 124
69 125
69 126
69 127
69 128
69 129
69 130
69 132
69 134
69 135
69 137
69 140
69 143
69 144
69 145
69 147
69 148
69 150
69 151
69 155
69 163
69 166
69 168
69 169
69 170
69 171
69 174
69 178
69 181
69 182
69 183
69 188
69 192
69 197
70 100
70 101
70 102
70 103
70 104
70 105
70 106
70 107
70 108
70 109
70 110
70 112
70 113
70 114
70 115
70 116
70 117
70 118
70 119
70 120
70 121
70 122
70 123
70 124
70 125
70 127
70 128
70 129
70 130
70 131
70 132
70 133
70 135
70 136
70 137
70 138
70 139
70 140
70 141
70 143
70 144
70 145
70 148
70 149
70 150
70 151
70 152
70 153
70 155
70 156
70 157
70 159
70 160
70 161
70 162
70 163
70 164
70 166
70 167
70 170
70 172
70 173
70 174
70 175
70 176
70 178
70 179
70 182
70 184
70 185
70 192
70 193
70 194
70 196
70 199
71 100
71 101
71 102
71 103
71 104
71 105
71 106
71 107
71 108
71 109
71 110
71 111
71 112
71 113
71 115
71 116
71 117
71 118
71 120
71 121
71 122
71 124
71 126
71 127
71 128
71 131
71 135
71 136
71 137
71 138
71 139
71 140
71 141
71 142
71 143
71 144
71 147
71 148
71 149
71 151
71 153
71 154
71 156
71 157
71 158
71 159
71 160
71 163
71 166
71 167
71 172
71 175
71 182
71 183
71 185
71 186
71 188
71 189
71 191
71 192
71 193
72 100
72 101
72 102
72 103
72 104
72 106
72 107
72 108
72 109
72 110
72 111
72 113
72 114
72 115
72 118
72 119
72 121
72 122
72 125
72 126
72 127
72 128
72 132
72 134
72 135
72 139
72 141
72 143
72 144
72 145
72 147
72 152
72 154
72 155
72 156
72 160
72 161
72 165
72 166
72 169
72 174
72 178
72 179
72 182
72 185
72 188
72 189
72 191
72 192
72 195
72 196
72 198
73 100
73 101
73 102
73 103
73 104
73 106
73 107
73 108
73 109
73 110
73 111
73 112
73 113
73 114
73 115
73 116
73 118
73 119
73 120
73 121
73 122
73 124
73 125
73 126
73 128
73 129
73 131
73 132
73 134
73 135
73 136
73 137
73 138
73 140
73 141
73 142
73 143
73 145
73 146
73 149
73 150
73 153
73 154
73 155
73 161
73 162
73 163
73 165
73 168
73 169
73 173
73 174
73 177
73 178
73 179
73 184
73 186
73 194
73 196
73 197
74 100
74 101
74 102
74 103
74 104
74 105
74 106
74 107
74 108
74 109
74 110
74 111
74 112
74 114
74 115
74 116
74 117
74 118
74 119
74 120
74 121
74 122
74 123
74 124
74 125
74 126
74 127
74 128
74 129
74 130
74 131
74 133
74 134
74 135
74 136
74 137
74 138
74 140
74 141
74 142
74 143
74 144
74 146
74 147
74 149
74 150
74 151
74 152
74 153
74 155
74 156
74 157
74 162
74 163
74 164
74 165
74 166
74 167
74 168
74 171
74 172
74 173
74 182
74 183
74 184
74 185
74 189
74 190
74 191
74 196
74 197
74 198
74 199
75 100
75 101
75 102
75 103
75 104
75 105
75 106
75 107
75 108
75 109
75 110
75 111
75 113
75 114
75 115
75 116
75 117
75 118
75 119
75 120
75 121
75 123
75 124
75 125
75 126
75 127
75 128
75 129
75 130
75 131
75 132
75 133
75 134
75 136
75 138
75 140
75 141
75 144
75 146
75 149
75 150
75 151
75 156
75 161
75 163
75 166
75 169
75 170
75 171
75 173
75 174
75 176
75 177
75 178
75 179
75 185
75 187
75 188
75 193
75 195
75 199
76 100
76 101
76 102
76 103
76 104
76 105
76 106
76 107
76 108
76 109
76 110
76 111
76 112
76 113
76 115
76 116
76 117
76 118
76 119
76 120
76 121
76 122
76 124
76 125
76 126
76 128
76 129
76 130
76 131
76 132
76 133
76 134
76 135
76 136
76 138
76 139
76 143
76 145
76 147
76 154
76 156
76 157
76 158
76 160
76 161
76 162
76 164
76 166
76 168
76 171
76 176
76 177
76 179
76 180
76 185
76 186
76 189
76 193
76 195
76 197
76 199
77 100
77 101
77 102
77 103
77 104
77 105
77 106
77 108
77 109
77 110
77 111
77 112
77 113
77 114
77 115
77 116
77 118
77 119
77 120
77 121
77 122
77 123
77 124
77 125
77 126
77 128
77 129
77 130
77 132
77 133
77 134
77 135
77 137
77 139
77 140
77 141
77 142
77 143
77 145
77 146
77 149
77 152
77 153
77 154
77 158
77 159
77 164
77 169
77 171
77 175
77 177
77 179
77 180
77 196
78 100
78 101
78 102
78 103
78 104
78 105
78 106
78 107
78 108
78 109
78 110
78 111
78 112
78 113
78 114
78 115
78 116
78 117
78 118
78 119
78 120
78 123
78 124
78 125
78 126
78 127
78 128
78 130
78 131
78 132
78 133
78 134
78 135
78 137
78 139
78 140
78 142
78 144
78 145
78 148
78 149
78 151
78 152
78 153
78 155
78 156
78 157
78 158
78 164
78 165
78 166
78 167
78 168
78 170
78 171
78 172
78 173
78 176
78 177
78 178
78 179
78 181
78 183
78 184
78 186
78 187
78 189
78 190
78 194
78 196
78 198
78 199
79 100
79 101
79 102
79 103
79 104
79 105
79 106
79 108
79 109
79 110
79 111
79 112
79 113
79 115
79 116
79 117
79 119
79 120
79 121
79 122
79 123
79 124
79 125
79 127
79 129
79 130
79 131
79 133
79 134
79 135
79 136
79 138
79 142
79 146
79 147
79 149
79 151
79 160
79 170
79 171
79 172
79 176
79 177
79 181
79 184
79 185
79 186
79 187
79 190
79 196
79 198
80 100
80 101
80 102
80 103
80 104
80 105
80 106
80 107
80 108
80 109
80 110
80 111
80 112
80 113
80 114
80 115
80 116
80 117
80 118
80 119
80 120
80 124
80 126
80 128
80 129
80 130
80 133
80 135
80 137
80 139
80 140
80 143
80 146
80 147
80 148
80 152
80 153
80 154
80 156
80 158
80 159
80 160
80 163
80 166
80 167
80 174
80 175
80 178
80 179
80 183
80 187
80 190
80 192
80 199
81 100
81 101
81 102
81 103
81 104
81 105
81 106
81 107
81 108
81 109
81 110
81 111
81 112
81 113
81 114
81 115
81 116
81 117
81 118
81 119
81 120
81 121
81 122
81 124
81 125
81 126
81 127
81 128
81 129
81 130
81 131
81 132
81 133
81 134
81 135
81 136
81 139
81 141
81 143
81 144
81 146
81 147
81 152
81 154
81 156
81 157
81 159
81 160
81 166
81 167
81 171
81 172
81 173
81 174
81 175
81 180
81 182
81 185
81 187
81 188
81 191
81 194
81 196
81 198
82 100
82 101
82 102
82 103
82 104
82 105
82 106
82 107
82 108
82 109
82 110
82 111
82 112
82 113
82 114
82 115
82 116
82 117
82 118
82 119
82 120
82 122
82 123
82 124
82 125
82 127
82 132
82 133
82 135
82 136
82 137
82 138
82 140
82 141
82 143
82 146
82 147
82 148
82 149
82 150
82 155
82 156
82 161
82 162
82 163
82 166
82 168
82 169
82 170
82 172
82 174
82 176
82 178
82 179
82 181
82 186
82 193
82 194
82 196
82 197
82 198
83 100
83 101
83 102
83 103
83 104
83 105
83 106
83 107
83 109
83 110
83 111
83 112
83 113
83 114
83 117
83 118
83 120
83 121
83 122
83 123
83 124
83 126
83 127
83 128
83 129
83 131
83 132
83 135
83 137
83 138
83 139
83 141
83 142
83 151
83 155
83 156
83 157
83 158
83 159
83 160
83 167
83 168
83 169
83 171
83 173
83 177
83 180
83 183
83 194
83 197
83 198
84 100
84 101
84 102
84 103
84 104
84 105
84 106
84 107
84 108
84 109
84 110
84 111
84 112
84 113
84 114
84 115
84 116
84 117
84 118
84 119
84 120
84 121
84 122
84 123
84 124
84 125
84 126
84 127
84 128
84 130
84 131
84 133
84 134
84 135
84 136
84 137
84 138
84 139
84 141
84 143
84 144
84 149
84 150
84 151
84 152
84 154
84 155
84 156
84 158
84 161
84 162
84 165
84 171
84 178
84 179
84 180
84 187
84 191
84 197
85 100
85 101
85 102
85 103
85 104
85 105
85 106
85 107
85 108
85 109
85 110
85 111
85 112
85 113
85 114
85 115
85 119
85 121
85 123
85 125
85 127
85 128
85 129
85 132
85 134
85 136
85 138
85 139
85 140
85 142
85 143
85 144
85 146
85 148
85 151
85 152
85 153
85 155
85 159
85 163
85 166
85 167
85 169
85 172
85 173
85 174
85 176
85 178
85 179
85 185
85 190
85 194
85 195
85 196
85 199
86 100
86 101
86 102
86 103
86 105
86 106
86 107
86 108
86 109
86 110
86 111
86 112
86 114
86 116
86 118
86 119
86 120
86 121
86 124
86 125
86 126
86 127
86 128
86 129
86 131
86 132
86 133
86 134
86 135
86 137
86 140
86 142
86 145
86 147
86 148
86 149
86 150
86 152
86 153
86 154
86 155
86 157
86 159
86 164
86 166
86 167
86 170
86 171
86 173
86 174
86 179
86 181
86 185
86 186
86 187
86 188
86 189
86 193
86 197
87 100
87 101
87 102
87 103
87 104
87 105
87 106
87 107
87 108
87 109
87 110
87 111
87 112
87 113
87 114
87 115
87 116
87 118
87 119
87 121
87 122
87 123
87 124
87 125
87 126
87 127
87 128
87 129
87 130
87 131
87 133
87 134
87 135
87 136
87 137
87 138
87 139
87 140
87 141
87 142
87 143
87 148
87 152
87 155
87 157
87 158
87 159
87 161
87 162
87 163
87 165
87 168
87 169
87 173
87 174
87 176
87 180
87 181
87 182
87 183
87 186
87 191
87 197
87 199
88 100
88 101
88 102
88 103
88 104
88 105
88 106
88 107
88 108
88 109
88 110
88 111
88 112
88 113
88 114
88 115
88 116
88 117
88 119
88 120
88 121
88 122
88 123
88 124
88 125
88 127
88 128
88 129
88 130
88 131
88 133
88 137
88 138
88 139
88 140
88 144
88 145
88 150
88 156
88 157
88 159
88 161
88 165
88 167
88 175
88 180
88 182
88 183
88 184
88 192
88 193
88 195
89 100
89 101
89 102
89 103
89 104
89 105
89 106
89 107
89 108
89 109
89 110
89 111
89 112
89 114
89 116
89 117
89 118
89 120
89 121
89 122
89 123
89 124
89 125
89 126
89 127
89 128
89 131
89 135
89 137
89 139
89 142
89 143
89 145
89 147
89 149
89 152
89 154
89 155
89 159
89 160
89 162
89 165
89 166
89 167
89 168
89 169
89 171
89 172
89 174
89 176
89 179
89 182
89 183
89 190
89 196
89 199
90 100
90 101
90 103
90 104
90 105
90 106
90 107
90 108
90 109
90 111
90 112
90 113
90 115
90 117
90 118
90 119
90 120
90 121
90 123
90 124
90 126
90 127
90 128
90 129
90 131
90 132
90 133
90 134
90 135
90 136
90 137
90 140
90 142
90 144
90 145
90 146
90 148
90 149
90 150
90 152
90 153
90 156
90 159
90 160
90 164
90 170
90 172
90 175
90 177
90 178
90 180
90 183
90 188
90 190
90 195
90 197
91 100
91 101
91 102
91 103
91 104
91 105
91 106
91 107
91 108
91 109
91 110
91 111
91 112
91 113
91 114
91 115
91 117
91 118
91 119
91 121
91 122
91 123
91 124
91 125
91 126
91 128
91 129
91 131
91 132
91 134
91 136
91 139
91 141
91 143
91 145
91 147
91 154
91 156
91 160
91 162
91 163
91 165
91 172
91 179
91 180
91 182
91 183
91 186
91 188
91 193
91 197
91 198
92 100
92 101
92 102
92 103
92 104
92 105
92 106
92 107
92 109
92 110
92 111
92 112
92 113
92 115
92 116
92 117
92 118
92 119
92 121
92 122
92 123
92 124
92 125
92 126
92 127
92 128
92 130
92 131
92 132
92 133
92 134
92 135
92 136
92 137
92 138
92 139
92 140
92 141
92 142
92 143
92 144
92 145
92 146
92 148
92 149
92 150
92 151
92 152
92 153
92 154
92 155
92 158
92 159
92 160
92 161
92 163
92 164
92 165
92 167
92 168
92 169
92 170
92 172
92 173
92 175
92 177
92 178
92 185
92 187
92 188
92 190
92 191
92 193
92 195
92 196
92 198
93 100
93 101
93 102
93 103
93 104
93 105
93 106
93 107
93 108
93 110
93 112
93 113
93 114
93 115
93 116
93 117
93 118
93 120
93 122
93 123
93 124
93 126
93 127
93 130
93 132
93 133
93 134
93 135
93 137
93 139
93 140
93 141
93 142
93 143
93 147
93 149
93 153
93 158
93 163
93 164
93 168
93 170
93 173
93 179
93 180
93 182
93 183
93 187
93 188
93 191
93 195
94 100
94 101
94 102
94 103
94 104
94 105
94 107
94 108
94 109
94 110
94 111
94 112
94 113
94 114
94 115
94 116
94 117
94 118
94 119
94 120
94 121
94 123
94 124
94 125
94 127
94 129
94 130
94 131
94 132
94 133
94 134
94 135
94 136
94 138
94 139
94 141
94 143
94 146
94 147
94 149
94 151
94 152
94 153
94 155
94 156
94 157
94 158
94 159
94 160
94 162
94 164
94 167
94 168
94 171
94 175
94 177
94 181
94 183
94 193
94 195
94 197
95 100
95 101
95 102
95 103
95 104
95 105
95 106
95 107
95 108
95 109
95 110
95 111
95 112
95 113
95 114
95 115
95 116
95 117
95 118
95 119
95 120
95 121
95 122
95 123
95 124
95 125
95 126
95 127
95 128
95 129
95 130
95 131
95 132
95 133
95 134
95 135
95 136
95 140
95 144
95 145
95 146
95 147
95 148
95 150
95 151
95 152
95 153
95 156
95 157
95 160
95 161
95 162
95 168
95 171
95 172
95 175
95 178
95 179
95 180
95 184
95 185
95 186
95 189
95 191
95 192
95 195
95 199
96 100
96 101
96 102
96 103
96 104
96 105
96 107
96 108
96 109
96 110
96 112
96 113
96 114
96 117
96 118
96 119
96 121
96 122
96 123
96 124
96 125
96 126
96 129
96 131
96 134
96 136
96 137
96 139
96 144
96 145
96 146
96 147
96 148
96 150
96 154
96 155
96 157
96 161
96 163
96 164
96 165
96 166
96 168
96 170
96 171
96 172
96 173
96 174
96 175
96 177
96 178
96 181
96 182
96 183
96 184
96 186
96 187
96 188
96 190
96 191
96 193
96 197
96 199
97 100
97 101
97 102
97 103
97 104
97 105
97 106
97 107
97 108
97 109
97 110
97 111
97 112
97 113
97 114
97 116
97 117
97 118
97 119
97 120
97 121
97 122
97 123
97 124
97 125
97 127
97 128
97 131
97 132
97 133
97 137
97 138
97 139
97 140
97 141
97 142
97 144
97 145
97 146
97 148
97 149
97 150
97 151
97 152
97 154
97 156
97 158
97 159
97 161
97 165
97 166
97 169
97 173
97 175
97 177
97 180
97 183
97 184
97 185
97 189
97 193
97 198
98 100
98 101
98 102
98 103
98 104
98 105
98 106
98 107
98 108
98 109
98 110
98 111
98 112
98 113
98 114
98 115
98 116
98 117
98 119
98 120
98 121
98 122
98 123
98 124
98 125
98 127
98 130
98 131
98 132
98 134
98 136
98 137
98 139
98 140
98 141
98 145
98 146
98 147
98 148
98 151
98 152
98 153
98 154
98 155
98 157
98 158
98 160
98 163
98 166
98 169
98 170
98 172
98 174
98 176
98 178
98 179
98 180
98 182
98 183
98 184
98 185
98 186
98 187
98 188
98 189
98 190
98 196
98 198
99 100
99 101
99 102
99 103
99 104
99 105
99 106
99 107
99 108
99 109
99 110
99 112
99 113
99 114
99 115
99 116
99 117
99 119
99 120
99 121
99 124
99 125
99 126
99 127
99 128
99 130
99 131
99 132
99 133
99 137
99 138
99 141
99 142
99 144
99 145
99 146
99 148
99 150
99 151
99 153
99 154
99 156
99 159
99 161
99 162
99 163
99 166
99 167
99 168
99 171
99 172
99 175
99 176
99 177
99 179
99 183
99 184
99 185
99 186
99 187
99 188
99 189
99 190
99 197
99 198
100 101
100 102
100 103
100 104
100 105
100 106
100 107
100 108
100 109
100 110
100 111
100 112
100 113
100 114
100 115
100 116
100 117
100 118
100 119
100 120
100 121
100 122
100 123
100 124
100 125
100 126
100 127
100 128
100 129
100 130
100 131
100 132
100 133
100 134
100 135
100 136
100 137
100 138
100 139
100 140
100 141
100 142
100 143
100 144
100 145
100 146
100 148
100 149
100 150
100 151
100 152
100 153
100 154
100 156
100 157
100 158
100 159
100 160
100 161
100 162
100 163
100 164
100 165
100 166
100 167
100 170
100 171
100 172
100 173
100 176
100 177
100 179
100 180
100 181
100 182
100 183
100 184
100 185
100 186
100 187
100 188
100 190
100 191
100 193
100 194
100 195
100 196
100 198
100 199
101 102
101 103
101 104
101 105
101 106
101 107
101 108
101 109
101 110
101 111
101 112
101 113
101 114
101 115
101 116
101 117
101 118
101 119
101 120
101 121
101 122
101 123
101 124
101 125
101 126
101 127
101 128
101 129
101 130
101 131
101 132
101 133
101 134
101 135
101 136
101 137
101 138
101 139
101 140
101 141
101 142
101 143
101 144
101 146
101 147
101 148
101 149
101 150
101 151
101 152
101 153
101 154
101 155
101 156
101 157
101 158
101 159
101 160
101 161
101 162
101 163
101 164
101 165
101 166
101 167
101 168
101 169
101 170
101 171
101 172
101 173
101 174
101 175
101 176
101 177
101 178
101 180
101 182
101 183
101 184
101 185
101 186
101 187
101 188
101 189
101 190
101 191
101 192
101 193
101 194
101 195
101 196
101 197
101 198
102 103
102 104
102 105
102 106
102 107
102 108
102 109
102 110
102 111
102 112
102 113
102 114
102 115
102 116
102 117
102 118
102 119
102 120
102 121
102 122
102 123
102 124
102 125
102 126
102 127
102 128
102 129
102 130
102 131
102 132
102 133
102 134
102 135
102 136
102 137
102 138
102 139
102 141
102 142
102 143
102 144
102 145
102 146
102 147
102 148
102 149
102 150
102 151
102 152
102 153
102 154
102 155
102 156
102 157
102 158
102 159
102 160
102 161
102 162
102 163
102 164
102 165
102 167
102 168
102 169
102 170
102 171
102 172
102 173
102 174
102 175
102 176
102 177
102 178
102 179
102 180
102 181
102 184
102 185
102 186
102 187
102 188
102 189
102 190
102 191
102 192
102 193
102 194
102 196
102 198
102 199
103 104
103 105
103 106
103 107
103 108
103 109
103 110
103 111
103 112
103 113
103 114
103 115
103 116
103 117
103 118
103 119
103 120
103 121
103 122
103 123
103 124
103 125
103 126
103 127
103 128
103 129
103 130
103 131
103 132
103 133
103 134
103 135
103 136
103 137
103 138
103 139
103 140
103 141
103 142
103 143
103 144
103 145
103 146
103 147
103 148
103 149
103 150
103 151
103 152
103 153
103 154
103 155
103 156
103 157
103 158
103 159
103 160
103 161
103 162
103 164
103 165
103 166
103 167
103 168
103 169
103 170
103 171
103 172
103 173
103 174
103 175
103 176
103 178
103 179
103 180
103 181
103 183
103 184
103 185
103 186
103 187
103 189
103 190
103 191
103 193
103 194
103 195
103 196
103 199
104 105
104 106
104 107
104 108
104 109
104 110
104 111
104 112
104 113
104 114
104 115
104 116
104 117
104 118
104 119
104 120
104 121
104 122
104 123
104 124
104 125
104 126
104 127
104 128
104 129
104 130
104 131
104 132
104 133
104 134
104 135
104 136
104 137
104 138
104 139
104 140
104 141
104 142
104 143
104 144
104 145
104 146
104 147
104 148
104 149
104 151
104 152
104 153
104 154
104 155
104 156
104 157
104 159
104 160
104 161
104 162
104 163
104 164
104 166
104 167
104 168
104 169
104 170
104 171
104 173
104 174
104 175
104 176
104 177
104 178
104 179
104 180
104 181
104 182
104 183
104 185
104 187
104 188
104 189
104 191
104 192
104 193
104 194
104 195
104 196
104 197
104 198
105 106
105 107
105 108
105 109
105 110
105 111
105 112
105 113
105 114
105 115
105 116
105 117
105 118
105 119
105 120
105 121
105 122
105 123
105 124
105 125
105 126
105 127
105 128
105 129
105 130
105 131
105 132
105 133
105 134
105 135
105 136
105 137
105 138
105 139
105 140
105 141
105 142
105 143
105 144
105 146
105 147
105 148
105 149
105 150
105 151
105 152
105 153
105 154
105 155
105 157
105 158
105 160
105 161
105 162
105 163
105 164
105 165
105 166
105 168
105 169
105 170
105 172
105 173
105 174
105 175
105 176
105 177
105 178
105 179
105 181
105 182
105 183
105 184
105 186
105 187
105 189
105 190
105 191
105 192
105 193
105 194
105 195
105 196
105 197
106 107
106 108
106 109
106 110
106 111
106 112
106 113
106 114
106 115
106 116
106 117
106 118
106 119
106 120
106 121
106 122
106 123
106 124
106 125
106 126
106 127
106 128
106 129
106 130
106 131
106 132
106 133
106 134
106 135
106 136
106 137
106 138
106 139
106 140
106 141
106 142
106 143
106 144
106 145
106 146
106 147
106 148
106 149
106 150
106 151
106 154
106 155
106 156
106 157
106 158
106 159
106 160
106 161
106 162
106 163
106 164
106 165
106 167
106 168
106 169
106 170
106 171
106 172
106 173
106 174
106 175
106 176
106 177
106 179
106 180
106 181
106 184
106 185
106 187
106 188
106 189
106 190
106 191
106 192
106 194
106 195
106 198
106 199
107 108
107 109
107 110
107 111
107 112
107 113
107 114
107 115
107 116
107 117
107 118
107 119
107 120
107 121
107 122
107 123
107 124
107 125
107 126
107 127
107 128
107 129
107 130
107 131
107 132
107 133
107 134
107 135
107 136
107 137
107 138
107 139
107 140
107 141
107 142
107 143
107 144
107 145
107 146
107 148
107 149
107 150
107 151
107 152
107 153
107 154
107 155
107 156
107 157
107 158
107 159
107 160
107 161
107 163
107 164
107 165
107 166
107 167
107 168
107 169
107 170
107 171
107 174
107 175
107 176
107 177
107 179
107 181
107 182
107 183
107 184
107 185
107 186
107 188
107 189
107 190
107 191
107 192
107 193
107 194
107 195
107 196
107 199
108 109
108 110
108 111
108 112
108 113
108 114
108 115
108 116
108 117
108 118
108 119
108 120
108 121
108 122
108 123
108 124
108 125
108 126
108 127
108 128
108 129
108 130
108 131
108 132
108 133
108 134
108 135
108 136
108 137
108 138
108 139
108 140
108 141
108 142
108 143
108 144
108 145
108 146
108 147
108 148
108 149
108 150
108 151
108 152
108 153
108 154
108 155
108 156
108 157
108 158
108 159
108 160
108 161
108 163
108 164
108 165
108 166
108 167
108 168
108 169
108 170
108 171
108 172
108 173
108 174
108 177
108 178
108 180
108 181
108 182
108 185
108 186
108 187
108 188
108 189
108 190
108 191
108 192
108 193
108 194
108 195
108 196
108 198
108 199
109 110
109 111
109 112
109 113
109 114
109 115
109 116
109 117
109 118
109 119
109 120
109 121
109 122
109 123
109 124
109 125
109 126
109 127
109 128
109 129
109 130
109 131
109 132
109 133
109 134
109 135
109 136
109 137
109 138
109 139
109 140
109 141
109 142
109 143
109 144
109 145
109 146
109 147
109 148
109 149
109 150
109 151
109 152
109 153
109 154
109 155
109 156
109 157
109 158
109 159
109 160
109 161
109 162
109 163
109 164
109 165
109 166
109 167
109 168
109 169
109 170
109 172
109 173
109 174
109 175
109 176
109 177
109 178
109 179
109 180
109 181
109 182
109 184
109 185
109 186
109 187
109 190
109 191
109 192
109 193
109 194
109 195
109 196
109 197
109 198
109 199
110 111
110 112
110 113
110 114
110 115
110 116
110 117
110 118
110 119
110 120
110 121
110 122
110 123
110 124
110 125
110 126
110 127
110 128
110 129
110 130
110 131
110 132
110 133
110 134
110 135
110 136
110 137
110 138
110 139
110 140
110 141
110 142
110 143
110 144
110 145
110 147
110 148
110 149
110 150
110 151
110 152
110 153
110 154
110 155
110 156
110 157
110 158
110 159
110 160
110 161
110 162
110 164
110 165
110 166
110 167
110 168
110 169
110 170
110 171
110 172
110 173
110 175
110 176
110 177
110 178
110 179
110 182
110 183
110 184
110 185
110 186
110 187
110 188
110 189
110 190
110 191
110 192
110 193
110 194
110 195
110 196
110 197
110 199
111 112
111 113
111 114
111 115
111 116
111 117
111 118
111 119
111 120
111 121
111 122
111 123
111 124
111 125
111 126
111 127
111 128
111 129
111 130
111 131
111 132
111 133
111 134
111 135
111 136
111 137
111 138
111 139
111 140
111 141
111 142
111 143
111 144
111 145
111 146
111 147
111 148
111 149
111 150
111 151
111 152
111 153
111 154
111 155
111 156
111 157
111 158
111 159
111 160
111 161
111 162
111 163
111 164
111 165
111 166
111 167
111 168
111 169
111 170
111 171
111 172
111 173
111 174
111 175
111 176
111 177
111 178
111 179
111 180
111 181
111 183
111 187
111 188
111 189
111 191
111 192
111 195
111 196
111 197
111 198
111 199
112 113
112 114
112 115
112 116
112 117
112 118
112 119
112 120
112 121
112 122
112 123
112 124
112 125
112 126
112 127
112 128
112 129
112 130
112 131
112 132
112 133
112 134
112 135
112 136
112 137
112 138
112 139
112 140
112 141
112 142
112 144
112 145
112 146
112 147
112 148
112 149
112 150
112 151
112 153
112 154
112 155
112 156
112 157
112 158
112 159
112 160
112 161
112 162
112 163
112 164
112 165
112 166
112 167
112 168
112 169
112 170
112 171
112 172
112 173
112 174
112 175
112 176
112 177
112 178
112 179
112 180
112 182
112 183
112 184
112 185
112 186
112 188
112 189
112 190
112 191
112 192
112 193
112 194
112 195
112 196
112 197
112 199
113 114
113 115
113 116
113 117
113 118
113 119
113 120
113 121
113 122
113 123
113 124
113 125
113 126
113 127
113 128
113 129
113 130
113 131
113 132
113 133
113 134
113 135
113 136
113 137
113 138
113 139
113 140
113 141
113 142
113 143
113 144
113 145
113 146
113 147
113 148
113 149
113 150
113 151
113 152
113 153
113 154
113 155
113 156
113 157
113 158
113 159
113 160
113 161
113 162
113 163
113 164
113 165
113 167
113 168
113 169
113 170
113 171
113 172
113 173
113 174
113 177
113 178
113 179
113 180
113 182
113 183
113 184
113 185
113 186
113 187
113 190
113 191
113 192
113 194
113 195
113 196
113 197
113 199
114 115
114 116
114 117
114 118
114 119
114 120
114 121
114 122
114 123
114 124
114 125
114 126
114 127
114 128
114 129
114 130
114 131
114 132
114 133
114 134
114 135
114 136
114 137
114 138
114 139
114 140
114 141
114 142
114 143
114 144
114 145
114 146
114 147
114 148
114 149
114 150
114 151
114 152
114 153
114 154
114 155
114 156
114 157
114 158
114 159
114 160
114 161
114 162
114 163
114 164
114 165
114 166
114 167
114 168
114 169
114 170
114 171
114 172
114 173
114 174
114 175
114 176
114 177
114 180
114 181
114 182
114 183
114 184
114 185
114 186
114 187
114 188
114 189
114 191
114 194
114 195
114 197
114 198
114 199
115 116
115 117
115 118
115 119
115 120
115 121
115 122
115 123
115 124
115 125
115 126
115 127
115 128
115 129
115 130
115 131
115 132
115 133
115 134
115 135
115 136
115 137
115 138
115 139
115 140
115 141
115 142
115 143
115 144
115 145
115 146
115 147
115 148
115 149
115 150
115 151
115 152
115 153
115 154
115 155
115 156
115 157
115 158
115 161
115 162
115 164
115 165
115 166
115 167
115 168
115 169
115 170
115 171
115 172
115 173
115 174
115 175
115 176
115 177
115 178
115 179
115 180
115 181
115 182
115 183
115 184
115 186
115 187
115 189
115 190
115 192
115 194
115 195
115 197
115 198
115 199
116 117
116 118
116 119
116 120
116 121
116 122
116 123
116 124
116 125
116 126
116 127
116 128
116 129
116 130
116 131
116 132
116 133
116 134
116 135
116 136
116 137
116 138
116 139
116 140
116 141
116 142
116 143
116 144
116 145
116 146
116 147
116 148
116 149
116 150
116 151
116 152
116 153
116 154
116 155
116 156
116 157
116 158
116 159
116 160
116 161
116 163
116 164
116 165
116 166
116 167
116 168
116 169
116 170
116 171
116 172
116 173
116 174
116 175
116 177
116 178
116 179
116 180
116 181
116 182
116 183
116 185
116 186
116 187
116 188
116 189
116 191
116 192
116 193
116 194
116 195
116 196
116 197
116 198
117 118
117 119
117 120
117 121
117 122
117 123
117 124
117 125
117 126
117 127
117 128
117 129
117 130
117 131
117 132
117 133
117 134
117 135
117 136
117 137
117 138
117 139
117 140
117 141
117 142
117 143
117 144
117 145
117 147
117 148
117 149
117 150
117 151
117 152
117 153
117 154
117 155
117 157
117 158
117 159
117 160
117 161
117 162
117 164
117 165
117 167
117 168
117 169
117 170
117 171
117 172
117 173
117 174
117 175
117 176
117 177
117 178
117 179
117 180
117 181
117 182
117 185
117 186
117 187
117 190
117 193
117 194
117 195
117 196
117 197
117 198
117 199
118 119
118 120
118 121
118 122
118 123
118 124
118 125
118 126
118 128
118 129
118 130
118 131
118 132
118 133
118 134
118 135
118 136
118 137
118 138
118 139
118 140
118 141
118 142
118 143
118 144
118 145
118 146
118 147
118 148
118 149
118 150
118 151
118 152
118 153
118 155
118 156
118 157
118 158
118 159
118 162
118 163
118 164
118 165
118 166
118 167
118 168
118 169
118 170
118 171
118 173
118 174
118 175
118 176
118 177
118 178
118 179
118 180
118 182
118 183
118 184
118 186
118 187
118 188
118 189
118 190
118 192
118 194
118 195
118 196
118 197
118 199
119 120
119 121
119 122
119 123
119 124
119 125
119 126
119 127
119 128
119 129
119 130
119 131
119 132
119 133
119 134
119 135
119 136
119 137
119 138
119 139
119 140
119 141
119 142
119 143
119 144
119 145
119 146
119 147
119 148
119 149
119 150
119 151
119 152
119 155
119 156
119 157
119 159
119 160
119 161
119 162
119 163
119 164
119 166
119 168
119 170
119 171
119 172
119 173
119 174
119 175
119 176
119 178
119 180
119 181
119 183
119 186
119 187
119 188
119 189
119 190
119 191
119 192
119 193
119 196
119 197
119 198
119 199
120 121
120 122
120 123
120 124
120 125
120 126
120 127
120 128
120 129
120 130
120 131
120 132
120 133
120 134
120 135
120 136
120 137
120 138
120 139
120 140
120 141
120 142
120 143
120 144
120 145
120 147
120 148
120 149
120 150
120 151
120 152
120 153
120 154
120 155
120 156
120 157
120 158
120 159
120 160
120 161
120 164
120 165
120 166
120 167
120 168
120 169
120 170
120 171
120 172
120 173
120 174
120 175
120 176
120 177
120 178
120 180
120 181
120 182
120 183
120 185
120 186
120 187
120 188
120 189
120 190
120 191
120 192
120 195
120 196
120 198
120 199
121 122
121 123
121 124
121 125
121 126
121 127
121 128
121 129
121 130
121 131
121 132
121 133
121 134
121 136
121 137
121 138
121 139
121 140
121 141
121 142
121 143
121 144
121 145
121 146
121 147
121 148
121 149
121 150
121 151
121 153
121 154
121 156
121 157
121 158
121 159
121 160
121 161
121 163
121 164
121 165
121 166
121 167
121 168
121 170
121 171
121 172
121 173
121 175
121 176
121 177
121 179
121 180
121 181
121 182
121 183
121 184
121 186
121 187
121 189
121 190
121 191
121 193
121 194
121 197
121 198
121 199
122 123
122 124
122 125
122 126
122 127
122 128
122 129
122 130
122 131
122 132
122 133
122 134
122 135
122 136
122 137
122 138
122 139
122 140
122 141
122 142
122 143
122 144
122 145
122 146
122 147
122 148
122 149
122 150
122 151
122 152
122 154
122 155
122 156
122 157
122 158
122 159
122 161
122 162
122 163
122 164
122 165
122 168
122 169
122 170
122 171
122 172
122 173
122 174
122 175
122 176
122 178
122 179
122 181
122 182
122 183
122 185
122 186
122 187
122 188
122 189
122 190
122 191
122 194
122 195
122 196
122 197
122 198
122 199
123 124
123 125
123 126
123 127
123 128
123 129
123 130
123 131
123 132
123 133
123 134
123 135
123 136
123 137
123 138
123 139
123 141
123 142
123 143
123 144
123 145
123 146
123 147
123 148
123 149
123 150
123 151
123 152
123 153
123 154
123 155
123 157
123 158
123 160
123 161
123 162
123 163
123 164
123 165
123 166
123 167
123 168
123 169
123 171
123 172
123 173
123 174
123 176
123 177
123 178
123 179
123 180
123 181
123 182
123 183
123 184
123 185
123 187
123 188
123 189
123 190
123 192
123 193
123 194
123 195
123 196
123 197
123 198
123 199
124 125
124 126
124 127
124 128
124 129
124 130
124 131
124 132
124 133
124 134
124 135
124 136
124 137
124 138
124 139
124 140
124 141
124 142
124 143
124 144
124 145
124 147
124 148
124 149
124 150
124 151
124 152
124 153
124 154
124 155
124 156
124 157
124 158
124 159
124 160
124 161
124 162
124 163
124 164
124 165
124 166
124 167
124 168
124 169
124 170
124 171
124 172
124 173
124 174
124 176
124 177
124 178
124 179
124 180
124 181
124 184
124 185
124 186
124 187
124 188
124 189
124 190
124 193
124 194
124 197
124 198
124 199
125 126
125 127
125 129
125 130
125 131
125 132
125 133
125 134
125 135
125 136
125 138
125 139
125 140
125 141
125 142
125 143
125 144
125 145
125 146
125 147
125 148
125 149
125 150
125 151
125 152
125 153
125 154
125 155
125 156
125 157
125 158
125 159
125 161
125 162
125 165
125 166
125 167
125 168
125 169
125 170
125 171
125 172
125 173
125 174
125 175
125 176
125 177
125 178
125 179
125 180
125 181
125 182
125 183
125 185
125 186
125 189
125 190
125 194
125 196
125 197
125 198
125 199
126 127
126 128
126 129
126 130
126 131
126 132
126 133
126 134
126 135
126 136
126 138
126 139
126 140
126 141
126 142
126 143
126 144
126 145
126 146
126 147
126 148
126 150
126 151
126 152
126 153
126 154
126 155
126 156
126 157
126 159
126 160
126 161
126 163
126 164
126 166
126 167
126 168
126 169
126 170
126 171
126 172
126 173
126 174
126 175
126 177
126 178
126 179
126 180
126 181
126 182
126 183
126 184
126 185
126 187
126 188
126 189
126 190
126 191
126 192
126 193
126 194
126 198
126 199
127 128
127 129
127 130
127 131
127 132
127 133
127 134
127 135
127 136
127 137
127 138
127 139
127 140
127 141
127 142
127 143
127 144
127 145
127 148
127 149
127 150
127 151
127 152
127 153
127 154
127 155
127 156
127 157
127 158
127 160
127 161
127 162
127 163
127 164
127 165
127 167
127 169
127 170
127 173
127 174
127 175
127 176
127 177
127 178
127 179
127 180
127 181
127 182
127 183
127 184
127 185
127 186
127 188
127 189
127 190
127 191
127 193
127 194
127 195
127 196
127 197
127 198
127 199
128 129
128 130
128 131
128 132
128 134
128 135
128 136
128 137
128 138
128 139
128 140
128 141
128 142
128 143
128 144
128 145
128 146
128 147
128 148
128 149
128 150
128 151
128 152
128 153
128 154
128 155
128 156
128 157
128 159
128 160
128 161
128 162
128 163
128 164
128 165
128 166
128 167
128 169
128 170
128 171
128 172
128 173
128 174
128 175
128 176
128 177
128 178
128 179
128 180
128 181
128 182
128 184
128 187
128 188
128 189
128 192
128 193
128 194
128 195
128 196
128 197
128 198
128 199
129 130
129 131
129 132
129 133
129 134
129 135
129 136
129 137
129 138
129 139
129 140
129 141
129 142
129 143
129 144
129 145
129 146
129 147
129 148
129 149
129 150
129 151
129 152
129 153
129 154
129 155
129 157
129 158
129 159
129 160
129 162
129 163
129 164
129 165
129 167
129 168
129 169
129 170
129 171
129 172
129 173
129 174
129 176
129 177
129 179
129 180
129 182
129 184
129 186
129 187
129 188
129 189
129 190
129 191
129 194
129 197
129 198
130 131
130 132
130 133
130 134
130 135
130 136
130 137
130 138
130 139
130 140
130 141
130 142
130 143
130 144
130 145
130 146
130 147
130 149
130 150
130 151
130 152
130 154
130 155
130 156
130 157
130 158
130 159
130 160
130 161
130 162
130 163
130 165
130 166
130 167
130 168
130 169
130 170
130 171
130 173
130 174
130 175
130 176
130 177
130 178
130 179
130 180
130 181
130 182
130 183
130 184
130 186
130 187
130 189
130 190
130 191
130 193
130 194
130 195
130 196
130 198
130 199
131 132
131 133
131 134
131 135
131 136
131 137
131 138
131 139
131 140
131 141
131 142
131 143
131 144
131 145
131 146
131 147
131 148
131 149
131 150
131 151
131 152
131 153
131 154
131 155
131 156
131 157
131 158
131 159
131 160
131 161
131 162
131 163
131 164
131 165
131 166
131 167
131 168
131 169
131 170
131 171
131 172
131 173
131 175
131 176
131 177
131 178
131 180
131 182
131 183
131 184
131 185
131 186
131 187
131 188
131 189
131 190
131 192
131 193
131 195
131 196
131 197
131 199
132 133
132 134
132 135
132 136
132 137
132 138
132 139
132 140
132 141
132 142
132 143
132 144
132 145
132 146
132 147
132 148
132 149
132 150
132 151
132 152
132 153
132 155
132 156
132 158
132 159
132 160
132 161
132 162
132 163
132 164
132 165
132 166
132 167
132 168
132 169
132 170
132 171
132 172
132 173
132 174
132 175
132 176
132 177
132 179
132 180
132 181
132 182
132 184
132 185
132 186
132 187
132 188
132 189
132 190
132 191
132 192
132 193
132 194
132 197
132 198
132 199
133 134
133 135
133 136
133 137
133 138
133 139
133 140
133 141
133 142
133 143
133 144
133 145
133 146
133 147
133 148
133 149
133 150
133 151
133 152
133 153
133 154
133 155
133 156
133 158
133 159
133 160
133 161
133 162
133 163
133 164
133 165
133 166
133 167
133 169
133 170
133 171
133 172
133 173
133 174
133 175
133 176
133 177
133 178
133 181
133 182
133 183
133 184
133 185
133 187
133 188
133 189
133 190
133 191
133 192
133 193
133 194
133 195
133 196
133 198
134 135
134 136
134 137
134 138
134 139
134 140
134 141
134 142
134 143
134 144
134 145
134 146
134 147
134 148
134 149
134 151
134 153
134 155
134 157
134 158
134 159
134 162
134 163
134 166
134 167
134 168
134 169
134 171
134 172
134 175
134 177
134 180
134 181
134 182
134 183
134 184
134 185
134 186
134 189
134 190
134 191
134 193
134 194
134 195
134 196
134 199
135 136
135 137
135 138
135 139
135 140
135 141
135 142
135 143
135 144
135 145
135 146
135 147
135 148
135 149
135 150
135 151
135 152
135 154
135 155
135 156
135 157
135 158
135 159
135 160
135 161
135 162
135 163
135 164
135 167
135 168
135 169
135 170
135 171
135 172
135 173
135 175
135 178
135 179
135 180
135 181
135 182
135 183
135 184
135 185
135 186
135 188
135 189
135 190
135 191
135 192
135 193
135 196
135 197
135 198
135 199
136 137
136 138
136 139
136 140
136 142
136 144
136 146
136 148
136 149
136 150
136 151
136 152
136 153
136 154
136 155
136 157
136 158
136 160
136 161
136 162
136 164
136 165
136 167
136 168
136 169
136 170
136 171
136 172
136 173
136 175
136 179
136 180
136 182
136 183
136 185
136 186
136 187
136 188
136 190
136 191
136 192
136 193
136 194
136 195
136 196
136 197
136 198
136 199
137 138
137 139
137 140
137 141
137 142
137 144
137 145
137 146
137 147
137 148
137 149
137 150
137 151
137 152
137 153
137 154
137 155
137 156
137 157
137 158
137 159
137 160
137 161
137 163
137 164
137 165
137 167
137 168
137 169
137 170
137 172
137 173
137 174
137 175
137 176
137 177
137 179
137 181
137 185
137 186
137 187
137 189
137 190
137 193
137 194
137 196
137 197
137 198
137 199
138 139
138 141
138 142
138 143
138 144
138 145
138 146
138 147
138 148
138 150
138 151
138 152
138 154
138 155
138 156
138 157
138 160
138 161
138 162
138 164
138 165
138 166
138 171
138 172
138 173
138 174
138 175
138 177
138 180
138 181
138 184
138 185
138 186
138 187
138 188
138 190
138 191
138 193
138 194
138 195
138 196
138 197
138 198
139 140
139 141
139 142
139 143
139 144
139 145
139 146
139 147
139 149
139 150
139 151
139 152
139 153
139 154
139 155
139 156
139 157
139 158
139 159
139 160
139 161
139 162
139 164
139 165
139 166
139 167
139 168
139 169
139 172
139 173
139 174
139 176
139 177
139 178
139 180
139 181
139 182
139 183
139 184
139 185
139 186
139 187
139 188
139 189
139 192
139 193
139 194
139 197
139 198
140 141
140 142
140 144
140 145
140 146
140 147
140 148
140 149
140 150
140 151
140 152
140 153
140 154
140 155
140 156
140 157
140 158
140 159
140 160
140 161
140 162
140 163
140 164
140 167
140 168
140 169
140 170
140 171
140 172
140 174
140 176
140 177
140 179
140 180
140 181
140 182
140 183
140 185
140 186
140 187
140 188
140 190
140 191
140 194
140 196
140 197
140 198
140 199
141 143
141 144
141 145
141 146
141 148
141 149
141 150
141 151
141 152
141 153
141 154
141 155
141 156
141 157
141 158
141 159
141 160
141 161
141 162
141 163
141 165
141 166
141 168
141 169
141 170
141 171
141 172
141 174
141 175
141 176
141 177
141 178
141 180
141 183
141 185
141 186
141 187
141 188
141 189
141 190
141 191
141 193
141 195
141 196
141 197
141 199
142 143
142 144
142 145
142 146
142 147
142 148
142 150
142 152
142 153
142 156
142 157
142 158
142 159
142 160
142 161
142 163
142 165
142 166
142 167
142 169
142 170
142 171
142 172
142 173
142 174
142 175
142 176
142 178
142 180
142 181
142 183
142 184
142 185
142 186
142 187
142 188
142 189
142 192
142 193
142 195
142 196
142 197
142 198
142 199
143 144
143 145
143 146
143 148
143 150
143 151
143 152
143 153
143 154
143 155
143 156
143 157
143 158
143 159
143 160
143 162
143 163
143 164
143 165
143 166
143 167
143 168
143 169
143 170
143 171
143 172
143 173
143 174
143 175
143 176
143 178
143 181
143 184
143 185
143 186
143 191
143 192
143 195
143 198
143 199
144 145
144 146
144 147
144 149
144 150
144 151
144 152
144 153
144 154
144 155
144 156
144 157
144 159
144 160
144 161
144 162
144 163
144 164
144 165
144 166
144 167
144 168
144 169
144 170
144 174
144 177
144 178
144 179
144 181
144 185
144 187
144 188
144 189
144 190
144 191
144 192
144 193
144 195
144 197
144 198
144 199
145 146
145 147
145 148
145 149
145 150
145 151
145 152
145 153
145 154
145 155
145 156
145 157
145 158
145 160
145 162
145 163
145 164
145 165
145 166
145 167
145 169
145 170
145 171
145 172
145 173
145 174
145 175
145 176
145 178
145 179
145 180
145 181
145 182
145 183
145 184
145 186
145 187
145 188
145 194
145 196
145 197
145 198
145 199
146 147
146 148
146 149
146 150
146 151
146 152
146 153
146 154
146 155
146 156
146 157
146 158
146 159
146 160
146 162
146 163
146 164
146 165
146 166
146 167
146 168
146 169
146 170
146 171
146 172
146 173
146 175
146 177
146 178
146 179
146 180
146 181
146 182
146 184
146 185
146 186
146 187
146 188
146 189
146 191
146 193
146 194
146 195
146 196
146 197
146 198
146 199
147 148
147 149
147 150
147 151
147 152
147 153
147 154
147 155
147 156
147 157
147 158
147 159
147 160
147 161
147 162
147 163
147 164
147 165
147 166
147 167
147 168
147 170
147 171
147 172
147 173
147 175
147 176
147 177
147 178
147 180
147 181
147 187
147 189
147 190
147 193
147 194
147 197
147 198
148 150
148 151
148 152
148 153
148 154
148 155
148 156
148 157
148 158
148 159
148 160
148 161
148 162
148 163
148 164
148 165
148 167
148 168
148 171
148 172
148 173
148 174
148 175
148 176
148 178
148 179
148 184
148 185
148 186
148 187
148 188
148 189
148 191
148 192
148 194
148 195
148 196
148 198
148 199
149 150
149 151
149 152
149 153
149 155
149 156
149 157
149 158
149 159
149 160
149 161
149 162
149 163
149 164
149 165
149 166
149 167
149 170
149 177
149 178
149 179
149 180
149 181
149 182
149 183
149 184
149 186
149 187
149 188
149 189
149 190
149 191
149 192
149 194
149 196
149 199
150 151
150 152
150 153
150 154
150 155
150 156
150 157
150 158
150 159
150 160
150 162
150 163
150 165
150 166
150 167
150 168
150 170
150 171
150 172
150 174
150 176
150 177
150 178
150 179
150 180
150 181
150 183
150 184
150 185
150 187
150 188
150 191
150 192
150 193
150 194
150 195
150 196
150 197
150 198
150 199
151 152
151 153
151 154
151 155
151 156
151 157
151 158
151 160
151 161
151 163
151 164
151 165
151 166
151 167
151 168
151 170
151 172
151 173
151 175
151 176
151 177
151 178
151 179
151 182
151 183
151 187
151 188
151 189
151 190
151 191
151 192
151 194
151 196
151 197
151 198
152 153
152 154
152 155
152 156
152 157
152 158
152 159
152 160
152 161
152 162
152 163
152 164
152 165
152 166
152 168
152 169
152 170
152 172
152 174
152 177
152 178
152 179
152 180
152 182
152 183
152 184
152 185
152 186
152 187
152 188
152 189
152 190
152 191
152 192
152 194
152 195
152 196
152 197
152 198
152 199
153 154
153 155
153 157
153 159
153 161
153 162
153 163
153 164
153 165
153 166
153 167
153 168
153 170
153 171
153 172
153 173
153 174
153 176
153 177
153 178
153 179
153 180
153 181
153 182
153 183
153 184
153 185
153 186
153 189
153 191
153 192
153 193
153 194
153 198
153 199
154 156
154 157
154 159
154 161
154 162
154 164
154 166
154 167
154 168
154 169
154 170
154 173
154 174
154 176
154 177
154 178
154 180
154 181
154 182
154 184
154 185
154 186
154 190
154 191
154 192
154 195
154 196
154 198
155 157
155 158
155 159
155 160
155 162
155 163
155 164
155 165
155 166
155 167
155 168
155 169
155 170
155 172
155 175
155 178
155 179
155 180
155 182
155 184
155 188
155 190
155 191
155 192
155 193
155 196
155 197
155 199
156 157
156 158
156 159
156 160
156 161
156 162
156 163
156 164
156 165
156 166
156 167
156 168
156 169
156 170
156 171
156 172
156 173
156 174
156 176
156 177
156 178
156 180
156 181
156 186
156 187
156 188
156 190
156 191
156 192
156 193
156 195
156 196
156 197
156 199
157 158
157 159
157 163
157 164
157 165
157 166
157 167
157 168
157 169
157 170
157 171
157 173
157 176
157 177
157 178
157 180
157 181
157 182
157 184
157 185
157 187
157 189
157 190
157 191
157 192
157 193
157 194
157 198
157 199
158 159
158 160
158 161
158 162
158 163
158 164
158 165
158 168
158 169
158 171
158 172
158 175
158 176
158 177
158 178
158 179
158 182
158 184
158 187
158 188
158 189
158 191
158 192
158 193
158 194
158 195
158 196
158 197
158 199
159 160
159 161
159 162
159 163
159 165
159 166
159 167
159 168
159 169
159 170
159 171
159 172
159 173
159 174
159 175
159 179
159 180
159 181
159 183
159 187
159 188
159 191
159 192
159 193
159 194
159 197
159 198
160 161
160 162
160 163
160 165
160 166
160 168
160 169
160 170
160 172
160 173
160 175
160 176
160 177
160 178
160 179
160 180
160 181
160 182
160 183
160 186
160 189
160 191
160 192
160 194
160 195
160 196
160 197
160 199
161 163
161 164
161 165
161 168
161 170
161 171
161 174
161 175
161 176
161 177
161 178
161 181
161 183
161 184
161 185
161 186
161 188
161 189
161 190
161 191
161 192
161 196
161 197
161 198
162 163
162 164
162 165
162 166
162 167
162 170
162 171
162 172
162 173
162 174
162 176
162 178
162 179
162 180
162 181
162 183
162 184
162 185
162 186
162 188
162 189
162 190
162 192
162 194
162 195
162 196
163 164
163 166
163 167
163 168
163 169
163 170
163 171
163 175
163 176
163 177
163 178
163 179
163 180
163 181
163 182
163 184
163 186
163 187
163 188
163 190
163 191
163 192
163 197
163 198
163 199
164 165
164 166
164 167
164 168
164 169
164 171
164 172
164 173
164 174
164 178
164 180
164 181
164 185
164 186
164 187
164 188
164 189
164 190
164 191
164 194
164 195
164 196
164 197
165 166
165 167
165 168
165 169
165 170
165 175
165 177
165 178
165 179
165 180
165 181
165 183
165 188
165 190
165 193
165 194
165 195
165 197
165 198
166 169
166 170
166 173
166 174
166 175
166 176
166 177
166 178
166 179
166 183
166 184
166 186
166 187
166 188
166 190
166 191
166 192
166 194
166 197
166 198
166 199
167 169
167 170
167 171
167 172
167 173
167 174
167 175
167 176
167 177
167 179
167 180
167 181
167 182
167 183
167 184
167 188
167 189
167 190
167 192
167 194
167 195
167 196
167 197
167 198
167 199
168 170
168 172
168 174
168 175
168 177
168 180
168 181
168 182
168 183
168 184
168 185
168 187
168 188
168 189
168 190
168 193
168 196
168 197
168 198
168 199
169 170
169 171
169 173
169 174
169 175
169 176
169 178
169 180
169 181
169 182
169 183
169 184
169 187
169 188
169 189
169 191
169 192
169 193
169 198
169 199
170 171
170 172
170 173
170 174
170 175
170 176
170 177
170 179
170 180
170 182
170 185
170 187
170 190
170 191
170 192
170 193
170 194
170 195
170 196
170 197
170 199
171 172
171 173
171 175
171 177
171 178
171 179
171 182
171 183
171 184
171 185
171 186
171 187
171 190
171 191
171 192
171 193
171 196
172 173
172 174
172 176
172 177
172 178
172 179
172 181
172 182
172 184
172 185
172 186
172 187
172 188
172 189
172 190
172 193
172 194
172 195
172 198
172 199
173 174
173 175
173 176
173 177
173 178
173 179
173 180
173 181
173 183
173 185
173 186
173 187
173 193
173 196
173 199
174 176
174 177
174 179
174 181
174 182
174 184
174 185
174 186
174 187
174 190
174 191
174 192
174 194
174 195
174 198
175 176
175 177
175 179
175 185
175 187
175 189
175 190
175 192
175 193
175 194
175 195
175 196
175 197
176 178
176 180
176 183
176 184
176 185
176 187
176 188
176 190
176 192
176 196
176 197
176 198
176 199
177 180
177 181
177 182
177 184
177 185
177 186
177 189
177 192
177 193
177 194
177 195
178 179
178 180
178 181
178 182
178 186
178 187
178 188
178 189
178 190
178 192
178 193
178 194
178 195
178 197
178 198
178 199
179 183
179 185
179 187
179 189
179 192
179 195
179 196
179 197
179 198
180 182
180 185
180 186
180 189
180 190
180 191
180 192
180 195
181 182
181 183
181 187
181 188
181 191
181 195
181 196
181 197
182 183
182 184
182 188
182 189
182 191
182 192
182 194
182 196
182 199
183 184
183 185
183 186
183 188
183 189
183 191
183 192
183 193
183 196
183 197
183 198
184 185
184 190
184 191
184 192
184 193
184 195
184 196
184 197
184 198
184 199
185 188
185 189
185 191
185 192
185 193
185 198
186 189
186 190
186 191
186 194
186 195
186 198
187 188
187 189
187 191
187 192
187 193
187 194
187 195
187 196
187 198
187 199
188 190
188 192
188 193
188 194
188 196
188 197
188 198
188 199
189 192
189 194
189 197
190 191
190 192
190 193
190 195
190 196
190 198
191 193
191 194
191 195
191 196
191 199
192 193
192 194
192 195
192 197
192 198
193 195
193 197
193 199
194 196
194 198
194 199
195 197
195 198
196 197
196 198
196 199
197 198
197 199
198 199