647099102
13
200
2565
0 13
0 14
0 15
0 16
0 17
0 21
0 23
0 25
0 26
0 30
0 34
0 37
0 39
0 47
0 69
0 86
0 88
0 102
0 105
0 143
0 159
0 171
0 179
0 183
0 188
0 42
0 128
1 13
1 14
1 15
1 18
1 19
1 21
1 22
1 25
1 26
1 29
1 34
1 35
1 45
1 46
1 52
1 55
1 57
1 64
1 69
1 72
1 91
1 105
1 111
1 122
1 151
1 163
1 195
1 81
1 155
1 172
1 190
2 13
2 14
2 15
2 16
2 17
2 18
2 19
2 22
2 24
2 25
2 26
2 33
2 34
2 38
2 43
2 45
2 49
2 52
2 53
2 54
2 57
2 68
2 70
2 80
2 83
2 85
2 86
2 87
2 115
2 118
2 121
2 128
2 139
2 148
2 150
2 166
2 169
2 173
2 176
2 178
2 196
2 23
3 13
3 14
3 16
3 17
3 20
3 27
3 28
3 38
3 46
3 55
3 60
3 65
3 67
3 75
3 77
3 79
3 123
3 125
3 135
3 136
3 139
3 154
3 163
3 171
3 177
4 13
4 14
4 15
4 16
4 17
4 19
4 20
4 21
4 24
4 25
4 27
4 36
4 37
4 41
4 42
4 43
4 44
4 45
4 53
4 58
4 61
4 62
4 66
4 67
4 68
4 74
4 80
4 82
4 85
4 89
4 93
4 99
4 100
4 109
4 125
4 129
4 140
4 141
4 144
4 147
4 148
4 159
4 161
4 162
4 177
4 170
4 171
4 199
5 13
5 14
5 15
5 16
5 17
5 18
5 19
5 20
5 22
5 28
5 29
5 30
5 39
5 42
5 45
5 48
5 50
5 51
5 68
5 78
5 87
5 109
5 118
5 132
5 143
5 150
5 167
5 169
5 171
5 179
5 180
5 25
5 136
6 13
6 14
6 15
6 16
6 21
6 23
6 28
6 29
6 31
6 32
6 34
6 36
6 47
6 56
6 59
6 66
6 70
6 71
6 75
6 77
6 83
6 92
6 103
6 119
6 153
6 190
6 121
6 196
7 13
7 14
7 15
7 16
7 18
7 19
7 26
7 27
7 29
7 41
7 49
7 51
7 53
7 67
7 69
7 88
7 100
7 105
7 111
7 127
7 143
7 145
7 157
7 167
7 45
7 60
7 68
7 160
7 189
8 13
8 15
8 16
8 17
8 19
8 20
8 21
8 22
8 25
8 26
8 27
8 30
8 31
8 34
8 37
8 42
8 46
8 51
8 52
8 53
8 59
8 62
8 76
8 86
8 114
8 124
8 137
8 151
8 162
8 170
8 184
8 195
8 142
9 13
9 14
9 15
9 16
9 17
9 18
9 20
9 21
9 23
9 24
9 26
9 35
9 40
9 42
9 45
9 46
9 47
9 48
9 49
9 62
9 81
9 117
9 124
9 130
9 158
9 163
9 181
9 38
9 150
10 13
10 14
10 15
10 17
10 18
10 25
10 28
10 30
10 35
10 43
10 44
10 57
10 80
10 97
10 104
10 117
10 125
10 127
10 137
10 140
10 141
10 149
10 160
10 161
10 182
10 103
10 55
10 100
10 157
11 13
11 14
11 15
11 16
11 17
11 18
11 19
11 20
11 22
11 23
11 29
11 31
11 48
11 50
11 54
11 67
11 69
11 71
11 73
11 75
11 76
11 77
11 102
11 112
11 123
11 132
11 135
11 142
11 149
11 171
11 176
11 191
11 193
11 196
11 144
12 13
12 14
12 18
12 23
12 26
12 27
12 30
12 43
12 44
12 47
12 49
12 60
12 61
12 62
12 67
12 72
12 83
12 92
12 98
12 107
12 110
12 117
12 130
12 131
12 134
12 142
12 149
12 165
12 167
12 185
12 194
12 78
13 14
13 15
13 16
13 17
13 18
13 19
13 20
13 21
13 22
13 24
13 25
13 26
13 27
13 28
13 29
13 30
13 31
13 32
13 33
13 34
13 35
13 36
13 37
13 40
13 41
13 44
13 48
13 50
13 51
13 53
13 54
13 57
13 58
13 59
13 63
13 64
13 66
13 67
13 75
13 76
13 80
13 81
13 85
13 87
13 89
13 92
13 95
13 97
13 99
13 102
13 104
13 106
13 108
13 110
13 116
13 122
13 124
13 133
13 134
13 136
13 139
13 141
13 142
13 146
13 150
13 152
13 154
13 163
13 171
13 174
13 181
13 196
13 198
14 15
14 16
14 17
14 18
14 19
14 20
14 21
14 22
14 23
14 24
14 28
14 30
14 31
14 32
14 33
14 35
14 38
14 39
14 40
14 41
14 42
14 43
14 45
14 49
14 50
14 52
14 53
14 56
14 57
14 62
14 66
14 70
14 72
14 73
14 74
14 76
14 78
14 79
14 82
14 84
14 87
14 92
14 94
14 103
14 106
14 108
14 109
14 111
14 114
14 118
14 129
14 136
14 139
14 140
14 142
14 144
14 147
14 148
14 158
14 160
14 161
14 166
14 168
14 190
14 195
14 96
14 34
14 104
15 16
15 17
15 18
15 19
15 20
15 21
15 22
15 23
15 25
15 29
15 31
15 33
15 34
15 38
15 40
15 41
15 42
15 44
15 46
15 47
15 50
15 53
15 54
15 61
15 62
15 63
15 65
15 66
15 72
15 78
15 80
15 82
15 85
15 89
15 90
15 93
15 96
15 97
15 103
15 114
15 115
15 118
15 120
15 121
15 123
15 131
15 133
15 142
15 144
15 148
15 150
15 151
15 154
15 157
15 158
15 162
15 169
15 172
15 179
15 181
15 193
15 194
15 198
15 49
15 27
16 17
16 18
16 19
16 20
16 21
16 22
16 23
16 24
16 27
16 28
16 31
16 32
16 35
16 36
16 37
16 38
16 39
16 40
16 42
16 43
16 44
16 46
16 48
16 51
16 59
16 60
16 65
16 75
16 84
16 91
16 100
16 104
16 107
16 108
16 113
16 116
16 120
16 124
16 125
16 128
16 131
16 149
16 152
16 155
16 162
16 164
16 166
16 176
16 186
16 199
16 160
16 53
16 67
16 71
16 79
16 134
17 18
17 19
17 20
17 21
17 22
17 24
17 26
17 27
17 28
17 29
17 33
17 36
17 37
17 38
17 39
17 40
17 43
17 44
17 51
17 53
17 55
17 57
17 59
17 66
17 68
17 69
17 71
17 74
17 75
17 80
17 81
17 85
17 86
17 88
17 90
17 92
17 93
17 96
17 98
17 101
17 102
17 106
17 113
17 117
17 118
17 126
17 127
17 132
17 137
17 138
17 139
17 151
17 152
17 153
17 157
17 159
17 161
17 165
17 168
17 172
17 176
17 182
17 52
18 19
18 20
18 23
18 24
18 25
18 26
18 27
18 28
18 32
18 33
18 36
18 37
18 39
18 40
18 41
18 42
18 44
18 47
18 48
18 49
18 53
18 55
18 58
18 59
18 60
18 61
18 64
18 68
18 71
18 74
18 78
18 86
18 89
18 90
18 91
18 94
18 98
18 99
18 100
18 102
18 104
18 108
18 109
18 112
18 122
18 123
18 133
18 134
18 137
18 138
18 140
18 144
18 152
18 162
18 165
18 166
18 174
18 175
18 176
18 190
18 193
18 170
18 116
19 20
19 21
19 22
19 23
19 24
19 25
19 27
19 28
19 31
19 32
19 33
19 37
19 38
19 39
19 40
19 41
19 45
19 46
19 47
19 48
19 49
19 50
19 51
19 52
19 56
19 57
19 58
19 62
19 64
19 69
19 72
19 74
19 79
19 82
19 87
19 89
19 90
19 91
19 93
19 95
19 96
19 101
19 105
19 107
19 111
19 112
19 114
19 121
19 125
19 132
19 135
19 136
19 139
19 144
19 146
19 147
19 155
19 158
19 162
19 163
19 166
19 174
19 175
19 178
19 180
19 183
19 188
19 191
19 194
19 195
19 196
19 197
20 21
20 22
20 23
20 24
20 25
20 26
20 29
20 30
20 32
20 33
20 35
20 37
20 38
20 39
20 41
20 47
20 52
20 56
20 57
20 60
20 61
20 68
20 69
20 72
20 81
20 93
20 94
20 99
20 100
20 103
20 107
20 108
20 112
20 115
20 120
20 122
20 125
20 126
20 143
20 154
20 157
20 160
20 163
20 166
20 174
20 176
20 179
20 185
20 194
20 195
20 196
20 140
21 22
21 23
21 24
21 28
21 29
21 30
21 31
21 33
21 36
21 38
21 40
21 46
21 47
21 51
21 58
21 59
21 69
21 73
21 77
21 82
21 97
21 105
21 111
21 118
21 121
21 122
21 145
21 149
21 151
21 152
21 154
21 159
21 166
21 192
21 101
21 164
22 23
22 24
22 25
22 26
22 29
22 30
22 32
22 33
22 34
22 35
22 38
22 42
22 44
22 46
22 49
22 54
22 56
22 57
22 58
22 65
22 66
22 71
22 86
22 88
22 95
22 98
22 101
22 102
22 104
22 105
22 107
22 115
22 139
22 169
22 173
22 179
22 187
22 189
22 72
23 24
23 27
23 28
23 31
23 32
23 34
23 39
23 45
23 57
23 60
23 62
23 64
23 66
23 73
23 77
23 79
23 84
23 85
23 94
23 103
23 104
23 108
23 111
23 124
23 125
23 129
23 130
23 139
23 140
23 143
23 150
23 160
23 180
23 181
23 185
23 191
23 197
23 70
23 65
24 25
24 26
24 27
24 36
24 39
24 40
24 42
24 46
24 48
24 49
24 52
24 59
24 63
24 64
24 67
24 68
24 77
24 78
24 81
24 86
24 91
24 95
24 101
24 105
24 107
24 111
24 117
24 119
24 122
24 123
24 125
24 126
24 130
24 154
24 162
24 171
24 181
24 188
24 189
24 193
24 194
24 185
25 30
25 31
25 32
25 33
25 34
25 36
25 40
25 43
25 45
25 49
25 53
25 55
25 58
25 59
25 63
25 65
25 67
25 72
25 77
25 79
25 82
25 83
25 91
25 97
25 98
25 100
25 106
25 110
25 111
25 115
25 119
25 126
25 127
25 128
25 136
25 146
25 155
25 156
25 159
25 172
25 178
25 191
25 192
26 27
26 28
26 29
26 32
26 35
26 36
26 45
26 48
26 54
26 58
26 60
26 63
26 65
26 66
26 69
26 70
26 74
26 75
26 78
26 80
26 84
26 85
26 87
26 92
26 93
26 103
26 105
26 109
26 113
26 124
26 129
26 133
26 137
26 141
26 147
26 155
26 156
26 157
26 158
26 165
26 167
26 172
26 174
26 177
26 183
26 185
26 187
26 191
26 193
26 194
26 76
26 115
27 29
27 30
27 32
27 33
27 35
27 37
27 40
27 41
27 43
27 54
27 61
27 62
27 68
27 70
27 73
27 76
27 78
27 81
27 83
27 97
27 110
27 112
27 116
27 133
27 141
27 157
27 173
27 101
27 120
28 30
28 31
28 36
28 37
28 41
28 45
28 48
28 50
28 51
28 52
28 55
28 63
28 76
28 83
28 84
28 86
28 91
28 100
28 116
28 120
28 121
28 123
28 125
28 145
28 157
28 173
28 192
28 195
29 34
29 35
29 36
29 38
29 55
29 58
29 61
29 63
29 71
29 73
29 83
29 88
29 89
29 106
29 137
29 147
29 164
29 170
29 171
29 178
29 179
29 186
29 189
29 191
29 192
29 85
30 31
30 32
30 35
30 44
30 52
30 57
30 58
30 105
30 108
30 109
30 114
30 118
30 126
30 138
30 140
30 144
30 156
30 171
30 178
30 131
30 110
31 33
31 34
31 38
31 43
31 44
31 45
31 46
31 51
31 52
31 53
31 56
31 65
31 67
31 77
31 80
31 84
31 94
31 99
31 106
31 113
31 114
31 116
31 119
31 121
31 129
31 133
31 134
31 138
31 143
31 148
31 151
31 168
31 170
31 182
31 184
31 186
31 190
31 167
31 58
32 39
32 42
32 54
32 59
32 66
32 70
32 75
32 79
32 80
32 84
32 85
32 90
32 98
32 101
32 111
32 117
32 131
32 141
32 151
32 152
32 162
32 164
32 165
32 167
32 172
32 174
32 190
32 135
33 34
33 35
33 37
33 38
33 40
33 43
33 44
33 47
33 48
33 51
33 53
33 56
33 62
33 63
33 69
33 74
33 77
33 85
33 87
33 90
33 92
33 96
33 100
33 101
33 102
33 110
33 115
33 123
33 127
33 130
33 131
33 134
33 136
33 138
33 142
33 146
33 147
33 153
33 160
33 186
33 189
34 37
34 39
34 41
34 52
34 55
34 61
34 65
34 66
34 71
34 78
34 87
34 97
34 113
34 123
34 125
34 134
34 142
34 144
34 155
34 162
34 175
35 36
35 44
35 47
35 49
35 50
35 64
35 67
35 68
35 73
35 74
35 88
35 97
35 116
35 125
35 132
35 134
35 140
35 186
35 187
35 191
35 195
35 196
35 65
35 193
36 46
36 47
36 54
36 76
36 77
36 79
36 81
36 88
36 91
36 103
36 137
36 151
36 160
36 180
36 190
36 171
37 39
37 41
37 42
37 45
37 54
37 56
37 60
37 61
37 62
37 88
37 91
37 92
37 98
37 104
37 106
37 110
37 115
37 121
37 150
37 155
37 159
37 180
37 181
38 43
38 49
38 52
38 54
38 65
38 72
38 76
38 102
38 108
38 114
38 130
38 133
38 140
38 148
38 150
38 169
38 172
38 189
38 196
38 105
38 106
38 138
39 42
39 43
39 50
39 51
39 54
39 55
39 61
39 69
39 71
39 73
39 83
39 90
39 96
39 99
39 102
39 105
39 108
39 114
39 128
39 132
39 135
39 143
39 145
39 148
39 177
39 184
39 187
39 197
39 119
39 40
40 41
40 50
40 51
40 54
40 55
40 60
40 68
40 70
40 72
40 75
40 81
40 82
40 85
40 97
40 101
40 105
40 106
40 107
40 111
40 116
40 117
40 120
40 126
40 127
40 142
40 149
40 160
40 167
40 186
40 191
40 192
40 193
41 50
41 69
41 72
41 118
41 127
41 179
41 197
41 124
41 98
42 59
42 67
42 71
42 87
42 88
42 101
42 125
42 136
42 144
42 151
42 160
42 168
42 173
42 187
42 188
43 50
43 53
43 56
43 61
43 71
43 73
43 85
43 94
43 102
43 118
43 136
43 137
43 150
43 153
43 182
43 183
43 186
43 188
43 193
43 51
44 46
44 47
44 57
44 61
44 66
44 76
44 83
44 84
44 95
44 99
44 112
44 116
44 131
44 152
44 158
44 159
44 174
44 69
45 48
45 55
45 57
45 58
45 60
45 63
45 66
45 68
45 70
45 72
45 85
45 91
45 93
45 95
45 100
45 101
45 103
45 107
45 124
45 128
45 135
45 147
45 154
45 159
45 163
45 178
45 183
45 187
45 188
45 189
45 195
45 94
45 152
45 156
46 48
46 63
46 80
46 82
46 86
46 89
46 92
46 110
46 114
46 117
46 135
46 144
46 154
46 158
46 163
46 195
46 197
46 107
46 149
47 49
47 55
47 60
47 71
47 76
47 79
47 82
47 93
47 96
47 98
47 99
47 106
47 141
47 165
47 168
47 174
47 184
47 58
48 50
48 68
48 71
48 73
48 78
48 90
48 103
48 122
48 142
48 144
48 155
48 172
48 189
48 190
48 194
48 181
49 58
49 63
49 64
49 73
49 74
49 75
49 78
49 79
49 86
49 87
49 89
49 92
49 94
49 95
49 107
49 109
49 111
49 118
49 128
49 131
49 135
49 143
49 145
49 161
49 164
49 169
49 175
49 188
49 191
49 105
50 52
50 56
50 63
50 65
50 67
50 79
50 89
50 92
50 94
50 97
50 104
50 109
50 115
50 122
50 124
50 148
50 173
50 178
50 186
50 197
50 162
51 58
51 59
51 64
51 67
51 73
51 79
51 91
51 92
51 106
51 132
51 138
51 145
51 148
51 156
51 168
52 60
52 76
52 106
52 126
52 131
52 137
52 161
52 170
52 180
52 193
53 56
53 59
53 70
53 80
53 81
53 83
53 95
53 107
53 109
53 126
53 138
53 166
53 196
54 55
54 56
54 62
54 76
54 90
54 96
54 98
54 99
54 113
54 132
54 157
54 175
54 184
54 198
54 192
55 56
55 64
55 83
55 137
56 62
56 86
56 94
56 117
56 129
56 132
56 153
56 172
57 65
57 69
57 74
57 78
57 84
57 89
57 98
57 103
57 109
57 113
57 116
57 117
57 128
57 133
57 136
57 183
57 156
58 64
58 65
58 81
58 82
58 84
58 87
58 89
58 92
58 100
58 115
58 182
58 185
58 192
59 60
59 65
59 70
59 75
59 77
59 82
59 99
59 104
59 118
59 126
59 127
59 140
59 178
60 61
60 64
60 72
60 74
60 80
60 83
60 85
60 93
60 94
60 95
60 97
60 104
60 108
60 110
60 112
60 116
60 119
60 146
60 148
60 153
60 156
60 164
60 167
60 176
60 182
60 189
60 197
60 66
60 73
61 63
61 79
61 88
61 91
61 93
61 96
61 123
61 139
61 186
61 152
62 64
62 70
62 71
62 72
62 81
62 95
62 97
62 110
62 134
62 156
62 157
62 193
62 197
62 102
63 70
63 109
63 147
63 154
63 170
63 184
63 192
64 68
64 70
64 83
64 88
64 96
64 103
64 112
64 116
64 120
64 139
64 145
64 156
64 161
64 181
64 86
64 146
64 183
65 74
65 75
65 76
65 88
65 93
65 109
65 110
65 113
65 119
65 127
65 160
65 180
65 185
65 190
66 90
66 102
66 103
66 135
66 147
66 149
66 176
66 189
67 75
67 81
67 87
67 105
67 117
67 128
68 80
68 95
68 101
68 104
68 133
68 171
68 183
68 192
68 131
68 198
69 74
69 95
69 112
69 130
69 171
69 198
69 107
70 84
70 94
70 121
70 122
70 130
70 135
70 168
70 175
70 170
71 107
71 121
71 141
72 73
72 77
72 81
72 99
72 109
72 118
72 130
72 134
72 139
72 150
72 153
72 154
72 155
72 178
72 147
72 166
73 78
73 98
73 172
73 182
73 191
74 79
74 87
74 88
74 91
74 119
74 128
74 153
74 154
74 173
74 182
74 185
74 191
74 198
75 77
75 78
75 114
75 118
75 120
75 126
75 142
75 173
75 180
75 185
75 188
76 82
76 89
76 108
76 113
76 119
76 168
76 112
77 86
77 152
77 126
78 82
78 86
78 90
78 94
78 128
78 133
78 136
78 143
78 148
78 193
78 199
79 93
79 94
79 110
79 113
79 124
79 132
79 142
79 149
79 156
79 158
79 184
80 84
80 96
80 100
80 103
80 111
80 123
80 124
80 128
80 133
80 151
80 165
80 169
80 176
80 197
80 89
81 150
81 152
81 158
81 197
82 102
82 117
82 122
82 124
82 129
82 182
82 183
82 145
83 84
83 99
83 111
83 120
83 136
83 145
83 147
83 164
83 182
84 89
84 90
84 106
84 131
84 135
84 138
84 157
84 175
84 154
85 90
85 119
85 123
85 143
85 157
85 163
85 164
85 192
86 98
86 112
86 115
86 119
86 156
86 161
86 164
86 168
86 175
86 198
86 104
87 96
87 100
87 117
87 120
87 127
87 129
87 135
87 194
88 93
88 97
88 101
88 107
88 114
88 116
88 149
88 162
88 171
89 104
89 110
89 124
89 145
89 149
89 151
89 159
90 96
90 101
90 108
90 112
90 135
90 137
90 139
90 140
90 150
90 153
90 169
90 177
91 96
91 108
91 125
91 126
91 169
91 181
91 183
91 185
91 188
91 198
91 165
92 95
92 105
92 116
92 124
92 134
92 145
92 147
92 163
93 99
93 100
93 115
93 119
93 120
93 131
93 135
93 146
93 199
94 115
94 121
94 129
94 170
94 172
94 192
95 98
95 110
95 115
95 132
95 150
95 155
95 157
95 166
95 178
95 190
95 97
96 102
96 104
96 114
96 119
96 131
96 153
96 174
96 197
97 121
97 174
97 153
98 133
98 138
98 163
98 169
98 194
99 101
99 113
99 119
99 129
99 182
99 185
99 192
100 141
100 148
100 160
101 107
101 114
101 120
101 123
101 126
101 161
101 164
101 170
101 172
101 124
102 112
102 146
102 113
103 113
103 155
103 156
103 162
103 167
103 192
103 195
103 191
104 113
104 129
104 138
104 146
104 151
104 193
104 195
105 106
105 122
105 129
105 152
105 170
105 177
105 179
106 112
106 122
106 133
106 162
106 175
106 177
106 181
106 184
106 188
106 194
106 198
107 120
107 137
107 143
107 146
107 179
107 183
107 196
107 199
108 120
108 121
108 128
108 141
108 142
108 155
108 169
108 192
108 178
108 119
109 130
109 136
109 177
109 186
109 197
109 199
109 180
109 145
110 121
110 127
110 132
110 176
111 122
111 123
111 127
111 153
111 169
111 170
111 173
111 140
112 145
112 146
112 150
112 182
112 185
112 187
112 196
113 129
113 134
113 140
113 158
113 175
113 187
113 199
113 174
113 181
114 149
114 167
114 181
114 190
115 126
115 130
115 131
115 162
116 130
116 136
116 145
116 148
116 158
116 159
116 197
116 125
117 152
117 157
117 161
117 165
117 167
117 173
118 149
118 170
118 177
118 128
118 163
119 141
119 161
119 186
120 146
120 160
120 161
120 169
120 189
121 139
121 165
121 168
121 175
121 179
122 138
122 146
122 180
123 132
123 144
123 154
123 166
123 180
123 191
123 171
124 138
124 140
124 167
124 181
124 184
124 185
124 188
124 191
124 196
125 130
125 156
125 161
125 164
125 176
126 127
126 128
126 143
126 163
126 165
126 196
127 149
127 156
127 177
127 181
127 182
128 141
128 143
128 159
128 199
129 131
129 167
130 134
130 155
131 137
131 178
131 189
131 196
132 155
132 177
133 134
133 142
133 144
133 145
133 146
133 159
133 166
133 199
133 141
134 147
134 168
134 180
134 183
134 188
134 194
134 195
134 198
134 199
136 138
136 140
136 141
136 147
136 159
136 171
136 184
136 187
136 199
137 164
138 160
138 172
138 179
139 153
139 164
139 173
139 179
140 192
141 144
141 151
141 177
141 196
142 164
142 167
142 170
142 172
142 175
142 184
142 189
142 199
142 176
143 168
143 179
144 152
144 174
145 158
146 186
147 153
147 166
147 180
147 183
148 165
148 160
149 177
149 195
150 163
150 187
151 152
151 170
151 176
152 166
152 174
152 198
152 161
152 186
153 154
153 159
153 181
154 156
154 158
154 194
154 198
155 173
156 182
157 184
157 186
158 160
158 168
159 171
160 175
160 194
161 165
161 199
162 165
162 193
163 176
164 177
165 189
166 173
166 190
167 170
167 181
167 183
167 185
168 187
168 195
171 174
171 178
171 173
172 197
173 198
174 187
174 198
175 180
175 187
175 188
176 184
176 194
176 199
177 178
180 190
180 193
184 196
189 190