919387477
63
200
8649
0 63
0 64
0 65
0 67
0 68
0 70
0 71
0 73
0 74
0 76
0 77
0 78
0 80
0 81
0 84
0 86
0 95
0 101
0 102
0 106
0 109
0 112
0 113
0 132
0 142
0 159
0 161
0 162
0 165
0 174
0 176
0 181
0 197
1 63
1 64
1 65
1 66
1 67
1 68
1 69
1 70
1 71
1 72
1 73
1 75
1 76
1 77
1 78
1 80
1 81
1 82
1 84
1 85
1 86
1 87
1 88
1 89
1 90
1 93
1 94
1 95
1 100
1 102
1 103
1 104
1 107
1 109
1 110
1 116
1 117
1 121
1 123
1 124
1 126
1 128
1 131
1 132
1 133
1 134
1 135
1 138
1 140
1 142
1 145
1 146
1 154
1 158
1 170
1 175
1 179
1 180
1 198
2 63
2 64
2 65
2 66
2 67
2 68
2 69
2 70
2 71
2 72
2 73
2 74
2 75
2 76
2 77
2 78
2 79
2 81
2 82
2 83
2 85
2 86
2 87
2 88
2 90
2 91
2 92
2 93
2 96
2 97
2 98
2 99
2 101
2 102
2 103
2 108
2 110
2 111
2 113
2 114
2 115
2 116
2 120
2 122
2 123
2 125
2 126
2 127
2 128
2 130
2 132
2 136
2 137
2 138
2 145
2 146
2 149
2 155
2 157
2 166
2 168
2 169
2 174
2 177
2 183
2 184
2 185
2 186
2 199
3 63
3 64
3 65
3 66
3 67
3 68
3 69
3 70
3 71
3 72
3 73
3 74
3 75
3 76
3 77
3 78
3 79
3 80
3 81
3 82
3 83
3 84
3 85
3 87
3 92
3 96
3 97
3 101
3 103
3 104
3 106
3 107
3 110
3 111
3 114
3 115
3 116
3 117
3 119
3 130
3 131
3 133
3 135
3 136
3 139
3 142
3 143
3 147
3 148
3 151
3 152
3 153
3 164
3 168
3 172
3 174
3 179
3 183
3 197
4 63
4 64
4 65
4 66
4 67
4 68
4 69
4 71
4 72
4 73
4 74
4 75
4 76
4 77
4 78
4 80
4 82
4 83
4 84
4 85
4 86
4 88
4 89
4 90
4 91
4 93
4 94
4 96
4 97
4 98
4 100
4 101
4 103
4 104
4 105
4 109
4 115
4 116
4 120
4 121
4 124
4 125
4 126
4 128
4 131
4 133
4 135
4 136
4 138
4 139
4 143
4 146
4 149
4 151
4 156
4 157
4 159
4 160
4 161
4 162
4 168
4 178
4 180
4 181
4 182
4 186
4 188
5 63
5 64
5 65
5 66
5 67
5 68
5 69
5 70
5 71
5 72
5 73
5 74
5 75
5 76
5 77
5 78
5 80
5 81
5 82
5 83
5 84
5 85
5 86
5 87
5 89
5 95
5 97
5 99
5 100
5 101
5 102
5 103
5 105
5 106
5 107
5 111
5 113
5 114
5 115
5 116
5 119
5 122
5 128
5 135
5 136
5 146
5 147
5 149
5 151
5 152
5 158
5 160
5 164
5 165
5 170
5 171
5 175
5 176
5 178
5 191
5 194
5 195
5 197
5 198
5 199
6 63
6 64
6 65
6 66
6 67
6 68
6 69
6 70
6 71
6 72
6 73
6 74
6 75
6 77
6 78
6 79
6 80
6 81
6 82
6 84
6 87
6 91
6 92
6 94
6 96
6 98
6 99
6 102
6 103
6 104
6 106
6 107
6 108
6 109
6 112
6 114
6 117
6 118
6 123
6 126
6 127
6 129
6 131
6 133
6 135
6 136
6 137
6 143
6 149
6 152
6 156
6 167
6 171
6 172
6 178
6 180
6 181
6 184
6 185
6 186
6 187
6 190
6 193
6 195
6 196
7 63
7 64
7 65
7 66
7 67
7 68
7 70
7 71
7 72
7 73
7 74
7 75
7 76
7 77
7 78
7 79
7 81
7 82
7 83
7 85
7 86
7 89
7 90
7 91
7 92
7 93
7 94
7 95
7 97
7 99
7 105
7 106
7 112
7 118
7 123
7 124
7 125
7 127
7 128
7 130
7 134
7 141
7 143
7 146
7 149
7 155
7 157
7 158
7 165
7 167
7 171
7 172
7 173
7 179
7 180
7 181
8 63
8 64
8 65
8 66
8 68
8 71
8 73
8 74
8 75
8 76
8 77
8 78
8 79
8 80
8 81
8 83
8 84
8 85
8 86
8 87
8 88
8 89
8 90
8 92
8 97
8 98
8 99
8 100
8 101
8 103
8 109
8 112
8 114
8 117
8 118
8 120
8 121
8 127
8 128
8 129
8 130
8 132
8 134
8 135
8 140
8 141
8 146
8 147
8 150
8 157
8 163
8 164
8 166
8 167
8 169
8 170
8 171
8 172
8 173
8 175
8 177
8 178
8 179
8 182
8 183
8 184
8 185
8 189
8 191
8 199
9 63
9 64
9 65
9 66
9 67
9 68
9 69
9 70
9 71
9 72
9 73
9 74
9 75
9 76
9 78
9 79
9 80
9 83
9 84
9 85
9 86
9 87
9 88
9 89
9 93
9 98
9 99
9 100
9 102
9 103
9 104
9 106
9 107
9 109
9 111
9 115
9 122
9 124
9 126
9 132
9 136
9 137
9 144
9 148
9 150
9 152
9 153
9 154
9 155
9 157
9 161
9 164
9 165
9 167
9 168
9 172
9 176
9 189
9 190
9 194
9 196
9 197
10 63
10 64
10 65
10 66
10 67
10 69
10 70
10 71
10 72
10 73
10 75
10 76
10 77
10 79
10 80
10 81
10 83
10 85
10 86
10 88
10 90
10 91
10 92
10 95
10 97
10 98
10 99
10 100
10 101
10 102
10 103
10 110
10 112
10 119
10 121
10 122
10 124
10 126
10 127
10 130
10 133
10 134
10 137
10 138
10 139
10 140
10 142
10 143
10 151
10 155
10 158
10 159
10 162
10 168
10 177
10 181
10 190
10 195
10 198
11 63
11 64
11 65
11 66
11 67
11 68
11 69
11 70
11 71
11 72
11 73
11 74
11 75
11 76
11 78
11 80
11 81
11 83
11 84
11 86
11 87
11 88
11 89
11 90
11 92
11 93
11 94
11 95
11 97
11 98
11 99
11 101
11 102
11 104
11 106
11 107
11 109
11 110
11 113
11 114
11 115
11 117
11 118
11 120
11 123
11 124
11 126
11 129
11 130
11 131
11 134
11 137
11 139
11 141
11 143
11 147
11 148
11 156
11 158
11 160
11 163
11 174
11 175
11 176
11 186
11 188
11 189
11 197
11 161
12 63
12 64
12 65
12 66
12 67
12 68
12 69
12 70
12 71
12 72
12 73
12 75
12 77
12 79
12 80
12 82
12 83
12 84
12 85
12 86
12 89
12 91
12 94
12 95
12 96
12 97
12 98
12 103
12 106
12 107
12 110
12 111
12 113
12 114
12 117
12 128
12 132
12 133
12 134
12 136
12 139
12 140
12 144
12 156
12 162
12 163
12 165
12 167
12 169
12 176
12 178
12 180
12 185
12 187
12 188
12 191
12 196
13 63
13 64
13 65
13 66
13 67
13 68
13 69
13 70
13 71
13 72
13 73
13 74
13 75
13 78
13 79
13 81
13 82
13 83
13 84
13 85
13 86
13 87
13 90
13 91
13 94
13 95
13 100
13 103
13 105
13 108
13 109
13 112
13 113
13 114
13 117
13 124
13 125
13 129
13 131
13 135
13 141
13 142
13 144
13 148
13 149
13 157
13 165
13 173
13 176
13 182
13 188
13 193
14 63
14 64
14 65
14 66
14 67
14 68
14 69
14 70
14 71
14 72
14 73
14 74
14 75
14 77
14 78
14 79
14 80
14 81
14 82
14 83
14 84
14 86
14 87
14 88
14 90
14 92
14 93
14 97
14 98
14 100
14 105
14 106
14 108
14 109
14 110
14 115
14 116
14 119
14 122
14 128
14 129
14 130
14 132
14 133
14 137
14 138
14 148
14 154
14 155
14 160
14 166
14 168
14 169
14 170
14 181
14 185
15 63
15 64
15 65
15 66
15 67
15 68
15 69
15 70
15 71
15 72
15 73
15 75
15 76
15 77
15 78
15 80
15 81
15 82
15 84
15 85
15 86
15 88
15 91
15 93
15 95
15 97
15 100
15 103
15 108
15 109
15 111
15 112
15 117
15 119
15 122
15 123
15 127
15 128
15 133
15 138
15 139
15 140
15 143
15 146
15 148
15 149
15 152
15 154
15 163
15 164
15 169
15 173
15 174
15 178
15 179
15 182
15 186
15 192
15 196
15 197
15 24
16 63
16 64
16 65
16 66
16 67
16 69
16 70
16 71
16 73
16 74
16 77
16 79
16 80
16 82
16 85
16 87
16 89
16 90
16 91
16 95
16 96
16 99
16 100
16 111
16 121
16 123
16 125
16 130
16 131
16 134
16 135
16 136
16 137
16 138
16 139
16 141
16 145
16 151
16 152
16 155
16 157
16 168
16 171
16 174
16 175
16 178
16 185
16 189
16 190
17 63
17 64
17 65
17 66
17 67
17 69
17 70
17 71
17 73
17 74
17 75
17 76
17 77
17 78
17 80
17 81
17 82
17 83
17 84
17 86
17 90
17 91
17 92
17 94
17 96
17 100
17 106
17 107
17 111
17 113
17 114
17 115
17 116
17 126
17 132
17 133
17 138
17 140
17 145
17 148
17 149
17 150
17 152
17 153
17 156
17 161
17 163
17 188
17 196
17 61
18 63
18 64
18 65
18 66
18 67
18 68
18 69
18 70
18 71
18 72
18 73
18 74
18 75
18 77
18 78
18 79
18 80
18 83
18 84
18 86
18 87
18 92
18 93
18 95
18 96
18 100
18 103
18 110
18 117
18 122
18 126
18 130
18 131
18 135
18 143
18 149
18 150
18 153
18 155
18 161
18 162
18 169
18 174
18 176
18 180
18 181
18 187
18 188
18 191
18 196
18 199
19 63
19 64
19 65
19 66
19 67
19 68
19 69
19 70
19 71
19 72
19 73
19 74
19 75
19 76
19 78
19 79
19 80
19 81
19 83
19 84
19 85
19 86
19 89
19 91
19 93
19 94
19 96
19 97
19 100
19 101
19 102
19 103
19 104
19 105
19 107
19 108
19 109
19 110
19 113
19 116
19 117
19 122
19 123
19 125
19 126
19 134
19 136
19 142
19 144
19 145
19 146
19 150
19 152
19 155
19 157
19 159
19 160
19 161
19 164
19 173
19 182
19 190
19 191
19 195
19 197
20 63
20 64
20 65
20 66
20 67
20 68
20 69
20 71
20 72
20 73
20 74
20 76
20 77
20 78
20 79
20 80
20 81
20 82
20 83
20 84
20 86
20 88
20 89
20 90
20 91
20 93
20 94
20 95
20 96
20 97
20 99
20 100
20 101
20 104
20 105
20 106
20 107
20 110
20 112
20 113
20 114
20 118
20 120
20 122
20 123
20 124
20 128
20 131
20 132
20 133
20 135
20 137
20 138
20 140
20 141
20 143
20 144
20 146
20 147
20 150
20 153
20 158
20 159
20 160
20 163
20 164
20 166
20 169
20 172
20 176
20 179
20 184
20 189
20 191
20 194
21 63
21 64
21 65
21 66
21 67
21 68
21 69
21 70
21 71
21 73
21 75
21 76
21 77
21 78
21 79
21 81
21 83
21 85
21 87
21 90
21 91
21 93
21 95
21 96
21 99
21 100
21 102
21 104
21 105
21 108
21 109
21 110
21 112
21 114
21 116
21 118
21 123
21 129
21 133
21 138
21 152
21 153
21 154
21 155
21 157
21 159
21 162
21 163
21 168
21 174
21 175
21 177
21 178
21 181
21 186
21 191
21 193
21 195
21 196
22 63
22 64
22 65
22 66
22 67
22 68
22 69
22 70
22 72
22 73
22 74
22 75
22 76
22 77
22 78
22 79
22 80
22 81
22 83
22 85
22 87
22 89
22 90
22 91
22 94
22 95
22 97
22 98
22 99
22 101
22 102
22 103
22 107
22 109
22 110
22 113
22 114
22 117
22 119
22 121
22 127
22 129
22 134
22 136
22 140
22 141
22 143
22 145
22 157
22 158
22 160
22 164
22 167
22 169
22 177
22 179
22 181
22 185
22 187
22 188
22 197
22 198
22 189
23 63
23 64
23 65
23 66
23 67
23 68
23 69
23 70
23 71
23 72
23 74
23 75
23 76
23 78
23 79
23 80
23 81
23 82
23 83
23 85
23 86
23 87
23 88
23 91
23 93
23 96
23 99
23 100
23 102
23 103
23 106
23 107
23 111
23 117
23 118
23 119
23 120
23 125
23 126
23 127
23 128
23 129
23 130
23 135
23 136
23 138
23 141
23 145
23 148
23 150
23 152
23 156
23 161
23 162
23 163
23 168
23 172
23 174
23 176
23 179
23 182
23 186
23 187
23 192
23 195
24 63
24 64
24 65
24 66
24 67
24 68
24 69
24 70
24 71
24 72
24 74
24 75
24 76
24 77
24 78
24 79
24 80
24 81
24 82
24 83
24 84
24 85
24 87
24 89
24 91
24 93
24 94
24 96
24 97
24 98
24 101
24 103
24 104
24 108
24 109
24 110
24 111
24 112
24 113
24 114
24 115
24 116
24 117
24 118
24 120
24 121
24 122
24 132
24 137
24 139
24 143
24 144
24 146
24 148
24 149
24 153
24 163
24 164
24 172
24 174
24 175
24 177
24 180
24 184
24 186
24 188
24 199
24 29
25 63
25 64
25 65
25 66
25 67
25 68
25 69
25 70
25 72
25 73
25 74
25 75
25 76
25 77
25 78
25 79
25 83
25 85
25 86
25 87
25 88
25 89
25 90
25 95
25 99
25 100
25 101
25 102
25 103
25 105
25 106
25 107
25 108
25 109
25 110
25 111
25 112
25 114
25 115
25 116
25 117
25 119
25 124
25 126
25 127
25 128
25 132
25 134
25 135
25 137
25 138
25 142
25 144
25 146
25 147
25 148
25 152
25 154
25 155
25 156
25 160
25 170
25 171
25 176
25 178
25 181
25 182
25 184
25 186
25 191
25 193
25 194
25 199
25 157
26 63
26 64
26 65
26 66
26 67
26 68
26 69
26 70
26 72
26 73
26 75
26 76
26 78
26 79
26 81
26 82
26 83
26 84
26 85
26 86
26 87
26 88
26 89
26 92
26 93
26 94
26 95
26 97
26 98
26 105
26 106
26 107
26 108
26 111
26 118
26 119
26 121
26 122
26 128
26 129
26 136
26 137
26 139
26 141
26 142
26 143
26 147
26 148
26 153
26 156
26 160
26 163
26 168
26 170
26 171
26 174
26 176
26 178
26 183
26 184
26 193
26 199
27 63
27 64
27 65
27 66
27 67
27 68
27 69
27 70
27 72
27 73
27 74
27 75
27 76
27 77
27 78
27 79
27 80
27 82
27 83
27 84
27 85
27 86
27 88
27 90
27 92
27 93
27 94
27 98
27 99
27 100
27 106
27 112
27 113
27 116
27 117
27 119
27 121
27 122
27 124
27 126
27 127
27 128
27 129
27 131
27 132
27 133
27 140
27 142
27 143
27 146
27 149
27 151
27 153
27 156
27 158
27 160
27 161
27 167
27 173
27 174
27 180
27 187
27 195
27 196
27 197
28 63
28 64
28 65
28 66
28 67
28 68
28 69
28 70
28 71
28 72
28 73
28 74
28 75
28 76
28 77
28 78
28 79
28 80
28 81
28 82
28 83
28 85
28 87
28 91
28 92
28 93
28 94
28 95
28 96
28 98
28 100
28 101
28 102
28 106
28 108
28 111
28 114
28 116
28 121
28 122
28 124
28 125
28 126
28 127
28 128
28 130
28 134
28 135
28 136
28 140
28 141
28 143
28 144
28 145
28 150
28 155
28 160
28 168
28 170
28 173
28 189
28 190
28 191
28 193
28 197
29 63
29 64
29 65
29 66
29 67
29 68
29 69
29 70
29 71
29 73
29 74
29 75
29 76
29 78
29 80
29 81
29 82
29 83
29 85
29 88
29 91
29 95
29 96
29 97
29 98
29 101
29 103
29 104
29 105
29 107
29 108
29 109
29 117
29 118
29 119
29 120
29 123
29 124
29 131
29 134
29 135
29 138
29 139
29 145
29 153
29 159
29 165
29 168
29 169
29 176
29 178
29 182
29 185
29 188
29 191
29 193
30 63
30 64
30 65
30 66
30 67
30 68
30 69
30 70
30 71
30 73
30 74
30 75
30 77
30 78
30 80
30 82
30 84
30 88
30 89
30 90
30 92
30 95
30 98
30 99
30 100
30 103
30 105
30 107
30 108
30 111
30 113
30 115
30 118
30 120
30 131
30 140
30 148
30 149
30 150
30 151
30 153
30 154
30 156
30 160
30 162
30 165
30 169
30 170
30 175
30 179
30 182
30 188
30 191
31 63
31 64
31 65
31 66
31 67
31 68
31 69
31 72
31 73
31 74
31 75
31 76
31 77
31 79
31 80
31 82
31 83
31 84
31 85
31 86
31 87
31 88
31 90
31 91
31 92
31 95
31 96
31 97
31 98
31 99
31 100
31 101
31 102
31 103
31 107
31 108
31 109
31 111
31 112
31 116
31 118
31 121
31 123
31 126
31 129
31 130
31 131
31 132
31 134
31 136
31 141
31 145
31 149
31 152
31 161
31 163
31 166
31 168
31 176
31 178
31 179
31 181
31 185
31 187
31 190
31 193
31 194
31 196
32 63
32 64
32 65
32 66
32 68
32 69
32 71
32 72
32 73
32 76
32 77
32 80
32 82
32 83
32 86
32 88
32 89
32 90
32 91
32 98
32 100
32 101
32 102
32 106
32 107
32 108
32 113
32 115
32 116
32 118
32 120
32 122
32 124
32 130
32 134
32 139
32 150
32 152
32 173
32 179
32 190
32 191
32 192
32 196
32 199
33 63
33 66
33 67
33 68
33 69
33 71
33 72
33 73
33 74
33 75
33 76
33 77
33 81
33 84
33 86
33 88
33 90
33 93
33 94
33 96
33 98
33 101
33 108
33 110
33 113
33 120
33 121
33 123
33 126
33 127
33 128
33 130
33 139
33 140
33 143
33 147
33 154
33 155
33 171
33 172
33 179
33 183
33 189
33 190
33 197
34 63
34 64
34 65
34 66
34 68
34 70
34 71
34 72
34 78
34 79
34 81
34 82
34 83
34 85
34 87
34 89
34 92
34 104
34 108
34 110
34 111
34 116
34 119
34 120
34 121
34 125
34 131
34 135
34 136
34 139
34 142
34 143
34 151
34 158
34 168
34 171
34 172
34 174
34 178
34 179
34 182
34 189
34 196
35 63
35 64
35 65
35 66
35 67
35 68
35 69
35 71
35 72
35 73
35 74
35 75
35 77
35 79
35 80
35 81
35 82
35 83
35 85
35 87
35 90
35 92
35 93
35 96
35 97
35 102
35 109
35 111
35 113
35 114
35 115
35 116
35 117
35 118
35 119
35 120
35 122
35 124
35 125
35 129
35 130
35 135
35 137
35 140
35 144
35 146
35 148
35 152
35 153
35 159
35 161
35 163
35 164
35 166
35 169
35 175
35 178
35 183
35 185
35 186
35 190
35 193
36 63
36 64
36 65
36 66
36 67
36 68
36 69
36 70
36 71
36 73
36 74
36 75
36 76
36 77
36 78
36 79
36 80
36 81
36 82
36 84
36 85
36 86
36 87
36 88
36 89
36 90
36 92
36 93
36 94
36 95
36 96
36 97
36 101
36 103
36 104
36 105
36 106
36 111
36 113
36 116
36 118
36 119
36 121
36 124
36 128
36 132
36 133
36 135
36 137
36 138
36 147
36 150
36 156
36 157
36 158
36 161
36 162
36 164
36 166
36 169
36 171
36 172
36 174
36 177
36 181
36 182
36 183
36 186
36 189
36 191
36 194
36 197
37 63
37 64
37 65
37 66
37 67
37 68
37 69
37 70
37 71
37 72
37 75
37 76
37 77
37 79
37 80
37 82
37 83
37 85
37 86
37 87
37 88
37 89
37 91
37 94
37 96
37 99
37 102
37 106
37 107
37 110
37 111
37 112
37 115
37 116
37 119
37 121
37 123
37 125
37 126
37 132
37 137
37 139
37 141
37 145
37 146
37 147
37 148
37 149
37 164
37 169
37 171
37 172
37 173
37 181
37 189
38 63
38 64
38 65
38 66
38 68
38 70
38 71
38 72
38 73
38 74
38 75
38 76
38 77
38 78
38 79
38 80
38 82
38 83
38 84
38 87
38 92
38 96
38 98
38 99
38 100
38 102
38 104
38 116
38 118
38 119
38 121
38 123
38 125
38 126
38 129
38 131
38 133
38 135
38 136
38 139
38 140
38 142
38 144
38 148
38 149
38 152
38 161
38 163
38 172
38 176
38 179
38 182
38 184
38 192
39 63
39 64
39 65
39 66
39 67
39 68
39 69
39 70
39 71
39 72
39 79
39 80
39 81
39 84
39 86
39 87
39 89
39 92
39 94
39 111
39 116
39 118
39 123
39 125
39 132
39 137
39 144
39 154
39 156
39 157
39 165
39 173
40 63
40 64
40 65
40 66
40 67
40 68
40 69
40 70
40 71
40 72
40 73
40 74
40 76
40 78
40 79
40 81
40 84
40 85
40 90
40 91
40 93
40 94
40 95
40 96
40 101
40 103
40 104
40 109
40 110
40 114
40 118
40 120
40 122
40 123
40 131
40 134
40 138
40 141
40 147
40 151
40 152
40 157
40 163
40 169
40 171
40 172
40 175
40 176
40 179
40 186
40 189
40 194
41 63
41 64
41 65
41 66
41 67
41 68
41 69
41 70
41 71
41 72
41 74
41 75
41 76
41 77
41 78
41 79
41 80
41 81
41 82
41 83
41 84
41 85
41 86
41 88
41 89
41 92
41 93
41 94
41 96
41 97
41 99
41 101
41 106
41 110
41 112
41 120
41 122
41 123
41 128
41 129
41 131
41 132
41 138
41 144
41 147
41 150
41 154
41 155
41 158
41 159
41 160
41 164
41 166
41 167
41 170
41 178
41 180
41 181
41 184
41 185
41 186
41 189
41 192
41 196
41 198
41 183
42 63
42 64
42 65
42 66
42 67
42 68
42 69
42 70
42 71
42 72
42 73
42 76
42 77
42 78
42 79
42 81
42 82
42 84
42 86
42 89
42 91
42 92
42 94
42 95
42 98
42 99
42 100
42 102
42 104
42 105
42 107
42 110
42 111
42 114
42 115
42 117
42 121
42 122
42 125
42 130
42 137
42 138
42 143
42 145
42 149
42 151
42 156
42 162
42 165
42 170
42 172
42 173
42 177
42 178
42 179
42 185
42 191
42 194
42 198
43 63
43 64
43 65
43 66
43 67
43 68
43 69
43 70
43 71
43 72
43 73
43 74
43 76
43 77
43 79
43 80
43 82
43 83
43 85
43 87
43 89
43 90
43 91
43 93
43 94
43 95
43 97
43 98
43 99
43 100
43 103
43 104
43 105
43 106
43 107
43 112
43 113
43 115
43 117
43 119
43 121
43 122
43 126
43 127
43 137
43 139
43 141
43 147
43 149
43 150
43 155
43 156
43 157
43 158
43 160
43 161
43 162
43 163
43 164
43 167
43 168
43 176
43 177
43 178
43 188
43 191
44 63
44 64
44 65
44 66
44 67
44 68
44 69
44 70
44 71
44 73
44 74
44 77
44 78
44 79
44 80
44 81
44 82
44 83
44 84
44 86
44 87
44 88
44 89
44 90
44 92
44 93
44 98
44 99
44 101
44 104
44 106
44 112
44 113
44 119
44 124
44 130
44 132
44 136
44 139
44 144
44 154
44 157
44 166
44 168
44 175
44 183
44 188
44 191
44 198
45 63
45 64
45 65
45 66
45 67
45 68
45 69
45 70
45 71
45 72
45 73
45 74
45 75
45 76
45 78
45 79
45 80
45 81
45 82
45 84
45 86
45 87
45 89
45 94
45 95
45 97
45 100
45 101
45 103
45 108
45 110
45 114
45 116
45 119
45 122
45 125
45 129
45 130
45 133
45 150
45 151
45 158
45 163
45 168
45 169
45 176
45 182
45 185
45 187
45 188
45 191
45 195
46 63
46 64
46 65
46 66
46 67
46 68
46 69
46 70
46 71
46 72
46 73
46 74
46 75
46 76
46 77
46 78
46 79
46 80
46 81
46 82
46 83
46 87
46 88
46 89
46 93
46 94
46 96
46 97
46 98
46 99
46 101
46 102
46 104
46 105
46 109
46 110
46 111
46 113
46 114
46 115
46 116
46 118
46 121
46 122
46 124
46 125
46 127
46 131
46 138
46 143
46 146
46 148
46 149
46 152
46 154
46 155
46 156
46 160
46 163
46 170
46 171
46 177
46 178
46 182
46 183
46 184
46 187
46 193
46 196
47 63
47 64
47 65
47 67
47 69
47 70
47 71
47 72
47 73
47 74
47 75
47 76
47 77
47 79
47 80
47 81
47 83
47 84
47 85
47 86
47 87
47 88
47 90
47 92
47 93
47 94
47 95
47 96
47 97
47 99
47 100
47 102
47 104
47 105
47 106
47 109
47 110
47 112
47 114
47 115
47 118
47 119
47 120
47 121
47 124
47 131
47 132
47 135
47 136
47 137
47 138
47 139
47 140
47 143
47 145
47 146
47 147
47 149
47 150
47 153
47 154
47 160
47 161
47 165
47 167
47 168
47 172
47 174
47 176
47 181
47 186
47 187
47 190
47 197
47 198
48 63
48 64
48 65
48 66
48 67
48 68
48 69
48 70
48 71
48 72
48 73
48 74
48 75
48 76
48 78
48 81
48 84
48 85
48 86
48 87
48 88
48 89
48 90
48 91
48 94
48 95
48 96
48 97
48 99
48 100
48 101
48 103
48 104
48 105
48 106
48 109
48 114
48 115
48 118
48 123
48 124
48 125
48 128
48 130
48 133
48 134
48 136
48 137
48 138
48 140
48 142
48 144
48 147
48 153
48 155
48 159
48 160
48 165
48 169
48 172
48 173
48 184
48 194
49 63
49 64
49 65
49 66
49 67
49 70
49 71
49 72
49 73
49 74
49 75
49 76
49 77
49 80
49 81
49 82
49 84
49 85
49 86
49 87
49 88
49 89
49 90
49 93
49 94
49 95
49 99
49 101
49 102
49 104
49 105
49 107
49 108
49 109
49 111
49 112
49 115
49 116
49 119
49 120
49 122
49 125
49 127
49 128
49 130
49 131
49 132
49 139
49 140
49 141
49 145
49 151
49 155
49 158
49 159
49 161
49 164
49 167
49 168
49 169
49 170
49 172
49 177
49 178
49 180
49 185
49 189
49 190
49 191
49 192
49 193
49 197
49 199
50 63
50 64
50 65
50 66
50 67
50 68
50 69
50 70
50 72
50 73
50 74
50 76
50 77
50 79
50 80
50 81
50 82
50 83
50 86
50 87
50 88
50 90
50 91
50 93
50 94
50 95
50 96
50 98
50 102
50 105
50 107
50 110
50 111
50 115
50 119
50 142
50 152
50 155
50 156
50 160
50 175
50 177
50 194
50 196
50 92
51 63
51 64
51 65
51 66
51 67
51 68
51 69
51 70
51 71
51 72
51 73
51 74
51 75
51 76
51 77
51 78
51 81
51 83
51 89
51 91
51 92
51 93
51 95
51 98
51 100
51 103
51 104
51 105
51 107
51 108
51 114
51 115
51 116
51 120
51 122
51 125
51 133
51 137
51 138
51 145
51 146
51 147
51 148
51 150
51 151
51 155
51 162
51 163
51 167
51 171
51 173
51 180
51 181
51 183
51 186
51 187
51 191
51 192
51 193
51 194
51 195
52 63
52 64
52 65
52 67
52 68
52 69
52 70
52 71
52 72
52 73
52 74
52 75
52 76
52 77
52 79
52 80
52 81
52 82
52 83
52 84
52 85
52 86
52 88
52 89
52 90
52 92
52 94
52 96
52 98
52 99
52 100
52 101
52 108
52 109
52 110
52 113
52 122
52 123
52 124
52 128
52 131
52 132
52 135
52 136
52 141
52 143
52 144
52 145
52 146
52 147
52 148
52 149
52 153
52 154
52 156
52 165
52 166
52 167
52 170
52 172
52 174
52 177
52 179
52 180
52 184
52 188
52 194
52 196
52 198
52 199
53 63
53 64
53 65
53 66
53 67
53 68
53 69
53 70
53 71
53 72
53 73
53 74
53 75
53 77
53 78
53 79
53 81
53 82
53 83
53 84
53 85
53 87
53 88
53 90
53 91
53 92
53 93
53 95
53 96
53 97
53 100
53 101
53 104
53 109
53 111
53 112
53 116
53 117
53 118
53 120
53 123
53 125
53 127
53 129
53 130
53 131
53 136
53 138
53 139
53 140
53 147
53 151
53 152
53 155
53 162
53 166
53 172
53 181
53 184
53 187
53 189
53 197
54 63
54 64
54 65
54 66
54 67
54 68
54 69
54 70
54 72
54 74
54 75
54 76
54 77
54 78
54 79
54 80
54 81
54 83
54 84
54 85
54 87
54 88
54 90
54 91
54 93
54 96
54 98
54 99
54 100
54 103
54 106
54 108
54 113
54 114
54 120
54 124
54 126
54 127
54 128
54 129
54 130
54 133
54 138
54 147
54 149
54 152
54 156
54 160
54 169
54 174
54 175
54 178
54 185
54 191
54 196
54 198
55 63
55 64
55 65
55 66
55 67
55 68
55 69
55 70
55 71
55 72
55 73
55 74
55 75
55 76
55 77
55 78
55 79
55 80
55 81
55 82
55 87
55 88
55 90
55 91
55 92
55 95
55 100
55 101
55 103
55 105
55 106
55 107
55 109
55 112
55 115
55 118
55 119
55 123
55 126
55 129
55 132
55 133
55 135
55 136
55 139
55 141
55 145
55 149
55 154
55 157
55 158
55 167
55 170
55 171
55 178
55 184
55 185
55 187
55 190
55 193
55 195
56 63
56 64
56 65
56 66
56 67
56 68
56 69
56 70
56 71
56 72
56 73
56 74
56 75
56 76
56 78
56 79
56 81
56 84
56 85
56 88
56 89
56 90
56 91
56 92
56 93
56 99
56 105
56 107
56 108
56 111
56 112
56 113
56 117
56 118
56 120
56 121
56 122
56 125
56 127
56 133
56 140
56 144
56 146
56 152
56 159
56 166
56 172
56 173
56 179
56 180
56 188
56 192
56 197
56 198
57 63
57 64
57 66
57 67
57 68
57 69
57 70
57 71
57 72
57 74
57 75
57 77
57 78
57 82
57 84
57 85
57 86
57 87
57 88
57 89
57 92
57 93
57 96
57 97
57 98
57 99
57 102
57 103
57 104
57 116
57 119
57 128
57 145
57 146
57 153
57 154
57 156
57 161
57 162
57 165
57 169
57 171
57 172
57 178
57 183
57 184
57 188
57 194
57 195
58 63
58 64
58 65
58 66
58 67
58 68
58 69
58 70
58 71
58 72
58 74
58 75
58 76
58 77
58 78
58 79
58 80
58 82
58 87
58 88
58 89
58 91
58 92
58 94
58 98
58 102
58 109
58 110
58 111
58 113
58 114
58 117
58 118
58 120
58 121
58 125
58 127
58 128
58 129
58 133
58 135
58 140
58 142
58 146
58 150
58 151
58 153
58 158
58 161
58 165
58 167
58 170
58 177
58 180
58 183
58 184
58 189
58 192
58 196
58 199
59 63
59 64
59 65
59 66
59 67
59 68
59 69
59 70
59 71
59 72
59 73
59 74
59 75
59 76
59 77
59 78
59 79
59 81
59 82
59 83
59 84
59 86
59 88
59 89
59 90
59 91
59 93
59 94
59 97
59 98
59 99
59 108
59 110
59 113
59 120
59 129
59 131
59 140
59 145
59 152
59 153
59 158
59 159
59 162
59 165
59 175
59 184
59 186
60 63
60 64
60 65
60 66
60 67
60 68
60 69
60 70
60 71
60 72
60 73
60 74
60 76
60 77
60 78
60 79
60 80
60 81
60 82
60 84
60 85
60 88
60 89
60 90
60 91
60 92
60 95
60 97
60 98
60 99
60 101
60 103
60 105
60 108
60 111
60 112
60 114
60 115
60 117
60 119
60 122
60 124
60 127
60 129
60 131
60 133
60 140
60 141
60 148
60 149
60 154
60 156
60 159
60 161
60 162
60 167
60 177
60 181
60 183
60 184
60 185
60 188
60 192
60 193
60 197
61 63
61 64
61 65
61 66
61 67
61 68
61 69
61 70
61 71
61 72
61 73
61 74
61 75
61 76
61 77
61 78
61 80
61 82
61 83
61 84
61 86
61 87
61 88
61 89
61 90
61 91
61 92
61 94
61 99
61 100
61 102
61 105
61 106
61 107
61 108
61 112
61 113
61 114
61 123
61 126
61 127
61 131
61 134
61 137
61 142
61 144
61 150
61 156
61 162
61 165
61 167
61 173
61 178
61 180
61 183
62 63
62 64
62 65
62 66
62 67
62 68
62 69
62 70
62 72
62 74
62 75
62 76
62 79
62 84
62 85
62 88
62 89
62 91
62 92
62 93
62 94
62 95
62 96
62 97
62 98
62 99
62 102
62 103
62 104
62 107
62 108
62 110
62 112
62 113
62 117
62 122
62 123
62 126
62 127
62 129
62 130
62 132
62 136
62 138
62 142
62 149
62 151
62 152
62 154
62 159
62 160
62 162
62 163
62 165
62 172
62 173
62 177
62 178
62 180
62 183
62 184
62 187
62 188
62 194
62 195
62 196
62 197
62 198
62 199
62 101
63 64
63 65
63 66
63 67
63 68
63 69
63 70
63 71
63 72
63 73
63 74
63 75
63 76
63 77
63 78
63 79
63 80
63 81
63 82
63 83
63 84
63 85
63 86
63 87
63 88
63 89
63 90
63 91
63 92
63 93
63 94
63 95
63 96
63 97
63 98
63 100
63 101
63 102
63 103
63 104
63 105
63 106
63 108
63 109
63 110
63 111
63 112
63 113
63 114
63 115
63 116
63 117
63 118
63 120
63 121
63 122
63 123
63 126
63 128
63 129
63 130
63 131
63 134
63 137
63 138
63 139
63 140
63 141
63 142
63 143
63 144
63 145
63 146
63 147
63 148
63 149
63 150
63 151
63 153
63 154
63 156
63 158
63 159
63 160
63 161
63 162
63 163
63 164
63 165
63 166
63 167
63 168
63 169
63 173
63 176
63 178
63 179
63 180
63 182
63 183
63 185
63 188
63 189
63 190
63 192
63 197
63 199
63 132
64 65
64 66
64 67
64 68
64 69
64 70
64 71
64 72
64 73
64 74
64 75
64 76
64 77
64 78
64 79
64 80
64 81
64 82
64 83
64 84
64 85
64 86
64 87
64 88
64 89
64 90
64 91
64 92
64 93
64 94
64 95
64 96
64 97
64 98
64 99
64 100
64 101
64 102
64 103
64 104
64 105
64 106
64 107
64 108
64 109
64 110
64 111
64 112
64 113
64 114
64 117
64 118
64 119
64 120
64 121
64 122
64 123
64 124
64 125
64 126
64 127
64 128
64 129
64 130
64 131
64 132
64 133
64 134
64 135
64 136
64 137
64 138
64 139
64 140
64 141
64 142
64 144
64 145
64 146
64 147
64 148
64 149
64 152
64 153
64 154
64 157
64 160
64 161
64 162
64 163
64 165
64 166
64 169
64 170
64 173
64 174
64 175
64 179
64 182
64 183
64 186
64 187
64 189
64 190
64 193
64 195
64 196
64 197
64 198
65 66
65 67
65 68
65 69
65 70
65 71
65 72
65 73
65 74
65 75
65 76
65 77
65 78
65 79
65 80
65 81
65 82
65 83
65 84
65 85
65 86
65 87
65 88
65 89
65 90
65 91
65 92
65 93
65 94
65 95
65 96
65 97
65 98
65 99
65 100
65 101
65 102
65 103
65 104
65 105
65 106
65 107
65 108
65 109
65 110
65 111
65 112
65 113
65 114
65 115
65 116
65 117
65 118
65 119
65 123
65 124
65 126
65 127
65 128
65 129
65 130
65 131
65 132
65 133
65 134
65 135
65 138
65 140
65 143
65 144
65 148
65 149
65 150
65 151
65 152
65 154
65 155
65 156
65 157
65 158
65 160
65 161
65 163
65 164
65 165
65 166
65 167
65 170
65 171
65 172
65 173
65 175
65 177
65 178
65 179
65 180
65 181
65 184
65 185
65 187
65 189
65 192
65 193
65 195
65 199
65 122
66 67
66 68
66 69
66 70
66 71
66 72
66 73
66 74
66 75
66 76
66 77
66 78
66 79
66 80
66 81
66 82
66 83
66 84
66 85
66 86
66 87
66 88
66 89
66 90
66 91
66 92
66 94
66 95
66 96
66 97
66 99
66 100
66 101
66 102
66 103
66 104
66 105
66 107
66 108
66 109
66 110
66 111
66 113
66 114
66 116
66 117
66 118
66 119
66 121
66 122
66 123
66 124
66 126
66 127
66 129
66 130
66 132
66 134
66 135
66 137
66 140
66 141
66 144
66 145
66 146
66 147
66 148
66 150
66 151
66 152
66 153
66 155
66 158
66 160
66 161
66 162
66 168
66 170
66 172
66 173
66 174
66 175
66 176
66 177
66 178
66 182
66 183
66 184
66 185
66 186
66 188
66 189
66 190
66 191
66 192
66 193
66 195
66 196
67 68
67 69
67 70
67 71
67 72
67 73
67 74
67 75
67 76
67 77
67 78
67 79
67 80
67 81
67 82
67 83
67 84
67 85
67 86
67 87
67 88
67 89
67 90
67 91
67 92
67 93
67 94
67 95
67 96
67 97
67 98
67 99
67 101
67 102
67 103
67 105
67 106
67 107
67 112
67 113
67 114
67 115
67 118
67 119
67 120
67 121
67 122
67 123
67 124
67 125
67 126
67 127
67 128
67 129
67 130
67 131
67 132
67 133
67 134
67 135
67 136
67 137
67 138
67 139
67 142
67 144
67 145
67 146
67 147
67 150
67 153
67 154
67 155
67 157
67 158
67 159
67 163
67 164
67 165
67 166
67 167
67 170
67 172
67 173
67 179
67 181
67 182
67 183
67 185
67 188
67 191
67 192
67 194
67 195
67 198
67 199
68 69
68 70
68 71
68 72
68 73
68 74
68 75
68 76
68 77
68 78
68 79
68 80
68 81
68 82
68 83
68 84
68 85
68 86
68 87
68 88
68 89
68 90
68 91
68 92
68 93
68 94
68 95
68 96
68 97
68 98
68 99
68 100
68 102
68 103
68 105
68 106
68 107
68 108
68 109
68 110
68 112
68 113
68 114
68 115
68 116
68 117
68 118
68 119
68 122
68 123
68 124
68 125
68 126
68 127
68 129
68 130
68 131
68 132
68 133
68 134
68 136
68 137
68 139
68 142
68 143
68 145
68 148
68 149
68 150
68 151
68 152
68 153
68 157
68 158
68 159
68 162
68 164
68 165
68 166
68 167
68 169
68 170
68 174
68 175
68 176
68 178
68 179
68 181
68 182
68 184
68 186
68 188
68 189
68 191
68 192
68 193
68 197
68 198
69 70
69 71
69 72
69 73
69 74
69 75
69 76
69 77
69 78
69 79
69 80
69 81
69 82
69 83
69 84
69 85
69 86
69 87
69 88
69 89
69 91
69 92
69 93
69 95
69 96
69 97
69 98
69 99
69 100
69 101
69 102
69 103
69 104
69 105
69 106
69 107
69 108
69 109
69 110
69 111
69 113
69 115
69 116
69 117
69 119
69 120
69 121
69 122
69 124
69 125
69 126
69 129
69 130
69 131
69 132
69 133
69 134
69 135
69 136
69 138
69 139
69 143
69 144
69 145
69 146
69 147
69 148
69 149
69 152
69 153
69 154
69 157
69 158
69 159
69 162
69 163
69 166
69 169
69 170
69 171
69 173
69 175
69 177
69 179
69 180
69 181
69 185
69 189
69 190
69 191
69 193
69 194
69 195
69 196
69 199
70 71
70 72
70 73
70 74
70 75
70 76
70 77
70 78
70 79
70 80
70 81
70 82
70 83
70 84
70 85
70 86
70 87
70 88
70 89
70 90
70 91
70 92
70 93
70 94
70 95
70 96
70 97
70 98
70 99
70 100
70 101
70 102
70 103
70 104
70 105
70 106
70 107
70 108
70 110
70 111
70 112
70 114
70 115
70 117
70 118
70 121
70 122
70 123
70 125
70 127
70 129
70 130
70 131
70 132
70 133
70 134
70 135
70 138
70 139
70 140
70 141
70 142
70 145
70 147
70 149
70 150
70 151
70 152
70 153
70 157
70 159
70 160
70 161
70 162
70 164
70 166
70 167
70 169
70 170
70 171
70 172
70 173
70 175
70 177
70 183
70 185
70 186
70 187
70 188
70 190
70 191
70 192
70 193
70 194
70 197
71 72
71 73
71 74
71 75
71 76
71 77
71 78
71 79
71 80
71 81
71 82
71 83
71 84
71 85
71 86
71 87
71 88
71 89
71 90
71 91
71 92
71 93
71 94
71 95
71 96
71 98
71 99
71 100
71 101
71 102
71 103
71 104
71 106
71 107
71 108
71 109
71 111
71 112
71 114
71 115
71 116
71 117
71 118
71 120
71 121
71 122
71 123
71 124
71 126
71 128
71 132
71 133
71 134
71 135
71 137
71 139
71 141
71 142
71 144
71 145
71 146
71 147
71 148
71 150
71 151
71 152
71 153
71 154
71 155
71 156
71 157
71 158
71 159
71 160
71 161
71 165
71 167
71 168
71 169
71 170
71 171
71 172
71 173
71 176
71 178
71 180
71 181
71 183
71 184
71 186
71 187
71 189
71 194
71 195
71 197
72 73
72 74
72 75
72 76
72 77
72 78
72 79
72 80
72 82
72 83
72 84
72 85
72 86
72 87
72 88
72 89
72 90
72 91
72 92
72 93
72 94
72 95
72 96
72 97
72 98
72 99
72 100
72 102
72 103
72 104
72 105
72 106
72 108
72 109
72 110
72 111
72 112
72 114
72 115
72 116
72 117
72 120
72 123
72 124
72 125
72 128
72 129
72 130
72 132
72 134
72 135
72 136
72 137
72 138
72 139
72 140
72 141
72 142
72 143
72 144
72 145
72 148
72 149
72 150
72 151
72 152
72 153
72 154
72 155
72 156
72 157
72 161
72 164
72 166
72 173
72 174
72 175
72 176
72 178
72 180
72 182
72 183
72 184
72 186
72 187
72 193
72 194
72 195
72 199
73 74
73 75
73 76
73 77
73 78
73 79
73 80
73 81
73 82
73 83
73 85
73 86
73 87
73 88
73 89
73 90
73 91
73 92
73 93
73 94
73 95
73 96
73 97
73 99
73 100
73 101
73 102
73 103
73 104
73 106
73 107
73 108
73 110
73 111
73 112
73 113
73 114
73 115
73 116
73 117
73 118
73 119
73 120
73 121
73 122
73 123
73 124
73 125
73 126
73 127
73 128
73 129
73 130
73 133
73 136
73 137
73 140
73 142
73 148
73 150
73 152
73 153
73 154
73 158
73 159
73 160
73 161
73 162
73 165
73 166
73 167
73 169
73 170
73 173
73 175
73 177
73 180
73 181
73 182
73 183
73 184
73 185
73 186
73 187
73 190
73 191
73 194
73 195
73 197
73 198
73 199
74 75
74 76
74 77
74 78
74 79
74 80
74 81
74 82
74 83
74 84
74 85
74 86
74 87
74 88
74 89
74 90
74 91
74 92
74 93
74 94
74 96
74 97
74 99
74 100
74 101
74 102
74 104
74 105
74 106
74 107
74 108
74 109
74 112
74 114
74 115
74 117
74 118
74 119
74 121
74 122
74 123
74 124
74 125
74 126
74 127
74 129
74 130
74 132
74 134
74 135
74 137
74 138
74 139
74 140
74 141
74 144
74 147
74 148
74 149
74 152
74 158
74 159
74 160
74 161
74 163
74 164
74 165
74 168
74 170
74 173
74 176
74 178
74 179
74 182
74 183
74 184
74 192
74 193
74 194
74 197
74 198
74 199
75 76
75 77
75 78
75 79
75 80
75 81
75 82
75 83
75 84
75 85
75 86
75 87
75 88
75 89
75 90
75 91
75 92
75 93
75 94
75 95
75 96
75 97
75 98
75 100
75 101
75 103
75 104
75 105
75 106
75 107
75 109
75 110
75 111
75 112
75 113
75 114
75 115
75 118
75 119
75 120
75 121
75 124
75 125
75 127
75 128
75 129
75 132
75 133
75 134
75 137
75 139
75 140
75 141
75 143
75 144
75 146
75 147
75 149
75 150
75 157
75 158
75 160
75 161
75 162
75 163
75 165
75 166
75 169
75 174
75 177
75 178
75 182
75 184
75 185
75 186
75 192
75 193
75 194
75 195
75 197
76 77
76 78
76 79
76 80
76 81
76 82
76 83
76 84
76 85
76 86
76 87
76 88
76 89
76 90
76 91
76 92
76 93
76 94
76 95
76 96
76 97
76 98
76 99
76 100
76 101
76 102
76 103
76 104
76 105
76 106
76 107
76 108
76 109
76 110
76 111
76 112
76 113
76 115
76 116
76 117
76 118
76 119
76 120
76 122
76 123
76 125
76 128
76 130
76 131
76 132
76 133
76 134
76 136
76 137
76 138
76 139
76 140
76 141
76 143
76 144
76 145
76 147
76 148
76 149
76 150
76 152
76 154
76 156
76 157
76 162
76 163
76 165
76 166
76 167
76 168
76 169
76 170
76 171
76 175
76 177
76 178
76 182
76 183
76 184
76 189
76 190
76 192
76 193
76 197
76 199
77 78
77 79
77 80
77 81
77 82
77 83
77 84
77 85
77 86
77 87
77 88
77 89
77 90
77 91
77 92
77 93
77 94
77 95
77 96
77 97
77 98
77 99
77 100
77 101
77 103
77 104
77 105
77 107
77 108
77 109
77 111
77 112
77 113
77 114
77 115
77 117
77 119
77 121
77 122
77 123
77 124
77 125
77 126
77 128
77 129
77 130
77 131
77 134
77 135
77 136
77 137
77 138
77 139
77 140
77 141
77 142
77 143
77 144
77 146
77 150
77 151
77 152
77 153
77 155
77 156
77 159
77 165
77 168
77 169
77 170
77 171
77 173
77 174
77 177
77 178
77 179
77 180
77 182
77 183
77 184
77 187
77 188
77 189
77 190
77 191
77 193
77 194
77 195
77 127
78 79
78 80
78 81
78 82
78 83
78 84
78 85
78 86
78 87
78 88
78 90
78 91
78 92
78 93
78 94
78 95
78 96
78 97
78 99
78 100
78 101
78 102
78 104
78 105
78 106
78 107
78 108
78 110
78 111
78 112
78 115
78 116
78 117
78 120
78 121
78 126
78 127
78 128
78 129
78 130
78 131
78 132
78 133
78 135
78 136
78 137
78 139
78 141
78 142
78 143
78 148
78 151
78 152
78 153
78 156
78 158
78 159
78 161
78 162
78 163
78 164
78 166
78 169
78 170
78 171
78 173
78 175
78 178
78 179
78 180
78 181
78 184
78 187
78 189
78 191
78 193
78 194
78 196
78 198
78 199
79 80
79 81
79 82
79 83
79 84
79 85
79 86
79 87
79 88
79 89
79 90
79 91
79 92
79 94
79 95
79 96
79 97
79 98
79 99
79 100
79 101
79 102
79 103
79 104
79 105
79 106
79 107
79 109
79 110
79 111
79 112
79 114
79 115
79 117
79 119
79 120
79 122
79 125
79 126
79 129
79 130
79 131
79 133
79 134
79 136
79 138
79 139
79 141
79 142
79 145
79 146
79 150
79 151
79 154
79 158
79 159
79 160
79 161
79 164
79 166
79 167
79 168
79 169
79 172
79 174
79 176
79 178
79 182
79 187
79 189
79 191
79 193
79 197
80 81
80 82
80 83
80 84
80 85
80 86
80 87
80 88
80 89
80 90
80 91
80 92
80 93
80 94
80 95
80 96
80 97
80 98
80 99
80 100
80 101
80 102
80 103
80 104
80 105
80 106
80 107
80 108
80 109
80 110
80 111
80 112
80 113
80 114
80 115
80 116
80 118
80 119
80 120
80 122
80 124
80 125
80 129
80 131
80 132
80 133
80 135
80 136
80 137
80 138
80 141
80 143
80 145
80 146
80 147
80 151
80 153
80 154
80 157
80 159
80 160
80 161
80 162
80 164
80 165
80 166
80 167
80 168
80 169
80 170
80 171
80 173
80 174
80 176
80 177
80 178
80 179
80 180
80 181
80 183
80 185
80 187
80 190
80 191
80 192
80 194
80 195
80 196
80 197
80 199
81 82
81 83
81 84
81 85
81 86
81 88
81 89
81 90
81 91
81 92
81 93
81 94
81 95
81 96
81 98
81 99
81 100
81 101
81 102
81 103
81 104
81 105
81 106
81 107
81 111
81 112
81 113
81 114
81 115
81 116
81 117
81 120
81 121
81 123
81 124
81 126
81 127
81 129
81 131
81 132
81 133
81 135
81 137
81 138
81 139
81 140
81 141
81 142
81 143
81 144
81 148
81 149
81 150
81 151
81 154
81 155
81 157
81 162
81 163
81 165
81 167
81 168
81 170
81 171
81 173
81 174
81 175
81 176
81 177
81 179
81 182
81 183
81 184
81 186
81 187
81 188
81 190
81 196
81 197
81 198
82 83
82 84
82 85
82 86
82 87
82 88
82 89
82 90
82 91
82 92
82 93
82 94
82 95
82 96
82 97
82 98
82 101
82 102
82 103
82 104
82 105
82 106
82 107
82 108
82 109
82 110
82 111
82 112
82 113
82 114
82 115
82 116
82 117
82 119
82 120
82 121
82 125
82 126
82 128
82 129
82 131
82 132
82 133
82 134
82 135
82 139
82 143
82 146
82 147
82 150
82 151
82 154
82 155
82 156
82 157
82 160
82 161
82 163
82 164
82 165
82 166
82 167
82 168
82 169
82 170
82 172
82 174
82 178
82 179
82 180
82 181
82 182
82 183
82 188
82 189
82 191
82 192
82 193
82 194
82 195
82 196
82 198
82 199
83 84
83 85
83 86
83 87
83 88
83 89
83 90
83 91
83 92
83 93
83 94
83 95
83 96
83 97
83 98
83 99
83 101
83 102
83 103
83 104
83 105
83 106
83 108
83 109
83 110
83 112
83 113
83 115
83 116
83 117
83 118
83 119
83 124
83 126
83 128
83 129
83 133
83 135
83 136
83 139
83 140
83 142
83 145
83 146
83 148
83 150
83 151
83 153
83 155
83 156
83 157
83 159
83 160
83 161
83 166
83 167
83 168
83 170
83 171
83 174
83 177
83 178
83 182
83 183
83 184
83 187
83 195
83 196
83 199
84 85
84 86
84 87
84 88
84 89
84 90
84 91
84 92
84 93
84 94
84 95
84 97
84 98
84 99
84 101
84 102
84 103
84 104
84 105
84 107
84 108
84 109
84 110
84 111
84 112
84 115
84 116
84 117
84 119
84 121
84 122
84 123
84 125
84 128
84 129
84 130
84 131
84 132
84 134
84 135
84 137
84 138
84 140
84 142
84 143
84 144
84 145
84 146
84 147
84 153
84 154
84 157
84 161
84 162
84 164
84 165
84 166
84 168
84 169
84 171
84 172
84 179
84 180
84 182
84 187
84 189
84 190
84 193
84 199
85 86
85 87
85 88
85 89
85 90
85 92
85 93
85 94
85 95
85 96
85 97
85 98
85 99
85 100
85 101
85 103
85 105
85 106
85 107
85 108
85 109
85 110
85 113
85 114
85 116
85 117
85 118
85 119
85 120
85 121
85 122
85 123
85 124
85 125
85 128
85 130
85 131
85 132
85 133
85 136
85 138
85 139
85 140
85 141
85 142
85 144
85 145
85 147
85 148
85 150
85 152
85 154
85 155
85 157
85 159
85 160
85 165
85 166
85 170
85 173
85 174
85 179
85 180
85 183
85 185
85 186
85 187
85 190
85 191
85 192
85 193
85 195
85 198
85 199
86 87
86 88
86 89
86 90
86 91
86 92
86 93
86 94
86 95
86 96
86 97
86 98
86 100
86 101
86 102
86 103
86 104
86 105
86 109
86 110
86 111
86 112
86 113
86 114
86 115
86 116
86 117
86 118
86 119
86 120
86 122
86 123
86 125
86 126
86 127
86 128
86 129
86 134
86 135
86 136
86 139
86 141
86 142
86 143
86 145
86 147
86 151
86 157
86 159
86 162
86 163
86 164
86 165
86 166
86 167
86 168
86 170
86 171
86 172
86 174
86 180
86 181
86 182
86 183
86 184
86 185
86 187
86 190
86 193
86 194
86 195
86 196
86 199
87 89
87 90
87 91
87 92
87 93
87 94
87 96
87 97
87 98
87 99
87 100
87 101
87 102
87 103
87 104
87 105
87 106
87 107
87 108
87 109
87 110
87 111
87 112
87 113
87 114
87 116
87 117
87 119
87 120
87 121
87 123
87 124
87 125
87 126
87 127
87 128
87 129
87 133
87 136
87 138
87 141
87 142
87 143
87 144
87 145
87 146
87 147
87 148
87 149
87 154
87 159
87 160
87 161
87 162
87 164
87 167
87 168
87 170
87 174
87 175
87 177
87 179
87 181
87 182
87 184
87 186
87 191
87 193
87 194
87 196
87 197
87 199
87 87
88 89
88 90
88 91
88 92
88 93
88 94
88 95
88 96
88 97
88 98
88 100
88 101
88 103
88 104
88 105
88 106
88 107
88 108
88 109
88 111
88 112
88 114
88 115
88 117
88 118
88 120
88 121
88 123
88 124
88 125
88 126
88 127
88 128
88 129
88 130
88 133
88 134
88 135
88 136
88 137
88 138
88 139
88 140
88 141
88 144
88 151
88 152
88 153
88 154
88 155
88 156
88 158
88 160
88 161
88 162
88 165
88 169
88 171
88 172
88 173
88 174
88 180
88 181
88 182
88 183
88 185
88 187
88 189
88 190
88 191
88 193
88 195
88 196
88 199
88 157
89 90
89 91
89 92
89 93
89 95
89 97
89 99
89 100
89 101
89 102
89 104
89 105
89 106
89 107
89 108
89 109
89 110
89 111
89 112
89 113
89 114
89 115
89 116
89 117
89 118
89 120
89 121
89 122
89 124
89 125
89 127
89 128
89 131
89 132
89 133
89 134
89 136
89 139
89 140
89 141
89 143
89 144
89 146
89 147
89 148
89 149
89 152
89 154
89 155
89 159
89 160
89 161
89 162
89 169
89 175
89 177
89 178
89 180
89 185
89 189
89 195
89 197
89 198
89 94
90 91
90 92
90 93
90 94
90 96
90 97
90 98
90 99
90 100
90 101
90 102
90 103
90 104
90 105
90 107
90 108
90 109
90 110
90 112
90 113
90 115
90 116
90 117
90 118
90 119
90 120
90 121
90 122
90 123
90 124
90 125
90 127
90 128
90 130
90 132
90 134
90 135
90 137
90 138
90 139
90 144
90 145
90 148
90 149
90 150
90 151
90 153
90 154
90 156
90 157
90 159
90 162
90 163
90 164
90 165
90 171
90 172
90 173
90 178
90 180
90 183
90 184
90 188
90 189
90 190
90 192
90 193
90 194
90 195
91 92
91 93
91 94
91 95
91 96
91 97
91 98
91 99
91 100
91 101
91 102
91 103
91 104
91 105
91 106
91 107
91 108
91 109
91 110
91 111
91 112
91 113
91 114
91 117
91 118
91 119
91 120
91 121
91 122
91 123
91 126
91 130
91 131
91 132
91 133
91 134
91 136
91 137
91 138
91 143
91 147
91 149
91 152
91 156
91 157
91 159
91 160
91 161
91 162
91 168
91 171
91 172
91 174
91 180
91 184
91 185
91 187
91 188
91 189
91 191
91 192
91 194
91 195
91 199
91 158
92 93
92 94
92 95
92 96
92 97
92 98
92 100
92 102
92 103
92 104
92 105
92 106
92 107
92 108
92 109
92 110
92 111
92 112
92 113
92 117
92 119
92 120
92 121
92 122
92 123
92 125
92 127
92 128
92 129
92 131
92 137
92 138
92 140
92 141
92 142
92 144
92 145
92 146
92 147
92 154
92 158
92 159
92 161
92 162
92 166
92 167
92 169
92 171
92 176
92 177
92 180
92 181
92 183
92 186
92 192
92 195
92 197
92 199
93 94
93 95
93 96
93 97
93 98
93 99
93 100
93 102
93 104
93 105
93 106
93 107
93 108
93 109
93 111
93 113
93 115
93 118
93 119
93 120
93 121
93 124
93 125
93 126
93 128
93 130
93 132
93 133
93 134
93 135
93 136
93 137
93 139
93 140
93 141
93 142
93 146
93 148
93 150
93 158
93 160
93 163
93 165
93 166
93 168
93 169
93 170
93 171
93 173
93 179
93 180
93 184
93 186
93 187
93 189
93 190
93 194
93 195
94 95
94 96
94 97
94 98
94 100
94 101
94 102
94 104
94 105
94 106
94 107
94 108
94 109
94 110
94 111
94 112
94 113
94 114
94 115
94 116
94 117
94 118
94 121
94 123
94 125
94 127
94 130
94 133
94 134
94 135
94 136
94 139
94 140
94 141
94 143
94 144
94 145
94 146
94 147
94 148
94 149
94 150
94 151
94 153
94 157
94 159
94 160
94 162
94 163
94 164
94 168
94 170
94 171
94 172
94 175
94 176
94 187
94 190
94 192
94 194
94 196
94 198
95 96
95 97
95 98
95 99
95 102
95 104
95 106
95 107
95 110
95 111
95 112
95 113
95 117
95 118
95 119
95 120
95 122
95 124
95 125
95 126
95 127
95 130
95 132
95 133
95 136
95 140
95 142
95 143
95 145
95 146
95 148
95 150
95 154
95 155
95 156
95 157
95 159
95 160
95 161
95 164
95 165
95 171
95 178
95 181
95 182
95 183
95 184
95 185
95 186
95 188
95 189
95 190
95 191
95 193
95 195
95 197
95 198
96 97
96 98
96 99
96 101
96 102
96 104
96 105
96 106
96 108
96 109
96 110
96 111
96 112
96 113
96 114
96 115
96 116
96 117
96 118
96 119
96 120
96 121
96 122
96 124
96 125
96 126
96 127
96 128
96 133
96 135
96 136
96 137
96 138
96 139
96 141
96 142
96 143
96 144
96 145
96 146
96 147
96 148
96 150
96 151
96 155
96 157
96 158
96 162
96 165
96 167
96 174
96 175
96 176
96 177
96 181
96 188
96 190
96 193
96 195
96 198
96 199
96 161
97 98
97 99
97 101
97 102
97 103
97 104
97 105
97 106
97 107
97 108
97 111
97 112
97 113
97 114
97 115
97 116
97 117
97 118
97 120
97 121
97 123
97 124
97 125
97 126
97 129
97 130
97 131
97 132
97 133
97 135
97 136
97 139
97 142
97 146
97 151
97 152
97 153
97 155
97 156
97 157
97 158
97 159
97 160
97 162
97 163
97 164
97 168
97 169
97 172
97 175
97 176
97 177
97 179
97 181
97 189
97 191
97 195
97 197
97 198
97 199
98 101
98 102
98 104
98 105
98 106
98 107
98 108
98 109
98 115
98 117
98 118
98 120
98 121
98 124
98 125
98 127
98 128
98 130
98 134
98 135
98 136
98 137
98 140
98 141
98 142
98 143
98 146
98 148
98 149
98 150
98 151
98 155
98 158
98 160
98 161
98 162
98 164
98 165
98 166
98 167
98 171
98 173
98 174
98 176
98 178
98 181
98 182
98 183
98 192
98 193
98 194
98 195
98 196
98 198
99 100
99 101
99 102
99 103
99 105
99 106
99 107
99 108
99 109
99 110
99 111
99 112
99 113
99 114
99 115
99 116
99 117
99 120
99 121
99 123
99 127
99 128
99 129
99 132
99 133
99 134
99 137
99 141
99 143
99 151
99 155
99 156
99 158
99 159
99 160
99 161
99 162
99 164
99 170
99 171
99 174
99 176
99 179
99 182
99 184
99 185
99 186
99 187
99 195
99 197
99 198
99 199
100 101
100 102
100 103
100 104
100 105
100 111
100 113
100 114
100 115
100 117
100 118
100 120
100 124
100 125
100 127
100 128
100 129
100 130
100 131
100 132
100 133
100 134
100 135
100 137
100 138
100 139
100 140
100 141
100 142
100 144
100 147
100 148
100 150
100 152
100 156
100 157
100 158
100 159
100 163
100 166
100 169
100 170
100 171
100 172
100 176
100 177
100 178
100 182
100 192
100 195
101 102
101 103
101 104
101 106
101 108
101 110
101 111
101 112
101 116
101 117
101 118
101 119
101 121
101 122
101 123
101 124
101 125
101 126
101 127
101 128
101 129
101 130
101 131
101 132
101 133
101 137
101 139
101 140
101 142
101 143
101 144
101 145
101 148
101 149
101 151
101 153
101 160
101 162
101 166
101 167
101 174
101 176
101 178
101 181
101 182
101 184
101 185
101 187
101 190
101 199
102 104
102 105
102 106
102 108
102 109
102 110
102 112
102 113
102 114
102 115
102 116
102 119
102 120
102 121
102 122
102 123
102 124
102 125
102 126
102 130
102 131
102 134
102 136
102 137
102 138
102 139
102 141
102 142
102 143
102 146
102 147
102 150
102 153
102 155
102 158
102 159
102 163
102 164
102 165
102 174
102 176
102 177
102 180
102 183
102 184
102 185
102 186
102 188
102 189
102 196
102 199
103 104
103 105
103 107
103 109
103 110
103 112
103 113
103 115
103 116
103 117
103 118
103 119
103 120
103 121
103 122
103 129
103 131
103 132
103 133
103 134
103 136
103 140
103 141
103 142
103 145
103 146
103 148
103 153
103 154
103 155
103 157
103 158
103 160
103 164
103 167
103 169
103 173
103 176
103 178
103 179
103 185
103 189
103 191
103 195
103 196
104 105
104 106
104 108
104 109
104 110
104 112
104 113
104 114
104 115
104 116
104 118
104 120
104 122
104 123
104 124
104 125
104 126
104 127
104 129
104 130
104 131
104 132
104 133
104 134
104 135
104 139
104 142
104 143
104 145
104 146
104 159
104 161
104 167
104 168
104 169
104 171
104 175
104 177
104 179
104 180
104 182
104 185
104 188
104 192
104 194
104 196
104 197
104 199
105 106
105 107
105 108
105 109
105 110
105 112
105 113
105 114
105 116
105 117
105 118
105 119
105 120
105 121
105 123
105 124
105 126
105 128
105 130
105 132
105 133
105 134
105 135
105 136
105 141
105 142
105 147
105 148
105 149
105 153
105 155
105 156
105 157
105 159
105 161
105 167
105 174
105 175
105 176
105 177
105 181
105 184
105 186
105 188
105 189
105 190
105 192
105 195
105 196
105 198
105 199
106 107
106 108
106 109
106 113
106 116
106 118
106 119
106 122
106 123
106 124
106 130
106 131
106 134
106 135
106 136
106 139
106 140
106 142
106 144
106 149
106 150
106 151
106 154
106 155
106 157
106 158
106 159
106 160
106 163
106 164
106 166
106 167
106 170
106 171
106 175
106 180
106 181
106 182
106 186
106 189
106 191
106 192
106 193
106 199
107 109
107 110
107 111
107 114
107 115
107 119
107 121
107 125
107 126
107 127
107 128
107 129
107 130
107 131
107 135
107 136
107 138
107 140
107 141
107 142
107 143
107 144
107 145
107 147
107 148
107 152
107 154
107 155
107 156
107 157
107 159
107 164
107 165
107 166
107 167
107 168
107 175
107 176
107 177
107 178
107 181
107 186
107 188
107 192
107 195
107 198
107 108
108 111
108 112
108 113
108 114
108 115
108 116
108 118
108 119
108 121
108 123
108 127
108 129
108 130
108 132
108 134
108 136
108 137
108 138
108 140
108 142
108 144
108 146
108 147
108 150
108 151
108 153
108 160
108 163
108 166
108 167
108 170
108 171
108 172
108 173
108 174
108 175
108 177
108 179
108 182
108 184
108 185
108 188
108 196
108 197
109 110
109 115
109 117
109 120
109 123
109 124
109 125
109 126
109 128
109 131
109 133
109 134
109 135
109 136
109 137
109 138
109 140
109 141
109 144
109 145
109 146
109 152
109 155
109 158
109 161
109 165
109 169
109 171
109 172
109 176
109 177
109 179
109 180
109 182
109 184
109 186
109 190
109 191
109 194
109 197
109 198
109 199
110 111
110 113
110 114
110 115
110 119
110 120
110 121
110 122
110 124
110 126
110 127
110 129
110 131
110 136
110 139
110 140
110 142
110 143
110 144
110 145
110 148
110 153
110 154
110 155
110 158
110 160
110 163
110 166
110 170
110 171
110 172
110 173
110 175
110 177
110 179
110 180
110 181
110 185
110 188
110 190
111 116
111 118
111 119
111 121
111 122
111 123
111 125
111 126
111 131
111 135
111 139
111 144
111 145
111 149
111 150
111 158
111 159
111 164
111 165
111 171
111 172
111 173
111 175
111 178
111 182
111 183
111 186
111 187
111 199
112 114
112 115
112 116
112 120
112 121
112 122
112 125
112 127
112 132
112 136
112 137
112 139
112 140
112 147
112 148
112 149
112 151
112 154
112 155
112 157
112 158
112 159
112 161
112 164
112 167
112 171
112 175
112 177
112 181
112 183
112 185
112 186
112 187
112 191
112 192
112 193
112 194
112 196
112 198
113 114
113 116
113 118
113 119
113 121
113 122
113 123
113 124
113 126
113 127
113 130
113 131
113 132
113 134
113 135
113 136
113 138
113 139
113 142
113 143
113 145
113 149
113 152
113 157
113 158
113 161
113 164
113 165
113 167
113 168
113 169
113 173
113 182
113 184
113 186
113 191
113 192
113 194
113 196
113 199
114 116
114 118
114 119
114 120
114 122
114 123
114 124
114 125
114 126
114 127
114 128
114 129
114 133
114 136
114 140
114 142
114 143
114 144
114 145
114 152
114 154
114 156
114 158
114 160
114 162
114 163
114 165
114 168
114 173
114 174
114 183
114 190
114 192
114 196
115 116
115 118
115 120
115 123
115 124
115 125
115 127
115 128
115 129
115 132
115 133
115 135
115 138
115 139
115 141
115 143
115 144
115 146
115 147
115 151
115 154
115 156
115 164
115 174
115 177
115 181
115 183
115 184
115 185
115 189
115 198
116 117
116 118
116 119
116 120
116 121
116 122
116 123
116 124
116 125
116 126
116 127
116 129
116 130
116 134
116 135
116 138
116 140
116 141
116 142
116 144
116 146
116 147
116 148
116 150
116 151
116 152
116 154
116 157
116 161
116 162
116 163
116 169
116 171
116 172
116 173
116 174
116 175
116 176
116 177
116 181
116 184
116 188
116 189
116 190
116 192
116 193
116 195
117 120
117 121
117 126
117 127
117 128
117 129
117 130
117 134
117 136
117 137
117 142
117 146
117 148
117 149
117 153
117 154
117 156
117 161
117 162
117 164
117 166
117 169
117 171
117 173
117 176
117 179
117 181
117 183
117 185
117 193
117 194
117 195
117 199
118 119
118 124
118 126
118 127
118 128
118 131
118 137
118 138
118 139
118 141
118 145
118 147
118 148
118 149
118 150
118 153
118 156
118 157
118 159
118 161
118 162
118 163
118 164
118 166
118 169
118 171
118 172
118 180
118 182
118 183
118 184
118 188
118 190
118 192
118 195
119 123
119 128
119 134
119 137
119 138
119 139
119 142
119 143
119 147
119 148
119 149
119 150
119 152
119 157
119 161
119 163
119 165
119 167
119 168
119 173
119 181
119 182
119 188
119 190
119 191
119 193
119 196
120 121
120 122
120 127
120 129
120 132
120 134
120 135
120 137
120 140
120 143
120 145
120 146
120 147
120 149
120 152
120 153
120 154
120 156
120 157
120 160
120 162
120 163
120 167
120 168
120 169
120 174
120 175
120 176
120 177
120 185
120 186
120 191
120 193
120 194
120 195
120 198
121 122
121 124
121 125
121 126
121 127
121 128
121 129
121 131
121 132
121 133
121 134
121 135
121 136
121 138
121 141
121 143
121 144
121 145
121 146
121 149
121 151
121 152
121 153
121 154
121 156
121 157
121 160
121 163
121 166
121 167
121 168
121 169
121 172
121 174
121 175
121 176
121 177
121 181
121 183
121 187
121 189
121 190
121 192
121 194
121 195
121 197
122 123
122 124
122 126
122 127
122 133
122 137
122 140
122 142
122 143
122 144
122 146
122 147
122 151
122 153
122 156
122 158
122 163
122 165
122 168
122 169
122 171
122 181
122 182
122 187
122 193
122 194
122 195
122 197
122 198
122 199
123 124
123 126
123 127
123 128
123 132
123 134
123 139
123 141
123 143
123 145
123 146
123 150
123 151
123 153
123 154
123 158
123 162
123 163
123 170
123 175
123 178
123 186
123 188
123 191
123 194
123 198
124 125
124 129
124 130
124 132
124 133
124 134
124 136
124 137
124 138
124 140
124 142
124 145
124 147
124 148
124 149
124 151
124 156
124 157
124 159
124 161
124 164
124 165
124 166
124 167
124 169
124 173
124 180
124 183
124 184
124 185
124 188
124 189
124 193
124 196
124 197
125 127
125 128
125 130
125 131
125 134
125 137
125 138
125 139
125 140
125 144
125 145
125 151
125 152
125 154
125 155
125 157
125 159
125 161
125 162
125 164
125 165
125 166
125 167
125 171
125 172
125 173
125 174
125 176
125 178
125 185
125 186
125 188
125 189
125 195
125 199
126 127
126 128
126 129
126 130
126 131
126 135
126 136
126 137
126 139
126 141
126 142
126 143
126 144
126 148
126 149
126 150
126 153
126 155
126 157
126 158
126 162
126 163
126 164
126 168
126 169
126 170
126 174
126 175
126 177
126 178
126 181
126 183
126 187
126 188
126 189
126 191
126 192
126 194
126 196
126 197
126 198
126 199
127 131
127 134
127 135
127 136
127 141
127 148
127 151
127 156
127 157
127 159
127 160
127 161
127 165
127 170
127 173
127 175
127 176
127 177
127 179
127 180
127 181
127 186
127 190
127 191
128 130
128 131
128 133
128 134
128 135
128 138
128 140
128 147
128 150
128 153
128 156
128 158
128 164
128 165
128 166
128 168
128 172
128 175
128 176
128 183
128 187
128 192
128 195
129 132
129 134
129 135
129 137
129 138
129 140
129 144
129 147
129 148
129 149
129 152
129 153
129 157
129 158
129 159
129 161
129 165
129 169
129 176
129 180
129 182
129 184
129 186
129 196
129 197
129 198
129 199
130 131
130 132
130 133
130 137
130 138
130 141
130 144
130 145
130 146
130 150
130 151
130 154
130 155
130 156
130 158
130 163
130 164
130 167
130 170
130 172
130 173
130 176
130 177
130 178
130 179
130 180
130 186
130 188
130 190
130 195
130 196
131 135
131 141
131 143
131 144
131 145
131 146
131 149
131 151
131 152
131 154
131 155
131 157
131 158
131 161
131 164
131 166
131 168
131 171
131 174
131 177
131 180
131 181
131 187
131 190
131 193
131 197
132 133
132 140
132 141
132 145
132 151
132 152
132 153
132 155
132 156
132 159
132 161
132 163
132 168
132 169
132 172
132 174
132 181
132 185
132 186
132 193
132 196
132 197
132 198
133 137
133 141
133 144
133 146
133 147
133 149
133 151
133 152
133 153
133 155
133 156
133 159
133 164
133 166
133 170
133 171
133 172
133 175
133 178
133 179
133 181
133 184
133 194
133 196
133 197
133 198
134 138
134 143
134 144
134 147
134 148
134 149
134 150
134 154
134 155
134 156
134 160
134 162
134 169
134 170
134 172
134 174
134 176
134 177
134 179
134 181
134 182
134 184
134 187
134 190
134 193
134 195
134 197
135 141
135 146
135 147
135 149
135 151
135 152
135 153
135 154
135 157
135 158
135 163
135 167
135 168
135 169
135 176
135 177
135 181
135 183
135 185
135 186
135 188
135 190
135 192
135 194
135 195
135 197
136 137
136 139
136 140
136 141
136 142
136 144
136 145
136 146
136 148
136 150
136 152
136 154
136 156
136 157
136 159
136 165
136 166
136 168
136 170
136 175
136 179
136 182
136 185
136 191
136 192
137 138
137 142
137 143
137 144
137 145
137 146
137 147
137 148
137 150
137 151
137 152
137 154
137 155
137 156
137 158
137 159
137 164
137 166
137 168
137 172
137 179
137 180
137 185
137 190
137 191
137 193
137 194
137 197
137 198
137 199
138 142
138 143
138 144
138 147
138 149
138 150
138 155
138 156
138 158
138 161
138 164
138 166
138 169
138 170
138 173
138 175
138 180
138 181
138 182
138 185
138 190
138 194
139 142
139 143
139 145
139 151
139 154
139 155
139 156
139 158
139 159
139 161
139 162
139 163
139 165
139 166
139 168
139 173
139 174
139 175
139 176
139 180
139 182
139 184
139 186
139 193
139 195
139 197
140 141
140 142
140 143
140 146
140 148
140 152
140 154
140 155
140 163
140 170
140 176
140 177
140 178
140 182
140 185
140 188
140 190
140 193
140 195
141 142
141 150
141 151
141 155
141 158
141 160
141 162
141 163
141 166
141 177
141 178
141 180
141 185
141 187
141 188
141 190
141 194
141 195
141 197
141 198
141 199
142 143
142 145
142 147
142 149
142 150
142 151
142 153
142 154
142 155
142 165
142 166
142 167
142 168
142 171
142 176
142 178
142 179
142 185
142 187
142 191
142 199
143 144
143 148
143 150
143 152
143 153
143 155
143 158
143 159
143 160
143 161
143 163
143 167
143 168
143 171
143 174
143 176
143 179
143 180
143 182
143 189
143 190
143 192
143 194
143 196
143 197
143 199
144 150
144 151
144 152
144 153
144 154
144 155
144 158
144 160
144 162
144 163
144 168
144 170
144 172
144 175
144 176
144 177
144 180
144 191
144 192
144 193
145 146
145 147
145 149
145 151
145 153
145 155
145 157
145 158
145 159
145 162
145 165
145 166
145 168
145 172
145 173
145 177
145 179
145 181
145 183
145 184
145 194
145 196
146 147
146 150
146 151
146 154
146 167
146 175
146 182
146 186
146 189
146 193
146 194
146 197
147 148
147 149
147 150
147 151
147 153
147 156
147 157
147 161
147 162
147 163
147 165
147 166
147 170
147 173
147 174
147 175
147 178
147 185
147 187
147 190
147 191
147 192
147 196
147 198
148 153
148 155
148 159
148 160
148 162
148 165
148 167
148 170
148 173
148 174
148 177
148 179
148 180
148 183
148 185
148 186
148 187
148 192
148 194
148 196
148 198
149 153
149 156
149 159
149 163
149 164
149 167
149 169
149 171
149 172
149 173
149 177
149 178
149 179
149 187
149 188
149 190
149 193
149 194
150 152
150 155
150 156
150 160
150 163
150 164
150 168
150 170
150 171
150 175
150 176
150 179
150 180
150 186
150 187
150 189
150 192
151 152
151 158
151 160
151 162
151 164
151 169
151 171
151 172
151 174
151 177
151 178
151 183
151 185
151 188
151 190
151 191
151 192
151 194
151 195
151 198
151 199
152 153
152 157
152 160
152 165
152 166
152 167
152 170
152 173
152 177
152 178
152 179
152 180
152 181
152 182
152 185
152 190
152 191
152 192
152 196
152 197
153 156
153 159
153 160
153 164
153 166
153 174
153 180
153 183
153 185
153 191
153 196
153 197
154 156
154 157
154 159
154 162
154 163
154 164
154 170
154 173
154 177
154 187
154 189
154 192
154 196
154 198
154 199
155 156
155 158
155 161
155 164
155 166
155 168
155 170
155 173
155 182
155 183
155 185
155 187
155 188
155 198
156 162
156 164
156 165
156 166
156 167
156 171
156 172
156 180
156 188
156 196
157 164
157 166
157 169
157 170
157 173
157 175
157 176
157 180
157 182
157 188
157 189
157 192
157 196
157 198
157 199
158 166
158 167
158 168
158 170
158 183
158 184
158 186
158 187
158 188
159 160
159 161
159 163
159 167
159 169
159 170
159 171
159 178
159 181
159 186
159 187
159 192
159 197
159 199
160 162
160 168
160 175
160 176
160 177
160 179
160 181
160 184
160 186
160 187
160 189
160 192
160 193
160 194
160 195
161 163
161 164
161 166
161 167
161 168
161 174
161 176
161 177
161 179
161 180
161 183
161 184
161 188
161 196
161 197
162 174
162 175
162 180
162 182
162 184
162 186
162 188
162 192
162 196
162 198
163 172
163 174
163 176
163 187
163 189
163 190
163 198
164 165
164 167
164 171
164 172
164 175
164 178
164 181
164 184
164 185
164 186
164 188
164 189
164 192
165 167
165 168
165 172
165 173
165 175
165 189
165 190
165 192
165 196
166 170
166 172
166 175
166 182
166 183
166 184
166 191
166 193
166 195
166 198
167 169
167 170
167 175
167 182
167 183
167 189
167 191
167 193
168 169
168 171
168 172
168 174
168 178
168 181
168 182
168 187
168 189
168 194
168 198
169 171
169 173
169 175
169 180
169 181
169 189
169 195
170 171
170 172
170 174
170 183
170 187
170 188
170 190
170 194
171 173
171 174
171 175
171 176
171 179
171 183
171 186
171 187
171 188
172 173
172 174
172 179
172 185
172 188
172 195
173 175
173 177
173 179
173 191
173 192
173 194
174 176
174 186
174 192
174 197
174 198
174 199
175 186
175 187
175 188
175 189
175 196
175 199
176 179
176 180
176 191
177 179
177 180
177 182
177 183
177 184
177 187
177 193
177 196
178 179
178 184
178 185
178 189
178 190
178 196
179 181
179 185
179 186
179 190
179 194
180 186
180 187
180 189
180 190
180 192
180 199
181 183
181 187
181 189
181 190
181 191
181 193
181 198
182 183
182 184
182 186
183 187
183 197
183 199
184 186
184 188
184 195
184 197
184 198
185 188
185 189
185 192
185 198
186 188
186 191
186 194
186 198
187 189
187 198
188 191
188 192
188 193
188 198
188 199
189 190
189 193
189 194
189 198
190 191
190 192
190 195
190 198
190 199
191 192
191 193
191 197
191 198
192 193
192 194
192 196
193 194
193 199
194 198
194 199
195 196
195 197