524628570
8
20
98
0 8
0 9
0 10
0 11
0 12
0 13
0 14
0 15
1 8
1 9
1 10
1 11
1 12
1 13
1 16
1 18
1 4
2 8
2 9
2 10
2 11
2 12
2 13
2 19
3 8
3 9
3 10
3 11
3 13
3 14
3 15
3 16
3 17
3 18
3 19
3 3
4 8
4 9
4 10
4 11
4 12
4 14
4 16
4 17
4 19
5 8
6 8
6 9
6 10
6 11
6 18
7 8
7 9
7 14
7 15
7 17
7 18
8 9
8 10
8 11
8 12
8 13
8 14
8 15
8 16
8 17
8 19
9 10
9 12
9 14
9 16
9 18
9 19
10 11
10 12
10 13
10 14
10 16
10 17
10 19
11 12
11 13
11 15
11 16
11 18
12 13
12 14
12 15
12 17
12 18
13 15
13 18
14 15
14 16
15 17
15 19
16 17
17 19