700103543
12
25
156
0 12
0 13
0 14
0 16
0 17
0 18
0 20
1 12
1 13
1 14
1 15
1 17
1 18
1 22
1 23
1 24
2 12
2 13
2 14
2 15
2 16
2 20
2 22
2 23
3 12
3 13
3 14
3 15
3 16
3 17
3 20
3 21
3 22
3 23
3 24
4 12
4 13
4 14
4 15
4 16
4 18
4 19
4 21
4 24
5 12
5 24
6 12
6 13
6 14
6 16
6 18
6 21
7 12
7 13
7 15
7 17
7 19
7 20
8 12
8 13
8 14
8 15
8 17
8 18
8 19
8 21
8 22
8 23
9 12
9 13
9 14
9 15
9 16
9 19
9 21
10 12
10 13
10 14
10 15
10 16
10 17
10 18
10 21
10 22
10 23
11 12
11 13
11 14
11 15
11 16
11 17
11 18
11 19
11 20
11 21
11 24
12 13
12 14
12 15
12 16
12 17
12 18
12 19
12 22
12 23
13 14
13 15
13 16
13 17
13 18
13 19
13 20
13 21
13 22
13 23
14 15
14 16
14 17
14 18
14 19
14 20
14 21
14 22
14 24
15 16
15 17
15 18
15 19
15 20
15 21
15 22
15 23
15 24
16 17
16 19
16 20
16 21
16 22
16 23
16 24
17 18
17 19
17 20
17 23
18 19
18 20
18 21
18 22
18 23
18 24
19 20
19 22
19 24
20 24
22 23
22 24