369308361
5
25
106
0 5
0 7
0 8
0 10
0 13
0 22
1 5
1 6
1 10
2 5
2 6
2 7
2 9
2 11
2 15
2 17
2 18
2 19
2 20
2 21
2 23
2 24
2 22
3 5
3 6
3 8
3 9
3 14
3 23
3 24
4 5
4 6
4 7
4 8
4 9
4 12
4 16
4 19
4 22
4 24
4 13
5 6
5 7
5 8
5 10
5 11
5 12
5 13
5 16
5 18
5 19
5 20
5 23
5 5
5 9
6 7
6 8
6 9
6 10
6 11
6 13
6 15
6 22
7 10
7 15
7 17
7 21
8 9
8 11
8 12
8 14
8 19
9 18
10 11
10 12
11 12
11 13
11 14
11 15
11 16
11 17
11 20
12 13
12 14
12 17
12 18
13 14
13 15
13 16
13 20
13 17
14 16
14 18
14 21
15 23
15 19
16 17
16 19
17 23
18 21
18 22
19 20
19 21
19 24
21 22
23 24