299076397
5
25
102
0 5
0 6
0 7
0 8
0 9
0 10
0 12
0 20
0 24
1 5
1 6
1 8
1 9
1 10
1 14
1 15
1 21
2 5
2 7
2 17
2 19
2 21
3 5
3 6
3 8
3 10
3 11
3 12
3 23
4 5
4 6
4 7
4 8
4 9
4 10
4 11
4 12
4 13
4 14
4 17
5 6
5 7
5 11
5 14
5 17
5 18
5 24
6 7
6 9
6 10
6 11
6 12
6 13
6 15
6 16
6 20
6 22
6 23
6 24
7 8
7 9
7 11
7 12
7 14
7 16
7 18
7 19
7 24
8 15
8 16
8 17
8 18
8 22
9 17
10 13
10 16
10 21
11 13
11 19
12 13
12 14
12 15
12 19
12 20
12 21
12 23
12 24
13 16
13 18
13 20
13 22
13 23
14 15
14 19
14 20
14 22
15 18
16 21
16 24
16 22
18 22
21 23