771319
9
25
147
0 9
0 12
0 14
0 18
1 9
1 10
1 11
1 12
1 13
1 15
1 16
1 17
1 18
1 19
1 20
1 24
2 9
2 10
2 11
2 13
2 14
2 15
2 16
2 17
2 18
2 19
2 22
2 23
3 9
3 10
3 11
3 12
3 13
3 15
3 17
3 23
3 24
4 9
4 10
4 11
4 12
4 13
4 14
4 15
4 18
4 22
5 9
5 10
5 16
5 17
5 19
5 23
5 24
6 9
6 10
6 11
6 14
6 15
6 16
6 20
6 23
7 9
7 10
7 11
7 12
7 13
7 16
7 21
7 22
8 9
8 10
8 11
8 12
8 14
8 15
8 18
8 19
8 20
8 24
9 10
9 11
9 12
9 13
9 14
9 16
9 17
9 20
9 21
9 22
9 23
9 24
10 11
10 12
10 13
10 14
10 15
10 16
10 17
10 18
10 19
10 20
10 21
10 22
10 23
11 12
11 13
11 15
11 16
11 17
11 18
11 20
11 21
11 22
11 23
11 24
12 13
12 14
12 16
12 17
12 18
12 19
12 20
12 21
12 22
12 24
12 12
13 14
13 15
13 20
14 17
15 19
15 20
15 23
15 24
17 18
17 19
17 21
17 22
18 19
18 21
18 23
19 21
19 23
19 19
20 21
21 22
23 24