426121400
8
25
143
0 8
0 9
0 11
0 12
0 13
0 16
0 19
0 20
0 24
0 3
1 8
1 9
1 10
1 11
1 13
1 14
1 15
1 18
1 19
1 20
1 23
1 17
2 8
2 9
2 10
2 11
2 12
2 14
2 19
2 21
3 8
3 9
3 10
3 11
3 12
3 14
3 15
3 17
4 8
4 9
4 10
4 11
4 13
4 15
4 17
4 18
4 12
4 24
5 8
5 12
6 8
6 9
6 10
6 12
6 16
6 18
6 22
6 17
7 8
7 9
7 10
7 11
7 13
7 14
7 16
7 20
7 21
7 23
7 24
8 9
8 10
8 11
8 12
8 13
8 14
8 15
8 16
8 17
8 19
8 20
8 22
8 23
8 24
9 10
9 11
9 12
9 13
9 14
9 15
9 18
9 20
9 21
9 24
10 13
10 14
10 16
10 17
10 19
10 22
11 12
11 13
11 15
11 17
11 18
11 20
11 22
11 24
12 17
12 18
12 19
12 21
12 22
12 23
12 20
13 14
13 15
13 16
13 18
13 21
13 23
13 24
14 15
14 16
14 18
14 22
15 16
15 17
15 19
15 22
15 23
16 17
16 21
16 22
17 19
17 21
17 22
17 23
18 20
18 24
19 20
19 21
20 24
21 23