996329585
5
25
111
0 5
0 6
0 7
0 8
0 9
0 10
0 11
0 13
0 14
0 15
0 18
0 20
0 22
0 24
1 5
1 7
1 8
2 5
2 6
2 9
2 12
2 13
2 14
2 20
2 18
3 5
3 6
3 9
3 10
3 11
4 5
4 6
4 7
4 10
4 11
4 12
4 13
4 15
4 16
4 19
4 21
4 23
5 6
5 7
5 8
5 9
5 10
5 18
5 19
5 21
5 22
5 23
5 24
5 12
5 17
6 7
6 8
6 9
6 11
6 12
6 19
6 20
7 8
7 11
7 12
7 13
7 14
7 15
7 19
7 23
7 24
8 16
9 10
9 15
9 16
9 17
9 18
9 20
9 19
10 22
10 24
10 11
10 12
11 12
11 13
11 14
11 15
11 17
11 21
11 22
11 23
11 24
12 14
12 17
12 18
12 21
12 22
13 16
13 17
13 14
14 19
14 21
15 16
15 18
15 20
16 17
16 22
16 24
16 16
18 20
20 23