827452395
7
25
134
0 7
0 8
0 9
0 12
0 13
0 16
0 18
0 3
1 7
1 8
1 9
1 10
1 11
1 13
1 14
1 18
1 22
1 23
1 24
1 16
2 7
2 8
2 9
2 10
2 12
2 13
2 16
2 17
2 18
2 19
2 23
2 24
2 21
3 7
3 8
3 9
3 10
3 11
3 17
4 7
4 23
4 9
5 7
5 8
5 9
5 10
5 11
5 12
5 14
5 17
6 7
6 8
6 10
6 15
6 9
7 8
7 9
7 11
7 12
7 13
7 14
7 15
7 16
7 18
7 19
7 20
7 21
7 22
7 23
7 24
8 9
8 10
8 11
8 12
8 13
8 15
8 17
8 20
9 10
9 11
9 12
9 14
9 15
9 16
9 19
9 22
9 24
10 11
10 12
10 15
10 16
10 20
10 21
10 22
10 14
11 13
11 14
11 15
11 18
11 12
12 13
12 14
12 16
12 17
12 18
12 19
12 21
12 23
13 14
13 17
13 19
13 22
13 24
14 15
14 16
14 18
14 19
14 20
14 21
14 22
14 23
15 17
15 19
15 20
16 20
16 21
16 24
18 21
18 24
19 20
19 21
20 23
20 24
21 22