674687750
8
25
138
0 8
1 8
1 9
1 10
1 11
1 12
1 14
1 15
1 16
1 17
1 21
1 22
1 24
2 8
2 9
2 10
2 11
2 12
2 15
2 19
2 22
2 24
3 8
3 9
3 10
3 13
3 14
3 18
3 19
3 20
3 21
3 22
4 8
4 9
4 10
4 12
4 13
4 14
4 15
4 18
4 21
4 22
4 24
5 8
5 9
5 11
5 12
5 16
5 17
6 8
6 9
6 10
6 11
6 12
6 13
6 14
6 16
7 8
7 9
7 10
7 11
7 15
7 16
7 17
7 20
7 23
8 9
8 10
8 11
8 12
8 13
8 14
8 15
8 16
8 17
8 20
8 21
8 22
9 10
9 11
9 13
9 14
9 15
9 16
9 17
9 19
9 21
10 11
10 12
10 13
10 14
10 15
10 17
10 18
10 19
10 20
10 22
10 23
10 24
11 12
11 13
11 14
11 18
11 19
11 20
12 13
12 16
12 19
12 20
12 22
13 15
13 17
13 18
13 19
13 24
14 16
14 18
14 19
14 21
14 22
14 23
15 18
15 20
15 21
15 23
16 17
16 18
17 21
17 24
17 22
18 23
19 20
19 23
20 23
20 22
21 24
22 23
22 24