28439350
10
25
152
0 10
0 11
0 12
0 13
0 14
0 15
0 16
0 22
0 24
1 10
1 12
1 13
1 14
1 16
1 20
2 10
2 11
2 12
2 13
2 14
2 16
2 17
2 21
2 23
3 10
3 11
3 12
3 13
3 15
3 17
3 18
3 19
3 21
4 10
4 11
4 12
4 13
4 14
4 15
4 17
4 18
4 20
4 9
5 10
5 11
6 10
6 11
6 12
6 13
6 14
6 16
6 18
6 19
6 20
6 21
6 22
6 23
6 24
7 10
7 11
7 12
7 13
7 14
7 15
7 17
7 20
7 21
8 10
8 11
8 15
9 10
9 11
9 12
9 14
9 15
9 16
9 17
9 18
9 20
9 21
9 22
9 23
10 11
10 12
10 13
10 15
10 16
10 17
10 18
10 19
10 20
10 21
10 22
10 23
11 12
11 13
11 14
11 16
11 17
11 19
11 20
11 21
11 22
11 23
11 24
12 13
12 14
12 15
12 18
12 19
12 22
12 23
13 14
13 15
13 16
13 17
13 18
13 19
13 21
14 15
14 16
14 17
14 18
14 19
14 24
15 16
15 19
15 23
15 24
16 17
16 18
16 21
16 24
17 18
17 19
17 20
17 21
17 22
18 19
18 20
19 20
19 22
19 24
20 22
20 23
20 24
20 20
21 22
21 23
21 24
22 23
22 24