335141484
14
300
4127
0 14
0 15
0 16
0 17
0 18
0 19
0 20
0 21
0 22
0 24
0 26
0 27
0 35
0 37
0 38
0 41
0 48
0 49
0 52
0 53
0 54
0 59
0 72
0 73
0 74
0 77
0 84
0 96
0 99
0 101
0 103
0 104
0 110
0 113
0 116
0 128
0 132
0 133
0 136
0 138
0 140
0 141
0 147
0 156
0 168
0 171
0 177
0 183
0 186
0 187
0 194
0 232
0 235
0 254
0 266
0 270
0 279
0 294
0 61
1 14
1 16
1 17
1 18
1 24
1 31
1 52
1 57
1 61
1 65
1 123
1 125
1 164
1 185
1 203
1 223
1 265
1 271
1 93
2 14
2 15
2 16
2 17
2 18
2 19
2 20
2 22
2 24
2 26
2 29
2 32
2 35
2 40
2 46
2 47
2 53
2 62
2 92
2 115
2 118
2 119
2 129
2 135
2 138
2 140
2 146
2 148
2 152
2 155
2 158
2 167
2 173
2 196
2 201
2 218
2 261
2 263
2 266
2 282
2 283
3 14
3 15
3 16
3 17
3 18
3 22
3 23
3 25
3 31
3 36
3 37
3 40
3 43
3 44
3 51
3 52
3 56
3 70
3 80
3 87
3 88
3 107
3 124
3 129
3 130
3 138
3 139
3 145
3 148
3 152
3 159
3 170
3 195
3 200
3 215
3 236
3 269
3 276
3 166
3 223
4 14
4 15
4 16
4 18
4 19
4 21
4 22
4 30
4 31
4 34
4 39
4 46
4 58
4 60
4 67
4 73
4 77
4 93
4 102
4 105
4 110
4 118
4 134
4 135
4 142
4 143
4 150
4 154
4 175
4 193
4 214
4 228
4 244
4 246
4 248
4 91
5 14
5 15
5 16
5 17
5 18
5 19
5 20
5 21
5 23
5 24
5 25
5 26
5 27
5 28
5 30
5 33
5 34
5 41
5 43
5 49
5 51
5 57
5 60
5 64
5 65
5 67
5 70
5 74
5 79
5 81
5 85
5 87
5 88
5 91
5 92
5 93
5 95
5 104
5 109
5 111
5 112
5 128
5 135
5 138
5 139
5 143
5 147
5 150
5 164
5 168
5 169
5 179
5 187
5 190
5 195
5 208
5 209
5 211
5 220
5 226
5 233
5 237
5 238
5 110
6 14
6 15
6 16
6 18
6 20
6 21
6 22
6 24
6 40
6 43
6 44
6 48
6 51
6 52
6 55
6 61
6 63
6 64
6 75
6 78
6 80
6 83
6 98
6 101
6 109
6 114
6 153
6 164
6 165
6 178
6 185
6 215
6 239
6 250
6 269
6 288
6 289
6 297
6 38
6 249
7 14
7 15
7 16
7 19
7 20
7 21
7 27
7 28
7 31
7 39
7 41
7 46
7 48
7 51
7 71
7 74
7 83
7 93
7 110
7 113
7 120
7 123
7 176
7 187
7 197
7 217
7 234
7 261
7 266
7 271
7 284
7 290
7 143
8 14
8 15
8 16
8 17
8 18
8 19
8 20
8 21
8 22
8 23
8 24
8 25
8 26
8 28
8 30
8 31
8 32
8 34
8 35
8 40
8 42
8 47
8 49
8 50
8 51
8 57
8 61
8 68
8 70
8 81
8 82
8 84
8 86
8 89
8 91
8 97
8 100
8 105
8 106
8 111
8 133
8 136
8 139
8 147
8 161
8 163
8 173
8 178
8 182
8 204
8 210
8 211
8 214
8 229
8 237
8 241
8 255
8 256
8 260
8 267
8 271
8 279
8 287
8 288
8 10
8 92
9 14
9 15
9 17
9 18
9 23
9 25
9 29
9 33
9 40
9 43
9 44
9 57
9 64
9 67
9 74
9 82
9 104
9 126
9 134
9 151
9 161
9 174
9 201
9 222
9 229
9 237
9 248
9 281
9 285
9 288
9 298
9 95
10 14
10 15
10 16
10 17
10 18
10 19
10 20
10 21
10 23
10 25
10 31
10 39
10 41
10 44
10 47
10 54
10 55
10 59
10 60
10 65
10 75
10 79
10 81
10 82
10 86
10 87
10 103
10 107
10 111
10 118
10 120
10 127
10 131
10 133
10 141
10 142
10 161
10 162
10 164
10 167
10 176
10 205
10 225
10 228
10 230
10 242
10 260
10 287
10 288
10 291
11 14
11 15
11 17
11 19
11 20
11 21
11 23
11 26
11 35
11 38
11 42
11 43
11 49
11 58
11 62
11 67
11 69
11 71
11 79
11 98
11 101
11 102
11 114
11 136
11 163
11 199
11 211
11 214
11 215
11 225
11 228
11 236
11 284
12 14
12 15
12 16
12 17
12 22
12 25
12 27
12 31
12 39
12 50
12 52
12 56
12 65
12 66
12 70
12 73
12 75
12 88
12 90
12 97
12 102
12 103
12 104
12 111
12 112
12 129
12 130
12 144
12 150
12 156
12 157
12 158
12 190
12 198
12 202
12 236
12 244
12 249
12 259
12 275
12 280
12 281
12 291
12 146
12 23
13 14
13 15
13 16
13 17
13 19
13 20
13 23
13 24
13 27
13 28
13 29
13 30
13 32
13 33
13 34
13 35
13 37
13 38
13 49
13 53
13 55
13 56
13 64
13 66
13 68
13 71
13 76
13 83
13 85
13 89
13 90
13 95
13 107
13 117
13 122
13 137
13 138
13 158
13 174
13 185
13 188
13 200
13 205
13 225
13 230
13 239
13 252
13 288
14 15
14 16
14 17
14 18
14 19
14 20
14 21
14 22
14 23
14 24
14 25
14 26
14 28
14 29
14 30
14 31
14 32
14 35
14 36
14 37
14 38
14 40
14 41
14 42
14 45
14 47
14 48
14 49
14 51
14 53
14 54
14 60
14 69
14 72
14 75
14 82
14 85
14 86
14 88
14 94
14 95
14 101
14 102
14 107
14 109
14 110
14 111
14 113
14 140
14 142
14 143
14 144
14 146
14 147
14 150
14 151
14 156
14 163
14 169
14 170
14 173
14 183
14 186
14 202
14 207
14 208
14 211
14 214
14 216
14 222
14 226
14 236
14 237
14 248
14 262
14 265
14 267
14 271
14 34
15 16
15 17
15 18
15 19
15 20
15 21
15 22
15 23
15 24
15 25
15 27
15 29
15 32
15 33
15 34
15 35
15 38
15 41
15 42
15 45
15 47
15 48
15 52
15 53
15 60
15 62
15 63
15 64
15 68
15 69
15 71
15 73
15 75
15 78
15 82
15 83
15 86
15 103
15 104
15 106
15 107
15 112
15 114
15 116
15 120
15 122
15 123
15 124
15 131
15 132
15 137
15 139
15 140
15 145
15 148
15 150
15 152
15 155
15 156
15 162
15 165
15 167
15 183
15 184
15 196
15 197
15 220
15 223
15 229
15 233
15 237
15 243
15 246
15 247
15 251
15 254
15 257
15 264
15 283
15 290
15 77
16 17
16 18
16 19
16 20
16 21
16 22
16 23
16 24
16 25
16 26
16 27
16 28
16 29
16 32
16 33
16 34
16 36
16 37
16 38
16 40
16 44
16 48
16 51
16 52
16 53
16 54
16 56
16 57
16 61
16 62
16 63
16 65
16 68
16 69
16 72
16 75
16 86
16 94
16 97
16 99
16 100
16 103
16 106
16 113
16 122
16 127
16 132
16 135
16 145
16 151
16 155
16 164
16 165
16 166
16 170
16 171
16 179
16 184
16 186
16 187
16 196
16 198
16 200
16 203
16 208
16 213
16 229
16 232
16 238
16 242
16 244
16 256
16 258
16 259
16 262
16 264
16 265
16 268
16 280
16 281
16 289
16 291
16 293
16 294
16 295
16 299
16 152
16 191
17 18
17 19
17 20
17 21
17 23
17 24
17 25
17 26
17 28
17 29
17 30
17 31
17 32
17 33
17 34
17 36
17 38
17 39
17 40
17 42
17 43
17 45
17 46
17 48
17 53
17 54
17 57
17 59
17 61
17 63
17 66
17 68
17 69
17 70
17 71
17 76
17 79
17 80
17 81
17 84
17 85
17 89
17 95
17 99
17 105
17 107
17 109
17 116
17 117
17 123
17 127
17 132
17 137
17 139
17 145
17 147
17 150
17 159
17 163
17 165
17 166
17 167
17 170
17 174
17 179
17 199
17 201
17 207
17 214
17 217
17 218
17 226
17 253
17 267
17 269
17 279
17 289
17 296
17 103
17 160
17 241
18 19
18 20
18 21
18 22
18 23
18 24
18 27
18 28
18 29
18 30
18 31
18 33
18 34
18 36
18 37
18 38
18 39
18 41
18 42
18 43
18 44
18 47
18 48
18 49
18 50
18 51
18 53
18 54
18 55
18 57
18 58
18 60
18 62
18 63
18 72
18 79
18 80
18 85
18 91
18 93
18 94
18 101
18 102
18 103
18 104
18 108
18 109
18 113
18 122
18 131
18 138
18 143
18 152
18 153
18 154
18 155
18 170
18 174
18 183
18 185
18 190
18 200
18 207
18 209
18 213
18 216
18 222
18 233
18 244
18 247
18 251
18 261
18 268
18 274
18 277
18 279
18 282
18 286
18 289
18 293
18 298
18 115
18 121
19 21
19 22
19 23
19 28
19 29
19 31
19 33
19 34
19 35
19 36
19 37
19 41
19 42
19 48
19 49
19 53
19 56
19 59
19 60
19 63
19 71
19 72
19 73
19 75
19 77
19 80
19 83
19 90
19 94
19 96
19 98
19 102
19 103
19 107
19 108
19 128
19 129
19 138
19 139
19 144
19 147
19 159
19 166
19 174
19 179
19 195
19 199
19 203
19 212
19 216
19 220
19 222
19 227
19 230
19 257
19 258
19 268
19 272
19 278
19 286
19 290
19 292
19 293
19 294
19 296
20 22
20 23
20 24
20 26
20 27
20 29
20 30
20 32
20 33
20 35
20 40
20 41
20 42
20 43
20 45
20 46
20 48
20 49
20 50
20 51
20 52
20 53
20 55
20 56
20 58
20 61
20 62
20 64
20 68
20 70
20 79
20 81
20 89
20 96
20 99
20 106
20 108
20 114
20 117
20 128
20 132
20 136
20 147
20 156
20 157
20 159
20 160
20 162
20 166
20 171
20 175
20 178
20 180
20 181
20 188
20 193
20 194
20 202
20 204
20 205
20 206
20 209
20 218
20 221
20 227
20 228
20 240
20 244
20 255
20 256
20 260
20 267
20 274
20 278
20 279
20 280
20 283
20 284
20 94
20 129
20 144
21 22
21 24
21 25
21 26
21 27
21 28
21 36
21 38
21 39
21 43
21 44
21 45
21 46
21 50
21 51
21 57
21 58
21 59
21 63
21 65
21 66
21 67
21 70
21 71
21 72
21 73
21 74
21 75
21 82
21 84
21 87
21 97
21 102
21 106
21 107
21 111
21 112
21 118
21 121
21 129
21 152
21 157
21 164
21 168
21 170
21 175
21 179
21 182
21 188
21 200
21 204
21 205
21 214
21 227
21 235
21 237
21 244
21 249
21 251
21 271
21 284
21 285
21 291
21 293
21 296
21 147
21 208
22 25
22 26
22 27
22 32
22 33
22 36
22 43
22 45
22 50
22 51
22 54
22 55
22 69
22 76
22 83
22 84
22 91
22 92
22 93
22 94
22 96
22 99
22 100
22 101
22 105
22 108
22 112
22 114
22 116
22 117
22 118
22 120
22 123
22 128
22 160
22 175
22 179
22 183
22 184
22 186
22 195
22 200
22 201
22 202
22 207
22 209
22 216
22 221
22 223
22 232
22 239
22 248
22 249
22 261
22 262
22 268
22 272
22 278
22 280
22 286
22 292
22 293
22 299
22 35
22 253
23 25
23 26
23 27
23 30
23 31
23 32
23 34
23 36
23 37
23 39
23 40
23 46
23 51
23 56
23 59
23 63
23 65
23 68
23 70
23 74
23 81
23 83
23 85
23 88
23 94
23 99
23 100
23 101
23 107
23 108
23 116
23 119
23 124
23 134
23 137
23 138
23 141
23 142
23 143
23 148
23 166
23 171
23 192
23 205
23 206
23 211
23 230
23 231
23 238
23 241
23 243
23 245
23 254
23 263
23 265
23 271
23 276
23 281
23 288
23 294
24 25
24 26
24 28
24 29
24 30
24 31
24 32
24 34
24 44
24 46
24 50
24 58
24 60
24 61
24 62
24 68
24 77
24 78
24 83
24 84
24 86
24 89
24 94
24 100
24 102
24 112
24 130
24 132
24 134
24 137
24 138
24 139
24 141
24 143
24 145
24 147
24 154
24 156
24 162
24 182
24 185
24 203
24 207
24 211
24 212
24 223
24 224
24 227
24 242
24 253
24 277
24 65
24 202
25 26
25 27
25 28
25 29
25 30
25 33
25 42
25 44
25 45
25 46
25 50
25 55
25 57
25 58
25 61
25 64
25 66
25 71
25 73
25 75
25 76
25 78
25 81
25 83
25 85
25 87
25 88
25 89
25 90
25 91
25 93
25 95
25 96
25 97
25 104
25 107
25 108
25 113
25 114
25 115
25 117
25 120
25 124
25 125
25 127
25 130
25 133
25 136
25 139
25 141
25 143
25 148
25 150
25 154
25 157
25 161
25 168
25 169
25 173
25 178
25 179
25 183
25 185
25 186
25 198
25 224
25 228
25 233
25 236
25 238
25 252
25 256
25 258
25 265
25 272
25 292
25 298
25 180
25 264
26 27
26 28
26 29
26 30
26 32
26 36
26 38
26 39
26 41
26 43
26 45
26 46
26 47
26 50
26 52
26 54
26 55
26 56
26 61
26 71
26 73
26 77
26 79
26 81
26 83
26 84
26 85
26 86
26 89
26 92
26 100
26 107
26 109
26 118
26 119
26 122
26 130
26 134
26 135
26 141
26 143
26 146
26 155
26 159
26 161
26 171
26 175
26 176
26 180
26 186
26 221
26 232
26 243
26 253
26 260
26 266
26 267
26 269
26 284
26 287
26 288
26 293
26 295
26 247
27 28
27 31
27 32
27 34
27 36
27 38
27 39
27 41
27 43
27 44
27 47
27 48
27 51
27 61
27 63
27 64
27 66
27 67
27 69
27 72
27 78
27 84
27 89
27 94
27 98
27 115
27 117
27 124
27 126
27 142
27 158
27 169
27 176
27 184
27 195
27 196
27 207
27 210
27 213
27 216
27 221
27 231
27 233
27 240
27 265
27 268
27 273
27 277
27 120
27 243
28 29
28 30
28 33
28 36
28 37
28 40
28 42
28 43
28 47
28 51
28 59
28 65
28 72
28 74
28 88
28 91
28 94
28 97
28 100
28 101
28 102
28 106
28 109
28 111
28 112
28 122
28 123
28 132
28 137
28 145
28 146
28 150
28 159
28 162
28 165
28 169
28 178
28 180
28 181
28 197
28 198
28 203
28 209
28 212
28 214
28 220
28 225
28 247
28 271
28 296
29 30
29 33
29 35
29 38
29 39
29 40
29 41
29 52
29 58
29 59
29 67
29 69
29 75
29 87
29 88
29 91
29 94
29 108
29 114
29 116
29 119
29 131
29 144
29 146
29 159
29 163
29 164
29 206
29 218
29 219
29 236
29 247
29 259
29 280
29 285
29 291
29 100
30 32
30 33
30 34
30 35
30 37
30 42
30 44
30 45
30 46
30 55
30 62
30 63
30 66
30 68
30 69
30 81
30 82
30 87
30 89
30 98
30 99
30 103
30 117
30 131
30 134
30 138
30 149
30 167
30 182
30 191
30 193
30 201
30 211
30 214
30 223
30 226
30 232
30 260
30 264
30 270
30 276
30 278
30 289
30 296
30 298
30 185
31 35
31 36
31 37
31 39
31 44
31 46
31 50
31 53
31 54
31 58
31 59
31 63
31 64
31 67
31 69
31 71
31 74
31 92
31 96
31 97
31 111
31 112
31 115
31 116
31 119
31 128
31 129
31 131
31 132
31 138
31 144
31 169
31 198
31 199
31 214
31 215
31 225
31 227
31 242
31 258
31 287
31 291
31 75
31 178
31 259
31 261
32 34
32 35
32 37
32 39
32 46
32 48
32 49
32 52
32 57
32 58
32 61
32 62
32 65
32 67
32 68
32 76
32 79
32 81
32 86
32 87
32 88
32 93
32 97
32 100
32 101
32 102
32 105
32 109
32 112
32 118
32 119
32 128
32 143
32 154
32 160
32 162
32 170
32 181
32 185
32 187
32 190
32 192
32 194
32 200
32 205
32 206
32 208
32 209
32 211
32 212
32 216
32 220
32 225
32 233
32 234
32 241
32 248
32 255
32 264
32 287
32 289
32 295
32 59
32 276
33 36
33 37
33 38
33 40
33 45
33 47
33 49
33 50
33 53
33 56
33 59
33 64
33 66
33 74
33 81
33 82
33 86
33 87
33 114
33 120
33 129
33 133
33 163
33 181
33 182
33 184
33 189
33 191
33 192
33 205
33 208
33 211
33 235
33 236
33 240
33 245
33 264
33 267
33 272
33 273
33 274
33 278
33 280
33 282
33 285
33 297
34 35
34 37
34 65
34 73
34 76
34 80
34 91
34 104
34 111
34 125
34 148
34 150
34 154
34 159
34 167
34 170
34 171
34 178
34 199
34 200
34 251
34 286
34 296
34 62
35 39
35 40
35 41
35 42
35 46
35 55
35 56
35 70
35 77
35 78
35 80
35 104
35 106
35 116
35 121
35 125
35 126
35 135
35 151
35 153
35 155
35 158
35 181
35 198
35 232
35 254
35 255
35 284
35 286
35 289
35 294
35 297
36 43
36 50
36 54
36 57
36 68
36 69
36 72
36 76
36 78
36 85
36 89
36 97
36 114
36 125
36 130
36 134
36 153
36 170
36 181
36 199
36 219
36 236
36 262
36 290
36 298
36 86
36 145
37 38
37 42
37 52
37 58
37 59
37 64
37 71
37 80
37 94
37 102
37 126
37 133
37 139
37 156
37 177
37 185
37 193
37 195
37 227
37 234
37 245
37 246
37 252
37 267
37 272
37 282
38 45
38 47
38 54
38 56
38 61
38 62
38 63
38 66
38 67
38 75
38 76
38 77
38 78
38 79
38 82
38 84
38 87
38 88
38 92
38 93
38 101
38 103
38 114
38 116
38 125
38 137
38 145
38 169
38 176
38 182
38 183
38 186
38 189
38 194
38 195
38 199
38 201
38 203
38 213
38 215
38 226
38 228
38 241
38 242
38 252
38 254
38 258
38 260
38 264
38 290
38 285
39 41
39 42
39 47
39 48
39 50
39 54
39 57
39 58
39 59
39 60
39 72
39 81
39 82
39 83
39 84
39 94
39 118
39 126
39 129
39 141
39 142
39 151
39 153
39 158
39 170
39 188
39 197
39 206
39 207
39 253
39 278
39 298
40 44
40 45
40 48
40 52
40 64
40 65
40 68
40 76
40 80
40 81
40 84
40 86
40 90
40 92
40 130
40 136
40 141
40 143
40 144
40 171
40 176
40 210
40 223
40 225
40 231
40 246
40 247
40 255
40 263
40 278
40 280
40 293
40 295
40 41
40 102
41 44
41 45
41 67
41 78
41 79
41 85
41 89
41 127
41 129
41 136
41 137
41 146
41 147
41 159
41 202
41 231
41 241
41 268
41 272
41 284
42 45
42 50
42 54
42 57
42 76
42 105
42 113
42 116
42 117
42 125
42 129
42 130
42 140
42 144
42 165
42 177
42 180
42 190
42 193
42 197
42 201
42 224
42 252
42 263
42 270
42 275
42 281
42 293
42 286
43 47
43 54
43 55
43 60
43 62
43 66
43 71
43 74
43 78
43 90
43 92
43 97
43 101
43 104
43 108
43 112
43 123
43 127
43 152
43 166
43 173
43 199
43 201
43 212
43 232
43 234
43 246
43 257
43 265
43 281
43 286
43 72
44 49
44 58
44 59
44 66
44 70
44 74
44 111
44 121
44 134
44 135
44 137
44 162
44 189
44 210
44 225
44 239
44 242
44 246
44 270
44 274
44 99
45 47
45 49
45 56
45 59
45 60
45 61
45 65
45 90
45 92
45 121
45 123
45 126
45 132
45 133
45 149
45 157
45 161
45 164
45 167
45 187
45 206
45 212
45 214
45 221
45 241
45 273
45 286
46 53
46 55
46 69
46 72
46 76
46 77
46 95
46 99
46 109
46 115
46 117
46 119
46 120
46 128
46 131
46 134
46 136
46 140
46 157
46 159
46 183
46 186
46 187
46 192
46 195
46 200
46 203
46 211
46 233
46 246
46 264
46 276
46 283
46 290
46 294
47 52
47 60
47 66
47 81
47 82
47 90
47 93
47 100
47 110
47 122
47 175
47 207
47 220
47 248
47 254
47 279
48 49
48 62
48 73
48 77
48 86
48 95
48 98
48 106
48 123
48 125
48 126
48 130
48 133
48 154
48 160
48 180
48 183
48 227
48 237
48 244
48 246
48 254
48 271
48 286
48 298
49 61
49 72
49 89
49 92
49 99
49 103
49 111
49 126
49 129
49 130
49 196
49 197
49 202
49 217
49 238
49 240
49 250
49 259
49 299
50 62
50 63
50 112
50 122
50 148
50 166
50 210
50 243
50 150
51 57
51 73
51 100
51 108
51 142
51 154
51 167
51 169
51 181
51 252
51 260
51 272
51 277
51 135
51 176
52 53
52 55
52 77
52 92
52 94
52 96
52 142
52 145
52 146
52 153
52 157
52 160
52 227
52 230
52 240
52 242
52 249
52 257
52 261
52 287
52 292
52 296
52 221
53 60
53 65
53 80
53 85
53 93
53 100
53 102
53 104
53 105
53 108
53 110
53 118
53 134
53 142
53 144
53 149
53 154
53 171
53 172
53 190
53 194
53 196
53 199
53 207
53 208
53 219
53 238
53 266
53 269
53 273
53 286
54 55
54 56
54 62
54 70
54 74
54 77
54 86
54 88
54 93
54 96
54 97
54 108
54 109
54 115
54 177
54 179
54 188
54 192
54 226
54 228
54 230
54 235
54 237
54 245
54 263
54 272
54 288
54 186
55 56
55 79
55 95
55 100
55 109
55 116
55 124
55 132
55 135
55 136
55 142
55 145
55 152
55 160
55 163
55 178
55 203
55 289
55 290
56 58
56 60
56 77
56 80
56 83
56 84
56 86
56 90
56 101
56 121
56 125
56 141
56 151
56 152
56 161
56 172
56 195
56 207
56 239
56 299
57 64
57 70
57 75
57 80
57 90
57 91
57 105
57 110
57 111
57 122
57 126
57 127
57 141
57 151
57 172
57 175
57 177
57 187
57 189
57 190
57 192
57 194
57 196
57 197
57 219
57 221
57 229
57 269
57 291
57 295
57 74
58 65
58 66
58 74
58 79
58 87
58 105
58 113
58 131
58 140
58 155
58 161
58 165
58 180
58 183
58 197
58 205
58 263
58 275
58 283
58 294
58 299
59 63
59 67
59 71
59 79
59 89
59 110
59 113
59 121
59 129
59 143
59 157
59 166
59 169
59 189
59 206
59 218
59 251
59 253
59 276
60 64
60 67
60 72
60 76
60 77
60 82
60 90
60 91
60 103
60 105
60 106
60 111
60 117
60 126
60 127
60 136
60 160
60 176
60 203
60 220
60 226
60 232
60 245
60 248
60 253
60 281
60 251
61 66
61 69
61 71
61 97
61 105
61 120
61 145
61 151
61 155
61 184
61 188
61 209
61 213
61 217
61 219
61 236
61 252
61 260
61 262
61 274
61 279
61 296
61 64
61 230
62 73
62 77
62 114
62 140
62 168
62 173
62 189
62 212
62 237
62 261
62 281
63 68
63 70
63 89
63 90
63 99
63 110
63 115
63 118
63 121
63 122
63 128
63 133
63 137
63 151
63 157
63 166
63 168
63 172
63 177
63 181
63 187
63 196
63 219
63 220
63 222
63 263
64 68
64 96
64 98
64 109
64 115
64 145
64 175
64 197
64 229
64 249
64 259
64 260
65 67
65 74
65 87
65 92
65 95
65 98
65 105
65 110
65 123
65 128
65 133
65 134
65 136
65 140
65 150
65 154
65 155
65 160
65 193
65 198
65 205
65 211
65 216
65 218
65 220
65 221
65 224
65 233
65 241
65 148
66 69
66 76
66 84
66 93
66 110
66 129
66 131
66 141
66 142
66 148
66 157
66 179
66 191
66 195
66 220
66 245
66 255
66 256
66 262
66 277
66 296
67 78
67 91
67 95
67 117
67 128
67 130
67 137
67 139
67 144
67 164
67 168
67 173
67 224
67 244
67 255
67 256
67 257
67 268
67 283
67 298
68 70
68 76
68 95
68 106
68 115
68 123
68 128
68 130
68 164
68 165
68 172
68 174
68 178
68 182
68 206
68 210
68 230
68 238
68 257
68 268
68 273
68 278
68 283
68 289
69 73
69 80
69 88
69 96
69 105
69 136
69 139
69 149
69 156
69 160
69 168
69 171
69 191
69 192
69 199
69 240
69 257
69 274
69 108
69 125
70 72
70 90
70 93
70 105
70 113
70 114
70 120
70 125
70 145
70 160
70 162
70 165
70 206
70 219
70 222
70 231
70 257
70 271
71 73
71 75
71 78
71 84
71 88
71 91
71 96
71 118
71 138
71 147
71 149
71 151
71 168
71 175
71 189
71 194
71 196
71 210
71 222
71 224
71 237
71 254
71 262
71 274
71 163
72 103
72 106
72 149
72 151
72 172
72 176
72 181
72 185
72 203
72 222
72 247
72 251
72 295
72 296
73 78
73 90
73 101
73 102
73 118
73 119
73 126
73 131
73 132
73 156
73 192
73 207
73 243
73 251
73 275
73 276
73 292
74 75
74 82
74 99
74 124
74 127
74 134
74 135
74 137
74 141
74 143
74 152
74 159
74 162
74 172
74 180
74 213
74 244
74 248
74 274
74 285
75 86
75 97
75 102
75 115
75 140
75 165
75 173
75 202
75 217
75 219
75 241
75 254
76 78
76 83
76 85
76 95
76 96
76 120
76 121
76 133
76 147
76 156
76 169
76 171
76 193
76 203
76 204
76 210
76 249
76 276
77 79
77 80
77 85
77 87
77 93
77 104
77 112
77 121
77 125
77 126
77 135
77 138
77 147
77 164
77 166
77 173
77 180
77 181
77 182
77 193
77 207
77 239
77 252
77 280
77 284
77 86
77 257
78 82
78 83
78 85
78 91
78 95
78 98
78 99
78 104
78 108
78 155
78 162
78 197
78 229
78 232
78 242
79 127
79 133
79 227
79 228
79 231
79 241
79 246
79 255
79 267
79 132
80 88
80 92
80 96
80 97
80 98
80 99
80 131
80 139
80 153
80 155
80 158
80 177
80 178
80 197
80 198
80 230
80 235
80 257
80 285
80 134
81 120
81 121
81 171
81 193
81 204
81 215
81 156
82 87
82 91
82 98
82 100
82 108
82 115
82 127
82 135
82 157
82 158
82 180
82 216
82 265
82 275
82 283
82 297
83 118
83 121
83 141
83 148
83 151
83 189
83 194
83 208
83 229
83 255
83 258
83 259
83 262
83 295
84 118
84 123
84 127
84 167
84 198
84 234
84 246
85 92
85 107
85 116
85 134
85 140
85 142
85 155
85 215
85 217
85 237
85 246
85 145
86 106
86 108
86 110
86 114
86 121
86 133
86 144
86 148
86 157
86 158
86 164
86 175
86 177
86 204
86 211
86 223
86 229
86 235
86 294
86 298
86 299
87 95
87 112
87 113
87 136
87 146
87 152
87 156
87 171
87 172
87 174
87 182
87 188
87 215
87 232
87 235
87 248
87 258
87 281
87 291
87 295
88 98
88 99
88 115
88 120
88 165
88 184
88 211
88 245
88 255
88 283
88 189
89 124
89 130
89 166
89 218
89 223
89 276
89 277
90 109
90 188
90 192
90 210
90 234
90 260
90 270
90 272
90 275
90 299
91 94
91 106
91 122
91 131
91 156
91 159
91 165
91 177
91 178
91 227
91 247
91 260
91 273
91 287
92 142
92 167
92 182
92 184
92 213
92 263
92 275
92 289
93 98
93 150
93 158
93 176
93 178
93 234
93 237
93 263
93 278
94 115
94 122
94 129
94 130
94 143
94 162
94 165
94 190
94 195
94 204
94 205
94 207
94 215
94 217
94 285
95 96
95 98
95 103
95 123
95 151
95 220
95 233
95 247
95 285
95 224
96 101
96 107
96 114
96 149
96 153
96 198
96 206
96 230
96 278
96 128
97 100
97 104
97 110
97 113
97 120
97 128
97 191
97 209
97 222
97 245
97 247
97 251
97 255
97 286
98 103
98 111
98 113
98 120
98 122
98 176
98 190
98 196
98 202
98 205
98 208
98 213
98 217
98 267
98 281
99 117
99 135
99 153
99 163
99 164
99 198
99 211
99 240
99 275
100 106
100 113
100 119
100 144
100 160
100 174
100 176
100 177
100 195
100 219
100 224
100 226
100 238
100 240
100 248
100 270
100 271
100 142
101 160
101 171
101 184
101 185
101 212
101 232
101 245
101 252
101 261
101 282
101 117
102 107
102 124
102 149
102 190
102 200
102 222
102 256
102 257
102 261
103 112
103 119
103 124
103 143
103 146
103 149
103 151
103 157
103 165
103 170
103 174
103 222
103 282
103 295
103 158
104 110
104 172
104 189
104 191
104 192
104 243
104 258
104 291
105 116
105 121
105 132
105 133
105 137
105 149
105 170
105 212
105 247
105 292
105 297
106 109
106 144
106 148
106 155
106 167
106 170
106 198
106 256
106 288
106 298
106 189
107 126
107 140
107 156
107 162
107 168
107 221
107 264
107 287
107 154
108 115
108 167
108 169
108 179
108 194
108 198
108 201
108 204
108 217
108 218
108 233
108 243
108 251
109 116
109 122
109 135
109 154
109 158
109 182
109 205
109 269
109 276
109 297
109 299
109 170
109 295
110 125
110 128
110 148
110 156
110 178
110 200
110 208
110 216
110 228
110 231
110 288
110 182
111 117
111 146
111 153
111 195
111 200
111 213
111 221
112 125
112 127
112 135
112 161
112 169
112 172
112 192
112 214
112 230
112 243
112 245
112 266
112 289
112 207
113 119
113 124
113 146
113 166
113 173
113 226
113 231
113 235
113 239
113 258
113 264
113 282
113 168
113 260
114 124
114 154
114 163
114 185
114 203
114 239
114 242
114 273
114 279
115 117
115 132
115 134
115 148
115 161
115 173
115 186
115 210
115 228
115 229
115 234
115 235
115 241
115 242
115 277
115 298
116 119
116 123
116 126
116 146
116 149
116 152
116 175
116 223
116 253
116 276
117 119
117 121
117 146
117 154
117 180
117 226
117 242
118 119
118 160
118 179
118 186
118 194
118 205
118 227
118 236
118 244
118 258
119 125
119 136
119 144
119 174
119 263
119 281
120 158
120 191
120 212
120 216
120 236
120 239
120 279
121 124
121 131
121 152
121 168
121 173
121 188
121 202
121 218
121 251
121 252
121 266
121 277
121 298
122 127
122 149
122 150
122 177
122 181
122 200
123 124
123 150
123 168
123 204
123 231
123 232
123 236
123 250
123 269
123 296
124 137
124 154
124 175
124 188
124 189
124 210
124 214
124 215
124 231
124 245
124 267
124 270
124 135
125 262
125 286
125 215
126 145
126 163
126 183
126 209
126 215
126 216
126 224
126 255
126 269
126 140
127 132
127 142
127 179
127 186
127 192
127 239
127 250
127 280
128 139
128 159
128 160
128 178
128 181
128 188
128 193
128 196
128 213
128 257
128 259
128 270
128 274
128 175
129 140
129 146
129 169
129 182
129 189
129 190
129 230
129 233
129 264
129 271
130 131
130 138
130 161
130 193
130 205
130 219
130 228
130 249
130 269
130 279
130 299
130 283
131 187
131 238
131 249
131 289
132 144
132 149
132 155
132 173
132 186
132 188
132 212
132 213
132 225
132 228
133 147
133 152
133 174
133 185
133 196
133 222
133 238
133 239
133 248
133 253
133 259
133 265
133 285
133 291
133 297
134 139
134 145
134 226
134 236
134 260
134 299
134 204
135 140
135 147
135 161
135 164
135 167
135 193
135 202
135 221
135 242
135 243
135 256
135 258
135 273
135 290
135 295
136 153
136 180
136 217
136 230
137 141
137 174
137 189
137 217
137 224
137 225
137 235
137 236
137 248
138 169
138 230
138 285
138 295
138 144
139 177
139 191
139 201
139 251
140 161
140 167
140 199
140 213
140 219
140 224
140 232
140 239
140 265
140 269
140 272
140 287
140 290
141 153
141 170
141 187
141 196
141 221
141 249
141 250
141 262
142 150
142 176
142 194
142 204
142 249
142 256
143 161
143 162
143 203
143 212
143 230
143 233
143 275
143 297
143 299
143 197
143 237
144 284
144 285
144 289
145 180
145 221
145 272
146 149
146 202
146 292
147 148
147 179
147 180
147 209
147 235
147 247
147 249
147 264
147 265
147 288
147 292
148 152
148 172
148 185
148 299
149 177
149 179
149 199
149 208
149 240
149 260
149 268
149 277
150 153
150 184
150 191
150 206
150 210
150 222
150 224
150 226
150 262
150 293
151 177
151 184
151 201
151 223
151 229
151 234
151 289
151 291
152 153
152 157
152 188
152 189
152 227
152 238
152 243
152 246
152 254
152 276
152 284
153 176
153 190
153 238
154 159
154 168
154 278
154 284
155 158
155 172
155 192
155 199
155 204
155 213
155 266
155 274
156 158
156 175
156 183
156 184
156 215
156 245
156 269
156 282
156 298
156 205
156 199
157 162
157 171
157 172
157 184
157 190
157 206
157 216
157 217
157 223
158 163
158 199
158 206
158 208
158 209
158 223
158 254
158 259
158 273
158 279
158 281
158 297
159 163
159 174
159 180
159 208
159 219
159 263
159 266
159 275
159 281
159 285
159 289
160 163
160 174
160 181
160 191
160 213
160 223
160 258
160 266
160 278
160 228
161 163
161 166
161 173
161 218
161 252
161 294
162 188
162 286
162 201
163 191
163 198
163 212
163 277
163 292
163 192
164 166
164 172
164 178
164 197
164 222
164 234
164 273
164 292
164 294
164 170
165 181
165 209
165 231
165 244
165 259
165 264
166 168
166 232
166 234
166 268
167 176
167 183
167 184
167 249
167 257
167 262
167 272
168 246
168 249
168 287
169 201
169 204
169 242
170 186
170 288
171 187
171 189
171 191
171 197
171 219
171 245
171 256
171 267
171 277
171 283
172 182
172 194
172 201
172 244
172 252
172 263
172 281
172 292
173 183
173 187
173 220
173 278
174 175
174 193
174 196
174 231
174 296
174 299
175 202
175 240
175 262
175 268
175 271
175 297
176 235
176 250
176 282
177 226
177 229
178 197
178 219
178 266
178 291
179 194
179 251
180 217
180 238
180 248
180 250
181 182
182 186
182 187
182 203
182 218
182 233
182 253
182 273
182 278
182 280
182 293
183 191
183 195
183 214
183 220
183 225
183 241
183 250
183 251
184 185
184 190
184 240
184 250
184 254
185 220
185 224
185 226
185 228
185 247
185 288
186 204
186 209
186 212
186 224
186 240
186 257
186 195
187 194
187 215
187 227
187 248
187 266
187 294
188 191
188 192
188 193
188 204
188 267
188 293
188 206
188 211
189 200
189 206
189 228
189 243
189 250
189 261
189 282
190 215
190 250
190 282
190 287
190 225
191 217
191 252
191 273
191 276
192 246
192 287
192 297
193 201
193 259
193 273
194 225
194 234
194 241
194 250
194 264
194 232
195 209
195 224
195 231
195 249
195 262
195 277
195 283
195 267
196 221
196 277
196 279
196 284
197 235
197 256
198 210
198 214
198 223
198 225
198 227
198 237
198 268
198 290
199 230
199 270
200 202
200 273
201 202
201 221
201 229
201 231
201 253
201 263
202 253
202 290
203 210
203 253
203 254
204 216
204 247
204 250
204 256
204 277
205 207
205 208
205 216
205 225
205 266
205 275
206 208
206 275
206 278
206 288
206 292
206 226
207 237
207 262
208 218
208 243
208 279
209 252
209 256
209 259
210 218
210 275
211 244
211 253
211 257
211 271
212 239
212 241
212 255
212 261
212 274
212 290
212 297
213 238
213 255
214 259
214 297
215 234
215 298
216 260
216 271
217 218
218 266
218 269
218 284
218 281
219 239
219 240
219 241
219 295
220 272
220 283
221 261
221 265
222 280
222 289
223 229
224 280
225 268
225 282
226 235
226 258
227 245
228 243
228 282
229 270
229 236
230 259
230 261
231 234
231 244
231 265
232 233
232 247
233 242
233 285
234 240
234 243
234 253
234 276
236 263
237 254
237 293
238 258
238 270
238 294
239 272
242 250
242 261
242 286
242 295
243 294
244 269
245 265
246 274
246 280
246 287
248 251
248 269
248 276
248 292
249 282
249 287
249 292
251 274
252 274
252 279
253 283
254 261
254 264
254 267
254 268
254 280
257 270
257 283
259 270
259 296
260 284
263 275
264 267
264 284
264 285
265 285
268 270
268 290
270 296
270 297
272 286
272 291
274 296
280 293
282 295
283 299
287 288
287 290
287 294
287 297
288 291
290 293
296 299