619657662
11
300
3362
0 11
0 12
0 13
0 14
0 15
0 16
0 17
0 18
0 19
0 20
0 22
0 23
0 28
0 30
0 31
0 33
0 37
0 43
0 49
0 52
0 53
0 55
0 56
0 60
0 69
0 74
0 77
0 78
0 81
0 90
0 97
0 100
0 105
0 106
0 131
0 157
0 162
0 163
0 173
0 180
0 183
0 190
0 206
0 230
0 243
0 264
0 273
0 285
0 292
0 295
0 194
1 11
1 12
1 13
1 16
1 17
1 18
1 24
1 30
1 38
1 60
1 74
1 75
1 101
1 103
1 111
1 120
1 125
1 155
1 243
1 281
1 27
1 61
1 67
2 11
2 12
2 13
2 14
2 17
2 19
2 20
2 21
2 22
2 23
2 29
2 36
2 38
2 41
2 50
2 51
2 60
2 61
2 63
2 74
2 91
2 97
2 101
2 106
2 110
2 111
2 112
2 132
2 137
2 155
2 159
2 169
2 185
2 199
2 209
2 221
2 225
2 226
2 229
2 237
2 249
2 250
2 275
2 288
2 294
2 15
2 44
3 11
3 12
3 13
3 14
3 15
3 16
3 20
3 21
3 22
3 27
3 29
3 41
3 47
3 49
3 61
3 64
3 66
3 73
3 98
3 102
3 124
3 152
3 161
3 164
3 168
3 175
3 176
3 206
3 211
3 224
3 251
3 268
3 273
3 282
3 286
3 79
4 11
4 12
4 14
4 15
4 16
4 17
4 18
4 19
4 21
4 26
4 27
4 30
4 33
4 34
4 42
4 49
4 51
4 55
4 89
4 107
4 123
4 128
4 129
4 130
4 136
4 143
4 156
4 201
4 228
4 254
4 261
4 267
4 278
4 65
4 249
5 11
5 12
5 13
5 14
5 15
5 16
5 18
5 23
5 25
5 26
5 28
5 29
5 31
5 36
5 39
5 42
5 43
5 46
5 52
5 54
5 58
5 59
5 60
5 63
5 65
5 72
5 76
5 79
5 81
5 85
5 91
5 123
5 125
5 126
5 131
5 134
5 167
5 181
5 233
5 244
5 276
5 299
5 281
6 11
6 12
6 13
6 14
6 15
6 16
6 18
6 28
6 33
6 35
6 39
6 48
6 57
6 62
6 63
6 69
6 80
6 81
6 102
6 111
6 126
6 138
6 158
6 186
6 189
6 205
6 218
6 228
6 254
6 260
6 279
6 281
6 258
7 11
7 12
7 13
7 60
7 97
7 119
7 133
7 145
7 190
7 277
7 171
8 11
8 12
8 13
8 14
8 15
8 16
8 17
8 19
8 22
8 23
8 24
8 36
8 40
8 41
8 42
8 58
8 59
8 60
8 62
8 68
8 71
8 75
8 77
8 105
8 110
8 117
8 129
8 139
8 152
8 185
8 195
8 198
8 226
8 242
8 267
8 283
8 284
8 92
8 227
9 11
9 14
9 20
9 21
9 31
9 117
9 134
9 136
9 143
9 161
9 177
9 288
9 133
9 192
10 11
10 12
10 13
10 15
10 17
10 18
10 19
10 20
10 22
10 24
10 26
10 27
10 31
10 38
10 39
10 41
10 44
10 45
10 47
10 48
10 53
10 69
10 71
10 72
10 75
10 76
10 79
10 80
10 81
10 99
10 111
10 118
10 120
10 123
10 126
10 140
10 150
10 168
10 185
10 189
10 196
10 213
10 259
10 260
10 280
10 288
10 194
10 70
10 127
11 12
11 13
11 14
11 15
11 16
11 17
11 19
11 20
11 21
11 22
11 25
11 26
11 27
11 29
11 30
11 32
11 33
11 35
11 37
11 38
11 43
11 45
11 47
11 55
11 58
11 61
11 63
11 66
11 67
11 68
11 72
11 73
11 74
11 76
11 77
11 79
11 82
11 86
11 88
11 91
11 95
11 96
11 97
11 98
11 100
11 101
11 103
11 110
11 117
11 119
11 121
11 124
11 127
11 129
11 132
11 137
11 140
11 144
11 147
11 148
11 149
11 151
11 156
11 165
11 169
11 172
11 175
11 178
11 182
11 184
11 186
11 201
11 205
11 217
11 218
11 227
11 244
11 260
11 266
11 269
11 271
11 272
11 291
11 292
11 294
11 295
11 296
11 299
11 234
11 39
11 215
11 254
12 13
12 14
12 15
12 16
12 17
12 19
12 20
12 21
12 22
12 24
12 25
12 29
12 30
12 31
12 32
12 34
12 36
12 38
12 40
12 41
12 42
12 44
12 47
12 52
12 54
12 55
12 60
12 61
12 63
12 67
12 68
12 71
12 73
12 75
12 85
12 94
12 102
12 105
12 114
12 116
12 118
12 127
12 132
12 140
12 148
12 157
12 160
12 186
12 200
12 202
12 221
12 225
12 237
12 243
12 245
12 257
12 273
12 280
12 285
12 287
12 172
12 176
13 14
13 15
13 16
13 17
13 18
13 20
13 21
13 23
13 25
13 26
13 27
13 34
13 36
13 37
13 39
13 40
13 42
13 44
13 45
13 47
13 48
13 51
13 53
13 55
13 58
13 60
13 62
13 64
13 68
13 69
13 71
13 73
13 81
13 83
13 84
13 87
13 90
13 92
13 94
13 95
13 105
13 110
13 113
13 115
13 119
13 126
13 135
13 138
13 145
13 148
13 153
13 159
13 160
13 166
13 180
13 182
13 183
13 188
13 189
13 191
13 192
13 196
13 197
13 202
13 203
13 216
13 222
13 230
13 233
13 238
13 244
13 255
13 256
13 257
13 258
13 277
13 278
13 283
13 293
13 296
13 299
13 224
13 187
14 15
14 18
14 19
14 21
14 23
14 24
14 25
14 26
14 27
14 28
14 29
14 30
14 31
14 32
14 33
14 34
14 35
14 38
14 42
14 44
14 45
14 46
14 49
14 50
14 53
14 57
14 59
14 61
14 63
14 64
14 65
14 67
14 81
14 87
14 88
14 91
14 93
14 108
14 113
14 120
14 124
14 142
14 147
14 148
14 149
14 162
14 163
14 166
14 170
14 188
14 194
14 197
14 198
14 204
14 207
14 209
14 210
14 228
14 253
14 256
14 260
14 270
14 272
14 287
14 115
15 16
15 17
15 18
15 22
15 23
15 25
15 26
15 28
15 29
15 30
15 32
15 33
15 35
15 36
15 37
15 39
15 40
15 43
15 46
15 59
15 68
15 69
15 70
15 71
15 72
15 74
15 76
15 78
15 80
15 81
15 83
15 88
15 89
15 93
15 99
15 101
15 104
15 109
15 121
15 122
15 125
15 130
15 132
15 134
15 146
15 166
15 174
15 191
15 195
15 198
15 199
15 204
15 213
15 216
15 217
15 220
15 231
15 242
15 243
15 244
15 247
15 249
15 252
15 255
15 266
15 267
15 268
15 272
15 279
15 283
15 284
15 299
15 175
15 87
15 105
15 140
15 161
16 17
16 18
16 19
16 22
16 23
16 24
16 25
16 26
16 29
16 30
16 33
16 34
16 35
16 42
16 45
16 46
16 48
16 49
16 50
16 51
16 52
16 56
16 59
16 60
16 63
16 70
16 81
16 82
16 85
16 87
16 90
16 111
16 114
16 128
16 130
16 137
16 140
16 142
16 143
16 145
16 149
16 152
16 154
16 161
16 167
16 174
16 182
16 194
16 200
16 207
16 210
16 217
16 220
16 221
16 240
16 257
16 263
16 271
16 290
17 18
17 19
17 20
17 24
17 25
17 26
17 27
17 28
17 31
17 37
17 43
17 45
17 47
17 48
17 49
17 52
17 58
17 61
17 62
17 65
17 76
17 77
17 80
17 88
17 96
17 99
17 102
17 105
17 106
17 107
17 116
17 121
17 129
17 133
17 135
17 136
17 144
17 151
17 154
17 159
17 160
17 172
17 173
17 178
17 182
17 189
17 193
17 197
17 204
17 212
17 213
17 221
17 229
17 234
17 235
17 241
17 243
17 245
17 261
17 268
17 269
17 270
17 274
17 283
17 286
17 287
17 297
17 54
17 55
18 19
18 20
18 21
18 22
18 24
18 25
18 29
18 32
18 36
18 44
18 49
18 50
18 52
18 58
18 70
18 72
18 76
18 80
18 87
18 89
18 90
18 91
18 92
18 95
18 108
18 113
18 117
18 120
18 133
18 139
18 144
18 151
18 152
18 164
18 171
18 176
18 177
18 178
18 185
18 199
18 207
18 209
18 210
18 217
18 220
18 224
18 231
18 233
18 239
18 242
18 251
18 252
18 254
18 262
18 263
18 265
18 289
18 35
18 259
19 20
19 21
19 22
19 23
19 24
19 27
19 28
19 37
19 39
19 41
19 42
19 43
19 44
19 47
19 61
19 64
19 65
19 66
19 70
19 77
19 79
19 80
19 82
19 87
19 98
19 100
19 102
19 104
19 114
19 131
19 135
19 139
19 149
19 150
19 167
19 168
19 171
19 178
19 179
19 183
19 185
19 189
19 213
19 218
19 231
19 241
19 243
19 251
19 266
19 269
19 273
19 298
19 73
19 120
20 21
20 23
20 24
20 25
20 26
20 27
20 28
20 31
20 32
20 33
20 46
20 50
20 53
20 60
20 64
20 65
20 69
20 71
20 79
20 92
20 98
20 103
20 146
20 160
20 170
20 171
20 179
20 207
20 211
20 213
20 238
20 270
20 271
20 42
20 173
20 197
21 25
21 27
21 32
21 35
21 43
21 45
21 47
21 48
21 49
21 52
21 55
21 56
21 57
21 63
21 72
21 75
21 76
21 83
21 102
21 109
21 110
21 112
21 118
21 125
21 137
21 144
21 145
21 149
21 151
21 152
21 153
21 155
21 158
21 162
21 177
21 180
21 198
21 206
21 217
21 219
21 227
21 233
21 243
21 249
21 253
21 257
21 278
21 291
22 23
22 26
22 28
22 30
22 34
22 35
22 36
22 48
22 51
22 59
22 66
22 67
22 69
22 70
22 72
22 73
22 77
22 79
22 82
22 85
22 94
22 95
22 96
22 97
22 116
22 133
22 143
22 162
22 164
22 168
22 169
22 173
22 176
22 193
22 195
22 196
22 200
22 203
22 212
22 214
22 217
22 238
22 258
22 262
22 264
22 265
22 267
22 278
22 285
22 294
22 179
22 147
22 279
23 24
23 31
23 32
23 33
23 34
23 35
23 36
23 46
23 54
23 66
23 67
23 69
23 71
23 79
23 83
23 86
23 89
23 92
23 94
23 103
23 110
23 127
23 137
23 142
23 146
23 170
23 181
23 198
23 209
23 211
23 230
23 238
23 270
23 284
23 290
23 116
24 29
24 35
24 40
24 47
24 52
24 54
24 57
24 67
24 70
24 72
24 73
24 77
24 89
24 93
24 102
24 110
24 119
24 124
24 127
24 134
24 141
24 143
24 148
24 157
24 164
24 229
24 239
24 275
24 276
24 288
24 289
24 139
25 27
25 28
25 31
25 32
25 33
25 39
25 40
25 44
25 45
25 46
25 53
25 56
25 57
25 59
25 71
25 78
25 87
25 88
25 90
25 91
25 98
25 99
25 100
25 102
25 103
25 106
25 117
25 118
25 123
25 127
25 130
25 140
25 143
25 150
25 151
25 155
25 159
25 162
25 165
25 169
25 183
25 189
25 193
25 221
25 224
25 250
25 259
25 275
25 277
25 279
25 296
25 82
26 28
26 29
26 34
26 37
26 49
26 51
26 52
26 57
26 76
26 80
26 84
26 98
26 100
26 103
26 117
26 125
26 131
26 140
26 159
26 175
26 197
26 201
26 204
26 235
26 248
26 54
27 30
27 32
27 51
27 59
27 68
27 94
27 104
27 106
27 110
27 115
27 119
27 122
27 125
27 136
27 143
27 146
27 158
27 163
27 169
27 185
27 222
27 224
27 227
27 235
27 249
27 252
27 257
27 268
27 271
27 282
27 283
27 291
27 139
28 34
28 38
28 39
28 48
28 53
28 54
28 55
28 65
28 106
28 125
28 165
28 178
28 208
28 217
28 219
28 227
28 238
28 256
28 266
28 276
28 295
29 30
29 32
29 36
29 37
29 40
29 41
29 50
29 58
29 65
29 73
29 85
29 89
29 108
29 112
29 116
29 130
29 154
29 165
29 178
29 181
29 201
29 214
29 215
29 230
29 238
29 270
29 279
29 237
30 31
30 33
30 35
30 36
30 38
30 40
30 43
30 44
30 46
30 47
30 49
30 53
30 54
30 57
30 58
30 78
30 80
30 83
30 92
30 93
30 98
30 110
30 115
30 128
30 130
30 144
30 145
30 155
30 162
30 182
30 184
30 188
30 217
30 230
30 232
30 245
30 246
30 267
30 273
31 37
31 42
31 44
31 45
31 54
31 58
31 65
31 69
31 79
31 82
31 87
31 90
31 93
31 94
31 98
31 103
31 111
31 117
31 118
31 120
31 121
31 122
31 123
31 130
31 131
31 138
31 142
31 144
31 145
31 153
31 173
31 186
31 208
31 212
31 217
31 229
31 239
31 254
31 274
31 280
31 289
31 141
31 100
31 136
32 34
32 35
32 38
32 44
32 45
32 48
32 50
32 52
32 53
32 54
32 61
32 71
32 72
32 86
32 103
32 112
32 115
32 118
32 120
32 123
32 135
32 142
32 143
32 145
32 161
32 162
32 168
32 206
32 210
32 222
32 223
32 227
32 257
32 268
32 298
32 155
32 65
32 251
33 34
33 37
33 38
33 39
33 41
33 67
33 87
33 89
33 98
33 107
33 112
33 116
33 122
33 132
33 156
33 166
33 174
33 175
33 181
33 182
33 188
33 189
33 202
33 274
33 278
33 297
33 228
33 88
34 38
34 40
34 41
34 42
34 43
34 48
34 55
34 56
34 63
34 64
34 67
34 69
34 70
34 73
34 81
34 82
34 85
34 96
34 99
34 105
34 112
34 113
34 114
34 115
34 116
34 131
34 137
34 138
34 140
34 158
34 160
34 162
34 163
34 165
34 176
34 185
34 191
34 196
34 207
34 210
34 214
34 217
34 218
34 228
34 232
34 237
34 243
34 250
34 258
34 259
34 262
34 284
34 291
34 297
34 95
35 40
35 46
35 56
35 59
35 67
35 80
35 82
35 85
35 118
35 126
35 129
35 133
35 140
35 154
35 166
35 192
35 207
35 211
35 213
35 214
35 219
35 220
35 233
35 234
35 236
35 280
36 37
36 39
36 43
36 44
36 45
36 47
36 50
36 53
36 55
36 56
36 59
36 64
36 66
36 80
36 86
36 88
36 92
36 93
36 95
36 99
36 104
36 109
36 112
36 120
36 129
36 134
36 147
36 150
36 153
36 171
36 172
36 174
36 178
36 181
36 190
36 215
36 218
36 225
36 228
36 237
36 238
36 241
36 250
36 261
36 42
36 96
37 39
37 40
37 46
37 51
37 55
37 57
37 64
37 77
37 88
37 100
37 120
37 121
37 135
37 137
37 149
37 151
37 156
37 174
37 182
37 202
37 257
37 261
37 263
37 292
37 295
37 298
37 47
37 63
38 41
38 51
38 57
38 60
38 63
38 73
38 75
38 82
38 83
38 85
38 86
38 91
38 92
38 95
38 96
38 101
38 105
38 122
38 127
38 128
38 134
38 142
38 145
38 147
38 152
38 158
38 167
38 170
38 172
38 197
38 203
38 234
38 249
38 256
38 265
38 282
38 287
38 288
38 289
38 294
38 117
38 126
38 198
38 292
39 42
39 46
39 48
39 49
39 51
39 58
39 62
39 65
39 76
39 87
39 90
39 96
39 113
39 121
39 127
39 133
39 135
39 136
39 137
39 153
39 221
39 237
39 241
39 260
39 284
39 188
39 226
40 41
40 58
40 73
40 78
40 93
40 98
40 100
40 104
40 115
40 120
40 132
40 153
40 154
40 163
40 180
40 188
40 205
40 219
40 224
40 226
40 234
40 263
40 273
40 286
40 231
40 77
41 43
41 54
41 55
41 66
41 67
41 70
41 79
41 84
41 91
41 99
41 104
41 108
41 115
41 118
41 124
41 177
41 218
41 226
41 239
41 246
41 101
42 68
42 72
42 82
42 84
42 94
42 96
42 97
42 100
42 106
42 128
42 146
42 172
42 192
42 196
42 199
42 204
42 208
42 228
42 231
42 245
42 252
42 254
42 272
43 74
43 75
43 104
43 105
43 124
43 141
43 146
43 172
43 216
43 220
43 241
43 248
43 266
43 292
43 129
43 217
44 50
44 51
44 56
44 70
44 77
44 86
44 95
44 107
44 108
44 109
44 124
44 127
44 130
44 132
44 133
44 141
44 150
44 185
44 206
44 224
44 247
44 253
44 255
44 267
44 295
44 299
45 74
45 75
45 83
45 94
45 102
45 123
45 137
45 152
45 169
45 172
45 173
45 216
45 244
45 247
45 251
45 279
46 50
46 52
46 62
46 66
46 73
46 90
46 96
46 107
46 154
46 156
46 157
46 163
46 181
46 190
46 232
46 236
46 237
46 262
46 269
46 290
46 293
46 48
47 50
47 56
47 61
47 62
47 64
47 84
47 88
47 92
47 99
47 122
47 123
47 128
47 130
47 138
47 139
47 158
47 176
47 179
47 181
47 185
47 193
47 203
47 215
47 216
47 223
47 234
47 236
47 242
47 256
47 151
48 56
48 66
48 85
48 128
48 134
48 138
48 144
48 153
48 165
48 187
48 274
48 298
48 127
49 54
49 56
49 70
49 78
49 82
49 95
49 113
49 114
49 134
49 157
49 167
49 192
49 212
49 216
49 228
49 232
49 270
49 276
49 290
49 298
49 131
50 53
50 54
50 63
50 65
50 75
50 80
50 83
50 84
50 106
50 109
50 117
50 183
50 184
50 187
50 191
50 205
50 208
50 214
50 215
50 219
50 246
50 252
50 261
50 264
50 163
51 59
51 77
51 78
51 112
51 127
51 150
51 213
51 260
51 261
51 263
51 270
51 293
52 57
52 61
52 68
52 78
52 91
52 119
52 131
52 141
52 149
52 155
52 179
52 186
52 205
52 223
52 235
52 260
52 96
52 194
53 71
53 102
53 119
53 128
53 131
53 139
53 140
53 178
53 207
53 233
53 236
53 248
53 252
53 261
53 298
53 235
54 67
54 86
54 111
54 124
54 138
54 255
55 57
55 69
55 79
55 86
55 88
55 89
55 95
55 97
55 104
55 155
55 171
55 175
55 195
55 207
55 298
56 61
56 62
56 65
56 72
56 94
56 97
56 103
56 105
56 111
56 119
56 128
56 139
56 151
56 157
56 177
56 224
56 253
56 254
56 289
56 80
57 74
57 78
57 81
57 89
57 92
57 101
57 116
57 138
57 141
57 153
57 169
57 171
57 194
57 199
57 212
57 230
57 241
57 277
57 113
58 62
58 68
58 71
58 76
58 85
58 90
58 93
58 104
58 134
58 135
58 167
58 191
58 243
59 62
59 64
59 66
59 81
59 82
59 83
59 84
59 96
59 109
59 142
59 178
59 183
59 218
59 227
59 238
59 255
59 268
59 273
59 278
59 155
60 64
60 85
60 92
60 116
60 121
60 122
60 126
60 147
60 163
60 165
60 170
60 182
60 183
60 211
60 212
60 221
60 236
60 244
60 245
60 246
60 259
60 298
60 194
60 157
61 62
61 74
61 113
61 136
61 138
61 154
61 174
61 176
61 180
61 194
61 213
61 218
61 232
61 171
61 282
62 68
62 96
62 101
62 160
62 168
62 173
62 198
62 292
62 87
63 108
63 109
63 110
63 111
63 118
63 121
63 161
63 180
63 226
63 206
64 83
64 84
64 90
64 100
64 107
64 108
64 114
64 116
64 119
64 121
64 126
64 135
64 137
64 144
64 146
64 149
64 156
64 162
64 166
64 188
64 200
64 221
64 222
64 249
64 264
64 284
64 253
64 82
65 66
65 68
65 70
65 74
65 77
65 89
65 99
65 100
65 101
65 104
65 111
65 126
65 129
65 177
65 187
65 192
65 210
65 215
65 218
65 219
65 248
65 250
65 254
65 277
65 284
65 299
65 81
65 252
65 274
65 275
66 114
66 121
66 144
66 152
66 159
66 164
66 198
66 215
66 223
66 225
66 258
66 274
66 275
66 277
66 280
66 297
66 166
67 75
67 78
67 83
67 84
67 91
67 97
67 160
67 176
67 179
67 187
67 201
67 208
67 211
67 214
67 221
67 222
67 228
67 291
67 296
67 299
68 78
68 90
68 105
68 106
68 114
68 166
68 193
68 208
68 229
68 235
68 240
68 256
68 264
68 266
69 79
69 97
69 124
69 164
69 175
69 201
69 227
69 240
69 244
69 265
69 269
69 289
69 291
70 75
70 93
70 104
70 107
70 123
70 141
70 144
70 164
70 167
70 171
70 172
70 195
70 196
70 200
70 205
70 241
70 257
70 269
70 279
70 287
71 74
71 87
71 126
71 134
71 147
71 154
71 163
71 174
71 190
71 204
71 218
71 258
71 272
71 273
71 281
71 142
71 196
72 76
72 106
72 113
72 139
72 151
72 153
72 203
72 221
72 245
72 246
72 162
73 86
73 94
73 108
73 112
73 113
73 141
73 148
73 239
73 251
73 293
73 216
74 92
74 105
74 107
74 143
74 177
74 181
74 184
74 186
74 252
74 255
74 259
75 84
75 108
75 109
75 118
75 123
75 126
75 168
75 185
75 188
75 197
75 207
75 240
75 259
76 115
76 128
76 197
76 222
77 98
77 99
77 107
77 111
77 125
77 160
77 179
77 205
77 219
77 246
77 285
78 146
78 153
78 180
78 184
78 214
78 106
79 106
79 116
79 122
79 141
79 149
79 160
79 174
79 184
79 186
79 204
79 214
79 263
79 265
79 267
79 271
80 93
80 94
80 107
80 109
80 142
80 190
80 197
80 223
80 266
80 270
80 282
80 293
81 86
81 93
81 95
81 100
81 127
81 139
81 145
81 146
81 187
81 192
81 194
81 205
81 209
81 232
81 247
81 255
81 259
81 275
81 283
81 287
81 293
81 299
82 84
82 115
82 120
82 130
82 154
82 161
82 163
82 167
82 169
82 170
82 171
82 202
82 220
82 242
82 269
83 91
83 112
83 131
83 156
83 165
83 175
83 182
83 197
83 199
83 211
83 256
83 265
83 295
83 124
84 86
84 89
84 97
84 101
84 108
84 109
84 124
84 141
84 149
84 157
84 177
84 180
84 183
84 191
84 192
84 193
84 216
84 231
84 233
84 254
84 269
84 271
84 274
84 277
85 88
85 96
85 154
85 165
85 183
85 193
85 196
85 201
85 214
85 226
85 235
85 286
86 87
86 88
86 99
86 114
86 115
86 117
86 129
86 133
86 140
86 174
86 182
86 194
86 199
86 213
86 232
86 258
86 105
86 276
87 103
87 136
87 175
87 242
87 297
88 102
88 162
88 164
88 176
88 178
88 179
88 200
88 241
88 294
88 295
88 103
89 95
89 117
89 125
89 132
89 148
89 169
89 240
89 242
89 247
89 275
89 280
90 142
90 164
90 170
90 186
90 196
90 232
90 246
90 248
90 251
90 272
90 275
90 297
90 109
91 118
91 120
91 139
91 155
91 239
91 248
91 253
91 275
91 293
91 201
92 101
92 135
92 144
92 157
92 159
92 184
92 231
92 285
92 245
92 289
93 147
93 160
93 171
93 198
93 237
93 276
93 114
94 101
94 107
94 113
94 116
94 122
94 145
94 147
94 154
94 166
94 175
94 203
94 212
94 219
94 236
94 238
94 245
94 246
94 247
94 262
94 292
94 296
94 257
95 133
95 141
95 181
95 206
95 229
95 282
95 288
95 231
96 138
96 145
96 157
96 249
96 256
96 258
97 108
97 146
97 200
97 215
97 231
97 236
97 238
98 155
98 162
98 239
98 247
98 277
98 238
99 109
99 166
99 169
99 186
99 195
99 229
99 231
99 248
99 254
99 296
99 210
100 103
100 112
100 149
100 168
100 174
100 194
100 202
100 206
100 216
100 258
100 222
101 114
101 117
101 119
101 123
101 125
101 151
101 158
101 178
101 217
101 226
101 253
101 291
101 225
102 133
102 166
102 211
102 240
102 244
102 294
102 245
103 126
103 130
103 184
103 194
103 230
103 248
103 264
103 213
103 293
104 110
104 140
104 150
104 159
104 254
104 272
104 273
104 243
105 208
105 224
105 233
105 235
105 281
106 119
106 121
106 137
106 143
106 150
106 180
106 223
106 239
107 115
107 148
107 167
107 168
107 189
107 282
107 294
107 134
108 113
108 129
108 165
108 190
108 236
108 246
108 264
108 174
109 129
109 260
109 168
110 132
110 151
110 152
110 176
110 205
110 214
110 215
110 222
110 237
110 250
110 266
110 281
110 295
110 178
111 132
111 173
111 182
111 192
111 199
111 204
111 206
111 209
111 286
112 129
112 135
112 136
112 147
112 156
112 194
112 209
112 228
112 251
112 119
113 114
113 122
113 136
113 212
113 236
114 124
114 131
114 132
114 148
114 155
114 170
114 171
114 177
114 202
114 206
114 212
114 221
114 225
114 236
114 271
114 294
114 245
115 127
115 136
115 159
115 234
115 282
115 202
116 136
116 173
116 187
116 213
116 220
117 142
117 148
117 179
117 211
117 234
117 232
118 122
118 190
118 196
118 207
118 285
119 135
119 143
119 151
119 202
120 147
120 150
120 173
120 191
120 196
120 245
121 131
121 133
121 139
121 156
121 158
121 216
121 222
121 259
121 282
121 290
121 299
122 125
122 168
122 202
122 208
122 232
122 263
122 297
123 153
123 158
123 161
123 179
123 192
123 225
123 279
123 167
124 134
124 158
124 242
124 264
124 292
125 128
125 164
125 203
125 136
125 230
126 163
126 257
126 263
127 220
127 230
127 260
128 142
128 201
128 268
128 290
128 211
129 152
129 161
129 165
129 167
129 228
129 229
129 277
129 283
129 248
130 141
130 190
130 213
130 293
131 147
131 188
131 202
131 203
131 204
131 274
132 148
132 176
132 187
132 189
132 190
132 251
132 261
132 262
132 291
132 239
132 152
133 139
133 173
133 188
133 195
133 277
133 289
134 150
134 180
134 194
134 196
134 198
134 266
134 278
135 229
135 278
135 180
135 191
135 201
136 146
136 200
136 204
136 207
136 286
137 138
137 157
137 161
137 170
137 202
137 203
137 229
137 234
137 244
137 248
137 250
137 262
137 281
137 237
137 260
138 156
138 210
138 235
138 238
139 190
139 195
139 198
139 248
140 166
140 177
140 179
140 242
140 294
141 181
141 189
141 227
141 249
141 255
142 172
142 176
142 183
142 203
142 205
142 219
142 241
142 281
143 186
143 193
143 208
143 210
143 223
143 231
143 241
143 265
143 285
143 290
143 291
143 297
143 298
144 172
144 177
144 256
144 242
145 150
145 156
145 184
145 199
145 220
145 226
145 245
145 283
145 291
145 172
146 170
146 281
146 207
147 163
147 164
147 170
147 179
147 259
147 274
148 169
148 263
148 287
149 161
149 195
150 152
150 157
150 159
150 174
150 187
150 197
150 205
150 287
150 290
150 244
151 225
152 168
152 192
153 155
153 261
153 292
153 296
153 297
153 219
154 158
154 173
154 218
155 175
155 245
155 286
155 297
156 167
156 172
156 181
156 219
156 235
156 294
157 159
157 160
157 161
157 189
157 199
157 222
157 240
157 258
157 276
158 208
158 209
158 252
158 264
159 220
159 228
159 269
160 185
160 219
161 201
161 204
161 230
161 245
161 254
161 258
161 287
162 208
162 225
162 244
162 175
163 180
163 184
163 191
163 225
163 267
163 285
163 286
164 209
164 222
164 232
164 233
164 279
164 281
164 285
165 193
165 200
165 203
165 227
165 283
166 171
166 187
166 197
166 201
166 286
167 191
167 211
167 214
167 240
167 265
167 276
167 250
168 175
168 224
168 253
168 280
168 286
168 291
168 292
169 184
169 193
169 215
169 241
170 210
170 223
170 264
170 284
170 294
171 186
171 284
171 219
172 183
172 187
172 199
172 249
172 284
172 292
173 239
173 247
173 244
174 194
174 231
174 212
175 187
175 209
175 222
176 207
176 212
176 266
176 262
176 277
177 246
177 262
177 275
177 289
178 192
178 195
178 206
178 237
178 272
178 279
179 188
179 191
179 224
179 253
179 279
179 282
179 283
179 293
180 188
180 195
180 281
180 213
180 205
181 191
181 200
181 289
182 249
183 250
184 226
184 264
184 271
184 280
185 250
185 271
186 266
186 283
187 237
187 263
187 199
188 211
188 223
188 233
188 243
188 259
188 278
188 296
189 201
189 240
190 231
190 283
190 251
191 193
191 198
191 224
191 247
191 270
192 218
192 273
193 200
193 225
193 256
193 263
193 280
193 297
196 232
196 253
196 256
196 268
196 285
197 292
198 242
198 298
199 209
199 212
199 239
199 255
199 269
199 281
200 272
201 239
201 242
201 247
201 270
201 295
202 210
202 277
203 206
203 251
203 228
204 230
204 249
204 271
205 210
205 215
205 266
206 225
206 290
207 235
207 240
207 255
207 299
207 271
208 216
208 268
208 240
209 269
210 230
210 240
210 287
210 288
211 227
211 298
212 216
212 268
212 276
213 223
213 227
213 234
213 257
214 215
214 223
214 255
215 226
215 282
215 288
216 229
217 226
217 288
217 296
218 236
218 253
218 268
219 220
219 235
219 244
219 267
219 276
221 287
221 290
222 233
222 251
222 288
224 265
224 296
224 250
225 271
226 252
226 262
226 272
227 246
227 252
227 267
229 234
229 284
230 253
230 274
230 280
230 295
231 278
231 298
232 258
232 265
232 246
233 234
233 237
234 260
234 261
234 276
235 243
235 250
235 282
236 260
237 238
237 257
237 262
238 262
238 288
239 275
239 276
239 293
240 267
241 250
241 251
245 248
245 272
246 247
247 273
250 256
250 259
250 270
251 252
251 261
251 285
255 274
255 279
258 297
259 264
259 294
260 270
261 274
264 265
264 279
265 280
265 296
266 288
267 286
270 273
270 289
270 299
273 275
274 278
277 281
277 286
280 290
280 291
280 295
282 293
283 289
287 287
288 296