634967267
6
300
1831
0 6
0 7
0 8
0 14
0 21
0 33
0 36
0 38
0 42
0 48
0 52
0 63
0 69
0 75
0 88
0 90
0 98
0 118
0 123
0 134
0 135
0 141
0 156
0 192
0 195
0 196
0 198
0 227
0 250
0 255
0 277
0 278
0 53
0 203
1 6
1 7
1 9
1 14
1 17
1 22
1 28
1 29
1 37
1 42
1 43
1 44
1 48
1 50
1 55
1 68
1 99
1 102
1 106
1 109
1 113
1 140
1 183
1 194
1 198
1 203
1 204
1 222
1 227
2 6
2 7
2 8
2 10
2 14
2 18
2 20
2 21
2 22
2 23
2 24
2 28
2 29
2 34
2 35
2 45
2 46
2 47
2 56
2 58
2 76
2 99
2 107
2 114
2 120
2 138
2 142
2 159
2 170
2 174
2 183
2 223
2 57
3 6
3 9
3 10
3 21
3 34
3 37
3 41
3 67
3 70
3 94
3 98
3 104
3 118
3 120
3 123
3 129
3 132
3 145
3 152
3 154
3 166
3 191
3 192
3 223
3 226
3 269
3 292
3 206
4 6
4 7
4 8
4 9
4 11
4 15
4 19
4 22
4 28
4 30
4 33
4 41
4 49
4 51
4 56
4 62
4 65
4 68
4 70
4 78
4 89
4 96
4 103
4 111
4 112
4 116
4 122
4 135
4 136
4 142
4 143
4 188
4 204
4 221
4 224
4 228
4 249
4 250
4 289
4 187
5 6
5 7
5 8
5 9
5 10
5 12
5 14
5 16
5 22
5 24
5 32
5 44
5 49
5 54
5 58
5 60
5 64
5 68
5 113
5 136
5 139
5 150
5 159
5 168
5 175
5 184
5 189
5 210
5 218
5 253
5 262
6 7
6 8
6 9
6 10
6 11
6 12
6 13
6 15
6 16
6 17
6 20
6 22
6 23
6 25
6 27
6 31
6 32
6 35
6 38
6 43
6 44
6 50
6 52
6 59
6 60
6 73
6 78
6 81
6 82
6 83
6 84
6 87
6 94
6 95
6 105
6 107
6 108
6 115
6 120
6 122
6 131
6 147
6 152
6 155
6 161
6 164
6 174
6 177
6 178
6 181
6 194
6 203
6 210
6 262
6 270
6 276
6 283
6 285
6 288
6 291
7 8
7 11
7 12
7 13
7 14
7 18
7 19
7 21
7 24
7 26
7 27
7 30
7 32
7 34
7 36
7 45
7 48
7 49
7 52
7 55
7 56
7 58
7 61
7 62
7 63
7 73
7 76
7 77
7 86
7 92
7 93
7 94
7 95
7 98
7 101
7 103
7 106
7 119
7 121
7 126
7 143
7 151
7 156
7 160
7 161
7 166
7 184
7 187
7 202
7 203
7 205
7 224
7 237
7 241
7 252
7 253
7 264
7 267
7 273
7 294
7 259
7 289
7 218
8 9
8 10
8 11
8 12
8 15
8 16
8 17
8 20
8 21
8 24
8 25
8 26
8 29
8 30
8 34
8 47
8 48
8 59
8 62
8 67
8 70
8 71
8 73
8 85
8 87
8 91
8 117
8 122
8 132
8 135
8 138
8 153
8 158
8 177
8 181
8 186
8 215
8 230
8 234
8 246
8 249
8 260
8 280
8 281
9 10
9 11
9 13
9 16
9 17
9 18
9 20
9 25
9 40
9 59
9 67
9 74
9 90
9 92
9 99
9 103
9 104
9 111
9 115
9 126
9 137
9 140
9 165
9 192
9 214
9 215
9 217
9 219
9 236
9 245
9 261
9 268
9 296
9 298
9 189
10 11
10 12
10 13
10 15
10 19
10 20
10 27
10 28
10 40
10 42
10 46
10 51
10 62
10 81
10 92
10 95
10 106
10 112
10 171
10 200
10 212
10 264
10 270
11 12
11 13
11 15
11 16
11 22
11 25
11 26
11 30
11 36
11 39
11 43
11 45
11 70
11 73
11 83
11 87
11 95
11 99
11 123
11 141
11 147
11 151
11 156
11 166
11 171
11 225
11 229
11 238
12 13
12 14
12 16
12 17
12 18
12 19
12 23
12 27
12 33
12 40
12 42
12 45
12 47
12 49
12 54
12 74
12 78
12 79
12 81
12 82
12 98
12 102
12 103
12 109
12 116
12 120
12 122
12 126
12 133
12 134
12 144
12 148
12 149
12 158
12 179
12 193
12 198
12 214
12 223
12 237
12 246
12 251
12 260
12 262
12 263
12 273
12 285
12 294
13 20
13 25
13 26
13 31
13 35
13 42
13 45
13 48
13 53
13 63
13 65
13 76
13 85
13 93
13 97
13 111
13 113
13 120
13 124
13 133
13 160
13 175
13 223
13 227
13 262
13 275
13 284
13 18
13 19
13 64
13 67
14 15
14 18
14 19
14 21
14 23
14 26
14 27
14 35
14 43
14 44
14 47
14 53
14 56
14 57
14 58
14 61
14 65
14 66
14 78
14 96
14 105
14 115
14 137
14 154
14 161
14 173
14 175
14 188
14 199
14 203
14 216
14 219
14 220
14 229
14 236
14 275
14 284
14 221
15 28
15 31
15 35
15 36
15 50
15 60
15 65
15 75
15 80
15 85
15 86
15 106
15 107
15 114
15 119
15 121
15 146
15 149
15 159
15 197
15 201
15 207
15 221
15 235
15 238
15 244
15 254
15 271
15 281
15 292
15 33
16 17
16 18
16 19
16 28
16 32
16 39
16 41
16 47
16 53
16 54
16 64
16 72
16 73
16 74
16 86
16 112
16 113
16 123
16 125
16 156
16 167
16 175
16 177
16 184
16 193
16 220
16 221
16 222
16 228
16 239
16 245
16 272
16 283
16 22
17 32
17 36
17 88
17 92
17 119
17 129
17 139
17 181
17 194
17 227
17 282
17 298
18 23
18 24
18 30
18 39
18 46
18 55
18 58
18 60
18 63
18 66
18 77
18 80
18 86
18 140
18 147
18 150
18 152
18 158
18 170
18 199
18 214
18 216
18 224
18 238
18 299
19 23
19 29
19 31
19 37
19 63
19 75
19 79
19 85
19 89
19 94
19 114
19 121
19 124
19 133
19 136
19 162
19 165
19 183
19 204
19 250
20 33
20 38
20 41
20 46
20 55
20 66
20 74
20 90
20 95
20 118
20 119
20 134
20 137
20 157
20 162
20 166
20 187
20 188
20 264
20 280
20 286
21 25
21 33
21 35
21 38
21 41
21 42
21 48
21 71
21 81
21 91
21 114
21 121
21 124
21 132
21 144
21 151
21 171
21 185
21 187
21 203
21 253
21 282
22 29
22 66
22 67
22 69
22 71
22 82
22 84
22 105
22 115
22 165
22 167
22 170
22 174
22 191
22 213
22 240
22 243
22 247
22 249
22 274
22 284
22 286
22 289
22 292
22 299
22 89
22 230
23 24
23 26
23 29
23 30
23 31
23 34
23 45
23 57
23 58
23 62
23 94
23 118
23 124
23 131
23 141
23 145
23 157
23 178
23 194
23 239
23 243
23 247
23 254
23 277
23 295
23 140
24 31
24 51
24 54
24 61
24 134
24 145
24 150
24 173
24 178
24 203
24 176
25 27
25 34
25 40
25 43
25 67
25 77
25 83
25 116
25 117
25 129
25 136
25 137
25 138
25 139
25 143
25 151
25 158
25 163
25 180
25 189
25 191
25 205
25 222
25 241
25 247
25 248
25 277
25 287
26 64
26 76
26 109
26 145
26 161
27 38
27 44
27 78
27 81
27 87
27 91
27 99
27 139
27 147
27 149
27 173
27 193
27 195
27 246
27 281
27 294
27 70
27 39
27 63
28 37
28 41
28 52
28 84
28 106
28 111
28 148
29 37
29 40
29 56
29 72
29 83
29 84
29 93
29 110
29 146
29 169
29 174
29 176
29 182
29 198
29 240
29 268
29 297
30 33
30 39
30 49
30 53
30 64
30 90
30 93
30 109
30 112
30 152
30 175
30 222
30 239
30 266
30 273
30 279
30 289
31 32
31 37
31 39
31 40
31 53
31 55
31 68
31 79
31 86
31 91
31 96
31 101
31 120
31 122
31 132
31 173
31 198
31 200
31 207
31 216
31 217
32 39
32 51
32 81
32 88
32 130
32 146
32 230
32 234
32 288
33 36
33 46
33 47
33 51
33 63
33 111
33 127
33 128
33 140
33 159
33 170
33 172
33 176
33 195
33 205
33 219
33 254
33 265
33 278
33 279
33 283
33 293
33 296
34 38
34 64
34 66
34 69
34 72
34 85
34 87
34 112
34 128
34 157
34 167
34 202
34 211
34 232
34 246
34 290
34 291
34 297
34 299
35 56
35 57
35 59
35 89
35 95
35 100
35 112
35 127
35 129
35 161
35 162
35 169
35 176
35 186
35 230
35 231
35 252
35 265
35 287
35 295
35 174
36 43
36 44
36 50
36 60
36 67
36 76
36 77
36 83
36 89
36 100
36 102
36 108
36 110
36 113
36 124
36 125
36 134
36 149
36 165
36 171
36 182
36 210
36 211
36 226
36 228
36 246
36 247
36 248
36 269
36 282
36 284
36 177
37 49
37 57
37 74
37 108
37 140
37 142
37 157
37 176
37 213
37 217
37 275
38 71
38 80
38 85
38 98
38 107
38 113
38 151
38 153
38 159
38 168
38 180
38 181
38 212
38 258
38 274
38 276
38 286
39 50
39 104
39 201
39 206
40 46
40 52
40 54
40 59
40 119
40 127
40 130
40 138
40 162
40 187
40 239
40 244
41 68
41 69
41 75
41 105
41 117
41 148
41 189
41 261
41 60
42 59
42 74
42 96
42 125
42 128
42 145
42 169
42 172
42 228
42 260
42 274
43 65
43 83
43 132
43 154
43 254
43 263
44 64
44 71
44 75
44 97
44 101
44 109
44 126
44 128
44 172
44 241
44 245
44 257
45 52
45 71
45 92
45 164
45 263
45 266
45 298
45 258
46 50
46 51
46 53
46 60
46 62
46 69
46 110
46 155
46 222
46 251
47 54
47 55
47 72
47 116
47 122
47 138
47 195
48 70
48 82
48 94
48 131
48 179
48 230
49 220
49 258
49 263
50 140
50 243
50 257
50 259
51 61
51 82
51 109
51 136
51 141
51 153
51 178
51 192
51 217
51 186
52 78
52 84
52 86
52 93
52 123
52 150
52 155
52 176
52 177
52 180
52 191
52 235
52 250
53 61
53 88
53 232
53 234
53 248
53 288
54 57
54 73
54 91
54 128
54 157
54 162
54 185
54 201
55 102
55 131
55 147
55 149
55 206
55 235
55 237
55 270
55 297
56 57
56 69
56 79
56 116
56 259
56 271
57 61
57 239
57 254
57 280
57 86
58 65
58 79
58 90
58 92
58 102
58 154
58 163
58 164
58 177
58 193
58 211
58 226
58 259
58 295
58 168
58 247
59 108
59 124
59 135
59 168
59 177
59 212
59 249
60 68
60 93
60 115
60 137
60 143
60 189
60 206
60 255
61 66
61 84
61 133
61 144
61 158
61 163
61 169
62 80
62 97
62 107
62 111
62 117
62 178
62 186
62 195
62 201
62 268
63 72
63 88
63 125
63 127
63 144
63 258
64 72
64 75
64 129
64 141
64 150
64 164
64 170
64 189
64 251
64 261
64 266
64 278
65 80
65 89
65 100
65 110
65 118
65 142
65 172
65 190
65 193
65 247
66 76
66 207
66 216
66 218
66 242
66 291
67 70
67 87
67 104
67 202
67 246
67 276
68 77
68 105
68 108
68 136
68 208
68 267
68 281
68 236
69 80
69 96
69 101
69 104
69 146
69 179
69 194
69 227
69 228
69 242
69 74
70 79
70 154
70 184
70 229
70 288
70 298
71 147
71 186
72 89
72 155
72 221
72 243
72 261
72 271
72 275
72 92
73 184
73 241
73 285
73 287
73 271
74 103
74 133
74 148
74 158
74 166
74 170
74 178
74 188
74 196
74 197
74 207
74 242
74 256
75 77
75 90
75 97
75 100
75 101
75 185
75 198
75 252
75 286
76 88
76 105
76 116
76 134
76 168
76 182
76 183
76 224
76 239
76 249
76 256
76 262
77 82
77 121
77 148
77 217
78 100
78 180
78 184
78 225
78 240
78 241
79 91
79 98
79 189
79 212
79 220
80 97
80 114
80 157
81 110
81 130
81 191
81 205
81 208
81 220
81 253
81 264
81 286
82 100
82 117
82 174
82 264
83 221
83 233
83 84
84 103
84 121
84 125
84 131
84 145
84 150
84 160
84 173
84 182
84 185
84 210
84 232
84 263
84 270
84 274
84 292
84 296
85 99
85 104
85 106
85 107
85 117
85 149
85 163
85 263
85 145
86 97
86 200
86 211
86 214
86 215
86 255
87 129
87 165
87 166
87 207
87 208
87 213
87 260
88 153
88 171
88 180
89 142
89 146
89 182
89 187
89 207
89 234
92 96
92 135
92 154
92 221
92 257
92 270
92 195
92 124
93 152
93 187
93 280
94 127
95 101
95 128
95 188
95 202
95 248
96 119
96 123
96 126
96 163
96 213
96 214
96 226
96 258
96 272
97 130
97 209
97 211
97 213
97 231
97 292
98 102
98 143
98 201
98 269
98 276
99 130
99 185
99 205
99 213
99 240
99 241
101 236
101 238
102 138
102 202
103 118
103 153
103 156
103 169
103 256
104 200
105 108
105 110
105 218
105 265
105 269
106 127
106 146
106 275
106 289
106 290
107 135
107 173
107 175
107 190
107 226
107 232
108 115
108 160
108 172
108 195
108 226
108 255
109 271
110 231
110 244
110 265
110 276
111 125
111 180
111 194
111 230
111 273
112 131
112 144
112 225
112 284
113 114
113 144
113 167
113 171
113 215
113 237
113 240
113 261
113 296
114 130
114 137
114 159
115 156
115 162
115 179
115 204
115 237
116 141
116 271
117 197
117 247
118 179
118 182
119 152
119 164
119 181
119 208
119 229
119 262
120 139
120 159
120 169
120 188
120 199
120 278
121 167
121 209
121 228
122 260
123 148
123 164
123 209
123 223
123 266
124 126
124 142
124 277
125 133
125 174
125 233
125 236
125 245
127 143
127 197
127 238
127 265
128 132
128 185
128 196
128 231
129 168
129 242
129 289
130 160
130 190
132 183
132 219
132 267
133 298
133 200
133 283
134 161
134 165
134 197
134 251
134 261
134 266
134 163
135 153
135 179
135 183
135 209
135 256
135 290
136 139
136 160
136 288
138 151
138 196
138 285
138 293
139 190
139 259
139 267
139 238
140 235
141 205
141 215
141 235
141 285
142 168
142 260
143 155
143 196
143 209
143 218
144 181
144 236
145 186
145 298
146 230
146 234
147 281
147 286
151 155
151 215
152 191
152 272
153 163
153 201
153 204
155 260
156 278
156 290
156 297
157 167
157 192
157 209
159 172
160 186
160 197
160 206
161 176
161 291
162 219
162 280
162 288
162 291
162 222
163 199
163 204
163 232
163 284
165 200
165 208
165 218
165 233
165 226
167 224
167 225
167 248
168 199
168 211
168 216
168 252
168 287
169 190
169 271
172 206
172 256
173 251
173 270
173 280
173 290
174 238
176 216
176 222
177 219
177 231
177 240
178 249
178 293
180 199
180 208
180 210
181 192
181 268
181 282
182 190
182 231
183 267
184 208
185 193
185 217
185 223
185 274
186 220
186 225
186 273
186 278
187 210
187 212
187 251
187 255
187 269
187 287
187 268
188 264
189 195
189 237
189 297
189 244
190 250
190 257
190 269
190 294
191 196
191 295
192 233
192 268
192 291
192 253
193 232
193 248
193 272
194 218
194 259
194 222
195 229
196 273
197 200
197 202
197 206
197 225
197 253
198 242
201 242
201 281
202 284
202 297
203 214
203 224
203 277
203 289
204 233
205 279
206 255
206 277
206 293
207 257
207 267
208 234
208 245
208 259
208 287
210 252
210 265
210 296
211 212
214 243
214 279
215 216
216 233
216 236
216 283
217 229
217 252
218 235
220 247
221 244
221 257
222 258
223 244
224 292
225 227
228 260
229 279
230 290
231 245
231 274
232 243
232 283
233 250
233 279
235 256
235 275
236 254
236 246
237 258
237 299
238 299
239 299
239 290
240 256
241 253
242 244
244 268
244 293
250 272
250 285
252 264
256 282
257 272
258 286
261 266
261 295
264 282
265 280
266 282
269 276
271 295
277 280
277 293
280 283
284 286
285 292
292 294
292 296
293 294