165708123
8
300
2596
0 8
0 9
0 10
0 11
0 12
0 13
0 14
0 15
0 17
0 18
0 19
0 22
0 23
0 24
0 29
0 32
0 38
0 39
0 40
0 41
0 43
0 44
0 46
0 49
0 50
0 58
0 59
0 63
0 64
0 67
0 69
0 71
0 72
0 73
0 74
0 78
0 80
0 81
0 88
0 91
0 92
0 95
0 97
0 99
0 101
0 104
0 114
0 118
0 123
0 124
0 137
0 145
0 148
0 161
0 163
0 167
0 171
0 172
0 173
0 174
0 181
0 184
0 185
0 195
0 202
0 218
0 221
0 225
0 227
0 239
0 241
0 257
0 261
0 271
0 278
0 281
0 286
0 289
0 133
0 284
1 8
1 9
1 10
1 17
1 23
1 47
1 51
1 60
1 85
1 86
1 103
1 118
1 119
1 121
1 132
1 170
1 181
1 183
1 217
1 226
1 256
1 260
1 265
1 16
2 8
2 9
2 12
2 16
2 19
2 22
2 23
2 26
2 29
2 30
2 31
2 36
2 42
2 47
2 50
2 51
2 57
2 66
2 69
2 81
2 89
2 90
2 100
2 114
2 130
2 148
2 157
2 175
2 181
2 196
2 206
2 208
2 209
2 211
2 226
2 227
2 230
2 244
2 257
2 267
2 272
2 275
2 285
2 293
2 111
2 83
2 117
2 123
3 8
3 9
3 10
3 11
3 12
3 17
3 18
3 19
3 33
3 34
3 36
3 46
3 53
3 54
3 62
3 68
3 71
3 73
3 74
3 83
3 90
3 93
3 98
3 110
3 114
3 139
3 142
3 149
3 185
3 193
3 197
3 198
3 210
3 219
3 224
3 228
3 257
3 262
3 271
3 276
3 288
3 16
3 82
3 89
4 8
4 9
4 11
4 12
4 15
4 22
4 39
4 41
4 45
4 57
4 61
4 75
4 97
4 109
4 110
4 128
4 134
4 174
4 213
4 245
4 259
4 297
4 92
4 13
5 8
5 9
5 10
5 11
5 12
5 13
5 14
5 15
5 16
5 17
5 18
5 27
5 29
5 33
5 35
5 37
5 45
5 49
5 50
5 51
5 53
5 54
5 57
5 58
5 62
5 68
5 74
5 75
5 87
5 100
5 101
5 103
5 114
5 117
5 120
5 123
5 131
5 134
5 144
5 165
5 177
5 188
5 192
5 207
5 230
5 235
5 281
5 287
5 295
5 197
5 60
5 61
5 97
6 8
6 9
6 10
6 16
6 18
6 20
6 26
6 164
6 190
6 205
6 211
6 27
7 8
7 10
7 11
7 13
7 16
7 17
7 20
7 21
7 25
7 32
7 38
7 41
7 46
7 51
7 52
7 55
7 56
7 59
7 60
7 65
7 68
7 74
7 80
7 90
7 94
7 116
7 123
7 125
7 133
7 140
7 145
7 148
7 161
7 164
7 175
7 178
7 179
7 184
7 198
7 220
7 222
7 224
7 240
7 250
7 255
7 263
7 271
7 208
7 30
7 47
7 67
7 143
7 165
8 9
8 10
8 11
8 12
8 13
8 14
8 16
8 18
8 19
8 20
8 21
8 22
8 24
8 30
8 31
8 34
8 36
8 38
8 39
8 40
8 41
8 42
8 43
8 48
8 51
8 52
8 56
8 59
8 63
8 71
8 74
8 76
8 77
8 83
8 85
8 88
8 91
8 105
8 109
8 110
8 127
8 130
8 132
8 134
8 142
8 144
8 146
8 147
8 151
8 153
8 163
8 173
8 174
8 179
8 181
8 187
8 191
8 196
8 199
8 200
8 205
8 207
8 209
8 210
8 213
8 216
8 229
8 236
8 249
8 254
8 257
8 267
8 274
8 278
8 281
8 283
8 296
8 297
8 203
8 84
8 272
9 10
9 11
9 12
9 13
9 14
9 15
9 18
9 19
9 21
9 22
9 24
9 25
9 26
9 29
9 30
9 32
9 33
9 37
9 42
9 47
9 48
9 49
9 53
9 79
9 85
9 88
9 98
9 114
9 128
9 135
9 154
9 159
9 161
9 185
9 190
9 198
9 202
9 209
9 210
9 212
9 220
9 227
9 242
9 250
9 252
9 259
9 260
9 272
9 275
9 288
9 294
9 238
9 102
9 186
10 11
10 12
10 13
10 14
10 15
10 16
10 20
10 21
10 25
10 27
10 28
10 31
10 33
10 35
10 40
10 43
10 44
10 48
10 51
10 54
10 58
10 64
10 65
10 69
10 70
10 71
10 77
10 78
10 83
10 87
10 93
10 104
10 106
10 112
10 115
10 119
10 126
10 140
10 144
10 151
10 152
10 175
10 177
10 193
10 196
10 212
10 220
10 226
10 229
10 243
10 254
10 279
10 287
10 291
10 298
10 89
10 278
10 281
10 286
11 13
11 14
11 16
11 20
11 21
11 25
11 27
11 29
11 33
11 35
11 44
11 45
11 57
11 61
11 69
11 75
11 78
11 81
11 83
11 90
11 95
11 113
11 120
11 167
11 172
11 198
11 220
11 221
11 233
11 235
11 252
11 253
11 256
11 259
11 268
11 270
11 281
11 282
11 289
11 297
11 148
12 13
12 14
12 15
12 17
12 20
12 27
12 30
12 32
12 34
12 36
12 37
12 46
12 50
12 53
12 55
12 70
12 72
12 73
12 75
12 92
12 93
12 94
12 99
12 102
12 108
12 113
12 137
12 138
12 154
12 161
12 173
12 197
12 201
12 206
12 209
12 241
12 242
12 249
12 272
12 274
12 282
12 283
12 296
12 245
12 141
12 247
12 298
13 14
13 15
13 27
13 33
13 34
13 36
13 37
13 40
13 42
13 43
13 44
13 49
13 55
13 56
13 61
13 80
13 85
13 96
13 106
13 110
13 113
13 116
13 123
13 141
13 146
13 148
13 149
13 157
13 173
13 176
13 187
13 190
13 206
13 224
13 241
13 247
13 249
13 255
13 262
13 280
13 297
13 32
13 73
13 118
13 159
13 258
13 264
14 15
14 16
14 19
14 20
14 24
14 27
14 28
14 31
14 34
14 35
14 37
14 39
14 42
14 45
14 47
14 50
14 54
14 56
14 66
14 72
14 79
14 81
14 84
14 86
14 103
14 107
14 116
14 120
14 126
14 139
14 140
14 159
14 163
14 169
14 200
14 207
14 214
14 225
14 272
14 273
14 275
14 276
14 279
14 224
14 57
14 187
15 17
15 22
15 24
15 28
15 32
15 35
15 36
15 49
15 53
15 58
15 59
15 64
15 67
15 69
15 70
15 73
15 75
15 82
15 83
15 87
15 97
15 101
15 123
15 124
15 133
15 145
15 154
15 159
15 170
15 173
15 180
15 211
15 224
15 242
15 243
15 245
15 270
15 285
15 121
15 18
15 31
15 54
15 234
16 17
16 18
16 21
16 22
16 23
16 24
16 26
16 27
16 28
16 31
16 33
16 34
16 35
16 41
16 43
16 50
16 53
16 55
16 58
16 59
16 62
16 63
16 64
16 65
16 66
16 67
16 68
16 76
16 80
16 82
16 83
16 84
16 90
16 94
16 98
16 99
16 107
16 108
16 109
16 112
16 117
16 119
16 125
16 126
16 128
16 132
16 138
16 139
16 142
16 150
16 152
16 157
16 161
16 169
16 172
16 174
16 187
16 188
16 191
16 194
16 208
16 210
16 211
16 213
16 220
16 223
16 229
16 233
16 238
16 239
16 247
16 249
16 255
16 292
16 296
16 299
16 47
16 146
16 166
16 212
17 18
17 19
17 20
17 21
17 25
17 27
17 30
17 31
17 40
17 61
17 72
17 77
17 79
17 80
17 92
17 104
17 107
17 117
17 122
17 126
17 128
17 134
17 160
17 165
17 205
17 215
17 217
17 218
17 221
17 225
17 228
17 231
17 244
17 250
17 261
17 265
17 55
18 19
18 21
18 23
18 25
18 26
18 28
18 37
18 38
18 47
18 54
18 68
18 75
18 76
18 81
18 100
18 106
18 107
18 120
18 140
18 153
18 163
18 166
18 182
18 185
18 189
18 190
18 191
18 193
18 206
18 231
18 241
18 250
18 252
18 253
18 274
18 288
18 290
18 298
18 49
18 108
18 121
18 175
18 245
19 23
19 24
19 25
19 26
19 28
19 29
19 33
19 37
19 43
19 44
19 47
19 48
19 60
19 67
19 68
19 73
19 74
19 86
19 89
19 93
19 97
19 102
19 105
19 112
19 129
19 139
19 144
19 150
19 158
19 166
19 201
19 202
19 222
19 229
19 248
19 259
19 263
19 269
19 281
19 283
19 35
19 185
20 26
20 34
20 47
20 50
20 54
20 55
20 59
20 62
20 64
20 73
20 89
20 96
20 100
20 117
20 136
20 138
20 155
20 164
20 169
20 171
20 174
20 187
20 195
20 197
20 220
20 229
20 231
20 232
20 255
20 282
20 293
20 252
20 235
21 22
21 23
21 31
21 34
21 46
21 55
21 72
21 77
21 94
21 106
21 125
21 141
21 143
21 158
21 186
21 219
21 230
21 236
21 243
21 278
21 63
21 164
22 23
22 26
22 65
22 76
22 77
22 119
22 145
22 156
22 160
22 166
22 168
22 171
22 275
22 215
22 131
22 256
23 24
23 25
23 28
23 29
23 30
23 32
23 38
23 41
23 43
23 44
23 46
23 51
23 58
23 61
23 62
23 77
23 78
23 79
23 85
23 95
23 104
23 129
23 137
23 143
23 145
23 146
23 150
23 157
23 164
23 167
23 175
23 177
23 182
23 200
23 202
23 216
23 218
23 226
23 249
23 254
23 255
23 261
23 266
23 273
23 277
23 281
23 296
23 105
24 30
24 52
24 59
24 64
24 70
24 71
24 83
24 91
24 95
24 100
24 121
24 125
24 128
24 139
24 180
24 183
24 193
24 200
24 220
24 232
24 235
24 240
24 253
24 269
24 281
24 288
24 290
24 255
24 114
25 35
25 37
25 38
25 40
25 41
25 43
25 50
25 73
25 76
25 86
25 87
25 88
25 102
25 105
25 114
25 130
25 131
25 144
25 145
25 152
25 158
25 160
25 161
25 172
25 194
25 195
25 204
25 211
25 237
25 239
25 249
25 258
25 265
25 279
25 289
25 291
26 32
26 39
26 40
26 48
26 57
26 60
26 61
26 62
26 66
26 71
26 76
26 80
26 96
26 103
26 105
26 110
26 119
26 143
26 146
26 147
26 154
26 166
26 168
26 171
26 192
26 205
26 206
26 208
26 219
26 228
26 258
26 261
26 267
26 273
26 289
26 295
26 41
26 211
27 28
27 29
27 30
27 38
27 39
27 44
27 45
27 46
27 53
27 56
27 57
27 63
27 65
27 69
27 76
27 82
27 91
27 99
27 102
27 104
27 107
27 108
27 115
27 117
27 123
27 131
27 135
27 150
27 157
27 158
27 170
27 173
27 178
27 181
27 192
27 204
27 206
27 208
27 213
27 223
27 224
27 236
27 237
27 252
27 277
27 284
27 286
27 229
27 40
27 86
27 94
27 106
27 126
27 219
27 226
27 230
28 97
28 113
28 131
28 151
28 159
28 227
28 232
28 246
28 282
28 252
29 31
29 32
29 45
29 47
29 52
29 54
29 58
29 94
29 96
29 107
29 136
29 154
29 156
29 165
29 257
29 269
29 282
29 99
29 180
29 202
29 267
30 36
30 39
30 40
30 41
30 42
30 48
30 51
30 52
30 56
30 76
30 81
30 104
30 109
30 115
30 116
30 121
30 123
30 142
30 161
30 192
30 217
30 225
30 233
30 284
30 290
30 64
30 90
30 274
31 64
31 66
31 70
31 88
31 101
31 102
31 112
31 136
31 147
31 156
31 172
31 193
31 246
31 267
31 292
32 45
32 57
32 60
32 61
32 70
32 90
32 97
32 118
32 124
32 165
32 210
32 236
32 244
32 265
32 268
32 279
32 295
33 78
33 92
33 115
33 117
33 118
33 136
33 169
33 171
33 176
33 195
33 214
33 237
33 238
33 258
33 276
33 82
34 35
34 36
34 38
34 67
34 92
34 99
34 107
34 121
34 135
34 140
34 141
34 174
34 175
34 202
34 210
34 213
34 284
34 217
34 65
35 42
35 49
35 63
35 91
35 98
35 116
35 150
35 203
35 248
35 256
35 260
35 115
35 128
35 244
36 100
36 108
36 110
36 130
36 203
36 298
36 38
36 270
37 52
37 63
37 78
37 90
37 100
37 110
37 115
37 137
37 139
37 152
37 170
37 197
37 229
37 230
37 246
37 283
37 284
37 289
37 99
37 156
37 222
37 275
38 39
38 54
38 66
38 79
38 103
38 121
38 138
38 156
38 203
38 223
38 269
38 97
39 44
39 46
39 49
39 60
39 67
39 71
39 147
39 228
39 229
39 247
39 266
39 276
39 278
39 124
40 42
40 52
40 56
40 57
40 138
40 149
40 150
40 158
40 168
40 176
40 207
40 233
40 247
40 295
41 52
41 53
41 56
41 98
41 103
41 146
41 163
41 164
41 166
41 185
41 219
41 235
41 249
41 258
41 128
41 297
42 45
42 48
42 55
42 95
42 250
42 269
42 247
42 152
43 55
43 63
43 67
43 81
43 96
43 111
43 116
43 131
43 132
43 150
43 159
43 189
43 191
43 194
43 200
43 247
43 277
43 280
43 291
44 78
44 179
44 224
44 230
44 234
44 251
44 199
45 49
45 65
45 66
45 69
45 79
45 91
45 102
45 134
45 153
45 185
45 199
45 212
45 266
45 100
45 93
46 48
46 59
46 60
46 66
46 72
46 82
46 84
46 106
46 110
46 129
46 139
46 143
46 154
46 158
46 170
46 183
46 186
46 195
46 205
46 223
46 228
46 232
46 235
46 239
46 242
46 247
46 262
46 185
46 105
47 62
47 64
47 65
47 74
47 80
47 111
47 132
47 143
47 152
47 209
47 215
47 234
47 239
47 261
47 262
47 265
47 278
47 269
48 82
48 88
48 91
48 124
48 133
48 149
48 151
48 162
48 181
48 196
48 204
48 219
48 228
48 253
48 286
48 49
48 259
49 83
49 85
49 93
49 103
49 109
49 122
49 125
49 126
49 129
49 168
49 226
49 134
50 60
50 153
50 157
50 191
50 263
50 170
50 205
50 285
51 61
51 62
51 63
51 72
51 84
51 90
51 118
51 119
51 125
51 127
51 153
51 155
51 174
51 176
51 197
51 239
51 243
51 266
51 270
51 271
51 299
51 88
51 129
51 196
51 277
52 65
52 84
52 88
52 135
52 149
52 265
52 268
52 299
52 109
52 138
52 229
53 82
53 86
53 92
53 97
53 101
53 108
53 122
53 137
53 146
53 158
53 176
53 181
53 210
53 231
53 240
53 267
53 274
53 276
53 273
54 99
54 111
54 122
54 128
54 136
54 165
54 251
54 285
54 151
55 88
55 89
55 98
55 111
55 120
55 129
55 151
55 156
55 194
55 205
55 221
55 254
55 256
55 273
55 294
55 298
55 233
55 70
56 86
56 120
56 227
56 237
56 284
56 121
56 191
56 197
56 288
57 58
57 93
57 105
57 149
58 102
58 103
58 117
58 124
58 156
58 167
58 179
58 210
58 227
58 247
58 248
58 264
58 282
58 151
59 72
59 92
59 113
59 115
59 117
59 131
59 136
59 143
59 155
59 290
59 237
60 124
60 141
60 155
60 253
60 297
61 94
61 96
61 102
61 105
61 109
61 112
61 116
61 118
61 294
61 299
61 208
62 68
62 89
62 144
62 222
62 248
62 251
62 290
62 127
62 239
63 70
63 87
63 97
63 113
63 121
63 122
63 126
63 140
63 146
63 149
63 166
63 170
63 172
63 187
63 189
63 205
63 215
63 230
63 243
63 259
63 269
63 290
63 242
63 120
64 68
64 70
64 71
64 91
64 95
64 111
64 145
64 148
64 156
64 160
64 178
64 218
64 270
64 250
65 67
65 77
65 85
65 89
65 116
65 138
65 170
65 199
65 222
66 75
66 79
66 84
66 108
66 121
66 142
66 146
66 155
66 180
66 183
66 189
66 190
66 285
66 124
67 69
67 78
67 96
67 122
67 129
67 135
67 155
67 184
67 196
67 213
67 280
68 73
68 94
68 105
68 182
68 211
68 218
68 244
68 261
68 262
68 268
68 299
68 104
69 75
69 84
69 106
69 194
69 217
69 249
70 74
70 101
70 112
70 124
70 134
70 139
70 156
70 159
70 164
70 171
70 178
70 186
70 188
70 218
70 231
70 246
70 274
70 238
71 79
71 89
71 106
71 119
71 127
71 131
71 134
71 165
71 166
71 228
71 235
71 246
71 292
71 239
72 77
72 86
72 87
72 96
72 100
72 107
72 112
72 119
72 133
72 149
72 182
72 189
72 192
72 193
72 209
72 213
72 262
72 264
72 268
72 144
73 80
73 177
73 180
73 194
73 203
73 237
73 246
73 192
74 93
74 99
74 133
74 202
74 215
74 230
74 266
74 272
74 142
75 87
75 101
75 172
75 203
75 127
76 89
76 99
76 143
76 177
76 178
76 192
76 200
76 285
76 286
76 176
76 290
77 84
77 111
77 132
77 175
77 197
77 294
77 246
78 105
78 150
78 157
78 163
78 184
78 265
78 271
78 199
79 81
79 82
79 85
79 101
79 104
79 125
79 132
79 141
79 184
79 211
79 244
79 274
79 284
79 113
80 82
80 159
80 186
80 233
80 221
81 87
81 93
81 136
81 153
81 157
81 170
81 193
81 268
81 86
82 114
82 141
82 142
82 184
82 263
82 267
83 98
83 159
83 162
83 174
84 95
84 113
84 141
84 162
84 166
84 182
84 225
84 273
85 86
85 154
85 221
85 291
86 106
86 132
86 133
86 151
86 178
86 200
86 257
86 293
87 94
87 162
87 151
88 126
88 135
88 152
88 201
88 232
88 248
88 288
88 290
88 291
88 144
88 130
89 92
89 143
89 176
89 186
89 248
89 255
90 162
90 175
90 188
90 214
90 232
90 298
91 98
91 104
91 128
91 135
91 137
91 178
91 190
91 194
91 207
91 214
91 273
91 283
92 108
92 167
92 175
92 187
92 206
92 284
93 196
93 208
93 240
93 264
93 288
94 95
94 120
94 216
94 221
94 225
94 244
94 287
94 261
95 176
95 191
95 125
96 111
96 129
96 137
96 144
96 231
96 261
96 293
96 265
97 108
97 109
97 140
97 151
97 188
98 121
98 142
98 226
98 241
98 247
98 202
99 118
99 127
99 168
99 181
99 187
99 192
99 222
99 271
100 111
100 114
100 147
100 160
100 185
100 190
100 191
100 199
100 212
100 234
100 240
100 252
100 258
100 130
101 124
101 130
101 134
101 164
101 242
101 243
101 268
101 280
101 287
101 293
101 108
101 206
101 279
102 112
102 120
102 167
102 169
102 177
102 183
102 203
102 217
102 234
102 237
102 236
102 249
103 122
103 168
103 121
104 109
104 122
104 127
104 189
104 203
105 115
105 127
105 152
105 155
105 188
105 209
105 255
105 224
106 148
106 282
106 286
106 293
106 174
106 271
107 137
107 144
107 204
107 219
107 276
107 151
108 127
108 158
108 167
108 182
108 198
108 199
108 236
108 257
108 267
108 294
109 113
109 123
109 135
109 147
109 164
109 237
109 238
109 252
109 253
109 283
109 292
109 212
110 115
110 133
110 136
110 147
110 148
110 197
110 232
110 235
110 238
110 263
111 128
111 201
111 217
111 298
111 235
112 126
112 160
112 169
112 173
112 176
112 217
112 226
112 245
112 251
112 259
112 293
113 127
113 131
113 245
113 251
113 284
113 288
113 297
114 192
114 207
114 211
114 243
114 257
115 162
115 169
115 179
115 198
116 199
116 201
116 280
116 181
116 257
117 118
117 147
117 155
117 212
117 219
117 220
117 223
117 236
117 254
117 295
118 182
119 130
119 162
119 177
119 246
119 254
119 195
119 201
120 125
120 162
120 168
120 182
120 214
120 222
120 283
121 189
121 240
121 295
121 162
122 234
122 250
122 286
122 159
123 129
123 130
123 145
123 172
123 179
123 180
123 197
123 204
123 207
123 293
124 130
124 148
124 186
124 191
124 195
124 238
124 189
124 210
124 289
125 212
125 214
126 133
126 141
126 204
126 295
127 152
127 180
127 184
127 191
127 234
127 238
127 245
127 274
127 192
128 138
128 179
128 216
128 291
128 232
129 171
129 183
129 142
129 158
130 153
130 189
130 282
131 140
131 142
131 198
131 223
131 248
131 277
131 297
132 269
132 271
133 187
133 216
133 283
133 293
134 184
134 220
135 183
135 258
135 294
136 178
136 241
136 262
136 263
136 292
137 138
137 202
137 244
137 256
137 264
137 290
137 159
138 171
138 180
138 204
138 252
139 179
139 199
139 250
140 161
140 209
141 193
141 200
141 221
141 227
141 256
141 292
141 268
142 151
142 153
142 188
142 219
142 183
144 160
144 168
144 266
145 163
146 251
146 227
146 233
147 188
147 195
147 244
147 254
147 258
147 271
147 252
148 201
148 203
148 213
148 229
148 236
148 238
148 292
148 193
149 165
149 180
149 233
149 243
149 253
149 288
149 255
150 260
150 263
150 152
150 280
151 195
151 204
151 278
151 280
152 160
152 217
152 240
152 287
153 154
153 182
153 228
153 233
153 238
153 291
154 205
154 212
154 214
155 163
155 236
155 255
155 277
155 204
156 190
156 253
157 224
157 256
157 175
158 196
158 208
158 235
158 277
158 179
159 253
159 256
159 260
159 170
159 177
160 234
160 196
161 199
161 181
163 167
164 165
164 196
164 233
164 241
164 279
164 169
166 169
166 173
166 177
166 216
166 292
166 295
167 185
167 186
167 187
168 183
168 218
168 230
168 196
169 271
170 202
170 203
171 186
172 194
172 250
172 252
173 222
173 259
173 190
173 178
174 243
175 189
175 201
175 284
175 287
176 208
176 222
176 277
177 215
177 274
178 206
178 215
178 223
178 285
180 260
181 201
181 289
181 296
181 276
182 246
182 283
182 286
184 298
184 245
184 241
185 264
186 225
186 251
187 216
188 245
188 248
189 207
189 296
190 254
190 264
190 280
191 215
191 239
191 290
192 208
193 289
194 281
195 240
196 291
196 295
197 198
197 276
197 294
198 199
198 247
199 263
199 264
199 272
200 221
200 271
200 265
202 224
202 262
204 214
204 241
204 242
204 260
205 242
205 270
205 272
206 279
207 277
207 292
208 249
208 258
209 216
209 234
210 212
210 215
210 223
210 273
210 275
210 297
211 266
211 276
212 218
212 231
212 232
212 237
212 245
212 285
212 296
212 299
213 226
213 224
214 270
214 287
215 227
215 231
215 243
217 245
217 293
217 240
218 225
218 239
218 281
219 259
220 251
221 270
221 277
222 225
224 296
225 265
225 289
225 292
228 261
229 299
230 273
231 242
231 272
233 296
233 263
235 269
236 266
236 262
237 280
237 286
237 287
239 278
240 264
242 282
242 285
245 251
245 260
245 291
247 275
248 270
248 275
249 260
252 287
254 268
255 275
256 267
257 298
257 266
260 264
262 279
265 268
265 273
265 279
273 288
274 278
274 294
278 299
282 299