393755362
23
300
6424
0 23
0 24
0 25
0 26
0 28
0 30
0 31
0 33
0 35
0 38
0 42
0 45
0 48
0 52
0 53
0 55
0 57
0 59
0 67
0 69
0 72
0 74
0 77
0 79
0 84
0 85
0 90
0 93
0 95
0 99
0 109
0 115
0 120
0 121
0 125
0 128
0 139
0 155
0 160
0 169
0 174
0 177
0 179
0 188
0 193
0 196
0 197
0 198
0 201
0 207
0 221
0 222
0 223
0 234
0 248
0 268
0 280
0 283
0 285
0 297
1 23
1 25
1 26
1 27
1 28
1 29
1 30
1 33
1 34
1 35
1 36
1 40
1 42
1 44
1 46
1 47
1 49
1 50
1 53
1 54
1 58
1 62
1 70
1 72
1 75
1 77
1 78
1 81
1 87
1 88
1 92
1 93
1 94
1 97
1 101
1 102
1 107
1 113
1 125
1 129
1 130
1 148
1 156
1 160
1 163
1 168
1 171
1 178
1 185
1 191
1 193
1 205
1 222
1 226
1 254
1 266
1 271
1 290
1 292
1 293
1 298
1 17
1 296
1 214
2 23
2 24
2 25
2 26
2 27
2 28
2 29
2 35
2 36
2 40
2 41
2 42
2 43
2 45
2 49
2 53
2 59
2 60
2 62
2 65
2 68
2 70
2 75
2 78
2 87
2 89
2 90
2 91
2 93
2 95
2 96
2 98
2 105
2 108
2 111
2 116
2 118
2 128
2 129
2 132
2 133
2 134
2 139
2 141
2 143
2 147
2 148
2 159
2 162
2 164
2 172
2 173
2 175
2 178
2 179
2 184
2 195
2 198
2 199
2 201
2 203
2 208
2 215
2 238
2 249
2 271
2 275
2 277
2 279
2 295
2 298
3 23
3 24
3 25
3 26
3 27
3 28
3 29
3 31
3 32
3 34
3 36
3 37
3 48
3 55
3 56
3 63
3 65
3 70
3 94
3 99
3 100
3 156
3 176
3 178
3 191
3 194
3 199
3 201
3 206
3 229
3 241
3 255
3 272
3 284
3 290
4 23
4 24
4 25
4 27
4 28
4 29
4 30
4 32
4 33
4 34
4 36
4 37
4 38
4 39
4 40
4 41
4 42
4 45
4 46
4 49
4 54
4 58
4 62
4 63
4 64
4 70
4 78
4 81
4 83
4 86
4 88
4 94
4 96
4 99
4 100
4 102
4 107
4 112
4 114
4 121
4 122
4 126
4 137
4 138
4 152
4 153
4 154
4 155
4 171
4 178
4 183
4 185
4 188
4 196
4 197
4 203
4 215
4 223
4 225
4 228
4 238
4 251
4 269
4 288
4 289
4 299
5 23
5 24
5 25
5 26
5 27
5 28
5 29
5 30
5 31
5 32
5 33
5 34
5 35
5 36
5 37
5 38
5 39
5 40
5 45
5 47
5 49
5 50
5 58
5 61
5 63
5 64
5 68
5 69
5 70
5 71
5 75
5 87
5 91
5 97
5 121
5 122
5 125
5 135
5 141
5 147
5 157
5 160
5 161
5 166
5 167
5 170
5 171
5 179
5 180
5 187
5 189
5 204
5 207
5 213
5 225
5 237
5 280
5 288
5 293
6 23
6 24
6 25
6 26
6 27
6 28
6 31
6 32
6 33
6 34
6 36
6 37
6 40
6 43
6 47
6 50
6 51
6 54
6 57
6 59
6 60
6 66
6 68
6 72
6 78
6 86
6 87
6 88
6 89
6 90
6 93
6 94
6 98
6 101
6 109
6 113
6 120
6 124
6 127
6 135
6 136
6 137
6 144
6 147
6 148
6 163
6 180
6 186
6 190
6 196
6 197
6 209
6 225
6 226
6 235
6 236
6 242
6 247
6 275
6 276
6 278
6 288
6 289
6 291
7 23
7 24
7 25
7 26
7 27
7 28
7 29
7 31
7 32
7 33
7 34
7 35
7 37
7 38
7 40
7 41
7 44
7 45
7 50
7 52
7 55
7 56
7 59
7 62
7 64
7 67
7 70
7 73
7 76
7 82
7 93
7 98
7 101
7 102
7 110
7 111
7 117
7 122
7 127
7 131
7 137
7 140
7 143
7 144
7 145
7 159
7 161
7 182
7 195
7 208
7 216
7 225
7 227
7 234
7 237
7 239
7 247
7 252
7 268
7 276
7 279
7 281
7 282
7 283
8 23
8 24
8 25
8 26
8 27
8 28
8 30
8 31
8 32
8 33
8 38
8 40
8 45
8 46
8 48
8 51
8 60
8 63
8 64
8 70
8 71
8 74
8 82
8 85
8 106
8 108
8 118
8 120
8 132
8 137
8 145
8 157
8 166
8 175
8 183
8 185
8 188
8 196
8 244
8 263
8 282
8 296
9 23
9 24
9 25
9 26
9 27
9 28
9 29
9 30
9 31
9 33
9 34
9 35
9 37
9 38
9 39
9 41
9 45
9 46
9 47
9 49
9 51
9 53
9 54
9 55
9 58
9 60
9 64
9 68
9 70
9 77
9 78
9 88
9 89
9 97
9 100
9 110
9 112
9 113
9 115
9 117
9 119
9 123
9 124
9 127
9 129
9 131
9 135
9 136
9 140
9 148
9 150
9 151
9 159
9 163
9 169
9 171
9 172
9 177
9 184
9 189
9 190
9 193
9 196
9 203
9 215
9 220
9 228
9 242
9 251
9 254
9 260
9 265
9 266
9 271
9 278
9 279
10 23
10 24
10 25
10 26
10 28
10 30
10 33
10 35
10 37
10 43
10 47
10 49
10 53
10 56
10 59
10 71
10 111
10 116
10 122
10 126
10 141
10 144
10 160
10 165
10 169
10 171
10 179
10 180
10 183
10 194
10 202
10 206
10 209
10 231
10 235
10 239
10 255
10 271
10 278
10 290
11 23
11 24
11 25
11 26
11 27
11 29
11 30
11 31
11 32
11 33
11 35
11 42
11 43
11 50
11 53
11 54
11 57
11 58
11 59
11 60
11 63
11 64
11 65
11 69
11 72
11 80
11 91
11 95
11 96
11 97
11 99
11 101
11 104
11 111
11 114
11 122
11 124
11 130
11 141
11 142
11 143
11 146
11 149
11 153
11 168
11 172
11 182
11 187
11 197
11 198
11 205
11 211
11 212
11 214
11 215
11 222
11 234
11 235
11 239
11 248
11 251
11 275
11 280
11 295
11 299
12 23
12 24
12 25
12 26
12 27
12 28
12 29
12 31
12 32
12 33
12 35
12 36
12 37
12 39
12 42
12 48
12 49
12 51
12 58
12 65
12 66
12 69
12 73
12 75
12 77
12 91
12 101
12 102
12 108
12 114
12 128
12 140
12 150
12 158
12 181
12 241
12 262
12 283
12 288
12 298
12 145
13 23
13 24
13 25
13 26
13 27
13 28
13 29
13 30
13 31
13 33
13 34
13 35
13 38
13 40
13 41
13 43
13 44
13 46
13 50
13 51
13 54
13 55
13 56
13 57
13 59
13 61
13 65
13 68
13 69
13 70
13 71
13 73
13 75
13 76
13 77
13 80
13 85
13 86
13 89
13 90
13 91
13 101
13 110
13 116
13 120
13 127
13 129
13 131
13 139
13 145
13 171
13 173
13 179
13 184
13 193
13 210
13 255
13 273
13 276
13 285
13 293
13 295
13 296
13 42
14 23
14 24
14 25
14 26
14 27
14 28
14 29
14 30
14 31
14 32
14 36
14 39
14 41
14 44
14 45
14 46
14 47
14 49
14 53
14 54
14 56
14 57
14 59
14 63
14 65
14 68
14 72
14 74
14 78
14 82
14 84
14 90
14 91
14 93
14 94
14 104
14 118
14 120
14 132
14 140
14 155
14 158
14 163
14 166
14 169
14 170
14 173
14 179
14 180
14 184
14 187
14 193
14 199
14 204
14 212
14 236
14 246
14 250
14 261
14 294
14 297
15 23
15 24
15 25
15 28
15 29
15 30
15 31
15 35
15 36
15 38
15 53
15 57
15 64
15 65
15 68
15 73
15 74
15 76
15 81
15 82
15 87
15 95
15 104
15 108
15 115
15 123
15 135
15 141
15 148
15 163
15 167
15 187
15 192
15 198
15 199
15 205
15 208
15 215
15 229
15 232
15 235
15 240
15 244
15 250
15 259
15 261
15 272
15 276
15 279
15 280
15 293
16 23
16 24
16 26
16 64
16 135
16 241
17 23
17 24
17 27
17 29
17 30
17 34
17 41
17 44
17 52
17 53
17 66
17 67
17 85
17 130
17 143
17 147
17 149
17 154
17 161
17 177
17 223
17 238
18 23
18 24
18 25
18 26
18 27
18 28
18 29
18 30
18 31
18 32
18 33
18 34
18 35
18 36
18 37
18 39
18 40
18 43
18 46
18 48
18 57
18 64
18 66
18 68
18 69
18 73
18 87
18 88
18 89
18 92
18 94
18 95
18 102
18 119
18 124
18 128
18 130
18 133
18 140
18 152
18 155
18 165
18 179
18 207
18 211
18 212
18 215
18 245
18 260
18 261
18 267
18 270
18 280
18 287
18 292
18 294
18 295
18 297
18 231
19 23
19 24
19 25
19 26
19 27
19 32
19 34
19 39
19 40
19 41
19 42
19 48
19 63
19 67
19 74
19 75
19 77
19 85
19 87
19 93
19 94
19 96
19 100
19 105
19 115
19 118
19 123
19 134
19 139
19 141
19 143
19 150
19 153
19 161
19 166
19 174
19 181
19 195
19 202
19 203
19 214
19 219
19 221
19 258
19 259
19 276
20 23
20 24
20 25
20 26
20 27
20 29
20 30
20 31
20 32
20 33
20 35
20 36
20 37
20 39
20 40
20 41
20 43
20 44
20 45
20 49
20 51
20 52
20 54
20 60
20 67
20 73
20 75
20 79
20 83
20 87
20 93
20 96
20 97
20 102
20 103
20 109
20 110
20 123
20 131
20 138
20 143
20 151
20 158
20 162
20 197
20 206
20 207
20 214
20 222
20 225
20 226
20 249
20 256
20 260
20 267
20 268
20 274
20 277
20 296
20 191
21 23
21 24
21 25
21 26
21 27
21 28
21 29
21 30
21 32
21 38
21 39
21 40
21 42
21 48
21 49
21 52
21 63
21 66
21 68
21 69
21 84
21 85
21 88
21 90
21 94
21 103
21 105
21 106
21 113
21 132
21 138
21 139
21 144
21 153
21 162
21 172
21 183
21 184
21 185
21 199
21 207
21 216
21 223
21 233
21 251
21 266
21 272
21 291
21 298
22 23
22 24
22 25
22 26
22 27
22 28
22 29
22 30
22 31
22 32
22 33
22 34
22 36
22 37
22 38
22 39
22 40
22 42
22 43
22 44
22 46
22 47
22 48
22 50
22 51
22 52
22 56
22 62
22 64
22 71
22 72
22 78
22 87
22 88
22 91
22 92
22 110
22 120
22 127
22 131
22 162
22 172
22 180
22 188
22 201
22 202
22 206
22 210
22 216
22 224
22 235
22 241
22 256
22 283
22 291
23 24
23 25
23 26
23 27
23 28
23 29
23 30
23 31
23 32
23 33
23 34
23 35
23 36
23 37
23 38
23 39
23 40
23 41
23 42
23 44
23 45
23 46
23 49
23 51
23 52
23 55
23 58
23 60
23 61
23 62
23 64
23 66
23 69
23 70
23 71
23 74
23 75
23 76
23 77
23 79
23 80
23 81
23 82
23 84
23 85
23 88
23 90
23 92
23 98
23 99
23 100
23 104
23 110
23 112
23 115
23 116
23 117
23 118
23 121
23 125
23 127
23 133
23 135
23 138
23 140
23 144
23 145
23 154
23 156
23 158
23 173
23 184
23 188
23 191
23 198
23 201
23 203
23 204
23 205
23 210
23 220
23 222
23 225
23 230
23 236
23 260
23 267
23 268
23 273
23 291
23 292
23 293
23 296
23 299
24 25
24 26
24 27
24 28
24 29
24 30
24 31
24 32
24 33
24 34
24 35
24 36
24 37
24 38
24 39
24 41
24 42
24 43
24 44
24 45
24 46
24 47
24 48
24 49
24 50
24 51
24 54
24 56
24 58
24 60
24 61
24 62
24 63
24 65
24 66
24 67
24 69
24 70
24 71
24 76
24 80
24 87
24 89
24 90
24 93
24 95
24 100
24 101
24 104
24 107
24 108
24 112
24 114
24 115
24 120
24 123
24 124
24 130
24 139
24 144
24 147
24 154
24 156
24 162
24 168
24 169
24 170
24 172
24 175
24 177
24 186
24 188
24 189
24 191
24 193
24 195
24 198
24 200
24 204
24 214
24 221
24 222
24 225
24 228
24 232
24 234
24 237
24 238
24 242
24 249
24 250
24 267
24 279
24 280
24 284
24 287
24 289
24 296
25 26
25 27
25 28
25 29
25 30
25 31
25 32
25 34
25 35
25 36
25 37
25 38
25 39
25 40
25 41
25 42
25 43
25 44
25 46
25 47
25 49
25 50
25 53
25 54
25 56
25 58
25 59
25 60
25 61
25 63
25 64
25 66
25 67
25 68
25 69
25 70
25 72
25 74
25 76
25 77
25 78
25 80
25 81
25 82
25 84
25 85
25 86
25 88
25 89
25 91
25 92
25 93
25 94
25 96
25 97
25 99
25 108
25 110
25 111
25 114
25 116
25 118
25 120
25 129
25 131
25 132
25 135
25 136
25 137
25 148
25 150
25 151
25 157
25 158
25 165
25 167
25 171
25 177
25 179
25 181
25 185
25 187
25 188
25 191
25 192
25 196
25 199
25 210
25 211
25 217
25 228
25 229
25 230
25 234
25 240
25 246
25 257
25 260
25 263
25 272
25 273
25 274
25 277
25 284
25 289
25 291
25 299
26 27
26 28
26 29
26 30
26 31
26 32
26 33
26 34
26 35
26 36
26 37
26 38
26 39
26 40
26 42
26 43
26 44
26 45
26 46
26 47
26 48
26 49
26 50
26 51
26 52
26 55
26 58
26 60
26 61
26 62
26 63
26 64
26 66
26 67
26 68
26 69
26 71
26 72
26 75
26 76
26 78
26 79
26 80
26 81
26 82
26 83
26 84
26 86
26 87
26 88
26 91
26 94
26 96
26 97
26 99
26 101
26 104
26 109
26 114
26 115
26 119
26 125
26 130
26 136
26 140
26 143
26 144
26 151
26 152
26 157
26 159
26 160
26 161
26 167
26 168
26 174
26 177
26 186
26 195
26 200
26 209
26 217
26 220
26 226
26 227
26 232
26 233
26 240
26 242
26 252
26 253
26 255
26 265
26 266
26 269
26 273
26 277
26 284
26 289
27 28
27 29
27 30
27 31
27 32
27 34
27 35
27 37
27 40
27 41
27 42
27 43
27 44
27 46
27 47
27 50
27 52
27 54
27 55
27 56
27 57
27 58
27 62
27 63
27 64
27 66
27 68
27 69
27 70
27 72
27 78
27 83
27 87
27 89
27 93
27 95
27 98
27 100
27 101
27 105
27 106
27 107
27 109
27 111
27 115
27 121
27 126
27 128
27 132
27 144
27 145
27 149
27 151
27 153
27 155
27 156
27 162
27 166
27 169
27 175
27 181
27 188
27 189
27 193
27 199
27 200
27 202
27 207
27 215
27 218
27 220
27 222
27 227
27 228
27 232
27 239
27 250
27 251
27 254
27 256
27 257
27 261
27 262
27 274
27 275
27 277
27 278
27 282
27 298
28 29
28 30
28 31
28 32
28 33
28 34
28 35
28 36
28 37
28 38
28 39
28 43
28 44
28 47
28 51
28 54
28 55
28 58
28 60
28 61
28 65
28 69
28 71
28 74
28 78
28 84
28 88
28 94
28 97
28 101
28 104
28 107
28 108
28 112
28 117
28 119
28 122
28 123
28 129
28 130
28 141
28 151
28 154
28 156
28 157
28 165
28 167
28 170
28 171
28 183
28 192
28 193
28 197
28 202
28 206
28 210
28 212
28 219
28 220
28 221
28 223
28 225
28 226
28 229
28 231
28 238
28 257
28 268
28 270
28 274
28 292
28 299
29 30
29 31
29 32
29 33
29 34
29 35
29 36
29 37
29 38
29 39
29 40
29 41
29 43
29 44
29 46
29 47
29 50
29 51
29 52
29 53
29 54
29 56
29 57
29 59
29 61
29 62
29 63
29 65
29 66
29 67
29 68
29 70
29 73
29 74
29 76
29 79
29 82
29 83
29 84
29 85
29 87
29 94
29 95
29 105
29 107
29 109
29 113
29 115
29 117
29 122
29 123
29 129
29 131
29 133
29 134
29 135
29 142
29 147
29 149
29 151
29 156
29 160
29 169
29 174
29 178
29 180
29 181
29 189
29 193
29 199
29 202
29 207
29 208
29 209
29 214
29 215
29 216
29 217
29 225
29 234
29 241
29 254
29 257
29 262
29 264
29 275
29 281
29 287
29 288
29 290
29 292
29 295
29 298
29 299
30 31
30 32
30 33
30 34
30 35
30 36
30 38
30 40
30 41
30 42
30 43
30 44
30 45
30 46
30 48
30 49
30 50
30 51
30 52
30 54
30 56
30 60
30 62
30 64
30 65
30 66
30 67
30 71
30 76
30 79
30 80
30 82
30 85
30 87
30 89
30 92
30 94
30 98
30 99
30 101
30 103
30 106
30 107
30 109
30 112
30 114
30 116
30 117
30 118
30 119
30 128
30 130
30 134
30 135
30 138
30 142
30 143
30 148
30 150
30 152
30 154
30 155
30 160
30 168
30 171
30 174
30 180
30 187
30 193
30 199
30 206
30 208
30 213
30 214
30 219
30 220
30 223
30 234
30 237
30 239
30 241
30 242
30 246
30 247
30 251
30 255
30 257
30 258
30 261
30 262
30 270
30 278
30 284
30 291
30 294
30 296
31 32
31 33
31 34
31 36
31 37
31 38
31 39
31 41
31 42
31 43
31 44
31 45
31 46
31 47
31 48
31 51
31 52
31 53
31 57
31 60
31 61
31 62
31 67
31 68
31 75
31 76
31 81
31 83
31 84
31 86
31 89
31 90
31 92
31 93
31 97
31 98
31 101
31 102
31 104
31 105
31 106
31 108
31 110
31 111
31 112
31 117
31 118
31 119
31 127
31 128
31 130
31 136
31 138
31 140
31 154
31 159
31 160
31 162
31 163
31 164
31 165
31 168
31 169
31 177
31 178
31 188
31 190
31 196
31 200
31 201
31 204
31 206
31 208
31 212
31 213
31 215
31 218
31 222
31 225
31 228
31 237
31 239
31 242
31 246
31 248
31 249
31 254
31 256
31 269
31 275
31 276
31 281
31 285
31 290
31 291
31 293
31 238
32 33
32 34
32 38
32 39
32 40
32 41
32 42
32 43
32 44
32 45
32 47
32 49
32 53
32 54
32 55
32 57
32 58
32 60
32 62
32 66
32 69
32 70
32 72
32 73
32 78
32 81
32 82
32 83
32 85
32 86
32 89
32 90
32 91
32 92
32 95
32 99
32 102
32 104
32 106
32 107
32 108
32 109
32 113
32 114
32 115
32 120
32 122
32 124
32 127
32 129
32 136
32 141
32 142
32 147
32 150
32 153
32 159
32 166
32 178
32 183
32 198
32 200
32 201
32 216
32 219
32 221
32 222
32 223
32 225
32 233
32 234
32 236
32 239
32 242
32 245
32 254
32 255
32 256
32 259
32 265
32 284
32 286
32 288
32 294
32 296
33 34
33 35
33 36
33 37
33 38
33 39
33 40
33 41
33 43
33 46
33 47
33 48
33 50
33 51
33 53
33 55
33 56
33 57
33 67
33 71
33 73
33 75
33 76
33 77
33 81
33 82
33 83
33 84
33 92
33 95
33 98
33 99
33 105
33 108
33 112
33 113
33 116
33 121
33 127
33 149
33 155
33 160
33 161
33 163
33 164
33 166
33 174
33 182
33 183
33 186
33 190
33 200
33 208
33 217
33 218
33 223
33 224
33 225
33 229
33 278
33 282
33 290
33 202
34 35
34 36
34 37
34 38
34 39
34 40
34 42
34 43
34 44
34 45
34 47
34 48
34 50
34 52
34 54
34 56
34 57
34 58
34 61
34 63
34 65
34 66
34 67
34 69
34 72
34 73
34 74
34 75
34 76
34 79
34 82
34 83
34 86
34 87
34 90
34 91
34 95
34 98
34 100
34 101
34 102
34 105
34 106
34 107
34 109
34 119
34 125
34 126
34 129
34 133
34 136
34 138
34 142
34 145
34 150
34 151
34 157
34 167
34 169
34 171
34 173
34 174
34 176
34 182
34 187
34 189
34 191
34 194
34 200
34 221
34 226
34 227
34 236
34 244
34 263
34 265
34 266
34 269
34 271
34 275
34 276
34 278
34 288
34 291
34 294
35 36
35 37
35 38
35 39
35 41
35 43
35 44
35 45
35 46
35 47
35 48
35 49
35 50
35 52
35 53
35 57
35 61
35 65
35 68
35 71
35 72
35 74
35 76
35 77
35 79
35 80
35 82
35 86
35 87
35 89
35 94
35 96
35 99
35 104
35 106
35 107
35 108
35 109
35 112
35 113
35 117
35 122
35 123
35 129
35 131
35 133
35 134
35 137
35 138
35 139
35 145
35 149
35 150
35 159
35 166
35 181
35 184
35 193
35 194
35 200
35 209
35 212
35 216
35 218
35 226
35 227
35 233
35 241
35 245
35 253
35 256
35 258
35 270
35 274
35 277
35 288
35 289
35 290
35 291
36 37
36 41
36 42
36 43
36 44
36 46
36 48
36 49
36 52
36 54
36 56
36 57
36 59
36 67
36 68
36 70
36 72
36 73
36 77
36 78
36 82
36 83
36 93
36 94
36 96
36 98
36 102
36 104
36 106
36 107
36 108
36 110
36 111
36 113
36 114
36 115
36 121
36 128
36 129
36 139
36 140
36 147
36 152
36 157
36 165
36 180
36 181
36 183
36 185
36 187
36 188
36 189
36 208
36 209
36 223
36 224
36 230
36 233
36 256
36 264
36 271
36 273
36 278
36 282
36 287
36 50
37 38
37 39
37 40
37 41
37 42
37 43
37 44
37 47
37 48
37 50
37 51
37 53
37 56
37 58
37 59
37 61
37 65
37 70
37 77
37 80
37 81
37 83
37 84
37 91
37 98
37 102
37 109
37 110
37 111
37 115
37 116
37 119
37 120
37 124
37 126
37 131
37 132
37 133
37 134
37 135
37 136
37 139
37 143
37 147
37 150
37 153
37 159
37 161
37 168
37 182
37 190
37 192
37 195
37 196
37 200
37 211
37 212
37 218
37 223
37 225
37 226
37 227
37 234
37 235
37 238
37 246
37 249
37 254
37 256
37 258
37 287
37 290
37 298
37 299
38 39
38 41
38 44
38 45
38 46
38 48
38 49
38 50
38 53
38 55
38 56
38 57
38 59
38 62
38 63
38 65
38 73
38 75
38 76
38 80
38 83
38 86
38 89
38 90
38 92
38 93
38 94
38 98
38 103
38 108
38 113
38 115
38 116
38 122
38 124
38 127
38 128
38 130
38 132
38 136
38 137
38 140
38 141
38 144
38 149
38 151
38 154
38 157
38 165
38 167
38 175
38 177
38 180
38 182
38 193
38 194
38 196
38 208
38 212
38 215
38 220
38 222
38 225
38 227
38 228
38 240
38 241
38 242
38 243
38 244
38 246
38 249
38 252
38 259
38 270
38 284
38 286
38 292
39 41
39 42
39 45
39 49
39 50
39 51
39 52
39 53
39 58
39 59
39 61
39 74
39 75
39 77
39 79
39 85
39 94
39 97
39 100
39 104
39 112
39 117
39 121
39 122
39 133
39 137
39 147
39 148
39 149
39 162
39 170
39 185
39 189
39 191
39 192
39 204
39 213
39 228
39 229
39 233
39 234
39 249
39 259
39 260
39 263
39 278
39 285
39 289
39 296
40 42
40 45
40 48
40 53
40 55
40 56
40 57
40 58
40 59
40 60
40 63
40 64
40 67
40 68
40 69
40 71
40 76
40 82
40 83
40 89
40 90
40 92
40 96
40 101
40 103
40 104
40 113
40 115
40 116
40 118
40 120
40 121
40 124
40 130
40 132
40 134
40 139
40 140
40 141
40 146
40 153
40 154
40 156
40 162
40 164
40 175
40 177
40 180
40 183
40 185
40 186
40 189
40 201
40 203
40 205
40 207
40 212
40 222
40 223
40 231
40 233
40 240
40 242
40 246
40 250
40 251
40 254
40 257
40 258
40 260
40 263
40 264
40 265
40 268
40 269
40 296
41 42
41 43
41 44
41 45
41 47
41 48
41 49
41 50
41 54
41 55
41 57
41 58
41 61
41 67
41 70
41 73
41 76
41 82
41 85
41 86
41 91
41 93
41 94
41 95
41 97
41 99
41 102
41 103
41 108
41 112
41 115
41 116
41 122
41 127
41 128
41 146
41 151
41 152
41 156
41 158
41 160
41 163
41 165
41 174
41 176
41 180
41 186
41 189
41 190
41 196
41 202
41 218
41 219
41 226
41 229
41 237
41 244
41 246
41 248
41 252
41 259
41 290
41 295
41 299
42 45
42 46
42 48
42 49
42 52
42 56
42 57
42 59
42 60
42 63
42 65
42 66
42 67
42 69
42 76
42 77
42 78
42 79
42 82
42 95
42 97
42 99
42 103
42 105
42 108
42 109
42 110
42 111
42 117
42 118
42 120
42 121
42 123
42 131
42 135
42 140
42 143
42 144
42 151
42 152
42 154
42 158
42 164
42 175
42 179
42 183
42 185
42 186
42 192
42 203
42 207
42 209
42 216
42 224
42 229
42 231
42 241
42 243
42 246
42 252
42 258
42 259
42 266
42 267
42 268
42 271
42 280
42 285
42 286
42 287
42 289
42 200
43 45
43 47
43 48
43 51
43 52
43 53
43 54
43 56
43 57
43 59
43 60
43 61
43 62
43 64
43 65
43 66
43 69
43 71
43 77
43 78
43 83
43 84
43 86
43 92
43 97
43 98
43 101
43 103
43 114
43 117
43 120
43 124
43 130
43 133
43 139
43 140
43 145
43 152
43 153
43 157
43 163
43 165
43 166
43 167
43 170
43 177
43 184
43 192
43 195
43 196
43 213
43 214
43 217
43 221
43 230
43 243
43 251
43 257
43 261
43 270
43 273
43 275
43 282
43 295
43 297
44 46
44 47
44 51
44 55
44 58
44 62
44 66
44 69
44 71
44 74
44 75
44 85
44 89
44 96
44 108
44 110
44 115
44 121
44 125
44 126
44 128
44 131
44 136
44 146
44 161
44 163
44 170
44 176
44 178
44 187
44 189
44 191
44 201
44 216
44 228
44 247
44 249
44 257
44 265
44 284
44 149
45 46
45 48
45 50
45 51
45 52
45 55
45 57
45 59
45 60
45 63
45 64
45 70
45 73
45 75
45 80
45 84
45 89
45 92
45 96
45 98
45 99
45 100
45 103
45 106
45 114
45 118
45 121
45 122
45 124
45 128
45 132
45 137
45 139
45 141
45 150
45 153
45 163
45 164
45 167
45 168
45 169
45 175
45 176
45 177
45 182
45 198
45 202
45 205
45 214
45 217
45 226
45 230
45 232
45 233
45 238
45 242
45 250
45 256
45 257
45 265
45 266
45 269
45 276
45 279
45 280
45 282
45 286
45 294
45 297
45 94
46 47
46 49
46 51
46 52
46 55
46 56
46 60
46 61
46 62
46 64
46 72
46 76
46 77
46 79
46 81
46 82
46 83
46 88
46 89
46 99
46 100
46 109
46 110
46 116
46 119
46 121
46 129
46 131
46 133
46 137
46 138
46 142
46 148
46 158
46 159
46 162
46 167
46 169
46 171
46 176
46 182
46 190
46 196
46 201
46 211
46 213
46 221
46 224
46 228
46 230
46 233
46 240
46 245
46 249
46 260
46 261
46 262
46 278
46 283
47 50
47 53
47 54
47 55
47 56
47 63
47 64
47 69
47 74
47 76
47 78
47 79
47 81
47 85
47 86
47 88
47 91
47 94
47 98
47 100
47 107
47 110
47 112
47 123
47 130
47 133
47 134
47 136
47 138
47 145
47 146
47 147
47 148
47 160
47 162
47 169
47 170
47 179
47 181
47 194
47 198
47 206
47 209
47 221
47 233
47 247
47 253
47 266
47 268
47 269
47 271
47 279
47 280
47 286
48 52
48 53
48 54
48 56
48 57
48 61
48 63
48 65
48 66
48 68
48 71
48 72
48 73
48 75
48 77
48 78
48 79
48 80
48 81
48 86
48 87
48 93
48 95
48 104
48 105
48 116
48 117
48 118
48 119
48 123
48 125
48 141
48 144
48 145
48 146
48 161
48 162
48 164
48 168
48 183
48 194
48 195
48 197
48 200
48 205
48 206
48 209
48 228
48 246
48 293
48 189
49 50
49 51
49 54
49 55
49 62
49 67
49 71
49 73
49 75
49 76
49 86
49 93
49 95
49 99
49 100
49 102
49 106
49 111
49 117
49 118
49 121
49 134
49 147
49 153
49 163
49 168
49 170
49 182
49 185
49 190
49 196
49 197
49 199
49 200
49 203
49 217
49 228
49 229
49 239
49 240
49 241
49 244
49 252
49 253
49 266
49 292
50 51
50 52
50 53
50 55
50 58
50 74
50 77
50 79
50 85
50 88
50 96
50 97
50 101
50 102
50 107
50 114
50 116
50 117
50 128
50 136
50 152
50 165
50 172
50 177
50 188
50 193
50 207
50 209
50 216
50 230
50 231
50 233
50 235
50 237
50 251
50 253
50 260
50 266
50 286
50 290
50 292
50 294
50 296
50 297
50 137
50 89
51 52
51 55
51 59
51 65
51 66
51 67
51 68
51 70
51 73
51 74
51 75
51 84
51 87
51 88
51 90
51 91
51 99
51 104
51 106
51 114
51 122
51 127
51 128
51 129
51 131
51 132
51 142
51 145
51 148
51 156
51 164
51 168
51 171
51 174
51 195
51 200
51 208
51 214
51 216
51 218
51 221
51 223
51 228
51 230
51 235
51 243
51 246
51 247
51 250
51 252
51 254
51 261
51 262
51 269
51 299
52 57
52 58
52 61
52 69
52 75
52 78
52 79
52 80
52 83
52 84
52 87
52 90
52 105
52 119
52 122
52 127
52 138
52 141
52 144
52 162
52 168
52 180
52 198
52 206
52 211
52 223
52 224
52 231
52 234
52 243
52 250
52 255
52 265
52 272
52 283
52 288
52 292
52 297
53 54
53 55
53 56
53 58
53 60
53 61
53 65
53 66
53 71
53 73
53 79
53 82
53 86
53 87
53 89
53 90
53 96
53 102
53 103
53 106
53 110
53 112
53 119
53 125
53 127
53 128
53 132
53 137
53 140
53 141
53 144
53 147
53 155
53 161
53 164
53 168
53 169
53 178
53 181
53 184
53 186
53 187
53 195
53 203
53 208
53 218
53 220
53 224
53 227
53 231
53 242
53 253
53 254
53 255
53 264
53 266
53 268
53 272
53 279
53 281
53 282
53 299
53 77
54 55
54 59
54 60
54 61
54 62
54 74
54 82
54 88
54 89
54 92
54 106
54 107
54 113
54 117
54 122
54 125
54 129
54 137
54 146
54 173
54 178
54 187
54 195
54 197
54 198
54 200
54 224
54 233
54 249
54 256
54 265
54 274
54 280
54 286
54 295
55 58
55 59
55 61
55 62
55 68
55 72
55 74
55 92
55 96
55 98
55 105
55 106
55 112
55 125
55 128
55 130
55 132
55 142
55 146
55 165
55 174
55 177
55 186
55 188
55 201
55 204
55 207
55 214
55 215
55 217
55 222
55 226
55 228
55 231
55 240
55 243
55 256
55 272
55 275
55 278
55 283
55 299
56 59
56 60
56 62
56 63
56 67
56 69
56 70
56 71
56 74
56 76
56 81
56 88
56 89
56 90
56 100
56 107
56 116
56 123
56 127
56 130
56 144
56 151
56 154
56 158
56 160
56 170
56 184
56 192
56 208
56 209
56 211
56 226
56 227
56 229
56 236
56 250
56 269
56 280
56 283
56 286
57 59
57 66
57 72
57 81
57 83
57 88
57 96
57 98
57 99
57 100
57 103
57 107
57 109
57 112
57 119
57 124
57 126
57 127
57 128
57 150
57 165
57 169
57 170
57 171
57 173
57 174
57 178
57 179
57 187
57 188
57 219
57 233
57 244
57 251
57 254
57 256
57 258
57 260
57 264
57 269
57 277
57 281
57 286
57 287
58 60
58 61
58 62
58 63
58 64
58 67
58 68
58 71
58 73
58 77
58 80
58 81
58 84
58 90
58 93
58 95
58 97
58 104
58 106
58 112
58 114
58 123
58 124
58 140
58 145
58 151
58 155
58 157
58 169
58 170
58 173
58 174
58 185
58 188
58 189
58 197
58 198
58 200
58 208
58 211
58 212
58 213
58 214
58 221
58 229
58 237
58 242
58 249
58 252
58 260
58 272
58 294
58 298
59 61
59 62
59 65
59 71
59 72
59 76
59 78
59 79
59 82
59 91
59 96
59 98
59 99
59 102
59 113
59 118
59 133
59 157
59 159
59 161
59 165
59 168
59 175
59 177
59 181
59 184
59 204
59 211
59 218
59 224
59 230
59 264
59 272
59 283
60 63
60 64
60 66
60 67
60 73
60 74
60 79
60 85
60 86
60 89
60 92
60 95
60 104
60 113
60 115
60 131
60 132
60 152
60 159
60 164
60 167
60 171
60 174
60 175
60 176
60 178
60 182
60 183
60 189
60 191
60 202
60 203
60 209
60 213
60 215
60 244
60 246
60 248
60 282
60 283
60 288
60 296
61 65
61 68
61 70
61 72
61 74
61 75
61 79
61 87
61 93
61 98
61 101
61 103
61 106
61 110
61 111
61 114
61 117
61 126
61 131
61 133
61 141
61 145
61 155
61 162
61 164
61 171
61 196
61 197
61 202
61 216
61 217
61 231
61 232
61 234
61 236
61 239
61 244
61 246
61 248
61 256
61 258
61 261
61 262
61 264
61 269
61 276
61 294
61 107
62 64
62 66
62 67
62 68
62 69
62 72
62 79
62 80
62 84
62 85
62 89
62 90
62 96
62 97
62 100
62 105
62 109
62 112
62 113
62 117
62 119
62 125
62 126
62 127
62 141
62 144
62 147
62 155
62 158
62 168
62 172
62 177
62 209
62 210
62 216
62 220
62 228
62 235
62 239
62 263
62 273
62 274
62 281
62 290
62 291
62 293
62 146
62 224
63 80
63 81
63 83
63 84
63 88
63 95
63 96
63 99
63 103
63 104
63 105
63 109
63 120
63 122
63 123
63 134
63 135
63 142
63 144
63 156
63 163
63 173
63 177
63 182
63 195
63 196
63 205
63 208
63 216
63 238
63 240
63 244
63 246
63 250
63 269
63 274
63 285
63 288
63 293
63 294
64 65
64 72
64 73
64 74
64 77
64 87
64 93
64 99
64 102
64 111
64 117
64 120
64 126
64 145
64 154
64 161
64 163
64 182
64 186
64 192
64 198
64 209
64 213
64 226
64 236
64 244
64 267
64 276
64 280
64 292
64 293
65 71
65 72
65 81
65 94
65 95
65 96
65 100
65 102
65 105
65 107
65 111
65 120
65 123
65 129
65 131
65 133
65 134
65 138
65 147
65 149
65 157
65 160
65 163
65 172
65 182
65 192
65 210
65 212
65 216
65 219
65 231
65 261
65 292
65 179
66 78
66 81
66 91
66 95
66 99
66 103
66 106
66 108
66 126
66 130
66 133
66 156
66 158
66 159
66 160
66 161
66 163
66 164
66 171
66 175
66 177
66 185
66 193
66 199
66 221
66 248
66 249
66 263
66 271
66 284
66 289
66 294
67 73
67 77
67 79
67 80
67 83
67 84
67 86
67 92
67 93
67 94
67 105
67 107
67 127
67 131
67 133
67 134
67 140
67 143
67 166
67 184
67 188
67 192
67 194
67 197
67 198
67 213
67 216
67 217
67 220
67 227
67 232
67 237
67 243
67 247
67 248
67 252
67 260
67 264
67 278
67 142
68 70
68 71
68 73
68 80
68 81
68 82
68 83
68 85
68 86
68 90
68 104
68 109
68 113
68 114
68 117
68 119
68 132
68 136
68 141
68 146
68 150
68 153
68 170
68 172
68 173
68 179
68 189
68 195
68 222
68 227
68 229
68 240
68 241
68 243
68 246
68 248
68 253
68 267
68 274
68 275
68 282
68 289
68 291
68 158
69 74
69 91
69 92
69 103
69 113
69 124
69 125
69 132
69 138
69 146
69 148
69 151
69 153
69 155
69 156
69 164
69 176
69 178
69 179
69 182
69 187
69 192
69 193
69 198
69 202
69 204
69 210
69 213
69 222
69 233
69 239
69 248
69 261
69 263
69 284
69 298
70 72
70 80
70 81
70 83
70 98
70 100
70 102
70 108
70 112
70 113
70 119
70 127
70 143
70 147
70 150
70 166
70 167
70 169
70 180
70 191
70 194
70 211
70 212
70 215
70 219
70 220
70 238
70 241
70 261
70 270
70 271
70 286
71 84
71 85
71 88
71 92
71 98
71 111
71 129
71 131
71 139
71 145
71 152
71 153
71 159
71 163
71 164
71 166
71 176
71 222
71 227
71 231
71 235
71 247
71 252
71 259
71 273
71 277
71 284
72 75
72 76
72 80
72 87
72 110
72 117
72 118
72 128
72 132
72 137
72 139
72 140
72 143
72 144
72 149
72 157
72 163
72 172
72 182
72 188
72 195
72 212
72 218
72 234
72 243
72 255
72 268
72 270
72 272
72 273
72 285
72 295
73 75
73 78
73 79
73 81
73 82
73 83
73 84
73 100
73 102
73 108
73 111
73 123
73 124
73 125
73 157
73 158
73 172
73 176
73 178
73 181
73 197
73 203
73 206
73 208
73 213
73 227
73 236
73 241
73 247
73 249
73 256
73 268
73 276
73 298
74 83
74 86
74 88
74 91
74 92
74 113
74 117
74 120
74 122
74 130
74 131
74 135
74 138
74 147
74 150
74 154
74 155
74 161
74 168
74 174
74 190
74 201
74 203
74 214
74 224
74 230
74 243
74 247
74 251
74 257
74 264
74 265
74 269
74 273
74 279
74 285
74 80
75 77
75 78
75 80
75 90
75 109
75 111
75 112
75 113
75 114
75 115
75 125
75 135
75 137
75 142
75 143
75 150
75 170
75 188
75 190
75 194
75 201
75 213
75 221
75 225
75 247
75 250
75 252
75 261
75 277
75 281
75 180
76 77
76 86
76 88
76 89
76 91
76 95
76 96
76 101
76 104
76 110
76 119
76 123
76 124
76 126
76 134
76 137
76 142
76 146
76 148
76 151
76 153
76 155
76 158
76 160
76 162
76 176
76 195
76 221
76 222
76 234
76 248
76 255
76 266
76 268
76 280
76 285
76 107
77 78
77 79
77 80
77 81
77 84
77 92
77 94
77 97
77 101
77 102
77 103
77 107
77 111
77 118
77 119
77 121
77 131
77 137
77 139
77 142
77 149
77 158
77 164
77 166
77 189
77 191
77 212
77 230
77 235
77 238
77 240
77 242
77 250
77 263
77 264
77 270
77 271
77 272
77 274
77 279
77 280
77 282
78 80
78 85
78 93
78 96
78 97
78 100
78 101
78 102
78 103
78 104
78 107
78 110
78 117
78 121
78 122
78 133
78 140
78 149
78 153
78 154
78 162
78 165
78 178
78 185
78 186
78 192
78 196
78 197
78 202
78 205
78 221
78 225
78 239
78 258
78 260
78 262
78 279
78 287
78 288
78 235
79 97
79 106
79 107
79 114
79 116
79 129
79 132
79 136
79 140
79 143
79 162
79 164
79 173
79 176
79 177
79 181
79 184
79 186
79 211
79 229
79 237
79 252
79 285
80 85
80 91
80 92
80 97
80 112
80 125
80 129
80 135
80 136
80 149
80 173
80 179
80 180
80 188
80 190
80 194
80 201
80 213
80 214
80 215
80 232
80 240
80 257
80 268
80 269
80 295
81 85
81 91
81 92
81 94
81 95
81 102
81 108
81 109
81 111
81 118
81 119
81 124
81 126
81 136
81 144
81 146
81 152
81 158
81 164
81 171
81 172
81 173
81 189
81 200
81 209
81 226
81 243
81 252
81 264
81 268
81 278
81 289
81 290
81 293
81 162
82 84
82 131
82 154
82 160
82 166
82 170
82 173
82 175
82 181
82 183
82 191
82 194
82 216
82 240
82 254
82 274
82 279
82 289
82 220
83 86
83 100
83 105
83 107
83 110
83 155
83 156
83 200
83 218
83 258
83 263
83 275
83 278
83 293
84 86
84 90
84 106
84 110
84 112
84 115
84 123
84 126
84 133
84 134
84 145
84 159
84 170
84 181
84 192
84 195
84 203
84 204
84 206
84 228
84 230
84 237
84 242
84 244
84 262
84 298
85 96
85 98
85 101
85 111
85 130
85 143
85 149
85 180
85 182
85 210
85 218
85 231
85 238
85 252
85 258
85 261
85 264
85 279
85 288
85 292
85 295
85 297
86 91
86 93
86 97
86 105
86 118
86 126
86 135
86 140
86 142
86 151
86 184
86 185
86 192
86 215
86 216
86 245
86 257
87 88
87 90
87 103
87 112
87 120
87 123
87 137
87 148
87 156
87 161
87 166
87 172
87 183
87 184
87 188
87 201
87 210
87 229
87 242
87 254
87 266
87 273
87 276
87 280
87 285
87 293
88 103
88 122
88 128
88 136
88 144
88 146
88 147
88 152
88 160
88 165
88 176
88 182
88 186
88 191
88 205
88 232
88 233
88 235
88 240
88 247
88 260
88 275
88 277
88 279
88 285
88 286
88 288
89 95
89 99
89 101
89 105
89 106
89 108
89 118
89 123
89 124
89 131
89 135
89 138
89 143
89 149
89 152
89 155
89 156
89 160
89 173
89 175
89 176
89 181
89 196
89 197
89 198
89 201
89 203
89 212
89 218
89 219
89 238
89 244
89 245
89 258
89 264
89 269
89 275
89 276
89 278
89 282
89 295
90 103
90 105
90 113
90 125
90 126
90 134
90 138
90 141
90 144
90 148
90 152
90 169
90 184
90 247
90 252
90 267
91 97
91 98
91 109
91 111
91 132
91 133
91 149
91 150
91 156
91 162
91 166
91 176
91 201
91 208
91 212
91 249
91 250
91 260
91 261
91 273
91 286
91 291
91 296
92 107
92 109
92 114
92 117
92 125
92 127
92 131
92 132
92 136
92 138
92 139
92 147
92 150
92 155
92 165
92 171
92 176
92 184
92 200
92 203
92 210
92 214
92 224
92 229
92 234
92 237
92 249
92 255
92 262
92 282
92 205
93 104
93 121
93 137
93 164
93 178
93 220
93 267
93 281
94 97
94 110
94 113
94 114
94 120
94 128
94 133
94 136
94 151
94 153
94 156
94 157
94 158
94 159
94 162
94 173
94 175
94 178
94 183
94 185
94 187
94 194
94 197
94 200
94 205
94 213
94 247
94 258
94 261
94 263
94 266
94 268
94 273
94 290
94 144
95 120
95 121
95 125
95 136
95 137
95 142
95 147
95 148
95 153
95 158
95 159
95 168
95 184
95 190
95 194
95 199
95 218
95 221
95 225
95 227
95 232
95 236
95 244
95 250
95 252
95 257
95 285
95 289
95 292
95 293
96 116
96 119
96 126
96 130
96 135
96 146
96 154
96 156
96 173
96 183
96 191
96 200
96 217
96 232
96 233
96 236
96 247
96 258
96 259
96 275
96 282
96 284
96 285
96 289
97 100
97 106
97 130
97 132
97 147
97 153
97 167
97 175
97 180
97 183
97 206
97 209
97 210
97 211
97 213
97 222
97 229
97 236
97 244
97 255
97 260
97 270
97 277
97 279
98 103
98 104
98 105
98 109
98 110
98 122
98 129
98 145
98 159
98 160
98 165
98 166
98 171
98 175
98 194
98 203
98 206
98 220
98 241
98 268
99 100
99 103
99 109
99 112
99 116
99 121
99 125
99 126
99 128
99 139
99 150
99 152
99 157
99 172
99 191
99 198
99 203
99 212
99 223
99 231
99 239
99 245
99 275
99 282
99 283
99 251
100 101
100 106
100 111
100 124
100 135
100 141
100 142
100 143
100 148
100 155
100 161
100 170
100 174
100 178
100 195
100 202
100 204
100 212
100 213
100 243
100 264
100 267
100 268
100 280
100 283
100 294
100 295
100 299
101 108
101 114
101 116
101 118
101 122
101 125
101 127
101 135
101 160
101 166
101 180
101 184
101 196
101 213
101 227
101 245
101 272
102 103
102 105
102 108
102 118
102 121
102 137
102 140
102 143
102 146
102 151
102 158
102 159
102 167
102 187
102 190
102 191
102 197
102 199
102 202
102 215
102 227
102 244
102 250
102 259
102 265
102 275
102 276
102 136
103 105
103 119
103 128
103 142
103 145
103 155
103 171
103 172
103 175
103 179
103 184
103 204
103 210
103 219
103 224
103 228
103 254
103 279
103 292
104 115
104 116
104 119
104 120
104 132
104 139
104 145
104 148
104 167
104 169
104 176
104 179
104 182
104 217
104 240
104 245
104 255
104 269
104 270
104 273
104 277
104 281
104 282
104 293
104 297
105 126
105 135
105 139
105 144
105 159
105 165
105 168
105 203
105 211
105 222
105 231
105 235
105 236
105 237
105 239
105 253
105 276
105 279
105 288
106 130
106 148
106 152
106 167
106 182
106 202
106 206
106 216
106 245
106 246
106 278
106 281
106 286
107 114
107 115
107 116
107 120
107 126
107 127
107 129
107 134
107 141
107 142
107 151
107 154
107 159
107 179
107 191
107 192
107 212
107 220
107 226
107 227
107 232
107 236
107 249
107 275
108 111
108 114
108 118
108 120
108 123
108 134
108 137
108 140
108 153
108 154
108 168
108 175
108 180
108 181
108 187
108 196
108 207
108 217
108 240
108 241
108 256
108 284
108 294
108 296
108 297
109 139
109 142
109 151
109 157
109 158
109 164
109 185
109 219
109 221
109 236
109 250
109 255
109 258
109 271
109 291
110 113
110 115
110 116
110 132
110 133
110 146
110 152
110 170
110 174
110 184
110 187
110 191
110 199
110 206
110 209
110 219
110 224
110 231
110 245
110 256
110 262
110 298
111 118
111 121
111 129
111 134
111 135
111 137
111 146
111 149
111 154
111 161
111 170
111 177
111 179
111 181
111 185
111 186
111 194
111 197
111 211
111 214
111 216
111 219
111 231
111 237
111 245
111 250
111 256
111 260
111 261
111 262
111 280
111 281
111 290
111 292
112 136
112 148
112 154
112 157
112 165
112 172
112 174
112 201
112 203
112 217
112 218
112 245
112 271
112 274
112 297
113 135
113 139
113 145
113 175
113 185
113 187
113 214
113 219
113 234
113 243
113 254
113 279
113 249
114 115
114 125
114 129
114 145
114 161
114 168
114 177
114 187
114 190
114 202
114 205
114 220
114 229
114 232
114 233
114 239
114 249
114 250
114 253
114 263
114 266
114 269
114 282
115 116
115 121
115 124
115 126
115 148
115 156
115 161
115 173
115 180
115 203
115 204
115 205
115 216
115 231
115 237
115 249
115 266
115 297
115 298
115 192
116 130
116 146
116 149
116 150
116 173
116 175
116 180
116 186
116 207
116 212
116 250
116 252
116 254
116 270
116 274
116 278
116 294
117 119
117 128
117 134
117 142
117 147
117 163
117 169
117 172
117 178
117 188
117 198
117 233
117 235
117 245
117 286
117 228
118 126
118 133
118 134
118 143
118 146
118 161
118 183
118 186
118 223
118 241
118 248
118 265
118 273
118 284
118 286
118 294
119 124
119 134
119 138
119 157
119 158
119 162
119 174
119 196
119 199
119 204
119 217
119 240
119 244
119 247
119 258
119 260
119 265
119 294
120 121
120 122
120 123
120 124
120 148
120 152
120 166
120 189
120 197
120 198
120 251
120 258
120 267
120 272
120 284
121 123
121 124
121 136
121 163
121 166
121 182
121 197
121 199
121 204
121 205
121 220
121 230
121 234
121 248
121 257
121 272
121 276
121 285
121 219
122 126
122 127
122 129
122 130
122 134
122 144
122 150
122 169
122 170
122 176
122 179
122 232
122 264
122 278
122 290
122 272
123 125
123 154
123 171
123 179
123 201
123 214
123 222
123 228
123 238
123 243
123 247
123 251
123 286
123 299
124 138
124 149
124 150
124 152
124 162
124 167
124 178
124 187
124 204
124 209
124 219
124 252
124 277
124 285
124 290
124 293
124 299
125 134
125 136
125 141
125 142
125 148
125 154
125 165
125 166
125 168
125 170
125 190
125 195
125 206
125 220
125 230
125 245
125 249
125 270
125 283
125 292
125 295
126 138
126 142
126 186
126 193
126 229
126 262
126 280
126 294
126 298
127 138
127 139
127 143
127 147
127 157
127 166
127 167
127 191
127 192
127 194
127 199
127 200
127 207
127 227
127 254
127 256
127 259
127 286
127 290
127 292
128 151
128 164
128 170
128 174
128 181
128 223
128 251
128 263
128 273
129 133
129 137
129 142
129 146
129 149
129 162
129 176
129 177
129 180
129 200
129 208
129 212
129 214
129 261
129 262
129 265
129 267
129 276
129 296
130 141
130 146
130 149
130 157
130 172
130 183
130 205
130 206
130 215
130 223
130 226
130 228
130 230
130 231
130 236
130 239
130 243
130 249
130 280
130 269
131 187
131 191
131 199
131 207
131 211
131 253
131 255
131 257
131 259
131 268
132 145
132 165
132 171
132 186
132 202
132 204
132 205
132 207
132 220
132 237
132 248
132 258
132 262
132 271
132 272
132 274
132 295
133 146
133 181
133 204
133 210
133 230
133 238
133 259
133 291
134 145
134 153
134 155
134 195
134 220
134 255
134 257
134 261
134 262
134 269
134 287
134 290
134 297
135 159
135 206
135 215
135 218
135 236
135 262
135 270
136 138
136 143
136 184
136 192
136 211
136 215
136 219
136 222
136 242
136 248
136 257
136 262
136 270
136 273
136 281
136 286
136 293
137 138
137 144
137 149
137 156
137 160
137 163
137 167
137 176
137 183
137 211
137 216
137 257
137 262
137 266
137 272
137 274
137 291
138 139
138 143
138 157
138 167
138 173
138 189
138 226
138 229
138 235
138 252
138 270
138 281
138 284
138 286
138 227
139 140
139 141
139 174
139 196
139 201
139 210
139 227
139 239
139 248
139 259
139 267
139 289
140 161
140 167
140 172
140 174
140 175
140 202
140 205
140 209
140 215
140 216
140 218
140 224
140 228
140 232
140 233
140 245
140 255
140 261
140 289
141 142
141 152
141 159
141 173
141 177
141 190
141 199
141 210
141 238
141 239
141 243
141 284
142 155
142 160
142 163
142 214
142 234
142 282
142 299
143 146
143 151
143 158
143 161
143 167
143 200
143 219
143 245
143 253
143 271
143 281
144 150
144 153
144 157
144 158
144 193
144 207
144 211
144 212
144 217
144 232
144 235
144 241
144 243
144 260
144 264
144 277
144 299
145 156
145 167
145 178
145 181
145 185
145 190
145 193
145 207
145 210
145 218
145 219
145 242
145 265
145 273
145 282
145 172
146 149
146 152
146 153
146 156
146 164
146 173
146 175
146 188
146 192
146 234
146 243
146 248
146 277
146 280
146 291
146 206
147 160
147 192
147 226
147 233
147 235
147 239
147 242
147 243
147 250
148 181
148 209
148 224
148 281
149 150
149 151
149 161
149 180
149 181
149 183
149 203
149 226
149 284
150 152
150 154
150 194
150 202
150 205
150 207
150 231
150 266
150 275
150 296
151 155
151 159
151 164
151 189
151 231
151 238
151 247
151 251
151 259
151 274
151 291
151 292
151 298
152 164
152 176
152 187
152 190
152 199
152 217
152 233
152 262
152 270
152 292
153 155
153 162
153 169
153 172
153 185
153 193
153 194
153 207
153 221
153 229
153 268
153 286
153 180
154 163
154 165
154 179
154 193
154 199
154 205
154 230
154 253
154 277
154 294
154 299
155 174
155 186
155 195
155 208
155 230
155 237
155 244
155 254
155 259
155 263
155 275
155 288
155 290
155 294
155 296
156 178
156 190
156 196
156 232
156 238
156 239
156 250
156 283
156 284
156 285
157 158
157 186
157 193
157 223
157 224
157 296
158 172
158 182
158 190
158 203
158 210
158 217
158 250
158 259
158 266
158 291
159 171
159 180
159 192
159 197
159 201
159 203
159 214
159 232
159 248
159 251
159 253
159 254
159 281
159 287
159 289
160 168
160 169
160 173
160 207
160 208
160 210
160 229
160 258
160 283
160 294
161 166
161 189
161 210
161 213
161 219
161 230
161 236
161 239
161 240
161 244
161 245
161 263
161 284
161 286
161 297
161 216
162 175
162 198
162 205
162 218
162 220
162 225
162 270
162 294
162 296
163 198
163 236
163 245
163 256
163 275
163 281
163 283
163 296
164 165
164 183
164 190
164 196
164 197
164 202
164 206
164 229
164 240
164 256
164 292
164 298
165 182
165 191
165 210
165 213
165 238
165 266
165 267
165 277
165 288
165 292
166 168
166 169
166 183
166 192
166 253
166 257
166 260
166 277
166 286
167 182
167 187
167 194
167 241
167 254
167 258
167 262
167 274
167 283
167 285
167 298
168 172
168 176
168 198
168 213
168 234
168 237
168 288
168 289
168 293
169 170
169 174
169 176
169 189
169 215
169 220
169 225
169 228
169 232
169 296
170 186
170 188
170 190
170 206
170 224
170 259
171 177
171 185
171 201
171 224
171 226
171 231
171 244
171 271
171 276
171 296
171 299
172 208
172 211
172 212
172 240
172 246
172 273
172 283
172 289
173 193
173 228
173 235
173 243
173 247
173 256
173 277
173 291
174 178
174 186
174 242
174 258
174 267
174 269
174 279
175 184
175 190
175 202
175 259
175 281
176 179
176 191
176 194
176 197
176 219
176 223
176 253
176 255
176 257
176 265
176 277
176 287
177 181
177 185
177 194
177 213
177 225
177 232
177 234
177 237
177 257
177 262
177 293
178 179
178 185
178 195
178 201
178 214
178 221
178 223
178 255
178 260
178 267
178 283
178 187
179 188
179 189
179 200
179 202
179 204
179 244
179 259
179 264
180 208
180 210
180 211
180 227
180 239
180 241
180 294
181 189
181 213
181 224
181 254
181 268
181 271
181 273
181 288
182 191
182 221
182 227
182 238
182 259
182 260
182 265
182 277
183 194
183 204
183 221
183 231
183 249
183 276
184 186
184 192
184 199
184 204
184 205
184 252
184 255
184 267
184 276
184 287
185 205
185 210
185 226
185 229
185 235
185 248
185 253
185 287
185 251
186 214
186 215
186 240
186 246
186 272
186 297
187 193
187 199
187 206
187 208
187 209
187 224
187 258
187 281
187 282
187 299
188 214
188 217
188 221
188 227
188 241
188 263
188 297
189 263
190 195
190 230
190 248
191 204
191 217
191 233
191 246
191 263
191 287
191 251
192 217
192 243
192 253
192 284
193 195
193 207
193 218
193 226
193 257
193 263
193 283
194 198
194 206
194 207
194 216
194 224
194 232
194 235
194 251
195 211
195 265
196 211
196 234
196 267
196 270
196 287
196 295
197 232
197 242
198 205
198 219
198 242
198 253
198 272
198 282
198 287
198 290
198 291
199 202
199 230
200 217
200 218
200 253
200 255
200 271
200 298
200 278
201 208
201 220
201 235
201 252
201 271
201 293
201 296
202 204
202 234
202 245
202 269
203 209
203 262
204 209
204 211
204 223
204 227
204 235
204 237
204 241
204 245
204 263
204 266
204 282
204 291
205 219
205 223
205 267
205 285
205 287
206 219
206 223
206 248
206 278
206 285
207 215
207 218
207 222
207 240
207 244
207 272
207 286
207 293
207 297
208 238
208 243
208 252
208 281
209 268
209 292
210 217
210 220
210 251
210 255
210 269
210 291
210 299
211 238
211 273
211 298
212 238
212 244
212 261
212 299
213 221
213 222
213 224
213 226
213 238
213 248
214 231
214 232
214 241
214 263
214 268
214 290
215 222
215 259
216 225
216 230
216 235
216 256
216 260
216 274
217 218
217 274
217 278
217 280
217 287
218 251
218 272
218 274
219 246
219 263
219 271
219 295
220 224
220 225
220 230
220 236
220 245
220 254
220 285
221 236
221 265
222 233
222 237
222 247
222 251
222 252
222 269
222 278
222 289
223 236
223 237
223 239
223 241
223 246
223 271
223 279
223 281
224 225
224 228
224 273
225 254
225 264
225 274
225 279
226 270
226 295
227 245
227 253
227 266
227 268
227 281
228 242
228 251
228 253
228 276
228 284
228 285
229 277
230 236
230 246
230 264
230 265
230 277
231 283
232 287
233 242
233 250
233 279
233 297
234 237
234 259
234 264
234 265
234 244
235 251
235 266
235 271
236 247
236 255
236 276
236 289
236 292
237 240
237 256
237 284
237 298
238 247
238 297
239 248
239 249
239 272
239 274
239 298
240 243
240 249
240 274
240 276
240 297
241 246
241 279
241 280
241 297
243 253
244 247
244 251
244 253
245 272
245 275
246 269
246 293
247 261
247 273
247 293
248 281
249 258
249 263
250 257
250 264
251 264
252 265
252 270
252 275
254 267
255 265
255 290
256 267
256 283
256 287
257 282
257 289
257 295
257 298
258 267
259 261
259 279
259 281
259 295
260 283
262 270
262 285
262 295
263 264
263 267
263 270
263 271
263 278
263 288
265 278
265 288
267 294
268 272
268 275
268 287
269 295
269 296
269 299
270 298
271 288
272 289
272 292
272 299
274 291
275 280
277 287
277 294
282 287
284 288
285 290
290 297
291 295
291 297