97330447
39
300
10252
0 39
0 40
0 41
0 42
0 43
0 44
0 45
0 46
0 47
0 49
0 50
0 51
0 52
0 54
0 55
0 57
0 60
0 63
0 64
0 67
0 71
0 72
0 76
0 77
0 78
0 83
0 84
0 85
0 86
0 90
0 94
0 95
0 96
0 103
0 114
0 117
0 119
0 122
0 123
0 125
0 130
0 134
0 142
0 160
0 166
0 170
0 171
0 177
0 194
0 216
0 225
0 234
0 241
0 245
0 267
0 279
0 296
1 39
1 40
1 41
1 42
1 43
1 44
1 45
1 46
1 47
1 48
1 49
1 50
1 51
1 55
1 56
1 57
1 58
1 60
1 61
1 62
1 64
1 65
1 66
1 67
1 68
1 69
1 71
1 73
1 74
1 79
1 80
1 83
1 85
1 87
1 89
1 90
1 91
1 92
1 93
1 95
1 96
1 97
1 106
1 107
1 109
1 111
1 117
1 120
1 125
1 127
1 135
1 139
1 140
1 143
1 145
1 147
1 161
1 162
1 173
1 175
1 176
1 179
1 185
1 186
1 190
1 196
1 200
1 201
1 202
1 208
1 211
1 214
1 215
1 219
1 226
1 227
1 231
1 237
1 239
1 240
1 243
1 249
1 253
1 263
1 267
1 274
1 280
1 286
1 295
1 296
1 299
2 39
2 40
2 41
2 42
2 43
2 44
2 45
2 46
2 47
2 48
2 54
2 57
2 58
2 59
2 62
2 64
2 66
2 68
2 69
2 70
2 71
2 74
2 76
2 81
2 88
2 90
2 99
2 100
2 102
2 107
2 109
2 112
2 113
2 121
2 123
2 150
2 151
2 155
2 169
2 172
2 181
2 185
2 187
2 205
2 206
2 214
2 215
2 219
2 228
2 239
2 240
2 256
2 259
2 267
2 269
2 273
2 277
2 282
2 285
2 297
2 298
2 299
2 220
3 39
3 40
3 41
3 42
3 43
3 44
3 45
3 46
3 47
3 48
3 49
3 50
3 51
3 52
3 53
3 56
3 57
3 58
3 59
3 60
3 61
3 62
3 65
3 66
3 69
3 71
3 73
3 74
3 75
3 76
3 81
3 82
3 83
3 87
3 95
3 104
3 107
3 108
3 109
3 119
3 122
3 127
3 132
3 133
3 135
3 137
3 138
3 140
3 141
3 148
3 150
3 158
3 159
3 161
3 163
3 167
3 170
3 177
3 179
3 184
3 188
3 191
3 192
3 202
3 203
3 207
3 209
3 215
3 217
3 229
3 243
3 254
3 260
3 261
3 268
3 270
3 291
3 298
3 27
4 39
4 40
4 41
4 42
4 43
4 44
4 45
4 46
4 47
4 49
4 50
4 51
4 53
4 54
4 56
4 57
4 63
4 65
4 67
4 69
4 70
4 71
4 73
4 74
4 76
4 78
4 84
4 85
4 89
4 94
4 95
4 100
4 102
4 108
4 119
4 121
4 133
4 134
4 141
4 145
4 146
4 148
4 159
4 167
4 168
4 190
4 192
4 198
4 205
4 210
4 222
4 242
4 244
4 247
4 255
4 270
4 284
4 288
4 294
5 39
5 40
5 41
5 42
5 43
5 44
5 46
5 47
5 48
5 50
5 52
5 53
5 55
5 56
5 59
5 60
5 61
5 65
5 66
5 67
5 73
5 75
5 76
5 83
5 84
5 88
5 89
5 90
5 93
5 96
5 103
5 104
5 108
5 119
5 121
5 126
5 128
5 144
5 159
5 160
5 188
5 196
5 204
5 207
5 210
5 214
5 216
5 219
5 223
5 227
5 228
5 256
5 269
5 271
5 272
5 275
5 283
5 288
6 39
6 40
6 41
6 42
6 43
6 44
6 45
6 46
6 48
6 49
6 51
6 52
6 56
6 57
6 59
6 60
6 61
6 64
6 65
6 66
6 68
6 69
6 70
6 71
6 72
6 76
6 77
6 79
6 81
6 82
6 83
6 86
6 90
6 95
6 96
6 100
6 101
6 102
6 104
6 106
6 108
6 112
6 113
6 128
6 131
6 132
6 137
6 142
6 146
6 148
6 149
6 151
6 155
6 157
6 161
6 167
6 169
6 170
6 175
6 183
6 185
6 186
6 207
6 208
6 218
6 221
6 229
6 230
6 235
6 236
6 243
6 247
6 250
6 251
6 261
6 263
6 265
6 268
6 272
6 277
6 279
6 284
6 33
7 39
7 40
7 41
7 42
7 43
7 44
7 45
7 49
7 51
7 52
7 53
7 54
7 55
7 57
7 58
7 59
7 64
7 67
7 68
7 69
7 74
7 77
7 78
7 79
7 81
7 82
7 84
7 85
7 89
7 92
7 96
7 97
7 104
7 106
7 107
7 115
7 116
7 118
7 125
7 127
7 136
7 161
7 164
7 166
7 183
7 185
7 187
7 203
7 205
7 206
7 209
7 211
7 214
7 216
7 220
7 224
7 225
7 227
7 234
7 235
7 240
7 241
7 254
7 255
7 258
7 274
7 278
8 39
8 40
8 41
8 43
8 44
8 45
8 46
8 47
8 50
8 52
8 54
8 56
8 58
8 61
8 62
8 65
8 67
8 74
8 77
8 81
8 82
8 84
8 89
8 90
8 95
8 96
8 99
8 106
8 123
8 126
8 127
8 131
8 132
8 156
8 165
8 168
8 172
8 184
8 191
8 192
8 208
8 223
8 236
8 240
8 241
8 250
8 255
8 256
8 272
8 292
9 39
9 49
9 51
9 52
9 68
9 70
9 95
9 98
9 109
9 110
9 114
9 137
9 140
9 171
9 176
9 184
9 188
9 202
9 205
9 214
9 246
9 250
9 268
9 287
9 11
10 39
10 40
10 41
10 42
10 43
10 47
10 48
10 49
10 50
10 51
10 52
10 56
10 58
10 60
10 62
10 63
10 70
10 74
10 77
10 80
10 88
10 90
10 91
10 94
10 98
10 100
10 111
10 113
10 115
10 116
10 118
10 120
10 123
10 125
10 126
10 136
10 137
10 141
10 143
10 145
10 156
10 157
10 162
10 163
10 175
10 188
10 189
10 190
10 194
10 209
10 211
10 214
10 215
10 221
10 230
10 232
10 235
10 241
10 244
10 253
10 265
10 267
10 269
10 271
10 283
10 290
10 296
10 299
11 39
11 40
11 41
11 42
11 43
11 44
11 45
11 46
11 48
11 51
11 53
11 54
11 55
11 58
11 64
11 71
11 74
11 76
11 77
11 78
11 82
11 90
11 91
11 97
11 101
11 104
11 112
11 113
11 117
11 123
11 137
11 139
11 140
11 149
11 158
11 169
11 171
11 172
11 176
11 178
11 194
11 212
11 216
11 218
11 228
11 229
11 235
11 247
11 270
11 293
11 297
11 299
12 39
12 40
12 41
12 42
12 43
12 44
12 45
12 46
12 48
12 49
12 50
12 51
12 53
12 54
12 55
12 56
12 57
12 58
12 59
12 60
12 61
12 62
12 64
12 65
12 67
12 68
12 69
12 72
12 73
12 79
12 80
12 81
12 85
12 87
12 97
12 98
12 99
12 101
12 105
12 106
12 107
12 110
12 113
12 114
12 116
12 120
12 122
12 127
12 129
12 130
12 131
12 137
12 140
12 143
12 148
12 151
12 152
12 158
12 160
12 161
12 180
12 185
12 188
12 194
12 202
12 203
12 211
12 215
12 217
12 218
12 227
12 243
12 246
12 249
12 258
12 273
12 278
12 289
12 293
13 39
13 40
13 41
13 42
13 43
13 44
13 45
13 46
13 48
13 49
13 50
13 51
13 52
13 53
13 54
13 55
13 56
13 57
13 59
13 60
13 62
13 63
13 65
13 66
13 68
13 70
13 72
13 75
13 77
13 79
13 82
13 84
13 86
13 87
13 88
13 89
13 90
13 92
13 93
13 94
13 106
13 110
13 112
13 113
13 116
13 118
13 124
13 129
13 130
13 148
13 149
13 158
13 159
13 160
13 161
13 162
13 167
13 171
13 175
13 179
13 181
13 187
13 191
13 200
13 209
13 217
13 225
13 227
13 228
13 230
13 233
13 242
13 252
13 254
13 255
13 282
13 290
13 293
13 294
13 166
14 39
14 40
14 41
14 42
14 43
14 44
14 45
14 46
14 47
14 50
14 51
14 52
14 54
14 58
14 59
14 61
14 62
14 63
14 64
14 66
14 67
14 70
14 71
14 73
14 78
14 80
14 81
14 83
14 84
14 85
14 89
14 98
14 100
14 102
14 108
14 109
14 111
14 122
14 129
14 130
14 134
14 139
14 148
14 150
14 156
14 172
14 178
14 183
14 191
14 200
14 203
14 230
14 242
14 248
14 269
14 274
14 277
14 291
15 39
15 40
15 41
15 42
15 43
15 44
15 45
15 46
15 47
15 48
15 49
15 50
15 51
15 52
15 53
15 54
15 55
15 56
15 59
15 60
15 62
15 63
15 66
15 67
15 68
15 71
15 72
15 73
15 80
15 82
15 83
15 85
15 86
15 87
15 92
15 93
15 96
15 97
15 99
15 100
15 101
15 102
15 103
15 104
15 107
15 111
15 113
15 114
15 115
15 116
15 118
15 121
15 122
15 123
15 124
15 126
15 127
15 130
15 131
15 134
15 135
15 136
15 141
15 152
15 161
15 162
15 174
15 182
15 186
15 187
15 189
15 191
15 194
15 207
15 213
15 214
15 217
15 229
15 233
15 238
15 245
15 247
15 248
15 264
15 271
15 272
15 280
15 285
15 288
15 289
15 291
15 294
15 25
15 175
16 39
16 40
16 41
16 42
16 44
16 45
16 46
16 47
16 48
16 49
16 53
16 56
16 64
16 66
16 67
16 68
16 72
16 76
16 77
16 79
16 80
16 81
16 84
16 91
16 92
16 105
16 108
16 117
16 124
16 132
16 137
16 140
16 142
16 147
16 150
16 152
16 160
16 173
16 174
16 188
16 191
16 192
16 193
16 199
16 200
16 222
16 223
16 235
16 256
16 266
16 278
16 282
16 186
17 39
17 40
17 41
17 42
17 43
17 44
17 45
17 47
17 50
17 53
17 55
17 57
17 58
17 62
17 63
17 65
17 66
17 67
17 68
17 70
17 72
17 74
17 75
17 76
17 79
17 80
17 84
17 85
17 86
17 87
17 92
17 94
17 101
17 104
17 110
17 112
17 113
17 116
17 117
17 118
17 126
17 127
17 135
17 136
17 153
17 155
17 159
17 161
17 170
17 178
17 183
17 185
17 194
17 196
17 198
17 200
17 203
17 204
17 205
17 221
17 230
17 242
17 243
17 247
17 248
17 256
17 257
17 261
17 264
17 274
17 286
17 292
18 39
18 40
18 41
18 42
18 43
18 44
18 46
18 47
18 48
18 50
18 53
18 60
18 67
18 73
18 75
18 79
18 82
18 83
18 86
18 87
18 93
18 94
18 98
18 99
18 101
18 107
18 111
18 126
18 138
18 140
18 144
18 145
18 164
18 165
18 179
18 182
18 184
18 189
18 198
18 204
18 217
18 231
18 235
18 251
18 277
18 299
18 69
18 250
19 39
19 40
19 42
19 43
19 45
19 46
19 47
19 48
19 49
19 50
19 51
19 56
19 57
19 58
19 59
19 60
19 61
19 62
19 64
19 67
19 70
19 71
19 75
19 78
19 85
19 87
19 90
19 93
19 100
19 102
19 103
19 121
19 122
19 129
19 132
19 134
19 137
19 138
19 140
19 141
19 155
19 161
19 165
19 178
19 180
19 186
19 204
19 206
19 210
19 214
19 216
19 238
19 244
19 264
20 39
20 40
20 41
20 42
20 43
20 44
20 45
20 46
20 47
20 48
20 49
20 50
20 54
20 55
20 58
20 65
20 70
20 72
20 76
20 78
20 81
20 96
20 120
20 123
20 133
20 164
20 177
20 178
20 181
20 194
20 198
20 203
20 248
20 254
20 255
20 281
20 290
20 298
21 39
21 40
21 41
21 42
21 43
21 44
21 45
21 46
21 47
21 48
21 50
21 51
21 52
21 53
21 54
21 56
21 58
21 60
21 61
21 62
21 63
21 64
21 65
21 67
21 70
21 73
21 76
21 77
21 80
21 81
21 82
21 84
21 85
21 86
21 88
21 90
21 91
21 92
21 94
21 101
21 105
21 106
21 108
21 109
21 111
21 114
21 118
21 123
21 129
21 131
21 144
21 145
21 150
21 160
21 167
21 168
21 171
21 178
21 179
21 187
21 205
21 231
21 235
21 256
21 259
21 272
21 292
21 295
21 279
22 39
22 40
22 41
22 42
22 43
22 44
22 45
22 46
22 47
22 48
22 49
22 50
22 51
22 52
22 53
22 60
22 61
22 65
22 66
22 68
22 71
22 73
22 76
22 77
22 79
22 81
22 84
22 85
22 87
22 91
22 94
22 97
22 99
22 103
22 112
22 115
22 119
22 130
22 132
22 140
22 163
22 165
22 166
22 186
22 187
22 197
22 202
22 210
22 215
22 227
22 243
22 246
22 247
22 253
22 257
22 258
22 260
22 261
22 264
22 265
22 280
22 284
22 286
22 299
23 39
23 40
23 41
23 42
23 43
23 44
23 46
23 47
23 48
23 49
23 50
23 52
23 53
23 55
23 56
23 57
23 60
23 70
23 72
23 73
23 76
23 80
23 83
23 88
23 95
23 105
23 108
23 110
23 114
23 126
23 127
23 133
23 136
23 139
23 147
23 153
23 160
23 162
23 171
23 172
23 186
23 198
23 226
23 229
23 230
23 231
23 249
23 261
23 270
23 277
23 288
23 292
23 297
24 39
24 40
24 41
24 42
24 43
24 44
24 45
24 46
24 48
24 49
24 50
24 51
24 52
24 53
24 54
24 55
24 56
24 57
24 58
24 59
24 60
24 61
24 63
24 64
24 65
24 68
24 69
24 71
24 72
24 74
24 75
24 76
24 78
24 81
24 82
24 86
24 88
24 91
24 93
24 99
24 103
24 104
24 107
24 109
24 112
24 116
24 118
24 119
24 120
24 121
24 132
24 140
24 151
24 152
24 157
24 159
24 160
24 172
24 174
24 176
24 177
24 179
24 182
24 185
24 186
24 194
24 209
24 219
24 220
24 223
24 230
24 231
24 238
24 240
24 241
24 247
24 252
24 254
24 260
24 266
24 268
24 275
24 276
24 277
24 282
24 288
24 289
24 79
25 39
25 40
25 41
25 42
25 43
25 44
25 45
25 47
25 48
25 49
25 51
25 52
25 53
25 55
25 56
25 59
25 60
25 63
25 65
25 66
25 67
25 68
25 71
25 72
25 73
25 74
25 75
25 79
25 81
25 86
25 88
25 89
25 90
25 91
25 93
25 97
25 99
25 102
25 103
25 106
25 107
25 108
25 109
25 110
25 112
25 113
25 118
25 123
25 129
25 131
25 136
25 137
25 138
25 139
25 140
25 144
25 150
25 151
25 152
25 156
25 162
25 164
25 165
25 171
25 176
25 178
25 182
25 190
25 202
25 203
25 205
25 208
25 216
25 217
25 218
25 226
25 247
25 260
25 264
25 270
25 273
25 275
25 284
25 292
26 39
26 40
26 41
26 42
26 43
26 44
26 45
26 46
26 48
26 49
26 50
26 51
26 52
26 53
26 55
26 56
26 58
26 59
26 61
26 63
26 80
26 84
26 85
26 102
26 104
26 107
26 108
26 109
26 117
26 118
26 125
26 130
26 137
26 139
26 141
26 143
26 144
26 155
26 163
26 181
26 186
26 192
26 196
26 202
26 203
26 206
26 208
26 216
26 221
26 222
26 223
26 229
26 240
26 244
26 245
26 265
26 267
26 272
26 299
27 39
27 40
27 41
27 42
27 43
27 44
27 45
27 46
27 47
27 48
27 49
27 50
27 52
27 53
27 54
27 55
27 57
27 61
27 62
27 64
27 66
27 67
27 68
27 69
27 71
27 72
27 77
27 78
27 80
27 81
27 82
27 83
27 85
27 86
27 91
27 92
27 100
27 103
27 105
27 106
27 107
27 108
27 116
27 127
27 138
27 141
27 144
27 145
27 152
27 154
27 157
27 158
27 163
27 165
27 175
27 189
27 194
27 199
27 207
27 209
27 225
27 228
27 239
27 247
27 250
27 257
27 273
27 277
27 280
27 281
27 287
27 289
27 251
28 39
28 40
28 41
28 42
28 43
28 44
28 45
28 46
28 47
28 48
28 49
28 50
28 51
28 54
28 55
28 57
28 58
28 59
28 60
28 63
28 70
28 74
28 84
28 86
28 94
28 101
28 102
28 109
28 110
28 112
28 138
28 147
28 153
28 154
28 155
28 160
28 164
28 172
28 178
28 182
28 196
28 219
28 235
28 246
28 267
28 268
28 286
28 297
29 39
29 40
29 41
29 42
29 43
29 44
29 45
29 46
29 47
29 48
29 49
29 50
29 51
29 52
29 54
29 55
29 56
29 57
29 58
29 59
29 61
29 63
29 66
29 69
29 71
29 72
29 73
29 74
29 75
29 78
29 83
29 84
29 86
29 88
29 94
29 96
29 97
29 98
29 99
29 102
29 103
29 113
29 114
29 115
29 119
29 120
29 121
29 125
29 126
29 128
29 131
29 133
29 136
29 138
29 139
29 145
29 157
29 160
29 167
29 168
29 171
29 173
29 181
29 185
29 190
29 192
29 199
29 204
29 209
29 213
29 215
29 223
29 226
29 227
29 229
29 233
29 234
29 236
29 241
29 244
29 246
29 247
29 249
29 263
29 266
29 268
29 277
29 295
29 297
29 70
30 39
30 40
30 41
30 42
30 43
30 44
30 45
30 47
30 48
30 49
30 52
30 54
30 56
30 57
30 58
30 59
30 60
30 61
30 62
30 66
30 75
30 79
30 83
30 85
30 88
30 90
30 94
30 96
30 101
30 104
30 109
30 116
30 122
30 124
30 128
30 131
30 132
30 140
30 142
30 150
30 155
30 179
30 182
30 204
30 207
30 208
30 226
30 228
30 237
30 244
30 245
30 252
30 266
30 284
30 298
31 39
31 40
31 41
31 42
31 43
31 44
31 46
31 47
31 48
31 49
31 50
31 51
31 52
31 53
31 54
31 55
31 56
31 57
31 58
31 60
31 62
31 63
31 66
31 67
31 68
31 73
31 75
31 81
31 82
31 83
31 87
31 89
31 106
31 110
31 115
31 120
31 127
31 128
31 136
31 139
31 140
31 143
31 149
31 153
31 154
31 164
31 167
31 173
31 183
31 185
31 187
31 194
31 196
31 198
31 199
31 222
31 224
31 227
31 228
31 236
31 240
31 241
31 245
31 253
31 264
31 268
31 271
31 291
32 39
32 40
32 41
32 42
32 43
32 44
32 45
32 46
32 47
32 48
32 49
32 50
32 51
32 52
32 54
32 56
32 58
32 61
32 63
32 66
32 70
32 71
32 72
32 75
32 77
32 84
32 94
32 96
32 98
32 100
32 101
32 102
32 108
32 112
32 115
32 126
32 130
32 136
32 140
32 146
32 147
32 153
32 160
32 164
32 165
32 168
32 170
32 172
32 182
32 192
32 195
32 196
32 197
32 200
32 201
32 203
32 210
32 222
32 224
32 225
32 229
32 231
32 236
32 251
32 252
32 258
32 259
32 260
32 265
32 266
32 282
33 39
33 40
33 41
33 42
33 43
33 44
33 45
33 46
33 47
33 49
33 51
33 52
33 53
33 55
33 56
33 58
33 60
33 61
33 63
33 64
33 67
33 68
33 69
33 72
33 73
33 74
33 75
33 77
33 79
33 80
33 86
33 90
33 93
33 97
33 103
33 105
33 110
33 116
33 119
33 122
33 123
33 125
33 133
33 136
33 137
33 140
33 144
33 146
33 150
33 151
33 152
33 153
33 155
33 158
33 161
33 174
33 176
33 177
33 189
33 206
33 207
33 222
33 227
33 235
33 255
33 267
33 269
33 275
33 294
34 39
34 40
34 41
34 42
34 43
34 44
34 45
34 46
34 47
34 48
34 49
34 51
34 52
34 53
34 54
34 55
34 56
34 57
34 61
34 64
34 65
34 66
34 67
34 70
34 76
34 78
34 80
34 82
34 83
34 90
34 94
34 95
34 96
34 97
34 99
34 100
34 101
34 102
34 103
34 110
34 116
34 121
34 130
34 132
34 134
34 138
34 140
34 144
34 148
34 149
34 153
34 155
34 162
34 166
34 168
34 169
34 170
34 175
34 178
34 180
34 182
34 190
34 200
34 203
34 204
34 214
34 215
34 218
34 219
34 232
34 234
34 237
34 250
34 252
34 257
34 271
34 285
34 287
34 292
35 39
35 40
35 41
35 42
35 45
35 46
35 47
35 51
35 53
35 54
35 57
35 58
35 60
35 61
35 62
35 63
35 65
35 71
35 81
35 82
35 83
35 87
35 92
35 95
35 98
35 99
35 101
35 106
35 110
35 112
35 116
35 121
35 131
35 134
35 139
35 140
35 141
35 146
35 157
35 161
35 165
35 166
35 169
35 172
35 175
35 177
35 180
35 199
35 213
35 219
35 220
35 221
35 224
35 227
35 230
35 234
35 236
35 241
35 243
35 247
35 254
35 259
35 279
35 287
35 288
35 270
35 183
36 39
36 40
36 41
36 42
36 43
36 45
36 46
36 47
36 48
36 49
36 50
36 52
36 53
36 54
36 55
36 57
36 59
36 60
36 62
36 64
36 65
36 67
36 72
36 73
36 75
36 86
36 87
36 89
36 92
36 94
36 97
36 99
36 104
36 107
36 112
36 119
36 120
36 121
36 122
36 125
36 128
36 132
36 145
36 146
36 152
36 155
36 161
36 167
36 176
36 181
36 198
36 222
36 234
36 246
36 251
36 261
36 263
36 264
36 269
36 273
36 278
36 287
36 288
36 294
37 39
37 40
37 41
37 44
37 45
37 47
37 48
37 49
37 50
37 52
37 53
37 54
37 55
37 58
37 59
37 61
37 64
37 68
37 69
37 70
37 71
37 73
37 76
37 77
37 78
37 100
37 101
37 104
37 109
37 110
37 111
37 112
37 113
37 114
37 115
37 117
37 123
37 124
37 134
37 151
37 154
37 169
37 176
37 184
37 191
37 199
37 210
37 214
37 237
37 247
37 265
37 267
37 287
37 296
37 177
38 39
38 40
38 41
38 42
38 43
38 44
38 45
38 46
38 47
38 48
38 50
38 51
38 53
38 54
38 55
38 57
38 59
38 60
38 61
38 62
38 63
38 65
38 69
38 70
38 71
38 72
38 74
38 75
38 80
38 89
38 91
38 93
38 97
38 99
38 104
38 105
38 113
38 115
38 117
38 118
38 120
38 133
38 134
38 136
38 139
38 140
38 146
38 148
38 151
38 156
38 166
38 167
38 170
38 172
38 177
38 180
38 188
38 195
38 202
38 203
38 204
38 208
38 212
38 215
38 220
38 226
38 229
38 231
38 234
38 235
38 238
38 250
38 255
38 262
38 263
38 266
38 271
38 287
38 296
39 40
39 41
39 42
39 43
39 44
39 45
39 46
39 47
39 48
39 49
39 50
39 51
39 52
39 53
39 54
39 55
39 56
39 57
39 58
39 59
39 60
39 61
39 62
39 63
39 64
39 65
39 66
39 67
39 68
39 70
39 71
39 72
39 73
39 74
39 75
39 77
39 78
39 79
39 80
39 83
39 84
39 87
39 89
39 90
39 91
39 92
39 94
39 97
39 99
39 102
39 103
39 106
39 107
39 110
39 111
39 114
39 119
39 124
39 125
39 126
39 127
39 128
39 129
39 130
39 134
39 135
39 136
39 138
39 139
39 141
39 142
39 143
39 144
39 145
39 150
39 152
39 153
39 156
39 160
39 161
39 163
39 165
39 169
39 170
39 171
39 172
39 174
39 176
39 178
39 179
39 184
39 185
39 187
39 191
39 196
39 198
39 201
39 203
39 204
39 205
39 211
39 212
39 215
39 216
39 225
39 226
39 234
39 239
39 249
39 250
39 254
39 256
39 259
39 261
39 264
39 265
39 272
39 275
39 276
39 282
39 284
39 291
40 41
40 42
40 43
40 44
40 45
40 46
40 47
40 48
40 49
40 50
40 51
40 52
40 53
40 54
40 55
40 56
40 57
40 58
40 59
40 60
40 61
40 62
40 63
40 64
40 65
40 66
40 67
40 69
40 70
40 71
40 72
40 73
40 74
40 75
40 76
40 77
40 78
40 79
40 80
40 81
40 82
40 83
40 84
40 86
40 87
40 89
40 90
40 92
40 93
40 95
40 96
40 97
40 98
40 100
40 102
40 103
40 104
40 105
40 106
40 107
40 108
40 110
40 112
40 114
40 115
40 116
40 120
40 121
40 125
40 131
40 132
40 134
40 136
40 137
40 140
40 141
40 145
40 148
40 151
40 153
40 154
40 155
40 157
40 164
40 168
40 169
40 172
40 173
40 180
40 181
40 183
40 184
40 186
40 187
40 188
40 189
40 191
40 192
40 194
40 197
40 200
40 203
40 206
40 207
40 216
40 219
40 230
40 231
40 232
40 233
40 240
40 243
40 246
40 250
40 253
40 256
40 258
40 259
40 260
40 262
40 270
40 273
40 275
40 289
40 292
40 295
40 297
40 299
40 135
41 42
41 43
41 44
41 45
41 46
41 47
41 48
41 49
41 50
41 51
41 52
41 53
41 54
41 55
41 56
41 57
41 58
41 59
41 60
41 61
41 62
41 63
41 64
41 65
41 66
41 68
41 69
41 70
41 72
41 73
41 76
41 77
41 79
41 80
41 81
41 82
41 83
41 85
41 86
41 87
41 88
41 90
41 91
41 92
41 94
41 99
41 102
41 103
41 106
41 107
41 109
41 114
41 115
41 116
41 117
41 118
41 120
41 122
41 123
41 124
41 125
41 129
41 131
41 132
41 134
41 136
41 137
41 145
41 146
41 149
41 153
41 158
41 159
41 160
41 165
41 167
41 169
41 172
41 175
41 178
41 182
41 189
41 190
41 192
41 193
41 197
41 198
41 200
41 202
41 204
41 213
41 214
41 217
41 221
41 222
41 223
41 224
41 225
41 229
41 231
41 233
41 235
41 240
41 241
41 243
41 244
41 247
41 248
41 257
41 272
41 275
41 286
41 288
41 291
41 297
41 298
42 43
42 44
42 45
42 46
42 47
42 48
42 49
42 50
42 51
42 52
42 53
42 54
42 55
42 56
42 57
42 58
42 59
42 60
42 61
42 62
42 63
42 64
42 65
42 66
42 67
42 68
42 69
42 70
42 71
42 72
42 73
42 74
42 75
42 76
42 77
42 78
42 79
42 80
42 81
42 82
42 84
42 85
42 86
42 87
42 91
42 95
42 96
42 97
42 99
42 100
42 101
42 103
42 105
42 106
42 107
42 108
42 111
42 115
42 118
42 119
42 122
42 125
42 126
42 127
42 130
42 132
42 133
42 135
42 136
42 139
42 140
42 141
42 142
42 148
42 149
42 152
42 153
42 157
42 162
42 164
42 166
42 167
42 168
42 172
42 185
42 189
42 191
42 197
42 201
42 203
42 204
42 206
42 219
42 220
42 228
42 231
42 242
42 244
42 245
42 248
42 249
42 253
42 257
42 261
42 266
42 268
42 270
42 271
42 274
42 281
42 283
42 284
42 285
42 288
42 289
42 290
42 117
43 44
43 45
43 46
43 47
43 48
43 49
43 50
43 51
43 52
43 53
43 54
43 55
43 56
43 57
43 58
43 59
43 60
43 62
43 63
43 64
43 65
43 66
43 67
43 68
43 69
43 71
43 72
43 73
43 74
43 76
43 78
43 79
43 80
43 81
43 82
43 83
43 84
43 86
43 87
43 88
43 89
43 90
43 91
43 93
43 94
43 95
43 97
43 98
43 100
43 101
43 102
43 105
43 108
43 111
43 113
43 114
43 115
43 117
43 118
43 119
43 120
43 122
43 124
43 125
43 127
43 129
43 130
43 132
43 134
43 136
43 138
43 139
43 140
43 142
43 145
43 146
43 148
43 150
43 153
43 154
43 159
43 161
43 164
43 166
43 168
43 170
43 171
43 176
43 179
43 181
43 186
43 192
43 195
43 197
43 198
43 201
43 202
43 204
43 206
43 207
43 208
43 209
43 212
43 214
43 221
43 224
43 230
43 231
43 233
43 236
43 238
43 241
43 245
43 254
43 257
43 260
43 263
43 264
43 267
43 269
43 271
43 276
43 279
43 281
43 284
43 292
43 294
44 45
44 46
44 47
44 48
44 49
44 50
44 51
44 52
44 53
44 54
44 55
44 56
44 57
44 59
44 60
44 61
44 62
44 63
44 64
44 65
44 69
44 70
44 71
44 72
44 73
44 75
44 76
44 77
44 78
44 79
44 82
44 83
44 84
44 85
44 86
44 87
44 88
44 89
44 90
44 91
44 92
44 93
44 95
44 97
44 101
44 102
44 103
44 106
44 107
44 108
44 109
44 111
44 114
44 117
44 121
44 122
44 125
44 127
44 128
44 130
44 135
44 142
44 152
44 157
44 158
44 159
44 160
44 163
44 164
44 165
44 166
44 168
44 173
44 177
44 178
44 188
44 192
44 195
44 196
44 197
44 199
44 205
44 206
44 207
44 209
44 210
44 213
44 215
44 217
44 218
44 222
44 223
44 224
44 226
44 227
44 233
44 238
44 246
44 247
44 251
44 253
44 254
44 257
44 259
44 262
44 263
44 266
44 268
44 269
44 273
44 277
44 281
44 282
44 285
44 288
44 291
44 292
44 295
44 298
44 170
45 46
45 47
45 48
45 49
45 50
45 51
45 52
45 53
45 54
45 55
45 56
45 57
45 58
45 59
45 60
45 61
45 62
45 63
45 64
45 65
45 67
45 68
45 69
45 70
45 71
45 74
45 78
45 79
45 80
45 82
45 83
45 85
45 86
45 87
45 89
45 90
45 91
45 93
45 94
45 96
45 97
45 98
45 101
45 102
45 103
45 104
45 105
45 108
45 109
45 112
45 114
45 115
45 117
45 118
45 119
45 121
45 124
45 127
45 128
45 129
45 131
45 134
45 136
45 138
45 143
45 146
45 147
45 149
45 153
45 156
45 157
45 161
45 164
45 168
45 171
45 173
45 174
45 180
45 181
45 187
45 191
45 192
45 195
45 196
45 199
45 200
45 201
45 202
45 205
45 207
45 209
45 211
45 217
45 219
45 223
45 228
45 232
45 233
45 238
45 239
45 244
45 245
45 246
45 247
45 248
45 249
45 250
45 259
45 262
45 264
45 268
45 269
45 271
45 273
45 276
45 277
45 278
45 281
45 288
45 297
45 298
45 111
46 47
46 48
46 49
46 50
46 51
46 52
46 53
46 54
46 55
46 56
46 57
46 59
46 60
46 61
46 63
46 65
46 66
46 68
46 69
46 70
46 71
46 73
46 74
46 75
46 76
46 77
46 78
46 79
46 80
46 81
46 82
46 83
46 85
46 88
46 90
46 91
46 94
46 96
46 98
46 100
46 103
46 106
46 109
46 110
46 111
46 114
46 121
46 122
46 123
46 124
46 125
46 126
46 127
46 128
46 129
46 130
46 131
46 132
46 133
46 138
46 139
46 146
46 149
46 151
46 153
46 155
46 157
46 159
46 162
46 163
46 164
46 166
46 170
46 173
46 183
46 185
46 190
46 191
46 192
46 195
46 197
46 198
46 199
46 200
46 203
46 207
46 208
46 214
46 215
46 217
46 220
46 221
46 224
46 225
46 226
46 229
46 230
46 231
46 236
46 237
46 238
46 239
46 244
46 246
46 248
46 249
46 254
46 255
46 256
46 267
46 271
46 272
46 273
46 274
46 276
46 277
46 278
46 280
46 281
46 285
46 291
46 294
46 296
46 299
47 48
47 49
47 50
47 51
47 52
47 53
47 54
47 55
47 56
47 57
47 58
47 59
47 60
47 61
47 62
47 63
47 64
47 65
47 66
47 67
47 68
47 69
47 71
47 72
47 73
47 74
47 75
47 77
47 79
47 80
47 81
47 82
47 85
47 86
47 88
47 89
47 91
47 92
47 94
47 95
47 98
47 100
47 101
47 102
47 105
47 106
47 109
47 110
47 112
47 114
47 115
47 117
47 119
47 121
47 122
47 124
47 126
47 129
47 132
47 133
47 137
47 138
47 139
47 141
47 147
47 149
47 151
47 152
47 159
47 163
47 164
47 165
47 166
47 174
47 175
47 177
47 179
47 182
47 184
47 185
47 186
47 188
47 190
47 195
47 196
47 201
47 202
47 207
47 211
47 212
47 213
47 214
47 215
47 219
47 222
47 223
47 224
47 225
47 232
47 233
47 236
47 242
47 243
47 246
47 249
47 251
47 256
47 258
47 259
47 262
47 264
47 268
47 269
47 270
47 275
47 276
47 280
47 282
47 284
47 288
47 296
48 49
48 50
48 51
48 52
48 53
48 54
48 55
48 56
48 57
48 59
48 62
48 63
48 64
48 65
48 66
48 67
48 68
48 69
48 71
48 72
48 73
48 74
48 77
48 78
48 82
48 83
48 84
48 86
48 87
48 89
48 90
48 91
48 93
48 94
48 95
48 97
48 100
48 101
48 104
48 106
48 107
48 110
48 113
48 116
48 117
48 120
48 121
48 122
48 125
48 126
48 128
48 134
48 135
48 138
48 141
48 143
48 144
48 148
48 151
48 153
48 154
48 158
48 159
48 163
48 165
48 166
48 170
48 174
48 177
48 178
48 180
48 187
48 192
48 196
48 198
48 200
48 202
48 203
48 204
48 205
48 206
48 207
48 208
48 212
48 218
48 224
48 228
48 229
48 232
48 236
48 241
48 243
48 254
48 257
48 262
48 267
48 268
48 270
48 274
48 278
48 288
48 294
48 299
49 50
49 51
49 52
49 53
49 54
49 55
49 56
49 57
49 58
49 59
49 60
49 62
49 63
49 64
49 65
49 66
49 67
49 68
49 69
49 70
49 71
49 72
49 73
49 74
49 75
49 76
49 77
49 78
49 80
49 81
49 82
49 84
49 85
49 86
49 87
49 88
49 89
49 90
49 92
49 93
49 94
49 95
49 97
49 98
49 101
49 102
49 103
49 107
49 109
49 110
49 111
49 113
49 116
49 117
49 121
49 123
49 125
49 126
49 128
49 131
49 132
49 137
49 140
49 141
49 144
49 149
49 151
49 152
49 154
49 157
49 160
49 162
49 163
49 165
49 166
49 170
49 173
49 177
49 179
49 183
49 184
49 185
49 191
49 192
49 201
49 202
49 205
49 206
49 209
49 216
49 224
49 241
49 243
49 245
49 253
49 258
49 263
49 264
49 265
49 270
49 274
49 287
49 288
49 296
50 51
50 52
50 53
50 54
50 55
50 56
50 57
50 58
50 59
50 60
50 61
50 62
50 63
50 64
50 67
50 68
50 69
50 70
50 71
50 74
50 75
50 77
50 79
50 81
50 82
50 83
50 84
50 85
50 86
50 89
50 92
50 93
50 97
50 98
50 99
50 100
50 103
50 105
50 107
50 108
50 109
50 110
50 112
50 113
50 117
50 118
50 120
50 123
50 125
50 126
50 127
50 129
50 130
50 132
50 133
50 137
50 138
50 143
50 149
50 152
50 155
50 162
50 166
50 171
50 174
50 175
50 177
50 178
50 181
50 187
50 188
50 190
50 195
50 197
50 207
50 214
50 217
50 218
50 221
50 229
50 231
50 236
50 237
50 240
50 241
50 252
50 253
50 254
50 259
50 260
50 269
50 282
50 285
50 289
50 291
50 116
51 52
51 53
51 54
51 55
51 56
51 58
51 59
51 61
51 62
51 63
51 64
51 65
51 66
51 68
51 70
51 71
51 72
51 74
51 77
51 78
51 79
51 80
51 82
51 84
51 88
51 89
51 92
51 93
51 94
51 95
51 96
51 97
51 98
51 100
51 103
51 105
51 106
51 109
51 111
51 114
51 115
51 116
51 119
51 120
51 124
51 125
51 126
51 127
51 129
51 131
51 132
51 138
51 142
51 146
51 147
51 148
51 149
51 150
51 152
51 153
51 154
51 155
51 156
51 159
51 160
51 161
51 162
51 166
51 167
51 168
51 169
51 172
51 173
51 174
51 176
51 179
51 182
51 183
51 186
51 200
51 201
51 202
51 203
51 206
51 210
51 211
51 220
51 225
51 229
51 230
51 232
51 235
51 239
51 240
51 243
51 244
51 246
51 248
51 251
51 253
51 254
51 255
51 259
51 262
51 266
51 267
51 270
51 273
51 279
51 283
51 286
51 287
51 289
51 294
51 295
51 298
51 199
52 53
52 54
52 55
52 57
52 58
52 59
52 60
52 61
52 63
52 64
52 65
52 67
52 68
52 69
52 70
52 72
52 74
52 75
52 76
52 77
52 78
52 79
52 80
52 81
52 82
52 83
52 85
52 86
52 87
52 88
52 89
52 94
52 95
52 96
52 97
52 100
52 101
52 103
52 104
52 106
52 107
52 108
52 109
52 113
52 115
52 117
52 118
52 120
52 122
52 126
52 130
52 133
52 134
52 139
52 142
52 143
52 144
52 146
52 147
52 150
52 153
52 154
52 156
52 157
52 158
52 159
52 161
52 162
52 163
52 165
52 169
52 173
52 181
52 182
52 188
52 190
52 192
52 193
52 200
52 201
52 202
52 203
52 208
52 210
52 211
52 215
52 216
52 222
52 224
52 226
52 233
52 235
52 236
52 243
52 244
52 245
52 252
52 254
52 257
52 258
52 260
52 262
52 265
52 268
52 270
52 279
52 283
52 291
52 295
52 296
53 54
53 55
53 56
53 57
53 58
53 59
53 60
53 61
53 62
53 63
53 64
53 66
53 67
53 68
53 69
53 70
53 72
53 73
53 74
53 75
53 76
53 77
53 78
53 80
53 82
53 87
53 88
53 89
53 90
53 91
53 92
53 96
53 99
53 100
53 101
53 102
53 108
53 109
53 110
53 112
53 113
53 115
53 119
53 122
53 126
53 129
53 131
53 132
53 140
53 142
53 143
53 146
53 148
53 153
53 155
53 156
53 159
53 163
53 164
53 166
53 177
53 180
53 182
53 187
53 191
53 195
53 198
53 199
53 202
53 203
53 206
53 210
53 212
53 215
53 218
53 221
53 223
53 229
53 230
53 235
53 238
53 242
53 250
53 252
53 255
53 257
53 259
53 263
53 269
53 270
53 274
53 275
53 278
53 280
53 283
53 284
53 287
53 296
53 299
53 162
53 135
54 55
54 56
54 57
54 58
54 59
54 61
54 62
54 63
54 64
54 65
54 66
54 68
54 69
54 70
54 71
54 72
54 73
54 77
54 79
54 81
54 83
54 84
54 85
54 87
54 88
54 90
54 91
54 93
54 94
54 98
54 99
54 104
54 105
54 106
54 107
54 112
54 114
54 115
54 117
54 119
54 123
54 125
54 126
54 137
54 138
54 144
54 145
54 151
54 154
54 156
54 159
54 164
54 167
54 173
54 174
54 175
54 176
54 177
54 182
54 183
54 185
54 188
54 190
54 193
54 200
54 202
54 213
54 215
54 231
54 232
54 234
54 237
54 238
54 241
54 242
54 259
54 265
54 266
54 269
54 270
54 273
54 274
54 277
54 281
54 282
54 293
54 294
54 295
54 212
55 56
55 57
55 58
55 59
55 61
55 62
55 63
55 64
55 65
55 66
55 67
55 68
55 69
55 70
55 71
55 73
55 74
55 75
55 76
55 78
55 79
55 80
55 86
55 87
55 88
55 90
55 91
55 92
55 93
55 95
55 96
55 97
55 100
55 102
55 103
55 104
55 105
55 109
55 111
55 117
55 119
55 121
55 122
55 124
55 126
55 130
55 134
55 135
55 138
55 139
55 144
55 148
55 149
55 155
55 156
55 157
55 159
55 160
55 161
55 165
55 167
55 169
55 170
55 171
55 172
55 175
55 176
55 183
55 185
55 186
55 187
55 195
55 197
55 199
55 202
55 205
55 206
55 207
55 208
55 209
55 220
55 223
55 225
55 226
55 234
55 235
55 239
55 240
55 245
55 248
55 249
55 261
55 263
55 266
55 269
55 272
55 273
55 275
55 277
55 280
55 281
55 284
55 290
55 291
55 292
55 295
55 296
55 297
56 57
56 58
56 59
56 61
56 62
56 63
56 64
56 66
56 67
56 68
56 69
56 72
56 73
56 74
56 75
56 76
56 79
56 80
56 83
56 84
56 86
56 87
56 88
56 89
56 91
56 92
56 93
56 94
56 95
56 96
56 99
56 102
56 105
56 106
56 108
56 110
56 114
56 115
56 117
56 121
56 122
56 123
56 126
56 128
56 131
56 132
56 133
56 135
56 140
56 144
56 145
56 146
56 147
56 150
56 152
56 154
56 155
56 156
56 157
56 158
56 160
56 162
56 163
56 166
56 167
56 168
56 169
56 170
56 174
56 175
56 177
56 179
56 180
56 181
56 182
56 187
56 189
56 198
56 204
56 208
56 210
56 211
56 212
56 224
56 237
56 238
56 240
56 248
56 249
56 252
56 264
56 269
56 275
56 283
56 285
56 289
56 291
56 292
56 293
56 78
57 58
57 59
57 60
57 61
57 62
57 65
57 66
57 68
57 69
57 70
57 72
57 73
57 74
57 75
57 76
57 77
57 79
57 80
57 83
57 84
57 85
57 86
57 87
57 88
57 91
57 92
57 94
57 95
57 97
57 98
57 99
57 104
57 106
57 108
57 109
57 110
57 112
57 113
57 115
57 116
57 119
57 120
57 121
57 122
57 124
57 126
57 127
57 129
57 132
57 135
57 139
57 142
57 143
57 144
57 147
57 150
57 152
57 156
57 166
57 167
57 170
57 173
57 178
57 182
57 187
57 189
57 190
57 191
57 194
57 195
57 204
57 205
57 207
57 210
57 211
57 216
57 217
57 219
57 220
57 223
57 226
57 229
57 231
57 232
57 236
57 237
57 243
57 244
57 246
57 249
57 251
57 263
57 274
57 276
57 279
57 281
57 282
57 287
57 289
57 294
57 295
57 221
58 59
58 60
58 62
58 63
58 64
58 66
58 67
58 69
58 70
58 71
58 72
58 75
58 76
58 77
58 78
58 82
58 85
58 86
58 92
58 93
58 94
58 95
58 96
58 98
58 100
58 103
58 104
58 108
58 109
58 111
58 112
58 122
58 126
58 127
58 129
58 132
58 133
58 134
58 136
58 138
58 141
58 142
58 143
58 144
58 145
58 149
58 150
58 156
58 157
58 163
58 171
58 175
58 176
58 177
58 179
58 184
58 188
58 193
58 194
58 197
58 198
58 200
58 202
58 205
58 208
58 209
58 211
58 216
58 220
58 224
58 229
58 230
58 235
58 237
58 238
58 240
58 242
58 244
58 247
58 251
58 255
58 256
58 258
58 266
58 267
58 271
58 272
58 275
58 278
58 286
58 291
58 295
58 298
59 60
59 61
59 62
59 63
59 64
59 66
59 67
59 68
59 69
59 70
59 71
59 72
59 74
59 75
59 76
59 77
59 78
59 81
59 82
59 83
59 85
59 88
59 89
59 91
59 93
59 95
59 97
59 98
59 100
59 103
59 104
59 105
59 109
59 110
59 112
59 115
59 116
59 119
59 121
59 122
59 123
59 127
59 129
59 131
59 135
59 136
59 137
59 140
59 141
59 143
59 144
59 149
59 158
59 160
59 162
59 163
59 169
59 173
59 181
59 186
59 187
59 191
59 205
59 213
59 215
59 216
59 219
59 222
59 226
59 230
59 233
59 239
59 241
59 250
59 266
59 270
59 282
59 284
59 289
59 290
59 291
59 293
60 61
60 62
60 63
60 65
60 66
60 67
60 69
60 70
60 71
60 74
60 75
60 76
60 77
60 78
60 81
60 82
60 83
60 84
60 85
60 87
60 89
60 90
60 91
60 93
60 95
60 96
60 101
60 102
60 103
60 104
60 108
60 114
60 116
60 117
60 118
60 120
60 122
60 124
60 129
60 133
60 134
60 135
60 137
60 143
60 146
60 148
60 151
60 156
60 157
60 158
60 159
60 160
60 163
60 164
60 165
60 166
60 167
60 169
60 171
60 174
60 175
60 177
60 180
60 182
60 183
60 187
60 188
60 189
60 194
60 195
60 197
60 199
60 205
60 206
60 207
60 210
60 218
60 219
60 220
60 221
60 225
60 228
60 229
60 234
60 235
60 237
60 238
60 242
60 249
60 251
60 254
60 263
60 266
60 271
60 274
60 278
60 279
60 280
60 283
60 284
60 285
60 286
60 287
60 291
60 295
61 62
61 64
61 65
61 66
61 68
61 69
61 70
61 73
61 74
61 76
61 77
61 78
61 84
61 85
61 87
61 88
61 91
61 92
61 96
61 98
61 100
61 101
61 102
61 105
61 106
61 108
61 109
61 111
61 112
61 113
61 115
61 117
61 118
61 120
61 129
61 132
61 133
61 141
61 142
61 146
61 150
61 151
61 152
61 156
61 157
61 161
61 162
61 163
61 164
61 165
61 170
61 171
61 181
61 187
61 190
61 193
61 198
61 199
61 209
61 214
61 215
61 217
61 219
61 222
61 227
61 234
61 244
61 247
61 251
61 254
61 257
61 263
61 264
61 265
61 270
61 274
61 278
61 290
61 296
62 64
62 65
62 67
62 70
62 72
62 76
62 77
62 78
62 80
62 81
62 84
62 88
62 91
62 93
62 94
62 98
62 99
62 101
62 103
62 107
62 110
62 113
62 114
62 116
62 117
62 120
62 122
62 123
62 125
62 127
62 134
62 137
62 139
62 146
62 151
62 154
62 159
62 160
62 162
62 163
62 164
62 168
62 169
62 173
62 175
62 177
62 187
62 192
62 193
62 195
62 196
62 198
62 199
62 201
62 202
62 203
62 208
62 210
62 211
62 213
62 214
62 216
62 222
62 228
62 229
62 233
62 234
62 243
62 246
62 251
62 253
62 255
62 257
62 262
62 263
62 266
62 268
62 272
62 273
62 275
62 276
62 283
62 286
62 290
62 294
62 295
62 297
62 299
63 64
63 65
63 69
63 71
63 72
63 73
63 75
63 78
63 79
63 80
63 81
63 83
63 84
63 86
63 90
63 91
63 94
63 96
63 97
63 98
63 99
63 100
63 101
63 105
63 106
63 107
63 108
63 111
63 113
63 115
63 116
63 117
63 119
63 121
63 125
63 127
63 130
63 131
63 134
63 135
63 136
63 140
63 141
63 147
63 154
63 155
63 156
63 158
63 159
63 166
63 172
63 175
63 178
63 183
63 191
63 193
63 195
63 203
63 204
63 208
63 217
63 241
63 245
63 247
63 256
63 257
63 266
63 272
63 279
63 280
63 283
63 290
63 294
64 65
64 66
64 67
64 68
64 70
64 73
64 75
64 78
64 79
64 80
64 82
64 83
64 84
64 85
64 86
64 92
64 93
64 95
64 96
64 98
64 99
64 101
64 102
64 104
64 106
64 113
64 118
64 119
64 123
64 124
64 125
64 126
64 127
64 128
64 131
64 132
64 133
64 135
64 139
64 141
64 143
64 145
64 146
64 147
64 148
64 150
64 158
64 160
64 163
64 164
64 167
64 170
64 171
64 174
64 175
64 176
64 181
64 183
64 186
64 188
64 189
64 191
64 192
64 196
64 198
64 199
64 202
64 205
64 207
64 209
64 211
64 213
64 214
64 215
64 218
64 221
64 222
64 228
64 230
64 235
64 246
64 247
64 250
64 252
64 254
64 255
64 258
64 260
64 264
64 267
64 276
64 279
64 284
64 290
64 90
65 66
65 68
65 69
65 73
65 76
65 77
65 80
65 81
65 82
65 83
65 86
65 88
65 89
65 92
65 95
65 100
65 101
65 104
65 105
65 111
65 116
65 118
65 120
65 121
65 122
65 127
65 130
65 134
65 136
65 138
65 139
65 141
65 142
65 143
65 144
65 145
65 147
65 148
65 149
65 153
65 155
65 158
65 170
65 172
65 173
65 179
65 182
65 183
65 194
65 195
65 200
65 201
65 213
65 214
65 216
65 217
65 224
65 234
65 241
65 250
65 251
65 254
65 257
65 259
65 263
65 265
65 266
65 282
65 283
65 285
65 287
65 289
65 292
65 293
65 295
66 67
66 68
66 69
66 70
66 71
66 72
66 75
66 78
66 79
66 80
66 81
66 83
66 84
66 85
66 87
66 89
66 92
66 93
66 95
66 96
66 97
66 98
66 99
66 109
66 111
66 112
66 118
66 120
66 122
66 124
66 125
66 130
66 132
66 134
66 137
66 138
66 139
66 140
66 145
66 149
66 151
66 153
66 154
66 157
66 159
66 166
66 167
66 171
66 176
66 177
66 181
66 184
66 185
66 188
66 192
66 198
66 203
66 205
66 208
66 212
66 213
66 214
66 219
66 221
66 223
66 226
66 232
66 234
66 236
66 239
66 241
66 242
66 247
66 249
66 250
66 257
66 259
66 260
66 261
66 266
66 270
66 271
66 273
66 276
66 286
66 289
66 291
66 297
66 102
66 94
67 69
67 73
67 74
67 76
67 78
67 79
67 83
67 87
67 88
67 90
67 92
67 95
67 105
67 106
67 111
67 113
67 114
67 116
67 118
67 121
67 124
67 130
67 132
67 133
67 136
67 138
67 157
67 159
67 166
67 167
67 168
67 176
67 181
67 183
67 185
67 193
67 206
67 219
67 221
67 223
67 225
67 233
67 234
67 235
67 238
67 241
67 244
67 245
67 250
67 257
67 261
67 264
67 268
67 270
67 275
67 291
67 293
67 294
68 69
68 74
68 75
68 76
68 77
68 78
68 82
68 85
68 86
68 88
68 92
68 93
68 94
68 95
68 98
68 99
68 102
68 104
68 105
68 106
68 107
68 108
68 109
68 112
68 117
68 118
68 121
68 122
68 123
68 124
68 129
68 133
68 138
68 139
68 140
68 141
68 144
68 145
68 149
68 150
68 152
68 156
68 158
68 159
68 163
68 174
68 178
68 180
68 181
68 182
68 186
68 187
68 188
68 190
68 191
68 196
68 198
68 200
68 209
68 212
68 213
68 218
68 220
68 224
68 226
68 228
68 229
68 233
68 234
68 235
68 236
68 239
68 242
68 244
68 252
68 253
68 258
68 259
68 263
68 268
68 271
68 275
68 280
68 282
68 283
68 286
68 290
68 292
68 294
68 214
69 72
69 73
69 75
69 81
69 88
69 89
69 91
69 94
69 97
69 105
69 106
69 110
69 111
69 112
69 117
69 118
69 119
69 121
69 123
69 124
69 125
69 127
69 128
69 130
69 132
69 136
69 137
69 142
69 144
69 147
69 150
69 152
69 153
69 165
69 169
69 171
69 172
69 182
69 186
69 187
69 205
69 207
69 208
69 218
69 224
69 227
69 229
69 231
69 233
69 234
69 238
69 242
69 249
69 259
69 261
69 266
69 271
69 286
69 294
69 297
70 71
70 72
70 75
70 78
70 79
70 80
70 81
70 82
70 84
70 85
70 88
70 89
70 91
70 93
70 95
70 96
70 97
70 98
70 102
70 103
70 111
70 112
70 113
70 116
70 120
70 126
70 128
70 130
70 131
70 133
70 134
70 135
70 136
70 139
70 143
70 144
70 146
70 147
70 149
70 150
70 153
70 161
70 162
70 164
70 167
70 168
70 170
70 171
70 172
70 174
70 175
70 178
70 180
70 183
70 184
70 187
70 188
70 190
70 193
70 194
70 196
70 201
70 204
70 209
70 210
70 213
70 214
70 221
70 228
70 233
70 239
70 244
70 245
70 248
70 250
70 255
70 256
70 257
70 259
70 261
70 263
70 265
70 266
70 271
70 278
70 279
70 283
70 297
70 298
71 74
71 76
71 77
71 78
71 79
71 84
71 88
71 91
71 94
71 95
71 96
71 99
71 100
71 107
71 108
71 110
71 111
71 113
71 114
71 119
71 122
71 123
71 128
71 129
71 130
71 132
71 133
71 136
71 139
71 140
71 141
71 142
71 145
71 151
71 155
71 156
71 157
71 162
71 165
71 166
71 168
71 169
71 174
71 175
71 178
71 181
71 185
71 188
71 191
71 192
71 196
71 201
71 202
71 206
71 209
71 214
71 224
71 234
71 243
71 256
71 257
71 259
71 271
71 282
71 285
71 287
71 288
71 289
71 293
72 73
72 74
72 75
72 76
72 77
72 79
72 80
72 82
72 84
72 88
72 93
72 95
72 98
72 103
72 105
72 108
72 109
72 111
72 113
72 115
72 123
72 125
72 127
72 128
72 130
72 131
72 132
72 138
72 142
72 143
72 144
72 147
72 148
72 150
72 152
72 153
72 156
72 160
72 161
72 162
72 167
72 173
72 177
72 181
72 183
72 188
72 192
72 193
72 202
72 215
72 217
72 220
72 231
72 237
72 238
72 239
72 244
72 246
72 249
72 253
72 255
72 258
72 259
72 267
72 270
72 272
72 273
72 280
72 284
72 285
72 289
72 295
72 297
73 74
73 75
73 81
73 82
73 83
73 84
73 87
73 89
73 90
73 95
73 97
73 98
73 99
73 100
73 103
73 104
73 114
73 115
73 119
73 120
73 121
73 123
73 124
73 125
73 128
73 134
73 137
73 138
73 140
73 144
73 146
73 149
73 158
73 169
73 175
73 177
73 178
73 190
73 191
73 194
73 197
73 199
73 203
73 209
73 212
73 213
73 220
73 225
73 227
73 231
73 233
73 240
73 244
73 248
73 254
73 263
73 265
73 274
73 281
73 287
73 288
73 290
73 293
74 76
74 79
74 82
74 85
74 86
74 87
74 88
74 89
74 94
74 95
74 96
74 98
74 102
74 106
74 107
74 116
74 118
74 126
74 128
74 129
74 131
74 133
74 135
74 136
74 141
74 143
74 145
74 152
74 153
74 157
74 159
74 160
74 161
74 171
74 172
74 176
74 177
74 179
74 180
74 184
74 185
74 186
74 188
74 191
74 192
74 197
74 200
74 202
74 208
74 211
74 222
74 226
74 230
74 235
74 239
74 241
74 253
74 255
74 259
74 261
74 262
74 264
74 271
74 273
74 279
74 280
74 286
74 295
74 299
74 278
75 77
75 79
75 80
75 81
75 85
75 87
75 91
75 94
75 99
75 104
75 106
75 107
75 108
75 112
75 117
75 122
75 128
75 130
75 139
75 143
75 147
75 148
75 150
75 159
75 161
75 168
75 175
75 179
75 182
75 183
75 187
75 188
75 190
75 192
75 195
75 197
75 202
75 205
75 207
75 211
75 212
75 214
75 221
75 228
75 235
75 236
75 240
75 241
75 247
75 252
75 258
75 262
75 268
75 271
75 274
75 294
76 78
76 79
76 80
76 81
76 83
76 87
76 89
76 90
76 91
76 92
76 94
76 95
76 96
76 97
76 100
76 105
76 107
76 111
76 113
76 114
76 120
76 125
76 129
76 133
76 136
76 141
76 142
76 143
76 149
76 152
76 154
76 155
76 156
76 157
76 159
76 169
76 176
76 180
76 181
76 183
76 192
76 193
76 200
76 201
76 205
76 206
76 213
76 216
76 220
76 227
76 229
76 230
76 234
76 241
76 242
76 250
76 258
76 268
76 276
76 278
76 280
76 286
76 295
77 78
77 83
77 87
77 89
77 91
77 93
77 95
77 101
77 104
77 105
77 110
77 112
77 113
77 114
77 115
77 116
77 117
77 123
77 129
77 130
77 141
77 143
77 144
77 148
77 151
77 153
77 155
77 156
77 158
77 160
77 161
77 162
77 173
77 182
77 189
77 192
77 194
77 203
77 204
77 211
77 212
77 214
77 219
77 233
77 234
77 236
77 239
77 240
77 248
77 254
77 256
77 263
77 264
77 265
77 266
77 270
77 271
77 272
77 277
77 278
77 281
77 282
77 283
77 287
77 288
77 294
77 297
77 202
78 79
78 81
78 85
78 86
78 88
78 89
78 91
78 92
78 93
78 94
78 98
78 100
78 101
78 102
78 104
78 106
78 108
78 110
78 111
78 117
78 118
78 120
78 127
78 131
78 134
78 137
78 139
78 142
78 146
78 147
78 151
78 152
78 155
78 157
78 159
78 162
78 166
78 171
78 173
78 174
78 175
78 185
78 187
78 191
78 194
78 197
78 198
78 199
78 200
78 209
78 213
78 217
78 219
78 220
78 221
78 224
78 226
78 230
78 231
78 234
78 240
78 241
78 244
78 248
78 249
78 255
78 260
78 261
78 262
78 267
78 275
78 284
78 293
78 296
78 114
79 80
79 81
79 83
79 84
79 85
79 86
79 87
79 90
79 92
79 93
79 96
79 98
79 99
79 102
79 103
79 106
79 110
79 111
79 112
79 114
79 116
79 117
79 119
79 123
79 124
79 128
79 133
79 134
79 142
79 143
79 147
79 151
79 154
79 158
79 162
79 165
79 167
79 169
79 170
79 173
79 178
79 179
79 181
79 182
79 184
79 191
79 193
79 196
79 199
79 206
79 207
79 211
79 214
79 219
79 224
79 227
79 228
79 230
79 231
79 232
79 237
79 248
79 253
79 257
79 260
79 264
79 268
79 272
79 273
79 276
79 277
79 292
79 297
79 290
80 82
80 84
80 99
80 103
80 105
80 109
80 111
80 114
80 119
80 120
80 127
80 128
80 135
80 143
80 144
80 146
80 150
80 154
80 158
80 161
80 164
80 166
80 171
80 176
80 178
80 183
80 186
80 190
80 199
80 201
80 207
80 211
80 213
80 219
80 223
80 228
80 230
80 232
80 234
80 239
80 242
80 243
80 246
80 263
80 271
80 277
80 279
80 281
80 285
80 289
80 291
80 292
80 294
81 85
81 86
81 88
81 89
81 90
81 92
81 96
81 97
81 99
81 100
81 101
81 102
81 103
81 107
81 109
81 110
81 111
81 113
81 118
81 121
81 124
81 135
81 137
81 143
81 148
81 152
81 154
81 161
81 162
81 166
81 170
81 173
81 177
81 182
81 186
81 188
81 189
81 193
81 194
81 195
81 198
81 202
81 205
81 209
81 210
81 211
81 212
81 226
81 227
81 231
81 233
81 236
81 240
81 245
81 254
81 256
81 258
81 260
81 267
81 272
81 283
81 284
81 290
81 292
81 295
82 85
82 86
82 97
82 105
82 108
82 117
82 118
82 119
82 120
82 121
82 123
82 124
82 127
82 131
82 136
82 138
82 142
82 144
82 145
82 146
82 158
82 164
82 165
82 168
82 169
82 174
82 178
82 183
82 190
82 193
82 196
82 211
82 213
82 223
82 230
82 231
82 236
82 246
82 249
82 252
82 253
82 262
82 264
82 267
82 270
82 277
82 280
82 285
82 287
82 299
83 88
83 90
83 92
83 96
83 97
83 99
83 102
83 103
83 105
83 108
83 113
83 117
83 119
83 120
83 122
83 126
83 127
83 131
83 132
83 134
83 137
83 138
83 142
83 148
83 152
83 154
83 162
83 163
83 178
83 183
83 190
83 191
83 192
83 198
83 199
83 211
83 232
83 246
83 251
83 272
83 273
83 279
83 282
83 284
83 145
84 87
84 88
84 89
84 90
84 91
84 92
84 93
84 94
84 95
84 97
84 100
84 105
84 106
84 107
84 108
84 110
84 113
84 114
84 115
84 119
84 120
84 122
84 124
84 128
84 130
84 132
84 134
84 136
84 137
84 138
84 144
84 148
84 149
84 152
84 154
84 155
84 156
84 162
84 163
84 164
84 165
84 167
84 169
84 170
84 171
84 172
84 177
84 179
84 188
84 189
84 199
84 202
84 206
84 212
84 213
84 216
84 225
84 230
84 232
84 239
84 240
84 249
84 254
84 255
84 256
84 260
84 261
84 272
84 274
84 276
84 278
84 286
84 293
84 224
85 86
85 90
85 93
85 97
85 98
85 99
85 101
85 105
85 108
85 109
85 116
85 117
85 120
85 121
85 122
85 123
85 125
85 135
85 137
85 139
85 141
85 143
85 145
85 152
85 153
85 167
85 169
85 170
85 179
85 180
85 184
85 189
85 197
85 212
85 217
85 221
85 222
85 223
85 233
85 234
85 241
85 250
85 255
85 259
85 274
85 276
85 277
85 278
85 286
85 290
85 298
85 299
85 206
86 87
86 89
86 90
86 91
86 96
86 98
86 99
86 108
86 111
86 113
86 114
86 115
86 131
86 133
86 136
86 141
86 147
86 148
86 154
86 162
86 165
86 167
86 168
86 174
86 178
86 179
86 188
86 194
86 200
86 203
86 206
86 209
86 217
86 218
86 223
86 224
86 226
86 230
86 231
86 234
86 243
86 246
86 248
86 251
86 252
86 256
86 261
86 275
86 293
87 88
87 92
87 94
87 96
87 99
87 100
87 101
87 104
87 105
87 109
87 116
87 117
87 120
87 126
87 129
87 132
87 135
87 138
87 146
87 149
87 150
87 152
87 153
87 158
87 160
87 165
87 166
87 169
87 170
87 174
87 176
87 181
87 184
87 186
87 193
87 198
87 211
87 213
87 219
87 227
87 230
87 232
87 233
87 235
87 242
87 244
87 250
87 255
87 261
87 266
87 267
87 272
87 277
87 281
87 286
87 288
87 292
87 293
87 296
88 89
88 90
88 92
88 93
88 96
88 98
88 100
88 102
88 103
88 104
88 110
88 112
88 117
88 118
88 124
88 125
88 127
88 128
88 130
88 133
88 138
88 140
88 151
88 154
88 167
88 170
88 175
88 181
88 188
88 193
88 201
88 204
88 217
88 230
88 245
88 246
88 249
88 265
88 285
88 287
89 91
89 92
89 102
89 104
89 106
89 107
89 110
89 115
89 116
89 121
89 123
89 125
89 126
89 131
89 135
89 137
89 139
89 141
89 144
89 146
89 147
89 150
89 151
89 154
89 156
89 158
89 162
89 166
89 167
89 170
89 173
89 174
89 180
89 193
89 195
89 197
89 198
89 201
89 205
89 207
89 208
89 214
89 218
89 220
89 236
89 255
89 258
89 261
89 274
89 279
90 92
90 93
90 98
90 101
90 103
90 105
90 107
90 113
90 114
90 116
90 117
90 118
90 119
90 120
90 121
90 123
90 124
90 126
90 128
90 129
90 130
90 140
90 141
90 144
90 145
90 147
90 148
90 149
90 158
90 159
90 164
90 169
90 171
90 174
90 176
90 179
90 180
90 181
90 189
90 190
90 193
90 195
90 196
90 198
90 201
90 209
90 210
90 217
90 225
90 227
90 233
90 240
90 260
90 261
90 270
90 281
90 285
90 286
90 292
90 298
90 218
91 93
91 96
91 100
91 101
91 102
91 107
91 112
91 116
91 118
91 121
91 125
91 127
91 129
91 139
91 148
91 149
91 165
91 171
91 173
91 183
91 189
91 197
91 222
91 224
91 229
91 232
91 236
91 237
91 244
91 257
91 261
91 273
91 280
91 281
91 287
91 288
91 290
91 298
91 170
92 93
92 97
92 98
92 105
92 106
92 107
92 109
92 111
92 114
92 115
92 122
92 125
92 126
92 130
92 139
92 142
92 143
92 147
92 155
92 157
92 163
92 169
92 175
92 176
92 177
92 184
92 189
92 207
92 210
92 212
92 216
92 219
92 220
92 223
92 229
92 239
92 247
92 259
92 261
92 269
92 282
92 299
93 95
93 96
93 97
93 99
93 101
93 104
93 105
93 106
93 108
93 109
93 111
93 118
93 120
93 126
93 130
93 133
93 135
93 141
93 146
93 155
93 164
93 168
93 172
93 174
93 183
93 185
93 190
93 193
93 197
93 199
93 206
93 210
93 216
93 221
93 232
93 241
93 244
93 253
93 256
93 262
93 264
93 272
93 285
93 286
93 297
94 99
94 100
94 101
94 104
94 105
94 110
94 112
94 115
94 123
94 125
94 128
94 135
94 136
94 139
94 143
94 144
94 147
94 163
94 170
94 175
94 183
94 186
94 199
94 204
94 212
94 213
94 217
94 225
94 226
94 235
94 238
94 242
94 243
94 248
94 257
94 258
94 263
94 269
94 291
94 165
95 98
95 103
95 104
95 105
95 110
95 111
95 119
95 122
95 124
95 128
95 129
95 130
95 135
95 137
95 138
95 150
95 155
95 162
95 168
95 170
95 187
95 198
95 201
95 205
95 212
95 219
95 220
95 226
95 240
95 250
95 255
95 267
95 279
95 281
95 282
95 289
95 291
95 293
95 296
95 298
95 299
95 228
96 98
96 100
96 101
96 102
96 109
96 112
96 115
96 127
96 128
96 130
96 133
96 134
96 141
96 145
96 152
96 156
96 158
96 161
96 165
96 166
96 170
96 172
96 178
96 185
96 186
96 189
96 192
96 196
96 199
96 201
96 208
96 211
96 217
96 221
96 227
96 250
96 253
96 257
96 264
96 268
96 269
96 270
96 271
96 283
96 285
96 286
96 288
96 289
96 292
96 298
96 202
97 101
97 103
97 104
97 105
97 108
97 111
97 112
97 116
97 118
97 124
97 127
97 130
97 131
97 132
97 133
97 136
97 146
97 147
97 148
97 150
97 151
97 156
97 157
97 164
97 174
97 177
97 181
97 182
97 187
97 204
97 208
97 221
97 222
97 224
97 226
97 232
97 233
97 240
97 242
97 244
97 246
97 248
97 252
97 256
97 259
97 268
97 279
97 288
97 289
98 99
98 104
98 110
98 112
98 115
98 124
98 128
98 133
98 135
98 154
98 156
98 161
98 164
98 176
98 182
98 184
98 193
98 199
98 206
98 210
98 225
98 226
98 235
98 240
98 246
98 251
98 253
98 254
98 267
98 269
98 275
98 281
98 284
98 295
98 297
99 100
99 102
99 110
99 111
99 114
99 119
99 121
99 124
99 143
99 145
99 146
99 147
99 156
99 165
99 178
99 180
99 181
99 184
99 189
99 192
99 198
99 203
99 208
99 213
99 214
99 215
99 220
99 222
99 223
99 227
99 229
99 235
99 238
99 239
99 243
99 244
99 249
99 254
99 257
99 267
99 271
99 276
99 290
99 293
99 295
99 148
100 107
100 113
100 115
100 116
100 119
100 126
100 131
100 134
100 140
100 144
100 145
100 157
100 161
100 165
100 172
100 181
100 187
100 191
100 195
100 199
100 201
100 205
100 207
100 223
100 224
100 229
100 232
100 240
100 260
100 261
100 286
100 289
100 296
100 297
100 112
101 102
101 104
101 107
101 109
101 113
101 115
101 118
101 119
101 121
101 123
101 131
101 132
101 134
101 135
101 138
101 142
101 144
101 150
101 153
101 154
101 155
101 156
101 157
101 165
101 177
101 178
101 179
101 183
101 187
101 195
101 196
101 198
101 202
101 203
101 215
101 229
101 233
101 237
101 243
101 246
101 248
101 252
101 256
101 266
101 268
101 271
101 276
101 280
101 293
101 298
101 167
102 103
102 106
102 107
102 111
102 116
102 123
102 143
102 149
102 150
102 151
102 154
102 161
102 183
102 188
102 191
102 194
102 203
102 204
102 207
102 212
102 214
102 216
102 223
102 226
102 230
102 239
102 243
102 252
102 262
102 271
102 279
102 294
102 299
103 112
103 115
103 116
103 117
103 119
103 120
103 125
103 128
103 131
103 134
103 139
103 154
103 156
103 158
103 159
103 165
103 167
103 170
103 171
103 172
103 179
103 183
103 192
103 204
103 205
103 207
103 213
103 218
103 221
103 227
103 230
103 231
103 233
103 234
103 237
103 244
103 269
103 270
103 272
103 278
103 280
103 284
103 285
104 115
104 123
104 126
104 127
104 132
104 141
104 143
104 146
104 149
104 150
104 154
104 156
104 171
104 176
104 185
104 200
104 210
104 211
104 218
104 220
104 224
104 225
104 229
104 245
104 248
104 252
104 253
104 273
104 279
104 292
104 294
104 134
104 293
105 107
105 110
105 111
105 112
105 114
105 117
105 120
105 121
105 124
105 125
105 128
105 129
105 133
105 134
105 135
105 137
105 139
105 141
105 144
105 147
105 148
105 152
105 157
105 165
105 168
105 176
105 180
105 185
105 188
105 196
105 197
105 201
105 211
105 215
105 216
105 218
105 222
105 237
105 239
105 247
105 248
105 252
105 259
105 263
105 282
106 108
106 111
106 113
106 114
106 118
106 122
106 128
106 129
106 131
106 150
106 151
106 152
106 155
106 159
106 160
106 165
106 172
106 173
106 175
106 180
106 184
106 189
106 200
106 220
106 237
106 238
106 241
106 247
106 252
106 258
106 259
106 265
106 277
106 281
107 109
107 113
107 121
107 123
107 124
107 133
107 134
107 142
107 146
107 147
107 155
107 159
107 160
107 161
107 167
107 172
107 180
107 182
107 186
107 189
107 190
107 191
107 192
107 197
107 198
107 200
107 207
107 208
107 212
107 217
107 222
107 226
107 231
107 232
107 237
107 244
107 247
107 250
107 252
107 254
107 263
107 270
107 274
107 285
107 294
107 295
107 241
108 110
108 118
108 119
108 120
108 141
108 146
108 151
108 152
108 159
108 165
108 192
108 194
108 195
108 199
108 205
108 215
108 218
108 220
108 222
108 225
108 232
108 239
108 242
108 244
108 247
108 248
108 250
108 258
108 273
108 288
108 296
108 298
109 122
109 123
109 126
109 127
109 131
109 133
109 137
109 142
109 143
109 146
109 148
109 149
109 153
109 156
109 158
109 163
109 172
109 173
109 175
109 178
109 180
109 182
109 191
109 195
109 200
109 207
109 215
109 216
109 218
109 220
109 225
109 236
109 238
109 251
109 259
109 261
109 266
109 274
110 112
110 113
110 114
110 120
110 128
110 129
110 130
110 133
110 134
110 137
110 138
110 142
110 145
110 153
110 156
110 157
110 169
110 170
110 172
110 174
110 176
110 179
110 181
110 187
110 188
110 189
110 190
110 191
110 194
110 198
110 199
110 201
110 204
110 215
110 221
110 225
110 237
110 238
110 253
110 256
110 259
110 260
110 261
110 264
110 265
110 266
110 269
110 276
110 281
110 283
110 290
110 293
110 298
110 299
110 295
111 114
111 116
111 118
111 119
111 128
111 138
111 139
111 141
111 149
111 154
111 155
111 156
111 157
111 159
111 160
111 164
111 174
111 177
111 181
111 184
111 190
111 196
111 201
111 203
111 204
111 215
111 217
111 218
111 254
111 259
111 265
111 282
111 298
112 114
112 115
112 116
112 123
112 129
112 133
112 135
112 141
112 142
112 145
112 147
112 153
112 175
112 182
112 184
112 193
112 194
112 203
112 206
112 209
112 219
112 225
112 228
112 239
112 246
112 247
112 260
112 261
112 275
112 277
112 280
112 289
112 290
113 114
113 137
113 142
113 146
113 148
113 150
113 154
113 160
113 169
113 171
113 181
113 184
113 189
113 198
113 222
113 224
113 251
113 256
113 260
113 274
113 286
113 288
114 117
114 118
114 121
114 128
114 132
114 145
114 154
114 158
114 169
114 171
114 181
114 186
114 195
114 204
114 212
114 216
114 218
114 245
114 249
114 251
114 261
114 262
114 277
114 297
114 126
115 120
115 123
115 124
115 125
115 126
115 135
115 142
115 143
115 149
115 150
115 157
115 164
115 165
115 167
115 174
115 177
115 178
115 179
115 190
115 196
115 200
115 212
115 217
115 218
115 219
115 221
115 236
115 245
115 248
115 250
115 251
115 259
115 261
115 263
115 264
115 292
115 193
116 118
116 124
116 127
116 129
116 131
116 134
116 136
116 137
116 140
116 142
116 149
116 161
116 163
116 164
116 168
116 175
116 176
116 184
116 199
116 201
116 210
116 213
116 214
116 229
116 234
116 235
116 244
116 251
116 252
116 254
116 257
116 258
116 270
117 126
117 129
117 131
117 135
117 139
117 147
117 156
117 162
117 185
117 196
117 200
117 203
117 209
117 210
117 211
117 212
117 222
117 223
117 224
117 226
117 235
117 240
117 241
117 265
117 272
117 274
117 285
117 287
117 295
117 299
117 143
118 119
118 122
118 132
118 133
118 135
118 137
118 140
118 144
118 145
118 146
118 151
118 152
118 154
118 158
118 163
118 168
118 172
118 173
118 178
118 184
118 189
118 194
118 198
118 201
118 202
118 204
118 208
118 210
118 222
118 225
118 228
118 232
118 238
118 257
118 277
118 280
118 283
118 285
118 273
119 124
119 130
119 133
119 137
119 141
119 142
119 146
119 147
119 148
119 151
119 155
119 166
119 171
119 174
119 182
119 184
119 186
119 191
119 193
119 196
119 201
119 203
119 204
119 206
119 212
119 227
119 240
119 267
119 276
119 287
119 289
120 121
120 125
120 128
120 134
120 135
120 136
120 137
120 140
120 151
120 152
120 157
120 172
120 173
120 175
120 179
120 192
120 193
120 194
120 204
120 205
120 212
120 217
120 218
120 224
120 227
120 237
120 238
120 245
120 247
120 250
120 254
120 258
120 273
120 276
120 278
120 280
120 281
120 284
120 287
120 290
120 291
120 293
120 294
120 295
120 297
120 141
121 122
121 124
121 128
121 130
121 138
121 141
121 143
121 145
121 147
121 150
121 154
121 155
121 156
121 162
121 168
121 171
121 173
121 174
121 177
121 190
121 191
121 193
121 197
121 198
121 200
121 207
121 209
121 219
121 220
121 223
121 231
121 236
121 237
121 242
121 245
121 265
121 270
121 271
121 279
121 293
122 124
122 125
122 138
122 145
122 146
122 149
122 151
122 163
122 167
122 169
122 173
122 193
122 196
122 201
122 215
122 220
122 222
122 227
122 228
122 233
122 245
122 246
122 267
122 282
122 283
122 284
122 288
122 294
122 298
123 124
123 133
123 136
123 140
123 143
123 147
123 154
123 161
123 163
123 164
123 167
123 177
123 184
123 188
123 193
123 195
123 210
123 218
123 222
123 225
123 226
123 228
123 231
123 235
123 244
123 267
123 293
123 298
124 127
124 129
124 131
124 136
124 142
124 143
124 146
124 152
124 154
124 162
124 163
124 174
124 180
124 187
124 188
124 189
124 202
124 206
124 230
124 235
124 237
124 256
124 257
124 266
124 268
124 275
124 277
124 291
124 296
125 126
125 130
125 153
125 168
125 176
125 179
125 188
125 203
125 215
125 217
125 242
125 250
125 252
125 261
125 265
125 266
125 283
125 286
125 296
126 128
126 129
126 131
126 132
126 134
126 135
126 148
126 157
126 158
126 160
126 168
126 170
126 171
126 191
126 192
126 194
126 198
126 200
126 204
126 209
126 222
126 233
126 237
126 242
126 245
126 246
126 247
126 248
126 254
126 260
126 273
126 275
126 280
126 287
126 288
127 129
127 135
127 137
127 140
127 144
127 148
127 153
127 158
127 159
127 160
127 162
127 163
127 170
127 173
127 178
127 186
127 191
127 197
127 200
127 204
127 206
127 209
127 210
127 213
127 217
127 224
127 228
127 238
127 242
127 245
127 248
127 250
127 256
127 258
127 270
127 276
127 277
127 280
127 285
127 287
127 288
127 296
127 299
128 129
128 138
128 145
128 149
128 150
128 151
128 153
128 165
128 167
128 168
128 180
128 188
128 194
128 195
128 197
128 218
128 221
128 224
128 231
128 233
128 240
128 241
128 245
128 252
128 257
128 133
129 131
129 138
129 142
129 145
129 151
129 154
129 157
129 160
129 162
129 178
129 190
129 208
129 216
129 226
129 227
129 232
129 260
129 262
129 269
129 270
129 279
129 282
129 284
129 288
129 291
130 136
130 139
130 144
130 145
130 151
130 158
130 161
130 164
130 168
130 176
130 177
130 192
130 193
130 196
130 197
130 210
130 211
130 212
130 225
130 228
130 232
130 242
130 262
130 263
130 264
130 275
130 292
131 135
131 142
131 148
131 155
131 159
131 164
131 172
131 177
131 178
131 179
131 180
131 181
131 184
131 194
131 197
131 205
131 229
131 240
131 241
131 259
131 262
131 277
131 280
131 285
132 133
132 135
132 142
132 148
132 149
132 150
132 152
132 154
132 168
132 170
132 173
132 177
132 178
132 179
132 180
132 185
132 196
132 202
132 208
132 213
132 218
132 221
132 228
132 229
132 247
132 249
132 262
132 265
132 269
132 272
132 273
132 285
132 292
132 295
133 135
133 142
133 143
133 144
133 147
133 158
133 159
133 161
133 166
133 171
133 172
133 173
133 175
133 180
133 190
133 200
133 205
133 214
133 216
133 230
133 233
133 235
133 237
133 241
133 249
133 250
133 255
133 267
133 269
133 278
133 279
133 281
133 294
133 298
134 135
134 136
134 141
134 148
134 150
134 156
134 159
134 160
134 162
134 164
134 175
134 176
134 179
134 183
134 187
134 189
134 190
134 195
134 199
134 206
134 221
134 227
134 252
134 264
134 265
134 268
134 269
134 275
134 282
134 293
134 294
134 298
135 136
135 139
135 160
135 165
135 166
135 168
135 169
135 176
135 183
135 184
135 185
135 186
135 187
135 194
135 198
135 199
135 205
135 212
135 227
135 230
135 232
135 234
135 242
135 243
135 253
135 257
135 261
135 286
135 295
136 144
136 150
136 156
136 158
136 176
136 177
136 178
136 188
136 195
136 202
136 204
136 205
136 212
136 218
136 222
136 224
136 228
136 236
136 249
136 251
136 255
136 256
136 258
136 267
136 268
136 277
136 279
136 280
136 284
136 286
136 291
136 293
136 299
137 138
137 145
137 147
137 153
137 159
137 161
137 163
137 166
137 169
137 173
137 180
137 182
137 185
137 194
137 195
137 201
137 206
137 212
137 221
137 223
137 224
137 231
137 232
137 238
137 239
137 241
137 249
137 265
137 266
137 268
137 272
137 274
137 278
137 281
137 283
137 286
137 289
137 290
137 291
137 230
138 139
138 145
138 151
138 163
138 167
138 175
138 180
138 186
138 189
138 192
138 196
138 198
138 199
138 202
138 208
138 209
138 211
138 240
138 255
138 258
138 265
138 276
138 282
138 285
138 295
139 140
139 149
139 155
139 158
139 164
139 168
139 174
139 179
139 188
139 190
139 194
139 230
139 235
139 251
139 256
139 265
139 268
139 276
139 277
139 280
139 281
139 287
139 288
139 289
139 290
140 142
140 147
140 149
140 153
140 154
140 155
140 162
140 171
140 176
140 184
140 186
140 192
140 197
140 201
140 211
140 213
140 215
140 218
140 244
140 260
140 262
140 278
140 290
140 293
141 152
141 157
141 158
141 166
141 168
141 180
141 201
141 202
141 212
141 215
141 216
141 217
141 219
141 220
141 229
141 247
141 257
141 258
141 261
141 264
141 271
141 276
141 280
141 281
141 282
141 284
142 143
142 155
142 157
142 167
142 169
142 180
142 181
142 185
142 209
142 212
142 214
142 225
142 227
142 234
142 242
142 246
142 267
142 273
142 280
142 289
142 290
143 148
143 150
143 153
143 163
143 173
143 174
143 193
143 198
143 200
143 202
143 210
143 211
143 218
143 226
143 227
143 228
143 233
143 236
143 246
143 252
143 264
143 269
143 275
143 278
143 286
143 298
144 145
144 148
144 158
144 160
144 162
144 175
144 179
144 180
144 200
144 213
144 221
144 231
144 254
144 255
144 263
144 271
144 275
144 276
144 280
144 285
145 146
145 147
145 149
145 151
145 153
145 160
145 162
145 163
145 166
145 171
145 172
145 174
145 179
145 181
145 182
145 192
145 204
145 243
145 248
145 253
145 271
145 275
145 279
145 290
145 292
146 147
146 152
146 155
146 174
146 194
146 197
146 203
146 212
146 223
146 228
146 243
146 248
146 255
146 258
146 271
146 299
146 205
146 283
147 149
147 151
147 159
147 168
147 169
147 172
147 186
147 190
147 192
147 208
147 209
147 210
147 213
147 224
147 236
147 298
148 169
148 176
148 180
148 184
148 187
148 191
148 196
148 206
148 208
148 213
148 217
148 222
148 226
148 240
148 244
148 245
148 268
148 271
148 276
148 285
148 291
148 296
148 297
148 298
148 299
149 161
149 170
149 182
149 185
149 187
149 193
149 196
149 199
149 204
149 209
149 226
149 239
149 249
149 256
149 270
149 275
149 282
149 285
149 286
149 299
150 151
150 157
150 163
150 166
150 168
150 172
150 179
150 184
150 185
150 187
150 193
150 196
150 199
150 202
150 212
150 217
150 222
150 224
150 238
150 241
150 248
150 251
150 256
150 258
150 262
150 263
150 266
150 269
150 276
150 286
150 293
150 295
150 298
151 153
151 155
151 169
151 174
151 184
151 185
151 189
151 191
151 223
151 265
151 278
151 279
151 290
152 164
152 165
152 169
152 185
152 186
152 195
152 197
152 219
152 221
152 229
152 246
152 267
152 269
152 275
152 278
152 297
153 157
153 161
153 163
153 167
153 172
153 182
153 185
153 195
153 206
153 208
153 227
153 233
153 239
153 243
153 244
153 273
153 287
153 289
154 163
154 170
154 173
154 183
154 184
154 189
154 225
154 227
154 231
154 232
154 239
154 246
154 252
154 253
154 257
154 261
154 267
154 275
154 281
154 293
154 297
155 161
155 168
155 174
155 177
155 181
155 185
155 196
155 200
155 208
155 211
155 239
155 244
155 250
155 251
155 254
155 257
155 284
155 293
155 295
155 296
155 297
156 158
156 180
156 184
156 186
156 191
156 195
156 213
156 218
156 230
156 232
156 233
156 236
156 254
156 259
156 260
156 270
156 280
156 292
156 299
157 160
157 164
157 170
157 178
157 182
157 186
157 197
157 221
157 226
157 236
157 239
157 245
157 249
157 251
157 262
157 275
157 285
158 162
158 166
158 175
158 179
158 182
158 184
158 189
158 193
158 206
158 223
158 224
158 237
158 242
158 244
158 247
158 266
158 269
158 275
158 283
158 292
159 160
159 166
159 170
159 171
159 172
159 173
159 174
159 175
159 179
159 186
159 190
159 196
159 203
159 207
159 209
159 222
159 237
159 239
159 255
159 260
159 262
159 279
159 291
159 297
160 170
160 180
160 183
160 189
160 197
160 198
160 199
160 208
160 213
160 214
160 246
160 253
160 254
160 267
160 277
161 165
161 166
161 176
161 179
161 184
161 194
161 206
161 214
161 216
161 218
161 229
161 230
161 245
161 246
161 252
161 255
161 258
161 259
161 270
161 272
161 273
161 274
161 288
161 298
162 167
162 168
162 180
162 206
162 211
162 212
162 215
162 216
162 230
162 232
162 237
162 243
162 268
162 270
162 282
162 298
163 164
163 183
163 185
163 188
163 199
163 208
163 220
163 228
163 249
163 256
163 262
163 274
163 288
163 290
163 292
164 174
164 177
164 185
164 187
164 190
164 201
164 207
164 219
164 224
164 237
164 238
164 242
164 249
164 251
164 258
164 260
164 266
164 274
164 284
164 291
165 167
165 171
165 173
165 177
165 180
165 220
165 231
165 235
165 237
165 242
165 243
165 246
165 252
165 259
165 283
165 285
165 296
165 297
165 203
166 169
166 178
166 181
166 182
166 190
166 200
166 206
166 209
166 216
166 220
166 223
166 255
166 258
166 277
166 284
166 291
167 168
167 180
167 181
167 183
167 186
167 189
167 195
167 199
167 202
167 204
167 209
167 217
167 221
167 223
167 230
167 232
167 248
167 254
167 258
167 261
167 272
167 284
167 286
167 289
167 297
167 299
167 226
167 234
168 173
168 178
168 182
168 197
168 205
168 211
168 215
168 217
168 224
168 228
168 230
168 232
168 234
168 236
168 238
168 246
168 247
168 248
168 252
168 256
168 262
168 268
168 287
168 289
169 171
169 173
169 175
169 176
169 179
169 188
169 197
169 208
169 210
169 214
169 216
169 218
169 245
169 248
169 261
169 265
169 285
169 293
170 175
170 183
170 195
170 213
170 215
170 218
170 220
170 223
170 232
170 233
170 234
170 235
170 241
170 243
170 246
170 252
170 264
170 268
170 277
170 281
170 287
170 298
171 184
171 193
171 195
171 203
171 204
171 210
171 221
171 228
171 239
171 278
171 289
171 296
172 176
172 186
172 190
172 191
172 196
172 204
172 219
172 237
172 238
172 239
172 245
172 253
172 257
172 263
172 266
172 267
172 273
172 274
172 275
172 278
172 282
172 291
172 292
172 294
172 297
172 260
173 189
173 191
173 197
173 209
173 211
173 212
173 216
173 219
173 220
173 222
173 223
173 225
173 232
173 258
173 282
173 287
173 291
173 295
173 298
174 181
174 201
174 209
174 226
174 227
174 238
174 254
174 258
174 261
174 262
174 274
175 176
175 177
175 189
175 196
175 197
175 208
175 217
175 222
175 225
175 244
175 248
175 258
175 270
175 294
176 182
176 183
176 189
176 201
176 210
176 213
176 220
176 225
176 242
176 245
176 249
176 260
176 283
176 285
176 288
177 187
177 208
177 213
177 236
177 238
177 242
177 252
177 262
177 265
177 283
177 292
177 297
178 183
178 184
178 190
178 195
178 205
178 211
178 228
178 237
178 238
178 272
178 274
178 279
178 285
178 299
179 194
179 199
179 200
179 201
179 203
179 214
179 216
179 217
179 219
179 220
179 221
179 228
179 236
179 242
179 251
179 279
179 290
179 299
180 187
180 194
180 204
180 229
180 231
180 236
180 240
180 260
180 277
180 291
180 299
181 183
181 188
181 193
181 195
181 196
181 222
181 226
181 228
181 247
181 251
181 252
181 255
181 260
181 263
181 266
181 269
181 276
181 297
181 286
182 186
182 193
182 207
182 223
182 227
182 293
183 193
183 210
183 219
183 220
183 232
183 235
183 238
183 241
183 242
183 243
183 260
183 281
183 296
184 185
184 189
184 193
184 202
184 205
184 210
184 214
184 218
184 219
184 222
184 223
184 224
184 236
184 241
184 244
184 247
184 256
184 275
184 284
185 186
185 189
185 195
185 207
185 216
185 221
185 236
185 239
185 252
185 255
185 265
185 278
185 279
185 280
185 295
185 197
186 194
186 207
186 231
186 262
186 273
186 276
186 287
186 288
187 195
187 197
187 216
187 221
187 233
187 238
187 245
187 249
187 264
187 265
187 273
187 296
188 190
188 193
188 201
188 206
188 212
188 235
188 243
188 245
188 248
188 255
188 257
188 266
188 277
188 284
188 285
188 296
189 192
189 194
189 197
189 204
189 209
189 215
189 233
189 234
189 238
189 240
189 243
189 247
189 248
189 251
189 262
189 276
189 279
189 280
189 289
189 292
189 296
190 207
190 218
190 221
190 234
190 238
190 274
190 278
190 280
190 288
190 296
190 299
191 193
191 197
191 200
191 206
191 211
191 220
191 222
191 225
191 228
191 229
191 231
191 232
191 233
191 247
191 256
191 258
191 274
191 276
191 281
191 282
191 283
191 284
192 213
192 217
192 218
192 231
192 241
192 248
192 253
192 263
192 282
192 284
192 286
193 203
193 205
193 210
193 214
193 223
193 227
193 234
193 239
193 252
193 256
193 262
193 263
193 272
193 286
193 287
193 295
194 205
194 206
194 227
194 238
194 251
194 255
194 262
194 263
194 268
194 279
194 286
194 293
195 199
195 200
195 203
195 207
195 210
195 213
195 222
195 245
195 259
195 263
195 267
195 278
195 290
196 238
196 239
196 273
196 276
196 299
197 201
197 212
197 239
197 242
197 247
197 250
197 259
197 271
197 274
197 283
198 220
198 225
198 230
198 233
198 236
198 278
199 242
199 250
199 255
199 296
199 297
200 201
200 213
200 214
200 215
200 219
200 224
200 226
200 232
200 234
200 248
200 257
200 260
200 261
200 265
200 266
200 272
200 274
200 275
200 276
200 283
200 290
200 296
200 298
200 277
201 207
201 208
201 211
201 237
201 240
201 243
201 253
201 258
201 262
201 275
201 294
201 297
202 215
202 216
202 218
202 242
202 246
202 256
202 260
202 269
202 273
202 283
202 290
202 293
202 296
203 205
203 206
203 208
203 210
203 216
203 219
203 223
203 250
203 284
203 291
203 294
203 299
204 210
204 226
204 234
204 264
204 269
204 274
204 281
204 282
204 294
204 295
204 298
204 238
205 225
205 228
205 236
205 273
205 279
205 280
206 223
206 225
206 232
206 237
206 242
206 260
206 262
206 283
206 292
206 298
207 210
207 212
207 214
207 216
207 217
207 225
207 229
207 235
207 250
207 258
207 266
207 278
207 291
207 294
208 209
208 215
208 225
208 228
208 243
208 267
208 291
208 292
209 211
209 218
209 231
209 233
209 237
209 240
209 249
209 254
209 259
209 271
209 281
209 282
209 289
210 220
210 279
210 294
211 217
211 231
211 242
211 243
211 275
211 276
211 278
211 286
211 296
212 240
212 242
212 248
212 269
212 271
212 272
212 278
212 282
212 285
212 289
212 293
212 299
212 262
213 215
213 216
213 219
213 239
213 254
213 255
213 262
213 298
214 220
214 228
214 234
214 255
214 265
214 272
214 278
214 279
214 294
214 296
215 221
215 226
215 227
215 233
215 251
215 264
215 265
215 291
215 297
215 217
216 219
216 270
216 291
216 298
217 232
217 237
217 245
217 251
217 253
217 261
217 268
217 269
217 273
217 277
217 283
217 286
217 293
217 295
217 297
217 299
218 223
218 225
218 231
218 243
218 250
218 251
218 266
218 267
218 271
218 274
218 296
219 264
219 267
219 270
219 273
219 282
219 284
219 287
219 289
220 221
220 226
220 234
220 245
220 262
221 227
221 228
221 232
221 237
221 240
221 249
221 264
221 269
221 283
221 287
221 293
221 294
221 299
222 225
222 238
222 247
222 253
222 257
223 235
223 236
223 237
223 241
223 244
223 253
223 263
223 270
223 277
223 283
223 287
223 288
223 290
224 229
224 230
224 237
224 246
224 250
224 252
224 258
224 272
224 279
224 283
224 288
224 293
224 296
224 297
225 226
225 239
225 253
225 257
225 263
225 290
226 227
226 229
226 263
226 248
227 235
227 243
227 245
227 252
227 266
228 240
228 259
228 264
228 265
229 234
229 236
229 245
229 251
229 255
229 260
229 271
229 283
229 285
230 251
231 253
231 277
232 239
232 243
232 245
232 260
232 263
232 265
232 281
232 295
233 249
233 252
233 264
233 287
234 240
234 241
234 269
235 250
235 267
235 276
235 290
236 279
236 288
236 290
236 292
236 297
237 251
237 257
237 260
237 272
237 284
237 286
237 290
237 297
238 246
238 253
238 256
238 271
238 298
239 241
239 250
239 260
239 274
240 250
240 256
240 260
240 268
240 280
240 283
240 290
240 292
240 297
241 262
242 249
242 251
242 264
242 287
242 299
243 249
243 253
243 258
243 273
243 276
243 278
243 290
244 270
244 280
244 286
245 249
245 250
245 252
245 253
245 266
245 269
245 273
245 275
245 277
246 248
246 253
246 263
246 264
246 272
246 277
246 278
246 281
246 289
246 290
247 256
247 261
247 268
247 272
247 281
247 285
248 249
248 251
248 274
248 282
248 293
249 253
249 257
249 261
249 278
249 280
249 294
250 253
250 256
250 264
250 272
250 276
250 278
250 281
250 286
250 289
251 254
251 255
251 262
251 283
252 254
252 271
252 276
252 279
252 292
253 262
253 272
253 294
253 299
254 259
254 268
254 284
254 290
255 260
255 268
255 269
255 286
255 287
255 293
255 294
256 267
256 269
256 273
256 276
256 291
257 275
257 296
258 281
258 287
259 265
259 296
260 270
261 263
261 285
262 271
262 279
262 280
262 281
262 289
262 292
262 298
263 265
263 275
264 267
264 277
264 296
264 298
265 278
265 279
265 281
265 283
266 268
266 274
266 295
267 268
267 282
267 283
267 284
267 289
269 292
270 272
270 273
270 299
271 274
272 288
273 276
273 281
273 291
274 280
274 287
277 289
278 284
278 294
280 282
281 295
282 289
284 288
286 293
286 295
286 299
287 288
287 299
288 292
288 293
288 295
289 295
291 292