511462844
54
300
13314
0 54
0 55
0 56
0 57
0 58
0 59
0 60
0 61
0 62
0 63
0 65
0 66
0 67
0 68
0 70
0 71
0 73
0 74
0 75
0 79
0 81
0 87
0 88
0 90
0 91
0 92
0 93
0 94
0 96
0 97
0 101
0 102
0 103
0 104
0 105
0 106
0 110
0 113
0 117
0 119
0 120
0 121
0 123
0 126
0 127
0 129
0 130
0 133
0 136
0 137
0 141
0 144
0 145
0 150
0 153
0 157
0 159
0 164
0 167
0 176
0 185
0 189
0 190
0 202
0 204
0 214
0 229
0 231
0 237
0 242
0 253
0 267
0 271
0 273
0 277
0 282
0 284
0 287
0 294
1 54
1 55
1 56
1 57
1 58
1 59
1 60
1 61
1 62
1 64
1 65
1 66
1 67
1 68
1 69
1 70
1 71
1 72
1 74
1 76
1 78
1 81
1 82
1 83
1 84
1 85
1 88
1 89
1 90
1 91
1 92
1 96
1 97
1 99
1 101
1 102
1 103
1 104
1 105
1 106
1 107
1 108
1 110
1 111
1 112
1 114
1 116
1 119
1 120
1 128
1 130
1 132
1 137
1 138
1 140
1 141
1 145
1 146
1 150
1 151
1 155
1 160
1 162
1 163
1 166
1 168
1 170
1 171
1 173
1 180
1 192
1 194
1 197
1 199
1 202
1 206
1 211
1 212
1 213
1 224
1 232
1 243
1 253
1 256
1 257
1 258
1 265
1 269
1 275
1 285
1 292
1 293
1 296
1 17
2 54
2 55
2 56
2 57
2 58
2 59
2 60
2 63
2 64
2 65
2 66
2 67
2 69
2 70
2 71
2 73
2 77
2 79
2 80
2 81
2 86
2 87
2 88
2 96
2 109
2 111
2 113
2 119
2 121
2 123
2 127
2 138
2 140
2 141
2 154
2 165
2 170
2 171
2 174
2 179
2 182
2 189
2 199
2 203
2 214
2 215
2 231
2 240
2 243
2 255
2 256
2 271
2 282
2 289
2 292
3 54
3 55
3 57
3 58
3 59
3 60
3 61
3 62
3 63
3 66
3 68
3 69
3 70
3 71
3 72
3 73
3 74
3 76
3 77
3 79
3 80
3 81
3 82
3 84
3 88
3 89
3 90
3 96
3 99
3 103
3 108
3 110
3 112
3 120
3 125
3 126
3 138
3 139
3 141
3 144
3 146
3 149
3 150
3 154
3 156
3 159
3 167
3 168
3 172
3 174
3 180
3 182
3 190
3 192
3 206
3 211
3 213
3 215
3 228
3 231
3 233
3 235
3 238
3 239
3 247
3 257
3 266
3 288
4 54
4 55
4 56
4 58
4 59
4 60
4 62
4 63
4 64
4 65
4 67
4 68
4 69
4 70
4 71
4 73
4 74
4 75
4 77
4 78
4 80
4 82
4 83
4 84
4 85
4 86
4 87
4 88
4 93
4 102
4 103
4 104
4 105
4 106
4 107
4 109
4 111
4 114
4 115
4 118
4 120
4 122
4 123
4 127
4 135
4 140
4 152
4 154
4 158
4 165
4 168
4 175
4 179
4 181
4 184
4 188
4 189
4 195
4 198
4 199
4 202
4 209
4 210
4 219
4 223
4 225
4 226
4 229
4 230
4 237
4 242
4 245
4 250
4 255
4 263
4 264
4 271
4 272
4 273
4 275
4 284
4 287
4 288
4 289
4 292
5 54
5 55
5 56
5 57
5 58
5 59
5 60
5 62
5 63
5 64
5 65
5 66
5 67
5 68
5 69
5 71
5 72
5 73
5 74
5 76
5 78
5 79
5 81
5 83
5 86
5 87
5 91
5 93
5 94
5 95
5 108
5 114
5 115
5 122
5 124
5 126
5 128
5 134
5 141
5 142
5 144
5 147
5 149
5 150
5 153
5 157
5 160
5 161
5 171
5 174
5 175
5 179
5 184
5 188
5 190
5 201
5 204
5 212
5 219
5 222
5 227
5 228
5 242
5 246
5 251
5 252
5 266
5 269
5 275
5 277
5 278
5 280
5 289
5 293
5 294
6 54
6 55
6 56
6 57
6 58
6 59
6 60
6 61
6 62
6 63
6 64
6 65
6 66
6 67
6 68
6 69
6 70
6 71
6 72
6 74
6 75
6 76
6 77
6 81
6 83
6 84
6 85
6 86
6 88
6 89
6 91
6 95
6 96
6 99
6 100
6 104
6 106
6 108
6 109
6 111
6 112
6 116
6 121
6 123
6 128
6 132
6 133
6 140
6 142
6 148
6 149
6 151
6 152
6 159
6 164
6 166
6 168
6 171
6 175
6 185
6 186
6 200
6 205
6 208
6 213
6 215
6 216
6 217
6 218
6 219
6 220
6 221
6 228
6 235
6 237
6 238
6 242
6 246
6 250
6 252
6 254
6 257
6 259
6 265
6 266
6 276
6 279
6 280
6 282
6 285
6 288
6 289
6 298
6 160
7 54
7 55
7 57
7 58
7 59
7 61
7 62
7 63
7 64
7 67
7 69
7 70
7 72
7 73
7 74
7 76
7 77
7 78
7 81
7 83
7 84
7 88
7 90
7 92
7 99
7 100
7 101
7 102
7 104
7 106
7 107
7 108
7 111
7 114
7 117
7 126
7 128
7 129
7 131
7 132
7 134
7 142
7 144
7 149
7 152
7 153
7 155
7 156
7 157
7 159
7 160
7 165
7 169
7 173
7 175
7 183
7 191
7 192
7 196
7 201
7 203
7 213
7 217
7 221
7 223
7 224
7 225
7 228
7 229
7 237
7 249
7 250
7 256
7 259
7 263
7 269
7 271
7 272
7 278
7 281
7 286
7 290
7 291
7 292
7 298
8 54
8 55
8 56
8 57
8 58
8 60
8 61
8 62
8 63
8 64
8 65
8 66
8 67
8 69
8 71
8 72
8 74
8 75
8 77
8 78
8 79
8 81
8 83
8 84
8 86
8 88
8 91
8 94
8 99
8 105
8 106
8 112
8 113
8 114
8 115
8 119
8 123
8 124
8 129
8 142
8 145
8 146
8 150
8 152
8 153
8 154
8 157
8 159
8 170
8 171
8 175
8 178
8 183
8 186
8 187
8 193
8 198
8 201
8 204
8 207
8 216
8 220
8 231
8 245
8 253
8 255
8 265
8 272
8 277
8 266
9 54
9 55
9 56
9 57
9 58
9 59
9 61
9 62
9 63
9 65
9 66
9 68
9 69
9 73
9 74
9 75
9 77
9 78
9 82
9 83
9 84
9 87
9 88
9 89
9 96
9 97
9 98
9 103
9 110
9 111
9 114
9 122
9 126
9 129
9 131
9 133
9 134
9 135
9 136
9 137
9 144
9 147
9 150
9 152
9 156
9 158
9 161
9 162
9 164
9 170
9 173
9 175
9 177
9 184
9 186
9 188
9 192
9 193
9 206
9 218
9 220
9 223
9 227
9 244
9 252
9 257
9 266
9 267
9 269
9 272
9 284
9 296
9 298
10 54
10 55
10 56
10 57
10 58
10 59
10 61
10 62
10 63
10 64
10 65
10 67
10 68
10 69
10 72
10 73
10 74
10 75
10 76
10 78
10 80
10 81
10 82
10 83
10 85
10 87
10 88
10 90
10 92
10 94
10 95
10 97
10 100
10 101
10 102
10 103
10 106
10 116
10 119
10 120
10 121
10 124
10 125
10 128
10 130
10 131
10 132
10 136
10 137
10 139
10 144
10 148
10 150
10 152
10 154
10 157
10 158
10 160
10 161
10 169
10 178
10 179
10 182
10 195
10 198
10 203
10 206
10 207
10 215
10 220
10 224
10 226
10 230
10 236
10 237
10 238
10 239
10 244
10 251
10 254
10 257
10 260
10 263
10 278
10 280
10 297
11 54
11 55
11 56
11 57
11 58
11 59
11 60
11 61
11 62
11 64
11 65
11 66
11 67
11 68
11 69
11 71
11 72
11 73
11 75
11 78
11 89
11 90
11 93
11 96
11 97
11 98
11 104
11 107
11 112
11 117
11 120
11 122
11 123
11 129
11 133
11 138
11 148
11 150
11 173
11 177
11 185
11 186
11 189
11 199
11 219
11 230
11 232
11 243
11 249
11 255
11 261
11 268
11 275
11 279
11 289
11 294
11 299
12 54
12 55
12 56
12 57
12 58
12 59
12 60
12 61
12 62
12 63
12 64
12 65
12 66
12 67
12 68
12 70
12 71
12 72
12 76
12 77
12 78
12 79
12 81
12 83
12 85
12 86
12 90
12 91
12 94
12 95
12 96
12 98
12 103
12 111
12 118
12 119
12 125
12 127
12 129
12 135
12 138
12 143
12 146
12 150
12 157
12 163
12 164
12 165
12 166
12 173
12 174
12 175
12 183
12 185
12 197
12 202
12 208
12 209
12 211
12 215
12 220
12 224
12 234
12 236
12 251
12 255
12 257
12 258
12 261
12 273
12 276
12 283
12 292
12 294
13 54
13 55
13 56
13 57
13 58
13 59
13 60
13 61
13 62
13 63
13 65
13 66
13 69
13 70
13 71
13 72
13 73
13 74
13 77
13 78
13 79
13 82
13 83
13 85
13 86
13 90
13 94
13 98
13 99
13 100
13 101
13 104
13 105
13 106
13 107
13 108
13 111
13 112
13 124
13 125
13 128
13 129
13 130
13 131
13 133
13 134
13 137
13 139
13 141
13 149
13 151
13 154
13 164
13 166
13 172
13 173
13 180
13 190
13 204
13 205
13 211
13 215
13 216
13 220
13 221
13 222
13 224
13 226
13 230
13 231
13 244
13 248
13 254
13 255
13 267
13 276
13 281
13 295
13 297
13 272
14 54
14 55
14 56
14 57
14 58
14 59
14 60
14 61
14 62
14 63
14 64
14 65
14 66
14 67
14 68
14 69
14 71
14 73
14 74
14 75
14 77
14 79
14 81
14 82
14 83
14 84
14 85
14 86
14 88
14 89
14 90
14 91
14 93
14 94
14 95
14 98
14 99
14 101
14 104
14 105
14 106
14 107
14 110
14 113
14 117
14 123
14 126
14 127
14 128
14 135
14 136
14 137
14 139
14 146
14 148
14 151
14 152
14 153
14 158
14 161
14 163
14 168
14 172
14 176
14 177
14 178
14 180
14 181
14 182
14 183
14 186
14 189
14 191
14 197
14 200
14 202
14 204
14 207
14 209
14 211
14 214
14 215
14 216
14 221
14 232
14 237
14 240
14 242
14 249
14 251
14 252
14 253
14 254
14 256
14 259
14 260
14 261
14 267
14 269
14 271
14 274
14 278
14 284
14 289
14 295
14 299
15 54
15 55
15 56
15 57
15 58
15 59
15 60
15 61
15 62
15 63
15 64
15 65
15 66
15 67
15 68
15 69
15 73
15 74
15 75
15 76
15 77
15 80
15 84
15 85
15 86
15 87
15 95
15 101
15 102
15 107
15 108
15 109
15 112
15 113
15 115
15 117
15 118
15 121
15 127
15 128
15 129
15 131
15 140
15 144
15 145
15 151
15 165
15 166
15 183
15 188
15 205
15 212
15 214
15 218
15 221
15 223
15 224
15 230
15 233
15 238
15 239
15 240
15 242
15 252
15 256
15 259
15 261
15 263
15 282
15 290
15 291
15 292
15 294
16 54
16 55
16 56
16 57
16 58
16 59
16 60
16 61
16 62
16 63
16 64
16 65
16 66
16 67
16 68
16 70
16 71
16 74
16 76
16 78
16 79
16 81
16 82
16 83
16 85
16 87
16 89
16 91
16 92
16 93
16 94
16 97
16 102
16 104
16 107
16 111
16 112
16 115
16 119
16 125
16 126
16 139
16 144
16 153
16 156
16 158
16 168
16 175
16 178
16 183
16 184
16 185
16 186
16 192
16 196
16 197
16 198
16 203
16 205
16 206
16 207
16 235
16 238
16 245
16 246
16 250
16 251
16 255
16 256
16 266
16 272
16 277
16 279
16 281
16 284
16 293
16 193
17 54
17 55
17 56
17 57
17 58
17 59
17 60
17 61
17 62
17 63
17 64
17 65
17 66
17 67
17 68
17 70
17 71
17 72
17 73
17 74
17 75
17 78
17 79
17 81
17 82
17 84
17 86
17 87
17 88
17 89
17 91
17 93
17 94
17 95
17 97
17 103
17 105
17 110
17 111
17 115
17 117
17 120
17 124
17 130
17 132
17 133
17 134
17 141
17 142
17 145
17 146
17 149
17 152
17 155
17 156
17 157
17 159
17 160
17 163
17 165
17 168
17 169
17 170
17 174
17 177
17 178
17 185
17 194
17 206
17 207
17 210
17 212
17 217
17 221
17 227
17 233
17 234
17 235
17 249
17 250
17 261
17 264
17 273
17 277
17 280
17 284
17 288
17 294
18 54
18 55
18 56
18 57
18 58
18 59
18 60
18 61
18 62
18 63
18 64
18 66
18 67
18 69
18 70
18 73
18 74
18 75
18 76
18 80
18 81
18 82
18 84
18 85
18 86
18 89
18 91
18 92
18 95
18 98
18 100
18 104
18 107
18 108
18 111
18 115
18 117
18 118
18 122
18 124
18 131
18 133
18 134
18 137
18 141
18 153
18 154
18 157
18 170
18 171
18 176
18 178
18 188
18 196
18 200
18 201
18 220
18 221
18 224
18 229
18 239
18 243
18 248
18 256
18 258
18 265
18 271
18 273
18 276
18 277
18 285
18 287
18 288
18 290
19 54
19 55
19 56
19 57
19 58
19 59
19 60
19 61
19 62
19 63
19 64
19 65
19 67
19 69
19 70
19 71
19 72
19 73
19 74
19 75
19 76
19 77
19 79
19 80
19 81
19 82
19 83
19 85
19 88
19 89
19 94
19 101
19 103
19 110
19 112
19 113
19 114
19 123
19 125
19 128
19 135
19 146
19 148
19 149
19 150
19 155
19 156
19 157
19 171
19 176
19 178
19 183
19 186
19 189
19 194
19 195
19 197
19 204
19 209
19 210
19 223
19 230
19 250
19 255
19 264
19 267
19 270
19 273
19 276
19 283
19 284
19 289
19 293
19 294
19 296
20 54
20 55
20 56
20 57
20 58
20 59
20 60
20 61
20 63
20 65
20 67
20 69
20 70
20 72
20 73
20 74
20 76
20 82
20 84
20 85
20 87
20 89
20 91
20 93
20 98
20 102
20 103
20 104
20 106
20 107
20 109
20 113
20 120
20 130
20 138
20 139
20 144
20 145
20 148
20 150
20 151
20 156
20 158
20 161
20 168
20 170
20 172
20 175
20 185
20 190
20 196
20 212
20 222
20 225
20 232
20 233
20 244
20 247
20 250
20 251
20 262
20 270
21 54
21 55
21 56
21 57
21 58
21 59
21 60
21 61
21 63
21 64
21 65
21 66
21 67
21 68
21 70
21 73
21 76
21 77
21 78
21 79
21 80
21 81
21 82
21 83
21 85
21 87
21 92
21 93
21 95
21 96
21 97
21 99
21 101
21 103
21 105
21 109
21 117
21 127
21 132
21 133
21 138
21 140
21 141
21 144
21 146
21 147
21 152
21 153
21 155
21 160
21 165
21 170
21 172
21 174
21 179
21 180
21 181
21 188
21 189
21 193
21 200
21 203
21 206
21 211
21 216
21 219
21 222
21 223
21 238
21 240
21 244
21 248
21 252
21 254
21 257
21 268
21 276
21 278
21 285
21 288
21 297
22 54
22 55
22 56
22 57
22 58
22 59
22 60
22 61
22 62
22 63
22 64
22 65
22 66
22 67
22 68
22 69
22 70
22 71
22 72
22 73
22 74
22 75
22 77
22 78
22 79
22 80
22 82
22 83
22 84
22 85
22 86
22 92
22 94
22 97
22 99
22 104
22 108
22 110
22 113
22 115
22 116
22 117
22 118
22 120
22 122
22 124
22 125
22 129
22 130
22 135
22 138
22 139
22 140
22 151
22 152
22 157
22 160
22 161
22 167
22 170
22 173
22 178
22 179
22 187
22 188
22 190
22 191
22 193
22 201
22 203
22 205
22 206
22 209
22 211
22 216
22 217
22 218
22 224
22 231
22 232
22 235
22 241
22 243
22 248
22 251
22 263
22 271
22 284
22 296
22 297
22 299
23 54
23 55
23 56
23 58
23 59
23 60
23 62
23 63
23 67
23 68
23 69
23 70
23 71
23 72
23 73
23 74
23 75
23 76
23 78
23 79
23 80
23 82
23 84
23 85
23 88
23 89
23 91
23 93
23 99
23 101
23 103
23 105
23 110
23 115
23 119
23 127
23 128
23 134
23 137
23 147
23 148
23 153
23 165
23 174
23 178
23 184
23 187
23 195
23 199
23 203
23 204
23 228
23 237
23 250
23 253
23 259
23 261
23 268
23 273
23 274
24 54
24 55
24 56
24 57
24 58
24 59
24 61
24 62
24 63
24 64
24 65
24 66
24 69
24 70
24 71
24 72
24 73
24 75
24 76
24 77
24 78
24 79
24 80
24 83
24 84
24 86
24 87
24 88
24 89
24 90
24 93
24 96
24 97
24 100
24 103
24 105
24 109
24 110
24 113
24 114
24 115
24 116
24 118
24 119
24 121
24 122
24 126
24 130
24 131
24 132
24 134
24 135
24 136
24 138
24 142
24 146
24 148
24 152
24 156
24 157
24 158
24 161
24 167
24 180
24 181
24 185
24 205
24 208
24 216
24 223
24 226
24 238
24 246
24 248
24 251
24 252
24 260
24 261
24 275
24 278
24 286
24 298
24 68
25 54
25 55
25 56
25 57
25 58
25 59
25 60
25 61
25 63
25 64
25 65
25 66
25 67
25 68
25 69
25 72
25 73
25 74
25 75
25 76
25 78
25 79
25 82
25 87
25 89
25 93
25 94
25 95
25 99
25 100
25 105
25 108
25 117
25 119
25 123
25 126
25 128
25 131
25 132
25 134
25 141
25 142
25 145
25 151
25 153
25 157
25 173
25 176
25 179
25 184
25 191
25 214
25 228
25 231
25 237
25 245
25 248
25 249
25 260
25 272
25 273
25 275
25 289
26 54
26 55
26 56
26 57
26 58
26 59
26 60
26 61
26 62
26 63
26 64
26 65
26 66
26 67
26 69
26 70
26 71
26 72
26 74
26 75
26 76
26 77
26 78
26 79
26 81
26 83
26 84
26 88
26 90
26 91
26 92
26 93
26 95
26 98
26 99
26 101
26 103
26 106
26 107
26 110
26 113
26 115
26 117
26 119
26 120
26 123
26 124
26 126
26 127
26 133
26 134
26 135
26 136
26 143
26 146
26 148
26 150
26 156
26 157
26 158
26 170
26 171
26 178
26 180
26 186
26 199
26 200
26 201
26 204
26 212
26 213
26 214
26 215
26 227
26 229
26 230
26 231
26 233
26 238
26 241
26 246
26 248
26 251
26 252
26 259
26 261
26 263
26 271
26 277
26 281
26 285
26 291
26 293
26 295
26 296
26 299
27 54
27 55
27 56
27 57
27 58
27 59
27 60
27 61
27 62
27 63
27 64
27 65
27 66
27 67
27 68
27 69
27 70
27 72
27 73
27 76
27 77
27 80
27 82
27 84
27 86
27 87
27 97
27 98
27 100
27 103
27 115
27 121
27 126
27 130
27 134
27 139
27 141
27 146
27 150
27 154
27 155
27 158
27 160
27 167
27 169
27 173
27 177
27 182
27 185
27 188
27 189
27 190
27 192
27 196
27 198
27 204
27 221
27 227
27 237
27 250
27 253
27 255
27 281
27 284
27 293
28 54
28 55
28 56
28 57
28 58
28 59
28 60
28 61
28 62
28 63
28 64
28 65
28 66
28 67
28 68
28 70
28 71
28 72
28 73
28 77
28 78
28 80
28 82
28 84
28 86
28 87
28 89
28 92
28 93
28 94
28 95
28 96
28 98
28 102
28 108
28 112
28 118
28 121
28 127
28 128
28 131
28 135
28 142
28 145
28 147
28 153
28 159
28 160
28 164
28 183
28 190
28 205
28 215
28 219
28 222
28 225
28 232
28 236
28 246
28 249
28 266
28 271
28 273
28 274
28 278
28 280
29 54
29 55
29 56
29 57
29 58
29 59
29 60
29 61
29 62
29 63
29 64
29 65
29 66
29 67
29 74
29 75
29 76
29 77
29 78
29 79
29 80
29 85
29 86
29 88
29 91
29 92
29 94
29 95
29 97
29 99
29 100
29 101
29 103
29 104
29 105
29 106
29 109
29 112
29 113
29 116
29 117
29 118
29 122
29 125
29 132
29 138
29 139
29 141
29 148
29 150
29 151
29 153
29 156
29 164
29 166
29 167
29 169
29 176
29 181
29 187
29 195
29 209
29 212
29 231
29 233
29 240
29 244
29 251
29 256
29 257
29 260
29 269
29 275
29 277
29 282
29 287
29 289
29 291
29 296
29 298
30 54
30 56
30 57
30 58
30 59
30 60
30 62
30 63
30 66
30 67
30 68
30 69
30 70
30 72
30 73
30 75
30 76
30 77
30 78
30 82
30 90
30 92
30 96
30 110
30 111
30 125
30 126
30 130
30 131
30 132
30 134
30 136
30 142
30 146
30 151
30 153
30 162
30 166
30 170
30 173
30 199
30 201
30 209
30 217
30 232
30 238
30 258
30 261
30 264
30 269
30 277
30 281
30 288
30 289
30 294
30 296
30 298
31 54
31 55
31 56
31 57
31 58
31 59
31 60
31 61
31 62
31 63
31 64
31 66
31 67
31 68
31 69
31 71
31 75
31 81
31 82
31 86
31 87
31 89
31 90
31 91
31 92
31 93
31 96
31 97
31 106
31 109
31 112
31 113
31 116
31 118
31 119
31 122
31 123
31 124
31 125
31 132
31 136
31 139
31 143
31 144
31 146
31 148
31 152
31 153
31 166
31 168
31 171
31 177
31 178
31 182
31 191
31 204
31 205
31 209
31 214
31 215
31 222
31 232
31 237
31 239
31 255
31 258
31 259
31 262
31 273
32 54
32 55
32 56
32 57
32 59
32 60
32 61
32 62
32 64
32 65
32 66
32 67
32 68
32 69
32 70
32 72
32 77
32 78
32 79
32 80
32 90
32 92
32 99
32 100
32 102
32 104
32 108
32 109
32 116
32 124
32 126
32 130
32 132
32 133
32 136
32 137
32 138
32 142
32 148
32 158
32 163
32 180
32 184
32 193
32 198
32 201
32 207
32 215
32 231
32 236
32 255
32 272
32 296
32 298
32 299
33 54
33 55
33 56
33 57
33 58
33 59
33 60
33 61
33 62
33 63
33 64
33 67
33 68
33 71
33 72
33 74
33 75
33 76
33 78
33 79
33 80
33 81
33 83
33 85
33 86
33 87
33 89
33 92
33 96
33 97
33 100
33 102
33 103
33 106
33 107
33 108
33 110
33 111
33 112
33 113
33 114
33 116
33 120
33 130
33 131
33 132
33 139
33 144
33 146
33 149
33 161
33 163
33 174
33 176
33 185
33 187
33 190
33 192
33 194
33 205
33 207
33 208
33 210
33 211
33 219
33 224
33 231
33 233
33 234
33 237
33 239
33 242
33 243
33 254
33 277
33 290
33 299
34 54
34 55
34 56
34 57
34 58
34 59
34 60
34 61
34 62
34 63
34 64
34 65
34 66
34 67
34 68
34 70
34 71
34 72
34 75
34 76
34 78
34 79
34 80
34 81
34 83
34 85
34 89
34 90
34 91
34 94
34 95
34 96
34 98
34 99
34 100
34 101
34 104
34 105
34 109
34 111
34 115
34 122
34 123
34 129
34 133
34 134
34 144
34 154
34 158
34 161
34 162
34 165
34 169
34 175
34 186
34 187
34 188
34 199
34 205
34 227
34 235
34 236
34 240
34 245
34 247
34 249
34 250
34 254
34 263
34 266
34 269
34 280
34 297
34 299
35 54
35 55
35 56
35 57
35 58
35 59
35 60
35 61
35 63
35 64
35 65
35 66
35 67
35 68
35 69
35 70
35 71
35 73
35 75
35 77
35 82
35 86
35 87
35 90
35 92
35 93
35 95
35 96
35 97
35 98
35 100
35 101
35 102
35 113
35 115
35 116
35 117
35 120
35 121
35 126
35 127
35 131
35 133
35 140
35 141
35 142
35 144
35 147
35 149
35 152
35 155
35 160
35 163
35 167
35 180
35 182
35 184
35 189
35 197
35 204
35 206
35 210
35 220
35 222
35 225
35 228
35 230
35 233
35 250
35 258
35 262
35 263
35 275
35 276
35 282
35 284
35 286
35 292
35 296
36 54
36 55
36 56
36 57
36 60
36 61
36 62
36 63
36 64
36 65
36 67
36 68
36 69
36 70
36 71
36 72
36 73
36 74
36 75
36 76
36 77
36 79
36 80
36 81
36 82
36 83
36 84
36 86
36 88
36 89
36 98
36 100
36 103
36 108
36 110
36 116
36 122
36 124
36 125
36 126
36 127
36 128
36 131
36 143
36 145
36 149
36 151
36 153
36 154
36 164
36 167
36 175
36 186
36 189
36 197
36 200
36 208
36 209
36 211
36 212
36 215
36 234
36 235
36 238
36 247
36 252
36 260
36 261
36 275
36 289
36 290
37 54
37 55
37 56
37 57
37 58
37 59
37 60
37 61
37 62
37 64
37 65
37 67
37 68
37 69
37 70
37 71
37 72
37 77
37 78
37 79
37 81
37 83
37 84
37 86
37 87
37 89
37 91
37 93
37 94
37 95
37 98
37 99
37 101
37 102
37 104
37 106
37 107
37 108
37 112
37 118
37 120
37 123
37 124
37 125
37 128
37 136
37 141
37 146
37 148
37 152
37 153
37 155
37 159
37 164
37 168
37 169
37 172
37 174
37 187
37 195
37 203
37 204
37 207
37 208
37 210
37 211
37 213
37 214
37 215
37 222
37 226
37 227
37 232
37 234
37 236
37 237
37 238
37 239
37 245
37 248
37 255
37 260
37 261
37 277
37 279
37 285
37 287
37 288
37 294
38 54
38 55
38 56
38 57
38 58
38 60
38 62
38 63
38 64
38 65
38 67
38 72
38 74
38 75
38 76
38 89
38 90
38 96
38 98
38 99
38 100
38 101
38 106
38 112
38 113
38 115
38 127
38 129
38 135
38 145
38 154
38 157
38 160
38 166
38 185
38 190
38 195
38 221
38 226
38 232
38 233
38 236
38 239
38 242
38 243
38 265
38 274
38 293
38 295
38 297
39 54
39 55
39 56
39 57
39 58
39 60
39 61
39 62
39 63
39 64
39 65
39 66
39 67
39 68
39 70
39 71
39 73
39 74
39 75
39 76
39 77
39 78
39 79
39 81
39 84
39 87
39 88
39 90
39 92
39 93
39 94
39 95
39 96
39 99
39 101
39 102
39 104
39 111
39 115
39 117
39 121
39 123
39 125
39 126
39 133
39 139
39 140
39 141
39 143
39 145
39 146
39 147
39 158
39 159
39 167
39 183
39 185
39 186
39 193
39 197
39 205
39 208
39 209
39 218
39 222
39 227
39 228
39 229
39 237
39 246
39 254
39 256
39 260
39 261
39 266
39 276
39 277
39 278
39 280
39 285
39 287
39 293
40 54
40 55
40 56
40 57
40 58
40 59
40 61
40 64
40 66
40 68
40 70
40 71
40 73
40 74
40 75
40 76
40 80
40 81
40 83
40 84
40 90
40 92
40 93
40 95
40 97
40 104
40 105
40 109
40 110
40 117
40 121
40 122
40 125
40 127
40 129
40 130
40 132
40 138
40 139
40 140
40 149
40 151
40 152
40 153
40 159
40 161
40 165
40 166
40 167
40 168
40 175
40 180
40 181
40 182
40 187
40 190
40 191
40 198
40 201
40 206
40 216
40 219
40 222
40 227
40 230
40 238
40 239
40 241
40 243
40 245
40 247
40 257
40 260
40 274
40 278
40 289
40 291
40 225
41 54
41 55
41 56
41 57
41 58
41 59
41 60
41 61
41 62
41 63
41 64
41 65
41 69
41 70
41 71
41 72
41 73
41 76
41 78
41 80
41 81
41 82
41 85
41 96
41 98
41 101
41 103
41 106
41 108
41 111
41 115
41 134
41 150
41 151
41 167
41 172
41 179
41 181
41 186
41 187
41 188
41 191
41 208
41 239
41 250
41 255
41 257
41 285
41 293
42 54
42 55
42 56
42 57
42 58
42 59
42 60
42 61
42 62
42 63
42 64
42 65
42 66
42 67
42 68
42 69
42 70
42 71
42 72
42 74
42 75
42 76
42 77
42 78
42 82
42 83
42 84
42 85
42 86
42 87
42 94
42 97
42 98
42 99
42 100
42 105
42 106
42 108
42 109
42 111
42 112
42 114
42 116
42 117
42 118
42 120
42 124
42 126
42 129
42 134
42 140
42 151
42 155
42 156
42 159
42 161
42 162
42 164
42 165
42 179
42 181
42 184
42 197
42 204
42 211
42 216
42 221
42 225
42 227
42 242
42 244
42 261
42 262
42 288
42 289
42 296
43 54
43 55
43 56
43 57
43 58
43 59
43 60
43 61
43 62
43 63
43 64
43 68
43 69
43 70
43 71
43 72
43 74
43 75
43 76
43 77
43 80
43 81
43 82
43 83
43 84
43 86
43 88
43 89
43 90
43 91
43 92
43 94
43 95
43 98
43 102
43 103
43 108
43 112
43 116
43 118
43 121
43 128
43 130
43 132
43 134
43 136
43 141
43 144
43 159
43 163
43 167
43 169
43 173
43 177
43 181
43 186
43 188
43 191
43 193
43 195
43 200
43 204
43 206
43 208
43 211
43 217
43 222
43 230
43 234
43 245
43 263
43 270
43 272
43 283
43 289
43 298
43 52
44 54
44 55
44 56
44 57
44 58
44 60
44 61
44 62
44 63
44 64
44 65
44 66
44 67
44 68
44 70
44 71
44 73
44 74
44 75
44 77
44 78
44 79
44 80
44 83
44 87
44 89
44 91
44 92
44 94
44 95
44 96
44 98
44 100
44 102
44 104
44 106
44 109
44 110
44 114
44 117
44 119
44 120
44 127
44 129
44 130
44 132
44 137
44 138
44 151
44 157
44 160
44 164
44 171
44 176
44 179
44 180
44 181
44 191
44 195
44 199
44 202
44 205
44 210
44 217
44 227
44 235
44 239
44 251
44 256
44 260
44 269
44 288
44 290
44 291
45 54
45 55
45 56
45 57
45 59
45 60
45 61
45 62
45 63
45 64
45 65
45 66
45 67
45 72
45 73
45 75
45 80
45 83
45 85
45 87
45 88
45 89
45 92
45 95
45 97
45 98
45 102
45 103
45 105
45 106
45 113
45 114
45 115
45 120
45 123
45 124
45 125
45 133
45 134
45 137
45 143
45 145
45 148
45 150
45 154
45 155
45 162
45 164
45 169
45 172
45 173
45 181
45 185
45 190
45 194
45 199
45 204
45 215
45 218
45 219
45 223
45 230
45 240
45 245
45 246
45 257
45 265
45 266
45 269
45 270
45 274
45 281
45 283
45 287
46 54
46 55
46 56
46 57
46 58
46 59
46 60
46 63
46 66
46 67
46 69
46 70
46 73
46 74
46 75
46 77
46 78
46 81
46 88
46 89
46 92
46 93
46 94
46 97
46 98
46 102
46 110
46 121
46 124
46 139
46 142
46 146
46 147
46 155
46 160
46 176
46 177
46 188
46 201
46 202
46 207
46 214
46 237
46 239
46 254
46 259
46 262
46 263
46 267
46 288
46 289
46 116
47 54
47 55
47 56
47 58
47 59
47 61
47 64
47 66
47 68
47 69
47 71
47 72
47 76
47 80
47 87
47 89
47 96
47 97
47 110
47 111
47 114
47 117
47 118
47 122
47 130
47 131
47 138
47 143
47 146
47 152
47 157
47 159
47 160
47 161
47 171
47 173
47 175
47 179
47 195
47 196
47 201
47 205
47 211
47 235
47 236
47 241
47 245
47 267
47 270
47 295
47 297
48 54
48 55
48 56
48 57
48 58
48 59
48 60
48 61
48 62
48 63
48 64
48 65
48 66
48 68
48 69
48 70
48 71
48 72
48 73
48 76
48 78
48 80
48 81
48 82
48 84
48 85
48 86
48 87
48 89
48 91
48 93
48 98
48 101
48 104
48 105
48 107
48 108
48 112
48 114
48 118
48 120
48 121
48 125
48 126
48 128
48 130
48 137
48 138
48 142
48 143
48 146
48 163
48 167
48 168
48 177
48 178
48 182
48 186
48 190
48 193
48 194
48 196
48 208
48 215
48 224
48 233
48 239
48 242
48 244
48 245
48 247
48 258
48 264
48 270
48 271
48 272
48 273
48 294
48 295
48 299
49 54
49 55
49 56
49 57
49 59
49 60
49 61
49 62
49 65
49 66
49 68
49 70
49 71
49 72
49 77
49 78
49 79
49 81
49 82
49 83
49 84
49 85
49 90
49 93
49 98
49 100
49 104
49 105
49 111
49 116
49 118
49 123
49 124
49 128
49 129
49 132
49 134
49 139
49 140
49 146
49 147
49 148
49 154
49 169
49 173
49 176
49 189
49 190
49 191
49 192
49 195
49 197
49 199
49 203
49 206
49 210
49 219
49 222
49 228
49 243
49 244
49 247
49 264
49 277
49 282
49 295
50 54
50 55
50 56
50 57
50 58
50 59
50 60
50 61
50 62
50 64
50 65
50 66
50 68
50 69
50 72
50 74
50 75
50 77
50 78
50 80
50 82
50 89
50 90
50 91
50 94
50 95
50 98
50 101
50 105
50 106
50 110
50 111
50 115
50 118
50 125
50 126
50 127
50 130
50 133
50 142
50 143
50 144
50 145
50 151
50 152
50 155
50 157
50 168
50 176
50 178
50 185
50 190
50 199
50 200
50 201
50 202
50 203
50 208
50 211
50 215
50 217
50 226
50 228
50 235
50 244
50 248
50 253
50 255
50 265
50 266
50 276
50 277
50 284
50 286
50 287
50 298
51 54
51 55
51 56
51 57
51 58
51 59
51 60
51 61
51 62
51 63
51 64
51 65
51 66
51 68
51 69
51 70
51 73
51 76
51 79
51 81
51 82
51 83
51 89
51 91
51 92
51 94
51 96
51 97
51 98
51 99
51 103
51 105
51 108
51 109
51 111
51 113
51 117
51 118
51 121
51 128
51 130
51 133
51 134
51 135
51 137
51 141
51 150
51 151
51 152
51 153
51 154
51 155
51 156
51 161
51 162
51 164
51 166
51 167
51 171
51 174
51 181
51 182
51 183
51 192
51 193
51 194
51 200
51 202
51 203
51 204
51 207
51 230
51 232
51 234
51 239
51 243
51 246
51 257
51 260
51 263
51 264
51 268
51 269
51 273
51 285
51 299
52 54
52 55
52 56
52 57
52 58
52 59
52 60
52 61
52 62
52 65
52 66
52 68
52 69
52 71
52 74
52 76
52 79
52 80
52 83
52 85
52 86
52 87
52 93
52 94
52 95
52 96
52 100
52 101
52 107
52 114
52 118
52 121
52 122
52 123
52 126
52 131
52 132
52 134
52 141
52 156
52 158
52 162
52 166
52 168
52 175
52 182
52 185
52 189
52 203
52 223
52 227
52 235
52 244
52 254
52 258
52 264
52 270
52 285
52 286
52 290
52 295
52 298
53 54
53 55
53 56
53 57
53 58
53 59
53 60
53 61
53 62
53 63
53 64
53 65
53 66
53 67
53 68
53 69
53 70
53 71
53 72
53 73
53 76
53 77
53 79
53 80
53 84
53 85
53 86
53 87
53 88
53 89
53 91
53 93
53 95
53 97
53 98
53 99
53 101
53 102
53 105
53 106
53 107
53 108
53 109
53 110
53 116
53 117
53 119
53 123
53 125
53 127
53 130
53 131
53 133
53 134
53 135
53 139
53 143
53 145
53 149
53 156
53 157
53 163
53 166
53 169
53 175
53 178
53 183
53 188
53 194
53 213
53 221
53 222
53 223
53 225
53 226
53 233
53 234
53 246
53 251
53 252
53 258
53 264
53 282
53 288
53 292
53 297
53 81
54 55
54 56
54 57
54 58
54 59
54 60
54 61
54 62
54 63
54 64
54 65
54 66
54 67
54 68
54 69
54 70
54 71
54 72
54 73
54 74
54 75
54 76
54 77
54 78
54 79
54 80
54 81
54 82
54 83
54 84
54 85
54 86
54 88
54 89
54 90
54 91
54 92
54 93
54 94
54 95
54 96
54 97
54 98
54 99
54 100
54 101
54 102
54 103
54 104
54 105
54 106
54 107
54 109
54 110
54 114
54 115
54 116
54 118
54 119
54 120
54 121
54 122
54 123
54 127
54 130
54 131
54 133
54 135
54 138
54 139
54 140
54 141
54 143
54 144
54 145
54 146
54 147
54 150
54 152
54 153
54 154
54 156
54 157
54 159
54 160
54 162
54 163
54 165
54 166
54 169
54 170
54 171
54 172
54 174
54 176
54 177
54 178
54 181
54 182
54 186
54 188
54 190
54 193
54 194
54 195
54 198
54 202
54 208
54 210
54 211
54 212
54 224
54 228
54 229
54 230
54 231
54 232
54 238
54 240
54 241
54 242
54 244
54 247
54 248
54 250
54 252
54 254
54 255
54 256
54 259
54 262
54 264
54 265
54 266
54 271
54 273
54 274
54 279
54 283
54 291
54 292
54 299
55 56
55 57
55 58
55 59
55 60
55 61
55 62
55 63
55 64
55 65
55 66
55 67
55 68
55 69
55 70
55 71
55 72
55 73
55 74
55 75
55 76
55 77
55 78
55 79
55 80
55 81
55 82
55 83
55 84
55 85
55 86
55 87
55 88
55 90
55 91
55 92
55 93
55 94
55 95
55 97
55 98
55 99
55 100
55 102
55 103
55 104
55 105
55 106
55 107
55 109
55 110
55 111
55 112
55 113
55 114
55 115
55 116
55 118
55 119
55 120
55 122
55 123
55 125
55 126
55 127
55 128
55 129
55 130
55 131
55 133
55 134
55 135
55 142
55 143
55 148
55 149
55 150
55 152
55 153
55 154
55 155
55 156
55 157
55 158
55 159
55 161
55 163
55 164
55 165
55 169
55 171
55 172
55 174
55 177
55 179
55 180
55 181
55 188
55 189
55 190
55 191
55 192
55 193
55 194
55 195
55 196
55 197
55 199
55 200
55 201
55 210
55 215
55 216
55 218
55 219
55 220
55 221
55 224
55 225
55 229
55 231
55 232
55 234
55 237
55 241
55 242
55 247
55 252
55 253
55 257
55 258
55 261
55 263
55 265
55 267
55 270
55 272
55 274
55 278
55 280
55 281
55 285
55 287
55 290
55 293
55 295
55 296
55 297
56 57
56 58
56 59
56 60
56 61
56 62
56 63
56 64
56 65
56 66
56 67
56 68
56 69
56 70
56 71
56 72
56 73
56 74
56 75
56 76
56 77
56 79
56 80
56 81
56 82
56 83
56 84
56 85
56 87
56 88
56 89
56 90
56 91
56 92
56 93
56 94
56 96
56 97
56 98
56 100
56 101
56 102
56 103
56 104
56 105
56 106
56 107
56 109
56 110
56 112
56 114
56 115
56 116
56 117
56 119
56 120
56 121
56 124
56 127
56 128
56 129
56 130
56 131
56 133
56 134
56 135
56 136
56 137
56 140
56 143
56 144
56 146
56 147
56 152
56 153
56 154
56 156
56 161
56 162
56 163
56 165
56 166
56 170
56 173
56 178
56 181
56 183
56 185
56 186
56 187
56 189
56 190
56 192
56 194
56 198
56 200
56 201
56 204
56 206
56 207
56 209
56 210
56 211
56 212
56 213
56 214
56 215
56 217
56 218
56 219
56 221
56 225
56 227
56 228
56 229
56 230
56 232
56 239
56 242
56 243
56 244
56 245
56 248
56 250
56 252
56 253
56 260
56 262
56 264
56 266
56 267
56 274
56 278
56 280
56 281
56 284
56 286
56 289
56 290
56 298
57 58
57 59
57 60
57 61
57 62
57 63
57 64
57 65
57 66
57 67
57 68
57 69
57 70
57 71
57 72
57 73
57 74
57 75
57 76
57 77
57 78
57 79
57 80
57 81
57 82
57 83
57 84
57 85
57 86
57 87
57 88
57 89
57 90
57 92
57 93
57 94
57 95
57 96
57 97
57 98
57 99
57 101
57 102
57 103
57 104
57 105
57 106
57 107
57 109
57 110
57 112
57 113
57 114
57 115
57 116
57 117
57 118
57 119
57 120
57 122
57 125
57 126
57 130
57 132
57 133
57 136
57 137
57 139
57 140
57 141
57 142
57 144
57 146
57 147
57 151
57 152
57 154
57 155
57 159
57 160
57 161
57 162
57 163
57 168
57 169
57 170
57 171
57 172
57 175
57 177
57 178
57 179
57 180
57 182
57 183
57 184
57 185
57 186
57 189
57 190
57 191
57 193
57 194
57 196
57 197
57 198
57 201
57 205
57 207
57 208
57 209
57 210
57 212
57 213
57 214
57 217
57 218
57 220
57 224
57 225
57 227
57 229
57 234
57 235
57 236
57 237
57 240
57 241
57 242
57 246
57 247
57 249
57 250
57 252
57 253
57 254
57 262
57 263
57 264
57 265
57 266
57 268
57 269
57 276
57 279
57 281
57 282
57 283
57 290
57 291
57 293
57 295
57 297
57 298
57 299
58 59
58 60
58 61
58 62
58 63
58 64
58 65
58 66
58 67
58 68
58 69
58 70
58 71
58 72
58 73
58 74
58 75
58 76
58 77
58 78
58 79
58 80
58 81
58 82
58 83
58 84
58 86
58 87
58 88
58 89
58 90
58 91
58 93
58 94
58 96
58 97
58 98
58 99
58 101
58 103
58 104
58 106
58 107
58 110
58 111
58 113
58 114
58 116
58 117
58 119
58 121
58 122
58 123
58 124
58 127
58 128
58 130
58 131
58 133
58 134
58 135
58 136
58 139
58 140
58 141
58 142
58 143
58 144
58 145
58 146
58 148
58 149
58 150
58 151
58 152
58 153
58 154
58 161
58 162
58 165
58 166
58 168
58 169
58 172
58 173
58 174
58 176
58 179
58 180
58 181
58 183
58 186
58 187
58 188
58 193
58 197
58 198
58 201
58 204
58 205
58 206
58 207
58 208
58 211
58 213
58 214
58 218
58 222
58 226
58 227
58 228
58 231
58 232
58 235
58 238
58 242
58 243
58 244
58 245
58 248
58 256
58 259
58 261
58 262
58 265
58 266
58 268
58 269
58 270
58 277
58 279
58 280
58 282
58 284
58 286
58 292
59 60
59 61
59 62
59 63
59 64
59 65
59 66
59 67
59 68
59 69
59 70
59 71
59 72
59 73
59 74
59 75
59 76
59 77
59 78
59 79
59 80
59 81
59 82
59 83
59 84
59 85
59 86
59 87
59 88
59 89
59 90
59 91
59 92
59 93
59 94
59 96
59 98
59 99
59 100
59 101
59 103
59 104
59 105
59 106
59 109
59 110
59 111
59 112
59 113
59 115
59 116
59 117
59 118
59 119
59 120
59 122
59 123
59 124
59 126
59 128
59 129
59 130
59 131
59 133
59 134
59 135
59 136
59 138
59 139
59 140
59 141
59 142
59 146
59 147
59 148
59 149
59 150
59 151
59 154
59 155
59 158
59 161
59 162
59 165
59 168
59 169
59 171
59 173
59 176
59 180
59 182
59 183
59 184
59 185
59 188
59 190
59 191
59 194
59 196
59 198
59 204
59 206
59 207
59 209
59 211
59 212
59 213
59 214
59 218
59 220
59 222
59 224
59 229
59 230
59 232
59 233
59 234
59 235
59 236
59 240
59 241
59 244
59 246
59 247
59 249
59 250
59 256
59 259
59 266
59 267
59 269
59 271
59 275
59 278
59 279
59 283
59 284
59 286
59 288
59 294
60 61
60 62
60 63
60 64
60 65
60 66
60 67
60 68
60 69
60 70
60 71
60 72
60 73
60 74
60 75
60 76
60 77
60 78
60 79
60 80
60 81
60 82
60 83
60 84
60 85
60 86
60 87
60 88
60 89
60 90
60 91
60 92
60 93
60 95
60 96
60 99
60 100
60 101
60 104
60 105
60 106
60 107
60 108
60 111
60 112
60 113
60 114
60 117
60 119
60 121
60 123
60 126
60 129
60 130
60 131
60 132
60 133
60 138
60 145
60 146
60 147
60 149
60 150
60 151
60 152
60 153
60 154
60 156
60 157
60 158
60 160
60 162
60 163
60 164
60 165
60 166
60 167
60 169
60 170
60 171
60 172
60 173
60 175
60 176
60 178
60 179
60 181
60 183
60 184
60 187
60 188
60 189
60 190
60 192
60 195
60 196
60 198
60 199
60 203
60 206
60 208
60 210
60 212
60 215
60 217
60 219
60 220
60 221
60 224
60 230
60 233
60 235
60 239
60 240
60 244
60 247
60 251
60 253
60 256
60 260
60 263
60 264
60 265
60 267
60 272
60 273
60 274
60 275
60 278
60 279
60 282
60 283
60 284
60 285
60 290
60 291
60 298
60 299
61 62
61 63
61 64
61 65
61 66
61 67
61 68
61 69
61 70
61 71
61 72
61 73
61 74
61 75
61 76
61 77
61 78
61 79
61 80
61 81
61 82
61 83
61 84
61 85
61 86
61 87
61 88
61 90
61 91
61 92
61 95
61 96
61 97
61 98
61 99
61 100
61 101
61 102
61 103
61 104
61 106
61 107
61 108
61 109
61 111
61 112
61 114
61 115
61 118
61 119
61 120
61 123
61 124
61 125
61 127
61 131
61 132
61 134
61 136
61 137
61 138
61 140
61 143
61 144
61 145
61 146
61 147
61 148
61 156
61 157
61 159
61 162
61 163
61 164
61 166
61 168
61 170
61 171
61 174
61 176
61 179
61 180
61 181
61 182
61 183
61 185
61 188
61 189
61 193
61 194
61 196
61 197
61 198
61 199
61 202
61 206
61 211
61 212
61 214
61 215
61 222
61 223
61 225
61 227
61 228
61 230
61 232
61 236
61 238
61 239
61 240
61 246
61 253
61 256
61 259
61 264
61 265
61 270
61 271
61 273
61 274
61 277
61 279
61 280
61 281
61 286
61 292
61 298
61 299
62 63
62 64
62 65
62 66
62 67
62 68
62 69
62 70
62 71
62 72
62 73
62 74
62 75
62 76
62 77
62 78
62 79
62 80
62 81
62 82
62 84
62 85
62 86
62 87
62 88
62 89
62 90
62 91
62 93
62 94
62 95
62 98
62 99
62 101
62 102
62 103
62 104
62 105
62 107
62 108
62 110
62 111
62 112
62 113
62 116
62 118
62 120
62 121
62 122
62 124
62 125
62 126
62 127
62 128
62 129
62 131
62 132
62 134
62 136
62 137
62 141
62 142
62 143
62 145
62 146
62 147
62 148
62 149
62 150
62 152
62 154
62 156
62 157
62 158
62 159
62 160
62 163
62 170
62 173
62 176
62 180
62 181
62 182
62 183
62 185
62 188
62 189
62 192
62 195
62 197
62 198
62 204
62 205
62 206
62 209
62 211
62 214
62 216
62 219
62 220
62 222
62 224
62 228
62 233
62 239
62 240
62 241
62 243
62 244
62 246
62 247
62 251
62 252
62 254
62 256
62 263
62 266
62 273
62 278
62 279
62 280
62 282
62 284
62 285
62 286
62 287
62 290
62 291
62 292
62 293
63 64
63 65
63 66
63 67
63 68
63 69
63 70
63 71
63 72
63 73
63 74
63 75
63 76
63 77
63 78
63 79
63 80
63 81
63 82
63 83
63 84
63 85
63 86
63 88
63 89
63 90
63 91
63 92
63 93
63 95
63 96
63 97
63 100
63 101
63 103
63 104
63 105
63 106
63 107
63 108
63 109
63 110
63 111
63 113
63 114
63 115
63 116
63 117
63 119
63 121
63 122
63 123
63 125
63 126
63 127
63 129
63 132
63 135
63 136
63 137
63 138
63 139
63 140
63 141
63 142
63 143
63 145
63 149
63 150
63 154
63 155
63 157
63 161
63 166
63 167
63 168
63 172
63 174
63 175
63 182
63 183
63 186
63 187
63 189
63 191
63 195
63 196
63 199
63 200
63 203
63 205
63 208
63 211
63 216
63 217
63 220
63 225
63 226
63 227
63 228
63 230
63 235
63 237
63 238
63 240
63 241
63 243
63 248
63 250
63 251
63 255
63 259
63 260
63 262
63 263
63 264
63 265
63 266
63 268
63 271
63 272
63 274
63 276
63 278
63 285
63 286
63 287
63 289
63 293
63 294
63 295
63 296
64 65
64 66
64 67
64 68
64 69
64 70
64 71
64 72
64 73
64 74
64 75
64 76
64 77
64 78
64 79
64 80
64 81
64 82
64 83
64 84
64 85
64 86
64 87
64 88
64 90
64 91
64 92
64 94
64 96
64 97
64 99
64 100
64 101
64 104
64 105
64 106
64 108
64 109
64 110
64 111
64 112
64 113
64 114
64 116
64 117
64 119
64 120
64 122
64 124
64 125
64 130
64 132
64 134
64 135
64 138
64 139
64 142
64 143
64 145
64 146
64 148
64 151
64 154
64 156
64 157
64 158
64 159
64 160
64 162
64 163
64 164
64 167
64 168
64 172
64 174
64 175
64 181
64 183
64 184
64 189
64 194
64 197
64 201
64 207
64 209
64 212
64 213
64 214
64 216
64 218
64 219
64 220
64 221
64 223
64 226
64 227
64 229
64 236
64 238
64 239
64 241
64 243
64 245
64 246
64 249
64 250
64 251
64 254
64 255
64 256
64 258
64 261
64 263
64 264
64 268
64 270
64 271
64 279
64 280
64 282
64 288
64 290
64 291
64 293
64 294
64 296
64 297
64 299
65 66
65 67
65 68
65 69
65 70
65 71
65 72
65 73
65 74
65 75
65 77
65 78
65 79
65 80
65 81
65 82
65 83
65 84
65 85
65 86
65 87
65 88
65 89
65 90
65 91
65 92
65 93
65 94
65 95
65 97
65 99
65 100
65 102
65 103
65 105
65 106
65 107
65 108
65 110
65 112
65 113
65 114
65 119
65 120
65 121
65 122
65 123
65 125
65 126
65 127
65 128
65 129
65 130
65 132
65 137
65 139
65 145
65 147
65 148
65 149
65 150
65 151
65 152
65 153
65 154
65 159
65 160
65 161
65 163
65 164
65 165
65 166
65 167
65 169
65 172
65 173
65 178
65 179
65 185
65 189
65 190
65 192
65 196
65 198
65 200
65 206
65 207
65 209
65 216
65 217
65 219
65 223
65 226
65 227
65 233
65 236
65 240
65 242
65 243
65 250
65 252
65 256
65 257
65 258
65 260
65 262
65 263
65 264
65 268
65 271
65 274
65 276
65 280
65 281
65 286
65 289
65 291
65 294
65 296
66 67
66 68
66 69
66 70
66 71
66 72
66 73
66 74
66 75
66 76
66 77
66 78
66 79
66 80
66 81
66 83
66 84
66 85
66 86
66 87
66 88
66 89
66 90
66 91
66 92
66 93
66 94
66 95
66 96
66 97
66 98
66 99
66 100
66 101
66 102
66 103
66 106
66 107
66 109
66 111
66 112
66 113
66 114
66 116
66 117
66 118
66 119
66 120
66 122
66 123
66 124
66 125
66 128
66 129
66 130
66 131
66 133
66 135
66 137
66 139
66 142
66 144
66 145
66 147
66 150
66 151
66 152
66 153
66 159
66 161
66 163
66 165
66 168
66 169
66 174
66 176
66 177
66 179
66 184
66 188
66 189
66 190
66 192
66 193
66 195
66 197
66 198
66 200
66 201
66 209
66 212
66 214
66 217
66 218
66 221
66 224
66 226
66 229
66 238
66 242
66 244
66 254
66 257
66 258
66 259
66 261
66 262
66 266
66 268
66 271
66 273
66 275
66 278
66 279
66 291
66 293
66 299
66 82
67 68
67 69
67 70
67 71
67 72
67 73
67 74
67 75
67 76
67 77
67 78
67 79
67 80
67 82
67 83
67 84
67 85
67 86
67 87
67 88
67 89
67 90
67 91
67 92
67 94
67 95
67 96
67 97
67 98
67 99
67 100
67 101
67 102
67 103
67 104
67 106
67 107
67 108
67 110
67 111
67 112
67 113
67 114
67 115
67 118
67 119
67 121
67 122
67 124
67 125
67 126
67 127
67 128
67 129
67 130
67 132
67 133
67 134
67 136
67 137
67 140
67 141
67 143
67 144
67 146
67 149
67 150
67 151
67 154
67 156
67 158
67 159
67 160
67 162
67 163
67 164
67 166
67 169
67 172
67 174
67 175
67 176
67 177
67 178
67 179
67 181
67 182
67 183
67 184
67 186
67 190
67 194
67 195
67 198
67 202
67 203
67 204
67 207
67 208
67 211
67 213
67 214
67 215
67 216
67 217
67 220
67 224
67 225
67 226
67 228
67 229
67 236
67 237
67 239
67 246
67 248
67 249
67 252
67 254
67 257
67 262
67 265
67 267
67 268
67 269
67 271
67 276
67 280
67 281
67 283
67 288
67 293
67 295
67 296
67 298
68 69
68 70
68 71
68 72
68 73
68 74
68 75
68 76
68 77
68 78
68 79
68 80
68 81
68 82
68 83
68 84
68 85
68 87
68 88
68 89
68 91
68 92
68 93
68 94
68 96
68 97
68 98
68 99
68 100
68 101
68 102
68 103
68 104
68 105
68 106
68 107
68 108
68 109
68 110
68 112
68 114
68 115
68 116
68 123
68 124
68 125
68 126
68 127
68 128
68 130
68 132
68 133
68 135
68 137
68 140
68 141
68 143
68 147
68 149
68 151
68 155
68 156
68 157
68 159
68 160
68 162
68 166
68 167
68 168
68 169
68 173
68 175
68 177
68 179
68 182
68 183
68 185
68 186
68 191
68 193
68 195
68 196
68 198
68 202
68 203
68 205
68 206
68 209
68 214
68 215
68 216
68 217
68 218
68 219
68 222
68 223
68 224
68 226
68 231
68 232
68 233
68 236
68 238
68 241
68 242
68 248
68 252
68 253
68 254
68 258
68 263
68 266
68 267
68 270
68 272
68 276
68 278
68 280
68 281
68 288
68 293
68 295
68 296
69 70
69 71
69 72
69 73
69 74
69 75
69 76
69 79
69 80
69 81
69 83
69 84
69 85
69 86
69 87
69 88
69 90
69 91
69 93
69 94
69 95
69 96
69 97
69 98
69 101
69 102
69 103
69 104
69 106
69 107
69 108
69 109
69 111
69 113
69 114
69 116
69 117
69 120
69 121
69 122
69 123
69 124
69 125
69 127
69 129
69 130
69 131
69 132
69 134
69 135
69 136
69 139
69 140
69 144
69 145
69 146
69 148
69 149
69 150
69 151
69 152
69 153
69 155
69 157
69 158
69 163
69 164
69 167
69 169
69 171
69 174
69 176
69 178
69 184
69 185
69 186
69 191
69 192
69 193
69 196
69 197
69 198
69 201
69 202
69 203
69 205
69 207
69 210
69 213
69 219
69 221
69 224
69 226
69 227
69 230
69 233
69 234
69 236
69 237
69 238
69 245
69 246
69 250
69 252
69 253
69 254
69 257
69 259
69 260
69 261
69 266
69 269
69 270
69 271
69 272
69 277
69 279
69 280
69 283
69 286
69 287
69 294
69 298
69 299
70 71
70 72
70 73
70 74
70 75
70 76
70 77
70 78
70 79
70 80
70 81
70 82
70 83
70 84
70 85
70 86
70 87
70 88
70 90
70 91
70 92
70 93
70 94
70 95
70 96
70 98
70 99
70 100
70 101
70 102
70 103
70 105
70 107
70 109
70 110
70 112
70 114
70 115
70 117
70 121
70 122
70 124
70 128
70 129
70 130
70 131
70 132
70 134
70 135
70 136
70 138
70 139
70 140
70 141
70 143
70 144
70 145
70 147
70 148
70 151
70 152
70 153
70 154
70 156
70 158
70 159
70 162
70 166
70 171
70 174
70 175
70 176
70 179
70 180
70 183
70 184
70 185
70 186
70 187
70 191
70 192
70 193
70 194
70 197
70 200
70 202
70 206
70 207
70 208
70 209
70 210
70 211
70 213
70 214
70 215
70 224
70 226
70 229
70 230
70 234
70 235
70 239
70 242
70 243
70 244
70 245
70 250
70 257
70 258
70 262
70 269
70 272
70 276
70 280
70 281
70 282
70 283
70 284
70 285
70 286
70 287
70 290
70 292
70 299
71 72
71 73
71 74
71 75
71 76
71 77
71 79
71 80
71 81
71 84
71 85
71 87
71 88
71 89
71 90
71 91
71 92
71 94
71 95
71 97
71 98
71 99
71 101
71 103
71 104
71 105
71 106
71 107
71 108
71 109
71 111
71 112
71 113
71 114
71 115
71 116
71 119
71 120
71 122
71 125
71 126
71 128
71 129
71 131
71 133
71 136
71 137
71 138
71 139
71 141
71 143
71 144
71 145
71 148
71 150
71 151
71 153
71 154
71 157
71 159
71 160
71 162
71 163
71 164
71 165
71 166
71 167
71 168
71 169
71 170
71 173
71 174
71 176
71 179
71 180
71 182
71 184
71 185
71 186
71 193
71 196
71 198
71 200
71 201
71 202
71 204
71 206
71 208
71 210
71 214
71 216
71 218
71 224
71 227
71 228
71 229
71 232
71 238
71 249
71 250
71 254
71 257
71 259
71 260
71 261
71 262
71 265
71 268
71 269
71 271
71 272
71 275
71 279
71 284
71 285
71 287
71 291
71 292
71 294
72 73
72 74
72 75
72 77
72 78
72 79
72 80
72 81
72 82
72 83
72 84
72 87
72 89
72 90
72 92
72 94
72 96
72 97
72 100
72 101
72 102
72 104
72 106
72 107
72 108
72 109
72 110
72 112
72 113
72 115
72 116
72 117
72 119
72 120
72 121
72 122
72 123
72 124
72 125
72 127
72 128
72 134
72 137
72 138
72 139
72 141
72 142
72 149
72 152
72 153
72 154
72 158
72 160
72 165
72 166
72 167
72 169
72 171
72 174
72 175
72 177
72 179
72 181
72 183
72 184
72 185
72 186
72 187
72 192
72 193
72 194
72 197
72 200
72 210
72 217
72 218
72 219
72 222
72 224
72 225
72 226
72 229
72 234
72 235
72 240
72 241
72 244
72 246
72 253
72 255
72 259
72 260
72 263
72 268
72 269
72 270
72 271
72 275
72 277
72 284
72 286
72 290
72 293
72 294
73 74
73 75
73 76
73 77
73 78
73 79
73 80
73 81
73 82
73 85
73 86
73 87
73 88
73 90
73 91
73 92
73 93
73 94
73 95
73 96
73 97
73 98
73 100
73 102
73 103
73 104
73 105
73 109
73 110
73 112
73 114
73 116
73 117
73 119
73 120
73 121
73 123
73 124
73 126
73 127
73 134
73 135
73 136
73 139
73 140
73 142
73 143
73 145
73 146
73 149
73 150
73 151
73 152
73 153
73 155
73 156
73 160
73 162
73 165
73 173
73 177
73 179
73 182
73 183
73 187
73 191
73 198
73 201
73 202
73 203
73 204
73 205
73 213
73 214
73 219
73 221
73 222
73 226
73 227
73 228
73 231
73 233
73 237
73 238
73 241
73 242
73 243
73 246
73 251
73 252
73 257
73 261
73 268
73 273
73 274
73 276
73 284
73 285
73 291
73 292
73 297
73 299
73 172
73 108
74 75
74 76
74 77
74 78
74 79
74 80
74 81
74 82
74 83
74 84
74 85
74 86
74 88
74 91
74 92
74 93
74 98
74 99
74 100
74 101
74 102
74 103
74 104
74 105
74 107
74 108
74 109
74 110
74 111
74 116
74 117
74 118
74 119
74 120
74 121
74 123
74 125
74 126
74 128
74 129
74 130
74 135
74 137
74 138
74 139
74 140
74 142
74 143
74 144
74 150
74 156
74 157
74 158
74 160
74 161
74 163
74 164
74 165
74 168
74 169
74 170
74 171
74 178
74 180
74 181
74 183
74 187
74 188
74 189
74 193
74 194
74 201
74 203
74 205
74 206
74 209
74 212
74 213
74 217
74 221
74 225
74 226
74 227
74 238
74 240
74 241
74 247
74 251
74 253
74 254
74 267
74 271
74 274
74 284
74 289
74 295
75 76
75 77
75 78
75 79
75 80
75 81
75 82
75 83
75 84
75 85
75 86
75 87
75 88
75 89
75 90
75 91
75 92
75 94
75 95
75 96
75 97
75 98
75 99
75 101
75 102
75 104
75 105
75 106
75 107
75 110
75 112
75 113
75 115
75 119
75 121
75 124
75 129
75 130
75 131
75 133
75 134
75 135
75 136
75 140
75 141
75 143
75 146
75 147
75 148
75 150
75 151
75 156
75 158
75 161
75 162
75 163
75 164
75 166
75 168
75 169
75 171
75 172
75 177
75 184
75 187
75 189
75 191
75 192
75 195
75 199
75 201
75 202
75 203
75 205
75 207
75 209
75 212
75 213
75 214
75 216
75 229
75 233
75 236
75 237
75 240
75 243
75 246
75 251
75 255
75 265
75 272
75 277
75 282
75 284
75 285
75 286
75 287
75 292
75 295
75 296
76 77
76 78
76 79
76 80
76 81
76 82
76 83
76 84
76 85
76 86
76 87
76 88
76 89
76 90
76 91
76 92
76 93
76 94
76 97
76 98
76 99
76 100
76 102
76 103
76 104
76 105
76 106
76 107
76 108
76 109
76 110
76 111
76 112
76 113
76 116
76 117
76 118
76 119
76 121
76 122
76 123
76 124
76 125
76 126
76 127
76 133
76 137
76 138
76 140
76 142
76 143
76 149
76 150
76 151
76 152
76 153
76 154
76 155
76 156
76 158
76 159
76 160
76 162
76 164
76 165
76 167
76 168
76 174
76 175
76 178
76 183
76 184
76 187
76 195
76 197
76 201
76 203
76 204
76 206
76 207
76 211
76 215
76 224
76 226
76 227
76 229
76 230
76 231
76 233
76 237
76 241
76 242
76 247
76 248
76 254
76 256
76 259
76 260
76 262
76 267
76 269
76 271
76 276
76 277
76 279
76 281
76 282
76 283
76 287
76 291
76 293
76 296
76 299
76 139
77 78
77 79
77 80
77 82
77 83
77 84
77 85
77 86
77 87
77 88
77 89
77 90
77 93
77 94
77 95
77 96
77 97
77 98
77 99
77 102
77 103
77 104
77 105
77 107
77 109
77 111
77 112
77 113
77 114
77 116
77 117
77 118
77 121
77 122
77 123
77 124
77 125
77 127
77 128
77 129
77 130
77 131
77 134
77 136
77 138
77 139
77 140
77 145
77 148
77 149
77 150
77 152
77 157
77 160
77 163
77 165
77 167
77 170
77 171
77 174
77 179
77 180
77 181
77 184
77 186
77 188
77 189
77 191
77 195
77 196
77 197
77 200
77 203
77 206
77 210
77 212
77 214
77 218
77 220
77 223
77 225
77 227
77 228
77 229
77 232
77 233
77 239
77 245
77 248
77 249
77 250
77 251
77 253
77 255
77 256
77 257
77 260
77 263
77 266
77 268
77 272
77 273
77 276
77 279
77 282
77 283
77 288
77 295
77 296
78 79
78 80
78 82
78 83
78 84
78 85
78 86
78 88
78 90
78 92
78 93
78 94
78 95
78 96
78 97
78 98
78 99
78 100
78 101
78 102
78 103
78 104
78 105
78 109
78 110
78 113
78 117
78 118
78 119
78 120
78 121
78 122
78 124
78 125
78 128
78 134
78 135
78 137
78 138
78 139
78 140
78 141
78 144
78 145
78 147
78 148
78 149
78 151
78 152
78 154
78 155
78 156
78 159
78 160
78 163
78 165
78 166
78 168
78 169
78 171
78 172
78 174
78 177
78 179
78 180
78 181
78 188
78 189
78 195
78 196
78 205
78 207
78 208
78 210
78 212
78 216
78 218
78 221
78 226
78 227
78 237
78 239
78 240
78 245
78 247
78 248
78 253
78 255
78 258
78 259
78 263
78 264
78 271
78 274
78 276
78 277
78 278
78 279
78 281
78 285
78 290
78 291
78 292
78 296
78 299
79 80
79 81
79 82
79 83
79 85
79 86
79 87
79 88
79 90
79 91
79 92
79 93
79 94
79 96
79 97
79 99
79 100
79 101
79 102
79 105
79 107
79 108
79 109
79 110
79 115
79 117
79 118
79 120
79 122
79 124
79 127
79 128
79 129
79 131
79 132
79 133
79 135
79 136
79 137
79 138
79 141
79 143
79 144
79 145
79 146
79 147
79 153
79 154
79 155
79 156
79 157
79 158
79 159
79 160
79 162
79 164
79 166
79 167
79 168
79 172
79 174
79 182
79 186
79 188
79 192
79 194
79 195
79 196
79 198
79 204
79 206
79 208
79 209
79 210
79 211
79 212
79 217
79 222
79 224
79 230
79 232
79 233
79 234
79 240
79 244
79 246
79 255
79 262
79 268
79 270
79 274
79 277
79 280
79 283
79 285
79 288
79 289
79 293
79 295
79 297
79 298
79 299
80 81
80 82
80 83
80 85
80 86
80 88
80 89
80 92
80 93
80 94
80 95
80 96
80 97
80 99
80 101
80 102
80 103
80 104
80 105
80 106
80 108
80 109
80 110
80 111
80 112
80 115
80 116
80 118
80 119
80 121
80 124
80 132
80 136
80 137
80 140
80 141
80 144
80 145
80 148
80 151
80 152
80 153
80 155
80 158
80 160
80 164
80 165
80 166
80 172
80 173
80 176
80 178
80 180
80 182
80 187
80 189
80 190
80 192
80 193
80 196
80 201
80 204
80 206
80 208
80 218
80 220
80 227
80 228
80 229
80 235
80 243
80 251
80 253
80 255
80 256
80 257
80 259
80 260
80 264
80 265
80 269
80 271
80 277
80 282
80 283
80 288
80 295
81 82
81 83
81 84
81 85
81 86
81 87
81 88
81 89
81 90
81 91
81 94
81 95
81 96
81 97
81 101
81 106
81 107
81 108
81 111
81 112
81 113
81 114
81 116
81 117
81 118
81 119
81 120
81 123
81 125
81 126
81 127
81 131
81 132
81 133
81 134
81 136
81 138
81 140
81 142
81 144
81 147
81 148
81 149
81 152
81 155
81 156
81 158
81 159
81 160
81 166
81 167
81 168
81 171
81 172
81 174
81 175
81 178
81 182
81 186
81 188
81 190
81 192
81 193
81 194
81 195
81 198
81 201
81 202
81 205
81 206
81 207
81 210
81 213
81 215
81 217
81 218
81 219
81 220
81 226
81 228
81 235
81 237
81 241
81 244
81 246
81 247
81 250
81 251
81 255
81 258
81 260
81 264
81 266
81 267
81 268
81 269
81 270
81 271
81 272
81 284
81 285
81 290
81 293
81 297
82 84
82 85
82 86
82 87
82 88
82 89
82 90
82 91
82 92
82 93
82 95
82 96
82 97
82 99
82 100
82 102
82 105
82 106
82 108
82 110
82 112
82 114
82 115
82 117
82 119
82 121
82 130
82 131
82 133
82 135
82 136
82 138
82 139
82 141
82 142
82 144
82 147
82 148
82 149
82 151
82 153
82 155
82 158
82 159
82 160
82 164
82 170
82 172
82 173
82 174
82 176
82 180
82 184
82 185
82 186
82 187
82 195
82 196
82 197
82 198
82 199
82 200
82 202
82 211
82 214
82 217
82 219
82 222
82 223
82 226
82 229
82 230
82 234
82 237
82 244
82 250
82 251
82 252
82 253
82 261
82 264
82 267
82 273
82 277
82 280
82 284
82 285
82 291
82 292
82 295
82 297
83 84
83 85
83 86
83 87
83 88
83 89
83 90
83 91
83 92
83 94
83 95
83 96
83 97
83 98
83 99
83 100
83 101
83 104
83 106
83 107
83 109
83 114
83 115
83 116
83 118
83 120
83 121
83 122
83 123
83 125
83 126
83 127
83 128
83 129
83 131
83 132
83 134
83 138
83 139
83 140
83 143
83 146
83 148
83 150
83 154
83 155
83 158
83 159
83 162
83 165
83 166
83 169
83 170
83 174
83 175
83 177
83 181
83 187
83 192
83 193
83 195
83 198
83 200
83 202
83 206
83 208
83 209
83 210
83 211
83 212
83 214
83 216
83 219
83 220
83 223
83 225
83 226
83 228
83 230
83 235
83 236
83 239
83 241
83 243
83 248
83 250
83 252
83 253
83 256
83 257
83 258
83 261
83 262
83 263
83 267
83 269
83 275
83 278
83 279
83 281
83 283
83 288
83 289
83 291
83 295
83 297
84 85
84 86
84 90
84 91
84 92
84 93
84 94
84 96
84 97
84 100
84 108
84 111
84 114
84 115
84 118
84 126
84 127
84 129
84 130
84 132
84 133
84 134
84 136
84 142
84 143
84 144
84 146
84 150
84 152
84 153
84 155
84 156
84 159
84 160
84 161
84 164
84 165
84 166
84 169
84 171
84 172
84 175
84 176
84 183
84 186
84 192
84 195
84 200
84 202
84 204
84 205
84 206
84 208
84 209
84 216
84 218
84 219
84 221
84 228
84 229
84 231
84 232
84 233
84 243
84 246
84 247
84 249
84 251
84 252
84 253
84 257
84 268
84 275
84 276
84 280
84 289
84 297
84 299
85 86
85 87
85 88
85 90
85 91
85 92
85 93
85 95
85 96
85 97
85 100
85 102
85 103
85 104
85 107
85 108
85 109
85 112
85 113
85 115
85 116
85 118
85 122
85 123
85 127
85 128
85 129
85 130
85 132
85 133
85 134
85 136
85 137
85 138
85 139
85 140
85 142
85 148
85 150
85 153
85 161
85 163
85 170
85 171
85 176
85 177
85 179
85 181
85 182
85 189
85 190
85 194
85 196
85 200
85 207
85 212
85 221
85 225
85 229
85 232
85 234
85 235
85 237
85 240
85 241
85 248
85 251
85 253
85 254
85 257
85 261
85 268
85 271
85 272
85 283
85 285
85 287
85 288
85 293
85 295
85 296
85 297
85 299
86 87
86 88
86 89
86 91
86 93
86 95
86 96
86 99
86 100
86 104
86 105
86 106
86 108
86 109
86 111
86 112
86 114
86 116
86 117
86 118
86 119
86 120
86 121
86 125
86 126
86 128
86 129
86 130
86 131
86 133
86 142
86 143
86 145
86 148
86 152
86 158
86 159
86 160
86 162
86 170
86 173
86 174
86 175
86 178
86 181
86 191
86 192
86 199
86 203
86 205
86 206
86 207
86 208
86 210
86 214
86 215
86 223
86 225
86 226
86 236
86 244
86 250
86 252
86 255
86 257
86 261
86 263
86 266
86 268
86 269
86 270
86 271
86 274
86 280
86 281
86 283
86 287
86 292
86 293
86 297
86 299
87 89
87 90
87 91
87 92
87 93
87 94
87 95
87 96
87 97
87 100
87 101
87 102
87 103
87 105
87 108
87 111
87 112
87 113
87 114
87 115
87 116
87 117
87 118
87 120
87 124
87 125
87 126
87 128
87 129
87 130
87 132
87 134
87 136
87 138
87 139
87 140
87 141
87 142
87 143
87 144
87 147
87 148
87 149
87 153
87 155
87 157
87 158
87 159
87 161
87 163
87 167
87 168
87 169
87 170
87 172
87 173
87 174
87 177
87 179
87 180
87 185
87 187
87 189
87 190
87 191
87 193
87 194
87 197
87 199
87 202
87 206
87 207
87 208
87 209
87 211
87 215
87 216
87 220
87 223
87 228
87 231
87 235
87 236
87 238
87 241
87 250
87 251
87 252
87 253
87 259
87 261
87 265
87 267
87 270
87 273
87 274
87 275
87 277
87 281
87 282
87 292
87 293
87 295
87 297
87 298
87 99
88 89
88 90
88 91
88 92
88 95
88 98
88 99
88 100
88 102
88 103
88 107
88 108
88 111
88 112
88 113
88 116
88 118
88 119
88 120
88 122
88 123
88 125
88 127
88 128
88 131
88 133
88 135
88 139
88 140
88 141
88 146
88 149
88 150
88 152
88 153
88 154
88 155
88 158
88 160
88 164
88 169
88 173
88 174
88 176
88 178
88 185
88 188
88 194
88 195
88 197
88 198
88 199
88 203
88 206
88 210
88 211
88 213
88 214
88 218
88 220
88 226
88 228
88 229
88 233
88 234
88 237
88 241
88 244
88 245
88 247
88 249
88 257
88 258
88 259
88 261
88 264
88 269
88 272
88 273
88 274
88 275
88 276
88 279
88 283
88 286
88 290
88 295
88 184
89 90
89 93
89 94
89 95
89 96
89 98
89 99
89 100
89 101
89 102
89 105
89 108
89 109
89 110
89 111
89 113
89 114
89 115
89 121
89 122
89 124
89 125
89 127
89 128
89 129
89 132
89 135
89 137
89 139
89 141
89 142
89 143
89 145
89 147
89 148
89 149
89 150
89 152
89 156
89 157
89 160
89 161
89 164
89 165
89 167
89 168
89 174
89 177
89 178
89 180
89 182
89 184
89 186
89 189
89 191
89 193
89 194
89 196
89 198
89 199
89 206
89 208
89 209
89 210
89 214
89 215
89 217
89 221
89 222
89 228
89 229
89 231
89 233
89 238
89 239
89 242
89 244
89 246
89 248
89 250
89 253
89 255
89 258
89 260
89 265
89 269
89 271
89 272
89 277
89 281
89 282
89 287
89 292
89 296
89 298
90 91
90 92
90 93
90 95
90 96
90 97
90 98
90 99
90 100
90 101
90 102
90 103
90 105
90 106
90 108
90 109
90 113
90 114
90 116
90 118
90 120
90 122
90 124
90 127
90 129
90 130
90 131
90 132
90 133
90 135
90 137
90 139
90 140
90 141
90 144
90 145
90 147
90 153
90 154
90 155
90 157
90 163
90 167
90 168
90 170
90 171
90 174
90 177
90 179
90 182
90 183
90 184
90 194
90 195
90 197
90 198
90 200
90 201
90 206
90 208
90 215
90 217
90 222
90 225
90 226
90 231
90 234
90 235
90 241
90 242
90 246
90 250
90 251
90 254
90 255
90 262
90 270
90 274
90 275
90 276
90 277
90 278
90 283
90 288
90 291
90 293
90 297
91 92
91 93
91 94
91 95
91 97
91 100
91 101
91 102
91 103
91 107
91 109
91 111
91 116
91 118
91 119
91 120
91 123
91 125
91 126
91 128
91 136
91 137
91 138
91 140
91 142
91 144
91 146
91 147
91 150
91 151
91 153
91 155
91 156
91 160
91 162
91 164
91 165
91 167
91 170
91 171
91 175
91 176
91 177
91 180
91 181
91 182
91 184
91 185
91 186
91 188
91 196
91 198
91 199
91 200
91 201
91 205
91 212
91 216
91 217
91 221
91 223
91 227
91 228
91 229
91 230
91 240
91 241
91 248
91 249
91 253
91 254
91 255
91 265
91 276
91 277
91 285
91 286
91 288
91 289
92 93
92 96
92 99
92 101
92 102
92 104
92 108
92 109
92 110
92 111
92 112
92 113
92 117
92 118
92 119
92 122
92 123
92 124
92 126
92 128
92 130
92 135
92 136
92 137
92 138
92 142
92 143
92 144
92 147
92 148
92 149
92 150
92 159
92 161
92 165
92 168
92 171
92 176
92 179
92 182
92 183
92 185
92 188
92 191
92 193
92 194
92 196
92 198
92 202
92 203
92 204
92 206
92 207
92 209
92 211
92 212
92 215
92 219
92 221
92 222
92 228
92 230
92 234
92 235
92 236
92 241
92 244
92 245
92 246
92 248
92 260
92 261
92 263
92 266
92 269
92 272
92 275
92 277
92 279
92 284
92 285
92 292
92 294
92 232
93 94
93 95
93 97
93 98
93 100
93 102
93 103
93 105
93 108
93 110
93 111
93 113
93 114
93 117
93 118
93 119
93 121
93 124
93 125
93 126
93 127
93 131
93 132
93 139
93 140
93 143
93 146
93 147
93 148
93 151
93 153
93 159
93 165
93 168
93 170
93 171
93 175
93 180
93 181
93 182
93 187
93 188
93 191
93 192
93 194
93 195
93 198
93 202
93 206
93 208
93 215
93 218
93 220
93 221
93 223
93 228
93 234
93 235
93 237
93 238
93 239
93 240
93 241
93 252
93 255
93 256
93 258
93 265
93 271
93 276
93 277
93 278
93 279
93 283
93 286
93 293
94 95
94 97
94 98
94 100
94 104
94 105
94 106
94 107
94 111
94 112
94 113
94 114
94 115
94 117
94 121
94 123
94 124
94 126
94 131
94 134
94 135
94 137
94 138
94 139
94 141
94 147
94 148
94 150
94 154
94 155
94 157
94 158
94 162
94 163
94 166
94 167
94 168
94 169
94 171
94 172
94 175
94 178
94 179
94 182
94 185
94 186
94 194
94 197
94 200
94 208
94 211
94 213
94 215
94 219
94 220
94 221
94 224
94 226
94 227
94 229
94 230
94 239
94 243
94 247
94 253
94 258
94 261
94 262
94 264
94 265
94 272
94 274
94 276
94 278
94 280
94 283
94 286
94 294
94 295
95 98
95 99
95 100
95 101
95 104
95 106
95 107
95 108
95 109
95 112
95 115
95 116
95 118
95 119
95 120
95 122
95 123
95 126
95 127
95 128
95 130
95 131
95 132
95 133
95 134
95 138
95 142
95 143
95 154
95 155
95 157
95 161
95 162
95 163
95 164
95 165
95 166
95 167
95 171
95 172
95 173
95 174
95 175
95 177
95 181
95 182
95 185
95 189
95 190
95 193
95 194
95 195
95 196
95 197
95 199
95 202
95 204
95 207
95 209
95 212
95 213
95 216
95 220
95 223
95 224
95 225
95 226
95 229
95 230
95 236
95 239
95 240
95 242
95 246
95 247
95 248
95 253
95 254
95 256
95 259
95 260
95 264
95 267
95 273
95 274
95 275
95 279
95 285
95 289
95 292
95 293
95 296
95 297
95 299
96 99
96 102
96 103
96 107
96 109
96 112
96 113
96 117
96 118
96 119
96 120
96 121
96 122
96 123
96 127
96 135
96 136
96 141
96 143
96 144
96 145
96 146
96 147
96 155
96 156
96 157
96 160
96 162
96 165
96 169
96 170
96 171
96 172
96 174
96 177
96 181
96 193
96 194
96 198
96 201
96 202
96 203
96 204
96 210
96 211
96 216
96 218
96 219
96 224
96 225
96 227
96 232
96 233
96 236
96 240
96 246
96 247
96 253
96 254
96 262
96 264
96 270
96 275
96 279
96 281
96 282
96 285
96 287
96 290
96 294
96 297
96 299
96 100
97 98
97 99
97 100
97 102
97 103
97 104
97 106
97 107
97 108
97 109
97 110
97 111
97 112
97 113
97 114
97 116
97 117
97 118
97 121
97 122
97 123
97 124
97 127
97 128
97 130
97 131
97 132
97 135
97 137
97 138
97 140
97 145
97 147
97 151
97 152
97 154
97 156
97 159
97 161
97 163
97 165
97 168
97 170
97 171
97 172
97 173
97 177
97 185
97 188
97 189
97 193
97 196
97 198
97 202
97 208
97 210
97 211
97 212
97 213
97 217
97 220
97 230
97 231
97 233
97 253
97 257
97 260
97 264
97 270
97 275
97 277
97 278
97 282
97 283
97 284
97 288
97 291
97 293
97 295
97 297
98 99
98 100
98 101
98 102
98 104
98 105
98 106
98 108
98 110
98 111
98 113
98 116
98 118
98 120
98 123
98 127
98 128
98 129
98 131
98 133
98 135
98 137
98 139
98 141
98 142
98 143
98 152
98 157
98 158
98 161
98 163
98 166
98 167
98 168
98 171
98 172
98 173
98 174
98 175
98 177
98 178
98 180
98 181
98 185
98 195
98 196
98 198
98 200
98 202
98 207
98 208
98 211
98 212
98 213
98 215
98 216
98 218
98 226
98 227
98 230
98 232
98 233
98 234
98 235
98 245
98 247
98 248
98 249
98 256
98 257
98 259
98 260
98 265
98 277
98 283
98 284
98 285
98 286
98 288
98 290
98 292
98 297
98 298
99 100
99 101
99 103
99 105
99 106
99 107
99 108
99 109
99 110
99 114
99 115
99 118
99 119
99 120
99 124
99 126
99 127
99 128
99 129
99 131
99 132
99 134
99 135
99 136
99 137
99 141
99 142
99 143
99 146
99 147
99 149
99 150
99 151
99 154
99 156
99 159
99 161
99 166
99 167
99 168
99 172
99 178
99 179
99 184
99 187
99 188
99 190
99 192
99 193
99 194
99 196
99 203
99 207
99 208
99 210
99 211
99 212
99 217
99 219
99 220
99 225
99 228
99 231
99 238
99 240
99 241
99 246
99 247
99 248
99 258
99 267
99 270
99 277
99 278
99 285
99 288
99 292
99 293
99 296
99 297
99 299
100 102
100 104
100 105
100 106
100 107
100 108
100 109
100 112
100 114
100 115
100 116
100 118
100 119
100 120
100 123
100 124
100 125
100 130
100 133
100 136
100 137
100 138
100 139
100 140
100 143
100 144
100 145
100 150
100 154
100 159
100 161
100 163
100 164
100 167
100 168
100 175
100 178
100 181
100 183
100 188
100 192
100 193
100 194
100 195
100 197
100 198
100 199
100 205
100 206
100 215
100 218
100 221
100 224
100 227
100 228
100 230
100 231
100 234
100 236
100 237
100 240
100 241
100 242
100 243
100 253
100 262
100 266
100 280
100 281
100 282
100 284
100 287
100 292
100 297
100 298
101 102
101 109
101 112
101 114
101 115
101 117
101 119
101 121
101 125
101 129
101 131
101 133
101 134
101 135
101 136
101 139
101 144
101 145
101 148
101 161
101 162
101 169
101 171
101 172
101 173
101 175
101 181
101 183
101 189
101 191
101 196
101 199
101 202
101 203
101 207
101 208
101 210
101 214
101 216
101 217
101 224
101 225
101 228
101 231
101 234
101 241
101 243
101 248
101 251
101 256
101 265
101 268
101 269
101 272
101 280
101 283
101 285
101 286
101 287
101 290
101 296
101 298
101 299
102 103
102 105
102 106
102 107
102 109
102 113
102 116
102 119
102 121
102 124
102 125
102 128
102 130
102 131
102 135
102 136
102 137
102 138
102 139
102 145
102 147
102 150
102 151
102 152
102 153
102 156
102 162
102 164
102 167
102 169
102 172
102 173
102 174
102 180
102 184
102 187
102 208
102 213
102 218
102 222
102 223
102 224
102 229
102 233
102 235
102 236
102 240
102 241
102 244
102 249
102 258
102 259
102 260
102 266
102 270
102 285
102 288
102 290
102 299
102 215
103 104
103 107
103 110
103 113
103 114
103 115
103 116
103 117
103 118
103 122
103 124
103 126
103 129
103 132
103 134
103 135
103 136
103 139
103 140
103 145
103 146
103 147
103 150
103 152
103 155
103 157
103 158
103 159
103 162
103 164
103 165
103 171
103 172
103 173
103 179
103 180
103 182
103 183
103 185
103 189
103 191
103 193
103 194
103 196
103 197
103 203
103 209
103 218
103 219
103 222
103 224
103 225
103 232
103 236
103 241
103 245
103 254
103 267
103 270
103 278
103 280
103 284
103 286
103 292
103 293
104 105
104 107
104 110
104 114
104 115
104 116
104 117
104 121
104 132
104 137
104 140
104 144
104 146
104 148
104 150
104 153
104 158
104 161
104 164
104 170
104 175
104 176
104 177
104 178
104 181
104 187
104 193
104 198
104 204
104 205
104 206
104 210
104 212
104 214
104 216
104 220
104 221
104 228
104 232
104 239
104 244
104 245
104 246
104 250
104 260
104 263
104 264
104 274
104 276
104 277
104 280
104 282
104 289
104 291
104 299
105 107
105 108
105 110
105 111
105 113
105 114
105 115
105 116
105 117
105 118
105 119
105 122
105 123
105 126
105 127
105 128
105 129
105 130
105 132
105 138
105 149
105 151
105 152
105 157
105 159
105 162
105 163
105 170
105 171
105 174
105 179
105 180
105 181
105 183
105 184
105 189
105 190
105 191
105 194
105 210
105 211
105 221
105 224
105 225
105 234
105 239
105 240
105 241
105 242
105 246
105 248
105 252
105 256
105 263
105 268
105 272
105 282
105 286
106 107
106 108
106 109
106 111
106 113
106 115
106 117
106 120
106 124
106 125
106 126
106 127
106 130
106 131
106 133
106 135
106 136
106 138
106 146
106 150
106 152
106 153
106 156
106 159
106 164
106 166
106 169
106 170
106 176
106 179
106 182
106 184
106 187
106 191
106 201
106 203
106 204
106 207
106 209
106 211
106 213
106 215
106 222
106 226
106 229
106 230
106 231
106 233
106 234
106 235
106 238
106 239
106 243
106 245
106 249
106 250
106 266
106 273
106 278
106 279
106 280
106 292
106 296
106 298
106 137
107 109
107 110
107 111
107 112
107 114
107 116
107 118
107 120
107 122
107 123
107 125
107 127
107 129
107 132
107 135
107 138
107 140
107 141
107 142
107 144
107 145
107 147
107 154
107 155
107 158
107 159
107 161
107 163
107 166
107 180
107 183
107 186
107 187
107 188
107 191
107 196
107 197
107 201
107 202
107 203
107 205
107 208
107 209
107 221
107 227
107 228
107 231
107 232
107 236
107 239
107 244
107 248
107 255
107 260
107 267
107 272
107 275
107 277
107 284
107 289
107 294
108 109
108 110
108 115
108 120
108 122
108 125
108 129
108 131
108 132
108 135
108 136
108 137
108 142
108 148
108 149
108 151
108 153
108 154
108 158
108 159
108 161
108 162
108 163
108 165
108 171
108 173
108 175
108 176
108 181
108 184
108 185
108 188
108 195
108 196
108 197
108 199
108 200
108 210
108 211
108 216
108 218
108 220
108 224
108 227
108 228
108 233
108 246
108 247
108 253
108 258
108 261
108 269
108 275
108 292
108 294
108 299
109 110
109 111
109 112
109 113
109 115
109 116
109 117
109 121
109 122
109 123
109 124
109 126
109 127
109 133
109 137
109 138
109 139
109 140
109 142
109 148
109 155
109 164
109 165
109 167
109 168
109 169
109 170
109 171
109 172
109 173
109 176
109 181
109 186
109 189
109 190
109 192
109 193
109 194
109 195
109 202
109 205
109 207
109 210
109 211
109 213
109 217
109 218
109 220
109 222
109 223
109 227
109 232
109 234
109 242
109 249
109 252
109 256
109 260
109 261
109 267
109 270
109 276
109 280
109 285
109 286
110 111
110 113
110 114
110 120
110 123
110 125
110 128
110 131
110 133
110 135
110 136
110 137
110 138
110 139
110 143
110 147
110 148
110 151
110 159
110 162
110 165
110 170
110 171
110 172
110 177
110 181
110 183
110 185
110 194
110 201
110 207
110 209
110 210
110 211
110 214
110 223
110 229
110 231
110 232
110 234
110 238
110 239
110 240
110 250
110 255
110 262
110 272
110 274
110 275
110 278
110 288
110 292
110 295
110 296
110 298
111 112
111 113
111 114
111 116
111 117
111 119
111 120
111 121
111 122
111 126
111 128
111 134
111 135
111 137
111 138
111 144
111 145
111 146
111 147
111 148
111 149
111 156
111 158
111 165
111 167
111 169
111 172
111 177
111 178
111 180
111 182
111 183
111 184
111 188
111 191
111 192
111 193
111 194
111 199
111 200
111 204
111 207
111 209
111 214
111 215
111 218
111 219
111 220
111 222
111 230
111 232
111 234
111 236
111 237
111 238
111 244
111 247
111 250
111 255
111 256
111 259
111 261
111 262
111 263
111 264
111 270
111 273
111 276
111 278
111 281
111 284
111 297
112 114
112 115
112 117
112 119
112 120
112 122
112 123
112 124
112 125
112 126
112 128
112 129
112 132
112 135
112 136
112 137
112 138
112 143
112 144
112 145
112 151
112 154
112 158
112 167
112 168
112 169
112 170
112 171
112 174
112 177
112 179
112 180
112 181
112 182
112 188
112 190
112 191
112 192
112 195
112 197
112 202
112 204
112 207
112 209
112 212
112 213
112 215
112 217
112 218
112 220
112 226
112 230
112 233
112 234
112 235
112 241
112 243
112 244
112 247
112 250
112 253
112 255
112 256
112 260
112 262
112 265
112 271
112 279
112 280
112 291
112 294
113 115
113 121
113 122
113 133
113 134
113 135
113 136
113 139
113 141
113 144
113 147
113 152
113 153
113 156
113 158
113 161
113 166
113 173
113 174
113 175
113 184
113 187
113 194
113 197
113 198
113 199
113 203
113 204
113 206
113 210
113 213
113 216
113 219
113 222
113 226
113 227
113 232
113 234
113 235
113 238
113 239
113 249
113 256
113 257
113 261
113 264
113 265
113 272
113 279
113 285
113 288
113 289
114 115
114 119
114 121
114 122
114 123
114 126
114 129
114 130
114 132
114 133
114 134
114 135
114 137
114 138
114 139
114 142
114 143
114 144
114 146
114 147
114 149
114 152
114 153
114 156
114 158
114 162
114 166
114 167
114 175
114 176
114 184
114 191
114 192
114 193
114 196
114 200
114 201
114 203
114 204
114 205
114 212
114 216
114 223
114 232
114 235
114 236
114 247
114 255
114 260
114 263
114 266
114 280
114 284
114 289
114 294
114 296
115 116
115 118
115 120
115 121
115 129
115 137
115 141
115 142
115 144
115 149
115 150
115 151
115 154
115 161
115 176
115 177
115 178
115 182
115 184
115 188
115 191
115 192
115 193
115 194
115 195
115 197
115 201
115 204
115 205
115 211
115 212
115 218
115 225
115 228
115 229
115 230
115 241
115 244
115 246
115 248
115 249
115 260
115 263
115 273
115 276
115 279
115 282
115 283
115 287
115 289
115 290
115 291
115 294
115 295
115 297
115 298
116 128
116 135
116 144
116 154
116 155
116 158
116 159
116 160
116 161
116 162
116 164
116 170
116 171
116 173
116 175
116 176
116 178
116 188
116 189
116 191
116 194
116 196
116 200
116 204
116 209
116 212
116 217
116 221
116 225
116 228
116 232
116 235
116 249
116 255
116 257
116 273
116 282
116 286
116 148
117 118
117 119
117 121
117 124
117 127
117 128
117 135
117 137
117 140
117 143
117 147
117 155
117 156
117 163
117 170
117 172
117 177
117 178
117 183
117 185
117 190
117 191
117 192
117 197
117 198
117 199
117 204
117 206
117 208
117 214
117 215
117 216
117 221
117 222
117 224
117 229
117 230
117 235
117 237
117 245
117 249
117 256
117 258
117 262
117 263
117 267
117 268
117 272
117 273
117 276
117 278
117 279
117 281
117 285
117 292
118 119
118 120
118 121
118 122
118 124
118 125
118 132
118 133
118 134
118 135
118 136
118 137
118 138
118 139
118 140
118 142
118 143
118 144
118 150
118 152
118 153
118 154
118 155
118 156
118 157
118 158
118 162
118 166
118 167
118 168
118 169
118 171
118 174
118 175
118 180
118 183
118 184
118 187
118 188
118 190
118 197
118 198
118 203
118 204
118 208
118 212
118 214
118 215
118 216
118 219
118 223
118 224
118 228
118 230
118 232
118 236
118 238
118 242
118 243
118 245
118 246
118 250
118 251
118 252
118 254
118 257
118 258
118 259
118 261
118 265
118 266
118 268
118 279
118 289
118 291
118 297
119 121
119 124
119 126
119 128
119 131
119 133
119 141
119 142
119 143
119 144
119 146
119 147
119 148
119 149
119 151
119 155
119 156
119 157
119 162
119 164
119 168
119 170
119 173
119 175
119 180
119 182
119 183
119 186
119 188
119 190
119 191
119 193
119 195
119 196
119 200
119 203
119 204
119 206
119 214
119 215
119 216
119 218
119 222
119 224
119 227
119 228
119 241
119 245
119 256
119 260
119 263
119 267
119 272
119 275
119 276
119 279
119 295
119 297
119 299
120 121
120 122
120 125
120 126
120 129
120 130
120 132
120 140
120 141
120 142
120 143
120 145
120 146
120 151
120 153
120 154
120 160
120 162
120 169
120 174
120 175
120 176
120 177
120 180
120 186
120 192
120 194
120 196
120 198
120 200
120 202
120 203
120 205
120 206
120 207
120 219
120 221
120 223
120 231
120 234
120 235
120 236
120 239
120 242
120 243
120 247
120 252
120 254
120 255
120 258
120 263
120 268
120 269
120 277
120 283
120 284
120 293
120 294
120 296
120 299
121 122
121 123
121 124
121 125
121 126
121 127
121 133
121 136
121 143
121 144
121 146
121 148
121 149
121 160
121 161
121 162
121 166
121 168
121 170
121 171
121 172
121 176
121 178
121 182
121 184
121 186
121 187
121 192
121 195
121 199
121 200
121 208
121 210
121 217
121 225
121 226
121 227
121 231
121 232
121 250
121 253
121 254
121 255
121 256
121 258
121 259
121 261
121 262
121 268
121 270
121 273
121 274
121 276
121 285
121 288
121 289
121 294
121 297
122 123
122 124
122 127
122 135
122 138
122 140
122 141
122 143
122 147
122 153
122 155
122 156
122 157
122 159
122 161
122 167
122 171
122 172
122 176
122 177
122 178
122 186
122 187
122 189
122 194
122 195
122 202
122 212
122 218
122 223
122 224
122 233
122 237
122 240
122 243
122 245
122 247
122 248
122 250
122 253
122 257
122 260
122 266
122 275
122 284
122 286
122 287
122 293
122 294
122 295
122 297
122 298
123 127
123 129
123 131
123 133
123 136
123 140
123 141
123 142
123 147
123 149
123 151
123 157
123 158
123 159
123 161
123 162
123 163
123 165
123 170
123 175
123 178
123 179
123 182
123 184
123 190
123 191
123 192
123 194
123 196
123 198
123 201
123 211
123 214
123 218
123 219
123 227
123 229
123 232
123 240
123 248
123 250
123 251
123 254
123 255
123 256
123 257
123 258
123 262
123 267
123 268
123 271
123 277
123 278
123 279
123 280
123 281
123 289
123 294
124 129
124 130
124 131
124 136
124 141
124 143
124 145
124 146
124 147
124 154
124 155
124 156
124 157
124 164
124 166
124 168
124 171
124 189
124 190
124 191
124 192
124 205
124 212
124 217
124 219
124 229
124 231
124 234
124 236
124 237
124 243
124 244
124 245
124 249
124 252
124 253
124 261
124 265
124 274
124 277
124 295
124 251
125 131
125 136
125 138
125 144
125 146
125 148
125 149
125 150
125 155
125 156
125 158
125 159
125 162
125 167
125 168
125 172
125 173
125 179
125 180
125 183
125 184
125 185
125 191
125 192
125 199
125 201
125 208
125 209
125 214
125 215
125 217
125 225
125 229
125 242
125 244
125 247
125 257
125 275
125 286
125 290
125 297
126 129
126 130
126 131
126 149
126 151
126 155
126 160
126 161
126 164
126 165
126 166
126 167
126 169
126 170
126 172
126 173
126 176
126 177
126 182
126 183
126 185
126 188
126 190
126 193
126 194
126 197
126 207
126 208
126 213
126 214
126 217
126 219
126 224
126 225
126 226
126 228
126 234
126 243
126 247
126 253
126 261
126 266
126 267
126 270
126 282
126 287
126 290
126 291
126 295
126 296
127 129
127 132
127 134
127 141
127 145
127 147
127 153
127 161
127 162
127 163
127 169
127 172
127 175
127 177
127 187
127 199
127 205
127 206
127 207
127 210
127 213
127 215
127 218
127 219
127 221
127 233
127 252
127 268
127 288
128 129
128 133
128 137
128 149
128 151
128 154
128 155
128 158
128 164
128 173
128 175
128 176
128 183
128 192
128 194
128 199
128 203
128 204
128 209
128 225
128 228
128 236
128 241
128 249
128 253
128 254
128 258
128 260
128 261
128 266
128 272
128 277
128 282
128 283
129 131
129 132
129 134
129 137
129 142
129 145
129 149
129 152
129 162
129 166
129 169
129 172
129 175
129 176
129 184
129 187
129 188
129 190
129 213
129 220
129 228
129 255
129 265
129 274
129 278
129 286
129 294
129 295
129 299
130 132
130 133
130 134
130 136
130 137
130 139
130 143
130 144
130 145
130 148
130 149
130 154
130 167
130 176
130 177
130 179
130 180
130 184
130 191
130 200
130 202
130 216
130 218
130 220
130 221
130 222
130 229
130 245
130 246
130 257
130 261
130 263
130 265
130 267
130 268
130 269
130 275
130 283
130 284
130 285
130 286
130 288
131 136
131 139
131 141
131 142
131 146
131 147
131 148
131 149
131 152
131 153
131 156
131 159
131 168
131 170
131 172
131 179
131 182
131 184
131 189
131 193
131 198
131 201
131 222
131 233
131 235
131 237
131 242
131 243
131 246
131 248
131 259
131 268
131 270
131 271
131 279
131 282
131 283
131 284
132 133
132 135
132 142
132 147
132 165
132 170
132 175
132 176
132 178
132 184
132 189
132 190
132 196
132 197
132 199
132 205
132 206
132 208
132 211
132 213
132 215
132 219
132 225
132 231
132 232
132 237
132 238
132 242
132 253
132 254
132 256
132 258
132 264
132 270
132 272
132 273
132 281
132 282
132 285
132 288
133 134
133 136
133 138
133 140
133 141
133 152
133 155
133 159
133 161
133 163
133 164
133 168
133 170
133 174
133 177
133 186
133 195
133 209
133 211
133 214
133 221
133 227
133 238
133 243
133 247
133 258
133 265
133 268
133 271
133 279
133 287
133 288
133 290
133 293
133 294
133 297
134 140
134 143
134 147
134 151
134 156
134 157
134 160
134 163
134 165
134 166
134 172
134 173
134 177
134 178
134 187
134 188
134 199
134 204
134 209
134 213
134 220
134 221
134 224
134 227
134 231
134 234
134 241
134 243
134 251
134 253
134 258
134 259
134 265
134 268
134 269
134 277
134 280
134 281
134 288
134 294
134 298
135 136
135 142
135 143
135 149
135 151
135 155
135 161
135 166
135 170
135 173
135 176
135 179
135 182
135 183
135 187
135 193
135 197
135 199
135 201
135 203
135 204
135 211
135 217
135 220
135 223
135 225
135 227
135 228
135 230
135 234
135 238
135 240
135 241
135 245
135 249
135 251
135 252
135 263
135 267
135 270
135 272
135 273
135 279
135 280
135 289
135 290
135 298
136 137
136 140
136 145
136 147
136 148
136 149
136 154
136 160
136 161
136 163
136 165
136 169
136 174
136 177
136 184
136 192
136 197
136 202
136 203
136 211
136 216
136 219
136 223
136 226
136 231
136 232
136 236
136 239
136 251
136 256
136 266
136 270
136 274
136 275
136 283
136 287
136 289
136 291
136 293
136 296
137 138
137 140
137 141
137 142
137 148
137 154
137 158
137 159
137 162
137 168
137 169
137 174
137 176
137 178
137 180
137 188
137 191
137 194
137 200
137 206
137 207
137 210
137 217
137 223
137 224
137 229
137 244
137 255
137 268
137 280
137 285
137 291
137 296
137 297
137 299
138 139
138 142
138 144
138 145
138 149
138 156
138 157
138 158
138 162
138 163
138 166
138 170
138 172
138 175
138 176
138 177
138 179
138 182
138 185
138 186
138 187
138 194
138 201
138 203
138 208
138 210
138 212
138 215
138 217
138 218
138 226
138 230
138 233
138 237
138 240
138 259
138 268
138 269
138 272
138 283
138 288
138 291
138 297
139 140
139 142
139 145
139 146
139 148
139 149
139 153
139 159
139 164
139 171
139 177
139 179
139 185
139 189
139 196
139 199
139 201
139 202
139 209
139 212
139 219
139 236
139 239
139 241
139 242
139 244
139 256
139 258
139 262
139 273
139 290
139 291
139 294
139 295
139 296
140 143
140 145
140 147
140 151
140 155
140 161
140 163
140 164
140 167
140 172
140 174
140 177
140 179
140 183
140 184
140 185
140 193
140 195
140 198
140 200
140 209
140 212
140 219
140 221
140 231
140 233
140 240
140 241
140 251
140 254
140 258
140 259
140 261
140 262
140 263
140 267
140 268
140 271
140 273
140 275
140 280
140 281
140 282
140 283
140 286
140 287
140 291
140 292
140 294
140 296
140 299
141 145
141 147
141 148
141 149
141 151
141 164
141 168
141 175
141 179
141 199
141 200
141 201
141 204
141 212
141 217
141 232
141 238
141 242
141 247
141 249
141 265
141 268
141 273
141 274
141 287
142 143
142 146
142 155
142 157
142 161
142 163
142 164
142 165
142 166
142 167
142 174
142 176
142 183
142 189
142 190
142 193
142 195
142 208
142 209
142 214
142 217
142 222
142 223
142 238
142 241
142 243
142 244
142 249
142 250
142 256
142 257
142 263
142 266
142 274
142 277
142 289
142 295
143 145
143 152
143 155
143 156
143 160
143 161
143 162
143 174
143 182
143 187
143 189
143 194
143 196
143 198
143 201
143 207
143 209
143 210
143 219
143 222
143 231
143 237
143 248
143 250
143 257
143 262
143 265
143 271
143 273
143 278
143 285
143 287
143 292
143 294
144 157
144 160
144 162
144 164
144 174
144 198
144 204
144 205
144 212
144 213
144 218
144 219
144 222
144 225
144 236
144 247
144 248
144 249
144 251
144 265
144 274
144 276
144 292
144 296
145 150
145 154
145 156
145 158
145 160
145 162
145 163
145 164
145 165
145 167
145 171
145 176
145 177
145 179
145 181
145 182
145 185
145 186
145 192
145 195
145 202
145 203
145 205
145 207
145 210
145 213
145 217
145 218
145 224
145 226
145 229
145 233
145 240
145 246
145 247
145 254
145 256
145 265
145 271
145 274
145 282
145 283
145 290
145 298
146 150
146 157
146 160
146 173
146 178
146 179
146 180
146 181
146 182
146 188
146 189
146 191
146 195
146 202
146 205
146 207
146 209
146 216
146 217
146 221
146 224
146 225
146 234
146 239
146 244
146 251
146 253
146 257
146 263
146 270
146 273
147 149
147 154
147 155
147 161
147 163
147 164
147 165
147 166
147 170
147 172
147 180
147 183
147 184
147 186
147 187
147 188
147 189
147 190
147 191
147 196
147 197
147 203
147 207
147 216
147 230
147 232
147 234
147 240
147 242
147 243
147 247
147 248
147 249
147 255
147 256
147 259
147 266
147 267
147 268
147 270
147 271
147 274
147 278
147 279
147 281
147 283
147 289
147 293
147 296
148 155
148 173
148 176
148 178
148 181
148 185
148 197
148 199
148 206
148 209
148 212
148 217
148 226
148 228
148 231
148 239
148 242
148 243
148 245
148 251
148 252
148 254
148 255
148 266
148 268
148 282
148 291
148 294
149 150
149 153
149 156
149 159
149 160
149 162
149 163
149 167
149 168
149 174
149 180
149 183
149 184
149 187
149 188
149 189
149 198
149 199
149 202
149 203
149 210
149 216
149 220
149 223
149 230
149 231
149 234
149 239
149 248
149 249
149 253
149 257
149 269
149 278
149 280
149 288
149 295
150 157
150 158
150 161
150 162
150 163
150 167
150 172
150 175
150 183
150 184
150 186
150 196
150 200
150 202
150 206
150 207
150 220
150 223
150 224
150 234
150 236
150 256
150 258
150 263
150 264
150 271
150 275
150 278
150 280
150 298
150 176
151 152
151 157
151 158
151 162
151 164
151 165
151 167
151 174
151 179
151 182
151 187
151 189
151 190
151 191
151 200
151 205
151 208
151 214
151 220
151 221
151 223
151 226
151 231
151 237
151 238
151 245
151 253
151 254
151 265
151 274
151 277
151 283
151 291
151 298
152 157
152 164
152 168
152 170
152 173
152 177
152 181
152 182
152 183
152 184
152 192
152 201
152 202
152 217
152 222
152 223
152 231
152 237
152 241
152 249
152 260
152 267
152 272
152 278
152 279
152 284
152 290
152 291
152 298
153 160
153 182
153 186
153 195
153 197
153 200
153 201
153 203
153 213
153 222
153 231
153 238
153 241
153 245
153 258
153 259
153 297
153 298
154 161
154 164
154 173
154 174
154 176
154 178
154 180
154 181
154 185
154 197
154 202
154 204
154 214
154 216
154 222
154 223
154 232
154 233
154 242
154 243
154 244
154 245
154 252
154 254
154 260
154 270
154 271
154 275
154 276
154 286
154 287
155 160
155 163
155 169
155 170
155 174
155 177
155 181
155 184
155 187
155 190
155 196
155 197
155 199
155 200
155 201
155 216
155 224
155 236
155 238
155 239
155 241
155 249
155 252
155 254
155 262
155 266
155 279
155 292
155 293
155 297
156 157
156 160
156 165
156 166
156 167
156 169
156 180
156 182
156 186
156 187
156 188
156 193
156 194
156 202
156 208
156 210
156 213
156 217
156 220
156 222
156 227
156 230
156 231
156 236
156 245
156 249
156 264
156 265
156 271
156 273
156 286
156 287
156 294
156 298
156 229
157 158
157 160
157 169
157 172
157 175
157 177
157 180
157 185
157 188
157 190
157 198
157 205
157 213
157 217
157 221
157 222
157 223
157 228
157 233
157 235
157 255
157 272
157 274
157 276
157 284
157 290
157 291
157 292
158 165
158 169
158 171
158 179
158 192
158 194
158 196
158 204
158 212
158 214
158 215
158 220
158 223
158 231
158 237
158 248
158 253
158 259
158 265
158 269
158 278
158 284
158 286
158 287
158 294
159 166
159 169
159 171
159 173
159 180
159 182
159 184
159 195
159 200
159 201
159 205
159 210
159 212
159 214
159 220
159 224
159 232
159 239
159 245
159 246
159 250
159 255
159 258
159 262
159 263
159 264
159 271
159 286
159 293
159 298
160 163
160 166
160 168
160 170
160 172
160 177
160 178
160 181
160 184
160 185
160 186
160 190
160 192
160 197
160 205
160 207
160 211
160 218
160 220
160 221
160 224
160 231
160 234
160 236
160 240
160 243
160 248
160 249
160 251
160 260
160 262
160 266
160 267
160 272
160 274
160 283
160 285
160 286
160 299
161 163
161 176
161 178
161 179
161 185
161 186
161 187
161 191
161 199
161 203
161 212
161 217
161 226
161 227
161 237
161 239
161 244
161 248
161 249
161 257
161 258
161 259
161 263
161 264
161 267
161 271
161 278
161 280
161 285
162 166
162 173
162 177
162 178
162 183
162 190
162 193
162 201
162 202
162 205
162 213
162 216
162 224
162 227
162 229
162 237
162 238
162 242
162 244
162 245
162 247
162 248
162 252
162 267
162 273
162 275
162 280
162 281
162 286
162 298
163 165
163 167
163 169
163 170
163 173
163 177
163 178
163 180
163 184
163 186
163 187
163 189
163 193
163 195
163 204
163 208
163 209
163 211
163 219
163 222
163 228
163 233
163 234
163 237
163 238
163 246
163 251
163 254
163 260
163 261
163 262
163 267
163 280
163 282
163 284
163 291
164 165
164 169
164 178
164 179
164 187
164 189
164 195
164 200
164 207
164 213
164 218
164 235
164 237
164 238
164 240
164 245
164 249
164 254
164 256
164 260
164 264
164 267
164 272
164 275
164 286
164 290
164 292
164 294
164 298
165 173
165 175
165 187
165 196
165 204
165 212
165 217
165 223
165 227
165 231
165 234
165 240
165 248
165 252
165 257
165 269
165 283
165 284
165 290
165 294
165 298
166 167
166 170
166 178
166 180
166 181
166 183
166 189
166 191
166 192
166 200
166 201
166 209
166 223
166 225
166 228
166 233
166 238
166 244
166 249
166 253
166 261
166 264
166 278
166 292
166 298
167 168
167 175
167 185
167 186
167 193
167 194
167 196
167 200
167 204
167 213
167 220
167 235
167 242
167 267
167 280
167 293
167 294
167 299
168 169
168 171
168 172
168 173
168 176
168 179
168 180
168 185
168 192
168 209
168 214
168 218
168 229
168 231
168 232
168 233
168 236
168 246
168 249
168 254
168 272
168 274
169 170
169 178
169 190
169 192
169 198
169 202
169 210
169 215
169 219
169 220
169 221
169 222
169 226
169 229
169 234
169 238
169 241
169 251
169 258
169 259
169 262
169 267
169 271
169 275
169 286
169 290
169 296
169 297
169 299
170 172
170 173
170 190
170 192
170 196
170 201
170 203
170 205
170 207
170 225
170 226
170 229
170 248
170 250
170 259
170 269
170 270
170 271
170 281
170 283
170 285
171 176
171 186
171 187
171 188
171 193
171 206
171 207
171 216
171 221
171 225
171 228
171 232
171 245
171 250
171 255
171 257
171 260
171 261
171 269
171 270
171 282
171 284
171 296
172 177
172 180
172 181
172 182
172 187
172 188
172 192
172 194
172 196
172 198
172 199
172 211
172 212
172 216
172 217
172 221
172 223
172 225
172 230
172 236
172 242
172 249
172 259
172 263
172 275
172 276
172 279
172 280
172 291
173 179
173 180
173 181
173 183
173 199
173 210
173 211
173 236
173 238
173 246
173 248
173 257
173 266
173 270
173 287
173 288
173 295
174 178
174 179
174 181
174 186
174 188
174 190
174 191
174 196
174 197
174 199
174 200
174 202
174 206
174 208
174 212
174 216
174 224
174 226
174 230
174 232
174 237
174 240
174 244
174 252
174 270
174 273
174 275
174 277
174 278
174 293
175 181
175 183
175 189
175 191
175 198
175 200
175 201
175 211
175 213
175 216
175 222
175 225
175 231
175 232
175 233
175 235
175 236
175 238
175 240
175 242
175 261
175 262
175 264
175 278
175 281
175 288
175 292
176 184
176 187
176 190
176 192
176 202
176 208
176 210
176 213
176 214
176 217
176 221
176 229
176 237
176 239
176 247
176 262
176 266
176 268
176 276
176 283
176 287
176 294
176 296
177 180
177 181
177 185
177 193
177 194
177 201
177 205
177 207
177 211
177 212
177 213
177 215
177 216
177 220
177 222
177 223
177 225
177 235
177 244
177 249
177 254
177 264
177 276
177 281
177 284
177 287
177 296
178 187
178 199
178 208
178 219
178 223
178 230
178 236
178 240
178 243
178 244
178 256
178 257
178 269
178 293
178 294
178 295
179 189
179 190
179 192
179 199
179 205
179 206
179 213
179 214
179 217
179 218
179 220
179 221
179 223
179 234
179 240
179 245
179 250
179 254
179 255
179 258
179 262
179 263
179 271
179 272
179 282
180 187
180 189
180 195
180 205
180 213
180 214
180 219
180 225
180 228
180 232
180 233
180 241
180 243
180 244
180 258
180 259
180 265
180 270
180 283
180 296
181 182
181 186
181 188
181 190
181 191
181 199
181 200
181 202
181 206
181 215
181 218
181 220
181 226
181 229
181 233
181 235
181 236
181 239
181 242
181 250
181 255
181 259
181 267
181 270
181 278
181 281
181 284
181 285
181 288
181 290
181 295
182 201
182 203
182 205
182 209
182 216
182 217
182 230
182 235
182 237
182 239
182 247
182 253
182 258
182 265
182 268
182 270
182 273
182 276
182 279
182 289
182 291
182 293
183 186
183 191
183 193
183 195
183 197
183 198
183 200
183 215
183 219
183 220
183 221
183 228
183 234
183 246
183 256
183 267
183 270
183 276
183 281
183 289
183 290
183 293
184 185
184 187
184 191
184 192
184 202
184 203
184 205
184 213
184 227
184 233
184 237
184 244
184 253
184 282
184 292
184 295
185 192
185 197
185 201
185 202
185 203
185 205
185 207
185 210
185 212
185 215
185 221
185 228
185 230
185 238
185 242
185 245
185 247
185 249
185 270
185 279
185 282
185 283
185 284
186 200
186 204
186 209
186 215
186 230
186 233
186 252
186 257
186 264
186 267
186 271
186 272
186 277
186 279
186 282
186 288
186 298
187 193
187 197
187 199
187 210
187 216
187 221
187 223
187 224
187 226
187 229
187 235
187 238
187 240
187 241
187 247
187 252
187 253
187 264
187 283
187 289
188 196
188 199
188 203
188 207
188 209
188 210
188 211
188 213
188 215
188 217
188 218
188 219
188 225
188 236
188 250
188 251
188 254
188 257
188 262
188 263
188 275
188 277
188 279
188 285
188 289
188 290
188 294
189 191
189 193
189 197
189 199
189 203
189 210
189 219
189 224
189 234
189 235
189 242
189 260
189 262
189 265
189 286
189 287
189 289
190 191
190 195
190 196
190 204
190 205
190 206
190 218
190 223
190 230
190 234
190 235
190 237
190 239
190 243
190 248
190 258
190 259
190 270
190 276
190 280
190 298
190 299
191 193
191 195
191 197
191 204
191 208
191 214
191 224
191 225
191 226
191 227
191 229
191 231
191 234
191 237
191 241
191 242
191 243
191 244
191 247
191 251
191 252
191 253
191 256
191 258
191 266
191 272
191 275
191 276
191 287
191 288
191 297
192 200
192 207
192 209
192 216
192 218
192 232
192 252
192 257
192 260
192 269
192 280
192 293
193 197
193 200
193 203
193 208
193 210
193 216
193 226
193 232
193 246
193 252
193 262
193 280
193 283
193 291
193 295
194 196
194 209
194 214
194 217
194 219
194 220
194 222
194 227
194 235
194 236
194 237
194 238
194 248
194 249
194 266
194 271
194 278
194 285
194 288
194 289
194 295
195 198
195 199
195 222
195 230
195 242
195 245
195 248
195 252
195 259
195 266
195 271
195 276
195 277
195 291
195 298
196 201
196 202
196 213
196 216
196 219
196 240
196 249
196 263
196 268
196 279
196 297
197 198
197 202
197 210
197 213
197 214
197 221
197 222
197 223
197 225
197 230
197 233
197 235
197 236
197 241
197 245
197 246
197 254
197 267
197 281
197 282
197 290
197 294
197 296
197 297
198 199
198 200
198 215
198 231
198 244
198 247
198 259
198 269
198 271
198 275
198 286
198 289
198 294
198 297
199 200
199 205
199 212
199 223
199 227
199 246
199 253
199 254
199 257
199 275
199 277
199 279
199 283
199 287
199 289
199 297
199 299
200 203
200 220
200 232
200 235
200 241
200 246
200 253
200 261
200 265
200 274
200 279
200 281
200 288
200 291
201 203
201 208
201 213
201 225
201 237
201 240
201 257
201 259
201 260
201 264
201 285
201 287
201 295
202 214
202 219
202 223
202 225
202 247
202 251
202 253
202 265
202 271
202 277
202 288
202 268
202 221
203 206
203 208
203 214
203 226
203 242
203 259
203 283
203 290
204 207
204 209
204 210
204 216
204 223
204 239
204 245
204 250
204 254
204 261
204 274
204 290
204 295
205 213
205 218
205 223
205 226
205 240
205 243
205 244
205 247
205 248
205 252
205 256
205 257
205 265
205 274
205 275
205 280
205 281
205 283
205 293
205 297
206 239
206 240
206 251
206 258
206 264
206 267
206 279
206 286
206 287
206 292
207 211
207 212
207 218
207 221
207 234
207 243
207 246
207 250
207 258
207 266
207 268
207 269
207 281
207 285
207 286
207 287
208 212
208 217
208 218
208 225
208 229
208 232
208 233
208 235
208 246
208 264
208 273
208 275
208 277
208 278
208 284
209 222
209 229
209 242
209 243
209 256
209 260
209 266
209 267
209 268
209 285
209 287
210 220
210 246
210 248
210 250
210 268
210 287
210 296
211 213
211 218
211 220
211 224
211 227
211 228
211 231
211 238
211 241
211 247
211 251
211 263
211 273
211 288
211 289
211 296
211 299
212 218
212 223
212 224
212 225
212 231
212 238
212 239
212 266
212 267
212 273
212 282
212 289
212 296
212 299
213 215
213 216
213 222
213 226
213 231
213 233
213 242
213 243
213 244
213 246
213 255
213 256
213 263
213 264
213 267
213 276
213 279
213 291
213 292
213 297
214 219
214 228
214 229
214 230
214 242
214 243
214 247
214 252
214 254
214 268
214 274
214 283
214 292
214 275
215 221
215 222
215 225
215 227
215 243
215 247
215 249
215 251
215 255
215 258
215 262
215 276
215 278
215 281
216 220
216 234
216 235
216 241
216 249
216 290
216 292
216 297
217 226
217 227
217 235
217 240
217 251
217 262
217 277
217 278
217 295
218 232
218 233
218 236
218 240
218 245
218 254
218 260
218 269
218 272
218 273
218 281
218 290
219 225
219 230
219 232
219 233
219 235
219 236
219 242
219 259
219 260
219 262
219 263
219 264
219 271
219 280
219 284
219 289
220 225
220 231
220 236
220 259
220 260
220 261
220 262
220 266
220 281
220 288
220 291
221 222
221 237
221 245
221 247
221 261
221 264
221 266
221 269
221 276
221 278
221 295
221 296
222 227
222 233
222 234
222 236
222 239
222 242
222 248
222 251
222 262
222 273
222 274
222 278
222 282
222 283
222 287
222 290
222 292
222 298
223 225
223 229
223 230
223 240
223 243
223 264
223 269
223 272
223 281
224 226
224 229
224 234
224 239
224 243
224 247
224 249
224 251
224 255
224 264
224 265
224 268
224 269
224 274
224 280
224 287
224 291
224 293
224 295
224 298
225 245
225 268
225 272
225 274
225 284
226 237
226 241
226 244
226 245
226 255
226 257
226 259
226 264
226 268
226 273
226 275
226 276
226 282
226 284
226 289
227 240
227 245
227 247
227 250
227 252
227 256
227 259
227 269
227 270
227 272
227 273
227 275
227 281
227 286
227 291
227 297
227 298
228 229
228 231
228 235
228 238
228 239
228 240
228 248
228 252
228 253
228 262
228 263
228 266
228 267
228 273
228 274
228 276
228 290
228 294
228 296
229 250
229 274
229 281
229 291
229 292
229 294
230 245
230 251
230 282
230 294
231 241
231 242
231 249
231 261
231 267
231 272
231 279
231 288
231 293
231 295
232 234
232 247
232 249
232 254
232 258
232 268
232 269
232 281
232 283
232 290
232 297
232 299
233 250
233 253
233 254
233 255
233 267
233 268
233 272
233 274
233 277
233 287
234 244
234 245
234 261
234 262
234 264
234 265
234 274
234 276
235 236
235 239
235 243
235 246
235 247
235 251
235 255
235 256
235 257
235 267
235 290
235 292
236 245
236 248
236 249
236 266
236 275
236 279
236 281
236 289
236 291
236 292
236 293
237 238
237 241
237 243
237 249
237 251
237 272
237 275
237 279
237 286
237 289
238 242
238 246
238 251
238 259
238 269
238 281
238 283
238 299
239 263
239 281
239 285
239 290
239 293
240 246
240 262
240 264
240 265
240 266
240 268
240 269
240 270
240 279
240 295
240 296
241 246
241 252
241 261
241 263
241 270
241 298
241 291
242 249
242 258
242 259
242 261
242 268
242 272
242 282
242 286
242 297
243 245
243 252
243 254
243 259
243 273
243 276
243 286
243 287
243 289
243 293
243 295
244 254
244 260
244 263
244 279
244 280
245 248
245 270
245 282
245 286
245 287
245 288
245 296
246 249
246 256
246 262
246 267
246 296
247 248
247 252
247 256
247 257
247 258
247 261
247 266
247 268
247 287
247 288
247 290
247 291
247 298
248 250
248 252
248 260
248 262
248 265
248 273
248 274
248 278
248 288
249 251
249 272
249 274
249 275
249 298
250 260
250 277
250 278
250 282
250 291
251 252
251 262
251 264
251 281
251 287
252 261
252 266
252 268
252 274
252 276
252 282
252 284
252 285
253 255
253 256
253 258
253 269
253 270
253 277
253 279
253 281
253 284
253 287
253 297
253 298
254 261
254 265
254 269
254 271
254 274
254 280
254 283
254 286
254 295
255 285
255 294
256 258
256 266
256 269
256 278
256 280
256 291
257 259
257 262
257 288
257 290
257 299
258 260
258 275
258 282
258 290
258 292
259 264
259 270
259 281
259 290
259 293
259 298
260 263
260 264
260 276
260 283
260 288
260 289
260 292
261 269
261 270
261 278
261 290
261 299
262 263
262 265
262 272
262 273
262 283
262 292
262 299
263 265
263 282
263 285
263 288
263 295
263 296
264 265
264 267
264 286
265 273
265 275
265 276
265 286
266 271
266 273
266 296
266 299
267 273
267 282
267 292
267 295
268 270
268 281
268 299
268 295
269 270
269 291
270 272
270 276
270 278
270 282
270 285
270 292
270 298
271 277
272 284
272 289
272 293
273 274
273 275
273 280
273 287
274 275
274 280
274 292
274 297
274 298
274 299
275 282
275 291
275 298
276 285
277 278
278 284
278 298
279 286
279 295
280 291
280 294
281 293
282 286
282 287
282 290
282 295
283 284
283 286
283 290
285 293
285 294
285 299
287 289
287 291
287 296
289 293
289 294
289 297
290 299
292 294
292 299
294 296
296 298