298252683
50
300
12548
0 50
0 51
0 52
0 53
0 54
0 55
0 56
0 57
0 58
0 60
0 61
0 62
0 63
0 65
0 66
0 67
0 68
0 69
0 70
0 71
0 72
0 73
0 74
0 79
0 84
0 85
0 87
0 88
0 89
0 92
0 93
0 99
0 101
0 102
0 103
0 106
0 108
0 109
0 110
0 111
0 112
0 118
0 122
0 124
0 126
0 135
0 137
0 146
0 148
0 150
0 152
0 157
0 163
0 164
0 166
0 172
0 174
0 185
0 190
0 192
0 195
0 196
0 197
0 200
0 205
0 206
0 208
0 209
0 210
0 214
0 219
0 221
0 222
0 226
0 233
0 234
0 238
0 242
0 243
0 246
0 248
0 249
0 250
0 255
0 256
0 263
0 268
0 271
0 280
0 288
0 289
0 291
0 293
0 297
0 299
1 50
1 51
1 52
1 53
1 54
1 55
1 56
1 57
1 59
1 61
1 62
1 65
1 66
1 68
1 69
1 73
1 74
1 75
1 76
1 77
1 81
1 83
1 84
1 85
1 87
1 89
1 90
1 92
1 93
1 105
1 106
1 107
1 109
1 119
1 120
1 135
1 136
1 140
1 141
1 143
1 147
1 161
1 165
1 172
1 175
1 180
1 186
1 189
1 195
1 198
1 199
1 204
1 209
1 224
1 231
1 236
1 240
1 242
1 248
1 250
1 255
1 256
1 268
1 276
1 288
2 50
2 51
2 52
2 53
2 54
2 55
2 56
2 57
2 58
2 59
2 60
2 61
2 62
2 63
2 64
2 66
2 67
2 68
2 72
2 74
2 76
2 78
2 79
2 83
2 84
2 86
2 88
2 90
2 91
2 94
2 96
2 99
2 101
2 106
2 108
2 110
2 112
2 113
2 115
2 117
2 118
2 119
2 120
2 121
2 124
2 126
2 127
2 128
2 129
2 135
2 137
2 141
2 146
2 150
2 151
2 153
2 154
2 156
2 159
2 160
2 166
2 169
2 174
2 186
2 190
2 192
2 194
2 195
2 196
2 197
2 202
2 206
2 214
2 217
2 219
2 228
2 235
2 236
2 239
2 245
2 247
2 252
2 256
2 264
2 270
2 275
2 277
2 288
2 298
3 50
3 51
3 52
3 53
3 54
3 55
3 56
3 57
3 58
3 59
3 60
3 61
3 62
3 63
3 64
3 65
3 66
3 67
3 68
3 70
3 71
3 72
3 73
3 75
3 76
3 79
3 80
3 82
3 86
3 88
3 91
3 94
3 97
3 98
3 99
3 102
3 104
3 106
3 108
3 109
3 116
3 126
3 129
3 133
3 134
3 136
3 137
3 142
3 143
3 159
3 162
3 169
3 176
3 180
3 181
3 184
3 189
3 191
3 192
3 202
3 214
3 218
3 223
3 228
3 230
3 233
3 239
3 240
3 242
3 250
3 261
3 263
3 295
3 298
4 50
4 51
4 52
4 53
4 54
4 55
4 57
4 58
4 59
4 60
4 61
4 62
4 64
4 65
4 66
4 68
4 70
4 72
4 78
4 81
4 83
4 84
4 86
4 88
4 89
4 92
4 93
4 94
4 95
4 100
4 101
4 103
4 104
4 110
4 112
4 113
4 114
4 127
4 129
4 131
4 133
4 137
4 138
4 149
4 153
4 156
4 157
4 164
4 170
4 171
4 172
4 173
4 174
4 177
4 183
4 186
4 188
4 190
4 191
4 193
4 195
4 196
4 214
4 219
4 228
4 232
4 234
4 240
4 248
4 255
4 256
4 266
4 267
4 272
4 276
4 279
4 288
4 294
5 50
5 51
5 52
5 53
5 54
5 55
5 56
5 57
5 58
5 60
5 61
5 62
5 63
5 64
5 66
5 70
5 71
5 72
5 73
5 75
5 76
5 77
5 78
5 79
5 80
5 81
5 83
5 88
5 91
5 92
5 93
5 95
5 97
5 100
5 104
5 108
5 109
5 111
5 112
5 115
5 121
5 122
5 128
5 130
5 135
5 137
5 145
5 147
5 149
5 155
5 157
5 161
5 162
5 166
5 174
5 179
5 180
5 184
5 196
5 211
5 226
5 229
5 235
5 238
5 245
5 247
5 250
5 260
5 261
5 278
5 283
6 50
6 51
6 52
6 53
6 54
6 55
6 56
6 57
6 58
6 59
6 60
6 61
6 62
6 63
6 65
6 66
6 67
6 74
6 75
6 77
6 82
6 86
6 88
6 89
6 90
6 91
6 92
6 94
6 97
6 101
6 103
6 104
6 105
6 107
6 110
6 114
6 119
6 120
6 121
6 124
6 130
6 132
6 139
6 144
6 146
6 149
6 150
6 151
6 153
6 165
6 177
6 182
6 185
6 186
6 191
6 200
6 202
6 203
6 209
6 221
6 225
6 227
6 228
6 236
6 251
6 255
6 256
6 264
6 266
6 272
6 279
7 50
7 51
7 52
7 53
7 54
7 55
7 56
7 57
7 58
7 59
7 60
7 61
7 63
7 64
7 65
7 66
7 67
7 68
7 69
7 70
7 72
7 79
7 80
7 82
7 83
7 88
7 89
7 90
7 92
7 94
7 96
7 102
7 105
7 106
7 107
7 109
7 112
7 118
7 119
7 120
7 121
7 124
7 132
7 133
7 134
7 136
7 138
7 139
7 140
7 142
7 145
7 146
7 150
7 156
7 157
7 163
7 164
7 176
7 180
7 182
7 189
7 195
7 196
7 204
7 205
7 215
7 218
7 227
7 233
7 242
7 246
7 247
7 252
7 256
7 264
7 267
7 271
7 274
7 275
7 277
7 279
7 281
7 296
8 50
8 51
8 52
8 54
8 55
8 56
8 57
8 58
8 59
8 60
8 61
8 62
8 63
8 66
8 68
8 69
8 71
8 77
8 84
8 89
8 94
8 95
8 98
8 99
8 100
8 101
8 102
8 103
8 106
8 107
8 114
8 116
8 120
8 126
8 131
8 136
8 137
8 138
8 144
8 149
8 151
8 153
8 158
8 168
8 171
8 178
8 187
8 188
8 201
8 233
8 253
8 264
8 273
8 282
8 287
8 297
8 76
9 50
9 51
9 52
9 53
9 54
9 56
9 57
9 58
9 59
9 60
9 61
9 64
9 65
9 66
9 72
9 73
9 75
9 79
9 81
9 83
9 85
9 86
9 87
9 90
9 92
9 93
9 94
9 95
9 96
9 101
9 106
9 109
9 110
9 112
9 120
9 121
9 126
9 127
9 129
9 134
9 141
9 160
9 164
9 171
9 185
9 196
9 197
9 199
9 204
9 205
9 207
9 215
9 218
9 220
9 224
9 228
9 229
9 232
9 249
9 254
9 259
9 265
9 274
9 276
9 279
9 283
9 293
9 296
10 50
10 51
10 53
10 54
10 55
10 56
10 57
10 58
10 59
10 60
10 61
10 64
10 65
10 66
10 67
10 68
10 71
10 74
10 80
10 81
10 82
10 84
10 85
10 87
10 91
10 96
10 97
10 98
10 99
10 100
10 102
10 106
10 118
10 119
10 124
10 134
10 135
10 143
10 145
10 164
10 175
10 181
10 182
10 183
10 190
10 194
10 197
10 198
10 200
10 201
10 203
10 204
10 209
10 216
10 230
10 232
10 247
10 250
10 255
10 258
10 267
10 268
10 271
10 283
10 291
10 299
10 261
11 50
11 51
11 52
11 53
11 54
11 55
11 56
11 57
11 58
11 60
11 61
11 62
11 63
11 64
11 65
11 66
11 67
11 70
11 71
11 72
11 75
11 76
11 77
11 78
11 79
11 80
11 81
11 82
11 85
11 87
11 88
11 89
11 90
11 91
11 92
11 93
11 95
11 98
11 100
11 101
11 103
11 104
11 105
11 106
11 108
11 109
11 110
11 113
11 116
11 117
11 118
11 120
11 121
11 124
11 125
11 126
11 127
11 128
11 130
11 132
11 133
11 134
11 136
11 142
11 144
11 148
11 149
11 157
11 160
11 161
11 162
11 163
11 164
11 169
11 171
11 175
11 177
11 182
11 188
11 191
11 198
11 201
11 209
11 214
11 215
11 223
11 224
11 225
11 229
11 231
11 238
11 248
11 249
11 250
11 256
11 264
11 265
11 271
11 272
11 278
11 280
11 283
11 290
11 291
11 292
11 293
11 295
11 298
11 146
12 50
12 51
12 52
12 53
12 54
12 55
12 56
12 57
12 58
12 59
12 60
12 61
12 62
12 63
12 64
12 65
12 66
12 68
12 69
12 73
12 74
12 75
12 78
12 80
12 85
12 86
12 87
12 91
12 92
12 94
12 95
12 98
12 100
12 101
12 102
12 103
12 106
12 107
12 110
12 112
12 113
12 115
12 118
12 121
12 137
12 141
12 144
12 151
12 155
12 156
12 159
12 167
12 169
12 175
12 176
12 182
12 185
12 201
12 202
12 210
12 220
12 228
12 230
12 240
12 241
12 242
12 243
12 245
12 256
12 260
12 268
12 277
12 278
12 279
12 296
12 261
12 16
13 50
13 52
13 53
13 54
13 56
13 57
13 59
13 60
13 61
13 62
13 63
13 64
13 65
13 67
13 68
13 71
13 72
13 77
13 78
13 80
13 82
13 84
13 85
13 86
13 88
13 90
13 93
13 95
13 97
13 99
13 100
13 101
13 103
13 106
13 109
13 110
13 114
13 117
13 124
13 126
13 127
13 129
13 132
13 137
13 138
13 139
13 140
13 143
13 146
13 150
13 156
13 157
13 158
13 167
13 178
13 183
13 186
13 198
13 202
13 208
13 214
13 218
13 231
13 237
13 251
13 253
13 256
13 257
13 262
13 273
13 277
13 279
13 281
13 288
13 289
13 291
13 296
14 50
14 51
14 52
14 53
14 54
14 55
14 56
14 57
14 58
14 59
14 61
14 62
14 63
14 64
14 67
14 68
14 70
14 71
14 74
14 77
14 78
14 79
14 80
14 82
14 83
14 87
14 88
14 92
14 93
14 95
14 99
14 102
14 104
14 106
14 110
14 111
14 112
14 115
14 119
14 120
14 123
14 126
14 130
14 133
14 135
14 141
14 143
14 146
14 148
14 150
14 153
14 159
14 160
14 161
14 165
14 173
14 174
14 176
14 178
14 182
14 183
14 188
14 198
14 199
14 202
14 207
14 208
14 210
14 217
14 218
14 227
14 232
14 248
14 249
14 250
14 252
14 256
14 257
14 262
14 263
14 266
14 268
14 272
14 273
14 279
14 282
14 284
14 288
14 290
14 139
15 50
15 51
15 52
15 53
15 54
15 55
15 56
15 57
15 59
15 60
15 61
15 62
15 63
15 65
15 66
15 67
15 68
15 69
15 70
15 72
15 73
15 74
15 76
15 77
15 78
15 82
15 83
15 85
15 86
15 90
15 92
15 94
15 96
15 98
15 100
15 103
15 104
15 112
15 114
15 117
15 122
15 127
15 128
15 131
15 133
15 135
15 137
15 140
15 144
15 150
15 160
15 167
15 177
15 178
15 181
15 182
15 185
15 187
15 191
15 192
15 194
15 196
15 197
15 221
15 228
15 233
15 234
15 249
15 254
15 255
15 257
15 259
15 261
15 262
15 263
15 266
15 268
15 269
15 272
15 273
15 278
15 279
15 283
15 291
16 50
16 51
16 52
16 53
16 54
16 55
16 56
16 57
16 58
16 59
16 60
16 61
16 62
16 63
16 67
16 69
16 70
16 76
16 77
16 79
16 81
16 82
16 83
16 85
16 86
16 88
16 92
16 97
16 98
16 99
16 102
16 104
16 105
16 114
16 118
16 119
16 120
16 128
16 130
16 133
16 145
16 147
16 158
16 159
16 162
16 164
16 170
16 172
16 175
16 180
16 183
16 187
16 216
16 217
16 221
16 223
16 228
16 230
16 235
16 236
16 238
16 241
16 247
16 256
16 261
16 264
16 267
16 271
16 276
16 278
16 291
16 293
17 50
17 51
17 52
17 53
17 54
17 55
17 56
17 57
17 58
17 59
17 62
17 64
17 65
17 66
17 67
17 69
17 73
17 75
17 76
17 77
17 82
17 86
17 87
17 88
17 89
17 92
17 94
17 95
17 96
17 99
17 100
17 105
17 107
17 112
17 113
17 116
17 121
17 125
17 131
17 142
17 143
17 144
17 146
17 186
17 187
17 195
17 197
17 207
17 216
17 219
17 223
17 230
17 231
17 237
17 250
17 252
17 277
17 292
17 293
17 297
18 50
18 51
18 52
18 53
18 54
18 55
18 56
18 57
18 58
18 59
18 60
18 61
18 62
18 63
18 66
18 67
18 68
18 69
18 71
18 72
18 74
18 75
18 77
18 81
18 83
18 87
18 91
18 95
18 98
18 101
18 114
18 115
18 122
18 123
18 127
18 131
18 138
18 144
18 145
18 160
18 163
18 165
18 171
18 177
18 178
18 182
18 190
18 201
18 207
18 220
18 221
18 224
18 225
18 229
18 231
18 239
18 244
18 245
18 246
18 249
18 270
18 280
18 298
18 223
19 50
19 51
19 52
19 53
19 54
19 56
19 57
19 58
19 59
19 60
19 61
19 62
19 63
19 65
19 66
19 68
19 70
19 71
19 74
19 75
19 76
19 77
19 79
19 80
19 82
19 86
19 88
19 89
19 92
19 94
19 97
19 98
19 99
19 101
19 102
19 103
19 106
19 108
19 115
19 117
19 119
19 121
19 124
19 127
19 128
19 131
19 132
19 134
19 135
19 137
19 138
19 139
19 147
19 149
19 151
19 152
19 156
19 162
19 163
19 168
19 170
19 172
19 174
19 177
19 178
19 180
19 182
19 185
19 193
19 194
19 209
19 215
19 228
19 229
19 231
19 236
19 238
19 244
19 247
19 250
19 252
19 253
19 254
19 255
19 259
19 264
19 265
19 270
19 283
19 297
19 298
20 50
20 51
20 52
20 53
20 54
20 55
20 56
20 57
20 58
20 59
20 60
20 61
20 63
20 64
20 65
20 66
20 67
20 68
20 70
20 72
20 73
20 76
20 77
20 79
20 80
20 82
20 83
20 85
20 87
20 88
20 89
20 92
20 93
20 94
20 97
20 98
20 99
20 101
20 102
20 104
20 105
20 108
20 110
20 113
20 115
20 125
20 126
20 131
20 137
20 140
20 141
20 143
20 144
20 148
20 153
20 157
20 164
20 168
20 169
20 170
20 174
20 177
20 182
20 187
20 189
20 192
20 193
20 196
20 197
20 200
20 201
20 207
20 209
20 214
20 215
20 225
20 234
20 240
20 243
20 254
20 257
20 258
20 262
20 266
20 268
20 274
20 280
20 287
20 288
20 295
20 297
21 50
21 51
21 52
21 53
21 54
21 55
21 58
21 60
21 62
21 64
21 66
21 67
21 69
21 70
21 73
21 75
21 76
21 77
21 78
21 81
21 83
21 84
21 87
21 89
21 91
21 93
21 96
21 100
21 101
21 109
21 113
21 123
21 126
21 128
21 136
21 137
21 141
21 143
21 158
21 162
21 171
21 173
21 178
21 189
21 192
21 203
21 205
21 216
21 227
21 238
21 254
21 271
21 280
21 282
21 289
22 50
22 51
22 52
22 53
22 54
22 55
22 56
22 57
22 58
22 59
22 60
22 62
22 64
22 65
22 67
22 68
22 69
22 70
22 71
22 74
22 78
22 85
22 87
22 89
22 93
22 97
22 101
22 104
22 110
22 112
22 117
22 119
22 122
22 126
22 130
22 141
22 149
22 154
22 155
22 161
22 167
22 170
22 174
22 182
22 189
22 198
22 201
22 207
22 211
22 214
22 217
22 237
22 242
22 248
22 263
22 264
22 280
22 282
22 286
22 292
22 39
23 50
23 51
23 52
23 53
23 54
23 55
23 56
23 57
23 58
23 59
23 60
23 61
23 62
23 63
23 64
23 65
23 68
23 72
23 73
23 75
23 78
23 79
23 81
23 82
23 83
23 84
23 86
23 88
23 91
23 93
23 96
23 97
23 100
23 101
23 104
23 105
23 112
23 114
23 122
23 125
23 127
23 128
23 130
23 133
23 139
23 140
23 141
23 145
23 153
23 155
23 161
23 168
23 174
23 178
23 181
23 187
23 195
23 214
23 215
23 216
23 217
23 226
23 229
23 231
23 234
23 239
23 242
23 245
23 247
23 249
23 268
23 273
23 282
23 288
23 290
23 293
24 50
24 51
24 52
24 53
24 55
24 57
24 58
24 60
24 62
24 64
24 65
24 66
24 68
24 69
24 70
24 71
24 73
24 75
24 76
24 81
24 86
24 89
24 91
24 92
24 93
24 102
24 107
24 108
24 109
24 114
24 115
24 116
24 117
24 118
24 120
24 122
24 131
24 140
24 144
24 146
24 147
24 153
24 161
24 163
24 164
24 174
24 183
24 195
24 219
24 220
24 226
24 227
24 244
24 250
24 259
24 260
24 263
24 269
24 280
24 293
25 50
25 51
25 52
25 53
25 54
25 55
25 56
25 57
25 58
25 59
25 60
25 61
25 62
25 63
25 67
25 70
25 71
25 72
25 74
25 77
25 79
25 81
25 82
25 84
25 85
25 86
25 87
25 88
25 90
25 91
25 93
25 95
25 103
25 104
25 107
25 109
25 110
25 119
25 120
25 133
25 134
25 141
25 152
25 155
25 158
25 159
25 163
25 166
25 172
25 188
25 202
25 210
25 214
25 247
25 249
25 252
25 253
25 285
25 292
25 294
25 295
25 278
25 73
26 50
26 51
26 52
26 53
26 54
26 55
26 56
26 57
26 63
26 64
26 65
26 68
26 70
26 83
26 90
26 94
26 96
26 103
26 104
26 112
26 113
26 118
26 129
26 131
26 145
26 146
26 149
26 154
26 158
26 160
26 162
26 170
26 175
26 191
26 207
26 215
26 216
26 227
26 236
26 243
26 251
26 255
26 259
26 264
26 289
27 50
27 51
27 52
27 55
27 56
27 57
27 59
27 63
27 64
27 65
27 67
27 72
27 74
27 76
27 77
27 81
27 85
27 88
27 91
27 106
27 108
27 113
27 118
27 120
27 122
27 124
27 128
27 137
27 140
27 142
27 149
27 150
27 154
27 162
27 166
27 167
27 169
27 172
27 176
27 178
27 185
27 193
27 202
27 206
27 211
27 212
27 232
27 233
27 240
27 243
27 245
27 246
27 247
27 250
27 252
27 254
27 260
27 263
27 264
27 281
27 283
27 286
27 297
28 50
28 51
28 52
28 53
28 54
28 55
28 58
28 59
28 60
28 62
28 63
28 69
28 70
28 72
28 73
28 76
28 77
28 78
28 81
28 82
28 91
28 98
28 101
28 110
28 112
28 113
28 122
28 129
28 131
28 133
28 134
28 137
28 153
28 158
28 160
28 166
28 181
28 216
28 217
28 218
28 241
28 246
28 249
28 262
28 264
28 267
28 273
28 276
28 290
28 292
29 50
29 51
29 52
29 53
29 54
29 55
29 56
29 58
29 59
29 60
29 61
29 62
29 63
29 64
29 65
29 67
29 68
29 69
29 70
29 71
29 72
29 74
29 75
29 76
29 77
29 79
29 80
29 81
29 83
29 84
29 87
29 88
29 89
29 95
29 98
29 99
29 100
29 104
29 105
29 107
29 109
29 111
29 113
29 114
29 117
29 120
29 125
29 129
29 132
29 135
29 137
29 138
29 141
29 146
29 148
29 155
29 163
29 171
29 177
29 191
29 193
29 195
29 196
29 197
29 198
29 213
29 216
29 217
29 224
29 225
29 233
29 241
29 242
29 245
29 262
29 275
29 278
29 280
29 288
29 290
29 295
30 50
30 51
30 52
30 53
30 54
30 55
30 56
30 57
30 58
30 59
30 61
30 62
30 63
30 64
30 66
30 68
30 69
30 74
30 77
30 78
30 81
30 89
30 90
30 92
30 93
30 99
30 102
30 103
30 113
30 116
30 118
30 124
30 136
30 138
30 140
30 145
30 146
30 150
30 156
30 158
30 159
30 160
30 163
30 174
30 175
30 184
30 194
30 199
30 205
30 210
30 214
30 221
30 223
30 225
30 226
30 227
30 228
30 231
30 238
30 244
30 247
30 250
30 253
30 255
30 263
30 276
30 280
30 283
30 285
30 293
30 297
31 50
31 51
31 52
31 53
31 54
31 56
31 57
31 58
31 59
31 60
31 61
31 62
31 63
31 64
31 65
31 66
31 67
31 68
31 69
31 70
31 72
31 73
31 74
31 75
31 76
31 78
31 79
31 80
31 82
31 83
31 84
31 85
31 87
31 92
31 94
31 95
31 97
31 100
31 101
31 102
31 106
31 108
31 109
31 113
31 114
31 115
31 121
31 130
31 131
31 132
31 133
31 134
31 135
31 141
31 145
31 148
31 149
31 153
31 158
31 160
31 162
31 166
31 172
31 174
31 175
31 177
31 189
31 199
31 200
31 204
31 209
31 210
31 221
31 224
31 226
31 229
31 232
31 239
31 242
31 249
31 257
31 259
31 264
31 267
31 268
31 282
31 285
31 295
31 146
32 50
32 51
32 52
32 53
32 54
32 55
32 56
32 57
32 58
32 59
32 60
32 61
32 62
32 65
32 66
32 67
32 68
32 69
32 70
32 71
32 73
32 78
32 79
32 80
32 82
32 88
32 93
32 94
32 95
32 97
32 101
32 103
32 105
32 106
32 115
32 116
32 122
32 123
32 127
32 128
32 129
32 131
32 134
32 135
32 142
32 143
32 149
32 150
32 153
32 162
32 163
32 164
32 166
32 167
32 172
32 179
32 182
32 186
32 187
32 190
32 194
32 197
32 199
32 202
32 203
32 209
32 210
32 212
32 215
32 222
32 228
32 232
32 235
32 240
32 256
32 259
32 260
32 261
32 269
32 273
32 274
32 285
32 293
32 253
33 50
33 51
33 52
33 53
33 54
33 55
33 56
33 58
33 59
33 60
33 61
33 64
33 65
33 66
33 68
33 69
33 70
33 71
33 74
33 75
33 77
33 78
33 79
33 80
33 81
33 83
33 89
33 91
33 95
33 99
33 100
33 101
33 102
33 106
33 109
33 112
33 116
33 122
33 124
33 132
33 133
33 135
33 136
33 139
33 140
33 142
33 149
33 159
33 160
33 162
33 165
33 180
33 186
33 189
33 199
33 211
33 214
33 217
33 220
33 221
33 226
33 229
33 234
33 235
33 239
33 243
33 250
33 256
33 272
33 276
33 288
33 294
34 50
34 51
34 52
34 53
34 54
34 55
34 56
34 58
34 59
34 60
34 62
34 63
34 64
34 65
34 67
34 69
34 70
34 71
34 72
34 73
34 74
34 75
34 76
34 77
34 79
34 80
34 81
34 83
34 84
34 85
34 86
34 93
34 97
34 98
34 100
34 102
34 103
34 106
34 108
34 111
34 112
34 116
34 119
34 122
34 123
34 125
34 130
34 135
34 141
34 150
34 154
34 155
34 158
34 165
34 168
34 173
34 180
34 182
34 190
34 194
34 198
34 201
34 211
34 219
34 223
34 237
34 248
34 253
34 258
34 282
34 291
34 292
35 50
35 51
35 53
35 54
35 55
35 56
35 57
35 58
35 59
35 60
35 61
35 62
35 63
35 64
35 66
35 67
35 68
35 69
35 71
35 72
35 73
35 74
35 75
35 77
35 80
35 81
35 82
35 84
35 85
35 86
35 88
35 89
35 90
35 93
35 95
35 96
35 97
35 98
35 103
35 106
35 109
35 110
35 113
35 120
35 122
35 123
35 130
35 135
35 136
35 138
35 148
35 152
35 153
35 158
35 159
35 173
35 178
35 182
35 183
35 191
35 192
35 203
35 215
35 220
35 221
35 222
35 227
35 234
35 238
35 240
35 243
35 244
35 245
35 249
35 251
35 254
35 255
35 257
35 261
35 263
35 267
35 278
35 282
35 287
35 289
35 297
35 298
35 299
36 50
36 51
36 52
36 53
36 54
36 55
36 56
36 57
36 58
36 59
36 63
36 65
36 66
36 67
36 68
36 69
36 71
36 72
36 73
36 76
36 77
36 79
36 81
36 83
36 85
36 86
36 87
36 90
36 91
36 93
36 94
36 95
36 96
36 98
36 99
36 100
36 104
36 105
36 107
36 108
36 109
36 110
36 112
36 113
36 115
36 118
36 121
36 123
36 124
36 125
36 130
36 134
36 135
36 137
36 143
36 155
36 159
36 160
36 161
36 164
36 166
36 168
36 171
36 174
36 175
36 176
36 177
36 178
36 179
36 183
36 184
36 188
36 191
36 195
36 197
36 205
36 206
36 209
36 213
36 214
36 217
36 222
36 230
36 233
36 234
36 239
36 248
36 253
36 255
36 257
36 261
36 278
36 279
36 281
36 282
36 284
36 286
36 293
36 297
37 50
37 51
37 52
37 53
37 54
37 55
37 56
37 57
37 58
37 59
37 61
37 62
37 64
37 65
37 68
37 69
37 71
37 72
37 73
37 74
37 75
37 77
37 79
37 82
37 85
37 94
37 95
37 99
37 100
37 101
37 102
37 103
37 108
37 115
37 128
37 133
37 141
37 142
37 146
37 150
37 151
37 152
37 168
37 173
37 182
37 183
37 187
37 189
37 202
37 209
37 239
37 241
37 242
37 256
37 269
37 290
37 297
37 298
37 299
38 50
38 51
38 52
38 53
38 54
38 55
38 56
38 57
38 58
38 59
38 60
38 61
38 63
38 64
38 65
38 67
38 68
38 69
38 70
38 71
38 75
38 76
38 78
38 79
38 82
38 83
38 85
38 87
38 89
38 97
38 98
38 101
38 104
38 105
38 106
38 107
38 109
38 110
38 116
38 118
38 119
38 123
38 126
38 127
38 135
38 136
38 137
38 138
38 139
38 140
38 141
38 142
38 146
38 147
38 148
38 149
38 155
38 156
38 159
38 163
38 170
38 172
38 179
38 183
38 187
38 196
38 198
38 201
38 202
38 204
38 213
38 219
38 235
38 240
38 255
38 257
38 269
38 270
38 274
38 288
38 289
38 291
38 296
38 298
39 50
39 51
39 52
39 53
39 54
39 55
39 56
39 57
39 58
39 59
39 60
39 62
39 63
39 64
39 65
39 66
39 68
39 69
39 70
39 71
39 72
39 73
39 74
39 77
39 79
39 80
39 84
39 85
39 86
39 88
39 89
39 96
39 97
39 99
39 100
39 102
39 107
39 110
39 111
39 112
39 113
39 116
39 121
39 123
39 125
39 127
39 131
39 139
39 140
39 145
39 153
39 155
39 156
39 158
39 159
39 160
39 163
39 171
39 174
39 184
39 195
39 200
39 204
39 206
39 212
39 220
39 227
39 230
39 249
39 261
39 263
39 286
39 291
39 293
39 297
40 50
40 51
40 52
40 53
40 54
40 55
40 56
40 58
40 59
40 60
40 61
40 62
40 63
40 64
40 65
40 66
40 67
40 68
40 69
40 71
40 72
40 73
40 75
40 76
40 77
40 78
40 79
40 82
40 83
40 84
40 90
40 92
40 93
40 96
40 97
40 102
40 112
40 114
40 116
40 124
40 125
40 129
40 132
40 133
40 144
40 145
40 149
40 154
40 156
40 158
40 161
40 164
40 168
40 169
40 171
40 172
40 178
40 185
40 190
40 196
40 197
40 199
40 203
40 204
40 206
40 211
40 213
40 218
40 225
40 234
40 241
40 246
40 253
40 260
40 261
40 262
40 266
40 270
40 275
40 280
40 284
40 287
40 263
41 50
41 51
41 52
41 53
41 54
41 55
41 56
41 57
41 58
41 60
41 61
41 64
41 65
41 66
41 67
41 68
41 69
41 70
41 71
41 73
41 74
41 75
41 77
41 78
41 79
41 83
41 86
41 87
41 94
41 95
41 98
41 99
41 105
41 111
41 115
41 116
41 117
41 118
41 120
41 122
41 123
41 126
41 135
41 147
41 150
41 151
41 155
41 167
41 169
41 171
41 173
41 178
41 207
41 213
41 236
41 244
41 246
41 251
41 257
41 272
41 275
41 283
42 50
42 51
42 52
42 53
42 54
42 55
42 56
42 57
42 58
42 59
42 61
42 62
42 63
42 64
42 66
42 67
42 68
42 69
42 70
42 71
42 72
42 75
42 78
42 82
42 85
42 86
42 87
42 89
42 90
42 94
42 97
42 99
42 105
42 108
42 109
42 115
42 117
42 118
42 119
42 128
42 131
42 139
42 144
42 153
42 156
42 162
42 168
42 169
42 171
42 174
42 178
42 180
42 182
42 184
42 190
42 193
42 204
42 208
42 216
42 227
42 229
42 233
42 236
42 240
42 243
42 249
42 258
42 263
42 265
42 266
42 269
42 280
42 282
43 50
43 51
43 52
43 53
43 54
43 55
43 56
43 57
43 58
43 59
43 61
43 63
43 64
43 65
43 66
43 67
43 70
43 71
43 72
43 73
43 74
43 76
43 80
43 83
43 86
43 87
43 88
43 90
43 95
43 96
43 107
43 110
43 111
43 132
43 140
43 142
43 144
43 145
43 150
43 152
43 154
43 157
43 161
43 178
43 179
43 186
43 187
43 192
43 194
43 201
43 202
43 204
43 206
43 211
43 212
43 213
43 215
43 220
43 232
43 235
43 245
43 246
43 252
43 267
43 284
43 285
43 292
44 50
44 51
44 52
44 53
44 56
44 57
44 60
44 62
44 63
44 64
44 65
44 67
44 69
44 70
44 71
44 73
44 74
44 81
44 86
44 88
44 94
44 97
44 98
44 100
44 106
44 108
44 110
44 119
44 128
44 141
44 143
44 150
44 151
44 153
44 155
44 156
44 164
44 165
44 170
44 178
44 180
44 182
44 185
44 188
44 194
44 198
44 209
44 219
44 224
44 234
44 273
44 289
44 261
45 50
45 51
45 52
45 53
45 54
45 55
45 56
45 57
45 59
45 60
45 61
45 62
45 65
45 66
45 70
45 72
45 75
45 76
45 77
45 79
45 80
45 83
45 87
45 89
45 90
45 91
45 95
45 97
45 99
45 102
45 107
45 108
45 116
45 118
45 119
45 124
45 126
45 131
45 137
45 143
45 144
45 146
45 148
45 151
45 155
45 156
45 157
45 158
45 161
45 163
45 168
45 180
45 185
45 189
45 198
45 206
45 207
45 218
45 222
45 238
45 242
45 248
45 257
45 264
45 266
45 268
45 269
45 283
45 285
45 293
45 67
46 50
46 51
46 52
46 53
46 54
46 55
46 57
46 58
46 59
46 60
46 61
46 63
46 66
46 67
46 69
46 70
46 72
46 73
46 74
46 75
46 80
46 84
46 87
46 90
46 92
46 94
46 96
46 103
46 106
46 107
46 108
46 109
46 111
46 113
46 115
46 123
46 125
46 126
46 132
46 134
46 137
46 139
46 145
46 147
46 149
46 154
46 155
46 161
46 168
46 169
46 170
46 176
46 184
46 188
46 190
46 191
46 193
46 195
46 201
46 203
46 205
46 208
46 209
46 219
46 232
46 238
46 241
46 243
46 251
46 253
46 257
46 261
46 262
46 270
46 271
46 281
47 50
47 51
47 52
47 53
47 55
47 58
47 59
47 60
47 61
47 62
47 63
47 64
47 67
47 69
47 71
47 72
47 73
47 74
47 76
47 78
47 80
47 81
47 82
47 84
47 86
47 87
47 88
47 90
47 94
47 96
47 100
47 103
47 106
47 108
47 113
47 115
47 117
47 118
47 120
47 121
47 122
47 132
47 143
47 145
47 148
47 154
47 155
47 160
47 163
47 177
47 178
47 180
47 181
47 185
47 195
47 196
47 197
47 201
47 202
47 209
47 213
47 223
47 224
47 243
47 253
47 258
47 269
47 280
47 282
47 286
47 297
48 50
48 51
48 52
48 54
48 55
48 56
48 57
48 60
48 61
48 62
48 63
48 64
48 66
48 68
48 69
48 71
48 73
48 74
48 76
48 78
48 79
48 80
48 81
48 82
48 86
48 92
48 93
48 95
48 98
48 99
48 102
48 104
48 111
48 113
48 115
48 117
48 121
48 122
48 125
48 127
48 130
48 134
48 136
48 138
48 140
48 143
48 153
48 157
48 162
48 176
48 177
48 178
48 184
48 193
48 195
48 198
48 212
48 213
48 230
48 238
48 242
48 245
48 255
48 260
48 277
48 280
48 281
48 287
49 50
49 51
49 52
49 53
49 54
49 55
49 56
49 57
49 58
49 59
49 60
49 61
49 62
49 63
49 64
49 65
49 66
49 67
49 69
49 70
49 71
49 75
49 76
49 81
49 84
49 87
49 90
49 93
49 94
49 98
49 99
49 101
49 103
49 105
49 107
49 109
49 111
49 114
49 124
49 126
49 130
49 139
49 141
49 147
49 152
49 158
49 164
49 172
49 189
49 190
49 195
49 203
49 204
49 208
49 216
49 221
49 223
49 224
49 225
49 228
49 239
49 244
49 246
49 250
49 259
49 265
49 269
49 276
49 286
49 292
50 51
50 52
50 53
50 54
50 55
50 56
50 57
50 58
50 59
50 60
50 61
50 62
50 63
50 64
50 65
50 67
50 68
50 69
50 70
50 71
50 72
50 73
50 74
50 75
50 76
50 77
50 78
50 79
50 80
50 81
50 82
50 83
50 84
50 85
50 86
50 87
50 88
50 89
50 90
50 91
50 92
50 93
50 94
50 95
50 96
50 98
50 99
50 100
50 101
50 104
50 105
50 107
50 108
50 110
50 111
50 113
50 114
50 115
50 117
50 118
50 119
50 124
50 125
50 127
50 129
50 130
50 131
50 132
50 133
50 139
50 140
50 142
50 143
50 147
50 148
50 149
50 150
50 151
50 152
50 153
50 156
50 159
50 160
50 161
50 164
50 165
50 167
50 168
50 173
50 174
50 177
50 178
50 179
50 180
50 183
50 184
50 186
50 188
50 190
50 191
50 192
50 196
50 197
50 199
50 200
50 202
50 203
50 204
50 206
50 209
50 210
50 211
50 216
50 217
50 222
50 223
50 224
50 225
50 227
50 229
50 233
50 244
50 246
50 248
50 250
50 252
50 253
50 256
50 259
50 261
50 262
50 264
50 265
50 266
50 268
50 271
50 273
50 275
50 276
50 277
50 278
50 279
50 283
50 289
50 290
50 294
51 52
51 53
51 54
51 55
51 56
51 57
51 58
51 59
51 60
51 61
51 62
51 63
51 64
51 65
51 66
51 67
51 68
51 69
51 70
51 71
51 72
51 73
51 74
51 75
51 76
51 77
51 78
51 79
51 80
51 81
51 82
51 83
51 84
51 86
51 88
51 89
51 90
51 91
51 92
51 93
51 94
51 95
51 96
51 97
51 98
51 99
51 102
51 104
51 105
51 107
51 108
51 111
51 112
51 117
51 119
51 122
51 124
51 125
51 126
51 128
51 131
51 132
51 133
51 134
51 139
51 140
51 141
51 142
51 150
51 151
51 153
51 154
51 158
51 159
51 160
51 163
51 165
51 167
51 168
51 169
51 171
51 172
51 173
51 174
51 175
51 176
51 178
51 180
51 181
51 183
51 187
51 188
51 189
51 191
51 194
51 201
51 203
51 205
51 209
51 210
51 211
51 213
51 214
51 216
51 218
51 219
51 220
51 221
51 224
51 225
51 227
51 228
51 230
51 236
51 238
51 242
51 250
51 251
51 253
51 258
51 259
51 260
51 267
51 270
51 274
51 276
51 280
51 284
51 285
51 286
51 287
51 291
51 292
51 293
51 294
51 295
51 298
52 53
52 54
52 55
52 56
52 57
52 58
52 59
52 60
52 61
52 62
52 63
52 64
52 65
52 66
52 67
52 68
52 69
52 70
52 71
52 72
52 73
52 74
52 75
52 76
52 78
52 79
52 80
52 81
52 82
52 83
52 84
52 85
52 87
52 88
52 89
52 92
52 93
52 94
52 95
52 96
52 98
52 99
52 100
52 101
52 103
52 104
52 106
52 109
52 111
52 112
52 113
52 114
52 115
52 117
52 118
52 119
52 120
52 121
52 122
52 124
52 125
52 128
52 129
52 133
52 134
52 136
52 140
52 141
52 142
52 143
52 144
52 145
52 146
52 149
52 150
52 152
52 154
52 155
52 156
52 157
52 159
52 160
52 164
52 165
52 167
52 168
52 174
52 175
52 176
52 177
52 180
52 182
52 183
52 184
52 185
52 186
52 191
52 192
52 193
52 195
52 199
52 200
52 203
52 206
52 207
52 210
52 214
52 220
52 221
52 225
52 228
52 229
52 230
52 236
52 239
52 242
52 244
52 247
52 250
52 252
52 255
52 256
52 257
52 262
52 263
52 264
52 267
52 270
52 271
52 277
52 281
52 285
52 287
52 291
52 292
52 295
52 298
52 299
52 284
53 54
53 55
53 56
53 57
53 58
53 59
53 60
53 61
53 62
53 63
53 64
53 65
53 66
53 67
53 68
53 69
53 70
53 71
53 72
53 73
53 74
53 75
53 76
53 77
53 78
53 79
53 80
53 81
53 82
53 83
53 84
53 85
53 86
53 87
53 88
53 89
53 90
53 91
53 93
53 95
53 96
53 97
53 98
53 100
53 101
53 103
53 106
53 107
53 109
53 111
53 112
53 114
53 116
53 117
53 120
53 121
53 123
53 124
53 125
53 127
53 128
53 130
53 131
53 133
53 134
53 136
53 144
53 147
53 148
53 149
53 150
53 152
53 154
53 155
53 156
53 161
53 162
53 166
53 167
53 172
53 173
53 176
53 177
53 179
53 182
53 183
53 186
53 190
53 192
53 193
53 194
53 195
53 198
53 203
53 212
53 213
53 220
53 222
53 223
53 226
53 228
53 229
53 231
53 232
53 235
53 238
53 240
53 242
53 243
53 249
53 250
53 252
53 258
53 261
53 262
53 264
53 267
53 268
53 269
53 276
53 277
53 279
53 280
53 287
53 288
53 290
53 297
54 55
54 56
54 57
54 58
54 59
54 60
54 61
54 62
54 63
54 64
54 65
54 66
54 67
54 68
54 69
54 70
54 71
54 72
54 73
54 74
54 75
54 76
54 77
54 78
54 79
54 80
54 81
54 82
54 83
54 84
54 85
54 86
54 87
54 88
54 90
54 92
54 93
54 94
54 96
54 97
54 99
54 100
54 101
54 102
54 103
54 104
54 105
54 106
54 107
54 108
54 109
54 110
54 111
54 112
54 113
54 114
54 115
54 116
54 118
54 120
54 123
54 124
54 125
54 126
54 128
54 130
54 131
54 135
54 136
54 138
54 141
54 142
54 143
54 146
54 147
54 148
54 151
54 154
54 156
54 157
54 160
54 161
54 163
54 167
54 168
54 172
54 173
54 174
54 176
54 180
54 182
54 187
54 193
54 194
54 195
54 197
54 198
54 201
54 205
54 206
54 208
54 217
54 218
54 219
54 228
54 229
54 230
54 235
54 242
54 244
54 246
54 247
54 248
54 252
54 259
54 260
54 263
54 266
54 271
54 272
54 273
54 275
54 276
54 280
54 281
54 287
54 179
55 56
55 57
55 58
55 59
55 60
55 61
55 62
55 63
55 64
55 65
55 66
55 67
55 68
55 69
55 70
55 71
55 73
55 74
55 75
55 76
55 77
55 78
55 79
55 80
55 81
55 82
55 83
55 84
55 85
55 86
55 87
55 88
55 90
55 91
55 92
55 93
55 94
55 96
55 97
55 99
55 100
55 102
55 103
55 104
55 105
55 107
55 108
55 111
55 112
55 118
55 120
55 122
55 124
55 125
55 126
55 127
55 128
55 132
55 133
55 134
55 136
55 138
55 139
55 140
55 144
55 151
55 154
55 156
55 158
55 160
55 161
55 163
55 164
55 167
55 170
55 173
55 174
55 175
55 177
55 178
55 182
55 189
55 190
55 193
55 196
55 198
55 199
55 200
55 206
55 215
55 221
55 228
55 230
55 231
55 232
55 234
55 235
55 236
55 237
55 238
55 239
55 242
55 243
55 244
55 248
55 251
55 252
55 254
55 257
55 259
55 260
55 261
55 262
55 264
55 265
55 272
55 274
55 275
55 276
55 277
55 278
55 279
55 280
55 284
55 286
55 290
55 291
55 293
55 294
55 295
55 296
55 297
55 299
56 57
56 58
56 59
56 60
56 61
56 62
56 63
56 64
56 65
56 66
56 67
56 68
56 69
56 70
56 71
56 72
56 73
56 74
56 75
56 76
56 77
56 78
56 79
56 80
56 81
56 83
56 84
56 85
56 86
56 87
56 88
56 89
56 90
56 91
56 94
56 95
56 96
56 97
56 98
56 101
56 103
56 104
56 105
56 106
56 107
56 111
56 113
56 115
56 120
56 121
56 122
56 123
56 124
56 126
56 127
56 128
56 129
56 130
56 131
56 134
56 141
56 142
56 144
56 145
56 147
56 151
56 153
56 154
56 157
56 158
56 159
56 160
56 161
56 163
56 164
56 166
56 167
56 168
56 169
56 172
56 173
56 178
56 180
56 181
56 183
56 185
56 187
56 191
56 200
56 201
56 204
56 207
56 209
56 213
56 215
56 218
56 219
56 226
56 227
56 229
56 230
56 236
56 241
56 243
56 249
56 251
56 252
56 253
56 254
56 257
56 261
56 262
56 263
56 270
56 273
56 286
56 288
56 293
56 295
56 298
57 58
57 59
57 60
57 61
57 62
57 63
57 64
57 65
57 66
57 67
57 68
57 69
57 70
57 71
57 72
57 73
57 74
57 75
57 76
57 77
57 78
57 79
57 80
57 82
57 83
57 84
57 85
57 86
57 88
57 89
57 90
57 91
57 92
57 94
57 95
57 97
57 98
57 99
57 100
57 102
57 103
57 105
57 106
57 107
57 108
57 109
57 110
57 111
57 112
57 113
57 114
57 115
57 116
57 117
57 118
57 119
57 120
57 121
57 122
57 126
57 127
57 129
57 130
57 133
57 139
57 140
57 141
57 142
57 146
57 147
57 148
57 154
57 156
57 157
57 159
57 160
57 161
57 162
57 163
57 165
57 168
57 169
57 170
57 172
57 173
57 174
57 176
57 178
57 179
57 182
57 186
57 188
57 189
57 193
57 194
57 196
57 199
57 200
57 202
57 205
57 211
57 212
57 213
57 215
57 216
57 218
57 222
57 224
57 226
57 229
57 231
57 235
57 236
57 237
57 248
57 249
57 251
57 252
57 255
57 257
57 258
57 259
57 260
57 264
57 266
57 267
57 270
57 275
57 282
57 284
57 287
57 289
57 293
57 298
57 299
58 59
58 60
58 61
58 62
58 63
58 64
58 65
58 66
58 67
58 68
58 69
58 70
58 71
58 72
58 73
58 74
58 75
58 76
58 78
58 79
58 80
58 81
58 82
58 83
58 84
58 85
58 87
58 88
58 89
58 90
58 91
58 92
58 93
58 94
58 95
58 97
58 99
58 100
58 101
58 104
58 105
58 106
58 107
58 110
58 111
58 113
58 115
58 119
58 121
58 122
58 123
58 124
58 125
58 128
58 130
58 131
58 134
58 136
58 137
58 139
58 140
58 142
58 143
58 145
58 146
58 149
58 153
58 154
58 155
58 157
58 162
58 165
58 166
58 167
58 168
58 171
58 174
58 175
58 176
58 180
58 184
58 186
58 188
58 193
58 195
58 206
58 211
58 223
58 224
58 225
58 226
58 228
58 234
58 236
58 238
58 241
58 242
58 244
58 247
58 248
58 249
58 251
58 253
58 256
58 260
58 262
58 266
58 267
58 272
58 274
58 277
58 281
58 283
58 293
58 298
59 60
59 61
59 62
59 63
59 64
59 65
59 66
59 67
59 69
59 71
59 72
59 73
59 74
59 75
59 76
59 77
59 78
59 79
59 80
59 81
59 82
59 83
59 84
59 85
59 86
59 87
59 88
59 90
59 91
59 92
59 93
59 97
59 100
59 101
59 102
59 103
59 106
59 108
59 109
59 110
59 114
59 115
59 117
59 119
59 123
59 129
59 130
59 132
59 136
59 137
59 140
59 141
59 142
59 143
59 145
59 146
59 150
59 151
59 154
59 155
59 157
59 158
59 161
59 162
59 164
59 165
59 167
59 168
59 169
59 175
59 176
59 177
59 179
59 181
59 183
59 184
59 189
59 192
59 195
59 198
59 199
59 201
59 206
59 211
59 212
59 216
59 220
59 221
59 222
59 224
59 227
59 229
59 236
59 237
59 238
59 239
59 245
59 246
59 247
59 249
59 250
59 252
59 256
59 257
59 261
59 265
59 266
59 269
59 279
59 280
59 284
59 288
59 290
59 294
59 193
60 61
60 62
60 63
60 64
60 65
60 66
60 67
60 68
60 69
60 70
60 71
60 72
60 73
60 74
60 75
60 76
60 77
60 78
60 79
60 80
60 81
60 82
60 83
60 84
60 85
60 89
60 92
60 95
60 96
60 99
60 100
60 101
60 102
60 104
60 105
60 109
60 111
60 112
60 113
60 114
60 115
60 116
60 117
60 121
60 123
60 124
60 126
60 130
60 133
60 135
60 136
60 137
60 138
60 140
60 141
60 143
60 147
60 150
60 151
60 152
60 153
60 155
60 156
60 161
60 162
60 164
60 165
60 166
60 168
60 170
60 173
60 176
60 177
60 179
60 180
60 184
60 187
60 188
60 197
60 200
60 204
60 219
60 227
60 228
60 232
60 233
60 236
60 237
60 238
60 239
60 240
60 242
60 248
60 250
60 251
60 258
60 262
60 267
60 268
60 272
60 277
60 282
60 283
60 285
60 288
60 291
60 296
61 62
61 63
61 64
61 65
61 66
61 67
61 68
61 69
61 70
61 71
61 72
61 73
61 74
61 75
61 76
61 77
61 78
61 79
61 80
61 81
61 82
61 83
61 84
61 85
61 88
61 89
61 91
61 95
61 97
61 98
61 99
61 101
61 102
61 103
61 104
61 105
61 107
61 108
61 109
61 110
61 111
61 113
61 114
61 115
61 118
61 120
61 123
61 124
61 126
61 127
61 128
61 129
61 130
61 131
61 132
61 133
61 134
61 136
61 137
61 138
61 139
61 144
61 147
61 150
61 153
61 154
61 157
61 158
61 162
61 166
61 167
61 169
61 177
61 180
61 185
61 191
61 194
61 195
61 196
61 197
61 199
61 201
61 202
61 203
61 204
61 207
61 209
61 211
61 213
61 214
61 215
61 217
61 218
61 219
61 222
61 224
61 225
61 227
61 228
61 229
61 231
61 235
61 236
61 237
61 238
61 239
61 240
61 244
61 245
61 246
61 247
61 251
61 252
61 255
61 258
61 264
61 265
61 272
61 277
61 282
61 283
61 290
61 293
61 295
61 296
61 298
62 63
62 64
62 65
62 66
62 67
62 68
62 69
62 70
62 71
62 72
62 73
62 74
62 75
62 76
62 77
62 78
62 79
62 80
62 81
62 82
62 83
62 86
62 88
62 89
62 90
62 91
62 93
62 94
62 95
62 97
62 98
62 101
62 102
62 104
62 106
62 107
62 108
62 110
62 112
62 113
62 115
62 116
62 118
62 119
62 120
62 121
62 122
62 124
62 125
62 126
62 129
62 130
62 132
62 134
62 140
62 142
62 144
62 145
62 146
62 149
62 152
62 153
62 154
62 157
62 158
62 167
62 168
62 170
62 171
62 177
62 182
62 183
62 185
62 188
62 191
62 194
62 198
62 201
62 202
62 205
62 206
62 207
62 208
62 209
62 212
62 217
62 222
62 225
62 226
62 227
62 228
62 230
62 236
62 238
62 245
62 246
62 248
62 251
62 253
62 255
62 256
62 257
62 259
62 266
62 269
62 270
62 273
62 276
62 279
62 280
62 281
62 284
62 286
62 292
62 294
62 297
63 64
63 65
63 66
63 67
63 68
63 69
63 70
63 71
63 72
63 73
63 74
63 76
63 77
63 78
63 80
63 81
63 83
63 87
63 89
63 90
63 91
63 93
63 94
63 95
63 96
63 97
63 100
63 103
63 105
63 107
63 108
63 109
63 111
63 114
63 115
63 117
63 120
63 121
63 123
63 124
63 126
63 129
63 130
63 132
63 137
63 139
63 140
63 141
63 148
63 151
63 152
63 156
63 157
63 160
63 163
63 166
63 170
63 171
63 172
63 173
63 174
63 176
63 181
63 182
63 185
63 187
63 189
63 201
63 203
63 204
63 208
63 212
63 214
63 216
63 217
63 222
63 226
63 231
63 233
63 240
63 246
63 248
63 251
63 253
63 254
63 257
63 259
63 264
63 265
63 267
63 271
63 277
63 279
63 288
63 289
63 290
63 292
63 296
63 297
63 299
64 65
64 66
64 67
64 68
64 69
64 70
64 71
64 72
64 73
64 74
64 75
64 76
64 77
64 78
64 79
64 80
64 82
64 83
64 84
64 85
64 86
64 89
64 90
64 91
64 92
64 96
64 98
64 99
64 100
64 102
64 103
64 107
64 108
64 112
64 115
64 116
64 117
64 120
64 121
64 122
64 123
64 126
64 127
64 128
64 130
64 131
64 133
64 134
64 135
64 136
64 137
64 138
64 141
64 145
64 146
64 148
64 150
64 151
64 152
64 155
64 156
64 158
64 161
64 162
64 163
64 164
64 165
64 166
64 168
64 169
64 170
64 171
64 172
64 173
64 176
64 178
64 179
64 181
64 182
64 184
64 185
64 186
64 192
64 199
64 200
64 201
64 207
64 209
64 213
64 216
64 220
64 221
64 224
64 225
64 231
64 233
64 236
64 237
64 242
64 244
64 252
64 253
64 254
64 257
64 259
64 260
64 261
64 263
64 264
64 265
64 267
64 270
64 273
64 279
64 280
64 281
64 282
64 286
64 287
64 294
64 295
64 298
65 66
65 67
65 68
65 69
65 70
65 71
65 72
65 73
65 74
65 75
65 76
65 77
65 78
65 79
65 80
65 81
65 82
65 83
65 84
65 85
65 87
65 88
65 89
65 90
65 91
65 93
65 94
65 97
65 98
65 100
65 102
65 103
65 104
65 105
65 108
65 110
65 111
65 112
65 114
65 115
65 116
65 117
65 123
65 130
65 131
65 134
65 135
65 136
65 137
65 138
65 139
65 141
65 142
65 145
65 148
65 149
65 150
65 152
65 153
65 156
65 157
65 158
65 160
65 164
65 165
65 167
65 171
65 173
65 175
65 179
65 180
65 183
65 184
65 186
65 187
65 188
65 189
65 190
65 191
65 193
65 194
65 197
65 198
65 213
65 214
65 216
65 224
65 226
65 227
65 230
65 232
65 241
65 242
65 243
65 246
65 249
65 250
65 253
65 256
65 260
65 261
65 268
65 271
65 273
65 276
65 278
65 282
65 285
65 288
65 289
65 291
65 292
65 295
65 166
66 67
66 68
66 69
66 70
66 71
66 72
66 73
66 74
66 75
66 76
66 77
66 78
66 79
66 80
66 81
66 82
66 83
66 84
66 86
66 87
66 88
66 89
66 91
66 92
66 93
66 95
66 96
66 97
66 98
66 100
66 101
66 102
66 103
66 104
66 107
66 108
66 109
66 110
66 111
66 116
66 117
66 119
66 121
66 125
66 126
66 127
66 128
66 131
66 132
66 134
66 136
66 138
66 139
66 141
66 143
66 144
66 145
66 148
66 150
66 152
66 154
66 155
66 158
66 159
66 160
66 161
66 164
66 167
66 168
66 171
66 174
66 177
66 178
66 179
66 181
66 185
66 187
66 188
66 189
66 190
66 193
66 194
66 195
66 196
66 198
66 203
66 205
66 208
66 209
66 213
66 215
66 217
66 218
66 224
66 226
66 230
66 231
66 236
66 237
66 244
66 245
66 247
66 253
66 262
66 269
66 272
66 275
66 280
66 281
66 284
66 288
66 299
67 68
67 69
67 70
67 71
67 72
67 73
67 74
67 75
67 76
67 77
67 78
67 79
67 80
67 81
67 85
67 86
67 87
67 88
67 89
67 90
67 91
67 92
67 93
67 94
67 96
67 97
67 98
67 99
67 100
67 101
67 102
67 103
67 104
67 105
67 106
67 107
67 108
67 109
67 110
67 111
67 112
67 113
67 115
67 116
67 117
67 118
67 122
67 124
67 127
67 129
67 130
67 133
67 134
67 135
67 136
67 138
67 139
67 140
67 141
67 146
67 147
67 148
67 149
67 150
67 153
67 154
67 156
67 158
67 159
67 160
67 161
67 165
67 166
67 167
67 168
67 170
67 171
67 172
67 175
67 179
67 181
67 182
67 183
67 184
67 187
67 188
67 191
67 192
67 193
67 196
67 198
67 199
67 201
67 205
67 206
67 207
67 210
67 211
67 216
67 217
67 220
67 221
67 230
67 233
67 234
67 239
67 244
67 249
67 250
67 254
67 255
67 257
67 260
67 264
67 268
67 270
67 273
67 275
67 277
67 281
67 287
67 288
67 291
67 292
67 294
67 295
67 297
67 298
68 70
68 71
68 72
68 73
68 74
68 75
68 76
68 78
68 79
68 80
68 82
68 83
68 84
68 86
68 87
68 88
68 89
68 91
68 92
68 93
68 94
68 95
68 96
68 99
68 103
68 104
68 105
68 107
68 108
68 109
68 111
68 113
68 114
68 115
68 116
68 117
68 118
68 120
68 121
68 123
68 127
68 128
68 132
68 137
68 138
68 139
68 140
68 142
68 143
68 145
68 148
68 151
68 152
68 153
68 157
68 158
68 160
68 162
68 170
68 176
68 177
68 179
68 181
68 183
68 184
68 186
68 187
68 189
68 195
68 196
68 198
68 200
68 201
68 203
68 207
68 210
68 213
68 214
68 216
68 218
68 221
68 223
68 225
68 226
68 228
68 232
68 234
68 235
68 237
68 240
68 243
68 247
68 249
68 251
68 254
68 255
68 257
68 259
68 264
68 265
68 266
68 268
68 270
68 271
68 272
68 273
68 278
68 281
68 282
68 284
68 288
68 289
68 297
68 299
69 70
69 71
69 72
69 73
69 74
69 75
69 76
69 77
69 78
69 79
69 80
69 81
69 82
69 83
69 84
69 85
69 87
69 91
69 92
69 95
69 96
69 97
69 101
69 103
69 104
69 105
69 106
69 109
69 110
69 111
69 114
69 115
69 116
69 118
69 119
69 122
69 123
69 124
69 127
69 128
69 130
69 131
69 133
69 134
69 138
69 139
69 140
69 142
69 146
69 147
69 148
69 150
69 152
69 153
69 156
69 161
69 162
69 167
69 170
69 171
69 174
69 175
69 177
69 179
69 184
69 185
69 187
69 188
69 189
69 192
69 194
69 195
69 197
69 202
69 204
69 208
69 213
69 215
69 218
69 220
69 225
69 227
69 231
69 232
69 235
69 237
69 238
69 239
69 240
69 243
69 244
69 250
69 252
69 254
69 257
69 259
69 261
69 262
69 271
69 273
69 276
69 281
69 283
69 284
69 286
69 292
69 294
69 295
69 297
69 299
70 72
70 73
70 75
70 76
70 77
70 78
70 79
70 80
70 81
70 82
70 84
70 85
70 86
70 87
70 88
70 89
70 90
70 91
70 92
70 94
70 97
70 98
70 99
70 101
70 107
70 110
70 111
70 112
70 113
70 114
70 115
70 117
70 118
70 119
70 120
70 121
70 122
70 124
70 125
70 126
70 127
70 128
70 129
70 130
70 131
70 132
70 139
70 140
70 142
70 143
70 144
70 145
70 146
70 152
70 154
70 158
70 159
70 161
70 165
70 170
70 171
70 176
70 179
70 181
70 183
70 184
70 187
70 188
70 189
70 190
70 195
70 196
70 199
70 203
70 215
70 220
70 222
70 224
70 228
70 230
70 234
70 235
70 243
70 244
70 246
70 250
70 251
70 252
70 255
70 256
70 262
70 264
70 266
70 268
70 269
70 271
70 274
70 275
70 276
70 279
70 280
70 288
70 291
70 292
70 295
70 296
70 298
70 249
71 72
71 73
71 74
71 75
71 76
71 77
71 78
71 80
71 81
71 82
71 84
71 85
71 87
71 89
71 90
71 91
71 92
71 93
71 96
71 97
71 101
71 104
71 106
71 108
71 110
71 111
71 112
71 115
71 118
71 120
71 122
71 124
71 125
71 127
71 128
71 129
71 132
71 136
71 137
71 138
71 143
71 144
71 145
71 148
71 149
71 153
71 155
71 159
71 161
71 164
71 171
71 172
71 173
71 177
71 181
71 183
71 185
71 186
71 197
71 198
71 199
71 200
71 207
71 210
71 225
71 231
71 234
71 235
71 236
71 237
71 238
71 241
71 242
71 244
71 260
71 264
71 265
71 266
71 267
71 270
71 277
71 278
71 284
71 285
71 286
71 289
71 295
72 73
72 74
72 75
72 76
72 77
72 78
72 79
72 80
72 82
72 83
72 84
72 85
72 86
72 87
72 88
72 89
72 90
72 92
72 93
72 94
72 95
72 96
72 97
72 101
72 102
72 103
72 105
72 106
72 108
72 110
72 111
72 114
72 116
72 117
72 118
72 122
72 123
72 124
72 125
72 128
72 131
72 132
72 136
72 138
72 139
72 141
72 142
72 143
72 144
72 146
72 147
72 150
72 151
72 156
72 158
72 161
72 163
72 165
72 166
72 167
72 169
72 171
72 172
72 173
72 176
72 177
72 178
72 179
72 180
72 182
72 185
72 186
72 190
72 193
72 195
72 196
72 197
72 201
72 202
72 211
72 212
72 214
72 220
72 221
72 222
72 224
72 232
72 236
72 238
72 239
72 243
72 244
72 246
72 247
72 249
72 251
72 254
72 258
72 262
72 271
72 273
72 280
72 281
72 285
72 286
72 291
72 297
73 74
73 75
73 78
73 80
73 81
73 82
73 83
73 84
73 85
73 86
73 89
73 90
73 91
73 93
73 94
73 95
73 97
73 98
73 99
73 100
73 102
73 103
73 104
73 108
73 111
73 113
73 114
73 118
73 119
73 121
73 122
73 123
73 125
73 126
73 127
73 128
73 129
73 130
73 131
73 133
73 135
73 136
73 137
73 140
73 142
73 149
73 156
73 157
73 159
73 162
73 164
73 166
73 167
73 168
73 169
73 170
73 176
73 178
73 180
73 181
73 182
73 184
73 185
73 188
73 189
73 192
73 199
73 202
73 203
73 206
73 208
73 209
73 210
73 224
73 225
73 227
73 230
73 231
73 233
73 234
73 235
73 236
73 237
73 241
73 244
73 245
73 248
73 251
73 259
73 266
73 276
73 278
73 280
73 282
73 290
73 292
73 295
73 298
74 75
74 76
74 77
74 78
74 80
74 81
74 82
74 83
74 84
74 85
74 86
74 87
74 89
74 91
74 92
74 93
74 94
74 95
74 96
74 97
74 98
74 102
74 105
74 106
74 109
74 111
74 112
74 116
74 118
74 120
74 121
74 122
74 123
74 124
74 125
74 129
74 130
74 132
74 133
74 135
74 136
74 137
74 138
74 141
74 149
74 150
74 151
74 152
74 156
74 157
74 158
74 162
74 164
74 166
74 167
74 169
74 170
74 172
74 177
74 179
74 180
74 182
74 183
74 184
74 188
74 192
74 193
74 194
74 197
74 198
74 199
74 202
74 204
74 208
74 209
74 213
74 214
74 217
74 219
74 221
74 222
74 226
74 228
74 230
74 231
74 241
74 242
74 245
74 248
74 249
74 257
74 262
74 275
74 276
74 281
74 285
74 288
74 290
74 291
74 296
74 299
75 76
75 77
75 78
75 81
75 84
75 86
75 87
75 88
75 90
75 92
75 93
75 94
75 95
75 96
75 97
75 98
75 99
75 100
75 104
75 105
75 107
75 108
75 109
75 110
75 111
75 112
75 114
75 119
75 120
75 121
75 122
75 123
75 125
75 126
75 128
75 129
75 130
75 131
75 132
75 134
75 135
75 138
75 139
75 142
75 146
75 147
75 151
75 152
75 155
75 157
75 161
75 164
75 167
75 170
75 172
75 173
75 176
75 177
75 178
75 180
75 184
75 186
75 187
75 188
75 192
75 196
75 197
75 200
75 204
75 206
75 207
75 212
75 215
75 221
75 222
75 223
75 225
75 227
75 232
75 233
75 236
75 237
75 238
75 240
75 244
75 245
75 246
75 247
75 253
75 255
75 261
75 263
75 265
75 266
75 267
75 270
75 272
75 274
75 282
75 284
75 292
75 295
75 297
76 78
76 79
76 80
76 83
76 84
76 85
76 86
76 87
76 88
76 89
76 90
76 93
76 94
76 96
76 98
76 99
76 100
76 104
76 105
76 106
76 108
76 114
76 116
76 118
76 119
76 120
76 122
76 123
76 124
76 126
76 128
76 134
76 138
76 139
76 141
76 146
76 148
76 150
76 151
76 153
76 157
76 158
76 160
76 162
76 163
76 165
76 166
76 169
76 171
76 172
76 174
76 177
76 178
76 180
76 182
76 183
76 184
76 188
76 189
76 191
76 192
76 193
76 196
76 200
76 201
76 203
76 204
76 210
76 212
76 215
76 218
76 219
76 222
76 225
76 229
76 231
76 233
76 234
76 235
76 239
76 240
76 241
76 243
76 246
76 248
76 252
76 259
76 260
76 263
76 266
76 268
76 273
76 277
76 278
76 282
76 284
76 285
76 286
76 291
76 298
76 299
76 170
76 221
77 78
77 79
77 81
77 82
77 84
77 85
77 89
77 90
77 91
77 92
77 93
77 94
77 95
77 96
77 97
77 98
77 99
77 100
77 103
77 104
77 105
77 106
77 108
77 109
77 110
77 111
77 112
77 116
77 117
77 118
77 119
77 120
77 121
77 123
77 124
77 127
77 128
77 129
77 131
77 133
77 134
77 137
77 138
77 139
77 142
77 144
77 145
77 150
77 151
77 153
77 157
77 158
77 162
77 165
77 169
77 171
77 172
77 177
77 181
77 184
77 188
77 189
77 195
77 197
77 199
77 202
77 208
77 213
77 218
77 220
77 226
77 229
77 231
77 233
77 237
77 240
77 241
77 243
77 245
77 254
77 255
77 258
77 261
77 263
77 269
77 276
77 278
77 279
77 284
77 292
77 294
77 295
77 296
78 79
78 80
78 81
78 82
78 83
78 84
78 85
78 86
78 87
78 88
78 89
78 90
78 91
78 92
78 93
78 94
78 95
78 96
78 97
78 99
78 100
78 101
78 102
78 103
78 105
78 106
78 107
78 108
78 109
78 110
78 111
78 112
78 113
78 114
78 115
78 116
78 117
78 118
78 119
78 120
78 122
78 125
78 129
78 130
78 131
78 132
78 133
78 134
78 138
78 139
78 141
78 142
78 147
78 149
78 150
78 153
78 155
78 159
78 160
78 162
78 163
78 165
78 166
78 167
78 168
78 172
78 176
78 177
78 181
78 188
78 192
78 195
78 197
78 199
78 200
78 202
78 204
78 205
78 208
78 214
78 215
78 218
78 221
78 222
78 231
78 232
78 233
78 236
78 237
78 238
78 239
78 240
78 242
78 245
78 251
78 252
78 254
78 257
78 263
78 267
78 272
78 273
78 274
78 275
78 277
78 278
78 283
78 287
78 289
78 292
78 293
78 298
79 80
79 81
79 82
79 84
79 85
79 86
79 87
79 88
79 91
79 94
79 95
79 96
79 97
79 98
79 103
79 106
79 107
79 109
79 110
79 111
79 113
79 117
79 119
79 123
79 130
79 132
79 135
79 140
79 149
79 150
79 155
79 159
79 161
79 162
79 163
79 167
79 175
79 176
79 177
79 178
79 180
79 182
79 184
79 185
79 187
79 189
79 190
79 191
79 196
79 199
79 201
79 202
79 205
79 206
79 207
79 210
79 213
79 215
79 216
79 218
79 220
79 222
79 224
79 225
79 226
79 229
79 239
79 240
79 242
79 246
79 256
79 257
79 265
79 266
79 280
79 283
79 284
79 290
79 295
79 297
80 81
80 83
80 84
80 85
80 86
80 87
80 88
80 90
80 91
80 92
80 93
80 96
80 98
80 99
80 101
80 102
80 105
80 107
80 108
80 111
80 114
80 115
80 116
80 117
80 118
80 122
80 124
80 126
80 127
80 128
80 129
80 135
80 136
80 137
80 138
80 141
80 144
80 145
80 147
80 148
80 153
80 154
80 156
80 158
80 168
80 173
80 175
80 176
80 177
80 179
80 180
80 183
80 194
80 198
80 204
80 206
80 208
80 216
80 218
80 238
80 240
80 241
80 242
80 243
80 246
80 254
80 260
80 266
80 272
80 275
80 276
80 286
80 288
80 291
80 293
80 296
80 297
81 82
81 83
81 84
81 85
81 86
81 89
81 90
81 91
81 92
81 96
81 98
81 100
81 102
81 103
81 105
81 106
81 107
81 108
81 109
81 110
81 113
81 120
81 121
81 122
81 123
81 124
81 127
81 128
81 129
81 131
81 132
81 143
81 144
81 145
81 147
81 148
81 149
81 153
81 154
81 160
81 161
81 163
81 164
81 165
81 166
81 172
81 173
81 175
81 177
81 181
81 185
81 186
81 188
81 192
81 195
81 197
81 201
81 203
81 205
81 207
81 208
81 210
81 213
81 214
81 215
81 218
81 220
81 230
81 231
81 232
81 238
81 245
81 246
81 251
81 252
81 253
81 254
81 265
81 267
81 276
81 278
81 280
81 281
81 283
81 287
81 289
81 292
82 84
82 85
82 86
82 89
82 90
82 96
82 100
82 101
82 102
82 103
82 104
82 105
82 111
82 113
82 114
82 115
82 116
82 117
82 120
82 122
82 123
82 125
82 127
82 128
82 132
82 135
82 137
82 138
82 139
82 142
82 143
82 145
82 148
82 155
82 158
82 160
82 164
82 167
82 169
82 175
82 176
82 181
82 183
82 189
82 196
82 197
82 201
82 205
82 211
82 214
82 218
82 219
82 225
82 228
82 231
82 235
82 237
82 239
82 242
82 244
82 246
82 248
82 259
82 264
82 265
82 268
82 270
82 273
82 275
82 280
82 282
82 284
82 294
82 297
83 84
83 85
83 87
83 90
83 91
83 92
83 95
83 96
83 98
83 99
83 100
83 102
83 103
83 104
83 105
83 109
83 111
83 113
83 116
83 117
83 118
83 119
83 120
83 123
83 125
83 126
83 127
83 128
83 129
83 132
83 133
83 135
83 138
83 143
83 144
83 147
83 148
83 151
83 152
83 156
83 158
83 160
83 161
83 166
83 168
83 169
83 173
83 175
83 179
83 182
83 186
83 187
83 188
83 191
83 193
83 202
83 204
83 207
83 208
83 209
83 210
83 211
83 212
83 216
83 218
83 219
83 220
83 223
83 229
83 232
83 234
83 240
83 242
83 246
83 248
83 249
83 251
83 252
83 256
83 258
83 259
83 261
83 262
83 265
83 269
83 272
83 274
83 275
83 276
83 284
83 286
83 290
83 292
83 294
83 297
83 267
84 85
84 86
84 87
84 88
84 90
84 92
84 93
84 95
84 96
84 97
84 99
84 100
84 101
84 105
84 106
84 107
84 109
84 110
84 114
84 117
84 118
84 122
84 123
84 127
84 128
84 129
84 131
84 132
84 137
84 139
84 142
84 144
84 145
84 147
84 149
84 150
84 151
84 152
84 162
84 163
84 165
84 169
84 171
84 173
84 180
84 181
84 182
84 185
84 187
84 189
84 190
84 192
84 194
84 203
84 211
84 218
84 225
84 228
84 229
84 231
84 232
84 235
84 247
84 254
84 258
84 260
84 261
84 268
84 273
84 275
84 280
84 288
84 295
84 298
85 86
85 87
85 90
85 91
85 93
85 94
85 95
85 98
85 101
85 102
85 105
85 106
85 110
85 113
85 116
85 118
85 119
85 121
85 122
85 125
85 127
85 128
85 129
85 130
85 133
85 138
85 141
85 145
85 148
85 149
85 152
85 155
85 159
85 160
85 163
85 165
85 167
85 170
85 173
85 174
85 175
85 179
85 181
85 184
85 193
85 196
85 198
85 208
85 210
85 212
85 217
85 219
85 223
85 224
85 225
85 227
85 228
85 229
85 230
85 232
85 233
85 239
85 240
85 244
85 245
85 250
85 251
85 258
85 263
85 276
85 280
85 285
85 288
85 290
86 88
86 89
86 90
86 91
86 95
86 96
86 97
86 101
86 102
86 104
86 108
86 111
86 113
86 115
86 116
86 118
86 120
86 122
86 123
86 126
86 131
86 134
86 135
86 141
86 145
86 146
86 147
86 151
86 154
86 155
86 157
86 158
86 163
86 164
86 169
86 171
86 181
86 190
86 191
86 194
86 196
86 202
86 206
86 207
86 208
86 215
86 217
86 227
86 229
86 233
86 235
86 237
86 238
86 246
86 247
86 251
86 255
86 267
86 273
86 274
86 280
86 281
86 286
86 290
86 292
86 293
86 294
86 298
87 88
87 89
87 91
87 92
87 93
87 94
87 95
87 98
87 99
87 100
87 101
87 102
87 104
87 105
87 107
87 108
87 116
87 118
87 125
87 126
87 129
87 140
87 141
87 142
87 143
87 147
87 153
87 154
87 155
87 156
87 157
87 158
87 160
87 162
87 165
87 167
87 170
87 172
87 174
87 175
87 179
87 181
87 182
87 184
87 186
87 188
87 189
87 193
87 194
87 196
87 206
87 213
87 215
87 219
87 222
87 223
87 234
87 235
87 237
87 238
87 246
87 252
87 253
87 255
87 259
87 261
87 273
87 276
87 281
87 282
87 286
87 289
87 291
87 292
87 293
87 298
88 89
88 91
88 92
88 93
88 96
88 97
88 102
88 104
88 107
88 109
88 110
88 111
88 112
88 113
88 114
88 115
88 117
88 119
88 120
88 121
88 122
88 123
88 126
88 127
88 129
88 130
88 132
88 135
88 136
88 138
88 140
88 141
88 142
88 144
88 151
88 152
88 155
88 157
88 158
88 160
88 161
88 163
88 166
88 168
88 169
88 170
88 171
88 175
88 177
88 180
88 181
88 184
88 188
88 194
88 203
88 205
88 207
88 210
88 212
88 218
88 224
88 227
88 230
88 233
88 234
88 237
88 250
88 251
88 260
88 266
88 278
88 279
88 280
88 281
88 284
88 286
88 288
88 290
88 291
89 90
89 91
89 95
89 96
89 97
89 100
89 104
89 105
89 107
89 110
89 112
89 113
89 114
89 115
89 116
89 119
89 120
89 124
89 125
89 126
89 127
89 128
89 132
89 133
89 134
89 137
89 138
89 139
89 141
89 142
89 143
89 144
89 147
89 148
89 150
89 151
89 154
89 157
89 158
89 159
89 161
89 165
89 173
89 174
89 177
89 179
89 183
89 191
89 192
89 193
89 195
89 203
89 209
89 210
89 211
89 213
89 218
89 226
89 228
89 230
89 238
89 239
89 240
89 248
89 249
89 252
89 256
89 257
89 259
89 260
89 263
89 274
89 275
89 277
89 283
89 287
89 291
89 299
90 91
90 92
90 94
90 96
90 101
90 106
90 107
90 109
90 112
90 113
90 114
90 115
90 116
90 117
90 118
90 120
90 121
90 124
90 128
90 129
90 133
90 134
90 136
90 137
90 140
90 143
90 144
90 145
90 147
90 150
90 151
90 152
90 154
90 155
90 156
90 158
90 159
90 160
90 162
90 166
90 171
90 174
90 175
90 176
90 179
90 180
90 186
90 187
90 189
90 190
90 192
90 199
90 202
90 208
90 210
90 211
90 213
90 214
90 221
90 222
90 223
90 224
90 235
90 239
90 243
90 244
90 247
90 259
90 261
90 262
90 275
90 294
90 296
91 92
91 94
91 98
91 99
91 100
91 103
91 105
91 109
91 111
91 112
91 113
91 114
91 115
91 116
91 122
91 123
91 128
91 129
91 130
91 131
91 133
91 135
91 137
91 140
91 144
91 146
91 148
91 151
91 154
91 163
91 166
91 177
91 178
91 179
91 180
91 181
91 182
91 187
91 188
91 192
91 194
91 200
91 202
91 203
91 208
91 209
91 213
91 217
91 219
91 220
91 222
91 228
91 232
91 234
91 237
91 241
91 243
91 244
91 246
91 248
91 254
91 257
91 258
91 259
91 260
91 265
91 266
91 267
91 268
91 275
91 276
91 277
91 278
91 279
91 289
91 291
91 297
91 299
91 269
92 93
92 96
92 98
92 99
92 101
92 102
92 104
92 105
92 107
92 109
92 112
92 116
92 117
92 118
92 119
92 121
92 124
92 125
92 126
92 128
92 135
92 137
92 140
92 146
92 147
92 150
92 151
92 153
92 155
92 160
92 163
92 164
92 167
92 169
92 173
92 178
92 184
92 192
92 198
92 199
92 200
92 201
92 202
92 204
92 206
92 214
92 222
92 225
92 227
92 282
92 287
92 291
92 293
92 299
93 94
93 95
93 96
93 97
93 98
93 101
93 102
93 103
93 104
93 106
93 107
93 108
93 109
93 112
93 113
93 117
93 119
93 121
93 122
93 123
93 124
93 126
93 127
93 135
93 139
93 141
93 144
93 145
93 148
93 151
93 152
93 153
93 154
93 157
93 158
93 159
93 160
93 162
93 164
93 168
93 171
93 175
93 178
93 179
93 180
93 183
93 184
93 185
93 186
93 190
93 192
93 196
93 199
93 206
93 207
93 210
93 211
93 213
93 216
93 222
93 229
93 230
93 232
93 236
93 237
93 238
93 240
93 241
93 243
93 246
93 248
93 255
93 257
93 258
93 262
93 263
93 264
93 265
93 268
93 269
93 270
93 271
93 289
93 290
93 295
93 297
93 298
93 131
94 96
94 98
94 101
94 102
94 103
94 106
94 107
94 108
94 111
94 116
94 119
94 120
94 121
94 126
94 127
94 135
94 136
94 137
94 138
94 143
94 146
94 149
94 151
94 152
94 153
94 156
94 159
94 162
94 166
94 171
94 183
94 186
94 189
94 191
94 192
94 193
94 195
94 196
94 202
94 211
94 212
94 215
94 218
94 222
94 225
94 226
94 230
94 234
94 235
94 244
94 249
94 253
94 258
94 262
94 268
94 282
94 283
94 286
94 299
95 98
95 99
95 101
95 103
95 104
95 105
95 106
95 107
95 109
95 111
95 117
95 119
95 120
95 129
95 134
95 135
95 136
95 140
95 141
95 142
95 144
95 146
95 148
95 151
95 152
95 154
95 156
95 157
95 159
95 160
95 162
95 165
95 169
95 170
95 179
95 181
95 182
95 185
95 190
95 192
95 193
95 200
95 210
95 213
95 215
95 220
95 226
95 227
95 229
95 230
95 234
95 243
95 247
95 254
95 255
95 257
95 261
95 263
95 273
95 284
95 285
95 290
95 296
95 110
96 97
96 99
96 100
96 102
96 103
96 107
96 109
96 110
96 112
96 114
96 129
96 130
96 131
96 134
96 136
96 140
96 143
96 144
96 147
96 152
96 153
96 154
96 157
96 158
96 159
96 160
96 162
96 164
96 166
96 167
96 169
96 177
96 178
96 179
96 180
96 185
96 187
96 190
96 193
96 198
96 199
96 200
96 201
96 204
96 210
96 214
96 216
96 221
96 222
96 224
96 230
96 231
96 245
96 248
96 253
96 262
96 268
96 270
96 276
96 284
96 292
96 295
97 98
97 99
97 100
97 102
97 103
97 104
97 105
97 108
97 115
97 116
97 117
97 121
97 125
97 126
97 127
97 130
97 132
97 133
97 134
97 135
97 136
97 138
97 139
97 142
97 144
97 146
97 149
97 151
97 155
97 156
97 165
97 168
97 171
97 174
97 182
97 188
97 190
97 194
97 198
97 205
97 209
97 213
97 214
97 216
97 222
97 226
97 230
97 240
97 241
97 254
97 257
97 258
97 262
97 269
97 271
97 278
97 286
97 290
97 294
97 147
98 99
98 100
98 102
98 105
98 106
98 107
98 108
98 110
98 114
98 117
98 127
98 128
98 130
98 131
98 134
98 135
98 141
98 144
98 146
98 149
98 151
98 160
98 161
98 178
98 182
98 186
98 187
98 194
98 197
98 205
98 206
98 212
98 213
98 219
98 222
98 237
98 246
98 250
98 254
98 259
98 263
98 266
98 269
98 271
98 274
98 278
98 280
98 283
98 284
98 286
98 289
98 296
99 100
99 103
99 104
99 106
99 107
99 108
99 109
99 111
99 112
99 113
99 114
99 116
99 121
99 126
99 127
99 130
99 134
99 143
99 144
99 145
99 159
99 167
99 168
99 169
99 171
99 172
99 173
99 175
99 180
99 187
99 193
99 196
99 198
99 202
99 203
99 210
99 215
99 220
99 224
99 226
99 233
99 240
99 246
99 247
99 250
99 254
99 256
99 261
99 267
99 277
99 286
99 289
99 290
99 291
99 292
99 293
99 296
99 299
100 104
100 108
100 110
100 111
100 114
100 121
100 125
100 132
100 139
100 145
100 148
100 149
100 150
100 152
100 159
100 160
100 166
100 168
100 170
100 176
100 181
100 183
100 184
100 195
100 197
100 200
100 201
100 204
100 205
100 206
100 208
100 209
100 213
100 215
100 216
100 220
100 235
100 236
100 239
100 244
100 248
100 253
100 254
100 256
100 259
100 262
100 275
100 277
100 282
100 283
100 286
100 287
100 290
100 293
101 103
101 105
101 111
101 112
101 114
101 115
101 116
101 117
101 118
101 119
101 120
101 122
101 125
101 127
101 128
101 132
101 140
101 142
101 143
101 147
101 148
101 152
101 156
101 167
101 168
101 170
101 173
101 174
101 178
101 181
101 182
101 194
101 204
101 205
101 211
101 214
101 222
101 223
101 229
101 234
101 237
101 239
101 240
101 264
101 271
101 276
101 287
101 290
102 105
102 110
102 111
102 114
102 118
102 123
102 125
102 126
102 129
102 130
102 132
102 136
102 145
102 147
102 149
102 154
102 156
102 159
102 164
102 169
102 172
102 180
102 185
102 188
102 191
102 194
102 198
102 199
102 208
102 219
102 220
102 224
102 228
102 237
102 245
102 253
102 258
102 267
102 273
102 274
102 276
102 288
103 104
103 106
103 110
103 112
103 115
103 116
103 119
103 120
103 128
103 129
103 132
103 133
103 134
103 137
103 142
103 146
103 149
103 152
103 154
103 157
103 165
103 166
103 169
103 175
103 178
103 180
103 183
103 188
103 190
103 195
103 197
103 200
103 201
103 202
103 203
103 204
103 211
103 212
103 213
103 214
103 216
103 221
103 222
103 229
103 232
103 233
103 235
103 238
103 240
103 244
103 247
103 249
103 251
103 252
103 253
103 258
103 259
103 260
103 262
103 264
103 266
103 273
103 274
103 278
103 279
103 282
103 284
103 286
103 292
103 294
103 295
103 296
103 156
104 110
104 114
104 115
104 116
104 124
104 126
104 129
104 132
104 133
104 135
104 136
104 138
104 139
104 140
104 146
104 148
104 150
104 153
104 170
104 172
104 175
104 178
104 184
104 186
104 190
104 193
104 196
104 198
104 200
104 201
104 205
104 207
104 212
104 218
104 219
104 220
104 221
104 226
104 229
104 231
104 232
104 239
104 240
104 245
104 248
104 250
104 261
104 265
104 267
104 270
104 273
104 274
104 290
104 291
104 296
104 298
104 299
105 107
105 108
105 110
105 111
105 112
105 114
105 116
105 118
105 119
105 120
105 122
105 125
105 130
105 131
105 132
105 134
105 135
105 137
105 138
105 139
105 143
105 145
105 146
105 151
105 153
105 155
105 156
105 158
105 160
105 164
105 168
105 170
105 172
105 176
105 190
105 192
105 194
105 197
105 199
105 205
105 206
105 207
105 210
105 211
105 219
105 221
105 223
105 225
105 226
105 231
105 234
105 235
105 253
105 255
105 275
105 278
105 282
105 285
105 289
105 290
105 293
105 294
106 109
106 112
106 113
106 115
106 117
106 119
106 121
106 123
106 125
106 127
106 133
106 134
106 136
106 137
106 138
106 147
106 150
106 154
106 158
106 161
106 167
106 169
106 171
106 173
106 175
106 183
106 184
106 185
106 194
106 202
106 204
106 209
106 213
106 218
106 224
106 234
106 237
106 249
106 252
106 258
106 259
106 262
106 266
106 272
106 282
106 286
106 297
107 110
107 114
107 117
107 119
107 120
107 123
107 124
107 125
107 131
107 132
107 133
107 134
107 135
107 138
107 141
107 143
107 147
107 148
107 150
107 154
107 163
107 164
107 169
107 174
107 176
107 177
107 181
107 185
107 187
107 191
107 193
107 194
107 197
107 198
107 200
107 206
107 212
107 217
107 236
107 242
107 253
107 256
107 263
107 266
107 271
107 275
107 276
107 293
107 298
108 109
108 112
108 113
108 114
108 116
108 117
108 120
108 121
108 125
108 129
108 131
108 132
108 134
108 135
108 136
108 137
108 142
108 143
108 152
108 155
108 164
108 167
108 168
108 169
108 170
108 178
108 179
108 192
108 198
108 202
108 208
108 211
108 212
108 214
108 216
108 219
108 221
108 226
108 231
108 233
108 234
108 236
108 239
108 246
108 250
108 251
108 252
108 256
108 258
108 261
108 270
108 272
108 274
108 275
108 276
108 278
108 283
108 284
108 285
108 289
108 191
109 112
109 113
109 118
109 119
109 121
109 125
109 128
109 142
109 147
109 151
109 167
109 171
109 173
109 176
109 178
109 182
109 189
109 195
109 196
109 203
109 214
109 217
109 219
109 221
109 228
109 233
109 243
109 247
109 255
109 257
109 258
109 259
109 264
109 266
109 274
109 280
109 284
109 289
109 295
110 123
110 129
110 131
110 133
110 134
110 140
110 145
110 147
110 148
110 149
110 152
110 156
110 162
110 164
110 165
110 167
110 168
110 170
110 177
110 181
110 184
110 194
110 198
110 203
110 204
110 208
110 209
110 210
110 212
110 213
110 216
110 226
110 228
110 229
110 235
110 241
110 242
110 257
110 260
110 263
110 270
110 275
110 291
110 292
110 293
111 113
111 116
111 117
111 118
111 121
111 123
111 124
111 125
111 127
111 128
111 129
111 130
111 139
111 145
111 148
111 152
111 153
111 154
111 156
111 161
111 169
111 170
111 178
111 179
111 181
111 182
111 185
111 187
111 188
111 196
111 197
111 198
111 201
111 202
111 205
111 209
111 212
111 213
111 214
111 216
111 221
111 232
111 236
111 239
111 240
111 254
111 269
111 273
111 275
111 279
111 280
111 283
111 285
111 288
111 292
112 113
112 114
112 115
112 116
112 117
112 119
112 120
112 121
112 123
112 125
112 127
112 128
112 129
112 130
112 132
112 133
112 136
112 137
112 139
112 140
112 145
112 146
112 147
112 148
112 149
112 151
112 155
112 156
112 158
112 163
112 166
112 169
112 170
112 171
112 172
112 179
112 181
112 182
112 184
112 185
112 191
112 193
112 196
112 198
112 201
112 204
112 208
112 210
112 212
112 215
112 217
112 220
112 221
112 225
112 227
112 231
112 236
112 244
112 247
112 250
112 256
112 261
112 266
112 277
112 281
112 286
112 287
112 289
112 295
113 114
113 115
113 118
113 121
113 123
113 125
113 127
113 131
113 132
113 135
113 137
113 138
113 140
113 144
113 145
113 146
113 152
113 153
113 154
113 159
113 160
113 161
113 163
113 170
113 172
113 174
113 184
113 185
113 189
113 193
113 199
113 200
113 202
113 204
113 208
113 211
113 214
113 215
113 222
113 233
113 235
113 243
113 244
113 247
113 251
113 252
113 253
113 260
113 264
113 265
113 266
113 270
113 274
113 279
113 280
113 289
113 291
113 298
113 299
114 117
114 119
114 122
114 125
114 129
114 131
114 136
114 140
114 142
114 144
114 147
114 148
114 151
114 153
114 154
114 156
114 161
114 162
114 165
114 169
114 172
114 175
114 179
114 186
114 191
114 193
114 197
114 201
114 202
114 207
114 208
114 211
114 219
114 220
114 222
114 244
114 245
114 279
114 282
114 296
114 297
115 117
115 118
115 119
115 120
115 122
115 125
115 126
115 130
115 131
115 132
115 133
115 136
115 139
115 158
115 159
115 164
115 165
115 168
115 174
115 180
115 183
115 188
115 190
115 191
115 195
115 197
115 199
115 203
115 212
115 221
115 223
115 224
115 228
115 247
115 251
115 255
115 257
115 263
115 267
115 268
115 270
115 271
115 273
115 277
115 278
115 281
115 286
115 288
115 292
115 294
116 117
116 119
116 121
116 123
116 124
116 129
116 130
116 135
116 138
116 140
116 142
116 145
116 147
116 148
116 152
116 155
116 159
116 165
116 166
116 168
116 173
116 183
116 187
116 191
116 195
116 200
116 212
116 216
116 217
116 218
116 220
116 223
116 225
116 227
116 235
116 238
116 242
116 245
116 251
116 260
116 268
116 270
116 272
116 280
116 295
117 122
117 123
117 124
117 125
117 126
117 127
117 128
117 129
117 133
117 136
117 138
117 143
117 147
117 151
117 152
117 154
117 157
117 159
117 160
117 161
117 162
117 167
117 170
117 172
117 181
117 182
117 183
117 184
117 191
117 200
117 203
117 208
117 221
117 223
117 231
117 234
117 235
117 240
117 241
117 242
117 254
117 258
117 267
117 269
117 274
117 277
117 278
117 279
117 281
117 289
118 119
118 121
118 122
118 123
118 129
118 131
118 134
118 136
118 140
118 143
118 144
118 146
118 147
118 155
118 161
118 162
118 163
118 165
118 167
118 181
118 188
118 194
118 205
118 209
118 213
118 218
118 219
118 222
118 225
118 228
118 232
118 235
118 239
118 242
118 245
118 247
118 250
118 253
118 254
118 261
118 265
118 266
118 267
118 275
118 277
118 281
118 290
118 291
118 295
119 121
119 122
119 123
119 126
119 130
119 133
119 137
119 138
119 146
119 151
119 157
119 158
119 165
119 166
119 167
119 178
119 181
119 183
119 185
119 186
119 187
119 193
119 196
119 200
119 205
119 214
119 216
119 217
119 223
119 226
119 231
119 236
119 241
119 243
119 247
119 272
119 273
119 279
119 287
119 290
120 121
120 124
120 131
120 132
120 133
120 135
120 136
120 138
120 140
120 142
120 143
120 144
120 146
120 147
120 155
120 160
120 161
120 163
120 166
120 169
120 174
120 175
120 176
120 180
120 181
120 185
120 197
120 200
120 208
120 209
120 211
120 215
120 217
120 218
120 222
120 227
120 229
120 230
120 233
120 241
120 242
120 251
120 252
120 258
120 262
120 267
120 269
120 282
120 285
120 286
120 289
120 290
120 292
120 293
121 124
121 125
121 136
121 138
121 139
121 143
121 144
121 146
121 155
121 156
121 159
121 161
121 166
121 169
121 176
121 177
121 178
121 185
121 189
121 192
121 199
121 204
121 206
121 208
121 211
121 219
121 225
121 232
121 234
121 240
121 241
121 250
121 253
121 265
121 272
121 288
121 295
122 123
122 124
122 127
122 128
122 129
122 131
122 133
122 136
122 142
122 144
122 148
122 149
122 153
122 156
122 159
122 164
122 173
122 175
122 176
122 183
122 186
122 188
122 189
122 191
122 195
122 199
122 200
122 208
122 210
122 211
122 212
122 216
122 221
122 222
122 228
122 233
122 240
122 243
122 247
122 248
122 255
122 257
122 276
122 286
122 293
122 296
122 209
123 124
123 125
123 126
123 127
123 134
123 136
123 140
123 141
123 142
123 147
123 152
123 153
123 155
123 162
123 163
123 165
123 166
123 170
123 173
123 175
123 180
123 182
123 183
123 192
123 193
123 194
123 196
123 198
123 199
123 200
123 203
123 214
123 215
123 223
123 224
123 226
123 234
123 241
123 248
123 251
123 264
123 265
123 269
123 278
123 280
123 283
123 287
123 299
124 126
124 131
124 137
124 138
124 140
124 144
124 148
124 167
124 168
124 170
124 180
124 181
124 188
124 189
124 198
124 206
124 216
124 223
124 224
124 230
124 231
124 244
124 248
124 253
124 255
124 258
124 260
124 264
124 271
124 274
124 279
124 289
124 293
124 297
124 299
125 126
125 127
125 132
125 134
125 139
125 142
125 143
125 148
125 149
125 150
125 152
125 153
125 157
125 159
125 162
125 163
125 170
125 171
125 173
125 174
125 176
125 179
125 183
125 186
125 196
125 198
125 203
125 204
125 209
125 217
125 218
125 230
125 235
125 240
125 242
125 244
125 246
125 251
125 265
125 269
125 271
125 277
125 278
125 284
125 291
125 292
125 294
125 296
126 129
126 130
126 133
126 135
126 137
126 139
126 143
126 147
126 149
126 151
126 152
126 158
126 160
126 163
126 169
126 170
126 171
126 172
126 173
126 176
126 177
126 181
126 184
126 192
126 194
126 206
126 207
126 212
126 225
126 229
126 230
126 233
126 252
126 255
126 260
126 263
126 269
126 270
126 289
126 294
126 295
127 133
127 135
127 136
127 142
127 143
127 145
127 148
127 149
127 150
127 166
127 175
127 176
127 179
127 185
127 189
127 192
127 193
127 199
127 209
127 222
127 229
127 232
127 234
127 257
127 267
127 277
127 279
127 284
127 287
127 291
127 293
127 296
127 297
127 299
128 130
128 135
128 136
128 138
128 139
128 142
128 149
128 150
128 151
128 154
128 155
128 156
128 157
128 160
128 162
128 163
128 165
128 180
128 181
128 184
128 187
128 192
128 197
128 207
128 210
128 220
128 226
128 230
128 234
128 237
128 240
128 242
128 246
128 251
128 253
128 254
128 258
128 260
128 267
128 269
128 277
128 278
128 286
128 287
128 292
129 131
129 132
129 134
129 135
129 137
129 138
129 139
129 140
129 144
129 150
129 155
129 162
129 167
129 169
129 170
129 175
129 181
129 182
129 191
129 201
129 205
129 208
129 212
129 214
129 225
129 229
129 230
129 233
129 240
129 242
129 245
129 249
129 259
129 265
129 268
129 272
129 274
129 276
129 277
129 286
129 289
129 293
129 298
129 299
130 133
130 134
130 139
130 141
130 144
130 156
130 159
130 163
130 165
130 167
130 168
130 170
130 179
130 184
130 186
130 189
130 206
130 211
130 223
130 231
130 235
130 238
130 250
130 261
130 277
130 282
130 297
131 132
131 135
131 137
131 142
131 146
131 148
131 150
131 151
131 155
131 157
131 158
131 159
131 163
131 166
131 179
131 183
131 185
131 189
131 204
131 221
131 223
131 231
131 239
131 258
131 273
131 276
131 280
132 133
132 134
132 138
132 139
132 142
132 144
132 146
132 150
132 151
132 152
132 153
132 154
132 157
132 162
132 163
132 165
132 166
132 167
132 173
132 174
132 176
132 179
132 181
132 183
132 185
132 189
132 190
132 193
132 196
132 197
132 199
132 203
132 204
132 205
132 206
132 207
132 208
132 209
132 214
132 215
132 217
132 218
132 221
132 222
132 223
132 227
132 229
132 230
132 232
132 236
132 237
132 238
132 242
132 244
132 246
132 248
132 252
132 259
132 263
132 266
132 270
132 272
132 273
132 277
132 285
132 288
133 136
133 139
133 141
133 142
133 145
133 149
133 153
133 156
133 160
133 163
133 164
133 171
133 173
133 174
133 175
133 177
133 178
133 181
133 184
133 186
133 190
133 200
133 202
133 205
133 213
133 222
133 224
133 226
133 235
133 247
133 248
133 250
133 253
133 254
133 255
133 260
133 261
133 262
133 267
133 268
133 271
133 285
133 286
133 290
133 295
133 298
134 139
134 140
134 141
134 145
134 147
134 148
134 149
134 152
134 156
134 157
134 159
134 162
134 163
134 165
134 170
134 172
134 175
134 176
134 177
134 183
134 184
134 192
134 193
134 199
134 203
134 204
134 212
134 213
134 219
134 234
134 245
134 248
134 250
134 255
134 259
134 264
134 265
134 267
134 269
134 273
134 274
134 281
134 286
135 139
135 141
135 143
135 144
135 145
135 146
135 147
135 149
135 151
135 159
135 161
135 164
135 165
135 167
135 172
135 175
135 179
135 191
135 212
135 213
135 214
135 215
135 219
135 221
135 227
135 232
135 233
135 234
135 239
135 246
135 269
135 272
135 273
135 274
135 278
135 192
136 143
136 146
136 148
136 149
136 150
136 151
136 152
136 157
136 168
136 170
136 172
136 177
136 180
136 190
136 192
136 196
136 198
136 204
136 207
136 210
136 211
136 218
136 241
136 247
136 249
136 254
136 257
136 258
136 262
136 270
136 278
136 282
136 284
136 287
136 293
137 148
137 149
137 161
137 162
137 166
137 175
137 176
137 179
137 180
137 181
137 190
137 193
137 195
137 196
137 199
137 200
137 201
137 203
137 217
137 221
137 233
137 242
137 254
137 257
137 258
137 265
137 269
137 277
137 279
137 282
137 283
137 284
137 294
138 141
138 145
138 154
138 156
138 159
138 166
138 169
138 172
138 188
138 190
138 191
138 196
138 200
138 204
138 210
138 212
138 214
138 216
138 217
138 218
138 219
138 224
138 227
138 232
138 241
138 253
138 261
138 263
138 270
138 279
138 281
138 289
139 143
139 145
139 147
139 154
139 159
139 161
139 162
139 166
139 169
139 174
139 176
139 180
139 183
139 191
139 195
139 197
139 198
139 200
139 207
139 225
139 230
139 241
139 242
139 251
139 261
139 262
139 267
139 271
139 273
139 277
139 296
139 299
140 141
140 143
140 146
140 152
140 161
140 164
140 171
140 179
140 187
140 188
140 193
140 194
140 195
140 222
140 232
140 238
140 242
140 244
140 246
140 249
140 253
140 263
140 268
140 277
140 283
140 285
140 294
140 208
141 144
141 146
141 147
141 153
141 165
141 173
141 176
141 183
141 186
141 188
141 190
141 192
141 195
141 209
141 218
141 223
141 227
141 231
141 232
141 235
141 236
141 246
141 249
141 250
141 267
141 276
142 143
142 146
142 164
142 166
142 169
142 170
142 179
142 181
142 182
142 189
142 193
142 200
142 202
142 208
142 211
142 215
142 220
142 223
142 227
142 232
142 250
142 258
142 263
142 269
142 278
142 279
142 282
142 283
143 145
143 152
143 154
143 155
143 157
143 163
143 165
143 167
143 168
143 169
143 171
143 187
143 189
143 193
143 204
143 208
143 210
143 211
143 215
143 217
143 224
143 226
143 229
143 233
143 238
143 241
143 244
143 246
143 247
143 250
143 270
143 271
143 276
143 284
143 288
143 292
143 294
143 297
144 147
144 149
144 151
144 154
144 155
144 157
144 159
144 175
144 182
144 183
144 187
144 193
144 194
144 197
144 201
144 207
144 210
144 217
144 223
144 226
144 236
144 237
144 238
144 242
144 248
144 257
144 264
144 266
144 269
144 270
144 271
144 273
144 278
144 284
144 285
144 292
144 299
144 191
144 200
145 148
145 149
145 152
145 154
145 155
145 158
145 163
145 164
145 166
145 173
145 178
145 179
145 184
145 191
145 204
145 205
145 207
145 210
145 225
145 228
145 229
145 235
145 237
145 238
145 240
145 241
145 243
145 245
145 248
145 257
145 260
145 261
145 264
145 265
145 266
145 270
145 275
145 283
145 287
145 289
145 294
146 162
146 168
146 170
146 173
146 179
146 180
146 182
146 193
146 199
146 202
146 203
146 205
146 206
146 215
146 218
146 219
146 224
146 225
146 229
146 230
146 232
146 241
146 244
146 246
146 249
146 254
146 255
146 258
146 266
146 277
146 279
146 285
146 289
146 293
146 299
146 149
147 152
147 153
147 154
147 155
147 156
147 157
147 160
147 164
147 166
147 173
147 175
147 178
147 181
147 182
147 184
147 194
147 197
147 198
147 203
147 204
147 209
147 211
147 213
147 222
147 223
147 232
147 234
147 239
147 243
147 254
147 258
147 263
147 266
147 267
147 272
147 281
147 290
147 291
147 293
148 150
148 157
148 158
148 161
148 164
148 167
148 169
148 173
148 174
148 177
148 185
148 186
148 189
148 190
148 191
148 194
148 197
148 201
148 202
148 205
148 206
148 213
148 214
148 217
148 226
148 227
148 235
148 236
148 242
148 244
148 245
148 247
148 250
148 253
148 258
148 270
148 271
148 274
148 285
148 288
148 289
149 150
149 166
149 171
149 173
149 174
149 177
149 183
149 187
149 201
149 202
149 206
149 212
149 215
149 218
149 224
149 225
149 229
149 267
149 272
149 275
149 289
150 152
150 171
150 175
150 192
150 197
150 200
150 207
150 216
150 217
150 226
150 233
150 236
150 254
150 263
150 268
150 269
150 279
150 285
150 288
150 293
150 296
150 276
151 154
151 155
151 157
151 174
151 184
151 188
151 189
151 194
151 202
151 207
151 216
151 217
151 218
151 223
151 224
151 232
151 233
151 235
151 240
151 241
151 249
151 254
151 261
151 265
151 267
151 283
151 290
151 293
151 294
152 157
152 159
152 169
152 170
152 171
152 172
152 177
152 186
152 189
152 192
152 195
152 196
152 200
152 202
152 208
152 216
152 218
152 219
152 220
152 221
152 227
152 231
152 239
152 245
152 247
152 248
152 249
152 250
152 254
152 259
152 263
152 264
152 265
152 266
152 270
152 278
152 283
152 287
152 288
152 290
152 294
152 298
152 299
153 157
153 165
153 168
153 169
153 172
153 173
153 174
153 175
153 176
153 179
153 180
153 184
153 185
153 187
153 195
153 199
153 205
153 206
153 207
153 212
153 217
153 219
153 224
153 249
153 251
153 263
153 264
153 269
153 274
153 280
153 287
153 289
154 157
154 161
154 165
154 166
154 174
154 176
154 191
154 194
154 211
154 216
154 219
154 228
154 246
154 249
154 257
154 261
155 160
155 165
155 166
155 169
155 170
155 175
155 187
155 192
155 197
155 198
155 199
155 200
155 205
155 207
155 210
155 212
155 213
155 214
155 215
155 219
155 229
155 234
155 235
155 240
155 243
155 263
155 265
155 266
155 276
155 277
155 279
155 286
155 298
156 159
156 161
156 172
156 173
156 174
156 176
156 177
156 186
156 187
156 193
156 206
156 216
156 218
156 223
156 231
156 237
156 240
156 246
156 265
156 267
156 269
156 275
156 276
156 287
156 290
156 294
157 162
157 174
157 176
157 177
157 179
157 184
157 185
157 189
157 190
157 191
157 192
157 194
157 195
157 196
157 197
157 199
157 204
157 205
157 209
157 212
157 213
157 215
157 217
157 228
157 241
157 243
157 253
157 255
157 267
157 279
157 294
157 295
157 290
158 164
158 168
158 175
158 184
158 190
158 216
158 223
158 229
158 231
158 233
158 235
158 236
158 241
158 243
158 245
158 259
158 260
158 267
158 273
158 276
158 279
158 281
158 283
158 297
158 299
159 161
159 162
159 167
159 176
159 179
159 183
159 185
159 186
159 191
159 204
159 210
159 215
159 216
159 222
159 228
159 229
159 236
159 237
159 270
159 272
159 274
159 275
159 281
159 290
160 163
160 164
160 165
160 168
160 170
160 172
160 173
160 174
160 178
160 181
160 186
160 191
160 197
160 201
160 202
160 204
160 209
160 223
160 226
160 234
160 237
160 239
160 241
160 243
160 245
160 247
160 252
160 254
160 257
160 258
160 260
160 264
160 273
160 286
160 288
160 296
161 168
161 171
161 175
161 180
161 189
161 190
161 193
161 206
161 222
161 232
161 236
161 240
161 244
161 254
161 261
161 274
161 278
161 287
161 296
162 163
162 166
162 175
162 185
162 187
162 206
162 208
162 209
162 220
162 223
162 248
162 255
162 256
162 257
162 259
162 268
162 272
162 281
162 290
162 296
163 164
163 165
163 168
163 171
163 172
163 174
163 182
163 185
163 188
163 195
163 205
163 210
163 214
163 226
163 227
163 238
163 242
163 266
163 267
163 268
163 269
163 275
163 279
163 280
163 281
163 283
163 286
163 287
163 299
164 165
164 173
164 176
164 189
164 191
164 202
164 203
164 206
164 208
164 212
164 214
164 219
164 231
164 233
164 238
164 254
164 263
164 266
164 270
164 274
164 277
164 282
164 296
164 298
165 172
165 174
165 191
165 194
165 207
165 210
165 211
165 212
165 219
165 223
165 229
165 231
165 235
165 238
165 245
165 246
165 247
165 257
165 258
165 259
165 262
165 265
165 269
165 274
165 282
165 297
166 168
166 171
166 172
166 176
166 178
166 187
166 189
166 195
166 197
166 206
166 209
166 215
166 219
166 220
166 223
166 233
166 237
166 261
166 269
166 273
166 289
166 294
167 177
167 186
167 188
167 192
167 205
167 210
167 211
167 212
167 213
167 217
167 221
167 223
167 226
167 227
167 228
167 230
167 243
167 245
167 259
167 264
167 271
167 275
167 281
167 282
167 288
167 290
168 170
168 171
168 173
168 180
168 188
168 190
168 191
168 194
168 201
168 207
168 209
168 212
168 213
168 214
168 215
168 216
168 217
168 220
168 222
168 227
168 228
168 239
168 240
168 243
168 244
168 249
168 252
168 261
168 265
168 270
168 285
168 292
169 178
169 192
169 206
169 208
169 210
169 212
169 213
169 219
169 223
169 236
169 261
169 271
169 287
169 288
169 292
169 299
170 171
170 172
170 185
170 190
170 191
170 197
170 202
170 205
170 207
170 215
170 219
170 220
170 225
170 227
170 234
170 244
170 251
170 256
170 268
170 285
170 298
171 175
171 178
171 180
171 193
171 194
171 202
171 207
171 208
171 209
171 214
171 220
171 231
171 232
171 235
171 241
171 245
171 246
171 253
171 258
171 259
171 269
171 274
171 279
171 282
171 285
171 286
171 290
171 294
171 298
171 299
172 181
172 190
172 192
172 195
172 198
172 203
172 205
172 208
172 220
172 221
172 237
172 246
172 249
172 250
172 252
172 263
172 264
172 269
172 278
172 285
172 292
173 179
173 185
173 187
173 189
173 194
173 199
173 203
173 215
173 217
173 224
173 225
173 227
173 228
173 235
173 239
173 245
173 247
173 248
173 249
173 255
173 265
173 268
173 270
173 276
173 277
173 281
173 288
173 289
173 298
173 299
174 179
174 186
174 187
174 190
174 199
174 203
174 209
174 215
174 218
174 220
174 221
174 223
174 232
174 235
174 241
174 251
174 253
174 259
174 260
174 267
174 286
174 293
174 280
175 183
175 186
175 191
175 193
175 198
175 219
175 221
175 225
175 231
175 235
175 245
175 249
175 251
175 271
175 284
175 293
175 296
176 179
176 181
176 186
176 188
176 191
176 192
176 195
176 197
176 200
176 203
176 204
176 207
176 210
176 211
176 214
176 216
176 217
176 221
176 223
176 225
176 226
176 235
176 236
176 238
176 239
176 247
176 258
176 263
176 273
176 280
176 284
176 292
177 186
177 187
177 189
177 194
177 195
177 204
177 205
177 215
177 216
177 230
177 233
177 234
177 236
177 242
177 245
177 263
177 278
177 282
177 284
177 294
178 184
178 187
178 188
178 196
178 199
178 200
178 205
178 206
178 213
178 215
178 217
178 220
178 228
178 235
178 247
178 254
178 261
178 262
178 272
178 275
178 277
178 278
178 280
178 285
178 291
178 294
179 183
179 184
179 185
179 188
179 193
179 211
179 217
179 218
179 224
179 232
179 237
179 248
179 256
179 259
179 261
179 269
179 270
179 277
179 279
179 292
180 183
180 186
180 188
180 195
180 196
180 197
180 200
180 201
180 202
180 204
180 207
180 227
180 233
180 239
180 241
180 247
180 248
180 262
180 266
180 281
180 288
181 185
181 186
181 200
181 207
181 208
181 218
181 223
181 231
181 237
181 247
181 255
181 272
181 292
181 297
181 244
182 186
182 201
182 203
182 204
182 205
182 209
182 211
182 212
182 215
182 219
182 237
182 249
182 250
182 260
182 269
182 271
182 281
182 295
182 296
183 187
183 190
183 192
183 199
183 200
183 207
183 211
183 221
183 226
183 229
183 275
183 293
183 294
184 186
184 190
184 191
184 196
184 199
184 206
184 211
184 212
184 217
184 221
184 222
184 223
184 225
184 227
184 233
184 237
184 250
184 252
184 254
184 270
184 276
184 298
184 299
185 186
185 188
185 190
185 191
185 198
185 202
185 209
185 210
185 211
185 219
185 239
185 243
185 246
185 254
185 255
185 256
185 258
185 264
185 278
186 187
186 190
186 192
186 193
186 200
186 203
186 206
186 210
186 222
186 224
186 225
186 226
186 233
186 246
186 251
186 260
186 261
186 268
186 274
186 280
186 283
186 294
186 295
186 296
187 190
187 198
187 200
187 204
187 210
187 213
187 222
187 226
187 230
187 237
187 251
187 265
187 272
187 283
187 284
187 285
187 297
187 298
187 299
187 254
187 212
188 196
188 201
188 211
188 213
188 254
188 256
188 264
188 276
188 284
189 190
189 192
189 194
189 196
189 198
189 203
189 212
189 217
189 230
189 238
189 240
189 244
189 245
189 247
189 259
189 260
189 261
189 268
189 269
189 278
189 285
189 287
189 299
190 220
190 222
190 224
190 226
190 249
190 252
190 253
190 262
190 266
190 267
190 272
190 280
190 284
190 290
190 295
190 296
191 198
191 199
191 206
191 207
191 216
191 225
191 229
191 234
191 237
191 248
191 256
191 263
191 265
191 272
191 274
191 275
191 276
191 285
191 288
191 291
191 299
192 205
192 212
192 217
192 226
192 227
192 228
192 234
192 239
192 248
192 254
192 277
192 284
192 289
192 294
192 296
193 194
193 203
193 210
193 226
193 229
193 243
193 251
193 255
193 274
193 277
193 296
193 299
194 196
194 197
194 203
194 205
194 206
194 208
194 212
194 218
194 224
194 228
194 231
194 240
194 249
194 254
194 260
194 274
194 275
194 278
194 288
194 294
194 295
194 296
195 198
195 200
195 201
195 203
195 208
195 213
195 244
195 256
195 258
195 259
195 262
195 275
195 279
195 296
196 199
196 201
196 211
196 230
196 231
196 232
196 236
196 239
196 248
196 252
196 267
196 268
196 271
196 279
196 290
196 291
197 199
197 201
197 205
197 206
197 214
197 217
197 221
197 233
197 234
197 245
197 249
197 253
197 256
197 258
197 271
197 274
197 285
198 205
198 212
198 245
198 252
198 256
198 257
198 267
198 274
198 282
198 291
198 298
199 200
199 201
199 203
199 205
199 211
199 215
199 217
199 219
199 222
199 232
199 236
199 241
199 249
199 253
199 254
199 259
199 263
199 264
199 274
199 282
199 288
199 290
199 291
199 298
200 201
200 203
200 205
200 207
200 208
200 209
200 210
200 220
200 224
200 231
200 239
200 245
200 246
200 262
200 264
200 275
200 291
200 294
200 296
200 297
201 206
201 207
201 222
201 224
201 227
201 230
201 241
201 243
201 260
201 263
201 266
201 283
201 286
201 297
202 216
202 242
202 243
202 248
202 258
202 268
202 272
203 207
203 208
203 212
203 214
203 218
203 220
203 221
203 224
203 230
203 231
203 233
203 235
203 237
203 252
203 257
203 259
203 271
203 272
203 279
203 280
203 286
203 289
203 290
204 205
204 208
204 216
204 228
204 230
204 243
204 245
204 256
204 262
204 265
204 275
204 284
204 292
204 296
204 242
205 209
205 234
205 241
205 250
205 281
205 294
205 298
206 218
206 230
206 231
206 233
206 234
206 238
206 251
206 269
206 274
206 277
206 281
206 285
206 286
207 208
207 209
207 211
207 212
207 223
207 230
207 248
207 258
207 263
207 269
207 270
207 277
207 278
207 281
207 282
207 286
207 287
207 297
207 225
208 210
208 216
208 219
208 221
208 225
208 226
208 227
208 230
208 238
208 241
208 243
208 253
208 258
208 264
208 265
208 266
208 271
208 272
208 284
208 295
208 298
209 210
209 219
209 220
209 222
209 225
209 226
209 227
209 229
209 238
209 248
209 260
209 270
209 282
209 283
209 285
210 211
210 214
210 226
210 229
210 234
210 258
210 261
210 262
210 268
210 269
210 270
210 276
210 279
210 280
210 281
210 282
210 283
210 284
210 287
210 228
211 223
211 237
211 245
211 254
211 267
211 268
211 295
212 218
212 220
212 221
212 234
212 237
212 238
212 239
212 241
212 248
212 251
212 252
212 253
212 255
212 258
212 260
212 263
212 265
212 272
212 276
212 279
212 287
212 294
212 271
213 216
213 217
213 220
213 224
213 232
213 239
213 240
213 241
213 242
213 252
213 274
213 281
214 217
214 223
214 225
214 227
214 238
214 244
214 256
214 260
214 268
214 280
214 281
214 291
214 292
214 299
215 220
215 229
215 248
215 260
215 262
215 271
215 291
215 295
216 220
216 227
216 230
216 241
216 242
216 243
216 245
216 251
216 268
216 273
216 275
216 284
216 290
216 291
217 219
217 220
217 225
217 232
217 247
217 255
217 271
217 274
217 297
218 226
218 232
218 234
218 237
218 238
218 239
218 240
218 243
218 245
218 250
218 255
218 271
218 273
218 281
218 284
218 287
218 293
218 296
219 221
219 223
219 224
219 228
219 233
219 243
219 253
219 285
219 287
219 288
219 291
220 228
220 236
220 239
220 245
220 252
220 255
220 261
220 268
220 269
220 274
220 285
220 287
220 299
221 223
221 228
221 232
221 233
221 237
221 241
221 242
221 244
221 249
221 251
221 260
221 267
221 272
221 273
221 274
221 279
221 299
222 224
222 231
222 233
222 236
222 240
222 241
222 271
222 272
222 275
222 287
222 298
223 225
223 227
223 228
223 239
223 243
223 248
223 259
223 260
223 263
223 265
223 281
223 285
223 294
224 234
224 244
224 257
224 271
224 293
225 229
225 241
225 252
225 270
225 279
225 294
225 295
225 296
225 298
226 237
226 239
226 247
226 253
226 260
226 274
226 286
226 289
227 232
227 243
227 244
227 256
227 269
227 276
227 278
227 286
227 287
227 296
228 234
228 262
228 272
228 274
228 281
228 288
228 293
228 299
229 233
229 236
229 240
229 254
229 264
229 265
230 247
230 256
230 271
230 283
230 285
230 287
230 294
231 235
231 237
231 253
231 255
231 260
231 269
231 283
231 284
231 288
231 292
231 297
232 242
232 252
232 278
232 279
232 283
232 285
232 287
232 288
232 295
233 236
233 238
233 270
233 272
233 273
233 295
234 239
234 241
234 257
234 273
234 289
234 291
235 236
235 252
235 255
235 260
235 265
235 273
235 278
235 280
235 284
235 289
235 297
235 299
236 241
236 243
236 259
236 265
236 267
236 271
236 287
237 245
237 267
237 292
238 246
238 249
238 251
238 252
238 256
238 258
238 262
238 265
238 271
238 272
238 275
238 296
238 297
239 244
239 258
239 266
239 281
239 284
239 290
239 291
239 293
240 243
240 258
240 261
240 263
240 279
240 285
240 294
240 295
240 299
241 247
241 250
241 256
241 259
241 278
241 285
241 286
241 290
241 298
242 244
242 246
242 256
242 262
242 269
242 273
242 283
242 284
242 286
242 287
243 250
243 251
243 252
243 256
243 259
243 261
243 263
243 265
243 271
243 272
243 277
243 283
243 287
243 296
243 298
244 249
244 257
244 262
244 264
244 276
244 289
245 247
245 250
245 268
245 270
245 271
245 289
246 249
246 251
246 256
246 257
246 260
246 262
246 268
246 272
246 275
246 279
246 285
247 250
247 257
247 262
247 290
247 294
248 269
248 283
248 286
248 295
249 260
249 265
249 277
249 281
250 251
250 252
250 256
250 275
250 283
250 285
250 289
251 253
251 255
251 256
251 262
251 263
251 287
251 296
252 264
252 277
252 288
252 289
252 293
253 255
253 264
253 266
253 291
254 255
254 256
254 272
254 275
255 262
255 266
255 268
255 272
255 278
255 280
255 286
255 292
255 298
256 268
256 282
257 271
258 266
258 268
258 283
258 287
259 261
259 265
259 266
259 274
259 282
259 292
259 293
259 297
259 299
260 277
261 272
261 291
261 292
262 272
262 281
262 297
263 270
263 271
263 283
264 271
264 285
264 288
265 276
266 268
266 270
266 273
266 275
266 280
266 282
266 294
266 267
267 268
267 270
267 282
267 283
267 294
268 270
268 273
268 297
268 299
269 274
269 275
269 276
269 277
269 285
269 290
269 295
270 274
270 281
270 283
270 289
270 299
271 275
271 285
271 287
271 296
271 298
272 278
272 282
272 289
272 291
272 296
272 297
272 298
273 276
273 295
273 299
274 296
274 297
275 291
275 298
277 278
277 279
277 294
278 282
278 284
278 296
278 293
279 281
279 283
279 293
280 294
280 295
281 284
281 299
283 287
283 289
283 290
283 285
284 291
284 292
285 288
286 287
286 295
287 293
287 296
288 298
289 290
289 293
290 292
290 295
294 299
296 297