495771080
29
300
7955
0 29
0 30
0 31
0 32
0 33
0 34
0 35
0 36
0 37
0 38
0 43
0 45
0 49
0 50
0 51
0 52
0 53
0 54
0 61
0 63
0 66
0 69
0 70
0 73
0 76
0 81
0 83
0 88
0 90
0 91
0 93
0 95
0 96
0 102
0 104
0 110
0 111
0 116
0 117
0 128
0 134
0 146
0 156
0 167
0 172
0 184
0 190
0 195
0 197
0 201
0 222
0 228
0 230
0 238
0 245
0 251
0 253
0 267
0 273
0 287
0 291
0 292
0 295
0 297
1 29
1 30
1 31
1 32
1 33
1 34
1 36
1 38
1 39
1 40
1 43
1 45
1 49
1 59
1 65
1 66
1 74
1 76
1 81
1 94
1 95
1 100
1 105
1 116
1 117
1 149
1 157
1 158
1 159
1 163
1 170
1 174
1 180
1 181
1 184
1 201
1 206
1 213
1 215
1 216
1 230
1 231
1 269
1 273
2 29
2 31
2 32
2 33
2 34
2 35
2 36
2 37
2 38
2 39
2 42
2 43
2 44
2 45
2 47
2 50
2 51
2 52
2 54
2 56
2 57
2 60
2 61
2 62
2 63
2 64
2 66
2 68
2 71
2 72
2 73
2 78
2 81
2 91
2 99
2 102
2 109
2 110
2 112
2 139
2 140
2 142
2 143
2 147
2 149
2 159
2 162
2 166
2 176
2 192
2 193
2 209
2 211
2 213
2 217
2 219
2 227
2 228
2 236
2 238
2 241
2 259
2 263
2 272
2 279
2 281
2 294
2 208
3 29
3 30
3 31
3 32
3 33
3 34
3 35
3 36
3 37
3 38
3 39
3 40
3 41
3 42
3 44
3 46
3 50
3 52
3 54
3 59
3 60
3 68
3 75
3 76
3 77
3 82
3 94
3 97
3 98
3 99
3 107
3 110
3 112
3 114
3 115
3 122
3 125
3 126
3 131
3 135
3 145
3 147
3 152
3 154
3 176
3 181
3 203
3 205
3 206
3 209
3 220
3 225
3 226
3 227
3 236
3 240
3 242
3 245
3 253
3 257
3 260
3 264
3 276
3 295
4 29
4 30
4 31
4 33
4 34
4 35
4 36
4 37
4 38
4 39
4 40
4 41
4 42
4 47
4 53
4 54
4 60
4 61
4 64
4 66
4 68
4 71
4 81
4 82
4 85
4 86
4 89
4 93
4 101
4 102
4 125
4 126
4 130
4 131
4 140
4 141
4 157
4 161
4 184
4 185
4 187
4 204
4 210
4 221
4 228
4 234
4 240
4 255
4 261
4 272
4 286
4 288
4 292
4 297
5 29
5 30
5 31
5 32
5 34
5 35
5 36
5 40
5 41
5 43
5 48
5 49
5 51
5 54
5 56
5 60
5 61
5 67
5 71
5 78
5 79
5 80
5 81
5 82
5 85
5 86
5 87
5 89
5 91
5 94
5 97
5 98
5 104
5 109
5 115
5 118
5 119
5 122
5 123
5 132
5 137
5 142
5 144
5 146
5 154
5 156
5 157
5 160
5 164
5 166
5 179
5 181
5 190
5 194
5 201
5 206
5 211
5 212
5 213
5 216
5 238
5 243
5 247
5 259
5 271
5 273
5 277
5 282
5 283
5 287
5 291
5 292
5 293
5 106
6 29
6 30
6 31
6 32
6 33
6 34
6 35
6 36
6 37
6 38
6 40
6 41
6 43
6 46
6 49
6 50
6 51
6 52
6 53
6 54
6 55
6 57
6 58
6 59
6 62
6 68
6 69
6 70
6 71
6 81
6 83
6 84
6 88
6 95
6 98
6 99
6 107
6 113
6 115
6 117
6 122
6 126
6 131
6 141
6 147
6 149
6 155
6 159
6 161
6 165
6 168
6 173
6 178
6 191
6 195
6 196
6 200
6 207
6 209
6 210
6 215
6 217
6 220
6 227
6 232
6 234
6 236
6 239
6 245
6 251
6 256
6 257
6 258
6 264
6 265
6 294
6 298
6 163
6 143
7 29
7 30
7 31
7 32
7 33
7 35
7 36
7 37
7 38
7 40
7 41
7 46
7 49
7 51
7 52
7 57
7 67
7 74
7 79
7 84
7 88
7 95
7 106
7 113
7 125
7 133
7 141
7 145
7 152
7 154
7 155
7 179
7 183
7 195
7 202
7 210
7 213
7 214
7 218
7 221
7 242
7 248
7 251
7 252
7 253
7 256
7 263
7 265
7 269
7 274
7 284
7 294
7 196
8 29
8 30
8 31
8 33
8 34
8 35
8 36
8 37
8 38
8 39
8 40
8 41
8 43
8 45
8 47
8 48
8 49
8 52
8 55
8 56
8 60
8 62
8 63
8 65
8 73
8 75
8 79
8 80
8 85
8 87
8 88
8 92
8 94
8 105
8 114
8 129
8 132
8 133
8 140
8 144
8 148
8 151
8 156
8 177
8 179
8 185
8 193
8 210
8 214
8 217
8 222
8 232
8 234
8 236
8 254
8 257
8 263
8 269
8 280
8 292
8 299
8 229
9 29
9 30
9 32
9 33
9 34
9 36
9 37
9 39
9 41
9 42
9 44
9 48
9 49
9 50
9 55
9 56
9 57
9 61
9 62
9 64
9 74
9 77
9 80
9 83
9 84
9 89
9 98
9 109
9 110
9 111
9 116
9 119
9 125
9 134
9 139
9 164
9 175
9 177
9 198
9 200
9 206
9 234
9 237
9 246
9 258
9 266
9 274
9 284
9 290
9 54
10 29
10 30
10 31
10 32
10 34
10 35
10 36
10 37
10 38
10 39
10 40
10 42
10 43
10 44
10 45
10 47
10 48
10 49
10 52
10 54
10 55
10 56
10 57
10 58
10 61
10 64
10 69
10 70
10 72
10 77
10 79
10 83
10 85
10 88
10 91
10 93
10 94
10 104
10 105
10 109
10 113
10 121
10 122
10 123
10 131
10 134
10 136
10 137
10 138
10 148
10 151
10 156
10 158
10 161
10 162
10 163
10 167
10 169
10 172
10 189
10 206
10 208
10 212
10 213
10 215
10 252
10 258
10 260
10 262
10 266
10 267
10 273
10 298
11 29
11 30
11 31
11 32
11 33
11 34
11 35
11 36
11 37
11 38
11 39
11 41
11 42
11 44
11 45
11 48
11 49
11 50
11 52
11 53
11 54
11 55
11 56
11 58
11 61
11 65
11 69
11 70
11 73
11 77
11 81
11 82
11 83
11 84
11 85
11 90
11 91
11 97
11 98
11 99
11 100
11 101
11 102
11 104
11 105
11 111
11 119
11 121
11 133
11 139
11 142
11 148
11 154
11 156
11 162
11 167
11 168
11 170
11 172
11 173
11 177
11 183
11 188
11 196
11 198
11 203
11 208
11 210
11 213
11 220
11 225
11 230
11 235
11 250
11 266
11 272
11 283
11 288
11 290
11 291
11 293
11 294
11 295
11 297
12 29
12 30
12 31
12 32
12 33
12 34
12 35
12 36
12 38
12 39
12 41
12 42
12 43
12 44
12 47
12 50
12 64
12 70
12 79
12 85
12 88
12 90
12 92
12 99
12 106
12 110
12 111
12 121
12 122
12 125
12 126
12 137
12 138
12 142
12 144
12 145
12 146
12 151
12 153
12 160
12 176
12 178
12 183
12 188
12 192
12 193
12 197
12 199
12 216
12 217
12 226
12 228
12 246
12 255
12 262
12 268
12 281
12 293
12 148
13 29
13 30
13 31
13 32
13 33
13 34
13 35
13 37
13 38
13 39
13 40
13 43
13 46
13 47
13 48
13 51
13 53
13 57
13 59
13 60
13 61
13 62
13 63
13 65
13 70
13 72
13 85
13 87
13 90
13 93
13 98
13 101
13 104
13 108
13 111
13 115
13 120
13 121
13 126
13 127
13 128
13 132
13 134
13 136
13 141
13 148
13 150
13 165
13 168
13 172
13 175
13 176
13 191
13 201
13 209
13 210
13 213
13 217
13 222
13 224
13 231
13 241
13 242
13 258
13 260
13 266
13 270
13 272
13 297
14 29
14 30
14 31
14 32
14 34
14 35
14 36
14 37
14 40
14 42
14 43
14 49
14 51
14 53
14 56
14 58
14 71
14 77
14 85
14 94
14 96
14 99
14 102
14 107
14 108
14 119
14 120
14 121
14 122
14 129
14 133
14 135
14 142
14 147
14 149
14 155
14 177
14 180
14 183
14 195
14 200
14 206
14 212
14 232
14 239
14 256
14 266
14 272
14 283
14 284
14 294
14 299
14 16
15 29
15 30
15 31
15 32
15 33
15 38
15 39
15 41
15 42
15 44
15 45
15 46
15 47
15 48
15 49
15 51
15 52
15 53
15 58
15 59
15 73
15 76
15 77
15 78
15 84
15 87
15 88
15 89
15 96
15 108
15 117
15 145
15 146
15 149
15 168
15 176
15 202
15 234
15 235
15 236
15 257
15 258
15 271
15 277
15 291
15 293
15 296
15 35
16 29
16 30
16 31
16 32
16 33
16 34
16 35
16 36
16 37
16 38
16 40
16 42
16 44
16 45
16 46
16 47
16 48
16 50
16 51
16 53
16 54
16 55
16 57
16 58
16 59
16 60
16 63
16 75
16 76
16 78
16 79
16 81
16 82
16 84
16 85
16 86
16 89
16 94
16 95
16 100
16 101
16 102
16 108
16 112
16 117
16 120
16 121
16 124
16 129
16 134
16 136
16 137
16 139
16 150
16 152
16 159
16 165
16 167
16 174
16 177
16 179
16 189
16 193
16 205
16 215
16 216
16 225
16 227
16 233
16 235
16 241
16 255
16 257
16 258
16 268
16 273
16 276
16 277
16 278
16 283
16 288
16 292
17 29
17 30
17 31
17 32
17 33
17 34
17 35
17 36
17 37
17 38
17 39
17 40
17 41
17 42
17 44
17 45
17 46
17 47
17 48
17 49
17 50
17 52
17 53
17 54
17 55
17 56
17 57
17 62
17 63
17 64
17 65
17 66
17 67
17 68
17 71
17 76
17 80
17 82
17 88
17 91
17 99
17 100
17 106
17 112
17 119
17 120
17 121
17 123
17 124
17 125
17 129
17 132
17 133
17 141
17 148
17 150
17 152
17 169
17 178
17 183
17 191
17 192
17 195
17 200
17 214
17 221
17 223
17 234
17 236
17 252
17 260
17 268
17 281
17 282
17 289
17 295
17 299
17 163
18 29
18 30
18 31
18 32
18 34
18 35
18 39
18 40
18 44
18 51
18 60
18 61
18 64
18 70
18 72
18 73
18 75
18 97
18 101
18 116
18 118
18 122
18 126
18 131
18 158
18 174
18 176
18 188
18 189
18 190
18 215
18 218
18 234
18 246
18 256
18 265
18 276
18 279
18 298
19 29
19 30
19 31
19 32
19 33
19 34
19 35
19 36
19 37
19 38
19 39
19 41
19 50
19 57
19 58
19 62
19 72
19 77
19 82
19 84
19 87
19 90
19 96
19 101
19 109
19 113
19 124
19 132
19 134
19 139
19 142
19 143
19 148
19 172
19 176
19 191
19 193
19 214
19 218
19 225
19 230
19 244
19 266
19 280
20 29
20 30
20 31
20 32
20 33
20 34
20 35
20 36
20 37
20 38
20 40
20 41
20 42
20 43
20 44
20 45
20 47
20 52
20 54
20 55
20 59
20 64
20 66
20 67
20 74
20 78
20 82
20 85
20 86
20 87
20 88
20 89
20 92
20 99
20 102
20 103
20 106
20 108
20 111
20 118
20 121
20 127
20 133
20 151
20 156
20 161
20 162
20 170
20 173
20 174
20 176
20 186
20 190
20 196
20 201
20 203
20 204
20 205
20 218
20 231
20 241
20 242
20 244
20 249
20 260
20 262
20 263
20 270
20 271
20 283
20 287
21 29
21 30
21 31
21 32
21 33
21 34
21 35
21 37
21 38
21 39
21 40
21 41
21 42
21 45
21 46
21 47
21 48
21 49
21 50
21 51
21 53
21 55
21 56
21 58
21 66
21 68
21 69
21 71
21 75
21 77
21 87
21 89
21 90
21 96
21 98
21 101
21 102
21 103
21 105
21 108
21 110
21 111
21 118
21 126
21 127
21 134
21 143
21 145
21 151
21 153
21 156
21 162
21 178
21 179
21 186
21 189
21 191
21 195
21 196
21 213
21 220
21 227
21 249
21 252
21 258
21 260
21 265
21 266
21 271
21 276
21 282
21 289
21 297
21 298
22 29
22 30
22 31
22 33
22 35
22 37
22 43
22 46
22 50
22 51
22 60
22 62
22 67
22 74
22 97
22 103
22 106
22 110
22 115
22 123
22 124
22 128
22 136
22 143
22 167
22 175
22 187
22 194
22 212
22 229
22 236
22 237
22 238
22 261
22 279
22 280
22 285
22 297
22 59
22 63
23 29
23 30
23 31
23 32
23 33
23 34
23 35
23 36
23 38
23 39
23 40
23 41
23 42
23 43
23 44
23 45
23 46
23 47
23 51
23 53
23 54
23 57
23 58
23 59
23 61
23 62
23 66
23 68
23 73
23 75
23 76
23 79
23 80
23 87
23 91
23 94
23 97
23 99
23 114
23 116
23 119
23 121
23 124
23 127
23 128
23 130
23 132
23 135
23 140
23 146
23 150
23 155
23 168
23 170
23 173
23 182
23 192
23 193
23 205
23 207
23 209
23 211
23 213
23 214
23 216
23 217
23 220
23 221
23 244
23 249
23 261
23 264
23 269
23 272
23 281
23 286
23 290
23 294
24 29
24 30
24 31
24 32
24 33
24 35
24 36
24 37
24 39
24 41
24 42
24 48
24 50
24 53
24 59
24 60
24 69
24 70
24 74
24 77
24 83
24 84
24 90
24 93
24 104
24 107
24 109
24 118
24 120
24 123
24 131
24 143
24 150
24 182
24 185
24 190
24 191
24 200
24 205
24 208
24 223
24 226
24 227
24 233
24 246
24 247
24 263
24 285
24 40
25 29
25 30
25 31
25 32
25 33
25 34
25 36
25 37
25 44
25 48
25 52
25 55
25 58
25 62
25 64
25 71
25 73
25 85
25 89
25 90
25 100
25 103
25 104
25 110
25 113
25 114
25 116
25 135
25 143
25 164
25 180
25 183
25 197
25 202
25 213
25 226
25 230
25 234
25 238
25 240
25 241
25 248
25 258
25 273
25 282
26 29
26 30
26 31
26 32
26 33
26 34
26 37
26 40
26 41
26 42
26 43
26 45
26 46
26 50
26 54
26 57
26 64
26 68
26 70
26 74
26 77
26 80
26 91
26 93
26 96
26 98
26 100
26 101
26 110
26 111
26 119
26 123
26 124
26 126
26 134
26 145
26 146
26 162
26 178
26 179
26 187
26 191
26 193
26 203
26 236
26 251
26 255
26 257
26 261
26 263
26 264
26 270
26 284
26 289
26 296
26 148
27 29
27 30
27 32
27 33
27 35
27 39
27 40
27 41
27 42
27 43
27 46
27 50
27 59
27 65
27 74
27 75
27 78
27 84
27 118
27 149
27 154
27 174
27 175
27 176
27 177
27 186
27 192
27 193
27 202
27 203
27 207
27 209
27 218
27 236
27 239
27 267
28 29
28 30
28 31
28 32
28 33
28 34
28 36
28 38
28 39
28 40
28 42
28 43
28 44
28 46
28 47
28 48
28 53
28 54
28 57
28 59
28 60
28 61
28 62
28 63
28 67
28 71
28 95
28 98
28 114
28 115
28 118
28 122
28 123
28 125
28 139
28 146
28 150
28 152
28 159
28 169
28 172
28 180
28 187
28 190
28 198
28 205
28 209
28 213
28 222
28 224
28 236
28 250
28 254
28 264
28 267
28 282
28 284
28 228
29 30
29 31
29 32
29 33
29 34
29 35
29 36
29 37
29 38
29 39
29 40
29 41
29 42
29 43
29 44
29 45
29 46
29 47
29 48
29 49
29 51
29 52
29 53
29 56
29 57
29 58
29 60
29 61
29 62
29 63
29 65
29 66
29 67
29 71
29 72
29 74
29 75
29 78
29 80
29 82
29 83
29 87
29 88
29 90
29 91
29 92
29 94
29 95
29 96
29 97
29 100
29 101
29 102
29 103
29 106
29 110
29 112
29 116
29 118
29 123
29 126
29 128
29 129
29 132
29 134
29 135
29 137
29 138
29 141
29 144
29 145
29 146
29 147
29 149
29 150
29 151
29 154
29 156
29 159
29 161
29 163
29 165
29 166
29 170
29 171
29 174
29 175
29 179
29 187
29 188
29 189
29 190
29 196
29 197
29 207
29 209
29 212
29 215
29 216
29 219
29 220
29 221
29 222
29 228
29 229
29 230
29 234
29 239
29 241
29 245
29 246
29 247
29 250
29 269
29 272
29 274
29 276
29 280
29 281
29 284
29 286
29 291
29 293
29 295
29 298
29 237
30 31
30 32
30 33
30 34
30 35
30 36
30 37
30 38
30 39
30 40
30 41
30 42
30 43
30 44
30 45
30 46
30 47
30 49
30 50
30 51
30 52
30 53
30 54
30 55
30 58
30 60
30 62
30 63
30 64
30 65
30 68
30 69
30 70
30 72
30 73
30 74
30 79
30 80
30 82
30 84
30 90
30 96
30 97
30 98
30 99
30 102
30 104
30 105
30 108
30 109
30 111
30 112
30 113
30 114
30 117
30 118
30 120
30 123
30 124
30 126
30 127
30 128
30 131
30 138
30 141
30 144
30 151
30 153
30 154
30 158
30 162
30 165
30 167
30 168
30 172
30 175
30 177
30 178
30 184
30 185
30 187
30 189
30 201
30 207
30 217
30 219
30 223
30 227
30 230
30 236
30 242
30 244
30 246
30 250
30 255
30 259
30 263
30 266
30 273
30 279
30 283
30 284
30 290
30 289
31 32
31 33
31 34
31 35
31 36
31 37
31 38
31 39
31 40
31 41
31 42
31 43
31 44
31 45
31 46
31 47
31 48
31 49
31 51
31 52
31 53
31 54
31 55
31 56
31 57
31 58
31 59
31 60
31 62
31 63
31 64
31 67
31 68
31 71
31 73
31 75
31 77
31 78
31 79
31 80
31 81
31 82
31 84
31 86
31 91
31 92
31 96
31 98
31 102
31 105
31 106
31 107
31 108
31 114
31 115
31 116
31 117
31 118
31 119
31 120
31 123
31 124
31 128
31 132
31 133
31 137
31 138
31 140
31 144
31 150
31 152
31 154
31 156
31 158
31 159
31 160
31 161
31 168
31 169
31 171
31 174
31 178
31 180
31 181
31 182
31 188
31 190
31 193
31 195
31 197
31 202
31 206
31 207
31 213
31 221
31 222
31 225
31 230
31 232
31 238
31 242
31 250
31 251
31 259
31 260
31 265
31 268
31 277
31 283
31 284
32 33
32 34
32 35
32 36
32 37
32 38
32 39
32 40
32 41
32 42
32 43
32 44
32 45
32 46
32 47
32 48
32 49
32 50
32 51
32 52
32 53
32 54
32 55
32 56
32 57
32 58
32 59
32 60
32 61
32 63
32 66
32 68
32 71
32 73
32 76
32 77
32 81
32 86
32 89
32 90
32 92
32 93
32 94
32 97
32 101
32 102
32 107
32 108
32 111
32 113
32 119
32 120
32 121
32 122
32 126
32 127
32 129
32 133
32 136
32 138
32 139
32 144
32 145
32 147
32 148
32 149
32 150
32 154
32 155
32 156
32 157
32 158
32 160
32 162
32 163
32 165
32 166
32 167
32 171
32 173
32 175
32 178
32 179
32 180
32 181
32 183
32 193
32 196
32 199
32 206
32 207
32 208
32 213
32 218
32 220
32 235
32 236
32 237
32 246
32 248
32 250
32 251
32 254
32 257
32 258
32 259
32 273
32 276
32 279
32 287
32 288
32 289
32 292
32 293
32 296
33 34
33 35
33 36
33 37
33 38
33 39
33 41
33 43
33 44
33 45
33 46
33 47
33 48
33 50
33 52
33 53
33 54
33 55
33 56
33 57
33 58
33 59
33 62
33 63
33 64
33 65
33 66
33 67
33 68
33 69
33 70
33 73
33 74
33 75
33 76
33 78
33 79
33 80
33 81
33 86
33 89
33 90
33 91
33 94
33 96
33 99
33 100
33 102
33 104
33 105
33 107
33 108
33 114
33 115
33 117
33 121
33 122
33 126
33 127
33 129
33 130
33 137
33 138
33 141
33 144
33 146
33 147
33 149
33 150
33 151
33 154
33 157
33 164
33 165
33 169
33 172
33 182
33 187
33 188
33 189
33 192
33 195
33 197
33 198
33 204
33 207
33 212
33 214
33 218
33 224
33 226
33 230
33 237
33 238
33 240
33 254
33 255
33 261
33 263
33 266
33 282
33 293
33 296
33 103
34 35
34 36
34 37
34 38
34 39
34 40
34 42
34 43
34 44
34 45
34 46
34 47
34 48
34 49
34 51
34 53
34 55
34 56
34 57
34 58
34 59
34 60
34 61
34 63
34 64
34 65
34 66
34 67
34 68
34 69
34 70
34 71
34 72
34 73
34 74
34 76
34 78
34 80
34 81
34 82
34 83
34 84
34 85
34 88
34 89
34 92
34 93
34 95
34 97
34 98
34 99
34 100
34 101
34 102
34 103
34 104
34 107
34 108
34 115
34 116
34 117
34 119
34 122
34 125
34 129
34 133
34 134
34 135
34 136
34 137
34 139
34 141
34 142
34 147
34 150
34 151
34 154
34 159
34 164
34 171
34 173
34 176
34 178
34 184
34 186
34 187
34 201
34 203
34 204
34 215
34 221
34 225
34 229
34 230
34 234
34 241
34 247
34 249
34 264
34 267
34 268
34 275
34 279
34 285
34 287
34 289
34 291
34 162
35 36
35 37
35 38
35 39
35 40
35 41
35 42
35 43
35 44
35 45
35 46
35 47
35 48
35 49
35 50
35 53
35 56
35 59
35 60
35 61
35 62
35 63
35 64
35 66
35 67
35 69
35 70
35 71
35 78
35 79
35 80
35 81
35 82
35 83
35 84
35 88
35 91
35 92
35 96
35 100
35 103
35 104
35 105
35 107
35 109
35 110
35 111
35 112
35 113
35 114
35 115
35 128
35 133
35 135
35 136
35 137
35 138
35 139
35 141
35 146
35 149
35 152
35 155
35 156
35 157
35 159
35 160
35 161
35 163
35 164
35 166
35 168
35 169
35 170
35 173
35 174
35 177
35 179
35 182
35 190
35 191
35 192
35 194
35 196
35 199
35 202
35 206
35 208
35 209
35 212
35 217
35 219
35 220
35 221
35 222
35 224
35 225
35 232
35 233
35 234
35 235
35 239
35 241
35 242
35 243
35 246
35 247
35 250
35 251
35 257
35 260
35 264
35 272
35 273
35 275
35 289
35 290
35 294
35 296
35 93
36 37
36 38
36 39
36 40
36 41
36 43
36 44
36 45
36 46
36 47
36 48
36 49
36 50
36 51
36 53
36 54
36 55
36 56
36 57
36 58
36 59
36 60
36 61
36 63
36 65
36 66
36 67
36 68
36 69
36 71
36 72
36 73
36 74
36 75
36 76
36 77
36 79
36 80
36 81
36 82
36 83
36 84
36 88
36 90
36 92
36 93
36 95
36 97
36 98
36 99
36 100
36 101
36 102
36 103
36 106
36 109
36 110
36 113
36 117
36 124
36 125
36 126
36 127
36 128
36 134
36 135
36 136
36 137
36 138
36 139
36 140
36 142
36 143
36 148
36 151
36 155
36 158
36 163
36 165
36 170
36 174
36 181
36 182
36 183
36 185
36 188
36 195
36 197
36 199
36 201
36 204
36 208
36 211
36 212
36 213
36 217
36 218
36 220
36 223
36 224
36 225
36 228
36 238
36 239
36 243
36 244
36 247
36 253
36 257
36 258
36 259
36 264
36 267
36 272
36 274
36 279
36 280
36 284
36 286
36 289
36 296
36 297
36 203
37 38
37 39
37 40
37 41
37 42
37 43
37 44
37 45
37 46
37 47
37 48
37 50
37 51
37 52
37 53
37 54
37 56
37 58
37 60
37 62
37 64
37 65
37 67
37 68
37 69
37 71
37 72
37 76
37 77
37 78
37 80
37 81
37 83
37 86
37 88
37 90
37 93
37 97
37 101
37 102
37 103
37 104
37 106
37 109
37 111
37 115
37 116
37 117
37 118
37 119
37 120
37 121
37 123
37 124
37 126
37 127
37 129
37 130
37 138
37 139
37 140
37 144
37 145
37 146
37 150
37 151
37 157
37 161
37 164
37 169
37 170
37 172
37 177
37 178
37 185
37 186
37 191
37 193
37 197
37 199
37 201
37 205
37 210
37 212
37 218
37 221
37 222
37 225
37 227
37 231
37 233
37 236
37 238
37 239
37 240
37 243
37 245
37 249
37 253
37 254
37 257
37 260
37 262
37 265
37 272
37 275
37 286
37 288
37 290
37 295
37 296
37 298
38 39
38 40
38 41
38 42
38 43
38 44
38 45
38 46
38 47
38 50
38 52
38 56
38 58
38 59
38 60
38 61
38 63
38 65
38 66
38 67
38 68
38 69
38 71
38 72
38 74
38 75
38 83
38 84
38 92
38 96
38 97
38 100
38 101
38 103
38 105
38 106
38 107
38 108
38 109
38 111
38 112
38 114
38 117
38 121
38 123
38 125
38 130
38 133
38 134
38 139
38 141
38 143
38 144
38 147
38 148
38 151
38 153
38 157
38 159
38 160
38 164
38 174
38 177
38 183
38 187
38 189
38 193
38 198
38 199
38 209
38 212
38 217
38 222
38 232
38 234
38 244
38 247
38 253
38 263
38 265
38 266
38 276
38 278
38 280
38 282
38 186
38 167
38 225
39 40
39 41
39 42
39 43
39 44
39 45
39 46
39 47
39 48
39 49
39 50
39 52
39 53
39 55
39 56
39 59
39 61
39 64
39 65
39 66
39 67
39 68
39 69
39 70
39 71
39 72
39 73
39 74
39 76
39 77
39 78
39 80
39 82
39 85
39 86
39 87
39 88
39 89
39 90
39 95
39 96
39 98
39 101
39 103
39 104
39 107
39 109
39 119
39 120
39 125
39 129
39 130
39 131
39 132
39 135
39 138
39 142
39 145
39 146
39 151
39 154
39 156
39 158
39 160
39 166
39 172
39 178
39 181
39 182
39 186
39 187
39 189
39 194
39 201
39 209
39 210
39 211
39 218
39 219
39 223
39 224
39 225
39 228
39 231
39 232
39 236
39 237
39 240
39 244
39 249
39 250
39 255
39 256
39 257
39 258
39 259
39 263
39 264
39 267
39 272
39 281
39 286
39 287
39 288
39 290
39 293
39 294
39 296
40 41
40 42
40 43
40 44
40 45
40 46
40 47
40 48
40 49
40 51
40 52
40 53
40 55
40 57
40 58
40 59
40 61
40 65
40 66
40 67
40 68
40 70
40 72
40 73
40 75
40 76
40 77
40 78
40 79
40 81
40 83
40 84
40 85
40 86
40 87
40 97
40 101
40 102
40 103
40 104
40 106
40 107
40 112
40 113
40 123
40 126
40 128
40 129
40 130
40 131
40 133
40 135
40 137
40 138
40 140
40 141
40 147
40 148
40 150
40 151
40 158
40 159
40 160
40 164
40 168
40 169
40 173
40 174
40 177
40 178
40 184
40 185
40 188
40 192
40 194
40 195
40 198
40 199
40 202
40 203
40 206
40 207
40 208
40 213
40 214
40 221
40 224
40 225
40 231
40 244
40 245
40 255
40 259
40 260
40 266
40 270
40 271
40 272
40 274
40 282
40 283
40 285
40 296
40 299
41 42
41 43
41 44
41 45
41 47
41 48
41 49
41 50
41 51
41 52
41 53
41 54
41 55
41 56
41 58
41 59
41 60
41 61
41 62
41 63
41 65
41 67
41 69
41 72
41 73
41 79
41 82
41 86
41 91
41 93
41 94
41 101
41 102
41 104
41 106
41 107
41 108
41 109
41 112
41 113
41 114
41 116
41 117
41 119
41 122
41 123
41 124
41 125
41 126
41 128
41 130
41 132
41 135
41 138
41 140
41 141
41 148
41 154
41 160
41 161
41 166
41 168
41 172
41 173
41 175
41 176
41 181
41 183
41 184
41 189
41 193
41 198
41 205
41 206
41 207
41 209
41 214
41 219
41 232
41 235
41 249
41 255
41 256
41 262
41 264
41 267
41 268
41 270
41 272
41 273
41 279
41 283
41 285
41 290
41 294
42 44
42 45
42 46
42 47
42 48
42 49
42 50
42 51
42 52
42 55
42 56
42 57
42 61
42 63
42 64
42 67
42 68
42 69
42 70
42 72
42 74
42 76
42 77
42 78
42 80
42 85
42 86
42 87
42 88
42 89
42 90
42 91
42 95
42 101
42 103
42 105
42 108
42 111
42 113
42 114
42 115
42 116
42 119
42 121
42 124
42 126
42 132
42 134
42 136
42 138
42 139
42 140
42 144
42 147
42 148
42 149
42 152
42 163
42 169
42 171
42 172
42 173
42 174
42 175
42 177
42 191
42 203
42 207
42 214
42 215
42 218
42 219
42 224
42 226
42 233
42 248
42 251
42 256
42 257
42 267
42 282
42 283
42 285
42 290
42 291
42 292
43 44
43 45
43 46
43 49
43 50
43 51
43 52
43 55
43 57
43 58
43 59
43 60
43 61
43 62
43 63
43 65
43 67
43 68
43 69
43 70
43 71
43 75
43 76
43 78
43 79
43 84
43 85
43 86
43 89
43 90
43 91
43 94
43 95
43 96
43 97
43 99
43 103
43 109
43 110
43 111
43 113
43 114
43 118
43 120
43 125
43 127
43 128
43 130
43 132
43 134
43 135
43 136
43 144
43 146
43 151
43 152
43 154
43 160
43 161
43 165
43 168
43 171
43 175
43 178
43 179
43 186
43 189
43 190
43 192
43 194
43 199
43 200
43 201
43 211
43 218
43 225
43 226
43 230
43 232
43 238
43 243
43 245
43 248
43 254
43 260
43 261
43 267
43 270
43 271
43 274
43 283
43 293
44 45
44 46
44 47
44 48
44 50
44 51
44 52
44 53
44 54
44 56
44 57
44 59
44 63
44 65
44 67
44 70
44 73
44 80
44 83
44 84
44 85
44 86
44 88
44 89
44 91
44 93
44 94
44 100
44 106
44 108
44 109
44 111
44 113
44 120
44 124
44 125
44 127
44 128
44 131
44 132
44 133
44 136
44 137
44 141
44 144
44 150
44 169
44 172
44 176
44 178
44 184
44 186
44 187
44 188
44 191
44 192
44 196
44 200
44 210
44 214
44 226
44 233
44 243
44 256
44 259
44 270
44 271
44 273
44 274
44 278
44 286
44 287
44 295
44 296
44 202
45 46
45 48
45 49
45 54
45 59
45 60
45 62
45 63
45 65
45 66
45 68
45 70
45 72
45 74
45 76
45 78
45 79
45 88
45 89
45 95
45 98
45 102
45 103
45 112
45 115
45 116
45 118
45 123
45 131
45 132
45 133
45 135
45 136
45 149
45 156
45 157
45 166
45 171
45 180
45 183
45 191
45 203
45 208
45 215
45 219
45 222
45 224
45 229
45 230
45 232
45 241
45 249
45 251
45 253
45 255
45 260
45 266
45 270
45 271
45 278
45 279
45 283
45 294
45 297
45 298
45 299
46 47
46 48
46 49
46 50
46 51
46 52
46 54
46 55
46 56
46 57
46 59
46 63
46 64
46 66
46 67
46 73
46 79
46 82
46 83
46 86
46 91
46 92
46 93
46 96
46 97
46 100
46 102
46 104
46 105
46 106
46 110
46 111
46 116
46 118
46 119
46 128
46 135
46 137
46 140
46 142
46 143
46 145
46 150
46 151
46 153
46 156
46 163
46 180
46 182
46 183
46 184
46 187
46 190
46 194
46 198
46 199
46 205
46 206
46 208
46 214
46 222
46 239
46 244
46 249
46 252
46 258
46 274
46 281
46 283
46 284
46 292
46 295
46 193
47 48
47 49
47 52
47 53
47 54
47 55
47 56
47 57
47 59
47 60
47 61
47 62
47 64
47 65
47 66
47 67
47 69
47 70
47 71
47 74
47 79
47 87
47 89
47 92
47 93
47 95
47 96
47 97
47 99
47 101
47 103
47 106
47 107
47 113
47 116
47 117
47 122
47 124
47 125
47 131
47 137
47 140
47 141
47 142
47 149
47 151
47 153
47 154
47 158
47 161
47 172
47 173
47 176
47 181
47 184
47 186
47 187
47 189
47 200
47 202
47 205
47 214
47 215
47 222
47 225
47 228
47 241
47 245
47 254
47 257
47 260
47 264
47 270
47 272
47 275
47 284
47 289
47 297
47 299
47 206
48 49
48 50
48 51
48 54
48 55
48 56
48 58
48 63
48 64
48 66
48 68
48 69
48 71
48 73
48 75
48 76
48 77
48 81
48 83
48 84
48 86
48 87
48 91
48 93
48 98
48 101
48 103
48 105
48 107
48 112
48 115
48 117
48 120
48 123
48 127
48 128
48 131
48 136
48 141
48 142
48 143
48 144
48 145
48 148
48 157
48 161
48 164
48 165
48 169
48 170
48 171
48 179
48 181
48 182
48 186
48 187
48 192
48 193
48 195
48 197
48 201
48 211
48 215
48 230
48 232
48 233
48 234
48 238
48 243
48 245
48 246
48 247
48 252
48 255
48 265
48 269
48 281
48 282
48 288
48 289
48 290
48 295
48 297
48 298
48 158
49 51
49 52
49 55
49 56
49 57
49 60
49 62
49 63
49 64
49 65
49 67
49 68
49 69
49 72
49 74
49 75
49 77
49 78
49 79
49 81
49 85
49 86
49 87
49 91
49 92
49 98
49 99
49 100
49 104
49 106
49 107
49 108
49 114
49 116
49 118
49 121
49 124
49 126
49 132
49 136
49 137
49 138
49 139
49 149
49 152
49 155
49 159
49 162
49 165
49 167
49 168
49 171
49 180
49 181
49 184
49 196
49 201
49 206
49 216
49 221
49 231
49 237
49 239
49 240
49 243
49 244
49 251
49 252
49 257
49 260
49 265
49 282
49 283
49 286
49 264
50 51
50 52
50 53
50 54
50 55
50 56
50 58
50 60
50 62
50 66
50 68
50 69
50 70
50 71
50 72
50 73
50 76
50 79
50 80
50 82
50 84
50 85
50 90
50 94
50 99
50 100
50 101
50 103
50 106
50 114
50 115
50 117
50 125
50 126
50 141
50 142
50 143
50 148
50 155
50 156
50 160
50 162
50 170
50 181
50 183
50 186
50 188
50 193
50 198
50 210
50 211
50 213
50 214
50 219
50 221
50 225
50 239
50 243
50 245
50 250
50 251
50 253
50 257
50 261
50 262
50 263
50 266
50 270
50 271
50 276
50 286
50 288
50 292
50 293
50 294
51 54
51 55
51 56
51 57
51 58
51 59
51 61
51 62
51 64
51 68
51 69
51 74
51 75
51 76
51 77
51 80
51 87
51 89
51 91
51 92
51 95
51 96
51 97
51 101
51 102
51 103
51 107
51 109
51 114
51 115
51 121
51 124
51 128
51 134
51 153
51 158
51 160
51 162
51 163
51 164
51 167
51 173
51 175
51 185
51 191
51 204
51 207
51 212
51 214
51 223
51 226
51 235
51 252
51 254
51 256
51 260
51 281
51 293
51 104
52 53
52 55
52 56
52 60
52 61
52 62
52 63
52 65
52 66
52 67
52 69
52 70
52 74
52 75
52 76
52 77
52 78
52 81
52 83
52 86
52 87
52 88
52 89
52 90
52 92
52 93
52 94
52 96
52 100
52 101
52 102
52 107
52 110
52 111
52 114
52 115
52 116
52 117
52 119
52 133
52 139
52 148
52 153
52 158
52 175
52 179
52 180
52 192
52 197
52 210
52 213
52 216
52 222
52 223
52 235
52 236
52 248
52 251
52 252
52 254
52 255
52 274
52 275
52 276
52 278
52 279
52 294
53 54
53 57
53 58
53 59
53 60
53 63
53 65
53 66
53 72
53 73
53 75
53 76
53 77
53 79
53 81
53 85
53 87
53 89
53 90
53 93
53 94
53 96
53 98
53 99
53 100
53 104
53 106
53 107
53 108
53 111
53 116
53 118
53 119
53 122
53 130
53 131
53 132
53 136
53 140
53 141
53 142
53 148
53 150
53 152
53 155
53 162
53 166
53 171
53 183
53 185
53 192
53 195
53 198
53 205
53 210
53 211
53 224
53 225
53 236
53 238
53 239
53 240
53 247
53 255
53 260
53 265
53 275
53 277
53 282
53 284
53 296
53 218
54 55
54 57
54 58
54 60
54 61
54 62
54 63
54 64
54 65
54 67
54 70
54 72
54 73
54 76
54 77
54 78
54 82
54 83
54 114
54 116
54 117
54 119
54 125
54 127
54 131
54 132
54 136
54 139
54 142
54 143
54 144
54 145
54 146
54 149
54 153
54 155
54 158
54 159
54 166
54 173
54 174
54 175
54 177
54 178
54 180
54 183
54 188
54 190
54 193
54 194
54 195
54 198
54 208
54 218
54 225
54 229
54 243
54 257
54 259
54 263
54 275
54 278
54 80
54 260
55 58
55 64
55 65
55 66
55 72
55 73
55 74
55 75
55 87
55 88
55 89
55 91
55 93
55 94
55 96
55 100
55 102
55 106
55 107
55 108
55 113
55 117
55 119
55 120
55 124
55 130
55 131
55 133
55 134
55 135
55 138
55 140
55 142
55 144
55 145
55 146
55 147
55 157
55 160
55 164
55 169
55 173
55 185
55 192
55 195
55 200
55 201
55 203
55 205
55 206
55 222
55 224
55 241
55 247
55 248
55 254
55 259
55 263
55 268
55 269
55 271
55 275
55 277
55 279
55 283
55 286
55 288
55 289
55 112
56 57
56 58
56 61
56 62
56 63
56 64
56 69
56 70
56 71
56 72
56 74
56 81
56 82
56 83
56 84
56 85
56 91
56 92
56 93
56 94
56 95
56 96
56 97
56 103
56 106
56 107
56 109
56 115
56 117
56 118
56 119
56 121
56 122
56 123
56 125
56 126
56 128
56 129
56 131
56 132
56 140
56 141
56 143
56 148
56 150
56 152
56 166
56 168
56 176
56 178
56 186
56 189
56 195
56 201
56 202
56 208
56 215
56 218
56 224
56 225
56 227
56 235
56 238
56 241
56 243
56 254
56 260
56 264
56 268
56 275
56 278
56 279
56 281
56 284
56 285
56 291
56 297
57 61
57 69
57 71
57 75
57 76
57 79
57 80
57 83
57 84
57 90
57 98
57 99
57 113
57 114
57 129
57 143
57 149
57 152
57 153
57 156
57 157
57 163
57 166
57 169
57 171
57 182
57 183
57 187
57 189
57 205
57 216
57 231
57 233
57 234
57 237
57 250
57 253
57 259
57 266
57 268
57 273
57 276
57 299
57 148
57 254
58 59
58 62
58 63
58 65
58 66
58 69
58 70
58 72
58 73
58 80
58 82
58 84
58 85
58 88
58 90
58 104
58 110
58 116
58 117
58 120
58 121
58 122
58 126
58 127
58 132
58 135
58 145
58 148
58 150
58 157
58 171
58 172
58 176
58 181
58 188
58 198
58 206
58 208
58 222
58 229
58 231
58 232
58 237
58 255
58 266
58 270
58 277
58 296
58 297
58 298
58 193
59 61
59 65
59 67
59 69
59 70
59 74
59 78
59 79
59 83
59 89
59 90
59 100
59 110
59 120
59 125
59 132
59 137
59 153
59 158
59 159
59 164
59 169
59 173
59 174
59 175
59 180
59 186
59 191
59 194
59 202
59 203
59 209
59 211
59 212
59 253
59 255
59 258
59 265
59 276
59 286
59 289
59 292
60 62
60 68
60 71
60 72
60 73
60 75
60 79
60 80
60 83
60 86
60 87
60 95
60 103
60 104
60 106
60 109
60 112
60 114
60 121
60 125
60 140
60 141
60 143
60 153
60 154
60 158
60 164
60 185
60 186
60 189
60 199
60 218
60 219
60 231
60 240
60 243
60 245
60 253
60 259
60 264
60 268
60 274
60 281
61 64
61 66
61 67
61 69
61 71
61 72
61 74
61 79
61 95
61 100
61 105
61 106
61 107
61 108
61 117
61 118
61 119
61 124
61 125
61 128
61 129
61 131
61 133
61 143
61 145
61 146
61 150
61 151
61 154
61 155
61 158
61 163
61 168
61 169
61 172
61 177
61 189
61 190
61 196
61 206
61 210
61 216
61 217
61 218
61 220
61 234
61 240
61 243
61 245
61 253
61 261
61 266
61 270
61 299
61 116
62 64
62 65
62 66
62 67
62 69
62 70
62 74
62 75
62 76
62 77
62 78
62 84
62 85
62 88
62 92
62 94
62 95
62 98
62 99
62 105
62 115
62 116
62 120
62 121
62 124
62 128
62 134
62 139
62 140
62 144
62 147
62 155
62 162
62 166
62 175
62 176
62 183
62 193
62 199
62 219
62 231
62 233
62 237
62 241
62 248
62 253
62 254
62 256
62 277
62 298
63 64
63 65
63 70
63 73
63 79
63 82
63 83
63 84
63 85
63 87
63 88
63 91
63 92
63 97
63 101
63 102
63 113
63 115
63 122
63 136
63 140
63 146
63 149
63 157
63 162
63 170
63 171
63 173
63 179
63 180
63 183
63 184
63 188
63 190
63 191
63 203
63 221
63 237
63 241
63 242
63 264
63 274
63 295
63 298
63 209
64 66
64 67
64 68
64 74
64 75
64 76
64 78
64 79
64 80
64 81
64 83
64 87
64 92
64 93
64 95
64 98
64 104
64 107
64 109
64 112
64 122
64 129
64 134
64 144
64 162
64 163
64 164
64 167
64 168
64 178
64 187
64 196
64 214
64 220
64 221
64 223
64 231
64 235
64 247
64 249
64 262
64 272
64 279
64 296
65 68
65 72
65 77
65 78
65 83
65 86
65 88
65 90
65 91
65 97
65 102
65 116
65 127
65 128
65 130
65 131
65 132
65 134
65 137
65 138
65 149
65 150
65 152
65 154
65 157
65 163
65 164
65 170
65 175
65 210
65 218
65 220
65 228
65 255
65 263
65 276
65 279
65 280
65 284
65 287
66 70
66 72
66 74
66 76
66 77
66 78
66 79
66 82
66 83
66 86
66 87
66 92
66 95
66 96
66 100
66 103
66 104
66 105
66 106
66 110
66 112
66 114
66 123
66 125
66 132
66 133
66 134
66 135
66 139
66 150
66 153
66 160
66 170
66 172
66 180
66 183
66 184
66 188
66 195
66 200
66 203
66 217
66 220
66 222
66 235
66 238
66 244
66 245
66 251
66 252
66 254
66 265
66 275
66 276
66 280
66 288
66 290
66 297
67 68
67 72
67 81
67 83
67 94
67 105
67 111
67 113
67 124
67 127
67 139
67 143
67 145
67 151
67 153
67 170
67 179
67 182
67 183
67 184
67 186
67 187
67 189
67 195
67 197
67 202
67 205
67 220
67 225
67 246
67 247
67 250
67 256
67 263
67 280
67 281
67 282
67 288
68 71
68 75
68 78
68 80
68 81
68 84
68 86
68 91
68 102
68 103
68 106
68 110
68 111
68 118
68 127
68 143
68 152
68 153
68 155
68 156
68 158
68 165
68 171
68 174
68 175
68 176
68 179
68 187
68 188
68 202
68 209
68 213
68 220
68 225
68 239
68 240
68 252
68 257
68 265
68 275
69 71
69 72
69 75
69 81
69 85
69 86
69 87
69 89
69 90
69 91
69 95
69 98
69 105
69 107
69 108
69 109
69 111
69 114
69 116
69 117
69 118
69 120
69 130
69 132
69 134
69 135
69 139
69 140
69 142
69 151
69 155
69 159
69 164
69 170
69 173
69 176
69 183
69 194
69 195
69 200
69 205
69 211
69 220
69 229
69 249
69 250
69 264
69 270
69 273
69 289
69 136
70 71
70 73
70 75
70 76
70 81
70 86
70 92
70 94
70 95
70 96
70 98
70 102
70 103
70 107
70 108
70 112
70 116
70 122
70 123
70 125
70 133
70 134
70 138
70 140
70 144
70 148
70 152
70 155
70 156
70 162
70 165
70 168
70 172
70 181
70 183
70 186
70 191
70 192
70 194
70 197
70 198
70 200
70 201
70 202
70 212
70 215
70 216
70 226
70 230
70 241
70 245
70 255
70 256
70 261
70 265
70 286
70 298
71 77
71 78
71 82
71 83
71 87
71 89
71 94
71 101
71 103
71 105
71 110
71 115
71 118
71 126
71 135
71 137
71 142
71 145
71 148
71 156
71 159
71 164
71 168
71 169
71 175
71 177
71 181
71 190
71 193
71 204
71 219
71 229
71 243
71 245
71 246
71 248
71 250
71 252
71 268
71 271
71 275
71 277
71 289
71 293
71 297
71 123
72 73
72 74
72 75
72 79
72 80
72 82
72 87
72 89
72 92
72 93
72 94
72 95
72 96
72 97
72 98
72 100
72 104
72 105
72 107
72 109
72 113
72 116
72 118
72 119
72 122
72 123
72 127
72 130
72 131
72 132
72 135
72 142
72 155
72 163
72 168
72 175
72 182
72 185
72 191
72 193
72 203
72 205
72 219
72 223
72 225
72 232
72 248
72 250
72 251
72 254
72 260
72 265
72 269
72 278
72 287
72 290
72 295
72 299
73 75
73 77
73 78
73 86
73 90
73 95
73 106
73 110
73 135
73 144
73 146
73 148
73 173
73 188
73 192
73 209
73 216
73 227
73 233
73 236
73 237
73 264
73 268
73 271
73 272
73 276
73 286
73 290
73 174
73 166
73 263
74 76
74 77
74 80
74 83
74 86
74 89
74 93
74 94
74 95
74 99
74 106
74 111
74 112
74 125
74 132
74 134
74 136
74 146
74 159
74 161
74 162
74 175
74 176
74 183
74 184
74 209
74 227
74 230
74 243
74 261
74 282
74 263
75 80
75 81
75 82
75 85
75 86
75 88
75 89
75 91
75 92
75 94
75 95
75 100
75 116
75 120
75 123
75 126
75 128
75 129
75 131
75 140
75 152
75 159
75 164
75 165
75 180
75 182
75 184
75 186
75 194
75 196
75 197
75 199
75 203
75 213
75 216
75 217
75 218
75 219
75 229
75 237
75 242
75 252
75 253
75 262
75 267
75 271
75 281
75 294
75 296
75 298
76 82
76 84
76 93
76 100
76 104
76 105
76 112
76 113
76 120
76 121
76 124
76 139
76 141
76 147
76 156
76 157
76 160
76 168
76 180
76 190
76 196
76 200
76 209
76 226
76 228
76 233
76 235
76 242
76 267
76 278
76 279
76 291
76 149
77 78
77 80
77 81
77 91
77 99
77 102
77 115
77 117
77 129
77 149
77 150
77 154
77 157
77 161
77 163
77 169
77 170
77 171
77 174
77 178
77 181
77 182
77 190
77 200
77 203
77 204
77 205
77 206
77 211
77 213
77 215
77 224
77 227
77 229
77 231
77 237
77 251
77 253
77 262
77 289
77 295
77 297
77 299
77 263
78 82
78 85
78 86
78 92
78 93
78 104
78 109
78 127
78 133
78 134
78 147
78 148
78 150
78 153
78 159
78 171
78 172
78 174
78 177
78 182
78 185
78 187
78 192
78 210
78 220
78 228
78 230
78 232
78 237
78 238
78 248
78 263
78 267
78 275
78 277
78 281
78 283
78 297
78 216
79 80
79 87
79 90
79 92
79 98
79 101
79 105
79 113
79 115
79 127
79 131
79 137
79 145
79 147
79 149
79 161
79 162
79 175
79 179
79 192
79 193
79 197
79 199
79 204
79 207
79 209
79 215
79 218
79 233
79 244
79 248
79 258
79 262
79 279
79 280
79 285
80 81
80 84
80 86
80 89
80 99
80 101
80 108
80 109
80 126
80 127
80 135
80 137
80 140
80 143
80 144
80 147
80 151
80 164
80 167
80 181
80 192
80 196
80 198
80 204
80 212
80 220
80 224
80 227
80 241
80 243
80 251
80 266
80 291
80 294
81 82
81 88
81 94
81 95
81 97
81 98
81 100
81 101
81 112
81 120
81 122
81 125
81 128
81 129
81 130
81 137
81 138
81 141
81 143
81 146
81 150
81 152
81 155
81 160
81 161
81 166
81 169
81 171
81 178
81 187
81 188
81 194
81 196
81 208
81 209
81 212
81 217
81 218
81 219
81 223
81 224
81 243
81 250
81 251
81 253
81 255
81 261
81 265
81 267
81 285
81 286
81 289
81 299
81 268
82 84
82 96
82 98
82 99
82 104
82 108
82 113
82 127
82 130
82 134
82 141
82 143
82 163
82 166
82 168
82 171
82 174
82 179
82 201
82 202
82 215
82 224
82 230
82 245
82 268
82 269
82 281
82 135
82 222
83 85
83 87
83 88
83 92
83 93
83 96
83 108
83 112
83 129
83 142
83 145
83 153
83 163
83 164
83 166
83 177
83 182
83 186
83 193
83 206
83 217
83 224
83 246
83 248
83 255
83 268
83 275
83 278
83 291
84 85
84 88
84 89
84 93
84 99
84 101
84 105
84 109
84 110
84 112
84 116
84 121
84 124
84 138
84 145
84 147
84 152
84 153
84 158
84 165
84 170
84 175
84 178
84 183
84 184
84 186
84 187
84 191
84 209
84 215
84 219
84 229
84 231
84 246
84 254
84 255
84 275
84 278
84 288
84 298
84 299
85 93
85 94
85 97
85 104
85 112
85 113
85 119
85 126
85 127
85 130
85 138
85 140
85 157
85 159
85 174
85 182
85 200
85 203
85 219
85 220
85 259
85 265
85 274
85 277
85 281
85 288
86 87
86 88
86 96
86 97
86 98
86 105
86 110
86 117
86 124
86 130
86 132
86 142
86 145
86 151
86 157
86 158
86 163
86 166
86 167
86 169
86 178
86 182
86 189
86 192
86 194
86 198
86 223
86 231
86 243
86 252
86 257
86 262
86 273
86 274
86 276
86 279
86 285
86 290
86 298
86 113
87 100
87 103
87 104
87 105
87 112
87 117
87 118
87 119
87 123
87 124
87 131
87 134
87 135
87 137
87 151
87 153
87 155
87 156
87 160
87 163
87 169
87 172
87 177
87 183
87 196
87 201
87 204
87 221
87 226
87 231
87 233
87 240
87 249
87 252
87 253
87 257
87 262
87 274
87 275
87 289
87 294
87 299
87 174
88 90
88 96
88 99
88 114
88 115
88 122
88 124
88 125
88 129
88 130
88 131
88 135
88 136
88 138
88 140
88 141
88 145
88 150
88 153
88 154
88 158
88 160
88 161
88 165
88 166
88 167
88 168
88 174
88 178
88 180
88 181
88 187
88 191
88 193
88 202
88 213
88 217
88 220
88 223
88 228
88 236
88 240
88 256
88 257
88 265
88 271
88 284
88 293
88 296
89 90
89 92
89 97
89 103
89 110
89 114
89 117
89 120
89 121
89 128
89 129
89 140
89 143
89 148
89 152
89 158
89 161
89 166
89 171
89 179
89 180
89 181
89 190
89 202
89 211
89 214
89 224
89 226
89 228
89 231
89 248
89 249
89 253
89 256
89 260
89 264
89 267
89 276
89 279
89 280
90 91
90 92
90 93
90 95
90 105
90 110
90 114
90 115
90 124
90 129
90 134
90 135
90 140
90 144
90 145
90 169
90 180
90 185
90 186
90 187
90 188
90 191
90 192
90 196
90 200
90 201
90 205
90 222
90 223
90 232
90 241
90 249
90 251
90 257
90 265
90 269
90 297
90 161
91 92
91 93
91 97
91 111
91 113
91 120
91 156
91 160
91 167
91 174
91 179
91 180
91 182
91 194
91 204
91 212
91 218
91 219
91 226
91 236
91 239
91 244
91 245
91 262
91 264
91 275
91 284
91 285
91 153
92 94
92 97
92 99
92 100
92 107
92 112
92 113
92 114
92 117
92 119
92 121
92 124
92 129
92 137
92 142
92 144
92 148
92 154
92 163
92 174
92 175
92 185
92 186
92 195
92 196
92 197
92 203
92 215
92 219
92 221
92 224
92 227
92 229
92 233
92 237
92 241
92 242
92 246
92 248
92 253
92 262
92 274
92 280
92 283
92 284
93 99
93 103
93 104
93 109
93 111
93 115
93 118
93 119
93 120
93 135
93 138
93 149
93 152
93 153
93 165
93 179
93 185
93 188
93 201
93 220
93 228
93 232
93 241
93 245
93 248
93 250
93 254
93 257
93 258
93 277
93 287
93 290
93 294
93 299
94 96
94 106
94 111
94 120
94 122
94 123
94 139
94 141
94 143
94 146
94 164
94 169
94 190
94 200
94 208
94 209
94 212
94 214
94 227
94 234
94 244
94 246
94 278
94 281
94 293
94 295
94 274
95 108
95 109
95 112
95 122
95 126
95 127
95 131
95 137
95 141
95 142
95 143
95 160
95 189
95 191
95 212
95 214
95 215
95 223
95 231
95 238
95 239
95 240
95 251
95 253
95 266
95 285
96 97
96 105
96 108
96 115
96 120
96 123
96 126
96 127
96 143
96 151
96 156
96 159
96 161
96 162
96 163
96 170
96 178
96 180
96 184
96 205
96 207
96 212
96 221
96 223
96 226
96 232
96 247
96 251
96 282
96 293
97 98
97 100
97 107
97 112
97 116
97 120
97 128
97 136
97 139
97 143
97 150
97 152
97 155
97 165
97 170
97 194
97 198
97 207
97 209
97 225
97 237
97 242
97 244
97 294
97 297
97 156
98 99
98 102
98 110
98 111
98 112
98 118
98 119
98 129
98 135
98 137
98 147
98 149
98 165
98 167
98 189
98 199
98 202
98 204
98 207
98 213
98 217
98 231
98 240
98 243
98 248
98 282
98 288
98 291
98 292
99 106
99 107
99 113
99 115
99 128
99 131
99 136
99 144
99 146
99 149
99 167
99 172
99 197
99 205
99 211
99 219
99 225
99 226
99 230
99 231
99 267
99 269
99 279
99 282
99 292
99 184
100 118
100 119
100 161
100 162
100 185
100 190
100 198
100 200
100 211
100 244
100 246
100 251
100 257
100 286
100 292
100 294
100 232
101 103
101 105
101 106
101 111
101 121
101 129
101 130
101 136
101 141
101 164
101 166
101 170
101 177
101 208
101 217
101 224
101 228
101 237
101 239
101 241
101 247
101 264
101 268
101 276
101 278
101 281
101 284
101 292
101 293
101 296
102 108
102 109
102 110
102 112
102 113
102 114
102 121
102 124
102 125
102 129
102 130
102 133
102 137
102 142
102 144
102 147
102 160
102 165
102 167
102 171
102 177
102 179
102 180
102 185
102 199
102 203
102 206
102 210
102 212
102 220
102 231
102 235
102 238
102 243
102 247
102 252
102 257
102 258
102 277
102 290
102 291
102 294
103 105
103 108
103 110
103 113
103 123
103 124
103 126
103 130
103 132
103 134
103 138
103 145
103 147
103 151
103 157
103 159
103 161
103 168
103 184
103 189
103 196
103 204
103 210
103 211
103 217
103 218
103 227
103 230
103 240
103 267
103 280
103 284
103 288
103 297
103 167
104 109
104 114
104 115
104 123
104 129
104 133
104 135
104 159
104 171
104 173
104 174
104 176
104 180
104 197
104 199
104 203
104 213
104 215
104 222
104 225
104 233
104 240
104 250
104 258
104 265
104 270
104 271
104 278
104 286
104 294
105 116
105 138
105 140
105 178
105 191
105 197
105 202
105 209
105 212
105 216
105 229
105 236
105 246
105 251
105 268
105 272
105 278
105 288
105 149
106 108
106 118
106 122
106 129
106 130
106 148
106 155
106 177
106 182
106 193
106 204
106 205
106 208
106 223
106 225
106 231
106 245
106 247
106 262
106 274
106 278
106 294
106 295
106 207
107 110
107 118
107 128
107 136
107 144
107 148
107 155
107 161
107 171
107 179
107 181
107 183
107 187
107 189
107 193
107 207
107 211
107 216
107 221
107 222
107 227
107 232
107 234
107 243
107 251
107 271
107 278
107 294
108 109
108 127
108 129
108 130
108 146
108 149
108 151
108 155
108 157
108 158
108 162
108 167
108 172
108 180
108 190
108 198
108 220
108 252
108 264
108 284
108 292
108 293
108 199
109 111
109 121
109 122
109 127
109 128
109 130
109 136
109 137
109 143
109 154
109 158
109 159
109 161
109 167
109 171
109 176
109 181
109 192
109 196
109 204
109 206
109 215
109 239
109 258
109 264
109 275
109 278
109 285
109 290
110 112
110 125
110 132
110 141
110 148
110 152
110 155
110 159
110 171
110 180
110 184
110 192
110 193
110 210
110 216
110 221
110 228
110 233
110 242
110 254
110 256
110 257
110 260
110 277
110 279
110 280
110 299
111 125
111 126
111 136
111 144
111 146
111 163
111 164
111 168
111 175
111 177
111 185
111 189
111 191
111 192
111 195
111 228
111 233
111 235
111 264
111 295
111 296
112 120
112 122
112 127
112 130
112 136
112 139
112 145
112 172
112 173
112 176
112 181
112 185
112 188
112 190
112 191
112 193
112 195
112 198
112 208
112 218
112 219
112 230
112 233
112 238
112 249
112 263
112 271
112 273
112 285
112 290
112 291
112 297
112 269
113 114
113 122
113 123
113 128
113 131
113 133
113 138
113 139
113 147
113 151
113 162
113 165
113 166
113 172
113 177
113 188
113 201
113 202
113 213
113 223
113 227
113 240
113 242
113 251
113 252
113 259
113 270
113 282
113 239
114 117
114 121
114 133
114 147
114 152
114 154
114 158
114 165
114 183
114 185
114 191
114 192
114 216
114 227
114 235
114 246
114 247
114 256
114 261
114 263
114 273
114 292
114 296
114 298
114 190
115 120
115 142
115 160
115 200
115 202
115 206
115 211
115 223
115 225
115 229
115 252
115 259
115 287
115 289
116 118
116 119
116 121
116 123
116 133
116 136
116 139
116 140
116 143
116 145
116 146
116 150
116 153
116 157
116 158
116 160
116 161
116 165
116 173
116 176
116 178
116 192
116 197
116 208
116 217
116 227
116 230
116 239
116 240
116 254
116 256
116 261
116 265
116 276
116 284
116 286
116 293
116 295
116 287
116 194
116 218
116 241
117 127
117 131
117 133
117 147
117 154
117 166
117 167
117 171
117 175
117 184
117 185
117 188
117 212
117 218
117 223
117 227
117 246
117 250
117 276
117 282
117 289
117 296
118 122
118 163
118 165
118 176
118 185
118 189
118 197
118 199
118 204
118 208
118 217
118 229
118 232
118 234
118 240
118 258
118 267
118 285
118 221
119 132
119 146
119 167
119 173
119 179
119 194
119 207
119 233
119 239
119 244
119 263
119 267
119 271
119 278
119 291
120 123
120 139
120 146
120 147
120 148
120 158
120 166
120 168
120 178
120 180
120 197
120 202
120 211
120 214
120 216
120 221
120 242
120 273
120 279
120 283
120 287
120 288
120 291
121 136
121 145
121 150
121 154
121 169
121 184
121 186
121 188
121 222
121 223
121 224
121 234
121 241
121 254
121 261
121 276
121 292
122 130
122 138
122 154
122 155
122 159
122 172
122 175
122 194
122 202
122 205
122 207
122 210
122 223
122 228
122 230
122 233
122 282
122 288
122 296
123 137
123 146
123 153
123 154
123 166
123 170
123 171
123 182
123 192
123 198
123 203
123 208
123 220
123 222
123 240
123 242
123 249
123 261
123 269
123 280
123 292
123 250
124 139
124 155
124 157
124 162
124 169
124 173
124 224
124 235
124 265
124 273
124 276
124 295
125 133
125 134
125 135
125 142
125 149
125 153
125 156
125 157
125 158
125 162
125 166
125 169
125 173
125 176
125 177
125 179
125 180
125 194
125 204
125 206
125 208
125 234
125 252
125 259
125 277
125 282
125 291
126 130
126 159
126 178
126 189
126 190
126 192
126 195
126 219
126 232
126 237
126 247
126 262
126 269
126 283
126 180
127 128
127 138
127 139
127 162
127 163
127 165
127 176
127 179
127 189
127 197
127 198
127 199
127 200
127 212
127 220
127 221
127 227
127 236
127 239
127 241
127 247
127 248
127 270
127 284
127 286
127 293
127 153
127 192
128 156
128 159
128 161
128 206
128 207
128 222
128 227
128 234
128 264
128 287
129 130
129 141
129 148
129 152
129 165
129 172
129 175
129 185
129 186
129 204
129 214
129 218
129 223
129 229
129 233
129 237
129 245
129 248
129 250
129 258
129 263
129 271
129 284
129 296
130 131
130 153
130 155
130 158
130 183
130 201
130 205
130 209
130 211
130 212
130 226
130 240
130 241
130 246
130 249
130 261
130 268
130 269
130 270
130 278
130 283
130 287
131 133
131 142
131 146
131 163
131 165
131 175
131 178
131 186
131 199
131 207
131 210
131 216
131 218
131 219
131 233
131 234
131 243
131 257
131 268
132 133
132 142
132 164
132 168
132 169
132 171
132 194
132 235
132 245
132 248
132 274
132 298
132 219
133 137
133 144
133 147
133 160
133 163
133 182
133 191
133 193
133 194
133 225
133 264
133 265
133 268
133 277
133 280
133 289
133 298
134 142
134 150
134 157
134 163
134 179
134 182
134 188
134 191
134 194
134 195
134 196
134 197
134 207
134 222
134 244
134 252
134 256
134 266
134 267
134 281
134 298
134 263
134 177
135 136
135 138
135 149
135 154
135 163
135 169
135 175
135 177
135 190
135 200
135 201
135 210
135 237
135 239
135 250
135 263
135 279
135 290
135 298
136 140
136 147
136 152
136 157
136 164
136 167
136 169
136 170
136 171
136 184
136 191
136 204
136 211
136 214
136 238
136 243
136 256
136 261
136 264
136 266
136 274
136 289
136 293
137 145
137 160
137 168
137 179
137 194
137 198
137 207
137 209
137 210
137 213
137 215
137 223
137 224
137 231
137 246
137 261
137 286
137 295
138 166
138 170
138 206
138 207
138 238
138 252
138 274
138 280
139 151
139 152
139 162
139 170
139 198
139 204
139 216
139 217
139 221
139 266
139 272
139 283
139 220
139 292
140 157
140 166
140 167
140 171
140 173
140 190
140 199
140 209
140 210
140 224
140 229
140 239
140 274
140 299
141 147
141 149
141 153
141 161
141 168
141 182
141 204
141 216
141 222
141 229
141 237
141 249
141 256
141 261
141 277
142 143
142 144
142 158
142 162
142 178
142 182
142 197
142 200
142 202
142 204
142 214
142 229
142 244
142 245
142 255
142 258
142 262
142 263
142 270
143 153
143 154
143 155
143 156
143 165
143 167
143 169
143 186
143 205
143 211
143 235
143 245
143 254
143 258
143 267
143 278
143 284
143 285
143 288
143 292
144 151
144 153
144 159
144 174
144 180
144 200
144 202
144 204
144 205
144 207
144 208
144 209
144 214
144 218
144 227
144 228
144 229
144 231
144 239
144 242
144 279
144 283
144 286
144 287
144 294
145 167
145 194
145 196
145 217
145 222
145 237
145 242
145 245
145 250
145 254
145 259
145 261
145 282
145 287
145 295
146 147
146 149
146 157
146 160
146 167
146 173
146 176
146 187
146 202
146 220
146 230
146 251
146 272
146 275
146 285
146 290
146 298
146 266
146 261
147 181
147 195
147 206
147 295
147 165
148 149
148 164
148 174
148 177
148 194
148 198
148 206
148 211
148 213
148 219
148 229
148 232
148 235
148 236
148 240
148 256
148 268
148 270
148 286
148 288
148 289
148 272
149 152
149 156
149 162
149 164
149 167
149 172
149 176
149 196
149 198
149 207
149 215
149 217
149 220
149 254
149 256
149 258
149 268
149 272
149 285
149 290
150 160
150 164
150 168
150 173
150 174
150 184
150 191
150 194
150 211
150 212
150 232
150 235
150 261
150 267
150 268
150 281
150 288
150 195
151 152
151 153
151 155
151 161
151 162
151 170
151 182
151 187
151 195
151 199
151 210
151 211
151 213
151 214
151 215
151 222
151 227
151 236
151 240
151 258
151 262
151 263
151 268
151 271
151 280
151 283
151 287
151 290
151 292
152 160
152 185
152 189
152 190
152 208
152 234
152 252
152 286
152 287
153 177
153 195
153 210
153 222
153 231
153 237
153 252
153 273
153 280
153 289
154 156
154 201
154 244
154 245
154 290
155 156
155 157
155 172
155 173
155 174
155 185
155 199
155 208
155 212
155 213
155 217
155 228
155 230
155 240
155 246
155 256
155 258
155 271
155 272
155 275
155 282
156 161
156 163
156 172
156 174
156 199
156 201
156 216
156 226
156 232
156 233
156 234
156 250
156 255
156 259
156 267
156 289
156 295
157 176
157 181
157 190
157 201
157 204
157 216
157 223
157 235
157 255
157 259
157 262
157 265
157 266
158 165
158 167
158 170
158 214
158 226
158 230
158 235
158 242
158 261
158 265
158 281
159 160
159 166
159 184
159 241
160 161
160 181
160 190
160 194
160 195
160 196
160 221
160 224
160 236
160 243
160 247
160 248
160 254
160 257
160 261
160 278
160 284
160 294
161 168
161 170
161 196
161 202
161 203
161 205
161 212
161 219
161 221
161 225
161 228
161 233
161 279
161 280
161 288
162 170
162 180
162 182
162 183
162 200
162 216
162 229
162 234
162 254
162 258
162 267
162 291
163 174
163 177
163 182
163 228
163 250
163 258
163 275
163 279
163 291
163 294
164 212
164 240
164 246
164 249
164 262
164 269
164 276
164 277
164 286
165 166
165 170
165 181
165 186
165 204
165 207
165 210
165 215
165 240
165 270
165 272
165 278
165 290
165 291
165 292
166 167
166 185
166 199
166 210
166 221
166 237
166 244
166 260
166 261
166 262
166 273
166 275
166 278
166 183
167 185
167 194
167 197
167 203
167 204
167 206
167 208
167 210
167 214
167 223
167 232
167 234
167 236
167 250
167 251
167 256
167 264
167 266
167 267
167 270
167 274
167 292
168 177
168 182
168 188
168 203
168 207
168 213
168 215
168 222
168 225
168 226
168 233
168 248
168 269
168 272
168 277
168 283
168 285
168 291
169 196
169 209
169 223
169 229
169 236
169 250
169 253
169 282
170 173
170 184
170 223
170 236
170 242
170 248
170 249
170 256
170 288
170 290
171 186
171 189
171 200
171 226
171 253
171 256
171 268
171 269
171 294
172 181
172 187
172 209
172 218
172 238
172 261
172 282
173 200
173 212
173 223
173 229
173 287
174 179
174 181
174 184
174 198
174 206
174 215
174 247
174 254
174 273
175 203
175 224
175 230
175 263
175 274
175 292
175 293
176 208
176 233
176 234
176 258
176 289
177 188
177 189
177 194
177 199
177 207
177 214
177 217
177 221
177 226
177 235
177 238
177 242
177 245
177 247
177 251
177 270
177 275
178 179
178 181
178 184
178 198
178 199
178 203
178 225
178 226
178 228
178 231
178 232
178 247
178 256
178 274
178 285
178 287
178 299
178 298
178 187
179 184
179 186
179 197
179 201
179 208
179 211
179 219
179 250
179 259
179 269
179 270
179 278
179 287
180 188
180 221
180 226
180 262
180 272
180 287
181 197
181 200
181 206
181 215
181 233
181 235
181 244
181 246
181 253
181 289
181 294
182 187
182 196
182 199
182 200
182 211
182 214
182 222
182 227
182 252
182 266
182 271
182 285
183 185
183 186
183 192
183 217
183 232
183 236
183 244
183 255
183 291
184 196
184 197
184 211
184 217
184 269
184 297
185 195
185 221
185 228
185 232
185 247
185 269
185 273
185 280
186 187
186 188
186 237
186 247
186 253
186 255
186 268
186 281
186 283
186 293
187 188
187 228
187 254
187 259
187 284
187 298
188 190
188 195
188 199
188 200
188 202
188 214
188 219
188 232
188 274
189 199
189 204
189 231
189 247
189 256
189 284
189 292
189 296
190 193
190 204
190 223
190 238
190 257
190 265
190 280
190 282
190 286
191 193
191 196
191 201
191 220
191 230
191 247
191 248
191 255
191 293
191 297
192 202
192 216
192 228
192 229
192 241
192 243
192 244
192 245
192 248
192 249
192 265
192 267
192 268
192 285
193 229
193 230
193 242
193 249
194 235
194 255
194 260
194 266
194 269
194 275
195 197
195 216
195 218
195 238
195 241
195 262
195 287
195 297
195 299
196 198
196 201
196 210
196 220
196 224
196 243
196 263
197 198
197 235
197 241
197 246
197 285
197 299
198 202
198 203
198 208
198 216
198 242
198 273
198 274
198 287
198 289
199 233
199 238
199 242
199 249
199 274
199 299
200 203
200 205
200 216
200 228
200 248
200 295
201 230
201 233
201 239
201 248
201 253
201 260
201 280
201 282
201 295
201 298
202 203
202 238
202 243
202 262
202 265
202 293
202 297
203 205
203 208
203 227
203 236
203 237
203 238
203 244
203 266
203 280
203 285
204 205
204 219
204 227
204 235
204 239
204 247
204 262
205 211
205 253
205 275
205 277
206 229
206 231
206 275
206 277
206 299
207 219
207 226
207 228
207 232
207 247
207 272
207 273
207 274
207 275
208 242
208 276
208 296
209 217
209 221
209 237
209 248
209 263
209 269
209 279
209 281
209 285
209 297
210 215
210 234
210 255
210 259
210 273
210 277
210 297
211 251
211 270
211 271
211 272
211 293
212 242
212 249
212 261
212 271
212 281
212 290
213 226
213 273
213 277
214 216
214 226
214 229
214 246
214 252
214 254
214 264
214 265
214 267
214 276
214 293
215 249
215 261
215 298
215 297
216 235
216 244
216 269
216 277
217 226
217 231
217 238
217 240
217 289
218 227
218 249
218 253
218 287
218 298
218 299
219 228
219 269
219 277
219 287
219 288
219 297
220 245
220 249
220 250
220 275
220 287
221 224
221 234
221 239
221 244
221 256
221 261
221 266
222 224
222 270
222 271
222 286
222 291
222 296
222 297
222 299
223 239
223 243
223 246
223 272
223 275
223 280
223 288
224 226
224 237
224 264
224 269
224 271
224 291
224 298
225 237
225 245
225 271
225 282
226 229
226 239
226 248
226 258
226 268
227 250
227 269
227 276
227 281
228 239
228 242
228 269
228 271
228 282
228 292
228 295
229 260
230 240
230 241
230 260
230 267
230 276
230 280
230 286
231 242
231 254
231 273
231 283
232 253
232 278
232 281
232 299
233 235
233 262
233 296
234 239
234 241
234 263
234 269
234 277
235 238
235 243
235 250
235 267
235 277
235 294
236 242
236 244
236 246
236 270
236 277
236 278
236 292
236 295
237 252
238 277
238 280
239 246
239 249
239 285
240 252
240 289
240 298
241 259
241 260
242 259
242 298
243 244
243 260
243 266
243 270
243 273
243 279
243 297
243 267
244 259
244 260
244 263
244 264
244 283
245 255
245 276
245 286
245 291
246 259
246 270
246 272
247 252
247 254
247 260
247 270
247 285
247 291
248 249
248 251
248 281
248 286
248 288
249 253
250 292
251 287
252 259
252 296
252 299
253 288
254 262
254 266
254 268
254 287
255 291
255 296
256 257
256 259
256 262
256 280
256 293
257 272
258 261
258 295
259 263
259 285
260 271
260 274
260 281
261 262
261 268
261 276
261 281
261 291
261 295
262 278
262 291
262 295
264 288
264 290
265 286
265 296
267 269
268 292
268 299
269 273
269 282
269 293
269 296
269 269
270 290
271 284
272 274
272 276
272 280
272 284
272 295
273 279
273 283
274 293
275 278
276 279
276 295
277 294
278 285
278 288
278 298
280 283
283 284
284 292
284 299
285 299
286 290
287 289
293 294
293 299