322214148
26
300
7189
0 26
0 27
0 28
0 29
0 30
0 32
0 33
0 35
0 36
0 37
0 38
0 39
0 40
0 42
0 49
0 50
0 51
0 52
0 53
0 57
0 58
0 59
0 64
0 66
0 73
0 76
0 77
0 78
0 83
0 88
0 89
0 90
0 99
0 100
0 105
0 112
0 118
0 120
0 123
0 128
0 129
0 135
0 145
0 151
0 153
0 162
0 177
0 179
0 189
0 203
0 204
0 206
0 212
0 230
0 232
0 236
0 241
0 245
0 246
0 252
0 257
0 266
0 270
0 272
1 26
1 27
1 29
1 30
1 31
1 32
1 35
1 36
1 44
1 46
1 53
1 55
1 59
1 69
1 79
1 82
1 87
1 88
1 95
1 105
1 111
1 114
1 116
1 118
1 138
1 154
1 158
1 161
1 167
1 168
1 192
1 193
1 201
1 204
1 208
1 211
1 219
1 240
1 242
1 245
1 253
1 257
1 276
1 280
1 285
1 299
2 26
2 27
2 28
2 29
2 30
2 31
2 32
2 33
2 34
2 35
2 36
2 39
2 40
2 41
2 42
2 44
2 45
2 46
2 47
2 48
2 49
2 51
2 54
2 64
2 65
2 70
2 75
2 77
2 79
2 80
2 88
2 94
2 104
2 121
2 123
2 132
2 134
2 139
2 140
2 147
2 148
2 151
2 156
2 157
2 167
2 169
2 174
2 180
2 185
2 194
2 215
2 217
2 218
2 227
2 231
2 240
2 260
2 262
2 264
2 278
2 282
2 294
2 295
3 26
3 27
3 28
3 29
3 30
3 31
3 32
3 33
3 34
3 35
3 36
3 38
3 39
3 40
3 42
3 44
3 46
3 49
3 50
3 53
3 54
3 55
3 57
3 60
3 61
3 62
3 63
3 64
3 71
3 72
3 73
3 76
3 77
3 82
3 84
3 86
3 91
3 94
3 102
3 105
3 109
3 117
3 123
3 124
3 126
3 127
3 135
3 137
3 142
3 150
3 154
3 169
3 172
3 176
3 179
3 182
3 183
3 184
3 193
3 201
3 202
3 206
3 210
3 212
3 214
3 216
3 226
3 227
3 228
3 233
3 237
3 242
3 244
3 279
3 286
3 292
3 298
4 26
4 27
4 28
4 29
4 30
4 31
4 33
4 45
4 48
4 60
4 74
4 76
4 78
4 80
4 89
4 95
4 120
4 132
4 144
4 145
4 146
4 147
4 153
4 166
4 174
4 187
4 189
4 194
4 195
4 222
4 223
4 228
4 243
4 250
4 252
4 258
4 269
4 282
4 291
4 72
5 26
5 27
5 28
5 29
5 30
5 31
5 32
5 33
5 34
5 37
5 38
5 39
5 41
5 44
5 47
5 50
5 52
5 55
5 56
5 58
5 60
5 62
5 68
5 74
5 80
5 84
5 89
5 90
5 92
5 94
5 100
5 104
5 107
5 109
5 121
5 126
5 140
5 151
5 154
5 156
5 161
5 164
5 165
5 168
5 175
5 192
5 205
5 209
5 218
5 222
5 228
5 233
5 257
5 271
5 277
5 282
5 291
5 64
6 26
6 27
6 28
6 29
6 30
6 31
6 32
6 33
6 34
6 35
6 36
6 37
6 38
6 40
6 41
6 42
6 44
6 46
6 47
6 50
6 60
6 63
6 67
6 70
6 74
6 79
6 86
6 93
6 112
6 126
6 127
6 128
6 135
6 139
6 141
6 144
6 147
6 160
6 162
6 164
6 175
6 183
6 198
6 206
6 224
6 228
6 231
6 237
6 241
6 248
6 250
6 253
6 267
6 276
6 279
6 288
6 290
7 26
7 27
7 28
7 29
7 30
7 31
7 32
7 33
7 34
7 35
7 36
7 37
7 38
7 39
7 41
7 43
7 45
7 47
7 48
7 49
7 53
7 56
7 59
7 61
7 62
7 65
7 66
7 68
7 71
7 72
7 73
7 74
7 78
7 81
7 88
7 94
7 95
7 106
7 110
7 111
7 113
7 114
7 118
7 122
7 124
7 126
7 132
7 135
7 140
7 148
7 151
7 153
7 156
7 158
7 161
7 170
7 175
7 178
7 194
7 198
7 201
7 217
7 223
7 229
7 231
7 233
7 259
7 264
7 294
7 299
8 26
8 34
8 37
8 42
8 45
8 53
8 58
8 98
8 102
8 116
8 152
8 153
8 170
8 227
8 255
8 176
9 26
9 27
9 28
9 29
9 30
9 31
9 32
9 37
9 38
9 40
9 41
9 43
9 44
9 49
9 51
9 56
9 57
9 63
9 64
9 66
9 68
9 69
9 72
9 79
9 81
9 83
9 85
9 89
9 91
9 97
9 98
9 103
9 104
9 107
9 117
9 128
9 130
9 141
9 144
9 150
9 151
9 154
9 155
9 157
9 172
9 178
9 184
9 186
9 189
9 196
9 198
9 199
9 210
9 224
9 228
9 231
9 250
9 255
9 260
9 263
9 266
9 276
9 278
9 295
10 26
10 27
10 28
10 29
10 30
10 31
10 32
10 33
10 34
10 35
10 36
10 37
10 38
10 39
10 40
10 42
10 44
10 45
10 46
10 47
10 50
10 57
10 65
10 68
10 70
10 75
10 79
10 82
10 83
10 90
10 92
10 93
10 94
10 95
10 97
10 102
10 105
10 107
10 116
10 137
10 153
10 158
10 163
10 166
10 183
10 184
10 190
10 193
10 194
10 208
10 215
10 219
10 238
10 243
10 245
10 263
10 264
11 26
11 27
11 28
11 30
11 32
11 33
11 34
11 35
11 38
11 40
11 41
11 42
11 44
11 45
11 46
11 47
11 50
11 52
11 55
11 57
11 60
11 61
11 63
11 65
11 66
11 71
11 73
11 76
11 77
11 81
11 82
11 85
11 88
11 92
11 96
11 99
11 101
11 107
11 115
11 117
11 125
11 141
11 145
11 149
11 156
11 162
11 165
11 166
11 168
11 169
11 171
11 172
11 176
11 188
11 190
11 193
11 220
11 237
11 238
11 247
11 248
11 255
11 260
11 262
11 263
11 267
11 282
11 286
11 287
11 288
11 291
11 294
11 296
11 151
12 26
12 27
12 28
12 29
12 30
12 31
12 32
12 33
12 34
12 35
12 37
12 38
12 41
12 42
12 43
12 45
12 47
12 50
12 54
12 55
12 56
12 57
12 59
12 60
12 61
12 63
12 64
12 69
12 70
12 72
12 74
12 82
12 84
12 85
12 88
12 90
12 91
12 92
12 96
12 101
12 104
12 107
12 108
12 110
12 124
12 125
12 132
12 133
12 138
12 139
12 143
12 149
12 152
12 161
12 165
12 166
12 168
12 170
12 177
12 180
12 194
12 195
12 203
12 204
12 209
12 210
12 211
12 219
12 224
12 228
12 230
12 236
12 238
12 249
12 253
12 265
12 268
12 274
12 279
12 291
12 292
12 293
13 26
13 27
13 28
13 29
13 31
13 32
13 35
13 36
13 37
13 38
13 39
13 41
13 42
13 47
13 48
13 51
13 52
13 54
13 57
13 60
13 61
13 65
13 66
13 72
13 77
13 81
13 90
13 97
13 98
13 114
13 115
13 129
13 134
13 136
13 161
13 164
13 180
13 181
13 193
13 212
13 219
13 222
13 229
13 230
13 252
13 265
13 299
14 26
14 27
14 28
14 29
14 31
14 32
14 36
14 37
14 38
14 39
14 55
14 64
14 73
14 88
14 99
14 100
14 102
14 105
14 107
14 109
14 118
14 123
14 129
14 130
14 133
14 144
14 148
14 165
14 169
14 173
14 175
14 185
14 205
14 206
14 221
14 229
14 235
14 249
14 252
14 270
14 283
14 292
14 238
15 26
15 27
15 28
15 29
15 30
15 31
15 32
15 33
15 34
15 35
15 36
15 39
15 42
15 43
15 46
15 49
15 50
15 51
15 56
15 62
15 63
15 69
15 70
15 76
15 78
15 80
15 84
15 98
15 107
15 108
15 113
15 120
15 121
15 124
15 127
15 130
15 139
15 144
15 151
15 158
15 167
15 180
15 191
15 194
15 196
15 203
15 206
15 211
15 217
15 218
15 220
15 225
15 226
15 227
15 235
15 240
15 243
15 248
15 258
15 259
15 267
15 269
15 277
15 281
15 287
15 289
15 298
16 26
16 27
16 28
16 29
16 31
16 32
16 33
16 36
16 39
16 40
16 43
16 47
16 48
16 52
16 53
16 54
16 56
16 60
16 61
16 62
16 63
16 69
16 70
16 73
16 74
16 75
16 78
16 80
16 84
16 85
16 88
16 89
16 90
16 93
16 94
16 95
16 97
16 99
16 100
16 104
16 111
16 113
16 121
16 127
16 128
16 133
16 151
16 154
16 160
16 168
16 171
16 175
16 176
16 188
16 191
16 209
16 220
16 225
16 226
16 232
16 240
16 244
16 256
16 260
16 263
16 265
16 275
16 276
16 277
16 278
16 283
16 289
17 26
17 27
17 28
17 29
17 30
17 31
17 33
17 34
17 35
17 38
17 39
17 41
17 43
17 44
17 46
17 47
17 48
17 49
17 53
17 57
17 58
17 59
17 61
17 66
17 67
17 69
17 71
17 74
17 75
17 80
17 87
17 91
17 95
17 99
17 107
17 108
17 122
17 125
17 127
17 128
17 139
17 154
17 156
17 159
17 174
17 177
17 183
17 195
17 199
17 202
17 223
17 253
17 256
17 271
17 273
17 276
17 281
17 289
17 292
17 298
18 26
18 27
18 28
18 30
18 31
18 33
18 34
18 36
18 40
18 41
18 44
18 52
18 54
18 55
18 57
18 59
18 67
18 74
18 83
18 87
18 96
18 109
18 110
18 119
18 138
18 170
18 213
18 236
18 238
18 243
18 247
18 283
18 285
18 299
18 95
19 26
19 27
19 28
19 29
19 30
19 31
19 32
19 33
19 34
19 35
19 36
19 37
19 39
19 40
19 45
19 51
19 52
19 53
19 54
19 66
19 67
19 68
19 69
19 71
19 72
19 73
19 75
19 76
19 78
19 81
19 84
19 87
19 92
19 102
19 103
19 104
19 105
19 109
19 112
19 114
19 115
19 122
19 125
19 126
19 127
19 130
19 135
19 137
19 142
19 146
19 147
19 149
19 150
19 156
19 165
19 167
19 178
19 181
19 185
19 189
19 208
19 217
19 220
19 223
19 231
19 244
19 255
19 260
19 262
19 266
19 271
19 282
19 283
19 288
19 292
19 295
19 296
19 48
20 26
20 27
20 28
20 29
20 30
20 31
20 32
20 33
20 34
20 35
20 36
20 37
20 38
20 39
20 41
20 42
20 43
20 44
20 45
20 46
20 47
20 49
20 54
20 57
20 59
20 60
20 61
20 64
20 65
20 67
20 71
20 78
20 83
20 84
20 85
20 86
20 88
20 90
20 91
20 93
20 95
20 97
20 101
20 103
20 104
20 105
20 109
20 110
20 112
20 123
20 135
20 144
20 145
20 150
20 162
20 163
20 165
20 175
20 182
20 183
20 184
20 201
20 223
20 232
20 245
20 246
20 248
20 260
20 267
20 270
20 289
20 294
20 188
21 26
21 27
21 28
21 29
21 30
21 31
21 32
21 33
21 34
21 35
21 37
21 38
21 39
21 41
21 42
21 43
21 44
21 48
21 51
21 53
21 54
21 56
21 58
21 62
21 65
21 66
21 67
21 70
21 72
21 73
21 75
21 83
21 84
21 88
21 90
21 96
21 99
21 100
21 101
21 104
21 107
21 108
21 116
21 122
21 124
21 131
21 135
21 139
21 155
21 158
21 174
21 175
21 185
21 186
21 188
21 190
21 193
21 195
21 208
21 221
21 224
21 226
21 233
21 235
21 254
21 278
21 283
21 286
21 295
21 298
21 183
22 26
22 27
22 28
22 29
22 30
22 31
22 32
22 35
22 36
22 44
22 45
22 49
22 50
22 57
22 64
22 70
22 71
22 72
22 83
22 86
22 92
22 93
22 103
22 106
22 108
22 116
22 118
22 126
22 129
22 137
22 177
22 187
22 191
22 204
22 236
22 244
22 246
22 260
22 266
22 276
22 281
23 26
23 27
23 28
23 29
23 30
23 34
23 36
23 37
23 38
23 40
23 46
23 47
23 49
23 50
23 51
23 55
23 61
23 65
23 72
23 77
23 81
23 94
23 100
23 108
23 111
23 114
23 119
23 121
23 122
23 130
23 136
23 137
23 138
23 158
23 159
23 161
23 166
23 172
23 185
23 187
23 193
23 198
23 206
23 212
23 213
23 216
23 220
23 234
23 235
23 250
23 257
23 263
23 269
23 286
23 299
24 26
24 27
24 28
24 29
24 30
24 31
24 32
24 33
24 34
24 35
24 36
24 37
24 38
24 39
24 40
24 42
24 44
24 45
24 46
24 48
24 49
24 51
24 52
24 55
24 56
24 58
24 60
24 61
24 63
24 67
24 71
24 77
24 80
24 81
24 82
24 83
24 84
24 88
24 98
24 101
24 108
24 109
24 110
24 111
24 112
24 116
24 117
24 120
24 121
24 132
24 136
24 137
24 147
24 149
24 150
24 151
24 159
24 182
24 188
24 192
24 194
24 216
24 224
24 228
24 229
24 231
24 239
24 240
24 243
24 246
24 247
24 253
24 254
24 265
24 273
24 267
25 26
25 27
25 28
25 29
25 30
25 33
25 34
25 35
25 39
25 40
25 41
25 42
25 43
25 46
25 52
25 55
25 57
25 62
25 68
25 80
25 82
25 86
25 88
25 94
25 97
25 101
25 104
25 106
25 108
25 115
25 118
25 120
25 133
25 137
25 141
25 149
25 165
25 168
25 173
25 185
25 192
25 198
25 208
25 210
25 219
25 276
25 283
25 290
25 293
26 27
26 28
26 29
26 30
26 31
26 32
26 33
26 34
26 35
26 36
26 37
26 38
26 39
26 40
26 41
26 43
26 44
26 48
26 49
26 51
26 53
26 54
26 56
26 58
26 59
26 60
26 62
26 64
26 65
26 66
26 67
26 70
26 71
26 72
26 73
26 74
26 75
26 76
26 78
26 80
26 81
26 83
26 87
26 90
26 91
26 92
26 93
26 98
26 99
26 101
26 102
26 104
26 105
26 106
26 108
26 109
26 110
26 113
26 115
26 117
26 118
26 120
26 121
26 123
26 125
26 126
26 127
26 129
26 133
26 134
26 140
26 141
26 146
26 147
26 155
26 157
26 159
26 165
26 166
26 170
26 172
26 175
26 177
26 178
26 182
26 187
26 190
26 191
26 192
26 199
26 201
26 203
26 204
26 205
26 208
26 213
26 214
26 215
26 217
26 218
26 219
26 226
26 230
26 231
26 243
26 244
26 247
26 252
26 259
26 261
26 270
26 271
26 275
26 276
26 277
26 281
26 284
26 285
26 288
26 291
26 295
26 297
27 28
27 29
27 30
27 31
27 32
27 33
27 34
27 35
27 36
27 37
27 38
27 39
27 40
27 41
27 42
27 43
27 45
27 46
27 47
27 48
27 49
27 50
27 51
27 52
27 53
27 54
27 55
27 56
27 57
27 58
27 59
27 60
27 62
27 63
27 64
27 66
27 67
27 70
27 72
27 75
27 76
27 77
27 78
27 79
27 80
27 81
27 82
27 84
27 87
27 88
27 89
27 91
27 94
27 95
27 97
27 99
27 102
27 105
27 106
27 109
27 115
27 118
27 122
27 123
27 125
27 132
27 133
27 134
27 135
27 136
27 137
27 141
27 142
27 144
27 148
27 149
27 158
27 164
27 171
27 172
27 173
27 175
27 177
27 181
27 186
27 189
27 190
27 191
27 194
27 195
27 197
27 202
27 205
27 209
27 210
27 214
27 217
27 218
27 222
27 230
27 232
27 235
27 238
27 240
27 244
27 247
27 248
27 249
27 250
27 265
27 267
27 268
27 269
27 271
27 275
27 278
27 281
27 282
27 284
27 286
27 291
27 65
27 192
28 29
28 30
28 31
28 32
28 33
28 34
28 35
28 36
28 37
28 38
28 40
28 41
28 42
28 43
28 44
28 45
28 46
28 47
28 50
28 51
28 54
28 55
28 56
28 57
28 58
28 59
28 60
28 62
28 63
28 64
28 65
28 66
28 67
28 70
28 74
28 79
28 81
28 82
28 83
28 86
28 88
28 89
28 95
28 96
28 98
28 102
28 104
28 106
28 110
28 112
28 115
28 120
28 123
28 124
28 127
28 128
28 130
28 133
28 134
28 136
28 140
28 143
28 144
28 161
28 162
28 163
28 167
28 172
28 177
28 180
28 185
28 187
28 188
28 190
28 191
28 192
28 194
28 195
28 200
28 202
28 203
28 205
28 209
28 210
28 213
28 215
28 234
28 236
28 239
28 247
28 258
28 260
28 280
28 281
28 287
28 288
28 291
28 295
28 297
28 298
28 71
29 30
29 31
29 32
29 33
29 34
29 36
29 37
29 38
29 39
29 40
29 42
29 43
29 44
29 45
29 47
29 48
29 49
29 50
29 51
29 52
29 54
29 55
29 56
29 59
29 61
29 64
29 67
29 68
29 70
29 71
29 75
29 76
29 79
29 81
29 82
29 86
29 87
29 89
29 94
29 95
29 96
29 99
29 100
29 103
29 104
29 105
29 106
29 108
29 111
29 112
29 114
29 117
29 123
29 126
29 127
29 134
29 137
29 138
29 144
29 154
29 170
29 179
29 180
29 182
29 188
29 190
29 193
29 196
29 200
29 204
29 206
29 208
29 211
29 213
29 221
29 227
29 230
29 237
29 238
29 245
29 267
29 268
29 270
29 280
29 259
30 31
30 32
30 33
30 34
30 35
30 36
30 37
30 38
30 39
30 40
30 41
30 43
30 44
30 45
30 46
30 49
30 50
30 51
30 52
30 53
30 56
30 57
30 58
30 60
30 61
30 62
30 63
30 66
30 71
30 72
30 73
30 75
30 76
30 78
30 79
30 80
30 81
30 83
30 84
30 85
30 87
30 91
30 92
30 95
30 96
30 97
30 98
30 99
30 102
30 106
30 108
30 109
30 110
30 111
30 112
30 113
30 116
30 117
30 119
30 121
30 135
30 136
30 138
30 140
30 141
30 143
30 144
30 145
30 147
30 155
30 156
30 162
30 163
30 165
30 166
30 169
30 170
30 178
30 186
30 196
30 198
30 202
30 204
30 206
30 216
30 220
30 222
30 226
30 231
30 232
30 234
30 241
30 242
30 245
30 246
30 247
30 248
30 251
30 254
30 258
30 273
30 277
30 283
30 284
30 296
30 288
31 32
31 33
31 34
31 35
31 36
31 37
31 38
31 40
31 41
31 43
31 44
31 45
31 46
31 47
31 48
31 49
31 50
31 51
31 52
31 54
31 55
31 56
31 57
31 58
31 59
31 60
31 61
31 62
31 63
31 64
31 67
31 69
31 70
31 71
31 73
31 74
31 75
31 77
31 84
31 89
31 91
31 92
31 93
31 98
31 104
31 105
31 106
31 109
31 110
31 112
31 116
31 118
31 119
31 121
31 122
31 123
31 124
31 125
31 133
31 136
31 138
31 143
31 145
31 146
31 148
31 151
31 155
31 157
31 162
31 163
31 164
31 166
31 176
31 181
31 182
31 191
31 193
31 196
31 198
31 203
31 204
31 205
31 206
31 208
31 209
31 211
31 212
31 214
31 216
31 217
31 220
31 232
31 233
31 235
31 242
31 248
31 264
31 265
31 273
31 279
31 281
31 296
31 298
31 299
32 33
32 34
32 35
32 36
32 37
32 38
32 39
32 40
32 41
32 43
32 45
32 46
32 47
32 48
32 49
32 50
32 52
32 53
32 54
32 56
32 57
32 61
32 62
32 66
32 67
32 68
32 69
32 70
32 71
32 72
32 73
32 74
32 77
32 78
32 79
32 81
32 86
32 89
32 90
32 94
32 96
32 102
32 104
32 107
32 108
32 110
32 115
32 119
32 120
32 121
32 125
32 127
32 131
32 132
32 133
32 136
32 139
32 142
32 143
32 152
32 156
32 160
32 162
32 163
32 165
32 167
32 170
32 171
32 173
32 177
32 178
32 184
32 195
32 196
32 197
32 203
32 206
32 207
32 209
32 212
32 216
32 217
32 219
32 222
32 225
32 228
32 232
32 234
32 236
32 244
32 245
32 247
32 248
32 256
32 257
32 263
32 267
32 278
32 279
32 280
32 284
32 285
32 288
32 290
32 291
32 294
32 295
32 297
32 283
32 111
32 253
33 34
33 35
33 37
33 38
33 39
33 40
33 41
33 42
33 43
33 45
33 47
33 48
33 52
33 53
33 54
33 55
33 57
33 58
33 60
33 61
33 62
33 64
33 65
33 67
33 69
33 70
33 73
33 75
33 76
33 78
33 80
33 81
33 83
33 84
33 85
33 87
33 89
33 95
33 97
33 101
33 108
33 110
33 111
33 112
33 114
33 115
33 117
33 120
33 122
33 123
33 125
33 130
33 132
33 137
33 141
33 143
33 153
33 154
33 155
33 157
33 159
33 164
33 166
33 167
33 169
33 170
33 172
33 179
33 180
33 182
33 184
33 189
33 190
33 197
33 202
33 206
33 207
33 218
33 227
33 232
33 236
33 238
33 241
33 242
33 243
33 246
33 250
33 254
33 255
33 258
33 263
33 267
33 268
33 270
33 274
33 281
33 283
33 287
33 291
33 299
33 194
34 35
34 36
34 37
34 39
34 40
34 41
34 42
34 43
34 44
34 45
34 46
34 47
34 48
34 49
34 51
34 52
34 53
34 54
34 55
34 56
34 58
34 59
34 63
34 64
34 65
34 67
34 70
34 72
34 77
34 79
34 86
34 87
34 89
34 90
34 92
34 96
34 98
34 100
34 101
34 103
34 104
34 107
34 112
34 113
34 119
34 120
34 129
34 130
34 131
34 133
34 137
34 145
34 151
34 152
34 154
34 155
34 160
34 161
34 162
34 163
34 165
34 167
34 169
34 170
34 171
34 174
34 175
34 180
34 183
34 184
34 187
34 188
34 195
34 196
34 198
34 199
34 200
34 208
34 210
34 222
34 228
34 231
34 235
34 237
34 242
34 245
34 246
34 248
34 254
34 255
34 266
34 267
34 269
34 276
34 281
34 282
34 283
34 284
34 290
34 292
35 36
35 37
35 38
35 39
35 40
35 41
35 42
35 43
35 44
35 45
35 46
35 47
35 48
35 51
35 53
35 54
35 57
35 62
35 64
35 65
35 72
35 82
35 84
35 92
35 93
35 96
35 99
35 108
35 109
35 119
35 122
35 124
35 125
35 127
35 128
35 134
35 140
35 141
35 143
35 144
35 154
35 157
35 160
35 162
35 164
35 166
35 171
35 178
35 183
35 186
35 191
35 192
35 196
35 197
35 199
35 207
35 208
35 211
35 219
35 222
35 225
35 226
35 233
35 236
35 237
35 238
35 249
35 261
35 264
35 272
35 279
35 281
35 288
35 289
36 37
36 38
36 40
36 41
36 42
36 43
36 44
36 46
36 47
36 48
36 49
36 50
36 53
36 54
36 58
36 61
36 62
36 64
36 66
36 68
36 73
36 75
36 77
36 79
36 88
36 89
36 92
36 93
36 96
36 99
36 106
36 111
36 114
36 116
36 119
36 120
36 131
36 139
36 143
36 145
36 148
36 149
36 153
36 154
36 158
36 160
36 164
36 165
36 167
36 168
36 173
36 182
36 186
36 197
36 212
36 215
36 222
36 223
36 225
36 230
36 233
36 237
36 244
36 250
36 254
36 257
36 261
36 262
36 266
36 271
36 274
36 276
36 280
36 281
36 283
36 293
36 294
37 39
37 41
37 42
37 43
37 48
37 49
37 50
37 51
37 52
37 53
37 55
37 56
37 57
37 58
37 61
37 64
37 68
37 69
37 72
37 77
37 79
37 82
37 84
37 88
37 89
37 91
37 92
37 93
37 94
37 96
37 105
37 112
37 114
37 119
37 122
37 125
37 127
37 128
37 130
37 133
37 154
37 159
37 163
37 167
37 168
37 178
37 179
37 181
37 187
37 193
37 196
37 199
37 204
37 205
37 209
37 211
37 216
37 228
37 236
37 242
37 244
37 248
37 250
37 267
37 290
37 292
37 160
37 46
38 39
38 40
38 41
38 42
38 43
38 44
38 45
38 46
38 49
38 50
38 51
38 52
38 54
38 56
38 58
38 59
38 61
38 62
38 63
38 65
38 68
38 69
38 72
38 76
38 77
38 78
38 79
38 83
38 85
38 86
38 87
38 89
38 91
38 92
38 93
38 98
38 99
38 100
38 101
38 103
38 105
38 108
38 109
38 116
38 117
38 119
38 123
38 124
38 131
38 135
38 139
38 140
38 146
38 148
38 152
38 158
38 159
38 164
38 168
38 170
38 174
38 183
38 188
38 192
38 193
38 200
38 203
38 205
38 215
38 232
38 245
38 247
38 249
38 256
38 257
38 258
38 259
38 262
38 263
38 267
38 274
38 275
38 277
38 279
38 284
38 286
38 292
38 150
39 40
39 41
39 42
39 43
39 44
39 45
39 46
39 47
39 48
39 49
39 51
39 52
39 53
39 56
39 59
39 60
39 61
39 63
39 65
39 66
39 67
39 71
39 74
39 75
39 77
39 85
39 86
39 87
39 92
39 95
39 96
39 100
39 103
39 105
39 107
39 112
39 117
39 118
39 120
39 123
39 125
39 129
39 134
39 138
39 139
39 142
39 147
39 148
39 150
39 152
39 170
39 174
39 175
39 178
39 179
39 181
39 187
39 188
39 202
39 203
39 210
39 217
39 220
39 231
39 239
39 244
39 249
39 255
39 256
39 257
39 258
39 259
39 263
39 267
39 270
39 273
39 274
39 277
39 280
39 284
39 286
39 292
39 299
39 204
40 42
40 43
40 44
40 45
40 46
40 47
40 48
40 49
40 50
40 51
40 54
40 55
40 56
40 58
40 61
40 62
40 65
40 67
40 68
40 69
40 70
40 73
40 75
40 76
40 77
40 78
40 81
40 85
40 86
40 89
40 93
40 94
40 96
40 98
40 102
40 106
40 109
40 110
40 112
40 113
40 116
40 117
40 118
40 119
40 123
40 125
40 127
40 141
40 145
40 150
40 152
40 153
40 155
40 156
40 158
40 160
40 163
40 165
40 166
40 170
40 171
40 177
40 181
40 182
40 183
40 184
40 186
40 189
40 190
40 191
40 192
40 194
40 202
40 206
40 208
40 216
40 220
40 226
40 227
40 231
40 235
40 243
40 246
40 249
40 251
40 260
40 278
40 287
40 289
40 295
40 296
40 298
40 299
40 283
40 95
41 42
41 43
41 44
41 46
41 47
41 48
41 49
41 51
41 53
41 54
41 56
41 57
41 59
41 60
41 62
41 65
41 68
41 70
41 74
41 75
41 76
41 80
41 82
41 86
41 88
41 90
41 91
41 94
41 96
41 97
41 99
41 104
41 110
41 111
41 114
41 127
41 130
41 134
41 138
41 141
41 147
41 152
41 157
41 158
41 159
41 160
41 173
41 184
41 185
41 186
41 187
41 192
41 193
41 194
41 196
41 197
41 204
41 219
41 221
41 222
41 224
41 229
41 230
41 236
41 255
41 258
41 290
41 292
42 43
42 45
42 46
42 47
42 48
42 50
42 51
42 54
42 55
42 56
42 58
42 59
42 60
42 62
42 63
42 65
42 66
42 67
42 69
42 74
42 75
42 79
42 80
42 81
42 83
42 84
42 85
42 86
42 94
42 96
42 97
42 105
42 109
42 111
42 114
42 118
42 125
42 136
42 139
42 140
42 148
42 149
42 150
42 155
42 164
42 166
42 167
42 169
42 170
42 175
42 178
42 181
42 185
42 187
42 190
42 192
42 196
42 197
42 202
42 203
42 204
42 206
42 207
42 209
42 210
42 214
42 225
42 231
42 248
42 249
42 250
42 251
42 252
42 256
42 258
42 259
42 268
42 270
42 273
42 276
42 294
42 296
42 123
43 45
43 51
43 52
43 53
43 55
43 57
43 59
43 60
43 63
43 64
43 67
43 68
43 69
43 74
43 76
43 79
43 80
43 82
43 84
43 85
43 87
43 88
43 89
43 96
43 98
43 100
43 101
43 113
43 114
43 116
43 126
43 131
43 140
43 143
43 147
43 149
43 152
43 156
43 157
43 158
43 168
43 173
43 182
43 184
43 186
43 191
43 201
43 203
43 210
43 213
43 224
43 228
43 229
43 232
43 233
43 239
43 251
43 257
43 260
43 272
43 275
43 280
43 281
44 45
44 46
44 47
44 48
44 49
44 50
44 52
44 53
44 55
44 60
44 68
44 73
44 77
44 78
44 80
44 83
44 87
44 90
44 96
44 100
44 101
44 108
44 112
44 116
44 118
44 120
44 126
44 132
44 134
44 135
44 136
44 138
44 142
44 144
44 146
44 152
44 156
44 159
44 160
44 161
44 163
44 165
44 167
44 168
44 174
44 175
44 176
44 177
44 178
44 180
44 182
44 183
44 187
44 199
44 204
44 210
44 212
44 225
44 234
44 242
44 246
44 247
44 249
44 251
44 256
44 262
44 264
44 269
44 277
44 293
45 48
45 50
45 51
45 52
45 54
45 58
45 60
45 65
45 66
45 68
45 69
45 72
45 73
45 74
45 75
45 77
45 81
45 86
45 89
45 91
45 97
45 98
45 100
45 102
45 103
45 106
45 109
45 110
45 115
45 117
45 120
45 121
45 130
45 135
45 138
45 141
45 147
45 152
45 155
45 156
45 158
45 167
45 171
45 185
45 189
45 190
45 199
45 200
45 204
45 209
45 211
45 213
45 216
45 218
45 224
45 232
45 240
45 256
45 261
45 280
45 285
45 296
45 298
45 299
45 210
46 48
46 50
46 52
46 53
46 55
46 56
46 58
46 60
46 63
46 66
46 69
46 71
46 72
46 73
46 74
46 75
46 77
46 78
46 79
46 83
46 85
46 86
46 87
46 88
46 89
46 90
46 92
46 97
46 105
46 106
46 110
46 113
46 115
46 119
46 120
46 121
46 125
46 128
46 131
46 132
46 136
46 138
46 140
46 143
46 144
46 153
46 155
46 157
46 163
46 167
46 185
46 195
46 200
46 205
46 208
46 238
46 242
46 243
46 246
46 249
46 251
46 254
46 261
46 266
46 270
46 275
46 286
46 290
46 206
47 48
47 49
47 52
47 53
47 55
47 56
47 57
47 58
47 59
47 63
47 70
47 71
47 73
47 79
47 80
47 81
47 86
47 90
47 91
47 92
47 93
47 94
47 95
47 97
47 98
47 100
47 102
47 104
47 105
47 107
47 110
47 112
47 113
47 120
47 121
47 125
47 137
47 138
47 141
47 147
47 149
47 157
47 165
47 166
47 174
47 178
47 179
47 183
47 197
47 199
47 200
47 202
47 207
47 211
47 213
47 215
47 225
47 236
47 258
47 259
47 277
47 282
47 285
47 288
47 294
47 296
47 158
48 50
48 51
48 58
48 59
48 60
48 62
48 63
48 68
48 69
48 71
48 75
48 78
48 83
48 85
48 90
48 96
48 97
48 99
48 100
48 101
48 107
48 108
48 110
48 114
48 120
48 122
48 131
48 133
48 136
48 140
48 143
48 154
48 157
48 160
48 169
48 171
48 176
48 179
48 180
48 182
48 183
48 192
48 195
48 201
48 205
48 214
48 224
48 231
48 234
48 249
48 253
48 260
48 264
48 275
48 280
48 286
48 297
49 50
49 52
49 55
49 59
49 61
49 62
49 63
49 68
49 70
49 71
49 75
49 76
49 78
49 80
49 98
49 100
49 102
49 103
49 111
49 113
49 114
49 117
49 118
49 119
49 121
49 128
49 129
49 131
49 140
49 149
49 152
49 153
49 154
49 157
49 160
49 164
49 166
49 176
49 177
49 180
49 181
49 182
49 189
49 191
49 192
49 198
49 202
49 203
49 205
49 217
49 219
49 220
49 222
49 224
49 225
49 230
49 239
49 240
49 247
49 251
49 263
49 264
49 267
49 268
49 283
49 288
49 289
49 292
49 294
49 296
49 104
50 53
50 54
50 55
50 56
50 59
50 62
50 64
50 66
50 68
50 70
50 76
50 77
50 82
50 83
50 87
50 92
50 98
50 99
50 100
50 104
50 107
50 113
50 118
50 122
50 123
50 124
50 126
50 129
50 133
50 134
50 141
50 145
50 146
50 151
50 175
50 180
50 187
50 189
50 194
50 199
50 203
50 211
50 214
50 215
50 218
50 220
50 221
50 224
50 233
50 235
50 236
50 243
50 244
50 263
50 267
50 269
50 276
50 294
50 297
51 52
51 57
51 58
51 59
51 65
51 68
51 69
51 71
51 74
51 78
51 82
51 86
51 88
51 90
51 91
51 93
51 94
51 95
51 97
51 108
51 109
51 127
51 129
51 132
51 138
51 141
51 142
51 146
51 152
51 156
51 158
51 163
51 165
51 172
51 175
51 188
51 197
51 210
51 213
51 214
51 216
51 219
51 220
51 223
51 224
51 239
51 244
51 245
51 246
51 249
51 250
51 252
51 273
51 277
51 287
51 291
51 294
51 130
52 53
52 55
52 58
52 64
52 65
52 67
52 69
52 72
52 73
52 77
52 79
52 81
52 83
52 85
52 86
52 87
52 88
52 98
52 99
52 101
52 103
52 106
52 113
52 116
52 124
52 131
52 132
52 134
52 142
52 143
52 144
52 147
52 148
52 154
52 159
52 162
52 166
52 171
52 184
52 189
52 192
52 195
52 202
52 210
52 212
52 218
52 221
52 231
52 234
52 243
52 247
52 250
52 251
52 255
52 261
52 262
52 265
52 268
52 273
52 277
52 292
52 295
53 54
53 57
53 58
53 65
53 71
53 77
53 79
53 87
53 90
53 94
53 101
53 103
53 113
53 116
53 128
53 129
53 133
53 145
53 146
53 150
53 151
53 156
53 165
53 171
53 178
53 179
53 190
53 192
53 193
53 194
53 196
53 210
53 233
53 238
53 240
53 243
53 265
53 271
53 273
53 274
53 275
53 276
53 281
53 284
53 285
53 290
53 291
54 56
54 60
54 65
54 66
54 71
54 72
54 79
54 83
54 85
54 86
54 91
54 93
54 99
54 101
54 102
54 108
54 109
54 116
54 119
54 121
54 122
54 123
54 129
54 134
54 136
54 137
54 139
54 140
54 142
54 146
54 148
54 149
54 150
54 153
54 156
54 161
54 168
54 180
54 183
54 184
54 186
54 198
54 221
54 227
54 228
54 245
54 258
54 260
54 263
54 266
54 275
54 276
54 280
54 286
54 293
54 299
55 57
55 58
55 59
55 60
55 61
55 63
55 64
55 66
55 67
55 70
55 75
55 77
55 80
55 84
55 89
55 93
55 95
55 101
55 106
55 107
55 108
55 111
55 134
55 140
55 141
55 142
55 150
55 169
55 171
55 177
55 179
55 180
55 189
55 199
55 206
55 212
55 214
55 215
55 217
55 221
55 224
55 226
55 237
55 240
55 250
55 260
55 265
55 266
55 271
55 274
55 283
55 285
55 298
56 59
56 61
56 66
56 67
56 68
56 72
56 73
56 74
56 76
56 78
56 79
56 82
56 84
56 87
56 89
56 93
56 99
56 100
56 103
56 105
56 118
56 121
56 128
56 133
56 138
56 143
56 145
56 146
56 152
56 156
56 163
56 171
56 174
56 177
56 192
56 200
56 208
56 217
56 229
56 236
56 239
56 241
56 249
56 261
56 267
56 268
56 276
56 278
56 279
56 296
57 59
57 61
57 62
57 63
57 65
57 67
57 68
57 70
57 75
57 76
57 78
57 81
57 91
57 93
57 98
57 100
57 101
57 104
57 105
57 106
57 121
57 126
57 130
57 131
57 138
57 141
57 151
57 152
57 160
57 162
57 174
57 177
57 179
57 180
57 185
57 187
57 198
57 200
57 217
57 218
57 220
57 222
57 234
57 237
57 241
57 256
57 263
57 285
57 297
58 61
58 64
58 68
58 69
58 72
58 80
58 82
58 85
58 88
58 89
58 92
58 93
58 95
58 103
58 105
58 106
58 110
58 111
58 115
58 117
58 118
58 120
58 123
58 124
58 126
58 134
58 136
58 141
58 145
58 160
58 161
58 164
58 165
58 168
58 170
58 173
58 184
58 202
58 203
58 211
58 216
58 218
58 221
58 225
58 229
58 232
58 233
58 236
58 245
58 259
58 269
58 278
58 282
58 283
58 287
58 293
58 294
58 295
59 61
59 62
59 63
59 66
59 67
59 81
59 85
59 86
59 89
59 91
59 100
59 108
59 111
59 112
59 114
59 122
59 123
59 126
59 128
59 130
59 134
59 143
59 144
59 149
59 151
59 153
59 154
59 160
59 161
59 162
59 166
59 167
59 169
59 188
59 201
59 215
59 216
59 225
59 228
59 234
59 248
59 265
59 266
59 274
59 284
59 286
59 292
60 62
60 63
60 65
60 73
60 74
60 80
60 82
60 83
60 86
60 87
60 92
60 93
60 95
60 97
60 99
60 103
60 109
60 110
60 112
60 113
60 115
60 117
60 121
60 129
60 133
60 139
60 141
60 148
60 153
60 154
60 162
60 163
60 169
60 170
60 176
60 177
60 180
60 183
60 193
60 195
60 200
60 201
60 205
60 219
60 221
60 222
60 224
60 229
60 234
60 235
60 244
60 250
60 253
60 254
60 277
60 283
60 122
61 63
61 64
61 67
61 69
61 78
61 81
61 86
61 91
61 92
61 97
61 108
61 118
61 124
61 126
61 127
61 133
61 142
61 145
61 148
61 153
61 155
61 160
61 165
61 173
61 181
61 191
61 198
61 207
61 208
61 210
61 211
61 218
61 220
61 234
61 240
61 244
61 251
61 256
61 259
61 266
61 269
61 275
61 283
61 291
61 296
62 64
62 66
62 69
62 76
62 80
62 95
62 102
62 103
62 104
62 109
62 112
62 113
62 114
62 115
62 116
62 123
62 125
62 126
62 129
62 134
62 145
62 146
62 150
62 154
62 156
62 180
62 182
62 187
62 192
62 196
62 204
62 212
62 239
62 246
62 251
62 254
62 264
62 275
62 278
62 65
62 94
63 64
63 65
63 67
63 69
63 70
63 72
63 74
63 83
63 84
63 85
63 107
63 108
63 114
63 121
63 129
63 132
63 143
63 145
63 150
63 159
63 168
63 172
63 173
63 183
63 186
63 201
63 210
63 211
63 216
63 221
63 225
63 232
63 240
63 256
63 257
63 262
63 268
63 274
63 289
63 151
63 147
63 198
63 241
64 66
64 69
64 71
64 74
64 75
64 76
64 80
64 87
64 90
64 95
64 96
64 101
64 102
64 104
64 107
64 110
64 127
64 128
64 131
64 133
64 135
64 136
64 137
64 139
64 140
64 142
64 144
64 146
64 148
64 150
64 154
64 157
64 158
64 159
64 161
64 168
64 176
64 185
64 191
64 193
64 194
64 211
64 217
64 218
64 231
64 234
64 242
64 244
64 250
64 253
64 258
64 260
64 272
64 277
65 66
65 68
65 69
65 71
65 75
65 79
65 80
65 82
65 84
65 87
65 88
65 96
65 98
65 103
65 110
65 120
65 121
65 122
65 124
65 129
65 130
65 133
65 135
65 158
65 164
65 181
65 188
65 189
65 193
65 197
65 198
65 203
65 227
65 229
65 232
65 247
65 249
65 252
65 257
65 269
65 271
65 279
65 283
65 290
65 298
66 68
66 73
66 76
66 82
66 85
66 92
66 93
66 98
66 101
66 102
66 117
66 118
66 131
66 137
66 138
66 141
66 148
66 153
66 154
66 164
66 167
66 171
66 172
66 179
66 189
66 225
66 228
66 240
66 248
66 257
66 264
66 276
66 284
66 285
66 298
67 68
67 71
67 73
67 76
67 77
67 83
67 91
67 95
67 98
67 124
67 129
67 130
67 131
67 142
67 154
67 170
67 177
67 179
67 187
67 188
67 196
67 200
67 201
67 204
67 220
67 223
67 224
67 242
67 245
67 246
67 250
67 253
67 259
67 271
67 274
67 288
67 299
68 70
68 71
68 72
68 73
68 74
68 78
68 85
68 88
68 90
68 96
68 97
68 98
68 106
68 107
68 109
68 112
68 113
68 114
68 115
68 120
68 121
68 122
68 123
68 134
68 135
68 138
68 146
68 180
68 184
68 186
68 188
68 190
68 194
68 196
68 197
68 201
68 204
68 209
68 213
68 216
68 217
68 219
68 221
68 225
68 226
68 227
68 240
68 258
68 269
68 270
68 271
68 272
68 280
68 281
68 287
68 290
68 291
68 294
68 297
68 298
68 299
69 70
69 72
69 77
69 78
69 82
69 84
69 88
69 91
69 95
69 96
69 99
69 100
69 102
69 103
69 113
69 117
69 122
69 125
69 128
69 129
69 135
69 136
69 143
69 150
69 153
69 159
69 160
69 173
69 175
69 176
69 177
69 178
69 179
69 183
69 200
69 207
69 216
69 218
69 222
69 234
69 236
69 239
69 252
69 208
70 71
70 73
70 76
70 82
70 89
70 99
70 101
70 116
70 118
70 121
70 130
70 149
70 162
70 163
70 164
70 172
70 174
70 177
70 180
70 185
70 196
70 207
70 213
70 241
70 244
70 245
70 252
70 254
70 262
70 272
70 284
70 298
71 74
71 75
71 76
71 80
71 81
71 84
71 91
71 105
71 106
71 113
71 116
71 118
71 125
71 133
71 134
71 139
71 151
71 152
71 155
71 156
71 157
71 158
71 166
71 185
71 187
71 189
71 212
71 220
71 226
71 229
71 230
71 238
71 240
71 254
71 265
71 271
71 278
71 279
71 281
71 291
71 237
72 74
72 79
72 83
72 94
72 99
72 100
72 106
72 110
72 112
72 115
72 117
72 118
72 124
72 125
72 128
72 129
72 135
72 136
72 144
72 167
72 171
72 173
72 179
72 180
72 207
72 213
72 215
72 218
72 223
72 233
72 241
72 261
72 276
72 278
72 256
73 76
73 79
73 81
73 84
73 85
73 87
73 90
73 93
73 94
73 101
73 114
73 117
73 124
73 128
73 132
73 137
73 140
73 147
73 150
73 153
73 154
73 156
73 158
73 169
73 171
73 172
73 177
73 193
73 202
73 207
73 227
73 242
73 245
73 255
73 261
73 271
73 281
73 290
74 82
74 85
74 89
74 90
74 93
74 94
74 99
74 118
74 122
74 127
74 128
74 132
74 133
74 135
74 136
74 137
74 143
74 153
74 161
74 167
74 176
74 182
74 188
74 195
74 200
74 202
74 207
74 208
74 216
74 221
74 223
74 226
74 230
74 243
74 245
74 253
74 261
74 262
74 265
74 268
74 269
74 277
74 278
74 287
74 288
74 293
75 82
75 83
75 86
75 91
75 94
75 102
75 103
75 105
75 111
75 115
75 127
75 128
75 129
75 141
75 142
75 149
75 154
75 155
75 177
75 184
75 222
75 227
75 233
75 235
75 238
75 241
75 252
75 260
75 269
75 274
76 77
76 78
76 79
76 84
76 85
76 86
76 87
76 94
76 97
76 100
76 101
76 115
76 117
76 118
76 129
76 132
76 143
76 145
76 146
76 148
76 149
76 154
76 155
76 158
76 159
76 167
76 172
76 173
76 175
76 181
76 191
76 217
76 226
76 233
76 237
76 245
76 265
76 271
76 273
76 274
76 277
76 289
76 296
76 297
77 78
77 80
77 81
77 87
77 89
77 92
77 93
77 115
77 117
77 130
77 135
77 141
77 144
77 149
77 151
77 153
77 155
77 162
77 168
77 170
77 176
77 185
77 188
77 189
77 191
77 197
77 209
77 211
77 212
77 214
77 216
77 218
77 219
77 226
77 232
77 242
77 246
77 258
77 260
77 263
77 266
77 281
77 282
77 287
77 288
77 292
77 249
78 83
78 90
78 95
78 111
78 113
78 122
78 136
78 137
78 139
78 143
78 145
78 172
78 203
78 207
78 209
78 215
78 224
78 231
78 234
78 252
78 253
78 258
78 269
78 272
78 279
78 289
79 82
79 85
79 92
79 96
79 97
79 101
79 102
79 107
79 113
79 115
79 122
79 126
79 131
79 135
79 139
79 146
79 149
79 150
79 155
79 159
79 162
79 197
79 205
79 207
79 210
79 221
79 239
79 242
79 255
79 268
79 270
79 278
79 279
79 295
80 81
80 100
80 107
80 109
80 111
80 113
80 114
80 122
80 130
80 131
80 132
80 137
80 142
80 144
80 146
80 153
80 159
80 164
80 166
80 208
80 214
80 224
80 226
80 227
80 234
80 239
80 257
80 267
80 278
80 279
80 286
80 297
81 84
81 87
81 88
81 97
81 111
81 124
81 128
81 143
81 149
81 159
81 163
81 166
81 167
81 175
81 182
81 188
81 200
81 205
81 207
81 209
81 212
81 230
81 246
81 249
81 255
81 260
81 277
81 298
82 90
82 91
82 94
82 106
82 113
82 119
82 123
82 127
82 132
82 133
82 140
82 150
82 155
82 160
82 174
82 177
82 199
82 210
82 211
82 224
82 226
82 234
82 245
82 254
82 257
82 261
82 293
82 105
83 90
83 91
83 95
83 103
83 106
83 116
83 118
83 120
83 124
83 128
83 130
83 136
83 146
83 147
83 148
83 152
83 156
83 162
83 176
83 181
83 189
83 192
83 194
83 195
83 211
83 220
83 226
83 238
83 249
83 264
83 266
83 276
83 282
83 296
84 85
84 96
84 97
84 104
84 111
84 114
84 115
84 116
84 124
84 129
84 131
84 149
84 159
84 166
84 169
84 183
84 187
84 206
84 222
84 232
84 251
84 253
84 277
84 298
85 86
85 92
85 95
85 98
85 106
85 109
85 153
85 164
85 174
85 184
85 188
85 196
85 201
85 203
85 229
85 232
85 235
85 251
85 261
85 266
85 272
85 275
85 278
85 280
85 292
86 91
86 93
86 94
86 100
86 102
86 116
86 119
86 125
86 128
86 132
86 141
86 159
86 161
86 162
86 166
86 170
86 174
86 176
86 177
86 185
86 190
86 194
86 195
86 196
86 199
86 201
86 202
86 204
86 211
86 214
86 222
86 225
86 232
86 235
86 243
86 252
86 259
86 272
86 273
86 276
86 285
86 288
86 296
87 92
87 96
87 97
87 101
87 106
87 115
87 119
87 121
87 127
87 133
87 136
87 138
87 147
87 150
87 157
87 158
87 164
87 176
87 184
87 193
87 196
87 205
87 212
87 213
87 215
87 223
87 229
87 234
87 236
87 242
87 243
87 246
87 255
87 289
87 293
87 294
87 296
87 297
88 90
88 93
88 95
88 103
88 104
88 107
88 109
88 111
88 115
88 120
88 122
88 125
88 127
88 130
88 150
88 152
88 168
88 173
88 175
88 176
88 181
88 190
88 209
88 219
88 223
88 237
88 259
88 261
88 268
88 278
88 280
88 283
88 288
88 296
88 159
89 99
89 106
89 115
89 120
89 122
89 125
89 126
89 130
89 132
89 136
89 143
89 148
89 152
89 155
89 163
89 166
89 174
89 186
89 189
89 190
89 195
89 205
89 215
89 216
89 230
89 241
89 243
89 246
89 263
89 266
89 278
89 280
90 97
90 108
90 116
90 120
90 126
90 135
90 139
90 148
90 161
90 172
90 177
90 184
90 192
90 200
90 210
90 216
90 239
90 252
90 268
90 295
91 94
91 98
91 101
91 102
91 103
91 104
91 110
91 112
91 114
91 117
91 125
91 130
91 137
91 140
91 158
91 163
91 168
91 174
91 182
91 188
91 207
91 221
91 254
91 266
91 272
91 273
91 279
91 289
91 290
92 108
92 139
92 151
92 159
92 160
92 168
92 178
92 185
92 186
92 187
92 198
92 209
92 214
92 221
92 223
92 228
92 237
92 263
92 275
92 279
92 282
92 284
92 297
93 103
93 111
93 114
93 119
93 126
93 136
93 144
93 145
93 147
93 160
93 189
93 199
93 200
93 211
93 215
93 241
93 259
93 265
93 288
94 103
94 104
94 105
94 123
94 173
94 181
94 183
94 205
94 206
94 215
94 235
94 248
94 252
95 97
95 100
95 103
95 107
95 112
95 121
95 129
95 130
95 134
95 142
95 143
95 160
95 189
95 193
95 217
95 227
95 246
95 259
95 261
95 266
95 289
95 293
96 98
96 102
96 103
96 105
96 113
96 114
96 116
96 119
96 129
96 131
96 135
96 137
96 145
96 146
96 161
96 165
96 170
96 171
96 190
96 194
96 203
96 208
96 209
96 215
96 224
96 226
96 232
96 240
96 245
96 253
96 270
96 280
96 284
96 292
96 243
97 99
97 111
97 123
97 142
97 147
97 148
97 151
97 172
97 173
97 176
97 185
97 193
97 196
97 204
97 217
97 218
97 230
97 231
97 232
97 235
97 243
97 257
97 264
97 270
97 272
97 137
98 107
98 109
98 117
98 124
98 135
98 140
98 148
98 152
98 153
98 155
98 161
98 173
98 175
98 179
98 184
98 208
98 217
98 227
98 254
98 262
98 281
99 102
99 104
99 105
99 111
99 112
99 113
99 114
99 115
99 126
99 131
99 140
99 157
99 163
99 168
99 171
99 174
99 182
99 184
99 185
99 189
99 192
99 209
99 222
99 227
99 240
99 241
99 248
99 250
99 262
99 290
100 102
100 119
100 126
100 128
100 131
100 133
100 138
100 145
100 148
100 157
100 171
100 182
100 186
100 192
100 194
100 200
100 203
100 204
100 211
100 214
100 224
100 238
100 241
100 249
100 256
100 259
100 265
100 266
100 273
100 277
100 278
100 282
100 285
100 286
100 289
100 292
101 108
101 112
101 121
101 126
101 134
101 139
101 140
101 142
101 150
101 153
101 155
101 156
101 172
101 183
101 186
101 187
101 188
101 202
101 230
101 241
101 248
101 264
101 270
101 291
101 293
101 157
102 107
102 116
102 125
102 131
102 132
102 134
102 135
102 138
102 143
102 147
102 166
102 169
102 186
102 199
102 201
102 216
102 224
102 231
102 247
102 255
102 259
102 267
102 268
102 280
102 291
102 295
102 298
103 122
103 134
103 153
103 159
103 161
103 171
103 175
103 179
103 195
103 198
103 209
103 227
103 228
103 238
103 251
103 259
103 262
103 273
103 276
103 291
103 298
104 105
104 110
104 112
104 113
104 114
104 115
104 117
104 121
104 126
104 130
104 134
104 152
104 154
104 157
104 165
104 195
104 211
104 214
104 223
104 231
104 257
104 262
104 265
104 273
104 279
104 293
105 106
105 107
105 109
105 111
105 122
105 128
105 139
105 151
105 152
105 169
105 174
105 191
105 214
105 228
105 262
105 290
105 277
106 110
106 146
106 153
106 163
106 164
106 169
106 171
106 172
106 180
106 186
106 198
106 237
106 244
106 246
106 248
106 249
106 272
106 278
106 282
106 168
107 110
107 111
107 117
107 119
107 120
107 124
107 127
107 146
107 155
107 158
107 173
107 178
107 179
107 192
107 208
107 211
107 227
107 233
107 244
107 272
107 275
107 276
107 281
107 292
108 118
108 123
108 124
108 137
108 140
108 144
108 152
108 167
108 171
108 173
108 175
108 187
108 191
108 196
108 201
108 202
108 226
108 227
108 234
108 245
108 250
108 251
108 264
108 267
108 281
108 298
109 116
109 138
109 139
109 145
109 147
109 149
109 153
109 154
109 157
109 181
109 190
109 194
109 201
109 208
109 227
109 228
109 229
109 236
109 241
109 251
109 254
109 270
109 272
109 286
109 291
109 295
110 119
110 131
110 134
110 137
110 148
110 152
110 156
110 163
110 198
110 211
110 212
110 222
110 239
110 241
110 265
110 274
110 286
110 291
111 117
111 140
111 144
111 148
111 157
111 207
111 215
111 220
111 226
111 240
111 265
112 125
112 126
112 131
112 133
112 144
112 145
112 152
112 190
112 191
112 195
112 200
112 224
112 225
112 236
112 237
112 239
112 241
112 250
112 258
112 261
112 284
112 286
112 289
112 294
113 119
113 123
113 124
113 128
113 139
113 142
113 143
113 146
113 161
113 163
113 193
113 201
113 209
113 221
113 222
113 238
113 242
113 247
113 256
113 269
113 276
113 287
113 288
114 124
114 138
114 161
114 166
114 173
114 181
114 197
114 200
114 206
114 212
114 217
114 221
114 257
114 266
114 270
114 289
114 168
115 119
115 132
115 157
115 173
115 181
115 190
115 196
115 204
115 216
115 223
115 235
115 249
115 250
115 254
115 256
115 270
115 285
116 119
116 120
116 122
116 126
116 129
116 147
116 150
116 168
116 201
116 221
117 119
117 172
117 178
117 188
117 190
117 191
117 193
117 202
117 214
117 218
117 220
117 230
117 234
117 238
117 247
117 255
117 267
117 269
118 134
118 160
118 165
118 183
118 185
118 187
118 200
118 229
118 233
118 237
118 238
118 241
118 249
118 271
118 272
118 284
118 286
119 142
119 164
119 167
119 171
119 177
119 182
119 230
119 243
119 265
119 266
119 268
119 269
119 270
119 272
119 289
119 290
119 297
120 123
120 127
120 135
120 141
120 146
120 150
120 168
120 180
120 183
120 185
120 199
120 205
120 239
120 256
120 276
120 285
120 291
120 296
121 132
121 138
121 143
121 144
121 145
121 157
121 158
121 160
121 169
121 175
121 178
121 183
121 195
121 197
121 204
121 207
121 214
121 262
121 278
121 293
121 297
122 130
122 135
122 146
122 173
122 175
122 176
122 186
122 223
122 256
122 275
122 282
123 124
123 127
123 128
123 136
123 137
123 155
123 158
123 160
123 167
123 169
123 170
123 199
123 203
123 207
123 213
123 255
123 260
123 261
123 280
123 285
123 287
123 296
123 297
124 132
124 136
124 137
124 146
124 147
124 150
124 157
124 169
124 177
124 178
124 193
124 222
124 234
124 270
124 285
124 292
124 293
125 131
125 132
125 149
125 152
125 162
125 169
125 171
125 187
125 198
125 215
125 218
125 221
125 237
125 253
125 258
125 261
125 263
125 289
126 127
126 131
126 140
126 141
126 142
126 150
126 163
126 200
126 202
126 204
126 214
126 222
126 239
126 264
126 269
126 277
126 283
126 291
127 139
127 142
127 144
127 169
127 170
127 175
127 193
127 200
127 229
127 234
127 242
127 252
127 254
127 257
127 265
127 284
127 297
128 129
128 130
128 131
128 138
128 139
128 142
128 151
128 164
128 174
128 178
128 181
128 185
128 186
128 194
128 195
128 210
128 212
128 221
128 254
128 231
129 132
129 133
129 151
129 156
129 157
129 167
129 183
129 188
129 208
129 223
129 239
129 257
129 262
129 269
130 168
130 172
130 175
130 188
130 189
130 197
130 199
130 204
130 217
130 238
130 251
130 252
130 257
130 264
130 267
131 147
131 157
131 159
131 162
131 169
131 170
131 178
131 179
131 201
131 207
131 214
131 235
131 244
131 258
131 288
131 296
132 149
132 158
132 174
132 184
132 187
132 191
132 221
132 250
132 266
132 287
133 147
133 159
133 173
133 203
133 206
133 214
133 244
133 281
133 284
133 232
134 138
134 147
134 156
134 171
134 179
134 194
134 195
134 199
134 206
134 207
134 209
134 219
134 223
134 228
134 248
134 265
134 282
134 295
135 136
135 145
135 149
135 157
135 173
135 176
135 202
135 205
135 207
135 209
135 223
135 226
135 232
135 252
135 269
135 293
136 137
136 139
136 142
136 144
136 160
136 172
136 181
136 184
136 196
136 202
136 212
136 215
136 225
136 226
136 229
136 243
136 248
136 259
136 273
137 141
137 143
137 162
137 170
137 173
137 191
137 198
137 200
137 202
137 213
137 233
137 245
137 255
137 260
137 262
137 268
137 287
138 164
138 165
138 172
138 181
138 182
138 186
138 187
138 192
138 198
138 220
138 223
138 228
138 230
138 233
138 243
138 290
138 294
139 140
139 142
139 146
139 149
139 150
139 151
139 176
139 180
139 181
139 189
139 196
139 197
139 200
139 218
139 219
139 233
139 234
139 244
139 260
139 268
139 273
139 275
139 282
139 295
139 184
140 145
140 147
140 155
140 156
140 167
140 199
140 210
140 213
140 217
140 239
140 248
140 255
140 256
140 257
141 142
141 149
141 161
141 181
141 188
141 197
141 201
141 205
141 206
141 221
141 229
141 233
141 236
141 240
141 243
141 259
141 273
141 295
142 148
142 151
142 164
142 168
142 173
142 193
142 199
142 215
142 230
142 238
142 246
142 263
142 292
143 172
143 190
143 209
143 219
143 235
143 278
143 286
143 290
144 155
144 174
144 179
144 190
144 208
144 214
144 225
144 236
144 250
144 281
145 148
145 151
145 158
145 161
145 170
145 190
145 191
145 194
145 211
145 221
145 224
145 230
145 239
145 243
145 248
145 253
145 260
145 284
145 293
146 151
146 168
146 195
146 198
146 202
146 232
146 244
146 258
146 261
146 268
146 279
146 288
146 297
146 191
147 159
147 168
147 172
147 176
147 207
147 221
147 223
147 227
147 229
147 231
147 256
147 263
147 267
148 160
148 169
148 171
148 174
148 176
148 189
148 197
148 240
148 251
148 252
148 285
149 159
149 162
149 163
149 165
149 193
149 198
149 215
149 239
149 253
149 257
149 277
149 286
149 287
150 151
150 170
150 179
150 198
150 251
150 264
150 279
150 280
150 284
150 292
151 161
151 162
151 163
151 165
151 166
151 183
151 192
151 198
151 203
151 223
151 233
151 236
151 276
151 284
151 287
151 289
151 291
152 249
152 284
153 164
153 178
153 181
153 182
153 207
153 213
153 221
153 229
153 240
153 243
153 250
153 277
153 286
154 155
154 156
154 176
154 188
154 195
154 196
154 199
154 207
154 212
154 229
154 237
154 240
154 262
154 291
155 159
155 164
155 199
155 204
155 210
155 213
155 225
155 241
155 255
155 264
155 286
155 296
156 161
156 182
156 231
156 233
156 252
156 263
156 267
157 161
157 163
157 164
157 166
157 174
157 178
157 187
157 191
157 201
157 203
157 234
157 236
157 254
157 274
157 278
158 160
158 182
158 197
158 208
158 225
158 238
158 255
158 259
158 279
158 293
158 282
159 179
159 182
159 191
159 197
159 219
159 220
159 233
159 253
159 256
159 260
159 293
159 296
159 297
159 209
160 162
160 184
160 185
160 197
160 205
160 206
160 220
160 227
160 228
160 231
160 236
160 242
160 261
160 265
160 286
160 292
161 162
161 165
161 172
161 191
161 194
161 206
161 229
161 231
161 238
161 247
161 253
161 255
161 256
161 261
161 275
161 279
161 282
161 290
161 295
161 299
162 179
162 182
162 200
162 205
162 218
162 226
162 253
162 274
162 297
163 178
163 211
163 219
163 235
163 248
163 251
163 252
163 265
163 285
163 293
164 176
164 179
164 190
164 202
164 213
164 251
164 253
164 269
164 271
164 280
165 174
165 186
165 188
165 205
165 222
165 293
165 295
166 167
166 185
166 195
166 197
166 199
166 206
166 245
166 267
166 271
167 169
167 183
167 192
167 264
167 295
168 169
168 202
168 226
168 237
168 240
168 241
168 248
168 251
168 259
168 272
168 278
168 296
168 297
169 179
169 180
169 186
169 192
169 205
169 212
169 223
169 253
169 260
169 266
169 290
170 174
170 180
170 181
170 194
170 217
170 218
170 231
170 239
170 258
170 272
170 287
171 191
171 206
171 207
171 238
171 265
171 280
171 296
172 177
172 178
172 201
172 246
172 250
172 253
172 273
172 282
172 287
173 176
173 189
173 215
173 219
173 252
173 264
173 271
173 273
173 279
174 176
174 186
174 208
174 209
174 211
174 216
174 224
174 235
174 249
174 256
175 184
175 186
175 225
175 237
175 247
175 258
175 263
175 272
175 294
176 199
176 209
176 213
176 240
177 178
177 180
177 186
177 198
177 212
177 218
177 246
177 268
177 275
177 279
177 283
177 298
178 184
178 190
178 198
178 214
178 225
178 237
178 238
178 239
178 243
178 247
178 269
178 277
178 282
178 284
179 184
179 194
179 197
179 203
179 210
179 212
179 226
179 238
179 250
179 262
179 272
179 290
179 294
179 295
180 181
180 205
180 213
180 219
180 230
180 232
180 266
180 275
180 276
180 299
181 183
181 185
181 200
181 216
181 217
181 228
181 235
181 239
181 243
181 245
181 249
181 299
181 229
182 187
182 195
182 230
182 256
182 258
183 201
183 209
183 219
183 237
183 261
184 197
184 203
184 208
184 213
184 225
184 228
184 241
184 261
184 262
184 263
184 271
185 189
185 201
185 251
185 281
185 285
186 219
186 237
186 247
186 258
186 286
186 296
187 201
187 210
187 237
187 242
187 244
187 264
187 284
188 196
188 197
188 213
188 254
188 264
188 282
188 289
188 227
189 204
189 207
189 223
189 236
189 248
189 260
189 282
189 294
190 239
190 257
190 264
190 271
190 285
191 210
191 223
191 247
191 258
191 272
191 277
191 284
191 286
191 291
192 210
192 216
192 220
192 222
192 242
192 250
192 287
193 206
193 218
193 222
193 235
193 237
193 240
193 244
193 249
193 268
193 270
193 282
193 290
194 203
194 204
194 225
194 229
194 245
194 246
194 267
194 285
195 199
195 231
195 246
195 253
195 261
195 269
195 289
195 297
195 299
196 215
196 217
196 219
196 220
196 258
196 263
196 270
196 274
197 225
197 247
197 271
197 281
197 287
198 227
198 235
198 241
198 246
198 275
198 284
199 206
199 214
199 216
199 251
199 293
199 296
200 216
200 219
200 233
200 242
200 270
200 287
201 212
201 214
201 233
201 259
201 268
201 281
201 290
201 231
202 205
202 227
202 231
202 234
202 262
202 263
203 213
203 245
203 273
203 274
203 283
203 299
204 234
204 251
205 234
205 264
205 271
205 272
205 298
206 208
206 213
206 223
206 235
206 259
206 289
206 294
207 212
207 218
207 220
207 230
207 239
207 242
207 255
207 259
207 265
207 272
207 297
208 214
208 229
208 232
208 274
208 275
208 279
209 213
209 215
209 241
209 259
209 292
209 293
209 297
210 228
210 230
210 272
210 277
210 294
211 212
211 215
211 225
211 241
211 242
211 245
211 254
211 260
211 266
211 271
211 285
211 292
211 297
212 233
212 255
212 267
212 273
212 274
212 288
213 235
213 253
213 285
214 226
214 232
214 236
214 242
214 251
214 255
214 268
215 237
215 247
215 249
216 217
216 218
216 220
216 224
216 252
216 268
216 269
216 276
216 287
217 254
218 224
218 229
218 264
218 274
218 277
219 222
219 227
219 283
219 289
220 252
220 256
220 264
220 268
221 228
221 230
222 229
222 230
222 256
222 268
222 275
222 283
222 287
222 290
222 298
223 238
223 239
223 242
223 257
223 269
223 280
223 283
223 288
224 227
224 255
224 273
224 279
224 289
224 226
225 228
225 248
225 270
225 277
225 299
226 232
226 257
226 288
226 294
226 298
227 241
227 283
227 288
228 261
228 266
228 283
228 295
229 236
229 293
230 241
230 244
230 253
230 260
231 243
231 270
231 274
231 279
231 288
231 298
232 235
232 247
232 250
232 266
232 290
232 295
233 242
233 244
233 272
233 280
233 293
234 271
234 254
235 299
236 237
236 240
236 253
236 280
236 284
236 287
236 294
237 255
237 273
237 274
238 254
238 261
238 268
238 274
239 258
239 261
240 246
240 263
240 272
240 275
240 285
241 247
241 299
242 248
242 269
242 278
242 283
242 289
243 252
243 256
244 254
244 295
244 298
245 247
245 251
245 252
245 256
245 274
245 298
246 254
246 265
246 273
246 275
246 285
247 249
247 270
248 271
248 286
249 254
249 259
250 299
251 262
251 263
252 262
252 274
252 290
253 270
253 299
254 262
254 293
255 257
256 267
256 282
256 288
256 290
257 262
258 271
258 290
258 292
259 280
259 288
260 282
261 275
263 280
263 289
264 282
265 281
265 293
265 299
267 273
267 298
268 294
269 280
269 297
270 275
270 295
271 274
271 279
271 286
271 299
272 278
272 284
272 287
272 297
273 288
274 292
279 285
279 294
281 294
283 287
284 296
284 299
285 291
287 289
287 297
289 291
289 295
290 293