313488943
20
300
5658
0 20
0 21
0 22
0 23
0 24
0 25
0 29
0 30
0 33
0 38
0 40
0 45
0 46
0 49
0 51
0 52
0 53
0 58
0 59
0 61
0 64
0 65
0 68
0 76
0 81
0 86
0 90
0 98
0 99
0 101
0 108
0 109
0 114
0 115
0 126
0 130
0 148
0 162
0 173
0 177
0 178
0 187
0 189
0 191
0 195
0 222
0 224
0 231
0 234
0 239
0 241
0 245
0 248
0 271
0 285
0 294
1 20
1 21
1 22
1 23
1 24
1 25
1 26
1 27
1 28
1 29
1 30
1 31
1 32
1 33
1 34
1 36
1 37
1 39
1 42
1 43
1 48
1 52
1 53
1 56
1 57
1 58
1 60
1 61
1 62
1 64
1 68
1 71
1 72
1 73
1 76
1 82
1 88
1 105
1 113
1 117
1 124
1 125
1 126
1 145
1 147
1 148
1 156
1 157
1 160
1 176
1 177
1 201
1 206
1 209
1 213
1 215
1 221
1 223
1 228
1 229
1 237
1 245
1 247
1 249
1 253
1 261
1 273
1 282
1 188
1 83
2 20
2 21
2 22
2 23
2 24
2 25
2 26
2 28
2 29
2 30
2 32
2 33
2 34
2 35
2 37
2 38
2 39
2 41
2 44
2 47
2 55
2 56
2 57
2 60
2 63
2 69
2 70
2 74
2 80
2 81
2 90
2 98
2 101
2 102
2 104
2 108
2 116
2 122
2 123
2 141
2 144
2 155
2 159
2 166
2 171
2 175
2 178
2 179
2 187
2 190
2 193
2 194
2 204
2 208
2 217
2 220
2 232
2 240
2 241
2 245
2 249
2 254
2 262
2 265
2 281
2 285
2 289
2 296
2 17
2 95
3 20
3 21
3 23
3 24
3 26
3 27
3 28
3 32
3 39
3 41
3 42
3 43
3 44
3 50
3 51
3 52
3 57
3 62
3 67
3 73
3 74
3 76
3 77
3 93
3 100
3 118
3 122
3 123
3 126
3 129
3 136
3 140
3 148
3 156
3 164
3 169
3 204
3 241
3 252
3 254
3 274
3 279
4 20
4 21
4 22
4 23
4 25
4 26
4 27
4 32
4 34
4 35
4 54
4 60
4 66
4 67
4 70
4 72
4 75
4 76
4 82
4 83
4 101
4 104
4 114
4 115
4 117
4 120
4 134
4 155
4 167
4 179
4 194
4 199
4 201
4 213
4 218
4 227
4 234
4 254
4 263
4 274
4 279
4 287
4 294
5 20
5 21
5 22
5 23
5 24
5 25
5 26
5 27
5 28
5 29
5 30
5 31
5 33
5 35
5 36
5 37
5 38
5 40
5 43
5 45
5 46
5 47
5 48
5 54
5 56
5 57
5 58
5 60
5 61
5 63
5 64
5 66
5 68
5 75
5 80
5 81
5 86
5 87
5 89
5 91
5 93
5 94
5 98
5 102
5 103
5 104
5 106
5 108
5 109
5 116
5 117
5 120
5 121
5 130
5 133
5 142
5 156
5 157
5 162
5 165
5 170
5 175
5 176
5 178
5 181
5 182
5 183
5 188
5 189
5 191
5 201
5 204
5 215
5 222
5 227
5 234
5 236
5 240
5 258
5 264
5 265
5 266
5 272
5 282
5 289
5 202
6 20
6 21
6 23
6 24
6 25
6 27
6 29
6 30
6 34
6 36
6 42
6 47
6 50
6 57
6 60
6 64
6 65
6 66
6 77
6 80
6 83
6 85
6 100
6 111
6 112
6 124
6 144
6 147
6 156
6 159
6 168
6 176
6 194
6 220
6 222
6 240
6 241
6 276
6 287
6 293
6 294
7 20
7 21
7 22
7 23
7 24
7 26
7 30
7 31
7 32
7 37
7 39
7 41
7 43
7 44
7 45
7 56
7 62
7 64
7 65
7 67
7 68
7 69
7 70
7 73
7 75
7 77
7 87
7 90
7 97
7 99
7 101
7 106
7 115
7 116
7 120
7 138
7 147
7 153
7 158
7 163
7 175
7 184
7 187
7 190
7 205
7 206
7 211
7 212
7 225
7 228
7 234
7 247
7 253
7 255
7 268
7 269
7 292
7 298
8 20
8 21
8 22
8 23
8 24
8 25
8 26
8 28
8 30
8 32
8 34
8 37
8 38
8 39
8 42
8 47
8 51
8 52
8 55
8 59
8 61
8 64
8 66
8 70
8 88
8 95
8 100
8 101
8 106
8 112
8 119
8 131
8 137
8 167
8 174
8 177
8 181
8 182
8 200
8 225
8 235
8 237
8 250
8 257
8 263
8 268
8 273
8 283
8 284
8 293
8 254
9 20
9 21
9 22
9 23
9 25
9 26
9 27
9 29
9 30
9 31
9 32
9 34
9 35
9 36
9 37
9 38
9 40
9 41
9 48
9 50
9 51
9 55
9 57
9 61
9 65
9 68
9 76
9 77
9 80
9 81
9 85
9 87
9 92
9 93
9 101
9 105
9 106
9 110
9 118
9 119
9 124
9 129
9 131
9 159
9 160
9 164
9 171
9 176
9 201
9 216
9 218
9 221
9 223
9 232
9 236
9 263
9 270
9 277
9 282
9 289
10 20
10 21
10 22
10 23
10 28
10 29
10 31
10 33
10 38
10 44
10 46
10 49
10 58
10 61
10 64
10 69
10 76
10 81
10 85
10 89
10 94
10 105
10 108
10 110
10 125
10 126
10 145
10 154
10 160
10 164
10 169
10 185
10 191
10 204
10 261
10 271
10 278
10 283
10 289
10 296
11 20
11 21
11 22
11 24
11 25
11 26
11 29
11 31
11 33
11 41
11 43
11 47
11 49
11 50
11 62
11 65
11 68
11 105
11 121
11 129
11 142
11 160
11 170
11 173
11 198
11 210
11 213
11 214
11 222
11 231
11 292
11 34
12 20
12 21
12 22
12 23
12 27
12 28
12 29
12 30
12 31
12 32
12 33
12 34
12 38
12 56
12 59
12 62
12 65
12 82
12 84
12 93
12 100
12 106
12 112
12 114
12 116
12 117
12 125
12 163
12 175
12 180
12 191
12 196
12 207
12 224
12 232
12 237
12 252
12 254
12 257
12 271
12 15
13 20
13 21
13 22
13 23
13 24
13 25
13 26
13 27
13 29
13 32
13 35
13 36
13 43
13 44
13 45
13 49
13 57
13 58
13 59
13 68
13 70
13 78
13 82
13 84
13 90
13 91
13 105
13 120
13 129
13 139
13 162
13 163
13 169
13 197
13 201
13 206
13 241
13 270
13 272
13 296
13 196
14 20
14 21
14 22
14 23
14 24
14 25
14 26
14 27
14 28
14 33
14 34
14 35
14 38
14 42
14 44
14 48
14 49
14 50
14 63
14 68
14 72
14 75
14 95
14 96
14 100
14 101
14 118
14 119
14 131
14 135
14 145
14 148
14 152
14 154
14 159
14 165
14 177
14 197
14 198
14 200
14 213
14 215
14 220
14 225
14 226
14 229
14 246
14 253
14 260
14 261
14 280
14 281
14 294
14 295
15 20
15 21
15 22
15 24
15 27
15 28
15 31
15 32
15 33
15 36
15 40
15 42
15 45
15 46
15 49
15 52
15 60
15 68
15 69
15 77
15 83
15 85
15 86
15 96
15 97
15 98
15 100
15 112
15 124
15 129
15 130
15 131
15 133
15 140
15 146
15 149
15 168
15 170
15 173
15 174
15 188
15 193
15 203
15 212
15 220
15 234
15 235
15 247
15 253
15 257
15 287
15 295
15 299
16 20
16 21
16 22
16 23
16 24
16 25
16 26
16 27
16 32
16 33
16 34
16 36
16 37
16 46
16 48
16 49
16 54
16 57
16 59
16 63
16 72
16 81
16 86
16 102
16 108
16 113
16 116
16 119
16 123
16 124
16 129
16 156
16 157
16 158
16 162
16 169
16 173
16 192
16 214
16 216
16 229
16 259
16 260
16 277
16 287
16 292
17 20
17 21
17 22
17 23
17 24
17 25
17 28
17 30
17 31
17 32
17 36
17 40
17 41
17 43
17 48
17 50
17 52
17 53
17 54
17 56
17 60
17 61
17 62
17 67
17 71
17 74
17 76
17 81
17 83
17 85
17 88
17 89
17 96
17 102
17 103
17 106
17 107
17 113
17 118
17 126
17 132
17 135
17 143
17 154
17 156
17 173
17 176
17 180
17 194
17 198
17 205
17 211
17 212
17 216
17 217
17 224
17 239
17 243
17 248
17 250
17 254
17 268
17 293
17 295
18 20
18 22
18 24
18 25
18 26
18 27
18 28
18 29
18 30
18 35
18 37
18 42
18 48
18 53
18 61
18 65
18 68
18 70
18 89
18 108
18 110
18 111
18 133
18 137
18 160
18 163
18 184
18 188
18 210
18 213
18 220
18 232
18 239
18 243
18 251
18 260
19 20
19 21
19 22
19 23
19 24
19 25
19 26
19 27
19 28
19 29
19 30
19 31
19 34
19 35
19 40
19 42
19 44
19 46
19 47
19 49
19 51
19 55
19 56
19 58
19 63
19 72
19 77
19 81
19 82
19 86
19 96
19 98
19 115
19 117
19 123
19 124
19 125
19 141
19 146
19 147
19 150
19 165
19 181
19 205
19 207
19 208
19 217
19 223
19 237
19 244
19 263
19 265
19 292
19 299
19 84
20 21
20 22
20 23
20 24
20 25
20 26
20 27
20 28
20 29
20 30
20 31
20 32
20 34
20 35
20 37
20 38
20 39
20 40
20 41
20 43
20 44
20 45
20 46
20 49
20 50
20 52
20 53
20 54
20 57
20 58
20 60
20 61
20 62
20 71
20 73
20 74
20 76
20 78
20 79
20 84
20 85
20 87
20 88
20 89
20 91
20 92
20 94
20 96
20 97
20 98
20 99
20 104
20 105
20 106
20 110
20 112
20 115
20 117
20 118
20 119
20 120
20 122
20 124
20 125
20 130
20 134
20 135
20 138
20 140
20 142
20 145
20 146
20 148
20 157
20 161
20 163
20 179
20 191
20 192
20 195
20 197
20 202
20 204
20 206
20 210
20 216
20 222
20 225
20 231
20 239
20 241
20 242
20 257
20 260
20 263
20 266
20 272
20 274
20 275
20 278
20 280
20 285
20 287
20 295
21 22
21 23
21 24
21 25
21 26
21 27
21 28
21 29
21 30
21 31
21 32
21 33
21 35
21 36
21 39
21 40
21 41
21 44
21 45
21 46
21 47
21 48
21 49
21 50
21 51
21 53
21 54
21 55
21 56
21 57
21 58
21 59
21 60
21 61
21 63
21 66
21 67
21 69
21 70
21 71
21 73
21 76
21 78
21 79
21 80
21 83
21 86
21 89
21 90
21 91
21 93
21 94
21 97
21 100
21 102
21 103
21 107
21 109
21 110
21 111
21 116
21 117
21 121
21 130
21 131
21 132
21 141
21 147
21 148
21 151
21 153
21 155
21 160
21 161
21 163
21 169
21 170
21 177
21 182
21 207
21 215
21 219
21 221
21 223
21 227
21 228
21 229
21 230
21 233
21 238
21 239
21 243
21 251
21 252
21 261
21 266
21 267
21 273
21 277
21 284
21 291
21 294
21 128
22 23
22 24
22 25
22 26
22 27
22 28
22 29
22 30
22 31
22 32
22 33
22 34
22 36
22 37
22 38
22 39
22 40
22 41
22 43
22 44
22 47
22 52
22 53
22 62
22 66
22 69
22 70
22 71
22 72
22 73
22 75
22 78
22 80
22 81
22 86
22 87
22 93
22 95
22 102
22 106
22 107
22 109
22 111
22 112
22 124
22 129
22 130
22 131
22 141
22 142
22 143
22 145
22 146
22 161
22 164
22 167
22 169
22 171
22 178
22 184
22 193
22 198
22 202
22 208
22 209
22 213
22 215
22 217
22 221
22 225
22 227
22 229
22 231
22 235
22 236
22 239
22 243
22 244
22 247
22 249
22 251
22 257
22 264
22 267
22 268
22 269
22 279
22 283
22 284
22 292
22 82
23 24
23 25
23 26
23 27
23 28
23 29
23 30
23 31
23 32
23 34
23 35
23 36
23 37
23 39
23 40
23 41
23 42
23 43
23 44
23 45
23 47
23 48
23 52
23 53
23 54
23 55
23 56
23 60
23 64
23 66
23 67
23 68
23 71
23 72
23 73
23 74
23 76
23 78
23 81
23 84
23 85
23 90
23 92
23 98
23 99
23 100
23 102
23 103
23 104
23 105
23 107
23 108
23 111
23 112
23 113
23 114
23 117
23 118
23 120
23 121
23 125
23 133
23 135
23 140
23 142
23 144
23 145
23 149
23 152
23 157
23 164
23 165
23 168
23 177
23 182
23 183
23 194
23 203
23 214
23 223
23 225
23 227
23 253
23 255
23 265
23 269
23 276
23 96
24 25
24 26
24 27
24 28
24 29
24 30
24 31
24 33
24 34
24 35
24 36
24 37
24 38
24 39
24 40
24 41
24 42
24 44
24 45
24 46
24 49
24 52
24 53
24 55
24 58
24 59
24 60
24 62
24 63
24 64
24 66
24 67
24 68
24 71
24 75
24 76
24 78
24 82
24 84
24 85
24 93
24 97
24 98
24 100
24 104
24 105
24 106
24 109
24 112
24 113
24 119
24 121
24 123
24 125
24 128
24 129
24 141
24 144
24 149
24 151
24 154
24 155
24 165
24 169
24 178
24 180
24 182
24 193
24 201
24 204
24 213
24 214
24 216
24 218
24 226
24 244
24 245
24 249
24 251
24 263
24 265
24 266
24 273
24 274
24 289
24 292
25 26
25 27
25 28
25 30
25 31
25 32
25 33
25 34
25 35
25 36
25 39
25 42
25 44
25 45
25 48
25 51
25 52
25 54
25 55
25 57
25 58
25 61
25 63
25 67
25 68
25 69
25 70
25 72
25 74
25 75
25 76
25 78
25 79
25 83
25 90
25 95
25 97
25 103
25 107
25 111
25 114
25 125
25 128
25 130
25 143
25 146
25 150
25 163
25 164
25 165
25 166
25 169
25 173
25 176
25 182
25 186
25 193
25 205
25 218
25 224
25 228
25 237
25 238
25 239
25 240
25 241
25 242
25 249
25 254
25 255
25 258
25 259
25 265
25 267
25 268
25 277
25 288
25 294
26 27
26 28
26 29
26 30
26 31
26 33
26 35
26 36
26 37
26 38
26 39
26 40
26 41
26 42
26 43
26 46
26 48
26 49
26 51
26 52
26 54
26 55
26 57
26 59
26 61
26 62
26 63
26 65
26 69
26 73
26 74
26 76
26 77
26 82
26 87
26 91
26 93
26 96
26 98
26 105
26 113
26 114
26 118
26 122
26 123
26 127
26 132
26 133
26 134
26 136
26 141
26 151
26 159
26 162
26 167
26 168
26 170
26 176
26 177
26 181
26 183
26 184
26 187
26 189
26 195
26 196
26 201
26 203
26 205
26 211
26 215
26 219
26 220
26 236
26 237
26 240
26 243
26 253
26 256
26 257
26 270
26 277
26 279
26 280
26 283
26 289
26 291
26 293
26 295
26 186
26 115
27 28
27 29
27 30
27 31
27 32
27 33
27 34
27 35
27 36
27 37
27 38
27 39
27 40
27 41
27 42
27 43
27 44
27 46
27 47
27 48
27 54
27 55
27 62
27 64
27 69
27 70
27 72
27 77
27 80
27 81
27 83
27 84
27 86
27 87
27 93
27 96
27 97
27 99
27 100
27 105
27 110
27 112
27 114
27 115
27 119
27 120
27 121
27 124
27 128
27 130
27 131
27 132
27 134
27 137
27 140
27 145
27 151
27 152
27 159
27 161
27 168
27 171
27 172
27 175
27 176
27 181
27 184
27 190
27 191
27 201
27 204
27 214
27 216
27 222
27 227
27 229
27 235
27 236
27 238
27 239
27 242
27 245
27 252
27 256
27 262
27 264
27 265
27 267
27 268
27 272
27 281
27 285
27 296
27 299
28 29
28 32
28 33
28 34
28 35
28 39
28 40
28 43
28 46
28 52
28 55
28 56
28 58
28 59
28 61
28 62
28 66
28 67
28 68
28 75
28 77
28 78
28 83
28 89
28 91
28 95
28 106
28 107
28 110
28 113
28 114
28 116
28 117
28 121
28 127
28 129
28 141
28 145
28 146
28 148
28 149
28 150
28 152
28 157
28 163
28 167
28 168
28 170
28 173
28 176
28 178
28 179
28 181
28 189
28 194
28 198
28 206
28 212
28 214
28 216
28 234
28 237
28 238
28 245
28 250
28 251
28 254
28 258
28 267
28 269
28 270
28 276
28 283
28 291
29 31
29 33
29 34
29 35
29 37
29 38
29 39
29 41
29 45
29 47
29 50
29 51
29 54
29 55
29 61
29 62
29 67
29 69
29 77
29 78
29 80
29 82
29 90
29 91
29 92
29 95
29 102
29 103
29 104
29 107
29 110
29 118
29 128
29 129
29 130
29 140
29 141
29 143
29 149
29 151
29 155
29 156
29 161
29 178
29 187
29 190
29 196
29 197
29 202
29 205
29 222
29 226
29 230
29 231
29 234
29 258
29 261
29 283
29 284
29 291
30 31
30 33
30 34
30 35
30 36
30 40
30 41
30 42
30 43
30 44
30 45
30 46
30 47
30 48
30 49
30 50
30 51
30 53
30 54
30 55
30 56
30 58
30 59
30 65
30 66
30 67
30 70
30 72
30 73
30 74
30 77
30 79
30 81
30 82
30 88
30 94
30 99
30 100
30 102
30 108
30 109
30 110
30 113
30 116
30 120
30 125
30 132
30 134
30 137
30 138
30 147
30 152
30 154
30 158
30 167
30 175
30 178
30 181
30 191
30 202
30 206
30 209
30 218
30 220
30 225
30 227
30 230
30 231
30 233
30 243
30 260
30 267
30 272
30 274
30 276
30 283
30 285
30 117
31 32
31 33
31 35
31 36
31 37
31 38
31 40
31 42
31 45
31 46
31 48
31 57
31 58
31 61
31 62
31 63
31 67
31 69
31 74
31 77
31 80
31 83
31 84
31 85
31 92
31 99
31 100
31 101
31 115
31 116
31 120
31 131
31 133
31 139
31 150
31 156
31 160
31 176
31 208
31 211
31 231
31 251
31 261
31 290
31 209
32 36
32 37
32 38
32 39
32 42
32 45
32 47
32 48
32 52
32 53
32 56
32 65
32 71
32 73
32 78
32 80
32 88
32 91
32 93
32 97
32 102
32 106
32 112
32 116
32 119
32 120
32 123
32 126
32 127
32 136
32 143
32 148
32 163
32 164
32 165
32 172
32 175
32 180
32 192
32 195
32 207
32 218
32 225
32 238
32 240
32 245
32 269
32 271
32 277
32 282
32 286
32 290
32 297
33 34
33 36
33 38
33 39
33 42
33 45
33 46
33 47
33 49
33 50
33 51
33 53
33 54
33 58
33 64
33 71
33 72
33 74
33 75
33 77
33 79
33 80
33 82
33 83
33 85
33 86
33 96
33 98
33 107
33 116
33 121
33 122
33 123
33 124
33 125
33 128
33 137
33 139
33 141
33 146
33 149
33 151
33 158
33 171
33 172
33 173
33 175
33 184
33 185
33 191
33 194
33 197
33 199
33 204
33 207
33 209
33 216
33 218
33 220
33 232
33 233
33 237
33 246
33 252
33 253
33 256
33 262
33 263
33 264
33 279
33 289
33 297
34 35
34 36
34 37
34 38
34 39
34 40
34 41
34 42
34 43
34 45
34 47
34 49
34 50
34 52
34 53
34 56
34 58
34 60
34 61
34 63
34 66
34 67
34 74
34 75
34 77
34 78
34 79
34 80
34 84
34 85
34 87
34 88
34 89
34 90
34 96
34 98
34 106
34 110
34 111
34 114
34 121
34 122
34 125
34 126
34 136
34 142
34 145
34 149
34 150
34 156
34 172
34 188
34 195
34 197
34 205
34 207
34 210
34 215
34 217
34 221
34 226
34 236
34 237
34 242
34 246
34 261
34 266
34 273
34 274
34 280
34 285
34 289
34 290
34 295
35 37
35 38
35 39
35 40
35 41
35 43
35 44
35 46
35 47
35 48
35 49
35 50
35 52
35 54
35 55
35 57
35 60
35 63
35 65
35 67
35 68
35 69
35 74
35 75
35 79
35 88
35 94
35 95
35 97
35 100
35 115
35 119
35 121
35 122
35 123
35 130
35 131
35 132
35 133
35 141
35 150
35 153
35 155
35 156
35 158
35 162
35 166
35 169
35 187
35 193
35 194
35 195
35 202
35 203
35 208
35 212
35 215
35 221
35 230
35 240
35 246
35 249
35 251
35 255
35 263
35 265
35 284
35 289
36 37
36 39
36 40
36 41
36 42
36 43
36 44
36 45
36 48
36 49
36 51
36 54
36 55
36 56
36 57
36 58
36 62
36 63
36 64
36 66
36 67
36 69
36 79
36 84
36 91
36 92
36 98
36 108
36 113
36 121
36 122
36 125
36 127
36 133
36 134
36 135
36 137
36 140
36 145
36 151
36 152
36 155
36 161
36 163
36 167
36 170
36 178
36 179
36 180
36 182
36 189
36 212
36 213
36 215
36 241
36 243
36 248
36 251
36 255
36 257
36 260
36 262
36 263
36 277
36 283
36 284
36 290
36 292
36 295
36 297
36 270
37 38
37 40
37 43
37 47
37 48
37 54
37 59
37 60
37 61
37 66
37 68
37 78
37 79
37 80
37 81
37 82
37 84
37 87
37 89
37 92
37 93
37 95
37 97
37 101
37 104
37 105
37 107
37 108
37 111
37 113
37 114
37 115
37 125
37 126
37 127
37 134
37 135
37 138
37 139
37 148
37 150
37 151
37 156
37 157
37 160
37 161
37 175
37 178
37 184
37 185
37 189
37 191
37 207
37 208
37 212
37 215
37 226
37 231
37 234
37 249
37 293
37 202
38 41
38 45
38 46
38 47
38 49
38 50
38 51
38 52
38 57
38 60
38 64
38 65
38 66
38 72
38 82
38 83
38 84
38 91
38 92
38 93
38 101
38 102
38 107
38 110
38 111
38 119
38 120
38 123
38 133
38 135
38 142
38 144
38 146
38 154
38 157
38 158
38 161
38 167
38 170
38 173
38 174
38 176
38 179
38 180
38 184
38 186
38 190
38 193
38 203
38 204
38 213
38 219
38 220
38 224
38 230
38 238
38 240
38 245
38 254
38 257
38 265
38 286
38 291
38 295
39 43
39 46
39 50
39 51
39 54
39 59
39 63
39 65
39 69
39 71
39 72
39 73
39 82
39 83
39 84
39 87
39 88
39 90
39 97
39 100
39 115
39 118
39 128
39 137
39 139
39 149
39 164
39 165
39 167
39 179
39 183
39 187
39 204
39 207
39 213
39 225
39 227
39 228
39 232
39 235
39 239
39 250
39 257
39 275
39 278
39 288
39 290
40 41
40 43
40 44
40 50
40 52
40 53
40 55
40 56
40 59
40 62
40 68
40 69
40 71
40 81
40 88
40 89
40 91
40 93
40 97
40 99
40 108
40 111
40 114
40 115
40 139
40 145
40 149
40 152
40 158
40 161
40 186
40 200
40 208
40 212
40 225
40 226
40 243
40 247
40 260
40 262
40 267
40 273
40 282
40 284
40 289
40 294
41 42
41 44
41 46
41 47
41 57
41 70
41 71
41 72
41 77
41 83
41 94
41 99
41 104
41 123
41 128
41 129
41 135
41 141
41 144
41 152
41 155
41 157
41 160
41 162
41 175
41 195
41 200
41 218
41 230
41 233
41 234
41 237
41 244
41 253
41 258
41 261
41 277
41 280
41 282
41 290
42 44
42 45
42 46
42 47
42 49
42 51
42 57
42 73
42 75
42 76
42 77
42 80
42 81
42 83
42 85
42 86
42 87
42 98
42 102
42 103
42 107
42 108
42 109
42 115
42 117
42 118
42 119
42 131
42 136
42 141
42 164
42 177
42 186
42 196
42 198
42 206
42 211
42 218
42 219
42 226
42 228
42 230
42 232
42 233
42 237
42 250
42 263
42 276
42 281
42 288
42 295
42 166
43 50
43 53
43 54
43 55
43 57
43 60
43 71
43 73
43 74
43 75
43 78
43 79
43 80
43 85
43 86
43 89
43 90
43 91
43 93
43 107
43 116
43 118
43 126
43 127
43 135
43 142
43 144
43 150
43 154
43 159
43 166
43 177
43 186
43 187
43 190
43 195
43 206
43 209
43 238
43 246
43 262
43 293
43 294
43 295
43 296
44 45
44 49
44 51
44 53
44 54
44 55
44 59
44 66
44 70
44 72
44 76
44 78
44 79
44 86
44 92
44 95
44 99
44 103
44 104
44 111
44 113
44 123
44 129
44 130
44 142
44 152
44 158
44 173
44 174
44 176
44 184
44 197
44 199
44 202
44 203
44 208
44 212
44 214
44 234
44 236
44 245
44 254
44 269
44 274
44 281
44 286
44 298
44 164
45 48
45 50
45 51
45 53
45 54
45 62
45 65
45 66
45 69
45 74
45 75
45 76
45 81
45 83
45 90
45 92
45 94
45 97
45 101
45 102
45 108
45 109
45 124
45 136
45 137
45 138
45 141
45 146
45 151
45 155
45 177
45 190
45 198
45 204
45 218
45 233
45 235
45 238
45 252
45 259
45 265
45 276
45 284
45 287
45 119
46 51
46 52
46 55
46 58
46 59
46 62
46 70
46 72
46 84
46 87
46 99
46 103
46 108
46 109
46 110
46 143
46 168
46 170
46 172
46 182
46 189
46 192
46 225
46 241
46 252
46 276
46 285
47 48
47 50
47 51
47 58
47 64
47 67
47 68
47 71
47 74
47 75
47 76
47 79
47 80
47 87
47 89
47 112
47 113
47 116
47 118
47 119
47 125
47 129
47 136
47 144
47 150
47 151
47 153
47 159
47 165
47 166
47 174
47 177
47 185
47 186
47 193
47 195
47 200
47 210
47 219
47 221
47 248
47 251
47 259
47 280
47 282
47 122
48 53
48 55
48 56
48 60
48 65
48 69
48 73
48 82
48 94
48 100
48 103
48 112
48 117
48 132
48 139
48 145
48 146
48 155
48 156
48 157
48 162
48 174
48 190
48 198
48 207
48 208
48 212
48 226
48 237
48 242
48 282
48 283
49 50
49 56
49 59
49 61
49 64
49 70
49 84
49 92
49 95
49 99
49 100
49 101
49 110
49 111
49 113
49 115
49 122
49 127
49 129
49 135
49 138
49 140
49 142
49 144
49 167
49 168
49 171
49 174
49 180
49 181
49 185
49 186
49 195
49 219
49 220
49 240
49 248
49 254
49 260
49 264
49 269
49 279
49 280
50 51
50 70
50 75
50 77
50 95
50 118
50 121
50 122
50 123
50 132
50 137
50 139
50 140
50 141
50 142
50 147
50 151
50 152
50 158
50 169
50 174
50 179
50 188
50 200
50 203
50 215
50 227
50 242
50 248
50 273
50 282
50 283
50 299
51 52
51 53
51 56
51 58
51 59
51 65
51 70
51 79
51 80
51 85
51 86
51 92
51 106
51 107
51 114
51 126
51 127
51 136
51 138
51 143
51 161
51 163
51 173
51 183
51 185
51 186
51 194
51 196
51 201
51 219
51 222
51 234
51 235
51 247
51 256
51 269
51 271
51 278
51 282
51 285
51 299
51 167
52 53
52 56
52 60
52 62
52 63
52 64
52 71
52 73
52 75
52 87
52 91
52 105
52 113
52 114
52 121
52 127
52 131
52 135
52 165
52 166
52 172
52 186
52 190
52 194
52 208
52 211
52 221
52 232
52 233
52 237
52 239
52 247
52 274
52 278
52 295
52 201
53 57
53 59
53 61
53 72
53 74
53 82
53 85
53 86
53 89
53 90
53 92
53 93
53 95
53 96
53 101
53 103
53 105
53 106
53 114
53 118
53 119
53 121
53 123
53 124
53 129
53 130
53 134
53 135
53 145
53 155
53 164
53 165
53 171
53 172
53 173
53 175
53 180
53 184
53 192
53 195
53 205
53 211
53 237
53 243
53 244
53 246
53 256
53 262
53 265
53 267
53 270
53 278
53 281
53 290
54 56
54 60
54 62
54 63
54 65
54 67
54 68
54 72
54 79
54 82
54 84
54 86
54 92
54 93
54 94
54 95
54 96
54 101
54 111
54 114
54 121
54 122
54 127
54 131
54 172
54 174
54 183
54 185
54 188
54 203
54 210
54 212
54 227
54 231
54 245
54 257
54 260
54 261
54 280
54 292
55 59
55 64
55 81
55 84
55 91
55 93
55 95
55 104
55 106
55 111
55 115
55 123
55 124
55 126
55 136
55 145
55 154
55 158
55 163
55 167
55 171
55 186
55 190
55 194
55 195
55 199
55 211
55 240
55 247
55 273
55 280
55 294
55 297
55 298
56 58
56 59
56 63
56 70
56 74
56 80
56 83
56 88
56 90
56 109
56 110
56 112
56 115
56 121
56 124
56 127
56 128
56 137
56 139
56 140
56 141
56 145
56 163
56 167
56 170
56 174
56 185
56 187
56 196
56 197
56 210
56 219
56 221
56 224
56 232
56 238
56 252
56 258
56 260
56 269
56 276
56 283
56 293
57 61
57 63
57 69
57 78
57 83
57 92
57 95
57 103
57 122
57 131
57 142
57 152
57 158
57 178
57 183
57 188
57 212
57 213
57 214
57 229
57 232
57 233
57 239
57 244
57 252
57 262
57 292
57 298
58 65
58 70
58 91
58 92
58 102
58 104
58 106
58 136
58 139
58 143
58 155
58 159
58 165
58 177
58 183
58 195
58 200
58 216
58 249
58 253
58 279
58 283
58 288
58 290
58 291
59 60
59 66
59 67
59 69
59 78
59 79
59 84
59 85
59 86
59 90
59 96
59 102
59 103
59 109
59 111
59 116
59 131
59 138
59 151
59 152
59 157
59 171
59 172
59 185
59 198
59 241
59 242
59 280
59 286
59 288
59 290
59 292
60 63
60 64
60 72
60 85
60 91
60 94
60 97
60 100
60 105
60 117
60 123
60 125
60 128
60 153
60 157
60 162
60 168
60 170
60 172
60 186
60 212
60 238
60 241
60 246
60 269
60 282
60 291
61 66
61 73
61 74
61 76
61 79
61 83
61 87
61 88
61 91
61 103
61 112
61 114
61 119
61 131
61 134
61 136
61 143
61 144
61 154
61 168
61 170
61 191
61 229
61 236
61 237
61 240
61 247
61 249
61 250
61 251
61 253
61 254
61 256
61 258
61 268
61 269
61 288
61 291
62 63
62 64
62 67
62 68
62 71
62 77
62 79
62 82
62 84
62 90
62 92
62 96
62 99
62 102
62 103
62 108
62 113
62 119
62 135
62 138
62 140
62 143
62 147
62 162
62 166
62 170
62 174
62 182
62 198
62 201
62 206
62 214
62 219
62 220
62 223
62 225
62 234
62 241
62 246
62 250
62 251
62 266
62 277
62 280
62 97
63 64
63 65
63 70
63 71
63 88
63 92
63 98
63 100
63 107
63 115
63 116
63 120
63 124
63 126
63 128
63 129
63 136
63 142
63 143
63 148
63 151
63 172
63 182
63 195
63 197
63 202
63 205
63 244
63 249
63 255
63 269
63 270
63 290
64 65
64 66
64 67
64 72
64 73
64 76
64 85
64 86
64 88
64 92
64 95
64 96
64 99
64 104
64 112
64 113
64 128
64 129
64 130
64 133
64 135
64 140
64 144
64 146
64 157
64 163
64 164
64 169
64 171
64 172
64 196
64 202
64 232
64 262
64 278
64 290
65 66
65 71
65 77
65 79
65 84
65 86
65 87
65 89
65 94
65 95
65 98
65 116
65 120
65 127
65 142
65 147
65 155
65 186
65 194
65 200
65 208
65 218
65 230
65 231
65 232
65 238
65 249
65 272
65 274
65 284
66 75
66 94
66 96
66 97
66 99
66 103
66 112
66 116
66 119
66 128
66 150
66 151
66 159
66 162
66 167
66 176
66 181
66 194
66 202
66 217
66 244
66 286
67 73
67 75
67 81
67 89
67 95
67 100
67 109
67 111
67 123
67 125
67 126
67 127
67 128
67 132
67 143
67 154
67 161
67 162
67 164
67 166
67 174
67 182
67 200
67 201
67 202
67 207
67 217
67 244
67 247
67 248
67 252
67 253
67 270
67 281
67 284
68 69
68 71
68 73
68 78
68 88
68 89
68 90
68 91
68 96
68 102
68 110
68 126
68 127
68 139
68 141
68 153
68 154
68 167
68 186
68 190
68 197
68 203
68 208
68 211
68 212
68 218
68 224
68 236
68 245
68 248
68 254
68 269
68 279
68 117
69 71
69 81
69 90
69 92
69 100
69 104
69 109
69 117
69 132
69 133
69 135
69 144
69 147
69 152
69 162
69 166
69 167
69 174
69 192
69 200
69 202
69 204
69 213
69 225
69 232
69 262
69 264
69 271
69 278
69 279
69 286
69 292
69 296
70 73
70 76
70 78
70 79
70 84
70 87
70 88
70 89
70 98
70 117
70 120
70 135
70 158
70 175
70 184
70 192
70 198
70 203
70 206
70 211
70 226
70 230
70 235
70 236
70 238
70 247
70 253
70 276
70 281
70 283
70 299
71 74
71 80
71 83
71 101
71 113
71 114
71 122
71 131
71 142
71 145
71 146
71 165
71 166
71 180
71 185
71 192
71 196
71 201
71 209
71 210
71 214
71 216
71 219
71 225
71 283
71 288
71 292
72 77
72 88
72 89
72 94
72 98
72 104
72 117
72 138
72 141
72 149
72 157
72 160
72 168
72 173
72 205
72 213
72 224
72 239
72 283
72 75
73 74
73 82
73 94
73 95
73 96
73 103
73 122
73 138
73 140
73 141
73 144
73 147
73 148
73 162
73 174
73 180
73 193
73 196
73 199
73 212
73 217
73 218
73 233
73 245
73 254
73 267
73 279
73 280
73 288
73 298
74 75
74 80
74 86
74 88
74 93
74 110
74 114
74 123
74 128
74 130
74 146
74 150
74 154
74 159
74 162
74 169
74 183
74 194
74 201
74 221
74 232
74 233
74 238
74 252
74 256
74 258
74 264
74 266
74 267
75 78
75 91
75 95
75 97
75 104
75 128
75 132
75 152
75 158
75 164
75 165
75 180
75 193
75 197
75 203
75 204
75 221
75 228
75 245
75 254
75 270
75 276
75 280
75 299
75 224
76 79
76 81
76 82
76 89
76 94
76 106
76 113
76 128
76 134
76 140
76 189
76 207
76 216
76 219
76 230
76 248
76 250
76 278
77 78
77 86
77 94
77 109
77 110
77 115
77 119
77 142
77 161
77 188
77 189
77 190
77 194
77 199
77 202
77 204
77 207
77 227
77 230
77 241
77 243
77 246
77 275
77 282
77 136
77 216
78 87
78 94
78 101
78 102
78 105
78 107
78 117
78 122
78 127
78 133
78 148
78 151
78 154
78 161
78 165
78 168
78 172
78 173
78 180
78 195
78 200
78 218
78 221
78 226
78 229
78 233
78 239
78 271
78 276
78 284
78 290
79 82
79 85
79 87
79 90
79 91
79 99
79 113
79 118
79 120
79 122
79 131
79 164
79 178
79 183
79 285
79 286
79 291
79 210
80 97
80 98
80 123
80 140
80 174
80 183
80 191
80 193
80 196
80 210
80 242
80 265
80 285
80 286
81 83
81 85
81 93
81 105
81 132
81 136
81 155
81 171
81 185
81 203
81 214
81 217
81 218
81 219
81 245
81 250
81 265
81 269
81 275
81 281
81 283
81 227
82 88
82 90
82 101
82 104
82 107
82 108
82 110
82 111
82 116
82 118
82 124
82 128
82 139
82 145
82 146
82 148
82 152
82 155
82 160
82 177
82 179
82 182
82 185
82 187
82 189
82 191
82 200
82 202
82 206
82 209
82 213
82 225
82 226
82 232
82 234
82 235
82 256
82 258
82 259
82 265
82 268
82 285
82 289
82 295
82 297
83 88
83 89
83 94
83 99
83 107
83 110
83 117
83 123
83 124
83 133
83 134
83 137
83 146
83 148
83 160
83 177
83 181
83 188
83 203
83 223
83 229
83 231
83 235
83 237
83 249
83 277
83 299
84 96
84 105
84 106
84 117
84 121
84 129
84 130
84 137
84 138
84 143
84 144
84 151
84 156
84 158
84 169
84 172
84 180
84 188
84 192
84 220
84 226
84 228
84 237
84 250
84 259
84 262
84 271
84 276
84 277
84 291
85 87
85 96
85 99
85 101
85 103
85 109
85 124
85 127
85 139
85 155
85 160
85 166
85 175
85 177
85 182
85 206
85 234
85 241
85 250
86 97
86 98
86 103
86 109
86 111
86 112
86 120
86 121
86 133
86 140
86 185
86 217
86 222
86 236
86 242
86 259
86 268
86 285
86 287
87 115
87 122
87 126
87 127
87 130
87 132
87 134
87 137
87 142
87 147
87 150
87 153
87 176
87 178
87 179
87 181
87 193
87 200
87 204
87 205
87 210
87 244
87 252
87 255
87 262
87 271
87 275
87 284
87 285
87 286
88 96
88 97
88 107
88 108
88 114
88 117
88 119
88 133
88 138
88 149
88 156
88 183
88 184
88 192
88 202
88 209
88 210
88 211
88 212
88 214
88 217
88 223
88 230
88 240
88 275
89 93
89 104
89 106
89 126
89 132
89 136
89 137
89 139
89 161
89 179
89 180
89 193
89 206
89 222
89 224
89 226
89 246
89 260
89 275
89 284
89 289
90 102
90 110
90 112
90 136
90 137
90 140
90 148
90 149
90 178
90 179
90 181
90 217
90 264
90 187
91 98
91 104
91 119
91 122
91 137
91 141
91 148
91 149
91 159
91 166
91 186
91 188
91 206
91 209
91 213
91 220
91 236
91 241
91 266
91 288
91 299
91 245
92 94
92 97
92 106
92 116
92 120
92 132
92 138
92 158
92 162
92 163
92 179
92 181
92 190
92 194
92 200
92 209
92 215
92 216
92 220
92 240
92 241
92 248
92 252
92 258
92 263
93 108
93 134
93 137
93 150
93 156
93 168
93 172
93 174
93 175
93 200
93 215
93 222
93 231
93 237
93 264
93 273
93 288
93 299
93 241
93 247
94 105
94 117
94 118
94 135
94 147
94 150
94 167
94 176
94 180
94 222
94 228
94 229
94 248
94 251
94 260
94 264
94 267
94 272
94 276
94 277
94 285
94 287
94 288
94 299
95 101
95 103
95 104
95 125
95 132
95 133
95 134
95 144
95 156
95 159
95 170
95 208
95 244
95 245
95 260
95 270
95 289
96 99
96 102
96 107
96 112
96 118
96 122
96 128
96 134
96 160
96 162
96 163
96 167
96 171
96 176
96 178
96 215
96 266
96 269
96 272
96 280
96 286
96 291
97 99
97 109
97 112
97 115
97 130
97 138
97 146
97 156
97 161
97 164
97 166
97 175
97 180
97 192
97 199
97 201
97 216
97 223
97 229
97 251
97 255
97 263
97 272
97 279
98 111
98 128
98 135
98 162
98 189
98 192
98 196
98 233
98 236
98 243
98 250
98 255
98 269
98 291
98 297
99 118
99 137
99 138
99 139
99 149
99 152
99 153
99 181
99 189
99 234
99 262
99 290
99 295
100 101
100 108
100 109
100 131
100 133
100 138
100 143
100 146
100 153
100 166
100 168
100 178
100 185
100 191
100 195
100 198
100 208
100 217
100 223
100 238
100 248
100 256
100 262
100 294
101 105
101 108
101 148
101 159
101 162
101 172
101 199
101 240
101 266
101 283
101 294
101 295
102 109
102 126
102 130
102 138
102 149
102 156
102 157
102 158
102 159
102 167
102 173
102 179
102 186
102 197
102 215
102 228
102 232
102 235
102 241
102 254
102 266
102 282
102 286
102 294
103 105
103 151
103 157
103 168
103 191
103 207
103 211
103 221
103 223
103 257
103 267
103 271
103 275
104 107
104 124
104 132
104 145
104 148
104 155
104 157
104 192
104 200
104 218
104 270
104 272
105 120
105 131
105 142
105 153
105 158
105 173
105 176
105 182
105 184
105 204
105 210
105 215
105 219
105 229
105 233
105 238
105 240
105 242
105 259
105 264
105 289
105 165
106 109
106 124
106 125
106 153
106 163
106 170
106 171
106 177
106 187
106 199
106 205
106 209
106 215
106 220
106 144
107 115
107 116
107 133
107 138
107 144
107 150
107 156
107 165
107 194
107 197
107 203
107 287
107 288
108 118
108 120
108 130
108 136
108 153
108 189
108 196
108 200
108 211
108 214
108 238
108 245
108 257
108 291
108 298
109 127
109 132
109 137
109 147
109 154
109 161
109 164
109 165
109 175
109 176
109 180
109 199
109 217
109 224
109 239
109 259
109 263
109 290
109 291
109 292
109 296
110 111
110 139
110 142
110 147
110 150
110 153
110 154
110 165
110 175
110 179
110 196
110 199
110 204
110 207
110 215
110 231
110 297
111 141
111 142
111 149
111 153
111 159
111 179
111 181
111 182
111 184
111 189
111 203
111 216
111 257
111 265
111 210
112 113
112 121
112 126
112 150
112 152
112 176
112 182
112 187
112 198
112 213
112 228
112 235
112 253
112 258
112 266
112 278
112 282
112 290
112 292
113 114
113 121
113 122
113 133
113 134
113 136
113 137
113 151
113 153
113 168
113 175
113 186
113 223
113 229
113 232
113 235
113 236
113 239
113 243
113 257
113 272
113 286
113 298
113 141
114 139
114 149
114 154
114 155
114 168
114 170
114 178
114 193
114 199
114 207
114 210
114 239
114 250
114 261
114 269
114 273
115 120
115 125
115 132
115 134
115 143
115 153
115 156
115 183
115 188
115 190
115 203
115 206
115 212
115 229
115 248
115 249
115 260
115 267
115 279
115 285
116 132
116 136
116 157
116 168
116 170
116 183
116 187
116 190
116 254
116 270
116 297
116 273
116 289
117 119
117 129
117 134
117 135
117 139
117 150
117 159
117 169
117 191
117 193
117 199
117 203
117 205
117 224
117 225
117 230
117 244
117 248
117 258
117 265
118 126
118 133
118 144
118 154
118 161
118 173
118 182
118 183
118 188
118 229
118 233
118 248
118 252
118 264
118 267
118 268
118 274
118 279
118 280
119 139
119 150
119 151
119 162
119 197
119 244
119 246
119 249
119 255
119 271
119 274
119 124
120 151
120 179
120 181
120 184
120 186
120 189
120 194
120 197
120 201
120 205
120 224
120 233
120 263
120 267
120 271
120 274
120 287
120 292
121 126
121 134
121 145
121 177
121 185
121 188
121 196
121 207
121 209
121 228
121 231
121 255
121 271
121 297
121 262
122 146
122 147
122 148
122 164
122 197
122 201
122 209
122 266
122 273
122 284
123 129
123 136
123 140
123 183
123 202
123 229
123 255
123 284
123 292
124 125
124 127
124 128
124 130
124 134
124 165
124 169
124 184
124 205
124 215
124 244
124 264
124 274
124 275
124 277
124 284
125 135
125 149
125 161
125 166
125 183
125 199
125 206
125 214
125 220
125 232
125 240
125 262
125 274
125 275
125 279
125 283
126 127
126 153
126 165
126 169
126 171
126 174
126 176
126 181
126 220
126 228
126 235
126 242
126 248
126 251
126 254
126 257
126 262
126 266
126 270
126 299
126 249
127 140
127 153
127 160
127 161
127 166
127 171
127 222
127 224
127 227
127 241
127 246
128 143
128 173
128 182
128 202
128 227
128 230
128 247
128 281
128 295
128 288
129 131
129 136
129 149
129 250
129 261
129 268
129 289
130 139
130 154
130 164
130 166
130 209
130 253
130 259
130 260
130 263
130 275
130 282
130 296
130 143
131 140
131 143
131 144
131 145
131 153
131 155
131 171
131 180
131 181
131 186
131 189
131 191
131 210
131 211
131 221
131 228
131 234
131 238
131 240
131 258
131 290
131 292
131 298
132 143
132 163
132 185
132 191
132 206
132 224
132 249
132 293
133 147
133 152
133 161
133 174
133 181
133 187
133 193
133 203
133 208
133 214
133 242
133 264
133 298
133 175
134 144
134 147
134 150
134 155
134 170
134 193
134 195
134 226
134 258
134 259
134 261
134 266
134 278
135 179
135 193
135 224
135 226
135 227
136 138
136 146
136 153
136 159
136 160
136 196
136 208
136 211
136 217
136 225
136 238
136 276
137 143
137 144
137 149
137 159
137 160
137 170
137 171
137 173
137 174
137 185
137 187
137 216
137 225
137 242
137 296
138 177
138 179
138 190
138 195
138 218
138 219
138 242
138 256
138 260
139 148
139 158
139 166
139 192
139 198
139 222
139 247
139 281
139 297
140 143
140 147
140 175
140 183
140 190
140 212
140 235
140 255
140 278
140 290
140 181
141 147
141 154
141 160
141 185
141 187
141 195
141 199
141 200
141 205
141 211
141 245
141 252
141 275
141 276
142 157
142 158
142 166
142 168
142 169
142 249
142 266
142 270
142 288
142 294
143 169
143 171
143 210
143 228
143 234
143 239
143 242
143 266
143 272
143 273
144 146
144 171
144 186
144 189
144 192
144 195
144 204
144 208
144 210
144 211
144 231
144 243
144 252
144 265
144 275
144 160
145 168
145 172
145 175
145 186
145 196
145 207
145 256
145 275
145 278
145 282
145 284
146 160
146 174
146 192
146 193
146 209
146 227
146 241
146 268
146 273
146 299
147 188
147 196
147 202
147 214
147 223
147 249
147 266
147 287
147 293
147 299
148 157
148 160
148 188
148 196
148 213
148 221
148 251
148 262
148 270
149 163
149 164
149 230
149 238
149 249
149 268
149 278
150 152
150 154
150 169
150 206
150 208
150 213
150 216
150 219
150 222
150 223
150 243
150 264
150 290
150 293
151 152
151 163
151 172
151 173
151 185
151 194
151 198
151 222
151 224
151 228
151 235
151 254
151 256
151 295
152 167
152 184
152 187
152 217
152 231
152 249
152 284
152 234
153 159
153 169
153 182
153 184
153 187
153 198
153 224
153 226
153 238
153 240
153 261
153 275
153 284
153 295
154 158
154 167
154 188
154 190
154 205
154 206
154 207
154 208
154 214
154 225
154 243
154 275
155 178
155 200
155 202
155 224
155 234
155 243
155 255
155 259
155 261
155 272
156 189
156 204
156 209
156 218
156 220
156 243
156 244
156 248
156 251
156 254
156 259
156 261
156 296
157 192
157 209
157 223
157 255
157 258
157 291
157 296
158 214
158 226
158 243
158 291
158 297
159 166
159 182
159 184
159 192
159 196
159 199
159 222
159 246
160 171
160 178
160 211
160 213
160 263
160 290
160 291
160 296
161 191
161 206
161 216
161 235
161 236
161 243
161 262
162 212
162 223
162 253
162 272
162 286
163 164
163 178
163 180
163 187
163 189
163 191
163 197
163 201
163 263
163 280
163 281
163 289
163 299
164 209
164 216
164 242
164 244
164 256
164 272
164 275
164 279
164 281
164 299
165 201
165 231
165 285
166 177
166 183
166 188
166 192
166 244
166 270
166 287
167 228
168 172
168 210
168 211
168 217
168 221
168 233
168 236
168 237
168 258
169 170
169 179
169 196
169 210
169 212
169 213
169 218
169 219
169 262
169 274
169 293
170 177
170 227
170 257
170 259
170 286
170 291
171 172
171 180
171 204
171 209
171 233
171 275
171 298
172 220
172 221
172 233
172 260
172 274
172 294
173 185
173 202
173 255
174 248
174 250
174 256
174 259
174 281
174 282
174 294
175 224
175 247
175 257
175 297
176 188
176 198
176 205
176 222
176 239
176 246
176 256
176 276
177 183
177 187
177 190
177 197
177 203
177 219
177 223
177 242
177 265
178 197
178 207
178 246
178 258
178 263
178 267
178 273
178 297
179 197
179 198
179 219
179 231
179 243
179 268
179 274
179 286
179 298
179 238
180 181
180 235
180 246
180 259
180 275
180 280
180 283
180 294
180 296
181 188
181 221
181 228
181 256
182 184
182 218
183 271
183 281
183 296
184 192
184 199
184 250
184 277
184 279
184 281
184 290
184 298
186 201
186 241
186 247
186 288
186 292
187 189
187 288
188 223
188 226
188 263
188 264
188 270
189 190
189 191
189 193
189 201
189 219
189 256
189 271
189 291
190 194
190 198
190 210
190 222
190 227
190 230
190 270
190 297
191 199
191 200
191 202
191 207
191 232
191 286
191 293
192 258
193 205
193 267
193 278
194 203
194 216
194 217
194 275
194 278
194 280
194 286
194 298
195 198
195 199
195 285
195 296
195 260
196 253
196 293
197 199
197 221
197 236
197 239
197 253
197 260
197 289
198 210
198 229
198 244
198 250
198 253
198 272
198 278
198 299
198 257
199 224
199 231
199 233
199 250
199 268
199 276
199 277
200 273
200 288
201 205
201 215
201 217
201 233
201 246
201 269
202 208
202 222
202 225
202 235
202 261
202 281
203 245
203 251
204 209
204 214
204 247
204 259
204 271
205 227
205 236
205 247
205 265
205 268
206 217
206 221
206 228
206 268
206 281
206 283
206 296
207 216
207 231
207 298
208 211
208 226
208 234
208 245
208 271
208 290
209 220
209 227
209 236
209 237
209 242
209 258
209 286
209 293
210 255
210 271
210 277
210 282
210 294
210 298
211 214
212 219
212 228
212 287
213 288
213 294
214 223
214 242
214 251
214 276
215 232
215 248
216 229
216 230
216 256
216 278
216 285
216 225
217 244
217 247
217 298
218 229
218 247
218 267
218 287
219 234
219 240
219 252
219 279
220 246
221 240
221 256
221 276
221 296
221 249
222 223
222 227
222 230
222 253
222 270
222 297
222 298
223 250
223 255
223 271
223 274
223 287
224 226
224 230
224 261
224 277
224 287
224 296
225 256
225 286
226 273
226 294
227 265
228 242
228 247
228 281
229 230
229 252
230 251
230 252
230 259
230 260
230 261
230 262
230 270
230 288
231 235
231 248
231 254
231 259
231 268
231 289
231 292
231 297
232 236
232 245
233 251
233 282
233 287
233 288
233 297
234 239
234 246
234 261
235 293
237 253
237 287
239 246
239 285
240 249
241 244
241 272
241 273
241 299
242 267
242 273
243 259
243 264
243 268
243 272
243 280
243 296
244 250
244 258
244 261
244 272
244 289
244 298
245 274
245 276
245 291
246 257
247 252
247 266
247 277
247 280
247 292
248 271
248 274
248 278
248 284
249 255
249 287
250 273
250 287
250 293
251 269
252 255
252 266
252 278
253 257
253 263
253 279
255 257
255 260
255 264
256 267
256 268
256 296
257 277
258 273
258 293
258 297
259 264
261 299
262 269
262 279
262 286
263 264
263 299
264 295
266 270
266 293
268 272
270 279
272 297
273 277
274 281
274 282
280 285
281 297
282 293
282 295
284 288
284 294
285 298
288 289
292 293
292 298
293 295