20143761
32
300
8721
0 32
0 33
0 34
0 35
0 36
0 37
0 40
0 41
0 42
0 43
0 44
0 45
0 46
0 49
0 50
0 51
0 52
0 55
0 59
0 61
0 62
0 64
0 65
0 66
0 67
0 73
0 74
0 76
0 79
0 81
0 82
0 85
0 90
0 91
0 93
0 97
0 99
0 104
0 105
0 111
0 113
0 120
0 141
0 144
0 150
0 152
0 165
0 171
0 172
0 180
0 182
0 185
0 188
0 194
0 196
0 199
0 213
0 237
0 238
0 242
0 263
0 269
0 284
0 294
0 297
1 32
1 33
1 34
1 35
1 36
1 37
1 38
1 39
1 40
1 41
1 42
1 43
1 44
1 45
1 47
1 48
1 50
1 51
1 53
1 55
1 58
1 61
1 64
1 65
1 66
1 68
1 77
1 78
1 79
1 82
1 87
1 90
1 94
1 98
1 104
1 105
1 108
1 111
1 116
1 124
1 128
1 131
1 136
1 138
1 142
1 143
1 144
1 151
1 155
1 156
1 157
1 159
1 162
1 166
1 182
1 183
1 186
1 189
1 190
1 194
1 197
1 208
1 213
1 226
1 236
1 258
1 259
1 260
1 261
1 268
1 273
1 297
1 298
1 97
2 32
2 33
2 34
2 35
2 36
2 39
2 40
2 41
2 44
2 45
2 46
2 47
2 48
2 49
2 56
2 58
2 60
2 61
2 62
2 65
2 67
2 69
2 70
2 72
2 73
2 77
2 80
2 86
2 87
2 88
2 89
2 91
2 98
2 107
2 108
2 109
2 113
2 119
2 122
2 129
2 134
2 135
2 136
2 138
2 143
2 150
2 162
2 167
2 178
2 185
2 188
2 200
2 209
2 214
2 215
2 220
2 222
2 229
2 233
2 237
2 245
2 247
2 252
2 253
2 262
2 269
2 280
2 286
2 299
3 32
3 33
3 34
3 35
3 36
3 37
3 38
3 39
3 40
3 46
3 47
3 48
3 49
3 55
3 57
3 58
3 60
3 62
3 63
3 64
3 65
3 68
3 73
3 75
3 76
3 78
3 82
3 90
3 92
3 93
3 100
3 102
3 103
3 112
3 114
3 118
3 122
3 133
3 140
3 145
3 155
3 156
3 160
3 164
3 166
3 170
3 171
3 176
3 184
3 196
3 199
3 214
3 227
3 230
3 232
3 253
3 261
3 288
3 292
3 295
3 296
4 32
4 34
4 35
4 36
4 37
4 38
4 39
4 40
4 41
4 42
4 43
4 44
4 45
4 46
4 47
4 48
4 49
4 50
4 51
4 52
4 53
4 56
4 57
4 58
4 68
4 75
4 80
4 82
4 83
4 85
4 86
4 89
4 91
4 93
4 99
4 100
4 101
4 108
4 109
4 114
4 118
4 120
4 121
4 124
4 127
4 129
4 139
4 140
4 147
4 148
4 154
4 156
4 174
4 180
4 185
4 186
4 200
4 214
4 225
4 231
4 234
4 244
4 275
4 276
4 290
4 293
4 168
5 32
5 33
5 34
5 35
5 36
5 37
5 38
5 40
5 41
5 42
5 43
5 46
5 55
5 59
5 60
5 62
5 66
5 67
5 68
5 69
5 77
5 82
5 85
5 97
5 101
5 121
5 130
5 144
5 145
5 146
5 147
5 161
5 163
5 177
5 179
5 206
5 208
5 224
5 226
5 245
5 246
5 251
5 255
5 281
6 32
6 33
6 34
6 35
6 36
6 37
6 38
6 39
6 40
6 41
6 42
6 44
6 47
6 49
6 50
6 63
6 65
6 69
6 73
6 80
6 92
6 98
6 109
6 124
6 130
6 133
6 139
6 145
6 154
6 160
6 168
6 174
6 189
6 202
6 204
6 217
6 218
6 227
6 241
6 260
6 169
7 32
7 33
7 34
7 35
7 36
7 37
7 38
7 39
7 41
7 42
7 43
7 44
7 45
7 49
7 50
7 51
7 53
7 54
7 57
7 58
7 59
7 60
7 62
7 72
7 74
7 75
7 77
7 78
7 81
7 82
7 93
7 100
7 109
7 115
7 118
7 125
7 129
7 132
7 152
7 162
7 173
7 180
7 194
7 197
7 199
7 200
7 203
7 226
7 229
7 246
7 248
7 270
7 276
7 277
7 279
7 68
7 217
8 32
8 33
8 34
8 35
8 36
8 37
8 38
8 39
8 40
8 41
8 42
8 43
8 44
8 45
8 46
8 51
8 57
8 60
8 64
8 67
8 72
8 78
8 81
8 88
8 89
8 96
8 97
8 101
8 102
8 105
8 115
8 117
8 120
8 129
8 160
8 166
8 169
8 172
8 176
8 178
8 187
8 191
8 198
8 201
8 208
8 210
8 211
8 212
8 227
8 245
8 247
8 260
8 268
8 274
8 233
9 32
9 33
9 34
9 35
9 36
9 37
9 38
9 39
9 41
9 44
9 45
9 46
9 47
9 48
9 50
9 52
9 53
9 55
9 56
9 57
9 61
9 69
9 71
9 72
9 75
9 77
9 79
9 84
9 87
9 88
9 98
9 102
9 103
9 112
9 116
9 120
9 121
9 128
9 129
9 159
9 161
9 168
9 170
9 176
9 177
9 190
9 191
9 197
9 204
9 208
9 225
9 229
9 232
9 240
9 244
9 246
9 254
9 255
9 256
9 258
9 259
9 265
9 269
9 280
9 281
9 287
9 298
10 32
10 33
10 34
10 35
10 36
10 37
10 38
10 39
10 40
10 41
10 42
10 43
10 44
10 45
10 46
10 47
10 49
10 50
10 52
10 53
10 56
10 58
10 59
10 61
10 64
10 65
10 66
10 70
10 71
10 73
10 76
10 83
10 84
10 85
10 89
10 102
10 105
10 106
10 109
10 113
10 116
10 118
10 126
10 128
10 129
10 130
10 137
10 143
10 144
10 148
10 152
10 153
10 165
10 170
10 176
10 182
10 184
10 186
10 193
10 196
10 198
10 203
10 214
10 230
10 234
10 238
10 245
10 246
10 247
10 260
10 265
10 273
10 284
10 287
10 290
10 295
10 124
11 32
11 33
11 34
11 35
11 37
11 38
11 40
11 41
11 43
11 44
11 45
11 46
11 47
11 48
11 51
11 54
11 55
11 58
11 59
11 60
11 62
11 63
11 64
11 67
11 74
11 76
11 77
11 79
11 80
11 81
11 83
11 86
11 89
11 90
11 101
11 102
11 104
11 106
11 111
11 115
11 122
11 123
11 125
11 127
11 128
11 133
11 134
11 136
11 139
11 144
11 146
11 154
11 156
11 160
11 162
11 166
11 170
11 173
11 183
11 185
11 192
11 237
11 239
11 249
11 251
11 252
11 254
11 260
11 262
11 266
11 274
11 280
11 291
11 297
12 32
12 33
12 34
12 35
12 36
12 37
12 38
12 39
12 40
12 41
12 42
12 43
12 44
12 45
12 46
12 48
12 49
12 52
12 53
12 55
12 56
12 57
12 58
12 60
12 71
12 73
12 78
12 79
12 81
12 82
12 84
12 85
12 86
12 89
12 91
12 93
12 95
12 103
12 106
12 110
12 111
12 112
12 114
12 119
12 122
12 128
12 132
12 141
12 147
12 151
12 154
12 155
12 161
12 164
12 167
12 170
12 174
12 178
12 180
12 181
12 182
12 186
12 187
12 188
12 198
12 207
12 208
12 216
12 221
12 227
12 229
12 230
12 236
12 238
12 252
12 278
12 279
12 291
12 297
12 224
13 32
13 33
13 34
13 35
13 36
13 37
13 38
13 39
13 41
13 42
13 43
13 45
13 47
13 50
13 51
13 52
13 55
13 58
13 65
13 66
13 69
13 70
13 71
13 79
13 80
13 81
13 83
13 84
13 86
13 88
13 89
13 97
13 99
13 100
13 105
13 106
13 108
13 109
13 112
13 119
13 121
13 124
13 127
13 129
13 131
13 134
13 136
13 137
13 138
13 139
13 140
13 143
13 147
13 153
13 154
13 157
13 168
13 171
13 176
13 182
13 183
13 184
13 187
13 188
13 195
13 200
13 204
13 211
13 218
13 222
13 225
13 229
13 233
13 235
13 251
13 252
13 255
13 262
13 263
13 266
13 283
13 289
13 297
13 298
13 244
14 32
14 33
14 35
14 36
14 38
14 44
14 45
14 48
14 52
14 53
14 54
14 58
14 61
14 66
14 74
14 76
14 80
14 84
14 85
14 90
14 92
14 95
14 98
14 105
14 115
14 116
14 117
14 118
14 123
14 127
14 128
14 145
14 161
14 179
14 184
14 205
14 220
14 236
14 255
14 267
14 268
14 269
14 279
14 292
14 293
14 297
15 32
15 33
15 34
15 35
15 36
15 37
15 40
15 45
15 46
15 47
15 48
15 51
15 53
15 54
15 57
15 59
15 61
15 62
15 72
15 74
15 85
15 86
15 88
15 97
15 100
15 101
15 102
15 114
15 121
15 124
15 149
15 168
15 206
15 213
15 216
15 234
15 235
15 238
15 243
15 254
15 255
15 261
15 266
16 32
16 33
16 34
16 36
16 37
16 38
16 39
16 40
16 42
16 43
16 48
16 51
16 52
16 62
16 65
16 72
16 73
16 77
16 79
16 81
16 84
16 85
16 86
16 92
16 102
16 103
16 105
16 111
16 113
16 115
16 116
16 124
16 128
16 132
16 138
16 141
16 151
16 152
16 160
16 163
16 166
16 179
16 181
16 182
16 193
16 199
16 214
16 217
16 219
16 221
16 222
16 228
16 231
16 238
16 241
16 259
16 265
16 275
16 280
16 286
17 32
17 33
17 34
17 35
17 36
17 37
17 38
17 39
17 41
17 42
17 43
17 45
17 46
17 48
17 51
17 52
17 55
17 57
17 59
17 60
17 61
17 62
17 64
17 65
17 67
17 68
17 76
17 78
17 84
17 89
17 91
17 94
17 95
17 98
17 100
17 108
17 110
17 111
17 118
17 127
17 134
17 144
17 148
17 178
17 180
17 182
17 188
17 202
17 206
17 207
17 209
17 214
17 226
17 228
17 230
17 239
17 265
17 272
17 278
17 298
17 93
18 32
18 33
18 34
18 35
18 36
18 37
18 38
18 39
18 40
18 46
18 47
18 48
18 50
18 54
18 55
18 56
18 57
18 59
18 60
18 62
18 66
18 68
18 69
18 74
18 79
18 86
18 90
18 97
18 111
18 115
18 117
18 118
18 120
18 122
18 126
18 128
18 140
18 183
18 192
18 193
18 194
18 205
18 212
18 213
18 228
18 252
18 254
18 256
18 260
18 263
18 266
18 281
18 282
18 298
19 32
19 33
19 34
19 35
19 36
19 37
19 38
19 39
19 40
19 41
19 42
19 43
19 44
19 45
19 47
19 49
19 50
19 51
19 54
19 56
19 58
19 60
19 64
19 71
19 72
19 74
19 77
19 88
19 97
19 98
19 99
19 101
19 106
19 116
19 123
19 128
19 132
19 156
19 160
19 164
19 168
19 179
19 198
19 201
19 206
19 209
19 214
19 226
19 251
19 264
19 283
19 289
20 32
20 33
20 34
20 35
20 37
20 39
20 40
20 41
20 42
20 52
20 53
20 57
20 66
20 73
20 77
20 80
20 81
20 97
20 107
20 109
20 119
20 130
20 132
20 142
20 146
20 153
20 193
20 194
20 195
20 220
20 254
20 266
20 273
20 216
21 32
21 33
21 34
21 35
21 36
21 37
21 38
21 39
21 42
21 43
21 45
21 46
21 50
21 53
21 54
21 56
21 59
21 66
21 78
21 79
21 81
21 82
21 94
21 95
21 113
21 123
21 128
21 151
21 161
21 167
21 172
21 179
21 190
21 198
21 201
21 224
21 232
21 235
21 257
21 268
21 216
22 32
22 33
22 36
22 39
22 40
22 43
22 44
22 48
22 50
22 52
22 63
22 72
22 82
22 88
22 95
22 113
22 116
22 117
22 118
22 123
22 124
22 132
22 133
22 134
22 145
22 156
22 167
22 172
22 173
22 184
22 189
22 193
22 194
22 202
22 217
22 221
22 232
22 238
22 243
22 246
22 253
22 258
22 279
22 56
23 32
23 33
23 34
23 35
23 36
23 37
23 38
23 39
23 40
23 41
23 42
23 44
23 46
23 47
23 51
23 53
23 54
23 57
23 60
23 62
23 64
23 66
23 71
23 73
23 77
23 84
23 86
23 87
23 93
23 95
23 96
23 107
23 112
23 113
23 120
23 122
23 127
23 132
23 133
23 135
23 136
23 137
23 138
23 139
23 146
23 148
23 153
23 154
23 164
23 178
23 180
23 195
23 196
23 204
23 209
23 226
23 227
23 229
23 231
23 236
23 292
23 30
23 211
24 32
24 33
24 34
24 35
24 36
24 37
24 38
24 42
24 43
24 47
24 50
24 51
24 54
24 56
24 57
24 58
24 63
24 74
24 78
24 88
24 90
24 94
24 116
24 124
24 127
24 133
24 134
24 137
24 139
24 154
24 163
24 177
24 195
24 198
24 242
25 32
25 33
25 34
25 35
25 37
25 38
25 39
25 40
25 41
25 43
25 45
25 46
25 47
25 48
25 49
25 52
25 54
25 56
25 60
25 61
25 63
25 65
25 69
25 70
25 72
25 75
25 86
25 89
25 90
25 91
25 95
25 106
25 109
25 110
25 114
25 116
25 128
25 132
25 137
25 147
25 149
25 153
25 156
25 157
25 159
25 164
25 180
25 184
25 189
25 193
25 200
25 209
25 210
25 216
25 217
25 232
25 241
25 243
25 251
25 253
25 275
25 283
25 290
25 291
25 298
25 299
25 103
26 32
26 33
26 34
26 35
26 36
26 37
26 38
26 39
26 40
26 41
26 42
26 43
26 44
26 46
26 48
26 49
26 50
26 51
26 53
26 56
26 57
26 59
26 63
26 64
26 66
26 67
26 71
26 74
26 76
26 78
26 79
26 82
26 83
26 85
26 88
26 89
26 91
26 96
26 98
26 99
26 106
26 110
26 116
26 119
26 120
26 121
26 122
26 123
26 124
26 126
26 129
26 131
26 138
26 140
26 141
26 143
26 145
26 149
26 156
26 157
26 164
26 175
26 179
26 182
26 183
26 185
26 189
26 192
26 211
26 212
26 213
26 224
26 234
26 251
26 252
26 253
26 255
26 261
26 263
26 266
26 277
26 278
26 52
26 154
27 32
27 33
27 34
27 36
27 37
27 38
27 39
27 41
27 42
27 47
27 48
27 49
27 53
27 55
27 56
27 58
27 60
27 61
27 62
27 63
27 64
27 71
27 73
27 76
27 78
27 79
27 81
27 91
27 96
27 97
27 103
27 115
27 118
27 122
27 125
27 128
27 139
27 145
27 150
27 161
27 162
27 169
27 179
27 181
27 192
27 194
27 204
27 214
27 216
27 220
27 224
27 234
27 235
27 247
27 251
27 253
27 265
27 93
28 32
28 33
28 34
28 35
28 39
28 40
28 41
28 43
28 44
28 49
28 51
28 52
28 59
28 63
28 68
28 70
28 71
28 83
28 89
28 90
28 94
28 104
28 106
28 113
28 118
28 120
28 125
28 132
28 133
28 136
28 144
28 147
28 178
28 181
28 187
28 188
28 190
28 205
28 252
28 254
28 255
28 257
28 260
28 271
28 274
28 286
28 267
28 54
28 240
29 32
29 33
29 34
29 35
29 36
29 37
29 38
29 39
29 40
29 42
29 43
29 44
29 45
29 46
29 47
29 48
29 49
29 52
29 54
29 55
29 58
29 59
29 60
29 61
29 62
29 63
29 67
29 68
29 70
29 71
29 74
29 78
29 82
29 85
29 90
29 93
29 94
29 98
29 106
29 107
29 108
29 109
29 111
29 116
29 119
29 121
29 122
29 127
29 131
29 137
29 139
29 141
29 149
29 154
29 162
29 173
29 179
29 190
29 198
29 199
29 202
29 208
29 209
29 210
29 215
29 217
29 219
29 222
29 224
29 225
29 228
29 238
29 243
29 245
29 247
29 248
29 252
29 257
29 262
29 265
29 270
29 282
29 286
29 288
29 293
29 298
30 32
30 33
30 34
30 35
30 36
30 38
30 40
30 41
30 42
30 43
30 44
30 45
30 47
30 49
30 51
30 54
30 55
30 56
30 61
30 63
30 64
30 66
30 71
30 72
30 73
30 75
30 79
30 81
30 84
30 92
30 94
30 97
30 99
30 100
30 110
30 112
30 114
30 123
30 126
30 128
30 129
30 130
30 133
30 135
30 142
30 145
30 146
30 147
30 166
30 171
30 180
30 187
30 191
30 196
30 197
30 206
30 207
30 211
30 221
30 227
30 229
30 230
30 242
30 248
30 253
30 273
30 277
30 290
30 298
30 121
31 32
31 33
31 34
31 35
31 36
31 37
31 38
31 39
31 40
31 41
31 42
31 43
31 44
31 45
31 49
31 51
31 53
31 54
31 56
31 57
31 58
31 59
31 62
31 65
31 67
31 68
31 71
31 72
31 73
31 76
31 77
31 78
31 79
31 82
31 83
31 84
31 85
31 90
31 94
31 98
31 99
31 100
31 101
31 102
31 103
31 106
31 110
31 111
31 117
31 118
31 122
31 125
31 129
31 130
31 131
31 132
31 135
31 136
31 137
31 138
31 150
31 152
31 160
31 161
31 162
31 165
31 170
31 179
31 182
31 188
31 190
31 201
31 206
31 209
31 214
31 216
31 220
31 229
31 234
31 236
31 244
31 245
31 249
31 257
31 260
31 261
31 268
31 270
31 273
31 281
31 284
31 288
31 290
31 295
32 33
32 34
32 35
32 36
32 37
32 38
32 39
32 40
32 41
32 42
32 43
32 44
32 45
32 46
32 47
32 48
32 49
32 50
32 51
32 52
32 53
32 54
32 55
32 56
32 57
32 58
32 59
32 60
32 61
32 63
32 65
32 66
32 67
32 69
32 70
32 72
32 73
32 75
32 76
32 77
32 78
32 79
32 80
32 81
32 82
32 87
32 88
32 89
32 90
32 91
32 93
32 94
32 97
32 99
32 102
32 103
32 105
32 107
32 108
32 109
32 111
32 112
32 113
32 114
32 116
32 118
32 119
32 121
32 128
32 131
32 135
32 141
32 142
32 145
32 148
32 161
32 162
32 165
32 168
32 169
32 171
32 172
32 173
32 180
32 183
32 185
32 186
32 187
32 188
32 197
32 202
32 204
32 210
32 211
32 212
32 216
32 218
32 219
32 221
32 223
32 239
32 241
32 246
32 256
32 257
32 268
32 271
32 272
32 273
32 277
32 278
32 282
32 284
32 286
32 292
32 293
32 296
32 177
32 200
32 270
33 34
33 35
33 36
33 37
33 38
33 39
33 40
33 41
33 42
33 43
33 44
33 45
33 46
33 47
33 48
33 49
33 50
33 51
33 53
33 54
33 56
33 57
33 58
33 59
33 60
33 63
33 65
33 66
33 67
33 68
33 69
33 70
33 72
33 73
33 75
33 76
33 77
33 78
33 80
33 81
33 82
33 83
33 87
33 88
33 89
33 91
33 92
33 95
33 98
33 100
33 101
33 105
33 107
33 110
33 113
33 115
33 119
33 125
33 126
33 127
33 128
33 132
33 133
33 135
33 140
33 141
33 143
33 146
33 147
33 148
33 149
33 151
33 152
33 153
33 154
33 155
33 157
33 158
33 160
33 164
33 167
33 168
33 169
33 173
33 174
33 175
33 180
33 181
33 182
33 185
33 186
33 187
33 188
33 189
33 191
33 193
33 195
33 196
33 197
33 203
33 207
33 215
33 216
33 217
33 218
33 222
33 224
33 230
33 233
33 237
33 238
33 240
33 243
33 244
33 245
33 249
33 252
33 258
33 260
33 262
33 268
33 270
33 271
33 275
33 276
33 280
33 281
33 292
33 294
33 208
34 35
34 36
34 37
34 38
34 39
34 40
34 41
34 42
34 43
34 44
34 46
34 47
34 48
34 49
34 50
34 51
34 52
34 53
34 54
34 56
34 57
34 58
34 59
34 60
34 64
34 66
34 67
34 68
34 69
34 71
34 72
34 78
34 82
34 83
34 85
34 86
34 87
34 88
34 89
34 91
34 93
34 94
34 96
34 100
34 101
34 103
34 105
34 110
34 113
34 114
34 119
34 121
34 124
34 126
34 127
34 129
34 132
34 133
34 137
34 142
34 144
34 145
34 146
34 149
34 150
34 153
34 154
34 156
34 157
34 158
34 159
34 160
34 161
34 164
34 174
34 176
34 177
34 186
34 187
34 190
34 197
34 199
34 204
34 205
34 208
34 211
34 215
34 221
34 222
34 224
34 225
34 227
34 235
34 237
34 238
34 250
34 259
34 267
34 271
34 272
34 289
34 294
34 299
34 167
34 183
34 273
35 36
35 37
35 38
35 39
35 40
35 41
35 42
35 43
35 44
35 45
35 46
35 47
35 48
35 49
35 50
35 51
35 52
35 53
35 54
35 55
35 58
35 59
35 60
35 62
35 63
35 65
35 67
35 70
35 71
35 72
35 73
35 74
35 75
35 77
35 78
35 79
35 80
35 81
35 82
35 85
35 87
35 88
35 91
35 92
35 93
35 94
35 95
35 96
35 97
35 102
35 104
35 105
35 108
35 110
35 113
35 120
35 122
35 123
35 124
35 126
35 127
35 129
35 130
35 133
35 134
35 141
35 142
35 143
35 144
35 146
35 150
35 160
35 163
35 167
35 168
35 170
35 171
35 172
35 175
35 176
35 181
35 195
35 199
35 202
35 211
35 214
35 225
35 229
35 232
35 237
35 240
35 250
35 252
35 259
35 262
35 263
35 264
35 265
35 268
35 275
35 282
35 288
35 290
35 293
35 98
35 276
36 37
36 38
36 39
36 40
36 41
36 42
36 44
36 45
36 46
36 47
36 48
36 50
36 53
36 54
36 55
36 56
36 57
36 61
36 62
36 63
36 64
36 65
36 66
36 67
36 68
36 69
36 71
36 72
36 74
36 75
36 76
36 78
36 79
36 82
36 83
36 84
36 88
36 89
36 96
36 97
36 101
36 102
36 104
36 107
36 108
36 109
36 110
36 113
36 114
36 115
36 116
36 118
36 128
36 142
36 144
36 149
36 152
36 153
36 154
36 155
36 159
36 162
36 166
36 172
36 174
36 175
36 176
36 178
36 179
36 180
36 182
36 184
36 186
36 187
36 188
36 190
36 194
36 195
36 203
36 205
36 208
36 210
36 212
36 215
36 219
36 227
36 231
36 233
36 237
36 238
36 243
36 247
36 251
36 259
36 263
36 271
36 272
36 275
36 276
36 279
36 281
36 222
37 38
37 39
37 40
37 41
37 42
37 43
37 44
37 45
37 46
37 47
37 48
37 49
37 50
37 51
37 52
37 53
37 54
37 55
37 56
37 58
37 60
37 61
37 62
37 63
37 65
37 66
37 67
37 68
37 69
37 70
37 72
37 74
37 75
37 76
37 78
37 79
37 80
37 83
37 84
37 85
37 86
37 88
37 89
37 90
37 92
37 95
37 96
37 97
37 99
37 100
37 101
37 103
37 104
37 105
37 107
37 108
37 109
37 115
37 118
37 120
37 123
37 125
37 127
37 130
37 143
37 148
37 151
37 156
37 157
37 159
37 162
37 163
37 165
37 170
37 172
37 173
37 175
37 176
37 178
37 179
37 181
37 187
37 193
37 195
37 197
37 198
37 199
37 201
37 213
37 216
37 226
37 227
37 228
37 230
37 237
37 260
37 267
37 268
37 269
37 270
37 271
37 272
37 274
37 284
37 286
37 293
37 299
37 37
37 82
37 190
38 39
38 40
38 41
38 42
38 43
38 44
38 45
38 46
38 47
38 48
38 49
38 50
38 51
38 52
38 53
38 54
38 55
38 57
38 58
38 59
38 60
38 61
38 62
38 63
38 64
38 65
38 67
38 69
38 70
38 72
38 73
38 74
38 75
38 80
38 81
38 83
38 85
38 86
38 87
38 88
38 89
38 90
38 91
38 93
38 94
38 95
38 96
38 97
38 101
38 103
38 104
38 105
38 106
38 107
38 111
38 114
38 117
38 118
38 119
38 121
38 123
38 124
38 125
38 127
38 130
38 131
38 134
38 135
38 136
38 139
38 140
38 143
38 146
38 149
38 151
38 152
38 154
38 155
38 156
38 165
38 169
38 171
38 174
38 175
38 177
38 179
38 186
38 188
38 195
38 196
38 198
38 201
38 203
38 204
38 205
38 206
38 208
38 210
38 212
38 215
38 217
38 219
38 225
38 226
38 231
38 235
38 241
38 244
38 248
38 249
38 251
38 252
38 256
38 261
38 265
38 266
38 272
38 284
38 285
38 292
38 246
39 40
39 41
39 42
39 43
39 44
39 45
39 46
39 47
39 48
39 49
39 50
39 51
39 52
39 54
39 55
39 56
39 57
39 59
39 61
39 62
39 63
39 64
39 65
39 66
39 67
39 68
39 69
39 70
39 71
39 72
39 73
39 75
39 76
39 79
39 80
39 84
39 86
39 87
39 88
39 90
39 91
39 94
39 95
39 96
39 97
39 100
39 101
39 104
39 107
39 109
39 111
39 113
39 117
39 118
39 120
39 128
39 131
39 134
39 135
39 140
39 146
39 147
39 149
39 151
39 152
39 154
39 159
39 161
39 163
39 174
39 185
39 186
39 187
39 188
39 189
39 193
39 194
39 200
39 202
39 205
39 207
39 209
39 212
39 221
39 224
39 230
39 231
39 234
39 242
39 245
39 250
39 253
39 264
39 269
39 282
39 286
39 290
39 293
39 298
39 144
39 83
40 41
40 42
40 43
40 44
40 45
40 46
40 47
40 49
40 50
40 51
40 52
40 53
40 54
40 55
40 56
40 57
40 58
40 59
40 60
40 61
40 63
40 64
40 65
40 69
40 70
40 73
40 74
40 75
40 76
40 77
40 82
40 83
40 84
40 87
40 88
40 90
40 95
40 97
40 106
40 107
40 108
40 110
40 113
40 114
40 115
40 116
40 120
40 121
40 122
40 123
40 125
40 128
40 129
40 135
40 136
40 139
40 140
40 144
40 150
40 163
40 165
40 166
40 167
40 168
40 171
40 173
40 174
40 179
40 181
40 183
40 184
40 190
40 191
40 196
40 206
40 213
40 214
40 226
40 236
40 239
40 240
40 251
40 254
40 256
40 257
40 258
40 263
40 266
40 270
40 274
40 279
40 280
40 284
40 286
40 289
40 290
40 291
40 296
40 198
40 224
41 42
41 43
41 44
41 45
41 46
41 47
41 48
41 49
41 50
41 51
41 52
41 53
41 54
41 56
41 57
41 58
41 59
41 60
41 61
41 62
41 63
41 64
41 65
41 66
41 67
41 68
41 70
41 71
41 72
41 73
41 74
41 75
41 79
41 88
41 90
41 91
41 92
41 93
41 94
41 95
41 97
41 98
41 99
41 100
41 103
41 105
41 107
41 109
41 110
41 111
41 114
41 115
41 117
41 123
41 128
41 130
41 133
41 134
41 135
41 136
41 137
41 139
41 140
41 141
41 146
41 152
41 159
41 161
41 162
41 164
41 165
41 166
41 167
41 171
41 174
41 177
41 180
41 181
41 184
41 190
41 192
41 194
41 195
41 199
41 200
41 207
41 208
41 209
41 211
41 217
41 218
41 224
41 225
41 226
41 231
41 234
41 238
41 239
41 250
41 253
41 255
41 256
41 257
41 258
41 267
41 270
41 274
41 281
41 282
41 283
41 284
41 287
41 288
41 289
41 293
41 297
41 143
41 191
42 43
42 44
42 45
42 46
42 47
42 48
42 49
42 50
42 52
42 53
42 54
42 55
42 56
42 58
42 60
42 61
42 62
42 64
42 65
42 67
42 68
42 69
42 70
42 73
42 75
42 77
42 79
42 81
42 82
42 83
42 84
42 85
42 87
42 92
42 94
42 96
42 98
42 99
42 101
42 102
42 106
42 110
42 111
42 112
42 121
42 127
42 128
42 129
42 131
42 134
42 138
42 139
42 140
42 142
42 146
42 148
42 149
42 152
42 157
42 160
42 167
42 168
42 169
42 176
42 177
42 187
42 193
42 194
42 196
42 206
42 207
42 210
42 227
42 228
42 229
42 232
42 233
42 234
42 242
42 252
42 255
42 261
42 267
42 285
42 287
42 288
42 294
43 44
43 45
43 46
43 47
43 48
43 49
43 50
43 51
43 52
43 54
43 55
43 56
43 57
43 59
43 60
43 61
43 62
43 63
43 66
43 67
43 69
43 70
43 72
43 74
43 77
43 79
43 80
43 81
43 82
43 83
43 84
43 87
43 91
43 92
43 93
43 96
43 97
43 100
43 101
43 102
43 104
43 106
43 112
43 114
43 116
43 118
43 119
43 122
43 124
43 127
43 128
43 129
43 132
43 134
43 135
43 138
43 140
43 143
43 144
43 148
43 150
43 151
43 153
43 155
43 156
43 157
43 158
43 161
43 163
43 174
43 176
43 180
43 181
43 188
43 192
43 200
43 203
43 210
43 211
43 212
43 215
43 216
43 217
43 218
43 220
43 226
43 227
43 229
43 231
43 232
43 236
43 245
43 258
43 259
43 260
43 264
43 277
43 278
43 280
43 296
43 299
43 65
44 45
44 46
44 47
44 48
44 49
44 50
44 51
44 52
44 54
44 55
44 56
44 57
44 58
44 59
44 60
44 63
44 64
44 66
44 67
44 68
44 69
44 70
44 73
44 74
44 75
44 76
44 77
44 82
44 85
44 86
44 87
44 89
44 90
44 96
44 97
44 100
44 102
44 103
44 104
44 108
44 112
44 114
44 117
44 119
44 121
44 122
44 125
44 127
44 134
44 140
44 142
44 143
44 144
44 147
44 148
44 150
44 153
44 157
44 158
44 159
44 160
44 166
44 168
44 173
44 187
44 191
44 196
44 197
44 199
44 200
44 201
44 202
44 207
44 209
44 210
44 211
44 215
44 225
44 232
44 233
44 238
44 244
44 246
44 247
44 248
44 250
44 251
44 253
44 255
44 257
44 264
44 270
44 272
44 285
44 287
44 293
44 296
44 93
44 174
45 46
45 48
45 49
45 50
45 52
45 53
45 54
45 55
45 56
45 57
45 58
45 59
45 60
45 61
45 62
45 63
45 65
45 68
45 69
45 71
45 77
45 79
45 80
45 81
45 83
45 84
45 87
45 88
45 89
45 94
45 101
45 103
45 105
45 106
45 107
45 108
45 116
45 117
45 118
45 122
45 124
45 126
45 129
45 130
45 136
45 137
45 138
45 142
45 143
45 147
45 149
45 150
45 159
45 160
45 163
45 164
45 165
45 166
45 167
45 168
45 170
45 179
45 180
45 181
45 183
45 186
45 190
45 198
45 201
45 208
45 210
45 219
45 220
45 223
45 225
45 226
45 228
45 232
45 235
45 236
45 238
45 249
45 253
45 256
45 257
45 259
45 260
45 273
45 281
45 282
45 283
45 296
46 47
46 48
46 49
46 50
46 51
46 52
46 53
46 54
46 55
46 56
46 59
46 60
46 61
46 62
46 63
46 64
46 68
46 69
46 70
46 71
46 73
46 75
46 78
46 80
46 81
46 83
46 87
46 88
46 90
46 91
46 92
46 94
46 95
46 97
46 98
46 100
46 101
46 102
46 103
46 104
46 105
46 107
46 110
46 117
46 119
46 121
46 123
46 127
46 135
46 137
46 146
46 147
46 148
46 149
46 150
46 152
46 158
46 159
46 164
46 166
46 170
46 171
46 173
46 174
46 177
46 182
46 183
46 190
46 198
46 205
46 206
46 223
46 226
46 227
46 231
46 234
46 236
46 237
46 238
46 239
46 240
46 241
46 242
46 256
46 266
46 267
46 272
46 273
46 277
46 279
46 292
46 293
46 294
46 295
46 66
46 67
46 290
47 48
47 49
47 50
47 52
47 53
47 54
47 55
47 62
47 65
47 66
47 67
47 68
47 69
47 71
47 72
47 74
47 77
47 78
47 80
47 81
47 82
47 83
47 84
47 86
47 87
47 89
47 90
47 92
47 93
47 98
47 99
47 100
47 104
47 111
47 112
47 116
47 117
47 119
47 121
47 124
47 125
47 130
47 133
47 135
47 138
47 141
47 143
47 144
47 146
47 152
47 154
47 156
47 158
47 162
47 165
47 170
47 174
47 182
47 183
47 184
47 186
47 194
47 195
47 196
47 199
47 202
47 205
47 209
47 210
47 211
47 214
47 217
47 218
47 219
47 221
47 222
47 227
47 233
47 235
47 239
47 240
47 242
47 244
47 247
47 251
47 253
47 255
47 259
47 261
47 266
47 278
47 289
47 290
47 298
47 128
47 160
48 49
48 50
48 51
48 52
48 53
48 55
48 56
48 57
48 59
48 60
48 62
48 64
48 65
48 66
48 67
48 68
48 70
48 72
48 73
48 77
48 78
48 79
48 80
48 81
48 82
48 83
48 84
48 85
48 93
48 94
48 99
48 100
48 106
48 107
48 110
48 112
48 119
48 120
48 126
48 129
48 136
48 142
48 151
48 154
48 158
48 160
48 164
48 171
48 174
48 175
48 176
48 177
48 178
48 180
48 182
48 184
48 187
48 189
48 194
48 200
48 205
48 208
48 209
48 220
48 226
48 229
48 235
48 238
48 244
48 245
48 251
48 254
48 258
48 267
48 268
48 274
48 282
48 292
48 296
48 297
48 98
49 50
49 51
49 52
49 53
49 56
49 57
49 58
49 59
49 63
49 64
49 65
49 66
49 67
49 68
49 69
49 70
49 71
49 75
49 76
49 77
49 79
49 81
49 82
49 84
49 85
49 86
49 87
49 88
49 90
49 94
49 95
49 96
49 97
49 99
49 102
49 103
49 105
49 106
49 108
49 110
49 111
49 113
49 114
49 116
49 119
49 122
49 123
49 125
49 126
49 127
49 129
49 131
49 132
49 133
49 134
49 137
49 141
49 143
49 145
49 149
49 150
49 152
49 153
49 158
49 161
49 162
49 164
49 166
49 167
49 171
49 172
49 173
49 177
49 182
49 183
49 185
49 189
49 198
49 200
49 203
49 207
49 210
49 211
49 213
49 215
49 219
49 222
49 223
49 227
49 229
49 230
49 233
49 238
49 240
49 243
49 244
49 246
49 249
49 255
49 256
49 260
49 271
49 273
49 279
49 284
49 287
49 290
49 298
49 299
49 239
49 294
50 51
50 52
50 53
50 54
50 55
50 58
50 59
50 60
50 61
50 62
50 63
50 64
50 65
50 67
50 68
50 69
50 71
50 74
50 77
50 80
50 82
50 83
50 84
50 85
50 86
50 89
50 90
50 91
50 92
50 93
50 96
50 98
50 99
50 100
50 101
50 102
50 103
50 104
50 109
50 110
50 111
50 112
50 114
50 115
50 119
50 129
50 131
50 132
50 134
50 137
50 140
50 144
50 145
50 148
50 163
50 168
50 170
50 171
50 173
50 174
50 175
50 176
50 179
50 184
50 187
50 191
50 200
50 203
50 207
50 210
50 212
50 219
50 229
50 231
50 238
50 242
50 244
50 251
50 252
50 255
50 257
50 260
50 263
50 265
50 268
50 274
50 283
50 286
50 291
50 294
50 298
50 269
51 52
51 53
51 55
51 56
51 57
51 58
51 64
51 65
51 66
51 67
51 68
51 69
51 71
51 73
51 74
51 75
51 76
51 81
51 83
51 85
51 86
51 87
51 88
51 91
51 92
51 95
51 96
51 98
51 99
51 101
51 102
51 103
51 104
51 109
51 112
51 113
51 114
51 115
51 116
51 120
51 122
51 126
51 132
51 144
51 147
51 154
51 155
51 160
51 161
51 162
51 164
51 174
51 177
51 178
51 181
51 183
51 185
51 193
51 196
51 209
51 212
51 217
51 218
51 230
51 233
51 235
51 245
51 247
51 253
51 256
51 257
51 260
51 264
51 271
51 282
51 283
51 287
51 290
51 189
52 53
52 54
52 55
52 56
52 57
52 61
52 62
52 64
52 65
52 67
52 68
52 69
52 70
52 71
52 72
52 75
52 76
52 81
52 82
52 83
52 87
52 88
52 91
52 92
52 93
52 94
52 98
52 99
52 100
52 104
52 105
52 106
52 108
52 112
52 115
52 120
52 121
52 123
52 125
52 130
52 132
52 133
52 138
52 139
52 143
52 148
52 150
52 151
52 157
52 158
52 165
52 166
52 168
52 170
52 177
52 178
52 179
52 183
52 185
52 189
52 190
52 191
52 193
52 196
52 197
52 199
52 211
52 212
52 214
52 217
52 219
52 223
52 224
52 225
52 228
52 232
52 239
52 251
52 256
52 257
52 258
52 260
52 262
52 264
52 266
52 267
52 275
52 276
52 278
52 282
52 283
52 296
52 299
52 118
53 54
53 55
53 60
53 61
53 62
53 63
53 64
53 66
53 67
53 68
53 72
53 73
53 75
53 77
53 80
53 83
53 92
53 94
53 95
53 98
53 99
53 102
53 106
53 109
53 110
53 111
53 113
53 116
53 121
53 123
53 125
53 129
53 133
53 134
53 135
53 138
53 142
53 149
53 158
53 163
53 171
53 174
53 176
53 177
53 179
53 181
53 183
53 185
53 190
53 192
53 193
53 197
53 198
53 207
53 217
53 230
53 244
53 255
53 263
53 268
53 269
53 282
53 284
53 295
53 296
53 122
54 55
54 57
54 58
54 59
54 61
54 62
54 64
54 65
54 66
54 67
54 68
54 69
54 70
54 74
54 75
54 76
54 80
54 81
54 83
54 85
54 87
54 90
54 91
54 92
54 102
54 103
54 104
54 105
54 107
54 109
54 110
54 114
54 115
54 116
54 119
54 126
54 131
54 132
54 136
54 137
54 138
54 139
54 147
54 151
54 153
54 154
54 155
54 157
54 159
54 160
54 172
54 173
54 176
54 179
54 184
54 189
54 191
54 194
54 195
54 201
54 202
54 203
54 206
54 207
54 211
54 212
54 217
54 219
54 222
54 229
54 232
54 235
54 237
54 248
54 262
54 267
54 268
54 277
54 284
55 56
55 57
55 58
55 59
55 61
55 62
55 63
55 68
55 73
55 74
55 75
55 76
55 79
55 84
55 85
55 89
55 90
55 93
55 94
55 95
55 96
55 97
55 101
55 107
55 115
55 118
55 122
55 123
55 126
55 129
55 130
55 135
55 136
55 139
55 150
55 151
55 156
55 158
55 161
55 163
55 164
55 169
55 171
55 172
55 175
55 176
55 177
55 185
55 197
55 206
55 207
55 208
55 217
55 223
55 229
55 230
55 231
55 233
55 241
55 243
55 244
55 249
55 258
55 260
55 265
55 269
55 270
55 280
55 281
55 283
55 284
55 289
55 290
55 292
55 293
55 299
55 87
56 57
56 58
56 59
56 60
56 61
56 62
56 63
56 64
56 65
56 66
56 69
56 70
56 73
56 76
56 77
56 81
56 83
56 85
56 86
56 91
56 94
56 95
56 101
56 106
56 107
56 108
56 110
56 113
56 114
56 122
56 124
56 126
56 127
56 131
56 142
56 143
56 145
56 147
56 151
56 155
56 156
56 162
56 165
56 167
56 171
56 175
56 176
56 177
56 178
56 179
56 181
56 182
56 184
56 186
56 187
56 189
56 191
56 193
56 194
56 196
56 201
56 202
56 203
56 204
56 206
56 211
56 214
56 220
56 224
56 225
56 228
56 230
56 240
56 241
56 251
56 254
56 260
56 266
56 273
56 274
56 275
56 279
56 281
56 286
56 291
56 295
57 59
57 60
57 61
57 65
57 69
57 71
57 72
57 74
57 75
57 76
57 79
57 80
57 81
57 86
57 87
57 89
57 94
57 95
57 97
57 100
57 101
57 103
57 111
57 115
57 116
57 118
57 130
57 132
57 139
57 148
57 152
57 157
57 158
57 160
57 167
57 176
57 178
57 182
57 188
57 198
57 202
57 203
57 205
57 209
57 210
57 212
57 218
57 220
57 224
57 232
57 234
57 239
57 243
57 245
57 247
57 249
57 253
57 262
57 265
57 267
57 268
57 270
57 272
57 274
57 286
57 287
57 289
57 292
57 299
57 77
58 61
58 66
58 73
58 74
58 75
58 76
58 77
58 78
58 80
58 81
58 82
58 84
58 86
58 87
58 90
58 95
58 101
58 105
58 108
58 109
58 111
58 117
58 118
58 119
58 122
58 123
58 124
58 126
58 133
58 134
58 137
58 139
58 140
58 141
58 144
58 145
58 148
58 155
58 156
58 157
58 158
58 160
58 161
58 171
58 175
58 183
58 212
58 217
58 224
58 229
58 230
58 236
58 237
58 241
58 246
58 250
58 255
58 256
58 258
58 260
58 267
58 274
58 282
58 296
58 215
58 252
59 61
59 70
59 71
59 72
59 74
59 75
59 76
59 79
59 81
59 85
59 87
59 89
59 93
59 94
59 95
59 96
59 98
59 99
59 103
59 104
59 112
59 114
59 119
59 120
59 121
59 122
59 123
59 124
59 130
59 133
59 135
59 142
59 143
59 145
59 172
59 174
59 175
59 183
59 192
59 193
59 197
59 198
59 200
59 204
59 205
59 217
59 218
59 226
59 233
59 241
59 247
59 248
59 249
59 258
59 263
59 266
59 269
59 270
59 273
59 274
59 278
59 288
59 290
59 296
60 63
60 67
60 68
60 70
60 71
60 72
60 73
60 74
60 78
60 80
60 81
60 82
60 83
60 86
60 87
60 90
60 92
60 93
60 94
60 95
60 101
60 104
60 108
60 110
60 111
60 112
60 113
60 115
60 117
60 124
60 126
60 130
60 131
60 134
60 135
60 136
60 138
60 144
60 151
60 155
60 156
60 158
60 161
60 162
60 168
60 170
60 173
60 175
60 185
60 187
60 198
60 203
60 211
60 215
60 242
60 243
60 250
60 252
60 253
60 263
60 264
60 265
60 267
60 269
60 271
60 274
60 275
60 276
60 282
60 285
60 294
60 296
60 297
60 299
60 120
60 176
61 63
61 64
61 65
61 70
61 71
61 72
61 76
61 82
61 88
61 92
61 93
61 94
61 102
61 104
61 106
61 120
61 125
61 130
61 134
61 136
61 141
61 148
61 156
61 162
61 163
61 165
61 167
61 178
61 180
61 181
61 184
61 185
61 186
61 195
61 201
61 215
61 224
61 225
61 226
61 227
61 237
61 239
61 241
61 244
61 250
61 254
61 264
61 272
61 274
61 276
61 277
61 285
61 290
61 296
62 63
62 64
62 66
62 68
62 69
62 70
62 71
62 74
62 75
62 85
62 90
62 91
62 93
62 94
62 96
62 98
62 104
62 110
62 121
62 122
62 129
62 138
62 156
62 158
62 165
62 166
62 169
62 173
62 179
62 182
62 187
62 195
62 205
62 208
62 213
62 225
62 240
62 254
62 264
62 265
62 276
62 285
62 286
62 289
63 64
63 66
63 67
63 69
63 70
63 71
63 72
63 75
63 76
63 77
63 78
63 79
63 80
63 92
63 93
63 96
63 99
63 102
63 110
63 115
63 123
63 129
63 130
63 131
63 140
63 141
63 142
63 145
63 146
63 149
63 150
63 153
63 155
63 162
63 163
63 170
63 175
63 178
63 180
63 183
63 192
63 194
63 195
63 199
63 200
63 202
63 206
63 210
63 219
63 225
63 234
63 242
63 261
63 280
63 282
63 284
63 288
63 289
63 292
63 293
64 66
64 67
64 69
64 70
64 72
64 78
64 80
64 82
64 87
64 89
64 92
64 93
64 97
64 105
64 106
64 119
64 120
64 121
64 124
64 127
64 131
64 134
64 140
64 142
64 146
64 152
64 155
64 158
64 160
64 165
64 173
64 178
64 186
64 189
64 199
64 211
64 212
64 213
64 215
64 217
64 228
64 230
64 231
64 244
64 247
64 252
64 257
64 263
64 269
64 272
64 280
64 287
64 288
64 291
64 292
64 201
65 68
65 71
65 72
65 78
65 84
65 85
65 86
65 91
65 93
65 96
65 99
65 100
65 108
65 109
65 111
65 112
65 115
65 119
65 120
65 126
65 133
65 135
65 136
65 138
65 139
65 155
65 161
65 173
65 192
65 204
65 216
65 223
65 234
65 242
65 247
65 269
65 270
65 271
65 278
65 288
65 292
65 293
66 69
66 73
66 75
66 76
66 77
66 78
66 79
66 80
66 82
66 84
66 86
66 89
66 92
66 93
66 97
66 99
66 114
66 117
66 118
66 123
66 126
66 129
66 130
66 132
66 133
66 137
66 147
66 148
66 167
66 169
66 174
66 176
66 181
66 183
66 187
66 201
66 202
66 204
66 214
66 217
66 220
66 224
66 227
66 230
66 245
66 253
66 258
66 272
66 275
66 282
67 68
67 70
67 74
67 76
67 78
67 80
67 83
67 86
67 87
67 93
67 98
67 100
67 103
67 105
67 107
67 110
67 112
67 113
67 115
67 123
67 127
67 137
67 149
67 152
67 153
67 155
67 169
67 171
67 172
67 173
67 175
67 214
67 215
67 220
67 228
67 233
67 246
67 250
67 269
67 273
67 292
67 296
67 297
67 298
68 70
68 74
68 76
68 84
68 86
68 88
68 89
68 91
68 95
68 98
68 100
68 101
68 107
68 109
68 111
68 113
68 115
68 118
68 120
68 122
68 123
68 125
68 126
68 128
68 130
68 131
68 133
68 134
68 135
68 136
68 139
68 140
68 143
68 146
68 148
68 149
68 152
68 153
68 155
68 156
68 159
68 162
68 174
68 177
68 179
68 184
68 191
68 194
68 196
68 199
68 200
68 201
68 202
68 207
68 209
68 213
68 216
68 218
68 219
68 223
68 225
68 227
68 233
68 243
68 247
68 253
68 257
68 267
68 272
68 278
68 279
68 281
68 282
68 283
68 99
68 231
69 70
69 73
69 75
69 76
69 78
69 85
69 89
69 93
69 95
69 96
69 97
69 100
69 107
69 120
69 126
69 129
69 130
69 135
69 136
69 142
69 149
69 150
69 151
69 152
69 157
69 158
69 164
69 169
69 172
69 176
69 181
69 182
69 183
69 206
69 208
69 210
69 222
69 223
69 224
69 226
69 234
69 240
69 243
69 245
69 248
69 249
69 251
69 266
69 267
69 277
69 284
69 285
69 232
70 71
70 73
70 77
70 78
70 80
70 83
70 84
70 85
70 98
70 100
70 102
70 104
70 105
70 106
70 108
70 109
70 110
70 112
70 113
70 123
70 133
70 136
70 137
70 144
70 148
70 152
70 160
70 161
70 167
70 169
70 171
70 172
70 176
70 186
70 192
70 199
70 209
70 213
70 223
70 225
70 228
70 240
70 241
70 242
70 243
70 254
70 271
70 275
70 285
70 287
70 288
70 201
70 129
71 77
71 80
71 91
71 94
71 99
71 102
71 103
71 117
71 124
71 126
71 133
71 136
71 140
71 153
71 154
71 159
71 162
71 171
71 176
71 177
71 189
71 192
71 201
71 202
71 210
71 220
71 222
71 234
71 237
71 246
71 249
71 262
71 270
71 272
71 274
71 283
71 289
71 203
72 74
72 77
72 79
72 80
72 83
72 84
72 85
72 88
72 95
72 98
72 101
72 104
72 105
72 107
72 109
72 113
72 115
72 118
72 121
72 128
72 129
72 133
72 143
72 149
72 151
72 153
72 157
72 158
72 160
72 161
72 165
72 167
72 168
72 171
72 176
72 179
72 180
72 186
72 193
72 194
72 198
72 199
72 204
72 208
72 215
72 217
72 218
72 220
72 223
72 232
72 237
72 244
72 246
72 248
72 255
72 258
72 264
72 276
72 278
72 280
72 284
72 285
72 286
72 292
72 293
72 297
72 82
73 74
73 79
73 84
73 86
73 87
73 89
73 91
73 92
73 96
73 99
73 103
73 105
73 107
73 108
73 109
73 120
73 121
73 122
73 133
73 135
73 140
73 142
73 144
73 147
73 150
73 159
73 162
73 165
73 166
73 176
73 193
73 208
73 217
73 218
73 236
73 237
73 242
73 244
73 250
73 257
73 265
73 269
73 271
73 272
73 277
73 279
73 289
73 290
73 292
74 75
74 77
74 80
74 84
74 86
74 88
74 92
74 94
74 96
74 100
74 101
74 103
74 104
74 107
74 108
74 114
74 115
74 117
74 118
74 121
74 125
74 130
74 141
74 142
74 146
74 150
74 157
74 162
74 163
74 171
74 175
74 177
74 178
74 181
74 185
74 188
74 189
74 197
74 203
74 204
74 207
74 208
74 214
74 220
74 221
74 227
74 228
74 229
74 254
74 257
74 258
74 269
74 271
74 278
74 280
74 293
74 294
74 111
75 76
75 78
75 86
75 91
75 92
75 93
75 96
75 99
75 100
75 103
75 110
75 111
75 113
75 120
75 129
75 132
75 133
75 139
75 140
75 145
75 158
75 164
75 167
75 180
75 188
75 194
75 203
75 205
75 240
75 246
75 254
75 263
75 264
75 272
75 283
75 285
75 117
76 81
76 85
76 89
76 92
76 95
76 96
76 98
76 99
76 106
76 111
76 113
76 117
76 123
76 126
76 130
76 132
76 135
76 142
76 151
76 159
76 161
76 169
76 185
76 187
76 193
76 195
76 201
76 202
76 205
76 224
76 234
76 242
76 246
76 248
76 249
76 251
76 261
76 262
76 266
76 269
76 277
76 283
76 295
76 82
77 78
77 79
77 82
77 84
77 88
77 89
77 93
77 95
77 102
77 105
77 106
77 108
77 111
77 123
77 139
77 145
77 148
77 154
77 155
77 156
77 158
77 165
77 166
77 170
77 179
77 180
77 182
77 185
77 189
77 191
77 203
77 208
77 218
77 221
77 223
77 235
77 239
77 241
77 243
77 244
77 253
77 257
77 272
77 285
77 287
77 288
77 297
78 83
78 108
78 109
78 112
78 116
78 118
78 126
78 128
78 131
78 132
78 134
78 135
78 143
78 144
78 151
78 154
78 163
78 165
78 169
78 173
78 175
78 181
78 184
78 192
78 194
78 195
78 199
78 206
78 207
78 213
78 219
78 233
78 234
78 237
78 248
78 252
78 256
78 259
78 260
78 263
78 264
78 267
78 276
78 290
78 291
79 81
79 83
79 87
79 89
79 91
79 92
79 93
79 100
79 101
79 102
79 103
79 104
79 107
79 113
79 114
79 117
79 124
79 125
79 126
79 132
79 134
79 138
79 139
79 141
79 150
79 163
79 170
79 173
79 178
79 191
79 197
79 201
79 207
79 208
79 212
79 214
79 237
79 240
79 244
79 253
79 261
79 279
79 283
79 171
80 86
80 90
80 96
80 98
80 100
80 101
80 105
80 112
80 120
80 121
80 125
80 130
80 141
80 142
80 147
80 158
80 172
80 193
80 196
80 213
80 218
80 226
80 229
80 242
80 248
80 253
80 258
80 260
80 276
80 283
80 249
80 216
81 90
81 91
81 97
81 103
81 108
81 109
81 116
81 121
81 124
81 125
81 126
81 134
81 135
81 137
81 138
81 140
81 147
81 149
81 153
81 154
81 162
81 166
81 169
81 172
81 180
81 189
81 196
81 208
81 209
81 226
81 239
81 240
81 245
81 254
81 256
81 280
81 283
81 285
81 288
81 289
81 294
81 295
81 161
81 102
82 83
82 85
82 88
82 92
82 98
82 99
82 100
82 132
82 138
82 159
82 163
82 166
82 168
82 176
82 184
82 185
82 186
82 190
82 191
82 198
82 199
82 214
82 222
82 224
82 234
82 237
82 245
82 250
82 266
82 267
82 279
82 170
82 218
83 84
83 86
83 87
83 92
83 97
83 105
83 106
83 114
83 115
83 117
83 119
83 122
83 126
83 131
83 134
83 139
83 145
83 153
83 157
83 164
83 166
83 170
83 193
83 198
83 204
83 207
83 208
83 215
83 219
83 229
83 231
83 236
83 237
83 246
83 248
83 257
83 258
83 264
83 275
83 276
83 282
83 285
83 288
83 291
83 175
84 87
84 88
84 90
84 92
84 94
84 96
84 102
84 103
84 106
84 112
84 113
84 115
84 116
84 117
84 122
84 125
84 130
84 131
84 132
84 134
84 138
84 156
84 158
84 161
84 164
84 165
84 169
84 170
84 175
84 184
84 188
84 189
84 191
84 193
84 196
84 197
84 203
84 204
84 239
84 241
84 244
84 254
84 256
84 271
84 272
84 273
84 287
84 291
84 299
84 118
85 91
85 97
85 98
85 99
85 100
85 101
85 104
85 107
85 108
85 119
85 125
85 127
85 136
85 137
85 140
85 142
85 143
85 147
85 151
85 152
85 153
85 155
85 158
85 188
85 189
85 195
85 214
85 215
85 217
85 222
85 225
85 228
85 232
85 245
85 250
85 252
85 262
85 265
85 266
85 270
85 273
85 278
85 281
85 298
85 205
86 87
86 88
86 91
86 97
86 99
86 102
86 105
86 120
86 125
86 149
86 165
86 166
86 175
86 176
86 180
86 183
86 186
86 188
86 193
86 197
86 205
86 212
86 219
86 225
86 229
86 230
86 236
86 237
86 254
86 281
86 294
87 90
87 94
87 95
87 102
87 103
87 110
87 112
87 116
87 120
87 135
87 136
87 138
87 139
87 140
87 141
87 142
87 147
87 149
87 151
87 153
87 154
87 157
87 165
87 175
87 182
87 190
87 191
87 194
87 197
87 198
87 199
87 201
87 204
87 214
87 215
87 221
87 223
87 227
87 236
87 240
87 241
87 242
87 265
87 271
87 281
87 284
87 288
87 289
87 290
87 296
88 90
88 104
88 106
88 109
88 110
88 111
88 118
88 123
88 124
88 127
88 131
88 139
88 145
88 148
88 162
88 164
88 172
88 173
88 177
88 183
88 190
88 193
88 198
88 200
88 203
88 204
88 216
88 230
88 237
88 245
88 261
88 262
88 264
88 271
88 273
88 277
88 287
88 299
88 213
89 92
89 108
89 117
89 118
89 131
89 140
89 144
89 151
89 152
89 165
89 167
89 168
89 170
89 172
89 178
89 193
89 210
89 215
89 217
89 221
89 222
89 237
89 246
89 248
89 262
89 264
89 267
89 269
89 276
89 285
89 293
89 91
90 98
90 103
90 106
90 107
90 108
90 109
90 113
90 117
90 118
90 130
90 133
90 139
90 141
90 154
90 159
90 160
90 173
90 180
90 181
90 188
90 194
90 201
90 203
90 205
90 214
90 217
90 233
90 234
90 242
90 257
90 259
90 261
90 276
90 277
90 278
90 288
90 289
90 297
90 143
91 95
91 96
91 102
91 107
91 110
91 111
91 114
91 119
91 122
91 125
91 129
91 131
91 140
91 143
91 146
91 149
91 150
91 158
91 159
91 161
91 169
91 176
91 181
91 186
91 187
91 189
91 192
91 197
91 198
91 205
91 209
91 233
91 241
91 248
91 264
91 292
91 298
92 93
92 95
92 96
92 103
92 104
92 106
92 107
92 108
92 110
92 111
92 117
92 124
92 127
92 130
92 131
92 135
92 137
92 142
92 143
92 147
92 149
92 152
92 157
92 160
92 163
92 169
92 173
92 174
92 181
92 183
92 186
92 189
92 191
92 203
92 218
92 220
92 230
92 233
92 236
92 238
92 247
92 248
92 259
92 268
92 273
92 277
92 280
92 297
92 198
93 99
93 110
93 111
93 117
93 119
93 120
93 133
93 140
93 141
93 142
93 146
93 154
93 160
93 165
93 169
93 170
93 190
93 192
93 200
93 221
93 227
93 241
93 246
93 252
93 255
93 259
93 274
93 242
94 96
94 99
94 105
94 112
94 114
94 117
94 119
94 120
94 121
94 125
94 129
94 130
94 131
94 138
94 139
94 143
94 149
94 158
94 166
94 167
94 178
94 180
94 186
94 190
94 193
94 196
94 200
94 204
94 206
94 212
94 213
94 214
94 218
94 222
94 227
94 228
94 239
94 244
94 259
94 280
94 283
95 96
95 97
95 102
95 104
95 114
95 117
95 160
95 172
95 178
95 185
95 186
95 196
95 198
95 201
95 202
95 211
95 216
95 225
95 231
95 233
95 236
95 243
95 251
95 259
95 268
95 270
95 273
95 281
95 288
95 289
96 98
96 101
96 108
96 109
96 111
96 116
96 119
96 121
96 122
96 126
96 127
96 130
96 138
96 140
96 142
96 143
96 144
96 152
96 153
96 155
96 156
96 159
96 169
96 174
96 182
96 196
96 202
96 203
96 210
96 219
96 222
96 234
96 242
96 252
96 254
96 261
96 266
96 274
96 275
96 278
96 279
96 285
96 293
97 98
97 99
97 101
97 104
97 107
97 112
97 113
97 115
97 117
97 121
97 123
97 124
97 127
97 128
97 131
97 133
97 135
97 141
97 152
97 158
97 161
97 163
97 165
97 167
97 173
97 177
97 182
97 190
97 192
97 200
97 201
97 225
97 242
97 243
97 245
97 268
97 278
97 279
97 281
97 287
97 294
98 102
98 105
98 108
98 109
98 112
98 115
98 120
98 125
98 126
98 143
98 145
98 146
98 162
98 168
98 172
98 174
98 175
98 178
98 186
98 187
98 190
98 202
98 206
98 207
98 212
98 214
98 215
98 217
98 221
98 226
98 228
98 235
98 242
98 249
98 250
98 261
98 264
98 269
98 276
98 298
98 299
99 114
99 118
99 121
99 123
99 128
99 135
99 137
99 144
99 147
99 152
99 154
99 162
99 168
99 174
99 184
99 185
99 186
99 197
99 204
99 208
99 214
99 216
99 226
99 229
99 235
99 238
99 249
99 259
99 262
99 267
99 278
99 287
100 104
100 112
100 114
100 143
100 148
100 163
100 166
100 172
100 173
100 187
100 200
100 201
100 206
100 212
100 215
100 223
100 231
100 232
100 241
100 244
100 250
100 259
100 264
100 269
100 270
100 288
100 289
100 294
100 295
100 298
100 159
101 108
101 111
101 112
101 113
101 114
101 123
101 125
101 139
101 141
101 143
101 149
101 150
101 159
101 161
101 183
101 185
101 186
101 192
101 200
101 206
101 208
101 228
101 231
101 238
101 250
101 256
101 260
101 266
101 270
101 299
102 103
102 104
102 107
102 115
102 122
102 125
102 126
102 127
102 134
102 145
102 149
102 150
102 162
102 166
102 170
102 174
102 192
102 193
102 199
102 200
102 215
102 228
102 233
102 236
102 239
102 248
102 258
102 261
102 282
102 294
103 105
103 106
103 112
103 115
103 116
103 120
103 126
103 128
103 132
103 137
103 138
103 141
103 148
103 152
103 154
103 172
103 178
103 183
103 184
103 189
103 204
103 208
103 240
103 241
103 259
103 281
103 282
103 285
103 297
104 109
104 112
104 114
104 134
104 136
104 145
104 147
104 153
104 163
104 171
104 177
104 181
104 185
104 191
104 195
104 209
104 213
104 231
104 235
104 240
104 242
104 254
104 255
104 270
104 276
104 299
104 196
105 106
105 107
105 109
105 137
105 145
105 146
105 153
105 154
105 156
105 157
105 165
105 166
105 178
105 185
105 205
105 219
105 221
105 224
105 230
105 232
105 235
105 241
105 254
105 256
105 258
105 265
105 281
105 287
105 289
106 110
106 118
106 121
106 127
106 129
106 136
106 138
106 141
106 147
106 148
106 149
106 159
106 160
106 164
106 170
106 173
106 175
106 176
106 194
106 195
106 196
106 200
106 202
106 213
106 219
106 223
106 224
106 227
106 228
106 240
106 260
106 274
106 277
106 279
106 287
106 288
106 291
106 294
106 295
106 298
106 225
107 112
107 114
107 121
107 123
107 125
107 132
107 135
107 136
107 151
107 153
107 159
107 160
107 162
107 170
107 192
107 203
107 211
107 215
107 223
107 225
107 233
107 239
107 250
107 268
107 269
108 113
108 124
108 131
108 133
108 136
108 141
108 151
108 152
108 155
108 157
108 169
108 174
108 196
108 203
108 212
108 235
108 241
108 242
108 264
108 268
108 272
108 281
108 284
108 293
108 295
108 258
109 117
109 122
109 123
109 125
109 129
109 131
109 135
109 137
109 139
109 174
109 177
109 184
109 197
109 199
109 205
109 219
109 220
109 238
109 270
109 278
109 283
109 194
110 117
110 119
110 122
110 128
110 131
110 138
110 146
110 147
110 155
110 157
110 161
110 163
110 164
110 195
110 198
110 201
110 212
110 218
110 229
110 231
110 240
110 243
110 272
110 280
110 287
110 288
110 140
110 255
111 115
111 116
111 119
111 124
111 127
111 140
111 151
111 156
111 158
111 167
111 168
111 170
111 175
111 182
111 184
111 201
111 202
111 203
111 209
111 214
111 215
111 218
111 222
111 224
111 245
111 260
111 262
111 265
111 280
111 282
111 284
111 290
111 195
111 159
112 116
112 117
112 124
112 127
112 128
112 130
112 136
112 155
112 161
112 172
112 181
112 182
112 183
112 188
112 204
112 206
112 219
112 220
112 223
112 230
112 246
112 258
112 259
112 263
112 279
112 280
112 288
112 292
112 296
113 116
113 119
113 120
113 127
113 137
113 139
113 144
113 148
113 163
113 165
113 175
113 181
113 186
113 197
113 206
113 214
113 255
113 266
113 273
113 286
113 294
113 298
114 120
114 127
114 129
114 130
114 133
114 134
114 141
114 142
114 144
114 148
114 152
114 154
114 156
114 160
114 164
114 169
114 171
114 175
114 189
114 192
114 205
114 211
114 219
114 237
114 247
114 253
114 255
114 264
114 282
114 286
114 293
114 124
115 116
115 117
115 128
115 138
115 144
115 145
115 159
115 164
115 167
115 179
115 180
115 183
115 189
115 191
115 192
115 196
115 197
115 202
115 203
115 211
115 250
115 254
115 255
115 257
115 267
115 271
115 274
115 278
115 283
115 290
115 299
115 165
116 118
116 119
116 124
116 133
116 137
116 147
116 153
116 154
116 157
116 167
116 171
116 172
116 173
116 174
116 179
116 180
116 182
116 189
116 197
116 202
116 207
116 218
116 226
116 231
116 243
116 247
116 261
116 264
116 266
116 285
116 291
116 293
116 297
116 220
117 132
117 137
117 139
117 140
117 141
117 142
117 146
117 148
117 156
117 159
117 160
117 163
117 165
117 171
117 173
117 182
117 197
117 203
117 213
117 223
117 231
117 249
117 250
117 262
117 263
117 271
117 282
117 292
117 297
117 177
117 152
118 124
118 125
118 128
118 138
118 142
118 145
118 150
118 157
118 159
118 162
118 166
118 167
118 184
118 186
118 188
118 202
118 212
118 222
118 225
118 229
118 233
118 239
118 240
118 241
118 253
118 257
118 291
118 292
119 131
119 141
119 145
119 146
119 149
119 150
119 163
119 184
119 195
119 216
119 223
119 240
119 242
119 245
119 247
119 260
119 263
119 272
119 280
119 288
119 292
119 295
120 121
120 126
120 134
120 138
120 144
120 147
120 158
120 171
120 172
120 181
120 187
120 194
120 208
120 224
120 236
120 237
120 246
120 258
120 259
120 262
120 278
120 285
120 296
121 122
121 126
121 131
121 136
121 140
121 141
121 146
121 154
121 156
121 199
121 231
121 233
121 238
121 241
121 243
121 256
121 273
121 277
121 285
121 289
121 293
121 296
122 124
122 134
122 137
122 144
122 145
122 146
122 148
122 152
122 157
122 166
122 168
122 175
122 185
122 189
122 205
122 208
122 209
122 214
122 218
122 220
122 222
122 225
122 228
122 243
122 251
122 257
122 260
122 263
122 277
122 278
122 296
122 219
123 125
123 132
123 134
123 142
123 149
123 155
123 157
123 167
123 175
123 190
123 201
123 216
123 225
123 229
123 231
123 252
123 253
123 257
123 264
123 273
123 275
123 278
123 288
123 290
123 291
123 294
123 295
123 299
123 260
123 298
124 128
124 131
124 137
124 141
124 147
124 150
124 156
124 158
124 163
124 167
124 170
124 174
124 177
124 185
124 187
124 189
124 191
124 192
124 194
124 206
124 207
124 215
124 220
124 221
124 223
124 226
124 239
124 244
124 247
124 261
124 270
124 289
124 292
124 296
124 299
125 138
125 143
125 147
125 151
125 153
125 161
125 162
125 168
125 169
125 198
125 199
125 200
125 207
125 226
125 231
125 235
125 241
125 245
125 251
125 252
125 255
125 262
125 269
125 270
125 274
125 280
126 132
126 135
126 137
126 148
126 150
126 154
126 159
126 160
126 164
126 165
126 174
126 183
126 188
126 191
126 196
126 198
126 206
126 210
126 212
126 221
126 225
126 226
126 228
126 230
126 234
126 238
126 239
126 245
126 272
126 277
126 297
126 140
127 136
127 141
127 145
127 170
127 177
127 179
127 191
127 202
127 214
127 235
127 240
127 246
127 266
127 272
127 277
127 278
127 299
128 132
128 148
128 150
128 151
128 163
128 167
128 179
128 188
128 195
128 199
128 210
128 212
128 220
128 222
128 223
128 231
128 241
128 247
128 248
128 262
128 263
128 276
128 278
128 286
128 292
129 138
129 151
129 157
129 161
129 169
129 171
129 174
129 178
129 185
129 192
129 195
129 203
129 205
129 212
129 219
129 230
129 246
129 249
129 258
129 262
129 267
129 278
129 288
129 289
129 296
130 144
130 146
130 149
130 151
130 155
130 156
130 164
130 168
130 182
130 184
130 190
130 197
130 198
130 207
130 209
130 216
130 218
130 238
130 245
130 250
130 257
130 266
130 269
130 270
130 277
130 278
130 284
130 294
131 151
131 152
131 154
131 180
131 181
131 185
131 201
131 208
131 211
131 212
131 213
131 219
131 221
131 223
131 234
131 244
131 248
131 280
131 293
132 145
132 153
132 155
132 164
132 168
132 172
132 186
132 193
132 200
132 209
132 210
132 223
132 224
132 232
132 245
132 247
132 252
132 261
132 262
132 275
133 147
133 155
133 160
133 163
133 165
133 169
133 175
133 178
133 181
133 183
133 188
133 196
133 197
133 201
133 207
133 213
133 215
133 220
133 232
133 239
133 245
133 249
133 251
133 254
133 257
133 262
133 268
133 269
133 285
133 295
133 204
134 135
134 136
134 150
134 153
134 157
134 184
134 187
134 194
134 208
134 209
134 211
134 213
134 217
134 227
134 246
134 256
134 271
134 286
134 289
134 292
135 136
135 139
135 141
135 148
135 153
135 164
135 166
135 170
135 180
135 185
135 196
135 200
135 206
135 214
135 230
135 275
135 299
136 137
136 143
136 144
136 146
136 164
136 175
136 177
136 192
136 202
136 211
136 213
136 216
136 222
136 223
136 235
136 252
136 289
136 291
136 237
137 142
137 143
137 144
137 146
137 150
137 151
137 155
137 163
137 166
137 170
137 173
137 199
137 204
137 218
137 221
137 227
137 235
137 247
137 270
137 273
137 277
138 150
138 210
138 225
138 227
138 232
138 245
138 265
138 269
138 286
138 294
138 298
139 140
139 157
139 158
139 172
139 183
139 192
139 196
139 203
139 218
139 220
139 234
139 235
139 246
139 253
139 255
139 259
139 271
139 276
139 290
139 292
140 142
140 145
140 146
140 156
140 157
140 163
140 165
140 173
140 185
140 191
140 216
140 229
140 236
140 242
140 243
140 262
140 263
140 267
140 271
140 274
140 276
140 279
140 288
140 293
141 145
141 147
141 161
141 166
141 175
141 183
141 186
141 200
141 204
141 212
141 213
141 223
141 224
141 236
141 239
141 254
141 269
141 270
141 274
141 279
141 286
141 287
141 295
141 243
141 162
142 143
142 155
142 200
142 201
142 219
142 239
142 242
142 248
142 260
142 264
142 287
142 291
143 152
143 172
143 201
143 205
143 213
143 216
143 220
143 226
143 231
143 232
143 251
143 254
143 255
143 261
143 283
143 291
143 293
143 297
143 299
144 148
144 150
144 167
144 169
144 177
144 178
144 181
144 182
144 187
144 188
144 191
144 192
144 208
144 216
144 224
144 228
144 231
144 232
144 233
144 239
144 247
144 254
144 269
144 270
144 291
144 230
145 146
145 151
145 168
145 171
145 178
145 179
145 210
145 216
145 221
145 295
146 155
146 158
146 159
146 163
146 167
146 180
146 184
146 187
146 188
146 199
146 204
146 210
146 221
146 223
146 225
146 232
146 236
146 248
146 256
146 287
146 178
147 172
147 173
147 193
147 194
147 195
147 206
147 209
147 213
147 233
147 244
147 250
147 298
147 242
148 149
148 161
148 168
148 169
148 190
148 191
148 195
148 216
148 238
148 247
148 251
148 255
148 263
148 280
148 287
148 292
148 293
149 150
149 153
149 155
149 158
149 164
149 177
149 201
149 211
149 215
149 216
149 221
149 222
149 224
149 226
149 233
149 247
149 250
149 262
149 263
150 157
150 168
150 171
150 175
150 185
150 189
150 190
150 200
150 201
150 226
150 227
150 232
150 264
150 265
150 268
150 279
150 288
150 291
151 153
151 155
151 164
151 170
151 190
151 195
151 198
151 203
151 205
151 207
151 209
151 210
151 213
151 216
151 221
151 222
151 224
151 231
151 236
151 237
151 253
151 256
151 269
151 274
151 276
151 285
151 278
152 156
152 159
152 168
152 175
152 180
152 184
152 195
152 208
152 210
152 226
152 241
152 243
152 244
152 252
152 256
152 257
152 266
152 276
152 287
152 289
153 159
153 160
153 165
153 166
153 184
153 189
153 221
153 237
153 240
153 242
153 243
153 251
153 284
154 161
154 162
154 176
154 177
154 179
154 187
154 190
154 196
154 202
154 209
154 211
154 213
154 216
154 223
154 241
154 248
154 266
154 276
154 291
155 168
155 169
155 176
155 186
155 189
155 192
155 193
155 195
155 204
155 218
155 219
155 229
155 230
155 243
155 257
155 265
155 275
155 283
155 286
155 290
155 157
156 159
156 181
156 188
156 198
156 199
156 203
156 227
156 228
156 236
156 238
156 245
156 281
156 289
156 295
156 280
157 159
157 168
157 169
157 172
157 176
157 177
157 178
157 203
157 216
157 228
157 252
157 268
157 273
157 286
157 291
157 297
158 166
158 179
158 183
158 190
158 191
158 197
158 199
158 224
158 236
158 253
158 255
158 262
158 275
158 290
158 291
158 293
158 299
159 168
159 178
159 203
159 207
159 215
159 217
159 226
159 230
159 232
159 245
159 247
159 258
159 259
159 279
159 285
159 295
159 298
160 162
160 167
160 169
160 179
160 184
160 194
160 209
160 243
160 248
160 249
160 253
160 261
160 275
160 279
160 281
160 287
160 295
161 170
161 171
161 179
161 180
161 181
161 182
161 188
161 190
161 197
161 199
161 220
161 235
161 251
161 261
161 266
161 295
162 164
162 172
162 177
162 191
162 205
162 228
162 235
162 239
162 256
162 258
162 259
162 269
162 283
162 287
162 288
162 279
163 178
163 180
163 188
163 200
163 204
163 205
163 222
163 228
163 247
163 250
163 251
163 256
163 281
164 169
164 173
164 174
164 177
164 187
164 201
164 211
164 213
164 217
164 225
164 232
164 252
164 276
164 283
164 296
164 299
165 185
165 190
165 203
165 212
165 215
165 222
165 223
165 238
165 239
165 242
165 244
165 249
165 265
165 281
165 294
166 167
166 170
166 186
166 195
166 198
166 201
166 206
166 225
166 229
166 238
166 242
166 254
166 264
166 269
166 277
166 281
166 291
166 299
167 169
167 171
167 206
167 221
167 243
167 252
167 271
167 272
167 278
167 279
167 293
168 177
168 183
168 188
168 210
168 213
168 235
168 239
168 248
168 258
169 176
169 187
169 213
169 218
169 222
169 231
169 232
169 238
169 253
169 261
169 283
169 295
169 298
169 284
170 194
170 204
170 218
170 232
170 247
170 268
171 215
171 218
171 221
171 222
171 233
171 239
171 250
171 267
171 291
171 293
171 294
171 206
171 238
172 189
172 191
172 192
172 193
172 217
172 234
172 244
172 249
172 263
172 264
172 298
173 205
173 216
173 217
173 218
173 233
173 244
173 248
173 249
173 267
173 274
173 279
173 283
173 287
173 271
174 182
174 184
174 198
174 209
174 211
174 218
174 222
174 235
174 241
174 244
174 254
174 266
174 286
174 294
175 181
175 190
175 206
175 239
175 252
175 267
175 280
175 282
175 299
176 178
176 182
176 192
176 214
176 222
176 228
176 246
176 250
176 256
176 262
176 280
176 294
176 299
177 204
177 211
177 228
177 243
177 266
177 268
177 275
177 294
178 190
178 195
178 208
178 216
178 239
178 240
178 246
178 247
178 249
178 253
178 266
178 270
178 275
178 296
178 274
179 188
179 193
179 197
179 198
179 199
179 204
179 211
179 236
179 239
179 241
179 249
179 255
179 274
179 291
179 297
180 196
180 205
180 207
180 220
180 257
180 261
180 270
180 273
180 275
180 282
180 296
180 227
181 191
181 192
181 196
181 207
181 210
181 220
181 221
181 229
181 233
181 260
181 267
181 270
181 290
181 298
181 273
182 192
182 211
182 212
182 276
182 284
182 287
182 293
182 299
183 189
183 191
183 192
183 194
183 199
183 206
183 224
183 235
183 244
183 249
183 275
183 276
183 280
184 207
184 212
184 220
184 221
184 238
184 253
184 258
184 261
184 264
184 283
184 297
185 195
185 197
185 207
185 216
185 221
185 234
185 257
185 265
185 267
185 268
185 270
185 275
185 278
185 286
185 256
186 187
186 191
186 194
186 202
186 220
186 227
186 232
186 240
186 262
186 265
186 296
187 193
187 209
187 230
187 232
187 236
187 240
187 243
187 275
187 276
187 279
187 283
187 289
188 200
188 246
188 249
188 257
188 271
188 274
189 191
189 235
189 237
189 238
189 255
189 273
189 275
190 196
190 207
190 219
190 221
190 222
190 237
190 250
190 254
190 265
190 272
190 281
191 209
191 226
191 236
191 256
191 275
191 292
192 194
192 202
192 227
192 247
192 253
192 261
192 267
192 276
192 279
192 295
193 200
193 204
193 228
193 237
193 242
193 243
193 249
193 262
193 271
193 282
193 196
194 209
194 217
194 220
194 225
194 230
194 236
194 256
194 263
194 268
194 282
194 284
194 257
195 197
195 215
195 232
195 237
195 240
195 245
195 261
195 277
196 205
196 222
196 258
196 265
196 277
196 287
196 290
196 291
196 299
197 265
197 277
198 202
198 224
198 246
198 289
199 206
199 223
199 225
199 237
199 273
199 274
199 284
199 289
199 294
199 297
200 202
200 205
200 246
200 248
200 262
200 264
201 204
201 206
201 219
201 233
201 234
201 245
201 249
201 257
201 274
201 278
201 296
202 207
202 219
202 227
202 235
202 244
202 249
202 250
202 256
202 258
202 265
202 282
202 285
203 205
203 210
203 213
203 216
203 217
203 224
203 228
203 229
203 230
203 240
203 252
203 263
203 277
203 280
203 281
203 284
204 210
204 220
204 223
204 236
204 244
204 259
204 272
204 291
204 295
204 297
205 210
205 250
205 252
205 261
205 279
206 215
206 219
206 224
206 261
206 263
206 268
206 296
207 219
207 231
207 242
207 247
207 274
207 266
208 211
208 212
208 218
208 223
208 228
208 234
208 235
208 241
208 248
208 251
208 295
209 223
209 236
209 246
209 248
209 263
209 265
209 267
209 272
209 284
209 295
209 244
210 213
210 220
210 239
210 282
210 285
210 286
210 289
210 291
211 214
211 222
211 229
211 234
211 242
211 250
211 251
211 291
211 293
212 219
212 246
212 248
212 259
212 284
212 292
213 249
213 260
214 215
214 221
214 230
214 241
214 275
214 284
214 261
215 216
215 229
215 236
215 256
215 258
215 269
215 271
215 281
216 218
216 243
216 248
216 250
216 268
216 271
216 273
216 284
216 297
217 234
217 240
217 243
217 249
217 250
217 271
217 277
217 281
217 290
218 237
218 240
218 259
218 264
218 277
218 283
219 221
219 227
219 233
219 235
219 263
219 273
219 281
219 285
219 296
220 248
220 260
220 273
220 276
220 290
220 291
220 299
221 230
221 238
221 240
221 251
221 263
221 271
221 277
221 278
221 275
222 233
222 247
222 284
222 296
222 297
222 298
223 230
223 234
223 262
223 285
223 287
224 231
224 235
224 243
224 254
224 264
224 266
224 287
224 290
224 294
224 249
225 226
225 228
225 232
225 233
225 234
225 236
225 255
225 271
225 273
225 280
225 286
225 230
226 227
226 242
226 254
227 251
227 257
227 279
227 292
227 298
227 299
228 289
228 247
229 231
229 272
229 288
229 294
230 231
230 234
230 265
230 270
230 271
230 272
230 273
230 275
230 281
231 239
231 252
231 273
231 276
231 293
232 259
232 274
233 240
233 246
233 249
233 251
233 269
233 285
234 261
234 286
234 299
235 256
235 260
235 263
236 250
236 254
236 256
236 266
237 271
237 272
237 286
237 299
238 264
238 266
238 288
239 241
239 246
239 250
239 256
239 259
239 263
239 285
239 297
239 298
240 245
240 258
240 280
240 281
240 296
241 252
241 253
241 261
241 275
241 286
241 247
242 249
242 255
242 259
242 267
242 279
242 293
242 297
243 255
243 273
243 285
244 271
245 280
245 272
246 297
247 248
247 255
247 258
247 259
247 268
247 275
247 292
247 295
248 282
248 287
248 289
249 259
249 268
249 294
250 258
251 260
251 267
251 268
251 283
252 290
252 294
252 295
252 298
253 254
253 265
253 279
253 280
253 286
253 256
254 269
254 276
254 280
254 286
255 267
255 297
256 259
256 261
256 262
256 285
256 286
256 292
256 295
257 275
257 277
258 270
258 280
258 282
258 283
260 286
261 263
261 267
261 276
261 278
261 279
261 288
261 290
262 263
262 272
262 279
262 291
262 295
263 274
264 265
264 270
264 278
264 282
264 284
264 294
265 272
265 283
265 291
266 268
267 287
267 288
267 295
268 283
268 284
268 295
269 274
269 277
270 281
270 295
271 276
271 299
271 272
272 277
272 292
273 282
273 297
274 285
275 298
277 291
277 295
278 297
280 285
281 297
281 298
283 284
283 290
283 294
284 288
284 289
284 290
285 294
289 294
291 296
291 298
293 296