603890214
17
300
4893
0 17
0 18
0 23
0 24
0 25
0 26
0 29
0 36
0 38
0 41
0 57
0 58
0 62
0 82
0 89
0 93
0 95
0 100
0 108
0 114
0 163
0 164
0 166
0 184
0 204
0 210
0 222
0 237
0 247
0 255
1 17
1 18
1 19
1 20
1 21
1 22
1 23
1 24
1 25
1 26
1 27
1 28
1 30
1 32
1 33
1 37
1 39
1 41
1 42
1 47
1 51
1 55
1 56
1 58
1 61
1 63
1 65
1 72
1 82
1 83
1 84
1 93
1 96
1 97
1 107
1 108
1 110
1 116
1 117
1 124
1 129
1 145
1 146
1 149
1 164
1 165
1 171
1 175
1 180
1 186
1 207
1 209
1 210
1 229
1 245
1 250
1 260
1 275
1 278
2 17
2 18
2 19
2 20
2 21
2 22
2 24
2 25
2 26
2 29
2 37
2 40
2 42
2 45
2 58
2 59
2 70
2 77
2 83
2 92
2 93
2 97
2 106
2 121
2 126
2 128
2 148
2 165
2 174
2 178
2 185
2 195
2 217
2 236
2 248
2 270
2 271
2 273
3 17
3 18
3 19
3 20
3 21
3 22
3 24
3 26
3 27
3 29
3 31
3 32
3 33
3 34
3 43
3 44
3 48
3 51
3 52
3 54
3 55
3 69
3 71
3 77
3 88
3 90
3 91
3 93
3 96
3 97
3 101
3 103
3 117
3 128
3 143
3 146
3 157
3 159
3 160
3 171
3 175
3 180
3 183
3 185
3 208
3 220
3 223
3 238
3 258
3 273
3 274
3 279
3 287
3 299
3 241
4 17
4 18
4 19
4 20
4 21
4 22
4 23
4 24
4 27
4 28
4 29
4 30
4 31
4 33
4 35
4 42
4 46
4 57
4 61
4 67
4 68
4 77
4 79
4 102
4 105
4 107
4 110
4 119
4 120
4 125
4 126
4 130
4 139
4 140
4 154
4 164
4 202
4 218
4 247
4 249
4 258
4 271
4 289
5 17
5 18
5 20
5 21
5 22
5 25
5 26
5 31
5 38
5 39
5 44
5 52
5 57
5 59
5 64
5 68
5 86
5 91
5 95
5 151
5 152
5 184
5 203
5 212
5 265
5 270
5 172
5 165
6 17
6 18
6 19
6 20
6 21
6 22
6 23
6 26
6 27
6 28
6 29
6 30
6 32
6 34
6 35
6 36
6 44
6 46
6 53
6 55
6 63
6 66
6 67
6 68
6 69
6 84
6 102
6 105
6 108
6 109
6 118
6 119
6 130
6 136
6 156
6 163
6 166
6 171
6 172
6 180
6 192
6 202
6 220
6 228
6 233
6 238
6 251
6 271
6 280
6 288
6 225
7 17
7 18
7 19
7 20
7 27
7 30
7 31
7 32
7 34
7 38
7 39
7 44
7 60
7 64
7 65
7 67
7 74
7 75
7 88
7 90
7 93
7 99
7 108
7 109
7 114
7 119
7 122
7 133
7 135
7 137
7 151
7 159
7 161
7 162
7 218
7 230
7 231
7 253
7 275
7 290
7 293
7 298
7 285
8 17
8 18
8 19
8 20
8 21
8 23
8 24
8 26
8 28
8 35
8 38
8 48
8 53
8 56
8 62
8 64
8 66
8 72
8 84
8 91
8 94
8 99
8 124
8 125
8 137
8 156
8 168
8 181
8 190
8 199
8 262
8 265
8 267
8 285
8 151
9 17
9 18
9 19
9 20
9 22
9 23
9 24
9 25
9 27
9 28
9 30
9 32
9 34
9 35
9 36
9 38
9 40
9 41
9 42
9 43
9 44
9 45
9 46
9 47
9 48
9 49
9 50
9 51
9 53
9 54
9 55
9 60
9 61
9 64
9 66
9 73
9 76
9 79
9 80
9 82
9 83
9 88
9 91
9 98
9 100
9 110
9 113
9 114
9 116
9 117
9 119
9 121
9 122
9 136
9 140
9 141
9 147
9 148
9 149
9 151
9 154
9 158
9 160
9 161
9 163
9 165
9 166
9 169
9 173
9 176
9 179
9 188
9 191
9 196
9 198
9 203
9 211
9 223
9 230
9 231
9 233
9 240
9 241
9 256
9 257
9 266
9 268
9 269
9 270
9 277
9 288
9 298
10 17
10 18
10 19
10 20
10 24
10 25
10 28
10 29
10 35
10 37
10 38
10 40
10 46
10 47
10 57
10 65
10 66
10 80
10 88
10 98
10 122
10 127
10 128
10 132
10 134
10 135
10 142
10 144
10 148
10 158
10 171
10 181
10 190
10 193
10 197
10 206
10 217
10 232
10 237
10 240
10 243
10 245
10 263
10 275
10 291
10 117
11 17
11 19
11 20
11 21
11 22
11 23
11 25
11 26
11 27
11 30
11 33
11 34
11 35
11 37
11 39
11 40
11 47
11 49
11 51
11 63
11 64
11 69
11 70
11 72
11 79
11 95
11 98
11 99
11 103
11 108
11 110
11 116
11 117
11 122
11 126
11 131
11 132
11 133
11 134
11 136
11 138
11 145
11 147
11 148
11 151
11 153
11 155
11 158
11 175
11 177
11 182
11 186
11 190
11 200
11 205
11 210
11 213
11 227
11 247
11 248
11 259
11 262
11 267
11 287
11 290
11 293
11 185
11 66
12 17
12 18
12 19
12 20
12 21
12 22
12 23
12 24
12 25
12 27
12 30
12 31
12 32
12 33
12 39
12 43
12 70
12 91
12 103
12 113
12 151
12 162
12 184
12 219
12 223
12 239
12 258
12 274
12 281
12 289
13 17
13 18
13 19
13 21
13 22
13 23
13 24
13 30
13 31
13 32
13 33
13 35
13 36
13 42
13 49
13 52
13 53
13 56
13 59
13 60
13 63
13 70
13 78
13 80
13 81
13 91
13 113
13 122
13 123
13 125
13 137
13 139
13 142
13 143
13 148
13 153
13 158
13 171
13 179
13 183
13 211
13 216
13 218
13 230
13 231
13 233
13 236
13 264
13 276
13 283
13 291
13 296
13 48
13 67
13 247
14 17
14 18
14 19
14 20
14 21
14 22
14 23
14 25
14 26
14 29
14 30
14 37
14 40
14 41
14 44
14 53
14 59
14 70
14 80
14 85
14 90
14 100
14 101
14 102
14 106
14 160
14 171
14 172
14 196
14 207
14 220
14 240
14 244
14 248
14 258
14 266
14 272
14 280
14 243
15 17
15 18
15 19
15 20
15 21
15 24
15 30
15 31
15 34
15 40
15 51
15 71
15 79
15 80
15 93
15 105
15 111
15 118
15 127
15 137
15 140
15 144
15 172
15 186
15 216
15 236
15 264
15 255
16 17
16 18
16 19
16 21
16 22
16 23
16 24
16 26
16 27
16 29
16 31
16 33
16 34
16 37
16 38
16 42
16 43
16 44
16 48
16 50
16 51
16 52
16 53
16 60
16 61
16 66
16 82
16 84
16 85
16 88
16 94
16 96
16 98
16 100
16 107
16 128
16 129
16 138
16 139
16 148
16 155
16 167
16 174
16 176
16 180
16 183
16 190
16 194
16 212
16 214
16 241
16 243
16 270
16 287
16 293
17 18
17 19
17 20
17 21
17 22
17 23
17 24
17 25
17 26
17 27
17 28
17 29
17 30
17 31
17 32
17 33
17 34
17 35
17 36
17 37
17 40
17 41
17 43
17 44
17 45
17 46
17 47
17 49
17 50
17 52
17 53
17 54
17 55
17 57
17 60
17 61
17 62
17 63
17 64
17 65
17 66
17 67
17 68
17 70
17 71
17 76
17 78
17 81
17 84
17 86
17 88
17 92
17 94
17 96
17 99
17 102
17 103
17 104
17 105
17 106
17 108
17 113
17 114
17 117
17 120
17 121
17 122
17 125
17 127
17 129
17 130
17 133
17 134
17 147
17 148
17 154
17 164
17 165
17 167
17 171
17 173
17 174
17 178
17 184
17 186
17 189
17 197
17 198
17 199
17 206
17 208
17 209
17 218
17 227
17 235
17 247
17 248
17 260
17 268
17 272
17 274
17 275
17 277
17 281
17 285
17 294
18 19
18 20
18 21
18 22
18 23
18 24
18 25
18 26
18 27
18 28
18 29
18 30
18 31
18 32
18 33
18 34
18 36
18 38
18 41
18 42
18 43
18 44
18 45
18 46
18 48
18 50
18 51
18 56
18 57
18 60
18 64
18 65
18 66
18 67
18 68
18 71
18 74
18 75
18 76
18 77
18 80
18 81
18 85
18 86
18 87
18 89
18 90
18 92
18 101
18 103
18 104
18 107
18 115
18 123
18 125
18 126
18 129
18 130
18 133
18 136
18 141
18 142
18 143
18 144
18 145
18 146
18 153
18 156
18 159
18 170
18 172
18 173
18 179
18 181
18 182
18 183
18 184
18 196
18 197
18 205
18 206
18 208
18 214
18 226
18 228
18 229
18 230
18 240
18 241
18 242
18 244
18 245
18 248
18 262
18 264
18 272
18 279
18 281
18 296
18 299
18 49
19 20
19 21
19 22
19 23
19 24
19 25
19 26
19 27
19 28
19 29
19 30
19 32
19 34
19 36
19 37
19 38
19 39
19 40
19 41
19 42
19 45
19 48
19 49
19 50
19 52
19 53
19 54
19 56
19 59
19 61
19 62
19 63
19 64
19 66
19 71
19 75
19 78
19 80
19 82
19 83
19 85
19 86
19 92
19 94
19 97
19 100
19 103
19 106
19 108
19 109
19 112
19 122
19 138
19 139
19 140
19 141
19 143
19 151
19 154
19 155
19 156
19 158
19 166
19 167
19 168
19 180
19 188
19 193
19 194
19 203
19 205
19 210
19 213
19 214
19 215
19 216
19 223
19 225
19 239
19 244
19 251
19 254
19 258
19 262
19 268
19 281
19 282
19 289
19 292
19 295
19 296
19 297
20 21
20 22
20 23
20 25
20 26
20 27
20 28
20 29
20 31
20 32
20 33
20 36
20 38
20 45
20 46
20 52
20 57
20 58
20 59
20 62
20 67
20 74
20 76
20 78
20 81
20 82
20 86
20 89
20 93
20 94
20 97
20 99
20 105
20 109
20 110
20 111
20 113
20 116
20 122
20 129
20 143
20 145
20 149
20 151
20 153
20 156
20 158
20 159
20 162
20 165
20 174
20 182
20 187
20 191
20 203
20 212
20 216
20 228
20 229
20 234
20 235
20 236
20 243
20 258
20 260
20 261
20 265
20 266
20 276
20 280
20 296
20 124
21 22
21 23
21 25
21 26
21 27
21 28
21 31
21 32
21 36
21 37
21 38
21 39
21 40
21 41
21 42
21 43
21 44
21 45
21 46
21 47
21 48
21 49
21 51
21 57
21 58
21 67
21 68
21 69
21 70
21 73
21 74
21 79
21 80
21 83
21 85
21 86
21 90
21 92
21 98
21 102
21 110
21 111
21 114
21 115
21 118
21 119
21 121
21 124
21 125
21 128
21 129
21 133
21 135
21 138
21 139
21 143
21 144
21 146
21 147
21 150
21 152
21 153
21 156
21 160
21 163
21 171
21 172
21 175
21 186
21 187
21 197
21 203
21 208
21 212
21 215
21 219
21 220
21 231
21 233
21 244
21 246
21 248
21 253
21 255
21 259
21 263
21 265
21 269
21 277
21 287
21 293
21 294
21 295
22 23
22 24
22 25
22 26
22 27
22 28
22 29
22 31
22 32
22 33
22 34
22 35
22 39
22 40
22 41
22 42
22 43
22 44
22 47
22 48
22 49
22 50
22 58
22 60
22 61
22 63
22 69
22 72
22 73
22 75
22 76
22 79
22 87
22 88
22 91
22 92
22 93
22 94
22 95
22 98
22 104
22 106
22 107
22 118
22 123
22 125
22 129
22 131
22 132
22 134
22 135
22 138
22 145
22 146
22 150
22 152
22 154
22 157
22 163
22 167
22 169
22 170
22 175
22 176
22 177
22 178
22 185
22 188
22 190
22 198
22 205
22 206
22 208
22 212
22 221
22 225
22 234
22 241
22 244
22 245
22 246
22 248
22 253
22 256
22 259
22 262
22 264
22 268
22 273
22 275
22 276
22 277
22 280
22 283
22 284
22 291
22 297
23 24
23 25
23 26
23 28
23 30
23 31
23 32
23 33
23 34
23 35
23 39
23 40
23 42
23 43
23 44
23 47
23 48
23 52
23 53
23 55
23 56
23 60
23 62
23 63
23 65
23 66
23 69
23 71
23 72
23 73
23 78
23 89
23 90
23 91
23 95
23 99
23 105
23 110
23 112
23 114
23 118
23 125
23 131
23 132
23 137
23 141
23 147
23 149
23 159
23 160
23 163
23 172
23 179
23 187
23 190
23 195
23 202
23 206
23 207
23 216
23 217
23 220
23 225
23 231
23 239
23 249
23 251
23 256
23 260
23 262
23 268
23 271
23 278
23 290
23 295
23 296
23 298
23 238
23 196
23 79
24 25
24 27
24 28
24 32
24 33
24 34
24 35
24 37
24 38
24 41
24 43
24 45
24 47
24 53
24 54
24 56
24 59
24 61
24 69
24 71
24 72
24 74
24 79
24 84
24 85
24 89
24 93
24 95
24 101
24 110
24 111
24 120
24 124
24 125
24 130
24 132
24 136
24 137
24 141
24 142
24 163
24 170
24 174
24 176
24 178
24 187
24 191
24 198
24 211
24 225
24 230
24 236
24 241
24 244
24 247
24 250
24 263
24 268
24 292
24 299
25 27
25 28
25 29
25 30
25 31
25 33
25 35
25 36
25 37
25 39
25 41
25 42
25 46
25 48
25 49
25 51
25 52
25 53
25 54
25 61
25 62
25 66
25 71
25 72
25 76
25 79
25 81
25 83
25 85
25 91
25 100
25 101
25 105
25 108
25 114
25 115
25 117
25 123
25 126
25 142
25 152
25 165
25 166
25 171
25 173
25 177
25 179
25 180
25 181
25 190
25 194
25 202
25 207
25 212
25 215
25 224
25 226
25 249
25 258
25 261
25 268
25 270
25 279
25 283
25 289
25 292
25 298
26 28
26 29
26 30
26 32
26 36
26 40
26 46
26 49
26 56
26 64
26 67
26 68
26 70
26 74
26 77
26 89
26 90
26 91
26 96
26 98
26 101
26 106
26 112
26 113
26 115
26 117
26 120
26 121
26 122
26 123
26 128
26 130
26 134
26 135
26 140
26 143
26 153
26 163
26 169
26 178
26 188
26 191
26 196
26 202
26 205
26 216
26 218
26 221
26 231
26 249
26 255
26 256
26 258
26 260
26 278
26 279
26 280
26 281
26 289
27 28
27 29
27 32
27 33
27 36
27 37
27 38
27 39
27 40
27 41
27 48
27 49
27 51
27 52
27 54
27 59
27 61
27 62
27 63
27 69
27 70
27 71
27 77
27 79
27 80
27 82
27 84
27 99
27 102
27 105
27 106
27 115
27 124
27 125
27 130
27 140
27 142
27 145
27 146
27 149
27 150
27 151
27 156
27 159
27 161
27 165
27 169
27 184
27 192
27 193
27 206
27 207
27 214
27 217
27 219
27 222
27 240
27 246
27 258
27 261
27 262
27 274
27 277
27 278
27 282
27 286
27 287
27 289
27 292
27 293
27 295
27 57
28 29
28 30
28 31
28 34
28 35
28 36
28 37
28 39
28 41
28 44
28 46
28 47
28 49
28 50
28 58
28 59
28 65
28 66
28 68
28 69
28 72
28 77
28 80
28 85
28 86
28 88
28 98
28 100
28 105
28 109
28 115
28 118
28 120
28 134
28 136
28 138
28 141
28 143
28 145
28 146
28 149
28 153
28 160
28 162
28 168
28 182
28 194
28 202
28 203
28 204
28 221
28 229
28 233
28 243
28 244
28 249
28 250
28 256
28 196
29 31
29 34
29 36
29 38
29 39
29 41
29 43
29 45
29 51
29 52
29 57
29 58
29 60
29 62
29 63
29 67
29 69
29 77
29 86
29 90
29 95
29 102
29 106
29 109
29 112
29 117
29 118
29 121
29 141
29 145
29 151
29 160
29 164
29 177
29 180
29 182
29 192
29 200
29 202
29 203
29 208
29 209
29 211
29 215
29 235
29 242
29 243
29 261
29 274
29 294
29 296
29 222
30 37
30 39
30 40
30 43
30 46
30 49
30 50
30 52
30 54
30 55
30 56
30 57
30 59
30 60
30 67
30 75
30 82
30 87
30 88
30 90
30 95
30 96
30 98
30 103
30 104
30 112
30 121
30 124
30 134
30 136
30 139
30 147
30 159
30 161
30 162
30 164
30 167
30 168
30 173
30 181
30 183
30 214
30 228
30 232
30 238
30 244
30 245
30 274
30 153
31 33
31 34
31 35
31 38
31 41
31 42
31 43
31 44
31 50
31 57
31 59
31 60
31 62
31 65
31 70
31 71
31 72
31 75
31 77
31 81
31 83
31 85
31 87
31 93
31 96
31 97
31 105
31 106
31 110
31 115
31 123
31 141
31 143
31 153
31 154
31 166
31 167
31 170
31 178
31 187
31 197
31 201
31 204
31 214
31 219
31 237
31 242
31 244
31 255
31 257
31 260
31 264
31 282
31 284
31 286
32 33
32 35
32 36
32 39
32 42
32 43
32 45
32 47
32 50
32 51
32 52
32 56
32 58
32 60
32 61
32 65
32 70
32 71
32 72
32 74
32 75
32 76
32 78
32 80
32 89
32 92
32 94
32 99
32 100
32 105
32 106
32 112
32 114
32 119
32 128
32 146
32 149
32 174
32 181
32 182
32 183
32 185
32 187
32 188
32 189
32 211
32 213
32 236
32 238
32 247
32 285
32 288
32 297
33 34
33 35
33 36
33 39
33 40
33 41
33 42
33 45
33 47
33 49
33 55
33 57
33 58
33 60
33 63
33 64
33 70
33 73
33 76
33 81
33 82
33 83
33 88
33 94
33 100
33 108
33 109
33 111
33 112
33 114
33 115
33 129
33 131
33 138
33 145
33 146
33 150
33 152
33 153
33 155
33 168
33 183
33 186
33 199
33 201
33 213
33 214
33 226
33 237
33 240
33 243
33 245
33 265
33 271
33 278
34 35
34 37
34 38
34 42
34 45
34 47
34 50
34 53
34 54
34 55
34 58
34 61
34 64
34 75
34 79
34 82
34 89
34 92
34 97
34 102
34 111
34 112
34 114
34 115
34 116
34 119
34 125
34 155
34 156
34 160
34 170
34 177
34 179
34 193
34 202
34 212
34 217
34 219
34 226
34 227
34 239
34 244
34 247
34 249
34 257
34 265
34 277
34 282
35 36
35 37
35 40
35 41
35 43
35 46
35 48
35 49
35 54
35 56
35 58
35 60
35 73
35 74
35 82
35 83
35 89
35 90
35 94
35 95
35 97
35 99
35 101
35 111
35 121
35 124
35 127
35 136
35 138
35 157
35 171
35 175
35 189
35 190
35 199
35 221
35 233
35 238
35 249
35 254
35 256
35 267
35 273
35 276
35 285
35 286
35 287
35 288
35 296
36 37
36 38
36 46
36 50
36 52
36 57
36 59
36 60
36 63
36 65
36 66
36 67
36 68
36 74
36 76
36 83
36 86
36 87
36 89
36 92
36 96
36 100
36 104
36 105
36 106
36 114
36 124
36 131
36 136
36 142
36 152
36 157
36 158
36 165
36 167
36 172
36 180
36 181
36 182
36 186
36 188
36 192
36 203
36 207
36 210
36 212
36 219
36 230
36 234
36 239
36 240
36 277
36 286
36 267
37 42
37 44
37 45
37 54
37 55
37 56
37 57
37 69
37 72
37 73
37 74
37 75
37 78
37 79
37 81
37 83
37 87
37 88
37 102
37 111
37 121
37 131
37 133
37 143
37 154
37 159
37 166
37 168
37 170
37 173
37 176
37 186
37 190
37 195
37 196
37 197
37 198
37 201
37 205
37 211
37 214
37 230
37 236
37 246
37 277
37 284
37 152
38 39
38 40
38 43
38 46
38 47
38 48
38 49
38 50
38 51
38 54
38 59
38 60
38 62
38 66
38 67
38 68
38 76
38 77
38 78
38 80
38 85
38 87
38 95
38 96
38 98
38 101
38 107
38 112
38 113
38 114
38 117
38 118
38 119
38 130
38 135
38 144
38 149
38 155
38 156
38 162
38 168
38 183
38 184
38 189
38 191
38 197
38 209
38 211
38 218
38 219
38 220
38 233
38 234
38 249
38 254
38 261
38 263
38 270
38 280
38 287
38 289
38 294
38 297
39 44
39 46
39 51
39 52
39 53
39 55
39 57
39 58
39 61
39 64
39 69
39 70
39 72
39 75
39 76
39 78
39 79
39 83
39 93
39 94
39 95
39 99
39 100
39 102
39 104
39 107
39 112
39 121
39 122
39 139
39 140
39 145
39 149
39 154
39 155
39 163
39 177
39 183
39 185
39 186
39 187
39 193
39 197
39 199
39 201
39 204
39 224
39 227
39 229
39 232
39 236
39 242
39 253
39 254
39 255
39 260
39 266
39 274
39 286
39 294
39 297
39 281
39 230
40 44
40 45
40 46
40 50
40 54
40 55
40 61
40 63
40 74
40 79
40 84
40 87
40 91
40 92
40 96
40 101
40 112
40 116
40 117
40 127
40 134
40 135
40 138
40 140
40 147
40 162
40 179
40 181
40 191
40 192
40 207
40 220
40 227
40 234
40 238
40 253
40 259
40 263
40 290
40 239
41 43
41 45
41 47
41 48
41 50
41 53
41 58
41 59
41 65
41 66
41 67
41 71
41 74
41 80
41 81
41 89
41 97
41 98
41 99
41 103
41 104
41 124
41 132
41 136
41 141
41 142
41 151
41 158
41 186
41 189
41 191
41 197
41 202
41 209
41 241
41 247
41 248
41 251
41 256
41 262
41 267
41 269
41 273
41 278
41 281
41 294
41 299
42 45
42 47
42 48
42 49
42 53
42 58
42 63
42 67
42 70
42 72
42 78
42 82
42 84
42 85
42 97
42 101
42 112
42 114
42 116
42 119
42 123
42 132
42 140
42 142
42 143
42 147
42 150
42 155
42 162
42 163
42 175
42 186
42 187
42 190
42 194
42 197
42 201
42 223
42 227
42 233
42 235
42 238
42 257
42 262
42 263
42 274
42 276
42 278
42 284
42 296
42 43
43 51
43 55
43 56
43 64
43 68
43 70
43 72
43 79
43 84
43 89
43 106
43 108
43 116
43 133
43 135
43 147
43 149
43 158
43 167
43 177
43 191
43 203
43 207
43 209
43 214
43 215
43 224
43 228
43 235
43 241
43 252
43 254
43 257
43 260
43 267
43 274
43 277
43 282
43 284
43 295
43 97
44 45
44 47
44 48
44 49
44 51
44 52
44 53
44 54
44 56
44 58
44 64
44 67
44 69
44 75
44 81
44 82
44 84
44 87
44 88
44 90
44 92
44 95
44 101
44 103
44 106
44 113
44 116
44 119
44 120
44 122
44 123
44 125
44 128
44 130
44 133
44 134
44 138
44 139
44 148
44 159
44 166
44 168
44 170
44 185
44 187
44 188
44 190
44 192
44 194
44 202
44 203
44 205
44 220
44 227
44 228
44 230
44 235
44 246
44 256
44 258
44 263
44 264
44 268
44 272
44 275
44 276
44 278
44 279
44 283
44 291
44 293
44 296
44 193
44 229
45 50
45 52
45 54
45 56
45 58
45 60
45 61
45 71
45 81
45 106
45 110
45 130
45 133
45 144
45 159
45 169
45 174
45 177
45 178
45 182
45 193
45 213
45 216
45 232
45 266
45 267
45 297
46 53
46 55
46 65
46 71
46 73
46 74
46 77
46 78
46 79
46 88
46 90
46 92
46 104
46 105
46 107
46 111
46 115
46 121
46 123
46 132
46 146
46 147
46 161
46 165
46 170
46 193
46 210
46 224
46 226
46 228
46 256
46 272
46 275
46 287
47 48
47 50
47 55
47 63
47 65
47 66
47 68
47 70
47 76
47 80
47 81
47 84
47 87
47 94
47 103
47 104
47 107
47 111
47 113
47 118
47 119
47 123
47 128
47 134
47 136
47 140
47 155
47 164
47 165
47 182
47 185
47 200
47 205
47 238
47 248
47 268
47 275
47 282
47 283
47 297
48 65
48 68
48 69
48 74
48 80
48 90
48 91
48 110
48 111
48 128
48 129
48 143
48 146
48 153
48 175
48 193
48 204
48 213
48 230
48 238
48 240
48 261
48 265
48 271
48 284
48 285
48 295
48 297
48 52
49 51
49 57
49 59
49 68
49 69
49 77
49 80
49 84
49 87
49 98
49 103
49 104
49 108
49 113
49 119
49 123
49 132
49 133
49 134
49 144
49 156
49 173
49 174
49 176
49 186
49 195
49 198
49 205
49 216
49 222
49 225
49 226
49 227
49 269
49 273
49 284
49 169
49 139
50 54
50 55
50 57
50 59
50 62
50 63
50 72
50 73
50 76
50 85
50 96
50 127
50 136
50 140
50 142
50 148
50 160
50 175
50 205
50 211
50 228
50 251
50 275
50 289
50 290
50 291
50 296
50 299
50 182
51 54
51 67
51 68
51 73
51 75
51 77
51 81
51 83
51 84
51 97
51 99
51 124
51 139
51 151
51 152
51 155
51 156
51 167
51 184
51 198
51 226
51 239
51 253
51 259
51 264
51 275
51 299
51 208
52 62
52 63
52 74
52 82
52 95
52 100
52 107
52 108
52 114
52 117
52 128
52 130
52 131
52 185
52 204
52 215
52 219
52 220
52 238
52 240
52 243
52 252
52 259
52 272
52 288
52 290
52 296
52 299
53 56
53 62
53 65
53 69
53 71
53 73
53 76
53 85
53 87
53 89
53 94
53 99
53 103
53 104
53 107
53 118
53 119
53 120
53 126
53 132
53 151
53 152
53 171
53 172
53 187
53 188
53 194
53 195
53 197
53 222
53 239
53 242
53 246
53 255
53 263
53 265
53 266
53 281
54 55
54 56
54 62
54 64
54 65
54 66
54 68
54 91
54 93
54 115
54 132
54 137
54 167
54 171
54 173
54 174
54 181
54 194
54 204
54 208
54 209
54 213
54 215
54 218
54 220
54 222
54 224
54 226
54 227
54 261
54 264
54 267
54 269
54 274
54 293
54 262
54 112
54 87
55 62
55 64
55 66
55 76
55 92
55 101
55 110
55 113
55 120
55 126
55 139
55 146
55 152
55 158
55 166
55 176
55 182
55 223
55 228
55 250
55 261
55 276
55 286
55 283
56 71
56 73
56 78
56 85
56 97
56 110
56 120
56 125
56 132
56 139
56 142
56 144
56 184
56 199
56 204
56 245
56 247
56 252
56 259
56 273
56 286
57 59
57 62
57 74
57 75
57 81
57 82
57 85
57 89
57 93
57 114
57 131
57 142
57 147
57 171
57 184
57 200
57 205
57 206
57 208
57 218
57 231
57 252
57 273
57 293
58 73
58 86
58 98
58 107
58 117
58 160
58 206
58 235
58 241
58 253
58 279
58 285
58 289
58 84
59 61
59 64
59 69
59 73
59 80
59 82
59 86
59 109
59 124
59 126
59 127
59 138
59 148
59 157
59 179
59 187
59 194
59 199
59 208
59 213
59 228
59 237
59 274
59 288
60 61
60 68
60 73
60 75
60 77
60 81
60 86
60 87
60 89
60 92
60 97
60 98
60 103
60 110
60 112
60 123
60 127
60 135
60 141
60 146
60 153
60 161
60 178
60 184
60 198
60 200
60 211
60 212
60 221
60 228
60 232
60 236
60 241
60 252
60 254
60 255
60 256
60 258
60 260
60 262
60 276
60 283
60 290
60 292
61 77
61 78
61 81
61 86
61 93
61 102
61 135
61 138
61 151
61 165
61 173
61 192
61 209
61 212
61 213
61 222
61 227
61 242
61 248
61 269
61 270
61 277
61 294
62 65
62 67
62 76
62 97
62 98
62 99
62 107
62 109
62 112
62 135
62 147
62 160
62 165
62 167
62 169
62 192
62 203
62 214
63 75
63 83
63 85
63 87
63 94
63 99
63 100
63 105
63 122
63 125
63 128
63 132
63 133
63 134
63 158
63 167
63 168
63 170
63 171
63 177
63 180
63 185
63 188
63 191
63 194
63 214
63 221
63 225
63 241
63 250
63 255
63 272
63 278
63 288
64 73
64 76
64 83
64 85
64 99
64 105
64 131
64 135
64 158
64 172
64 207
64 219
64 248
64 252
64 269
64 285
64 183
65 91
65 94
65 102
65 112
65 120
65 127
65 128
65 158
65 161
65 204
65 211
65 213
65 223
65 226
65 252
65 264
65 267
65 295
66 73
66 77
66 82
66 86
66 97
66 120
66 126
66 132
66 198
66 201
66 214
66 229
66 237
66 264
67 70
67 71
67 72
67 75
67 77
67 78
67 90
67 93
67 94
67 96
67 102
67 116
67 119
67 121
67 123
67 126
67 142
67 145
67 149
67 159
67 165
67 175
67 190
67 210
67 221
67 227
67 228
67 229
67 237
67 244
67 248
67 254
67 256
67 282
67 291
68 79
68 88
68 90
68 100
68 104
68 107
68 109
68 114
68 127
68 133
68 135
68 137
68 146
68 157
68 161
68 168
68 191
68 200
68 209
68 217
68 221
68 238
68 250
69 72
69 74
69 78
69 79
69 86
69 98
69 100
69 106
69 107
69 114
69 117
69 144
69 153
69 164
69 169
69 183
69 185
69 195
69 200
69 204
69 208
69 217
69 219
69 230
69 233
69 245
69 255
69 279
69 293
70 78
70 88
70 89
70 91
70 120
70 122
70 145
70 160
70 162
70 164
70 192
70 222
70 226
70 232
70 242
70 248
70 269
70 280
70 289
70 77
71 75
71 92
71 125
71 129
71 136
71 138
71 150
71 151
71 161
71 166
71 179
71 188
71 195
71 215
71 218
71 236
71 258
71 261
71 269
71 248
72 88
72 92
72 93
72 94
72 97
72 99
72 138
72 155
72 158
72 169
72 173
72 182
72 186
72 191
72 195
72 197
72 219
72 233
72 240
72 250
72 254
72 257
72 265
72 281
72 298
72 245
73 95
73 100
73 111
73 131
73 133
73 208
73 239
73 251
73 264
73 290
73 292
74 87
74 109
74 113
74 124
74 125
74 144
74 149
74 153
74 187
74 204
74 207
74 209
74 267
74 286
74 96
75 87
75 96
75 118
75 126
75 127
75 131
75 139
75 160
75 165
75 182
75 192
75 204
75 217
75 222
75 233
75 237
75 238
75 246
75 249
75 271
75 280
75 286
75 290
76 78
76 81
76 113
76 143
76 154
76 228
76 232
76 234
76 241
76 250
76 283
76 189
77 86
77 89
77 95
77 104
77 108
77 129
77 130
77 154
77 174
77 192
77 203
77 206
77 228
77 234
77 257
77 266
77 270
77 290
77 291
78 88
78 108
78 115
78 126
78 156
78 157
78 173
78 175
78 176
78 181
78 189
78 196
78 218
78 220
78 232
78 239
78 259
78 261
78 272
78 289
78 82
79 96
79 109
79 113
79 141
79 143
79 148
79 161
79 164
79 195
79 212
79 222
79 232
79 236
79 251
79 278
79 291
79 294
79 298
80 83
80 87
80 111
80 122
80 125
80 128
80 142
80 146
80 161
80 193
80 198
80 223
80 254
80 284
80 287
80 294
80 295
80 297
81 83
81 84
81 86
81 102
81 123
81 127
81 134
81 149
81 156
81 157
81 158
81 161
81 177
81 194
81 199
81 216
81 222
81 223
81 226
81 230
81 243
81 244
81 247
81 275
81 289
82 84
82 92
82 101
82 109
82 127
82 156
82 179
82 181
82 224
82 247
82 257
82 270
82 283
82 298
82 299
83 84
83 90
83 91
83 101
83 103
83 123
83 153
83 161
83 162
83 164
83 191
83 214
83 216
83 228
83 246
83 259
83 260
83 266
83 269
83 284
83 290
83 291
84 101
84 106
84 120
84 130
84 140
84 155
84 159
84 168
84 169
84 176
84 179
84 209
84 223
84 224
84 242
85 101
85 117
85 119
85 124
85 129
85 137
85 147
85 170
85 186
85 188
85 192
85 194
85 196
85 243
85 258
85 267
86 90
86 104
86 105
86 123
86 162
86 182
86 192
86 210
86 291
86 292
87 120
87 122
87 126
87 129
87 130
87 144
87 150
87 154
87 167
87 170
87 172
87 175
87 195
87 201
87 215
87 221
87 225
87 229
87 231
87 232
87 239
87 240
87 249
87 251
87 268
87 223
88 102
88 104
88 113
88 116
88 117
88 124
88 130
88 134
88 137
88 167
88 198
88 208
88 214
88 217
88 221
88 252
88 264
88 270
88 292
89 93
89 95
89 96
89 107
89 109
89 110
89 116
89 118
89 126
89 127
89 132
89 144
89 149
89 153
89 188
89 201
89 219
89 220
89 241
89 244
89 280
90 91
90 96
90 100
90 128
90 137
90 141
90 152
90 154
90 157
90 191
90 216
90 246
90 254
90 142
91 108
91 109
91 116
91 118
91 152
91 170
91 174
91 182
91 197
91 204
91 209
91 215
91 218
91 231
91 240
91 255
91 256
91 279
91 282
91 284
92 94
92 102
92 108
92 121
92 130
92 131
92 138
92 168
92 177
92 178
92 193
92 215
92 246
92 261
93 119
93 121
93 129
93 131
93 160
93 167
93 173
93 200
93 211
93 212
93 213
93 239
93 247
93 249
93 262
93 266
93 283
93 294
93 275
94 95
94 96
94 101
94 104
94 105
94 111
94 124
94 130
94 157
94 176
94 180
94 191
94 199
94 210
94 226
94 229
94 237
94 239
94 242
94 247
94 277
94 283
95 97
95 106
95 108
95 117
95 118
95 124
95 185
95 189
95 207
95 270
95 272
96 98
96 102
96 121
96 134
96 168
96 185
96 233
96 265
96 269
96 276
97 103
97 116
97 120
97 131
97 135
97 136
97 143
97 145
97 148
97 150
97 152
97 188
97 201
97 220
97 235
97 251
97 273
97 298
98 122
98 126
98 139
98 142
98 166
98 179
98 225
98 227
98 230
98 237
98 243
98 246
98 257
98 295
99 109
99 111
99 152
99 159
99 169
99 175
99 176
99 181
99 193
99 200
99 238
99 242
99 275
99 289
100 103
100 104
100 111
100 112
100 120
100 161
100 162
100 168
100 195
100 221
100 231
100 232
100 248
100 257
100 259
100 263
100 275
100 281
101 103
101 107
101 160
101 171
101 196
101 212
101 221
101 242
101 290
101 161
102 115
102 119
102 126
102 135
102 139
102 143
102 145
102 151
102 178
102 237
102 241
102 245
102 253
102 278
102 287
102 299
102 155
103 112
103 116
103 128
103 148
103 153
103 177
103 189
103 234
103 235
103 276
103 279
103 296
104 126
104 151
104 164
104 173
104 177
104 190
104 200
104 207
104 231
104 237
104 265
104 290
105 115
105 118
105 135
105 137
105 140
105 150
105 165
105 169
105 178
105 194
105 200
105 243
105 261
105 283
106 109
106 111
106 113
106 115
106 118
106 136
106 139
106 140
106 144
106 156
106 172
106 178
106 194
106 200
106 231
106 242
106 243
106 298
107 110
107 115
107 129
107 171
107 181
107 194
107 196
107 231
107 250
107 287
107 298
107 161
108 137
108 144
108 180
108 243
108 263
108 275
108 279
108 290
109 110
109 117
109 120
109 131
109 133
109 150
109 155
109 157
109 159
109 191
109 203
109 208
109 221
109 224
109 232
109 261
109 273
109 276
109 279
109 284
109 286
110 116
110 127
110 137
110 139
110 144
110 145
110 163
110 170
110 172
110 183
110 189
110 206
110 211
110 220
110 230
110 237
110 238
110 261
110 297
110 136
111 137
111 145
111 150
111 154
111 164
111 187
111 197
111 198
111 229
111 235
111 253
111 269
111 280
111 294
112 113
112 116
112 121
112 124
112 134
112 170
112 189
112 212
112 255
112 284
113 115
113 127
113 173
113 176
113 192
113 204
113 207
113 215
113 234
113 238
113 265
113 267
113 286
114 118
114 182
114 184
114 195
114 211
114 213
114 224
114 227
114 243
114 282
114 291
115 147
115 148
115 189
115 190
115 211
115 214
115 227
115 229
115 273
115 293
116 121
116 122
116 131
116 152
116 163
116 170
116 189
116 190
116 195
116 201
116 213
116 272
116 290
117 129
117 132
117 133
117 138
117 150
117 157
117 164
117 169
117 174
117 186
117 195
117 213
117 229
117 266
117 272
117 291
118 133
118 137
118 140
118 180
118 184
118 263
118 271
118 278
118 293
118 299
118 207
119 123
119 139
119 152
119 165
119 167
119 170
119 182
119 209
119 213
119 223
119 229
119 242
119 249
119 253
119 283
119 284
119 295
120 145
120 162
120 170
120 198
120 199
120 236
120 243
120 259
120 286
121 127
121 138
121 144
121 160
121 173
121 183
121 190
121 202
121 210
121 222
121 231
121 262
121 291
121 297
122 128
122 133
122 146
122 155
122 158
122 166
122 174
122 186
122 191
122 196
122 202
122 218
122 232
122 257
122 282
123 136
123 142
123 149
123 154
123 159
123 162
123 178
123 179
123 190
123 217
123 270
123 271
123 274
124 154
124 155
124 166
124 181
124 189
124 193
124 201
124 209
124 228
124 250
124 251
124 255
124 282
124 298
125 134
125 141
125 155
125 161
125 163
125 164
125 176
125 201
125 208
125 222
125 235
125 245
125 286
125 289
125 292
126 132
126 140
126 147
126 162
126 175
126 183
126 217
126 218
126 236
126 246
126 292
127 129
127 141
127 171
127 184
127 207
127 217
127 297
128 142
128 150
128 230
128 283
128 288
129 141
129 143
129 157
129 175
129 180
129 181
129 199
129 206
129 215
129 224
129 230
129 248
129 252
129 257
129 187
130 131
130 135
130 141
130 175
130 180
130 184
130 186
130 193
130 199
130 200
130 202
130 206
130 211
130 266
130 285
131 140
131 163
131 169
131 174
131 189
131 195
131 254
131 259
131 277
132 149
132 188
132 192
132 196
132 201
132 206
132 233
132 247
132 251
132 253
132 267
132 285
132 288
132 184
133 156
133 178
133 192
133 201
133 208
133 225
133 250
133 286
133 281
134 148
134 160
134 192
134 257
134 281
134 288
134 265
135 136
135 173
135 191
135 263
135 220
136 137
136 150
136 157
136 162
136 166
136 172
136 213
136 232
136 233
136 240
136 255
136 260
136 272
136 276
137 144
137 147
137 153
137 164
137 168
137 172
137 184
137 185
137 197
137 205
137 244
137 263
137 275
137 294
137 296
137 254
138 147
138 149
138 152
138 155
138 157
138 164
138 229
138 241
138 250
138 276
138 288
139 141
139 150
139 161
139 174
139 194
139 206
139 223
139 299
140 174
140 196
140 235
140 251
140 295
141 152
141 174
141 188
141 200
141 206
141 208
141 210
141 267
141 299
142 165
142 187
142 196
142 216
142 252
142 262
142 264
142 270
142 280
143 148
143 150
143 156
143 161
143 169
143 187
143 206
143 215
143 222
143 233
143 238
143 245
143 251
143 268
143 274
143 285
143 293
143 295
144 159
144 166
144 179
144 202
144 216
144 223
144 242
144 254
144 287
144 206
145 146
145 150
145 176
145 183
145 296
146 148
146 151
146 158
146 163
146 193
146 196
146 210
146 214
146 225
146 226
146 245
146 254
146 284
147 198
147 205
147 218
147 220
148 176
148 181
148 203
148 205
148 222
148 247
148 253
148 262
149 154
149 157
149 159
149 177
149 178
149 187
149 209
149 222
149 245
149 251
149 255
149 270
149 272
149 293
149 297
150 169
150 178
150 257
150 273
150 277
151 154
151 169
151 175
151 177
151 178
151 188
151 203
151 234
151 285
152 177
152 181
152 195
152 202
152 216
152 223
152 246
152 273
152 276
152 281
152 282
152 289
152 291
152 299
152 286
153 163
153 176
153 185
153 199
153 201
153 212
153 219
153 237
153 254
153 286
153 299
154 157
154 185
154 193
154 199
154 208
154 244
154 254
154 255
154 285
154 294
155 179
155 180
155 185
155 197
155 202
155 234
155 242
155 249
155 294
156 166
156 172
156 198
156 206
156 246
156 265
156 272
157 182
157 195
157 205
157 234
157 252
157 264
158 176
158 196
158 219
159 200
159 201
159 203
159 207
159 224
159 242
159 265
159 271
160 162
160 172
160 173
160 179
160 180
160 183
160 227
160 239
160 274
161 163
161 166
161 169
161 183
161 199
161 205
161 268
161 296
162 167
162 185
162 189
162 213
162 219
162 221
162 252
162 298
162 169
163 199
163 210
163 215
163 216
163 226
163 263
163 282
164 168
164 229
164 235
164 237
164 239
164 253
164 277
164 178
165 168
165 179
165 189
165 196
165 204
165 210
165 212
165 244
165 245
165 256
165 258
165 283
166 288
167 172
167 254
167 281
168 180
168 198
168 204
168 273
168 293
169 222
169 246
169 260
170 216
170 290
171 242
171 290
172 184
172 204
172 207
172 214
173 177
173 210
173 224
173 228
173 231
173 236
173 237
173 260
173 266
175 189
175 224
175 236
175 286
175 219
176 268
177 183
177 188
177 194
177 205
177 218
177 227
177 232
177 234
177 280
178 225
178 249
178 256
179 193
179 218
179 223
179 260
179 262
180 235
180 256
180 289
180 295
180 277
180 266
181 233
181 258
182 193
182 198
182 202
182 222
182 234
182 249
182 252
182 273
182 278
182 283
183 224
183 230
183 236
183 271
184 200
184 201
184 211
184 212
184 220
184 232
184 267
184 280
184 298
185 224
185 275
186 187
186 221
186 234
187 211
187 217
187 235
187 249
187 271
187 288
187 296
188 243
188 262
188 277
189 223
189 276
189 298
190 209
190 210
190 219
190 239
191 196
191 197
191 265
191 272
192 210
192 224
192 236
192 255
192 261
192 279
192 280
193 268
194 225
194 294
195 229
195 241
195 258
195 259
195 263
195 216
196 225
196 280
196 282
197 199
197 223
197 224
197 253
197 277
197 283
197 298
197 267
198 203
198 215
198 235
198 252
198 259
198 285
198 287
199 200
199 209
199 220
200 217
200 225
200 226
200 230
200 278
200 295
201 217
201 221
201 225
201 259
201 266
201 270
201 278
201 296
201 283
202 219
202 261
202 274
203 215
203 227
203 253
203 257
203 266
204 226
204 257
204 265
204 256
205 217
205 218
205 245
205 268
205 269
206 207
206 229
206 266
206 273
206 290
207 250
207 268
207 270
208 231
208 256
208 288
209 225
209 252
209 272
209 292
210 217
210 225
210 240
210 241
210 244
210 245
210 246
210 292
211 233
211 235
211 260
211 262
211 288
211 297
212 250
212 255
213 266
213 282
214 226
214 239
214 266
214 273
214 280
214 287
215 216
215 299
216 221
216 257
217 245
217 247
217 248
217 252
217 261
217 269
217 293
218 231
218 256
218 271
218 276
219 279
220 250
220 288
221 232
221 264
221 294
221 299
222 254
222 294
223 239
223 281
223 284
224 250
224 268
224 287
225 234
225 243
225 247
225 251
225 265
225 281
226 291
226 295
227 237
227 281
227 297
228 240
228 267
228 286
229 234
229 297
230 249
230 291
231 259
231 260
231 271
232 240
232 251
233 241
233 267
233 279
233 280
234 238
234 240
234 259
235 248
235 279
237 250
237 272
238 250
238 253
238 263
238 292
240 263
240 277
240 292
242 246
242 264
242 270
242 278
244 287
245 252
245 253
245 258
246 251
246 267
246 282
246 292
246 295
248 298
249 279
251 264
252 281
252 283
253 260
253 274
255 279
255 289
255 292
256 271
256 275
256 282
256 285
259 269
260 281
261 278
261 284
261 285
262 274
263 271
263 294
264 293
265 297
266 269
266 276
266 287
266 291
267 284
268 269
268 276
268 288
268 297
270 271
273 285
274 293
275 285
280 292
283 292
284 293
284 299
288 295
288 298
290 298