242737298
35
300
9486
0 35
0 36
0 37
0 38
0 39
0 40
0 41
0 42
0 43
0 44
0 45
0 48
0 49
0 50
0 52
0 53
0 54
0 56
0 58
0 65
0 69
0 72
0 73
0 76
0 78
0 79
0 82
0 84
0 87
0 89
0 91
0 94
0 108
0 111
0 112
0 113
0 114
0 115
0 116
0 118
0 119
0 122
0 125
0 129
0 131
0 142
0 144
0 145
0 149
0 150
0 165
0 167
0 168
0 175
0 190
0 196
0 201
0 207
0 210
0 235
0 238
0 239
0 241
0 242
0 249
0 259
0 262
0 264
0 274
0 275
0 283
0 284
0 288
0 297
0 298
0 103
0 261
1 35
1 36
1 37
1 38
1 39
1 40
1 41
1 44
1 45
1 49
1 50
1 53
1 54
1 56
1 57
1 61
1 63
1 64
1 65
1 68
1 69
1 75
1 78
1 80
1 91
1 94
1 95
1 102
1 110
1 113
1 119
1 122
1 130
1 143
1 144
1 145
1 151
1 152
1 159
1 172
1 182
1 200
1 206
1 228
1 238
1 243
1 247
1 254
1 277
1 279
1 290
1 293
1 295
1 296
1 42
2 35
2 36
2 37
2 38
2 39
2 40
2 42
2 43
2 44
2 45
2 46
2 47
2 49
2 52
2 57
2 59
2 61
2 62
2 69
2 71
2 73
2 75
2 76
2 78
2 80
2 90
2 99
2 100
2 101
2 113
2 114
2 116
2 117
2 123
2 127
2 138
2 139
2 141
2 145
2 146
2 147
2 153
2 163
2 169
2 177
2 184
2 190
2 191
2 193
2 194
2 210
2 213
2 214
2 216
2 219
2 235
2 239
2 244
2 249
2 251
2 257
2 269
2 273
2 288
2 289
2 112
2 22
2 41
2 155
2 215
3 35
3 36
3 37
3 38
3 40
3 41
3 42
3 43
3 46
3 47
3 48
3 49
3 50
3 51
3 55
3 56
3 57
3 58
3 59
3 61
3 62
3 64
3 66
3 67
3 69
3 75
3 80
3 83
3 89
3 90
3 92
3 96
3 100
3 103
3 104
3 107
3 109
3 117
3 119
3 134
3 137
3 143
3 147
3 151
3 154
3 161
3 162
3 163
3 164
3 171
3 177
3 179
3 180
3 185
3 187
3 196
3 197
3 199
3 201
3 203
3 215
3 216
3 230
3 237
3 250
3 251
3 254
3 280
3 287
3 293
3 294
3 298
3 32
3 184
3 224
4 35
4 37
4 38
4 39
4 40
4 41
4 42
4 43
4 44
4 45
4 46
4 49
4 51
4 52
4 54
4 56
4 60
4 68
4 73
4 84
4 111
4 130
4 137
4 141
4 160
4 166
4 189
4 191
4 194
4 196
4 201
4 212
4 225
4 229
4 235
4 263
4 279
4 282
4 287
4 298
4 59
4 64
4 110
4 169
5 35
5 36
5 37
5 39
5 40
5 42
5 43
5 44
5 47
5 48
5 50
5 51
5 54
5 55
5 57
5 58
5 63
5 66
5 70
5 72
5 73
5 75
5 102
5 107
5 112
5 114
5 127
5 136
5 144
5 147
5 150
5 164
5 169
5 170
5 177
5 188
5 196
5 206
5 207
5 209
5 221
5 230
5 234
5 235
5 236
5 244
5 246
5 248
5 268
5 275
5 281
5 283
5 284
5 285
5 290
5 191
5 203
6 35
6 36
6 37
6 38
6 39
6 40
6 41
6 42
6 44
6 46
6 48
6 53
6 56
6 58
6 59
6 63
6 64
6 67
6 69
6 74
6 76
6 80
6 81
6 86
6 89
6 93
6 97
6 101
6 105
6 109
6 117
6 131
6 133
6 153
6 157
6 166
6 194
6 199
6 203
6 210
6 212
6 220
6 222
6 228
6 239
6 264
6 290
6 291
6 173
7 35
7 36
7 37
7 38
7 39
7 40
7 41
7 43
7 44
7 45
7 49
7 50
7 51
7 54
7 56
7 68
7 71
7 74
7 75
7 76
7 82
7 86
7 100
7 102
7 104
7 106
7 107
7 108
7 116
7 119
7 120
7 136
7 147
7 149
7 151
7 152
7 155
7 160
7 162
7 165
7 166
7 169
7 170
7 172
7 175
7 185
7 186
7 199
7 200
7 203
7 205
7 208
7 220
7 241
7 242
7 243
7 244
7 256
7 260
7 261
7 269
7 271
7 290
7 296
7 87
8 35
8 36
8 37
8 38
8 39
8 40
8 41
8 42
8 43
8 44
8 45
8 47
8 48
8 49
8 51
8 52
8 53
8 55
8 56
8 58
8 59
8 61
8 62
8 63
8 65
8 66
8 68
8 70
8 71
8 72
8 74
8 76
8 77
8 84
8 86
8 89
8 93
8 97
8 100
8 102
8 105
8 111
8 112
8 114
8 117
8 121
8 125
8 126
8 134
8 135
8 138
8 140
8 141
8 145
8 153
8 156
8 157
8 158
8 164
8 173
8 175
8 176
8 178
8 179
8 182
8 187
8 188
8 189
8 201
8 205
8 214
8 216
8 220
8 227
8 228
8 236
8 239
8 241
8 245
8 248
8 252
8 275
8 284
8 286
8 295
8 168
9 35
9 36
9 37
9 38
9 39
9 40
9 41
9 43
9 44
9 45
9 52
9 55
9 62
9 67
9 70
9 77
9 79
9 87
9 88
9 92
9 93
9 98
9 100
9 101
9 104
9 106
9 108
9 112
9 117
9 129
9 131
9 136
9 143
9 146
9 154
9 155
9 156
9 157
9 166
9 170
9 191
9 202
9 203
9 208
9 211
9 214
9 228
9 232
9 238
9 247
9 248
9 253
9 257
9 260
9 281
9 285
9 287
9 86
9 42
10 35
10 36
10 37
10 38
10 39
10 40
10 43
10 44
10 45
10 46
10 47
10 48
10 49
10 50
10 51
10 53
10 54
10 55
10 62
10 65
10 66
10 67
10 70
10 77
10 79
10 85
10 88
10 93
10 96
10 100
10 107
10 113
10 118
10 119
10 123
10 145
10 147
10 150
10 160
10 161
10 162
10 166
10 167
10 169
10 171
10 172
10 182
10 192
10 194
10 202
10 204
10 219
10 227
10 246
10 261
10 280
10 291
10 105
10 276
11 35
11 36
11 37
11 38
11 39
11 40
11 41
11 42
11 43
11 44
11 45
11 46
11 47
11 48
11 49
11 52
11 53
11 54
11 56
11 60
11 64
11 66
11 68
11 69
11 74
11 77
11 80
11 81
11 82
11 83
11 84
11 86
11 87
11 88
11 90
11 101
11 103
11 104
11 108
11 109
11 113
11 115
11 123
11 129
11 135
11 136
11 140
11 141
11 143
11 149
11 151
11 153
11 158
11 164
11 168
11 176
11 181
11 185
11 191
11 193
11 196
11 197
11 199
11 201
11 203
11 214
11 215
11 219
11 228
11 229
11 237
11 241
11 242
11 243
11 250
11 253
11 276
11 278
11 280
11 282
11 293
11 298
11 299
11 76
11 239
11 285
12 35
12 36
12 37
12 38
12 39
12 40
12 42
12 43
12 44
12 45
12 46
12 48
12 49
12 50
12 51
12 53
12 54
12 55
12 61
12 65
12 66
12 67
12 74
12 75
12 76
12 83
12 88
12 95
12 97
12 98
12 99
12 103
12 106
12 107
12 109
12 112
12 120
12 131
12 135
12 138
12 141
12 146
12 152
12 163
12 182
12 190
12 191
12 194
12 195
12 200
12 201
12 203
12 209
12 211
12 214
12 230
12 234
12 242
12 257
12 260
12 263
12 266
12 267
12 270
12 272
12 279
12 286
12 287
12 290
12 188
13 35
13 36
13 37
13 38
13 39
13 40
13 41
13 42
13 43
13 46
13 47
13 51
13 52
13 55
13 58
13 59
13 61
13 62
13 64
13 66
13 69
13 70
13 74
13 77
13 81
13 84
13 87
13 92
13 93
13 98
13 99
13 112
13 113
13 118
13 122
13 124
13 125
13 134
13 139
13 142
13 144
13 147
13 148
13 149
13 151
13 155
13 167
13 170
13 179
13 205
13 208
13 217
13 226
13 230
13 240
13 261
13 264
13 266
13 284
13 285
14 35
14 36
14 37
14 38
14 39
14 40
14 41
14 42
14 43
14 45
14 46
14 47
14 48
14 50
14 52
14 53
14 54
14 55
14 57
14 58
14 60
14 62
14 67
14 70
14 73
14 74
14 76
14 78
14 79
14 81
14 84
14 85
14 90
14 95
14 105
14 109
14 116
14 117
14 118
14 119
14 122
14 125
14 129
14 131
14 139
14 141
14 142
14 143
14 147
14 163
14 167
14 171
14 173
14 183
14 192
14 198
14 199
14 200
14 208
14 209
14 233
14 240
14 245
14 246
14 251
14 269
14 280
14 283
14 284
14 294
14 296
15 35
15 36
15 37
15 38
15 41
15 42
15 43
15 44
15 46
15 47
15 48
15 49
15 50
15 54
15 58
15 60
15 62
15 65
15 72
15 74
15 75
15 76
15 83
15 85
15 87
15 88
15 89
15 96
15 101
15 109
15 110
15 128
15 130
15 142
15 146
15 164
15 168
15 176
15 177
15 178
15 184
15 194
15 195
15 198
15 213
15 217
15 220
15 230
15 234
15 240
15 261
15 265
15 275
15 277
15 278
15 199
16 35
16 36
16 37
16 38
16 39
16 41
16 42
16 43
16 44
16 45
16 46
16 47
16 48
16 50
16 51
16 53
16 54
16 55
16 61
16 62
16 63
16 64
16 65
16 66
16 71
16 72
16 78
16 79
16 89
16 96
16 100
16 106
16 108
16 110
16 111
16 115
16 118
16 119
16 120
16 121
16 123
16 127
16 130
16 131
16 144
16 146
16 149
16 153
16 155
16 156
16 162
16 164
16 170
16 180
16 182
16 187
16 188
16 191
16 192
16 197
16 216
16 221
16 222
16 229
16 232
16 247
16 248
16 249
16 264
16 265
16 289
16 293
17 35
17 36
17 37
17 38
17 40
17 41
17 42
17 43
17 44
17 45
17 46
17 48
17 50
17 51
17 52
17 54
17 55
17 56
17 57
17 59
17 60
17 61
17 65
17 69
17 70
17 72
17 77
17 78
17 80
17 84
17 87
17 93
17 98
17 101
17 112
17 115
17 119
17 124
17 127
17 133
17 134
17 137
17 139
17 145
17 147
17 150
17 157
17 162
17 163
17 165
17 170
17 171
17 176
17 180
17 181
17 183
17 184
17 195
17 196
17 203
17 205
17 207
17 209
17 223
17 247
17 251
17 255
17 263
17 267
17 276
17 291
17 294
17 248
17 265
18 35
18 36
18 38
18 39
18 40
18 41
18 44
18 46
18 48
18 51
18 53
18 54
18 55
18 58
18 59
18 61
18 63
18 64
18 66
18 70
18 73
18 74
18 80
18 84
18 86
18 91
18 93
18 100
18 104
18 106
18 113
18 114
18 118
18 122
18 127
18 133
18 142
18 143
18 155
18 175
18 192
18 203
18 215
18 222
18 242
18 261
19 35
19 36
19 37
19 38
19 39
19 40
19 41
19 42
19 43
19 45
19 46
19 48
19 50
19 51
19 55
19 58
19 59
19 60
19 62
19 63
19 65
19 66
19 68
19 70
19 74
19 78
19 81
19 82
19 87
19 89
19 94
19 99
19 100
19 105
19 107
19 108
19 111
19 113
19 117
19 130
19 134
19 135
19 137
19 140
19 144
19 154
19 157
19 195
19 199
19 202
19 208
19 209
19 225
19 226
19 265
19 272
19 276
19 277
19 280
19 292
19 295
19 298
19 236
19 133
20 35
20 36
20 39
20 40
20 41
20 42
20 44
20 45
20 47
20 48
20 49
20 50
20 52
20 53
20 54
20 55
20 56
20 57
20 58
20 62
20 68
20 71
20 72
20 73
20 75
20 79
20 80
20 89
20 94
20 98
20 106
20 107
20 112
20 118
20 134
20 140
20 142
20 146
20 159
20 160
20 161
20 167
20 174
20 183
20 191
20 197
20 205
20 208
20 209
20 216
20 231
20 240
20 246
20 249
20 272
20 274
20 284
20 286
20 290
20 295
20 298
20 299
20 61
21 35
21 36
21 37
21 38
21 39
21 42
21 43
21 44
21 45
21 46
21 50
21 59
21 61
21 62
21 65
21 72
21 78
21 79
21 100
21 105
21 106
21 118
21 123
21 124
21 131
21 142
21 143
21 151
21 154
21 160
21 165
21 169
21 171
21 186
21 188
21 197
21 202
21 213
21 216
21 218
21 228
21 230
21 237
21 238
21 242
21 247
21 257
21 262
21 263
21 270
21 287
21 284
22 35
22 36
22 37
22 38
22 39
22 40
22 41
22 42
22 43
22 45
22 46
22 47
22 48
22 49
22 50
22 51
22 53
22 54
22 55
22 56
22 58
22 59
22 60
22 61
22 64
22 66
22 68
22 69
22 77
22 82
22 83
22 84
22 85
22 87
22 88
22 89
22 91
22 93
22 95
22 97
22 104
22 105
22 107
22 117
22 126
22 127
22 128
22 129
22 132
22 135
22 139
22 141
22 151
22 152
22 153
22 154
22 155
22 160
22 168
22 170
22 175
22 176
22 179
22 180
22 184
22 188
22 189
22 190
22 191
22 201
22 204
22 205
22 206
22 207
22 222
22 223
22 225
22 230
22 235
22 254
22 267
22 271
22 285
22 287
22 295
22 299
23 35
23 36
23 37
23 38
23 39
23 40
23 41
23 42
23 43
23 46
23 47
23 49
23 51
23 52
23 53
23 57
23 59
23 62
23 65
23 68
23 69
23 76
23 78
23 79
23 84
23 85
23 90
23 91
23 95
23 97
23 103
23 105
23 114
23 117
23 118
23 123
23 124
23 126
23 127
23 128
23 135
23 143
23 144
23 161
23 174
23 175
23 182
23 185
23 186
23 194
23 197
23 202
23 205
23 217
23 228
23 237
23 251
23 253
23 274
23 292
23 149
24 35
24 36
24 37
24 38
24 39
24 40
24 41
24 43
24 44
24 45
24 46
24 47
24 48
24 49
24 50
24 52
24 58
24 60
24 61
24 62
24 64
24 68
24 78
24 84
24 85
24 87
24 91
24 98
24 103
24 108
24 113
24 131
24 136
24 137
24 138
24 143
24 147
24 161
24 166
24 167
24 174
24 179
24 184
24 185
24 196
24 212
24 231
24 235
24 243
24 255
24 259
24 281
24 291
24 299
24 287
24 30
25 35
25 36
25 37
25 38
25 39
25 40
25 41
25 42
25 43
25 44
25 46
25 47
25 48
25 49
25 50
25 52
25 53
25 54
25 55
25 56
25 57
25 58
25 59
25 62
25 63
25 64
25 66
25 69
25 71
25 72
25 73
25 75
25 76
25 77
25 81
25 83
25 84
25 89
25 90
25 91
25 94
25 98
25 99
25 100
25 101
25 102
25 103
25 104
25 106
25 110
25 111
25 114
25 119
25 120
25 128
25 130
25 135
25 146
25 150
25 152
25 165
25 166
25 180
25 182
25 195
25 196
25 198
25 202
25 209
25 213
25 215
25 217
25 232
25 238
25 240
25 242
25 248
25 252
25 256
25 259
25 261
25 268
25 276
25 277
25 141
26 35
26 36
26 37
26 38
26 39
26 40
26 41
26 42
26 44
26 45
26 47
26 48
26 49
26 52
26 53
26 54
26 59
26 61
26 63
26 69
26 71
26 72
26 73
26 85
26 91
26 97
26 100
26 108
26 111
26 114
26 115
26 117
26 119
26 133
26 140
26 148
26 149
26 150
26 151
26 180
26 201
26 203
26 209
26 225
26 233
26 241
26 244
26 255
26 259
26 264
26 269
26 281
26 288
26 289
26 295
26 292
27 35
27 36
27 37
27 38
27 39
27 40
27 41
27 42
27 43
27 44
27 45
27 46
27 49
27 51
27 52
27 53
27 54
27 55
27 57
27 60
27 64
27 65
27 67
27 75
27 79
27 80
27 86
27 89
27 96
27 101
27 103
27 105
27 109
27 111
27 112
27 116
27 120
27 122
27 129
27 130
27 131
27 136
27 137
27 139
27 145
27 149
27 150
27 159
27 164
27 173
27 174
27 179
27 180
27 186
27 193
27 195
27 198
27 214
27 220
27 221
27 224
27 225
27 228
27 232
27 236
27 239
27 245
27 247
27 250
27 269
27 270
27 288
27 262
28 35
28 36
28 37
28 39
28 40
28 41
28 42
28 43
28 44
28 45
28 47
28 48
28 55
28 56
28 60
28 61
28 63
28 66
28 67
28 72
28 74
28 76
28 77
28 80
28 83
28 85
28 94
28 112
28 116
28 118
28 120
28 131
28 132
28 140
28 141
28 147
28 148
28 150
28 151
28 158
28 164
28 171
28 190
28 192
28 195
28 199
28 201
28 206
28 207
28 218
28 219
28 221
28 223
28 227
28 229
28 232
28 236
28 244
28 245
28 257
28 265
28 270
28 279
28 285
28 288
28 294
28 298
29 35
29 36
29 37
29 38
29 39
29 41
29 42
29 45
29 46
29 47
29 50
29 51
29 52
29 53
29 55
29 56
29 57
29 58
29 59
29 60
29 62
29 65
29 67
29 68
29 72
29 73
29 75
29 76
29 79
29 82
29 84
29 87
29 89
29 90
29 92
29 93
29 97
29 99
29 100
29 104
29 110
29 113
29 117
29 119
29 120
29 122
29 123
29 127
29 144
29 146
29 151
29 161
29 167
29 169
29 175
29 178
29 194
29 229
29 230
29 235
29 238
29 244
29 245
29 251
29 256
29 257
29 258
29 260
29 262
29 287
29 293
29 296
30 35
30 36
30 37
30 38
30 40
30 47
30 50
30 51
30 52
30 56
30 59
30 65
30 69
30 73
30 74
30 77
30 79
30 81
30 82
30 91
30 95
30 96
30 112
30 122
30 123
30 131
30 138
30 142
30 145
30 146
30 148
30 150
30 211
30 252
30 257
30 285
30 292
30 295
30 254
31 35
31 36
31 37
31 38
31 39
31 40
31 41
31 42
31 43
31 44
31 45
31 46
31 47
31 48
31 49
31 52
31 53
31 56
31 57
31 59
31 60
31 63
31 66
31 67
31 69
31 72
31 79
31 80
31 86
31 91
31 96
31 102
31 108
31 110
31 111
31 125
31 128
31 130
31 138
31 140
31 142
31 152
31 161
31 163
31 174
31 187
31 193
31 202
31 205
31 206
31 220
31 228
31 232
31 238
31 261
31 267
31 269
31 276
31 277
31 284
31 167
32 35
32 36
32 37
32 38
32 39
32 41
32 42
32 43
32 44
32 45
32 47
32 49
32 50
32 51
32 53
32 54
32 55
32 56
32 58
32 59
32 60
32 61
32 63
32 64
32 65
32 67
32 68
32 71
32 76
32 80
32 85
32 87
32 88
32 89
32 94
32 96
32 104
32 106
32 107
32 108
32 109
32 114
32 118
32 120
32 121
32 123
32 128
32 129
32 132
32 134
32 139
32 140
32 149
32 151
32 152
32 165
32 176
32 180
32 182
32 187
32 188
32 192
32 199
32 206
32 219
32 222
32 249
32 250
32 266
32 280
32 289
33 35
33 36
33 37
33 38
33 39
33 40
33 41
33 42
33 43
33 45
33 46
33 47
33 48
33 49
33 53
33 57
33 61
33 63
33 64
33 65
33 66
33 67
33 75
33 76
33 88
33 90
33 93
33 97
33 98
33 101
33 103
33 110
33 112
33 115
33 124
33 129
33 141
33 145
33 150
33 155
33 156
33 159
33 161
33 174
33 179
33 204
33 205
33 208
33 209
33 210
33 214
33 215
33 227
33 228
33 231
33 234
33 240
33 245
33 258
33 262
33 268
33 273
33 274
33 277
33 293
33 178
34 35
34 36
34 37
34 38
34 39
34 40
34 41
34 42
34 44
34 46
34 47
34 49
34 50
34 51
34 52
34 54
34 55
34 56
34 59
34 61
34 63
34 66
34 67
34 72
34 76
34 82
34 85
34 94
34 97
34 121
34 141
34 143
34 145
34 148
34 165
34 170
34 174
34 179
34 188
34 197
34 204
34 216
34 224
34 247
34 261
34 285
35 36
35 37
35 38
35 39
35 40
35 41
35 42
35 43
35 44
35 45
35 46
35 47
35 48
35 49
35 50
35 51
35 52
35 53
35 54
35 55
35 56
35 57
35 58
35 60
35 61
35 62
35 63
35 64
35 65
35 66
35 67
35 68
35 69
35 70
35 71
35 73
35 75
35 77
35 78
35 80
35 83
35 84
35 85
35 87
35 89
35 90
35 91
35 93
35 94
35 95
35 97
35 98
35 102
35 103
35 104
35 107
35 110
35 111
35 112
35 116
35 121
35 122
35 123
35 130
35 132
35 137
35 138
35 140
35 141
35 143
35 152
35 155
35 158
35 161
35 162
35 164
35 167
35 168
35 169
35 172
35 173
35 176
35 178
35 183
35 186
35 188
35 193
35 194
35 198
35 204
35 205
35 206
35 207
35 211
35 214
35 220
35 230
35 232
35 236
35 237
35 238
35 239
35 241
35 246
35 248
35 250
35 254
35 256
35 264
35 267
35 272
35 280
35 288
35 293
35 210
36 37
36 38
36 39
36 40
36 41
36 42
36 43
36 44
36 45
36 46
36 47
36 48
36 50
36 51
36 52
36 53
36 54
36 55
36 56
36 57
36 58
36 59
36 60
36 62
36 63
36 64
36 66
36 67
36 68
36 69
36 70
36 71
36 72
36 73
36 74
36 77
36 78
36 79
36 80
36 81
36 83
36 84
36 85
36 86
36 87
36 88
36 89
36 92
36 93
36 94
36 95
36 97
36 98
36 100
36 102
36 103
36 104
36 107
36 108
36 109
36 110
36 112
36 114
36 117
36 120
36 122
36 124
36 126
36 127
36 128
36 131
36 132
36 134
36 138
36 141
36 142
36 143
36 147
36 149
36 150
36 151
36 152
36 155
36 158
36 159
36 160
36 170
36 171
36 174
36 176
36 178
36 180
36 181
36 182
36 183
36 185
36 187
36 188
36 190
36 192
36 195
36 196
36 199
36 206
36 207
36 208
36 211
36 217
36 219
36 222
36 223
36 225
36 227
36 233
36 236
36 238
36 241
36 243
36 249
36 254
36 257
36 259
36 260
36 264
36 265
36 268
36 273
36 278
36 279
36 282
36 287
36 297
36 123
36 294
37 38
37 39
37 40
37 41
37 42
37 43
37 44
37 45
37 46
37 47
37 48
37 49
37 50
37 51
37 52
37 53
37 55
37 56
37 57
37 58
37 59
37 60
37 61
37 63
37 64
37 65
37 68
37 69
37 70
37 71
37 72
37 73
37 74
37 75
37 76
37 77
37 78
37 80
37 81
37 84
37 88
37 89
37 95
37 97
37 98
37 99
37 102
37 106
37 110
37 113
37 114
37 117
37 121
37 122
37 132
37 133
37 139
37 145
37 147
37 148
37 150
37 151
37 152
37 153
37 155
37 156
37 159
37 162
37 174
37 176
37 180
37 186
37 187
37 188
37 189
37 196
37 199
37 204
37 206
37 207
37 208
37 211
37 212
37 213
37 215
37 217
37 219
37 221
37 222
37 223
37 226
37 228
37 233
37 234
37 243
37 248
37 263
37 267
37 270
37 271
37 280
37 282
37 283
37 284
37 286
37 290
37 292
37 293
37 296
37 297
37 298
37 299
37 235
37 175
38 39
38 40
38 41
38 42
38 43
38 44
38 45
38 46
38 47
38 48
38 49
38 50
38 51
38 52
38 53
38 54
38 55
38 56
38 57
38 58
38 59
38 60
38 61
38 62
38 64
38 65
38 68
38 69
38 70
38 71
38 72
38 74
38 75
38 76
38 78
38 79
38 81
38 82
38 83
38 84
38 85
38 86
38 87
38 91
38 92
38 93
38 94
38 95
38 96
38 98
38 99
38 101
38 102
38 104
38 106
38 107
38 108
38 109
38 111
38 112
38 113
38 115
38 116
38 119
38 129
38 130
38 133
38 137
38 142
38 144
38 146
38 150
38 152
38 153
38 157
38 159
38 161
38 162
38 164
38 167
38 168
38 170
38 172
38 173
38 174
38 178
38 179
38 181
38 184
38 189
38 190
38 191
38 194
38 195
38 196
38 201
38 202
38 203
38 205
38 208
38 214
38 215
38 217
38 227
38 235
38 242
38 243
38 244
38 245
38 251
38 252
38 255
38 260
38 262
38 265
38 269
38 272
38 278
38 280
38 282
38 286
38 288
38 289
38 290
38 296
38 297
38 298
38 131
38 118
38 263
39 40
39 41
39 42
39 43
39 44
39 45
39 46
39 47
39 48
39 49
39 50
39 51
39 52
39 53
39 54
39 55
39 56
39 57
39 58
39 59
39 60
39 61
39 62
39 63
39 65
39 66
39 67
39 71
39 72
39 73
39 74
39 75
39 76
39 78
39 79
39 80
39 81
39 82
39 83
39 84
39 86
39 87
39 88
39 89
39 90
39 91
39 92
39 93
39 94
39 96
39 98
39 99
39 102
39 104
39 111
39 113
39 114
39 115
39 116
39 119
39 121
39 123
39 124
39 125
39 126
39 127
39 128
39 131
39 135
39 136
39 137
39 138
39 140
39 147
39 148
39 149
39 150
39 151
39 153
39 154
39 156
39 160
39 163
39 165
39 166
39 169
39 170
39 171
39 175
39 176
39 182
39 183
39 188
39 189
39 190
39 192
39 194
39 198
39 199
39 201
39 204
39 206
39 207
39 209
39 210
39 212
39 228
39 229
39 236
39 238
39 239
39 242
39 245
39 249
39 250
39 255
39 268
39 269
39 271
39 277
39 281
39 283
39 285
39 287
39 288
39 290
39 299
39 218
39 130
39 226
40 41
40 42
40 43
40 44
40 45
40 46
40 47
40 48
40 49
40 50
40 51
40 52
40 53
40 54
40 56
40 57
40 60
40 63
40 64
40 65
40 66
40 67
40 68
40 69
40 70
40 71
40 72
40 74
40 77
40 78
40 80
40 81
40 82
40 85
40 86
40 88
40 89
40 90
40 91
40 92
40 93
40 94
40 95
40 96
40 97
40 98
40 99
40 101
40 104
40 105
40 106
40 107
40 108
40 111
40 115
40 117
40 121
40 124
40 125
40 127
40 128
40 132
40 133
40 134
40 139
40 141
40 142
40 146
40 147
40 154
40 156
40 161
40 163
40 164
40 168
40 169
40 170
40 171
40 173
40 178
40 181
40 184
40 186
40 188
40 189
40 193
40 198
40 199
40 200
40 201
40 202
40 203
40 204
40 210
40 211
40 213
40 219
40 221
40 223
40 224
40 229
40 231
40 242
40 249
40 254
40 255
40 256
40 257
40 260
40 269
40 270
40 272
40 279
40 294
41 42
41 43
41 44
41 45
41 46
41 47
41 48
41 49
41 50
41 51
41 52
41 53
41 54
41 55
41 56
41 57
41 58
41 59
41 60
41 61
41 62
41 63
41 64
41 65
41 66
41 67
41 68
41 70
41 71
41 74
41 77
41 78
41 79
41 80
41 81
41 82
41 83
41 85
41 86
41 87
41 90
41 92
41 93
41 94
41 95
41 98
41 99
41 102
41 105
41 107
41 109
41 113
41 114
41 116
41 117
41 119
41 122
41 123
41 124
41 126
41 131
41 132
41 134
41 138
41 140
41 142
41 143
41 146
41 151
41 154
41 155
41 156
41 158
41 163
41 168
41 169
41 172
41 174
41 175
41 180
41 184
41 190
41 192
41 196
41 199
41 201
41 203
41 206
41 208
41 218
41 219
41 224
41 227
41 229
41 231
41 235
41 236
41 237
41 244
41 245
41 248
41 252
41 255
41 258
41 259
41 265
41 268
41 271
41 274
41 277
41 278
41 285
41 287
41 288
41 294
41 295
41 75
42 43
42 44
42 45
42 46
42 47
42 48
42 49
42 50
42 51
42 52
42 53
42 54
42 55
42 56
42 57
42 58
42 60
42 61
42 62
42 63
42 64
42 65
42 68
42 69
42 70
42 72
42 73
42 74
42 75
42 76
42 77
42 80
42 84
42 86
42 88
42 89
42 90
42 91
42 92
42 96
42 99
42 103
42 104
42 106
42 107
42 113
42 114
42 115
42 116
42 118
42 119
42 121
42 123
42 126
42 128
42 129
42 133
42 135
42 136
42 141
42 144
42 145
42 149
42 154
42 161
42 162
42 165
42 167
42 168
42 172
42 173
42 174
42 176
42 182
42 198
42 201
42 205
42 212
42 214
42 223
42 227
42 228
42 233
42 238
42 243
42 244
42 245
42 259
42 262
42 264
42 265
42 268
42 278
42 285
42 288
42 297
42 209
42 277
43 44
43 45
43 46
43 47
43 48
43 49
43 50
43 51
43 52
43 53
43 56
43 57
43 58
43 59
43 60
43 61
43 62
43 63
43 65
43 66
43 67
43 68
43 69
43 70
43 71
43 73
43 74
43 77
43 80
43 83
43 84
43 85
43 86
43 87
43 88
43 91
43 93
43 94
43 95
43 97
43 100
43 101
43 104
43 109
43 110
43 114
43 118
43 119
43 125
43 128
43 130
43 131
43 132
43 133
43 135
43 141
43 142
43 145
43 147
43 148
43 149
43 152
43 153
43 156
43 163
43 167
43 171
43 175
43 177
43 178
43 180
43 183
43 186
43 187
43 189
43 191
43 192
43 196
43 208
43 212
43 213
43 217
43 219
43 229
43 237
43 239
43 251
43 256
43 266
43 268
43 275
43 283
43 289
43 299
43 195
43 139
44 45
44 46
44 47
44 48
44 49
44 50
44 51
44 52
44 53
44 54
44 55
44 56
44 57
44 58
44 60
44 62
44 63
44 64
44 66
44 67
44 68
44 70
44 71
44 72
44 73
44 74
44 76
44 78
44 80
44 81
44 83
44 84
44 86
44 87
44 88
44 89
44 92
44 93
44 94
44 95
44 96
44 101
44 104
44 105
44 108
44 113
44 115
44 117
44 121
44 124
44 125
44 128
44 129
44 132
44 133
44 135
44 140
44 141
44 145
44 150
44 153
44 156
44 162
44 163
44 166
44 168
44 171
44 172
44 178
44 179
44 183
44 196
44 199
44 218
44 227
44 230
44 232
44 234
44 236
44 242
44 249
44 257
44 259
44 261
44 268
44 275
44 279
44 285
44 44
45 46
45 47
45 48
45 49
45 51
45 52
45 57
45 58
45 59
45 60
45 61
45 62
45 63
45 65
45 67
45 68
45 69
45 70
45 71
45 73
45 75
45 78
45 82
45 84
45 85
45 86
45 88
45 89
45 92
45 94
45 97
45 98
45 99
45 101
45 102
45 103
45 105
45 108
45 110
45 113
45 117
45 123
45 124
45 126
45 127
45 128
45 129
45 132
45 133
45 141
45 142
45 147
45 148
45 149
45 150
45 151
45 152
45 160
45 161
45 163
45 167
45 173
45 176
45 179
45 184
45 191
45 195
45 197
45 198
45 199
45 201
45 203
45 206
45 210
45 211
45 215
45 218
45 221
45 223
45 232
45 239
45 244
45 247
45 249
45 251
45 253
45 255
45 267
45 276
45 279
45 284
45 288
45 296
45 299
45 53
46 47
46 48
46 49
46 50
46 51
46 53
46 54
46 55
46 56
46 57
46 58
46 59
46 60
46 63
46 64
46 66
46 67
46 68
46 69
46 70
46 71
46 72
46 73
46 75
46 76
46 78
46 79
46 80
46 82
46 85
46 87
46 88
46 90
46 91
46 92
46 93
46 95
46 99
46 100
46 103
46 104
46 105
46 106
46 110
46 112
46 116
46 121
46 122
46 123
46 124
46 125
46 129
46 136
46 137
46 138
46 139
46 143
46 144
46 145
46 148
46 150
46 152
46 155
46 157
46 158
46 162
46 167
46 170
46 171
46 172
46 174
46 181
46 183
46 185
46 190
46 197
46 200
46 202
46 207
46 209
46 214
46 215
46 225
46 227
46 230
46 231
46 234
46 235
46 236
46 240
46 244
46 246
46 256
46 262
46 264
46 269
46 275
46 279
46 280
46 283
46 292
46 294
46 108
46 249
47 48
47 49
47 50
47 51
47 52
47 56
47 57
47 58
47 59
47 62
47 64
47 65
47 66
47 67
47 68
47 69
47 71
47 74
47 75
47 79
47 80
47 81
47 83
47 86
47 87
47 92
47 93
47 94
47 96
47 100
47 101
47 103
47 104
47 105
47 106
47 107
47 108
47 109
47 110
47 112
47 114
47 115
47 116
47 123
47 124
47 130
47 132
47 137
47 138
47 142
47 146
47 148
47 151
47 152
47 153
47 154
47 159
47 162
47 165
47 166
47 167
47 168
47 170
47 174
47 178
47 184
47 190
47 192
47 197
47 206
47 213
47 216
47 221
47 224
47 228
47 229
47 234
47 235
47 239
47 242
47 243
47 249
47 253
47 254
47 258
47 264
47 265
47 270
47 275
47 277
47 278
47 280
47 291
47 294
48 49
48 50
48 51
48 52
48 53
48 54
48 55
48 57
48 58
48 59
48 60
48 61
48 63
48 64
48 65
48 66
48 69
48 70
48 71
48 72
48 73
48 74
48 76
48 77
48 78
48 79
48 81
48 82
48 83
48 84
48 85
48 86
48 87
48 88
48 91
48 92
48 93
48 95
48 96
48 97
48 98
48 101
48 102
48 103
48 106
48 107
48 114
48 121
48 125
48 126
48 127
48 129
48 133
48 134
48 135
48 139
48 141
48 142
48 145
48 146
48 147
48 148
48 150
48 155
48 160
48 164
48 173
48 174
48 175
48 177
48 179
48 180
48 185
48 188
48 190
48 195
48 203
48 205
48 211
48 216
48 221
48 223
48 225
48 228
48 231
48 234
48 238
48 240
48 245
48 246
48 248
48 250
48 251
48 254
48 255
48 256
48 258
48 259
48 272
48 274
48 275
48 276
48 278
48 282
48 283
48 284
48 292
48 244
49 50
49 51
49 52
49 54
49 55
49 57
49 58
49 59
49 60
49 61
49 62
49 63
49 64
49 65
49 67
49 68
49 69
49 70
49 71
49 72
49 73
49 74
49 75
49 77
49 78
49 82
49 83
49 85
49 86
49 89
49 90
49 92
49 93
49 96
49 99
49 100
49 101
49 103
49 104
49 105
49 107
49 108
49 109
49 112
49 113
49 115
49 117
49 118
49 119
49 121
49 122
49 124
49 126
49 128
49 129
49 130
49 132
49 133
49 136
49 138
49 139
49 143
49 152
49 155
49 157
49 159
49 162
49 164
49 165
49 168
49 170
49 172
49 174
49 177
49 179
49 180
49 181
49 182
49 183
49 184
49 185
49 191
49 193
49 198
49 199
49 202
49 209
49 216
49 217
49 218
49 219
49 221
49 222
49 226
49 229
49 231
49 237
49 238
49 239
49 240
49 246
49 247
49 250
49 252
49 255
49 259
49 264
49 270
49 273
49 274
49 275
49 276
49 280
49 281
49 287
49 290
49 167
49 296
50 51
50 52
50 53
50 54
50 56
50 57
50 58
50 59
50 60
50 62
50 64
50 65
50 66
50 67
50 69
50 70
50 71
50 73
50 75
50 77
50 79
50 80
50 81
50 82
50 83
50 86
50 89
50 90
50 91
50 92
50 101
50 102
50 105
50 108
50 109
50 111
50 116
50 120
50 122
50 123
50 130
50 132
50 133
50 136
50 137
50 140
50 145
50 147
50 154
50 157
50 158
50 162
50 167
50 173
50 174
50 178
50 179
50 196
50 202
50 213
50 217
50 219
50 220
50 221
50 228
50 230
50 233
50 234
50 235
50 241
50 250
50 258
50 264
50 281
50 284
50 285
50 288
50 295
50 297
50 117
51 52
51 53
51 54
51 55
51 56
51 57
51 59
51 60
51 61
51 64
51 67
51 68
51 69
51 70
51 71
51 75
51 76
51 77
51 79
51 80
51 82
51 84
51 85
51 88
51 89
51 92
51 96
51 97
51 99
51 100
51 104
51 105
51 106
51 107
51 108
51 110
51 111
51 113
51 114
51 115
51 118
51 120
51 122
51 125
51 128
51 132
51 133
51 134
51 136
51 138
51 139
51 140
51 160
51 163
51 164
51 169
51 172
51 173
51 176
51 177
51 179
51 180
51 187
51 193
51 194
51 195
51 198
51 202
51 215
51 217
51 225
51 229
51 230
51 233
51 236
51 237
51 241
51 243
51 247
51 254
51 256
51 259
51 260
51 262
51 267
51 272
51 276
51 277
51 282
51 289
51 297
52 53
52 54
52 55
52 56
52 57
52 58
52 60
52 61
52 62
52 63
52 64
52 65
52 66
52 70
52 72
52 73
52 77
52 79
52 81
52 82
52 86
52 87
52 89
52 90
52 94
52 100
52 101
52 104
52 105
52 107
52 109
52 111
52 113
52 114
52 116
52 118
52 123
52 126
52 127
52 134
52 135
52 137
52 138
52 140
52 141
52 145
52 146
52 152
52 155
52 162
52 163
52 165
52 167
52 168
52 176
52 180
52 181
52 186
52 193
52 199
52 200
52 203
52 205
52 206
52 207
52 208
52 211
52 212
52 213
52 216
52 217
52 232
52 235
52 237
52 238
52 244
52 245
52 246
52 252
52 265
52 266
52 278
52 280
52 282
52 286
52 287
52 296
52 299
53 54
53 55
53 56
53 57
53 58
53 62
53 63
53 64
53 65
53 67
53 68
53 70
53 71
53 72
53 73
53 74
53 75
53 76
53 80
53 81
53 82
53 83
53 84
53 85
53 88
53 89
53 90
53 91
53 94
53 97
53 98
53 101
53 102
53 103
53 105
53 108
53 109
53 110
53 112
53 114
53 115
53 116
53 117
53 126
53 128
53 132
53 133
53 136
53 138
53 144
53 145
53 146
53 149
53 152
53 157
53 159
53 165
53 166
53 170
53 171
53 173
53 180
53 182
53 186
53 187
53 192
53 195
53 203
53 204
53 209
53 214
53 217
53 226
53 233
53 234
53 239
53 243
53 244
53 248
53 251
53 253
53 264
53 268
53 273
53 274
53 275
53 278
53 282
53 286
53 287
53 292
53 296
53 298
53 224
53 245
54 55
54 57
54 58
54 59
54 60
54 62
54 63
54 64
54 66
54 68
54 71
54 73
54 74
54 77
54 81
54 82
54 83
54 85
54 86
54 87
54 88
54 90
54 91
54 99
54 112
54 115
54 116
54 120
54 122
54 124
54 125
54 126
54 127
54 131
54 133
54 137
54 140
54 144
54 145
54 148
54 153
54 158
54 164
54 166
54 169
54 171
54 174
54 175
54 177
54 178
54 185
54 188
54 192
54 196
54 198
54 206
54 210
54 213
54 218
54 221
54 222
54 224
54 226
54 230
54 240
54 241
54 246
54 247
54 256
54 258
54 263
54 265
54 280
54 295
54 299
54 162
54 223
55 56
55 57
55 58
55 59
55 60
55 61
55 64
55 65
55 66
55 67
55 68
55 71
55 73
55 74
55 75
55 76
55 77
55 78
55 79
55 80
55 81
55 82
55 86
55 87
55 89
55 93
55 94
55 95
55 96
55 97
55 98
55 100
55 103
55 108
55 113
55 115
55 119
55 120
55 125
55 126
55 129
55 130
55 131
55 133
55 134
55 135
55 138
55 139
55 140
55 142
55 143
55 147
55 152
55 154
55 156
55 160
55 161
55 164
55 167
55 169
55 170
55 173
55 174
55 175
55 176
55 182
55 186
55 187
55 190
55 191
55 193
55 194
55 198
55 200
55 202
55 204
55 207
55 208
55 213
55 217
55 218
55 220
55 230
55 231
55 232
55 238
55 239
55 240
55 249
55 252
55 253
55 254
55 257
55 260
55 264
55 265
55 269
55 276
55 286
55 294
55 299
55 284
56 57
56 59
56 60
56 61
56 62
56 63
56 64
56 67
56 71
56 72
56 73
56 76
56 77
56 78
56 80
56 81
56 83
56 85
56 90
56 91
56 92
56 97
56 98
56 109
56 111
56 112
56 116
56 117
56 118
56 121
56 125
56 126
56 127
56 130
56 140
56 141
56 145
56 148
56 156
56 157
56 158
56 161
56 163
56 164
56 166
56 171
56 175
56 178
56 182
56 187
56 192
56 193
56 196
56 199
56 207
56 213
56 218
56 220
56 223
56 228
56 244
56 246
56 253
56 256
56 260
56 266
56 279
56 285
56 296
56 87
56 186
56 283
57 59
57 60
57 61
57 63
57 67
57 68
57 70
57 71
57 72
57 74
57 76
57 77
57 78
57 79
57 82
57 83
57 85
57 86
57 87
57 89
57 92
57 94
57 95
57 96
57 97
57 99
57 101
57 102
57 105
57 108
57 109
57 110
57 112
57 117
57 119
57 123
57 124
57 125
57 126
57 129
57 132
57 134
57 135
57 136
57 140
57 143
57 145
57 148
57 157
57 159
57 161
57 166
57 169
57 170
57 172
57 177
57 178
57 181
57 182
57 191
57 200
57 202
57 208
57 209
57 219
57 220
57 221
57 222
57 223
57 226
57 227
57 230
57 232
57 239
57 249
57 251
57 253
57 257
57 265
57 266
57 268
57 272
57 284
57 287
57 295
57 298
58 61
58 62
58 63
58 65
58 69
58 70
58 72
58 73
58 75
58 77
58 84
58 85
58 86
58 87
58 90
58 92
58 98
58 101
58 105
58 110
58 111
58 112
58 114
58 115
58 116
58 121
58 122
58 129
58 132
58 133
58 135
58 136
58 139
58 141
58 157
58 159
58 161
58 162
58 163
58 175
58 181
58 183
58 185
58 190
58 201
58 204
58 206
58 208
58 214
58 215
58 216
58 221
58 223
58 224
58 226
58 228
58 237
58 244
58 250
58 258
58 265
58 269
58 272
58 275
58 279
58 280
58 291
58 292
58 298
58 299
58 169
58 149
59 60
59 61
59 62
59 63
59 64
59 66
59 68
59 70
59 71
59 72
59 74
59 75
59 77
59 79
59 80
59 81
59 83
59 86
59 87
59 89
59 90
59 93
59 95
59 98
59 100
59 101
59 103
59 106
59 107
59 110
59 112
59 113
59 116
59 117
59 118
59 125
59 134
59 141
59 144
59 149
59 151
59 152
59 154
59 156
59 157
59 161
59 163
59 166
59 168
59 170
59 172
59 175
59 176
59 177
59 178
59 179
59 180
59 183
59 185
59 187
59 188
59 190
59 197
59 200
59 204
59 205
59 212
59 215
59 220
59 224
59 226
59 231
59 237
59 241
59 242
59 246
59 248
59 251
59 256
59 262
59 264
59 267
59 269
59 271
59 273
59 274
59 281
59 288
59 290
59 295
59 296
59 299
60 61
60 65
60 66
60 68
60 70
60 73
60 75
60 76
60 77
60 78
60 81
60 82
60 83
60 88
60 90
60 91
60 93
60 94
60 100
60 103
60 106
60 109
60 110
60 112
60 115
60 117
60 118
60 119
60 125
60 127
60 128
60 131
60 132
60 137
60 138
60 141
60 145
60 149
60 151
60 156
60 158
60 161
60 167
60 172
60 173
60 174
60 175
60 179
60 180
60 183
60 186
60 191
60 194
60 195
60 197
60 200
60 206
60 207
60 209
60 210
60 211
60 215
60 217
60 224
60 232
60 234
60 243
60 254
60 263
60 264
60 266
60 272
60 280
60 62
60 144
60 228
61 62
61 63
61 64
61 67
61 68
61 69
61 78
61 79
61 80
61 81
61 82
61 84
61 85
61 86
61 87
61 88
61 91
61 93
61 95
61 96
61 97
61 100
61 102
61 103
61 104
61 107
61 113
61 114
61 115
61 117
61 118
61 119
61 120
61 123
61 124
61 125
61 126
61 129
61 130
61 131
61 136
61 137
61 138
61 141
61 143
61 145
61 148
61 149
61 154
61 160
61 174
61 176
61 181
61 182
61 183
61 184
61 185
61 188
61 190
61 192
61 196
61 200
61 202
61 205
61 210
61 213
61 214
61 223
61 230
61 231
61 232
61 233
61 237
61 240
61 245
61 251
61 255
61 256
61 258
61 261
61 265
61 266
61 274
61 279
61 280
61 283
61 285
61 296
61 297
61 186
62 64
62 65
62 66
62 67
62 68
62 69
62 72
62 76
62 77
62 81
62 83
62 84
62 88
62 92
62 93
62 95
62 96
62 98
62 101
62 104
62 105
62 106
62 107
62 108
62 109
62 113
62 114
62 121
62 125
62 128
62 132
62 138
62 143
62 148
62 149
62 150
62 158
62 159
62 163
62 166
62 170
62 171
62 172
62 184
62 194
62 195
62 202
62 204
62 209
62 222
62 228
62 231
62 232
62 239
62 241
62 243
62 246
62 249
62 251
62 255
62 266
62 267
62 270
62 278
62 288
62 289
62 295
62 298
62 162
63 67
63 69
63 70
63 71
63 73
63 75
63 77
63 79
63 82
63 84
63 85
63 88
63 90
63 91
63 93
63 94
63 96
63 97
63 98
63 101
63 102
63 104
63 105
63 108
63 109
63 110
63 111
63 114
63 115
63 119
63 122
63 125
63 129
63 132
63 133
63 135
63 137
63 138
63 139
63 146
63 147
63 151
63 152
63 153
63 160
63 166
63 172
63 179
63 182
63 183
63 185
63 188
63 191
63 193
63 197
63 200
63 202
63 206
63 213
63 214
63 229
63 232
63 235
63 238
63 240
63 250
63 257
63 258
63 262
63 268
63 269
63 273
63 276
63 281
63 284
63 286
63 289
63 296
63 298
63 216
64 66
64 67
64 69
64 70
64 71
64 73
64 74
64 75
64 78
64 79
64 80
64 81
64 89
64 91
64 92
64 94
64 96
64 98
64 99
64 100
64 102
64 106
64 107
64 110
64 111
64 119
64 121
64 122
64 124
64 125
64 126
64 130
64 133
64 135
64 137
64 140
64 152
64 153
64 154
64 157
64 160
64 161
64 163
64 170
64 172
64 185
64 191
64 192
64 197
64 198
64 205
64 208
64 209
64 212
64 213
64 215
64 218
64 219
64 223
64 229
64 236
64 237
64 239
64 243
64 244
64 246
64 256
64 259
64 260
64 263
64 266
64 272
64 289
64 292
65 66
65 68
65 72
65 74
65 75
65 77
65 78
65 79
65 83
65 86
65 88
65 90
65 91
65 94
65 96
65 98
65 101
65 102
65 103
65 105
65 111
65 112
65 114
65 117
65 122
65 126
65 131
65 134
65 137
65 139
65 145
65 150
65 151
65 157
65 160
65 162
65 176
65 179
65 182
65 187
65 192
65 196
65 197
65 204
65 206
65 209
65 215
65 226
65 244
65 247
65 254
65 258
65 268
65 273
65 275
65 278
65 280
65 284
65 285
65 286
65 289
65 290
65 295
65 298
66 67
66 69
66 70
66 71
66 74
66 75
66 76
66 81
66 82
66 84
66 86
66 87
66 88
66 89
66 91
66 93
66 94
66 95
66 96
66 97
66 100
66 101
66 102
66 103
66 104
66 105
66 106
66 111
66 115
66 117
66 122
66 123
66 124
66 125
66 127
66 130
66 131
66 134
66 135
66 138
66 139
66 149
66 154
66 155
66 156
66 157
66 159
66 165
66 168
66 171
66 172
66 179
66 180
66 191
66 192
66 195
66 196
66 197
66 198
66 202
66 211
66 213
66 214
66 215
66 218
66 229
66 233
66 234
66 243
66 248
66 251
66 254
66 255
66 257
66 258
66 261
66 263
66 269
66 277
66 287
66 290
66 294
66 247
66 146
66 166
67 69
67 70
67 71
67 76
67 77
67 78
67 79
67 81
67 83
67 88
67 90
67 94
67 95
67 102
67 103
67 107
67 109
67 110
67 115
67 116
67 118
67 119
67 120
67 121
67 122
67 127
67 131
67 154
67 158
67 159
67 161
67 165
67 166
67 169
67 171
67 173
67 178
67 179
67 181
67 185
67 186
67 187
67 192
67 193
67 197
67 213
67 215
67 217
67 218
67 220
67 239
67 242
67 245
67 246
67 249
67 252
67 258
67 260
67 280
67 281
67 290
67 189
68 70
68 71
68 72
68 73
68 78
68 81
68 82
68 83
68 84
68 85
68 86
68 88
68 92
68 94
68 97
68 99
68 100
68 105
68 107
68 109
68 117
68 118
68 120
68 122
68 125
68 126
68 132
68 139
68 144
68 147
68 150
68 160
68 164
68 167
68 168
68 169
68 171
68 179
68 183
68 186
68 188
68 189
68 191
68 194
68 195
68 203
68 204
68 206
68 213
68 216
68 230
68 231
68 233
68 238
68 241
68 242
68 244
68 250
68 271
68 273
68 274
68 278
68 282
68 286
68 287
68 289
68 295
68 298
68 103
68 177
69 74
69 75
69 85
69 89
69 92
69 93
69 94
69 99
69 102
69 109
69 112
69 116
69 118
69 133
69 143
69 154
69 156
69 157
69 161
69 163
69 165
69 167
69 168
69 171
69 181
69 183
69 185
69 189
69 190
69 192
69 200
69 201
69 205
69 206
69 210
69 214
69 222
69 231
69 234
69 236
69 247
69 248
69 249
69 258
69 265
69 266
69 267
69 285
69 289
69 291
69 292
69 293
69 294
69 178
70 72
70 75
70 79
70 80
70 85
70 87
70 90
70 93
70 94
70 95
70 96
70 97
70 99
70 100
70 101
70 105
70 107
70 108
70 111
70 115
70 116
70 118
70 120
70 129
70 131
70 135
70 136
70 137
70 138
70 139
70 140
70 142
70 146
70 147
70 150
70 154
70 159
70 162
70 166
70 170
70 173
70 175
70 177
70 181
70 184
70 189
70 191
70 192
70 194
70 197
70 205
70 209
70 223
70 225
70 242
70 247
70 254
70 260
70 261
70 262
70 263
70 266
70 272
70 274
70 277
70 281
70 296
70 250
70 102
71 72
71 73
71 74
71 76
71 78
71 79
71 80
71 81
71 90
71 92
71 95
71 97
71 99
71 100
71 102
71 106
71 111
71 113
71 116
71 117
71 121
71 127
71 139
71 142
71 146
71 157
71 158
71 159
71 163
71 167
71 169
71 174
71 175
71 176
71 189
71 196
71 207
71 211
71 212
71 216
71 221
71 237
71 238
71 241
71 251
71 277
71 279
71 281
71 289
71 290
71 295
71 296
71 144
71 217
72 73
72 78
72 81
72 83
72 85
72 87
72 88
72 91
72 92
72 95
72 99
72 100
72 101
72 105
72 106
72 108
72 110
72 113
72 114
72 118
72 120
72 123
72 126
72 127
72 129
72 132
72 141
72 142
72 143
72 144
72 149
72 152
72 156
72 163
72 169
72 173
72 174
72 178
72 185
72 191
72 197
72 200
72 210
72 213
72 216
72 222
72 224
72 226
72 236
72 243
72 244
72 252
72 253
72 254
72 258
72 259
72 267
72 274
72 278
72 279
72 280
72 285
72 288
72 298
72 207
73 74
73 75
73 76
73 77
73 79
73 81
73 83
73 86
73 87
73 89
73 91
73 92
73 93
73 97
73 98
73 99
73 100
73 103
73 104
73 106
73 107
73 109
73 110
73 111
73 112
73 121
73 122
73 123
73 124
73 125
73 135
73 136
73 140
73 149
73 154
73 157
73 159
73 161
73 162
73 163
73 166
73 173
73 174
73 176
73 181
73 184
73 188
73 189
73 192
73 193
73 194
73 198
73 199
73 202
73 205
73 213
73 219
73 222
73 227
73 233
73 244
73 248
73 252
73 265
73 275
73 277
73 278
73 281
73 283
73 291
73 296
74 76
74 78
74 79
74 80
74 84
74 86
74 90
74 91
74 95
74 96
74 97
74 100
74 101
74 103
74 106
74 111
74 112
74 114
74 115
74 117
74 122
74 125
74 128
74 133
74 143
74 144
74 145
74 147
74 153
74 154
74 155
74 158
74 164
74 170
74 171
74 181
74 183
74 186
74 187
74 188
74 208
74 209
74 210
74 212
74 215
74 217
74 219
74 222
74 231
74 246
74 247
74 248
74 249
74 251
74 256
74 257
74 259
74 263
74 265
74 289
74 292
74 294
74 88
75 76
75 77
75 79
75 81
75 82
75 83
75 87
75 88
75 89
75 92
75 93
75 94
75 96
75 97
75 98
75 100
75 102
75 106
75 109
75 113
75 121
75 122
75 133
75 135
75 137
75 143
75 144
75 153
75 155
75 158
75 159
75 165
75 167
75 172
75 176
75 177
75 180
75 184
75 185
75 189
75 190
75 191
75 192
75 195
75 197
75 198
75 213
75 218
75 222
75 233
75 238
75 239
75 248
75 255
75 261
75 265
75 269
75 270
75 124
75 266
76 82
76 90
76 98
76 107
76 108
76 121
76 127
76 129
76 134
76 136
76 140
76 142
76 146
76 149
76 154
76 157
76 160
76 170
76 172
76 181
76 182
76 184
76 187
76 197
76 203
76 207
76 209
76 214
76 222
76 233
76 258
76 78
77 78
77 80
77 82
77 86
77 97
77 98
77 99
77 102
77 108
77 112
77 113
77 115
77 118
77 121
77 127
77 134
77 139
77 146
77 148
77 151
77 153
77 173
77 181
77 189
77 195
77 207
77 222
77 224
77 227
77 229
77 235
77 236
77 260
77 261
77 269
77 272
77 274
77 281
77 284
77 285
77 286
77 297
77 137
78 81
78 82
78 83
78 84
78 87
78 88
78 90
78 91
78 92
78 97
78 102
78 103
78 109
78 114
78 116
78 118
78 126
78 131
78 135
78 142
78 149
78 151
78 154
78 160
78 162
78 165
78 173
78 177
78 183
78 191
78 212
78 223
78 224
78 226
78 227
78 230
78 231
78 241
78 242
78 245
78 246
78 248
78 258
78 271
78 274
78 277
78 278
78 288
78 290
78 286
79 82
79 84
79 90
79 92
79 99
79 105
79 106
79 111
79 114
79 115
79 124
79 128
79 129
79 139
79 140
79 142
79 145
79 153
79 155
79 161
79 165
79 182
79 197
79 201
79 211
79 219
79 228
79 233
79 249
79 258
79 260
79 261
79 264
79 266
79 279
79 285
79 290
79 293
79 295
79 272
79 96
80 82
80 83
80 86
80 91
80 96
80 97
80 106
80 110
80 112
80 116
80 119
80 122
80 129
80 133
80 135
80 144
80 146
80 148
80 153
80 157
80 159
80 164
80 165
80 166
80 167
80 169
80 184
80 192
80 193
80 199
80 201
80 204
80 206
80 225
80 230
80 233
80 237
80 239
80 251
80 257
80 258
80 261
80 262
80 270
80 271
80 276
80 280
80 287
80 299
80 143
80 212
81 82
81 83
81 88
81 96
81 97
81 108
81 109
81 113
81 114
81 115
81 120
81 126
81 137
81 142
81 145
81 150
81 156
81 158
81 159
81 161
81 171
81 172
81 173
81 176
81 189
81 190
81 198
81 199
81 200
81 204
81 212
81 215
81 217
81 242
81 244
81 253
81 255
81 259
81 264
81 267
81 269
81 273
81 276
81 285
81 299
81 92
81 123
81 270
82 83
82 85
82 88
82 92
82 93
82 98
82 99
82 104
82 110
82 114
82 116
82 117
82 119
82 120
82 123
82 124
82 125
82 126
82 127
82 128
82 135
82 138
82 142
82 146
82 149
82 151
82 153
82 157
82 158
82 159
82 163
82 166
82 174
82 176
82 187
82 192
82 198
82 200
82 203
82 208
82 210
82 219
82 224
82 241
82 248
82 249
82 252
82 262
82 265
82 268
82 273
82 274
82 277
82 284
82 288
82 289
83 84
83 85
83 87
83 92
83 93
83 94
83 95
83 99
83 103
83 105
83 107
83 113
83 116
83 120
83 123
83 127
83 128
83 130
83 133
83 134
83 137
83 138
83 139
83 143
83 144
83 149
83 155
83 159
83 166
83 169
83 180
83 182
83 183
83 187
83 201
83 211
83 212
83 215
83 217
83 222
83 231
83 232
83 245
83 246
83 251
83 258
83 260
83 279
83 286
83 298
83 162
84 85
84 86
84 88
84 94
84 95
84 96
84 99
84 101
84 102
84 103
84 119
84 125
84 126
84 131
84 133
84 137
84 139
84 143
84 145
84 152
84 153
84 160
84 170
84 176
84 181
84 182
84 186
84 193
84 202
84 204
84 212
84 216
84 217
84 224
84 226
84 231
84 232
84 260
84 263
84 270
84 271
84 279
84 285
84 286
84 293
84 298
84 287
85 89
85 90
85 95
85 99
85 101
85 104
85 106
85 107
85 108
85 114
85 119
85 124
85 130
85 134
85 143
85 147
85 155
85 161
85 166
85 168
85 169
85 176
85 179
85 185
85 188
85 190
85 192
85 200
85 207
85 226
85 248
85 249
85 251
85 252
85 254
85 270
85 283
85 289
85 297
85 298
85 202
85 109
86 95
86 96
86 102
86 104
86 111
86 112
86 114
86 119
86 121
86 122
86 131
86 137
86 138
86 139
86 143
86 150
86 153
86 161
86 162
86 168
86 170
86 174
86 178
86 184
86 187
86 198
86 199
86 210
86 225
86 228
86 234
86 235
86 243
86 257
86 267
86 276
86 282
86 286
86 291
86 293
86 113
86 258
87 90
87 92
87 94
87 96
87 102
87 104
87 105
87 109
87 110
87 123
87 133
87 134
87 135
87 140
87 153
87 155
87 156
87 158
87 159
87 160
87 162
87 185
87 186
87 204
87 210
87 215
87 218
87 224
87 225
87 229
87 230
87 233
87 238
87 270
87 280
87 284
87 291
87 292
87 293
87 297
88 95
88 98
88 99
88 104
88 107
88 108
88 109
88 110
88 115
88 116
88 117
88 120
88 127
88 134
88 137
88 138
88 147
88 155
88 156
88 157
88 163
88 164
88 170
88 173
88 189
88 193
88 194
88 203
88 205
88 206
88 212
88 218
88 220
88 227
88 228
88 234
88 235
88 238
88 239
88 243
88 249
88 251
88 254
88 255
88 256
88 257
88 258
88 260
88 264
88 266
88 272
88 274
88 279
88 283
88 289
89 90
89 91
89 102
89 103
89 104
89 106
89 117
89 120
89 123
89 125
89 133
89 135
89 141
89 153
89 155
89 160
89 163
89 171
89 175
89 186
89 192
89 195
89 196
89 204
89 206
89 210
89 211
89 213
89 214
89 218
89 225
89 233
89 238
89 242
89 253
89 255
89 256
89 260
89 261
89 266
89 273
89 274
89 281
89 287
89 288
89 290
89 172
89 299
90 91
90 92
90 95
90 100
90 103
90 104
90 106
90 118
90 124
90 127
90 128
90 131
90 135
90 136
90 138
90 141
90 142
90 147
90 152
90 161
90 162
90 168
90 170
90 177
90 182
90 188
90 189
90 190
90 195
90 198
90 201
90 202
90 208
90 213
90 215
90 225
90 238
90 249
90 252
90 254
90 257
90 258
90 261
90 263
90 272
90 133
91 96
91 98
91 100
91 103
91 106
91 110
91 120
91 121
91 130
91 134
91 135
91 136
91 156
91 172
91 177
91 182
91 188
91 204
91 211
91 212
91 226
91 227
91 233
91 255
91 263
91 268
91 271
91 281
91 293
91 295
91 163
92 95
92 98
92 101
92 102
92 103
92 113
92 115
92 116
92 121
92 124
92 129
92 130
92 136
92 143
92 146
92 148
92 153
92 154
92 156
92 166
92 168
92 174
92 175
92 178
92 189
92 197
92 199
92 200
92 205
92 207
92 215
92 223
92 225
92 230
92 241
92 246
92 255
92 263
92 264
92 267
92 269
92 272
92 283
92 285
92 286
92 291
92 294
93 105
93 108
93 115
93 120
93 127
93 131
93 132
93 134
93 138
93 141
93 144
93 148
93 165
93 172
93 181
93 183
93 186
93 187
93 195
93 201
93 203
93 207
93 209
93 211
93 212
93 222
93 226
93 235
93 239
93 240
93 242
93 243
93 250
93 253
93 260
93 277
93 286
93 292
93 293
93 294
93 241
94 95
94 98
94 101
94 109
94 111
94 124
94 126
94 128
94 137
94 139
94 142
94 145
94 150
94 153
94 156
94 162
94 168
94 173
94 177
94 179
94 185
94 193
94 194
94 197
94 198
94 201
94 203
94 211
94 214
94 221
94 223
94 225
94 235
94 236
94 241
94 250
94 253
94 267
94 275
94 277
94 224
95 96
95 99
95 102
95 103
95 107
95 108
95 110
95 115
95 120
95 121
95 126
95 128
95 129
95 130
95 136
95 137
95 138
95 140
95 142
95 148
95 149
95 150
95 152
95 155
95 159
95 166
95 168
95 177
95 181
95 184
95 185
95 188
95 190
95 191
95 192
95 198
95 224
95 227
95 238
95 241
95 246
95 248
95 249
95 255
95 257
95 260
95 273
95 277
95 281
95 288
95 295
95 298
95 141
96 97
96 99
96 102
96 107
96 116
96 119
96 122
96 124
96 131
96 134
96 144
96 148
96 150
96 155
96 163
96 166
96 168
96 170
96 175
96 183
96 184
96 219
96 220
96 252
96 267
96 277
96 278
96 279
96 283
96 286
97 110
97 111
97 113
97 121
97 123
97 126
97 127
97 128
97 130
97 131
97 134
97 144
97 147
97 150
97 151
97 154
97 178
97 186
97 187
97 189
97 194
97 200
97 204
97 216
97 219
97 224
97 227
97 234
97 235
97 243
97 252
97 267
97 279
97 166
98 99
98 106
98 108
98 109
98 110
98 111
98 118
98 123
98 136
98 138
98 148
98 165
98 167
98 171
98 177
98 180
98 198
98 202
98 205
98 210
98 214
98 217
98 222
98 224
98 229
98 242
98 250
98 255
98 270
98 277
98 293
98 297
98 291
99 101
99 110
99 115
99 122
99 131
99 147
99 149
99 151
99 154
99 158
99 160
99 163
99 168
99 171
99 174
99 175
99 180
99 183
99 194
99 200
99 204
99 211
99 220
99 225
99 228
99 236
99 237
99 253
99 254
99 260
99 265
99 291
99 298
99 105
100 103
100 108
100 109
100 116
100 123
100 126
100 132
100 134
100 136
100 141
100 143
100 147
100 160
100 171
100 175
100 185
100 194
100 205
100 212
100 222
100 232
100 252
100 260
100 266
100 273
100 280
100 286
100 287
100 288
100 289
100 298
100 248
101 105
101 111
101 119
101 121
101 126
101 128
101 130
101 149
101 151
101 153
101 159
101 161
101 164
101 167
101 170
101 177
101 178
101 181
101 182
101 184
101 187
101 188
101 189
101 197
101 212
101 214
101 217
101 219
101 224
101 227
101 240
101 242
101 247
101 252
101 257
101 274
101 282
101 294
101 254
102 105
102 107
102 110
102 111
102 113
102 119
102 121
102 127
102 134
102 135
102 143
102 144
102 157
102 158
102 174
102 193
102 203
102 206
102 212
102 226
102 254
102 269
102 270
102 272
102 274
102 283
102 288
103 104
103 106
103 112
103 117
103 118
103 120
103 124
103 126
103 128
103 132
103 133
103 137
103 140
103 141
103 142
103 154
103 161
103 162
103 165
103 167
103 175
103 179
103 182
103 193
103 199
103 201
103 202
103 215
103 218
103 219
103 221
103 227
103 236
103 237
103 240
103 245
103 264
103 270
103 271
103 278
103 287
103 289
103 163
103 208
103 233
104 105
104 111
104 121
104 123
104 126
104 127
104 128
104 129
104 134
104 136
104 146
104 148
104 149
104 150
104 159
104 164
104 169
104 184
104 188
104 191
104 196
104 201
104 202
104 204
104 216
104 220
104 231
104 255
104 270
104 271
104 277
104 286
104 236
104 280
105 111
105 112
105 113
105 118
105 120
105 125
105 127
105 128
105 131
105 135
105 138
105 139
105 157
105 159
105 165
105 166
105 173
105 179
105 183
105 186
105 189
105 199
105 201
105 207
105 210
105 214
105 215
105 218
105 220
105 225
105 231
105 237
105 241
105 244
105 259
105 261
105 265
105 268
105 277
105 278
105 284
105 285
105 287
105 299
105 146
105 132
106 109
106 115
106 119
106 120
106 124
106 127
106 132
106 139
106 142
106 146
106 152
106 156
106 157
106 169
106 173
106 200
106 212
106 216
106 229
106 236
106 248
106 256
106 268
106 277
106 292
106 164
106 159
106 238
106 250
107 114
107 120
107 121
107 124
107 137
107 139
107 144
107 147
107 154
107 156
107 157
107 165
107 166
107 171
107 177
107 178
107 179
107 181
107 208
107 212
107 220
107 229
107 232
107 233
107 243
107 246
107 256
107 266
107 270
107 271
107 272
107 293
107 295
107 299
107 235
108 112
108 113
108 123
108 127
108 132
108 133
108 134
108 136
108 142
108 150
108 154
108 157
108 165
108 167
108 172
108 184
108 187
108 194
108 195
108 215
108 221
108 226
108 227
108 230
108 234
108 238
108 248
108 250
108 256
108 257
108 262
108 267
108 280
108 285
108 289
108 292
108 293
108 296
108 114
108 126
109 116
109 118
109 120
109 121
109 123
109 129
109 130
109 133
109 138
109 152
109 156
109 164
109 165
109 173
109 174
109 186
109 188
109 189
109 191
109 196
109 215
109 221
109 223
109 230
109 246
109 247
109 256
109 262
109 263
109 264
109 275
109 278
109 292
109 297
110 119
110 122
110 129
110 135
110 137
110 146
110 151
110 156
110 157
110 161
110 169
110 175
110 178
110 179
110 186
110 187
110 188
110 191
110 198
110 200
110 202
110 207
110 215
110 217
110 221
110 227
110 231
110 232
110 234
110 236
110 238
110 260
110 265
110 274
110 282
110 289
110 290
110 296
111 118
111 120
111 131
111 138
111 140
111 144
111 145
111 147
111 155
111 157
111 163
111 164
111 180
111 181
111 184
111 185
111 193
111 194
111 196
111 198
111 199
111 201
111 204
111 213
111 216
111 221
111 223
111 233
111 238
111 252
111 257
111 266
111 271
111 287
111 174
111 268
112 121
112 125
112 130
112 134
112 137
112 142
112 153
112 164
112 171
112 177
112 185
112 195
112 202
112 207
112 208
112 211
112 215
112 216
112 217
112 221
112 228
112 235
112 247
112 256
112 263
112 274
112 275
112 293
113 114
113 116
113 118
113 123
113 124
113 125
113 126
113 128
113 130
113 139
113 140
113 144
113 153
113 155
113 162
113 166
113 172
113 185
113 186
113 191
113 193
113 211
113 224
113 229
113 248
113 251
113 253
113 264
113 272
113 276
113 279
113 282
113 284
113 289
113 293
113 295
113 298
114 115
114 117
114 122
114 127
114 129
114 132
114 133
114 135
114 136
114 146
114 151
114 153
114 155
114 158
114 160
114 164
114 166
114 169
114 173
114 198
114 204
114 208
114 213
114 221
114 233
114 237
114 243
114 246
114 258
114 270
114 271
114 281
114 282
114 295
114 272
115 116
115 117
115 120
115 124
115 126
115 132
115 139
115 144
115 151
115 154
115 156
115 158
115 167
115 177
115 204
115 209
115 219
115 224
115 243
115 248
115 257
115 259
115 266
115 270
115 279
115 280
115 282
115 295
116 118
116 119
116 128
116 132
116 136
116 153
116 172
116 173
116 177
116 181
116 191
116 200
116 205
116 209
116 210
116 218
116 221
116 228
116 233
116 236
116 249
116 269
116 294
116 121
117 125
117 128
117 130
117 134
117 135
117 139
117 148
117 149
117 159
117 163
117 165
117 172
117 176
117 178
117 181
117 182
117 203
117 208
117 212
117 215
117 217
117 222
117 225
117 229
117 237
117 253
117 270
117 294
117 297
117 205
118 120
118 121
118 122
118 130
118 132
118 139
118 146
118 148
118 156
118 158
118 160
118 163
118 169
118 176
118 177
118 179
118 183
118 188
118 194
118 196
118 200
118 207
118 208
118 219
118 221
118 226
118 233
118 234
118 242
118 245
118 256
118 262
118 273
118 276
118 277
118 282
118 296
118 298
119 120
119 124
119 125
119 128
119 142
119 146
119 147
119 155
119 156
119 165
119 172
119 177
119 197
119 198
119 205
119 207
119 216
119 222
119 228
119 248
119 255
119 256
119 258
119 274
119 281
119 291
119 294
119 299
119 135
120 122
120 124
120 129
120 138
120 143
120 148
120 150
120 154
120 171
120 172
120 178
120 179
120 182
120 183
120 189
120 190
120 193
120 210
120 216
120 218
120 219
120 223
120 227
120 234
120 235
120 259
120 263
120 267
120 268
120 271
120 275
120 277
120 284
120 286
120 297
120 299
120 139
120 196
121 124
121 129
121 132
121 144
121 154
121 167
121 169
121 186
121 190
121 200
121 207
121 213
121 215
121 221
121 226
121 246
121 250
121 267
121 268
121 269
121 275
121 279
121 296
121 209
122 123
122 125
122 136
122 141
122 146
122 152
122 158
122 169
122 181
122 186
122 188
122 189
122 196
122 203
122 209
122 220
122 223
122 227
122 231
122 239
122 240
122 246
122 253
122 263
122 288
122 299
122 164
123 128
123 131
123 146
123 148
123 152
123 155
123 158
123 161
123 163
123 167
123 170
123 184
123 194
123 196
123 198
123 203
123 206
123 209
123 224
123 227
123 246
123 269
123 270
123 273
123 297
124 130
124 135
124 137
124 146
124 156
124 172
124 177
124 190
124 193
124 194
124 198
124 200
124 206
124 211
124 214
124 219
124 224
124 225
124 237
124 239
124 245
124 254
124 284
124 293
124 299
125 126
125 130
125 132
125 134
125 136
125 156
125 166
125 184
125 191
125 195
125 198
125 224
125 229
125 245
125 252
125 282
125 287
125 289
125 216
126 129
126 133
126 140
126 143
126 144
126 160
126 171
126 181
126 205
126 219
126 224
126 229
126 234
126 244
126 246
126 258
126 261
126 266
126 273
126 274
126 276
126 282
126 286
126 294
127 139
127 143
127 149
127 152
127 160
127 180
127 181
127 190
127 204
127 210
127 211
127 218
127 233
127 237
127 238
127 246
127 252
127 253
127 254
127 196
128 129
128 130
128 136
128 140
128 148
128 151
128 160
128 164
128 168
128 175
128 183
128 192
128 199
128 223
128 226
128 231
128 233
128 234
128 235
128 237
128 238
128 257
128 260
128 265
128 268
128 276
128 278
128 279
128 280
129 130
129 131
129 136
129 146
129 151
129 153
129 158
129 171
129 182
129 185
129 192
129 198
129 209
129 220
129 221
129 222
129 235
129 237
129 241
129 265
129 268
129 269
129 271
129 276
129 277
129 283
129 288
129 289
129 290
129 292
129 295
129 145
130 132
130 136
130 153
130 158
130 160
130 172
130 183
130 207
130 210
130 223
130 226
130 240
130 264
130 270
130 282
130 285
130 289
130 295
131 133
131 137
131 141
131 142
131 144
131 147
131 149
131 155
131 172
131 173
131 175
131 178
131 183
131 194
131 195
131 200
131 201
131 202
131 205
131 210
131 212
131 227
131 232
131 243
131 245
131 250
131 266
132 144
132 146
132 149
132 164
132 189
132 190
132 197
132 199
132 206
132 214
132 216
132 217
132 225
132 235
132 240
132 260
132 268
132 281
132 285
132 286
133 136
133 137
133 140
133 154
133 161
133 164
133 165
133 169
133 171
133 178
133 189
133 198
133 202
133 207
133 208
133 211
133 212
133 223
133 232
133 254
133 255
133 259
133 274
133 289
134 140
134 145
134 148
134 150
134 158
134 159
134 160
134 163
134 165
134 167
134 169
134 170
134 177
134 180
134 187
134 189
134 190
134 199
134 201
134 208
134 220
134 224
134 237
134 239
134 241
134 244
134 264
134 267
134 273
134 281
134 289
134 291
134 195
135 143
135 149
135 152
135 162
135 168
135 178
135 186
135 193
135 196
135 210
135 214
135 216
135 218
135 226
135 235
135 240
135 250
135 252
135 255
135 261
135 272
135 276
135 289
136 140
136 141
136 144
136 149
136 157
136 162
136 164
136 166
136 173
136 176
136 181
136 185
136 190
136 197
136 200
136 202
136 216
136 226
136 240
136 248
136 251
136 259
136 274
136 285
136 287
136 288
136 290
136 293
137 154
137 155
137 159
137 165
137 175
137 176
137 179
137 190
137 197
137 206
137 207
137 212
137 229
137 233
137 235
137 238
137 256
137 262
137 270
138 140
138 145
138 157
138 165
138 168
138 181
138 184
138 213
138 225
138 230
138 231
138 234
138 242
138 269
138 271
138 284
138 296
138 192
139 141
139 143
139 156
139 159
139 162
139 169
139 174
139 175
139 178
139 187
139 192
139 195
139 201
139 203
139 205
139 206
139 211
139 218
139 225
139 236
139 241
139 248
139 256
139 261
139 268
139 281
139 283
139 288
139 291
139 296
140 141
140 148
140 150
140 157
140 158
140 162
140 169
140 177
140 193
140 203
140 204
140 207
140 210
140 214
140 231
140 235
140 240
140 253
140 254
140 261
140 273
140 280
140 282
140 294
140 201
141 144
141 145
141 148
141 151
141 160
141 166
141 172
141 180
141 189
141 193
141 194
141 197
141 207
141 211
141 219
141 234
141 240
141 245
141 255
141 279
141 281
141 284
141 285
142 144
142 145
142 152
142 162
142 165
142 170
142 175
142 178
142 180
142 196
142 199
142 244
142 251
142 262
142 271
142 272
142 274
142 277
142 182
143 147
143 153
143 155
143 167
143 187
143 189
143 193
143 194
143 215
143 242
143 243
143 260
143 278
143 299
144 150
144 176
144 184
144 185
144 202
144 216
144 226
144 248
144 261
144 267
144 278
144 286
144 293
145 147
145 148
145 151
145 160
145 168
145 174
145 175
145 176
145 182
145 204
145 241
145 243
145 254
145 255
145 259
145 263
145 264
145 274
145 284
145 291
145 292
145 171
146 148
146 157
146 158
146 162
146 164
146 168
146 169
146 172
146 181
146 183
146 184
146 185
146 192
146 196
146 202
146 204
146 229
146 239
146 256
146 259
146 272
146 282
146 288
146 290
146 292
147 151
147 152
147 158
147 162
147 165
147 177
147 181
147 182
147 190
147 201
147 205
147 209
147 210
147 216
147 220
147 233
147 240
147 269
147 271
147 278
147 284
147 223
148 152
148 154
148 162
148 168
148 173
148 177
148 178
148 179
148 189
148 197
148 199
148 200
148 209
148 216
148 217
148 219
148 221
148 224
148 229
148 242
148 245
148 250
148 262
148 268
148 276
148 284
148 299
148 191
149 150
149 156
149 158
149 168
149 191
149 232
149 239
149 240
149 245
149 250
149 257
149 258
149 273
149 283
149 262
149 267
150 159
150 170
150 172
150 173
150 176
150 177
150 186
150 187
150 189
150 204
150 208
150 212
150 223
150 234
150 237
150 255
150 270
150 275
150 276
150 278
150 291
150 294
150 267
151 180
151 185
151 187
151 188
151 196
151 197
151 198
151 200
151 203
151 207
151 214
151 216
151 239
151 242
151 243
151 256
151 258
151 269
151 277
151 296
151 194
152 155
152 158
152 167
152 169
152 175
152 178
152 185
152 188
152 240
152 252
152 254
152 255
152 260
152 269
152 271
152 281
152 282
152 284
152 287
152 292
153 156
153 158
153 159
153 161
153 163
153 168
153 184
153 199
153 222
153 228
153 241
153 250
153 267
153 268
153 272
153 291
153 299
154 159
154 160
154 161
154 164
154 184
154 187
154 189
154 196
154 197
154 211
154 220
154 222
154 226
154 231
154 234
154 252
154 259
154 269
154 272
154 274
154 278
154 283
154 290
155 160
155 174
155 176
155 178
155 193
155 212
155 218
155 220
155 230
155 244
155 253
155 258
155 269
155 271
155 276
155 281
155 285
156 167
156 171
156 179
156 192
156 194
156 195
156 208
156 215
156 216
156 217
156 227
156 233
156 239
156 250
156 251
156 296
156 211
157 166
157 178
157 182
157 184
157 185
157 188
157 190
157 193
157 194
157 202
157 210
157 214
157 215
157 217
157 218
157 219
157 224
157 227
157 230
157 231
157 234
157 245
157 247
157 259
157 265
157 273
157 276
157 282
157 289
157 290
157 295
157 297
157 168
157 165
158 168
158 170
158 188
158 191
158 208
158 214
158 221
158 240
158 249
158 261
158 262
158 263
158 264
158 289
159 164
159 171
159 173
159 179
159 206
159 221
159 226
159 233
159 240
159 243
159 247
159 254
159 262
159 272
159 281
159 286
159 291
160 163
160 164
160 168
160 174
160 181
160 186
160 208
160 213
160 229
160 242
160 259
160 275
160 282
160 283
160 296
160 182
161 162
161 182
161 186
161 188
161 223
161 243
161 246
161 252
161 287
161 290
162 169
162 180
162 193
162 200
162 203
162 204
162 205
162 210
162 213
162 224
162 227
162 231
162 239
162 240
162 244
162 246
162 266
162 292
162 295
162 299
163 186
163 189
163 190
163 210
163 218
163 219
163 226
163 231
163 252
163 260
163 264
163 269
163 274
163 286
163 292
163 299
164 167
164 171
164 173
164 180
164 189
164 195
164 204
164 218
164 223
164 225
164 228
164 230
164 249
164 250
164 253
164 273
164 290
164 295
165 185
165 197
165 202
165 208
165 236
165 237
165 245
165 248
165 253
165 270
165 272
165 297
165 227
166 174
166 214
166 219
166 222
166 226
166 229
166 232
166 241
166 246
166 254
166 268
166 280
166 294
167 184
167 187
167 192
167 193
167 203
167 209
167 213
167 219
167 222
167 225
167 228
167 235
167 236
167 241
167 242
167 245
167 251
167 259
167 265
167 267
167 272
167 284
167 294
167 296
167 298
167 299
167 293
168 173
168 177
168 192
168 209
168 211
168 223
168 241
168 248
168 249
168 251
168 279
168 292
168 296
168 187
169 176
169 177
169 180
169 181
169 183
169 193
169 195
169 210
169 211
169 220
169 225
169 236
169 241
169 243
169 262
169 273
169 275
169 278
169 281
170 175
170 186
170 217
170 238
170 241
170 244
170 253
170 256
170 263
170 267
170 269
170 273
170 275
170 276
170 281
170 283
170 284
170 290
170 297
170 229
171 175
171 180
171 184
171 199
171 201
171 206
171 211
171 216
171 220
171 223
171 225
171 232
171 237
171 244
171 247
171 248
171 276
171 280
171 287
171 289
171 293
171 264
171 286
172 178
172 193
172 201
172 222
172 226
172 240
172 270
172 271
172 274
172 275
172 291
172 293
172 192
173 176
173 179
173 183
173 194
173 197
173 228
173 230
173 232
173 236
173 250
173 252
173 259
173 273
173 291
173 247
174 177
174 186
174 199
174 206
174 224
174 238
174 259
174 261
174 292
174 294
174 296
175 183
175 193
175 196
175 206
175 232
175 243
175 247
175 267
175 272
175 291
176 183
176 187
176 222
176 237
176 290
176 291
176 292
176 264
177 195
177 201
177 203
177 212
177 213
177 215
177 217
177 218
177 219
177 225
177 244
177 254
177 278
177 279
178 180
178 182
178 187
178 191
178 195
178 200
178 216
178 245
178 250
178 266
178 268
178 270
178 294
179 190
179 227
179 235
179 241
179 244
179 258
179 261
179 297
179 215
180 183
180 191
180 209
180 220
180 225
180 236
180 252
180 254
180 256
180 262
180 263
180 265
180 282
180 283
180 295
181 186
181 196
181 205
181 211
181 213
181 217
181 222
181 228
181 231
181 232
181 234
181 237
181 248
181 250
181 252
181 256
181 258
181 275
181 278
181 288
181 297
182 203
182 212
182 225
182 235
182 261
182 289
182 299
182 186
182 193
183 187
183 195
183 203
183 221
183 222
183 223
183 230
183 233
183 234
183 237
183 242
183 249
183 282
184 205
184 209
184 212
184 213
184 224
184 234
184 247
184 266
184 285
184 297
184 257
184 290
185 186
185 195
185 205
185 211
185 213
185 225
185 229
185 232
185 237
185 261
185 268
185 273
185 286
186 211
186 214
186 235
186 236
186 243
186 249
186 252
186 262
186 274
186 282
186 284
186 293
186 295
187 203
187 209
187 220
187 221
187 223
187 245
187 254
187 260
187 276
188 190
188 191
188 194
188 218
188 220
188 224
188 239
188 250
188 251
188 252
188 255
188 259
188 261
188 263
188 266
188 291
188 297
188 298
188 299
188 293
189 200
189 221
189 224
189 253
189 263
189 264
189 284
189 290
189 295
190 217
190 253
190 267
190 273
190 260
191 224
191 228
191 245
191 252
191 267
192 195
192 198
192 204
192 210
192 253
192 271
192 286
193 199
193 218
193 242
193 253
193 286
193 290
193 295
194 207
194 208
194 210
194 212
194 226
194 230
194 232
194 240
194 257
194 261
194 264
194 266
194 277
194 287
194 292
195 236
195 247
195 253
195 261
195 282
196 220
196 239
196 247
196 264
196 266
196 279
196 297
196 298
197 200
197 210
197 211
197 214
197 225
197 226
197 253
197 254
197 255
197 274
197 291
197 298
197 278
198 221
198 228
198 234
198 250
198 265
198 281
199 217
199 220
199 226
199 232
199 240
199 244
199 251
199 270
199 271
199 272
199 275
199 278
199 285
199 287
199 288
199 203
200 201
200 202
200 222
200 227
200 229
200 231
200 245
200 247
200 259
200 269
200 273
200 283
200 284
200 286
200 296
200 299
200 216
201 214
201 216
201 230
201 237
201 252
201 292
201 229
202 205
202 220
202 226
202 234
202 257
202 259
202 263
202 299
203 207
203 208
203 209
203 212
203 214
203 226
203 231
203 233
204 206
204 228
204 229
204 236
204 244
204 250
204 261
204 263
204 292
204 218
205 208
205 231
205 249
205 287
205 297
206 207
206 210
206 218
206 219
206 225
206 241
206 245
206 249
206 258
206 261
206 268
206 283
206 284
207 242
207 273
207 246
208 248
208 250
208 258
208 259
208 263
208 271
208 278
208 287
208 296
209 217
209 218
209 228
209 231
209 236
209 246
209 253
209 260
209 280
210 229
210 239
210 244
210 252
210 265
210 270
210 285
211 218
211 223
211 227
211 235
211 247
211 267
211 280
211 288
211 294
211 299
212 230
212 253
212 259
212 270
212 279
212 281
212 287
212 297
213 229
213 234
213 245
213 257
213 259
213 263
213 283
213 291
213 294
213 296
214 218
214 251
214 260
214 241
215 216
215 218
215 221
215 237
215 239
215 242
215 246
215 247
215 255
215 281
215 286
216 220
216 241
216 247
216 251
216 266
216 275
216 276
216 282
216 285
216 290
217 231
217 239
217 266
217 275
218 220
218 223
218 230
218 259
218 266
218 268
218 279
218 285
218 293
219 232
219 236
219 250
219 255
219 257
219 258
219 282
219 283
219 290
220 223
220 243
220 264
220 271
220 286
220 290
220 291
220 299
220 278
221 222
221 227
221 236
221 240
221 248
221 252
221 257
221 260
221 268
221 279
221 299
221 284
222 227
222 256
222 258
222 263
222 269
222 271
222 246
223 224
223 243
223 245
223 249
223 253
223 271
223 290
223 298
223 237
224 225
224 227
224 230
224 245
224 254
224 263
224 268
224 280
224 289
224 253
225 234
225 248
225 262
225 283
225 275
226 240
226 246
226 249
226 254
226 256
226 272
227 229
227 233
227 241
227 243
227 247
227 262
227 263
227 265
227 280
227 289
227 292
227 294
227 297
228 232
228 235
228 238
228 244
228 261
228 262
228 264
228 271
228 276
228 291
228 293
229 232
229 233
229 247
229 276
229 283
229 284
230 233
230 257
230 260
230 266
230 268
230 271
230 272
230 276
230 292
230 296
231 239
231 266
231 271
231 298
232 236
232 249
232 250
232 262
232 275
232 291
233 235
233 246
233 262
233 264
233 270
233 283
233 294
234 236
234 238
234 240
234 250
234 256
234 257
234 265
234 271
234 275
234 276
234 296
234 298
235 242
235 247
235 249
235 283
235 299
236 238
236 269
236 288
236 298
237 247
237 251
237 253
237 272
237 274
237 282
237 292
237 295
238 247
238 251
238 255
238 256
238 281
239 241
239 257
239 262
239 263
239 278
239 295
240 242
240 257
240 260
240 278
240 290
241 273
241 278
241 283
241 291
242 254
242 255
242 273
242 277
242 280
242 260
243 270
243 276
243 277
243 297
243 271
244 275
244 282
244 283
245 247
245 276
245 281
245 294
245 296
246 250
246 251
246 263
246 273
246 279
247 291
247 294
248 253
248 265
248 267
248 270
248 287
248 297
249 262
249 267
249 279
249 293
249 294
250 273
250 275
250 282
250 286
250 294
251 273
251 281
251 283
252 265
252 272
252 275
252 277
252 292
253 258
253 262
254 266
254 279
254 285
254 287
254 297
255 262
255 264
255 278
255 283
255 297
256 272
256 293
257 262
257 293
257 294
258 263
258 291
258 293
259 267
259 268
259 281
259 292
259 297
259 298
260 262
260 265
260 277
260 293
261 275
262 267
262 294
262 297
263 266
264 295
265 268
266 267
266 288
266 289
267 273
267 286
267 291
267 297
267 274
268 280
268 284
268 288
268 292
269 271
269 279
269 291
269 292
269 297
269 276
270 277
270 288
270 295
271 282
272 276
272 296
273 274
274 275
274 288
275 283
275 298
277 289
277 291
279 281
279 288
280 287
281 298
285 286
286 287
286 297
287 299
288 290
289 293
291 293