833343489
46
300
11783
0 46
0 47
0 48
0 49
0 50
0 51
0 52
0 53
0 54
0 57
0 58
0 59
0 60
0 61
0 63
0 64
0 65
0 67
0 69
0 72
0 73
0 75
0 78
0 79
0 85
0 88
0 92
0 97
0 98
0 104
0 108
0 111
0 115
0 117
0 118
0 119
0 121
0 122
0 123
0 124
0 128
0 129
0 137
0 138
0 148
0 150
0 159
0 163
0 167
0 172
0 173
0 175
0 179
0 187
0 189
0 190
0 199
0 205
0 208
0 215
0 218
0 232
0 237
0 240
0 241
0 246
0 263
0 269
0 273
0 287
0 289
0 290
0 294
0 81
1 46
1 47
1 48
1 49
1 50
1 51
1 52
1 53
1 54
1 55
1 56
1 58
1 59
1 60
1 62
1 63
1 64
1 65
1 66
1 67
1 68
1 71
1 80
1 81
1 83
1 84
1 87
1 88
1 94
1 95
1 107
1 112
1 120
1 124
1 125
1 129
1 132
1 133
1 141
1 146
1 158
1 173
1 179
1 181
1 186
1 191
1 192
1 212
1 246
1 254
1 268
1 24
1 93
2 46
2 47
2 48
2 49
2 50
2 51
2 53
2 54
2 55
2 56
2 57
2 58
2 59
2 60
2 63
2 64
2 67
2 70
2 72
2 73
2 76
2 78
2 79
2 83
2 87
2 94
2 103
2 105
2 106
2 107
2 110
2 113
2 114
2 115
2 120
2 121
2 124
2 126
2 127
2 132
2 133
2 137
2 141
2 144
2 147
2 155
2 158
2 162
2 180
2 187
2 197
2 200
2 203
2 205
2 207
2 215
2 216
2 217
2 225
2 229
2 230
2 234
2 237
2 239
2 242
2 267
2 272
2 275
2 280
2 287
2 294
2 296
2 297
2 77
3 46
3 47
3 48
3 49
3 50
3 51
3 52
3 53
3 54
3 56
3 57
3 59
3 61
3 63
3 64
3 65
3 66
3 68
3 70
3 71
3 77
3 80
3 81
3 82
3 84
3 89
3 90
3 91
3 98
3 99
3 109
3 111
3 113
3 114
3 115
3 125
3 128
3 133
3 136
3 137
3 140
3 143
3 148
3 152
3 154
3 155
3 157
3 159
3 167
3 172
3 173
3 177
3 184
3 185
3 194
3 201
3 207
3 208
3 216
3 222
3 226
3 227
3 228
3 234
3 250
3 261
3 264
3 275
3 284
3 289
3 290
3 296
4 46
4 47
4 48
4 49
4 50
4 51
4 52
4 54
4 55
4 56
4 57
4 58
4 59
4 60
4 61
4 62
4 64
4 65
4 68
4 69
4 71
4 72
4 73
4 74
4 75
4 77
4 79
4 81
4 82
4 84
4 88
4 93
4 95
4 96
4 98
4 101
4 102
4 104
4 105
4 108
4 109
4 112
4 113
4 116
4 124
4 133
4 141
4 143
4 149
4 154
4 156
4 159
4 161
4 176
4 177
4 181
4 183
4 187
4 188
4 196
4 214
4 216
4 218
4 223
4 225
4 232
4 237
4 242
4 244
4 249
4 251
4 261
4 262
4 266
4 271
4 279
4 281
4 295
4 296
4 178
5 46
5 47
5 48
5 49
5 50
5 51
5 52
5 53
5 54
5 55
5 56
5 57
5 58
5 60
5 61
5 63
5 65
5 67
5 68
5 72
5 75
5 80
5 81
5 84
5 93
5 96
5 102
5 105
5 107
5 110
5 112
5 119
5 121
5 124
5 128
5 134
5 138
5 140
5 141
5 142
5 154
5 160
5 164
5 167
5 175
5 178
5 184
5 202
5 206
5 209
5 220
5 226
5 228
5 229
5 235
5 237
5 256
5 265
5 266
5 268
5 272
5 275
5 44
5 35
6 46
6 47
6 48
6 49
6 50
6 51
6 52
6 53
6 54
6 55
6 56
6 57
6 58
6 59
6 60
6 61
6 63
6 67
6 68
6 69
6 72
6 78
6 80
6 89
6 95
6 101
6 103
6 107
6 121
6 128
6 131
6 138
6 148
6 156
6 158
6 172
6 190
6 191
6 196
6 202
6 205
6 211
6 214
6 220
6 232
6 235
6 238
6 243
6 244
6 255
6 261
6 265
6 268
6 276
6 286
6 299
6 29
7 46
7 47
7 48
7 49
7 50
7 51
7 52
7 53
7 55
7 56
7 57
7 60
7 64
7 67
7 68
7 69
7 71
7 72
7 73
7 74
7 75
7 77
7 80
7 82
7 83
7 85
7 87
7 89
7 90
7 94
7 96
7 99
7 101
7 102
7 103
7 104
7 106
7 108
7 109
7 113
7 116
7 117
7 118
7 121
7 125
7 126
7 127
7 128
7 129
7 136
7 137
7 138
7 147
7 149
7 151
7 152
7 155
7 159
7 162
7 163
7 173
7 175
7 182
7 184
7 194
7 195
7 197
7 198
7 209
7 212
7 219
7 225
7 234
7 235
7 239
7 248
7 257
7 258
7 259
7 260
7 269
7 271
7 274
7 280
7 283
7 288
7 292
7 293
7 297
7 299
7 144
8 46
8 47
8 48
8 49
8 50
8 51
8 52
8 53
8 54
8 55
8 56
8 57
8 60
8 61
8 63
8 64
8 65
8 66
8 68
8 69
8 70
8 74
8 75
8 76
8 77
8 80
8 81
8 82
8 83
8 85
8 86
8 87
8 88
8 91
8 93
8 95
8 97
8 101
8 102
8 106
8 107
8 108
8 110
8 112
8 115
8 116
8 118
8 119
8 126
8 127
8 128
8 132
8 133
8 135
8 139
8 140
8 142
8 143
8 144
8 149
8 150
8 152
8 153
8 156
8 157
8 160
8 161
8 169
8 170
8 171
8 173
8 174
8 177
8 179
8 180
8 181
8 185
8 188
8 190
8 193
8 194
8 196
8 197
8 198
8 200
8 202
8 205
8 206
8 215
8 219
8 222
8 225
8 227
8 234
8 236
8 239
8 248
8 250
8 252
8 255
8 258
8 267
8 269
8 272
8 273
8 278
8 281
8 288
8 290
8 296
8 297
8 299
9 46
9 47
9 48
9 50
9 51
9 52
9 54
9 55
9 56
9 57
9 58
9 60
9 61
9 63
9 65
9 66
9 67
9 71
9 72
9 73
9 74
9 76
9 82
9 83
9 85
9 88
9 89
9 90
9 97
9 102
9 105
9 111
9 116
9 119
9 120
9 122
9 125
9 126
9 129
9 139
9 150
9 155
9 160
9 162
9 167
9 179
9 184
9 186
9 189
9 191
9 200
9 202
9 206
9 224
9 227
9 237
9 248
9 261
9 271
9 279
9 283
9 284
9 286
9 292
9 295
9 296
9 142
9 10
9 128
10 46
10 47
10 48
10 49
10 50
10 51
10 52
10 53
10 54
10 55
10 56
10 57
10 58
10 59
10 60
10 61
10 62
10 63
10 64
10 65
10 66
10 67
10 68
10 69
10 70
10 71
10 72
10 75
10 77
10 79
10 80
10 81
10 83
10 84
10 86
10 87
10 89
10 90
10 91
10 92
10 93
10 94
10 97
10 103
10 109
10 114
10 120
10 125
10 126
10 129
10 135
10 140
10 146
10 149
10 150
10 151
10 162
10 170
10 171
10 178
10 186
10 188
10 194
10 199
10 202
10 205
10 208
10 210
10 217
10 219
10 231
10 232
10 249
10 264
10 272
10 283
10 291
10 292
10 295
11 46
11 47
11 49
11 50
11 51
11 52
11 53
11 54
11 55
11 58
11 59
11 60
11 61
11 62
11 64
11 65
11 66
11 67
11 68
11 69
11 71
11 72
11 74
11 79
11 80
11 81
11 85
11 87
11 88
11 90
11 91
11 92
11 95
11 99
11 100
11 101
11 102
11 104
11 105
11 106
11 111
11 116
11 117
11 126
11 128
11 129
11 132
11 135
11 136
11 139
11 145
11 151
11 155
11 156
11 166
11 168
11 175
11 181
11 185
11 190
11 194
11 195
11 210
11 213
11 214
11 221
11 227
11 231
11 232
11 233
11 234
11 241
11 244
11 245
11 247
11 268
11 275
11 285
11 296
12 46
12 47
12 48
12 49
12 50
12 51
12 52
12 53
12 54
12 55
12 56
12 57
12 58
12 59
12 62
12 63
12 64
12 67
12 68
12 69
12 70
12 71
12 76
12 77
12 78
12 80
12 81
12 91
12 92
12 95
12 103
12 106
12 108
12 110
12 111
12 112
12 114
12 116
12 117
12 118
12 122
12 135
12 139
12 140
12 143
12 144
12 145
12 148
12 150
12 154
12 159
12 161
12 163
12 167
12 169
12 175
12 176
12 179
12 184
12 186
12 188
12 189
12 190
12 198
12 200
12 212
12 242
12 248
12 249
12 254
12 260
12 271
12 273
12 274
12 281
13 46
13 47
13 48
13 49
13 51
13 52
13 53
13 54
13 55
13 56
13 58
13 59
13 60
13 61
13 62
13 63
13 64
13 66
13 68
13 69
13 70
13 71
13 75
13 76
13 77
13 78
13 79
13 82
13 86
13 88
13 90
13 92
13 93
13 95
13 98
13 101
13 104
13 105
13 106
13 107
13 113
13 116
13 117
13 123
13 124
13 125
13 127
13 130
13 132
13 134
13 138
13 140
13 142
13 157
13 159
13 160
13 161
13 164
13 165
13 168
13 173
13 189
13 206
13 211
13 212
13 225
13 228
13 231
13 232
13 238
13 259
13 260
13 262
13 263
13 270
13 280
13 288
13 293
13 294
13 96
14 46
14 47
14 48
14 49
14 50
14 51
14 52
14 54
14 56
14 57
14 58
14 60
14 61
14 75
14 82
14 92
14 102
14 109
14 111
14 112
14 114
14 117
14 139
14 140
14 153
14 202
14 207
14 208
14 209
14 216
14 217
14 226
14 229
14 231
14 267
14 275
14 281
14 65
14 236
15 46
15 47
15 48
15 49
15 50
15 51
15 52
15 53
15 54
15 55
15 56
15 57
15 58
15 59
15 60
15 61
15 62
15 65
15 68
15 69
15 70
15 71
15 72
15 73
15 76
15 77
15 79
15 81
15 82
15 84
15 86
15 87
15 88
15 91
15 94
15 96
15 97
15 99
15 100
15 103
15 104
15 107
15 109
15 113
15 114
15 116
15 119
15 121
15 130
15 133
15 135
15 137
15 141
15 142
15 143
15 155
15 157
15 168
15 174
15 175
15 181
15 182
15 189
15 197
15 200
15 204
15 207
15 211
15 212
15 213
15 227
15 228
15 229
15 231
15 238
15 243
15 248
15 250
15 255
15 270
15 274
15 277
15 279
15 287
15 292
15 294
15 295
15 242
16 46
16 47
16 48
16 49
16 50
16 52
16 54
16 55
16 56
16 57
16 59
16 61
16 75
16 79
16 115
16 118
16 122
16 128
16 136
16 137
16 138
16 141
16 144
16 154
16 165
16 169
16 177
16 182
16 183
16 214
16 219
16 222
16 223
16 229
16 230
16 239
16 242
16 244
16 245
16 247
16 250
16 269
16 270
16 199
17 46
17 47
17 48
17 49
17 50
17 52
17 56
17 57
17 62
17 68
17 69
17 73
17 74
17 84
17 89
17 91
17 101
17 103
17 110
17 113
17 130
17 140
17 160
17 172
17 179
17 185
17 188
17 201
17 216
17 224
17 238
17 246
17 248
17 252
18 46
18 47
18 48
18 49
18 50
18 51
18 52
18 53
18 54
18 55
18 56
18 57
18 58
18 59
18 61
18 62
18 63
18 65
18 68
18 69
18 71
18 72
18 74
18 75
18 76
18 79
18 81
18 83
18 84
18 85
18 91
18 93
18 95
18 96
18 97
18 99
18 112
18 114
18 115
18 119
18 120
18 125
18 128
18 135
18 142
18 143
18 145
18 146
18 153
18 161
18 162
18 165
18 177
18 181
18 183
18 184
18 187
18 190
18 195
18 204
18 205
18 207
18 213
18 215
18 217
18 218
18 219
18 226
18 236
18 238
18 245
18 255
18 260
18 262
18 268
18 277
18 278
18 280
18 295
18 44
18 188
19 46
19 47
19 48
19 49
19 50
19 51
19 52
19 53
19 54
19 55
19 56
19 58
19 59
19 60
19 61
19 62
19 63
19 64
19 65
19 66
19 68
19 70
19 72
19 74
19 76
19 78
19 79
19 80
19 81
19 93
19 100
19 101
19 108
19 115
19 118
19 122
19 123
19 131
19 135
19 142
19 145
19 147
19 148
19 151
19 155
19 159
19 161
19 163
19 168
19 177
19 180
19 183
19 193
19 207
19 215
19 238
19 246
19 255
19 257
19 91
20 46
20 47
20 48
20 49
20 50
20 51
20 52
20 53
20 55
20 58
20 59
20 60
20 62
20 64
20 65
20 70
20 73
20 79
20 81
20 85
20 88
20 89
20 90
20 94
20 96
20 100
20 104
20 108
20 113
20 115
20 117
20 118
20 122
20 123
20 124
20 127
20 128
20 131
20 133
20 136
20 138
20 140
20 147
20 148
20 155
20 160
20 161
20 165
20 170
20 171
20 172
20 178
20 182
20 183
20 193
20 195
20 199
20 205
20 209
20 211
20 215
20 216
20 221
20 227
20 238
20 250
20 255
20 263
20 285
20 290
20 292
20 295
20 296
21 46
21 47
21 48
21 50
21 51
21 52
21 53
21 55
21 57
21 58
21 59
21 61
21 62
21 63
21 64
21 65
21 66
21 67
21 70
21 71
21 73
21 77
21 80
21 85
21 95
21 100
21 105
21 109
21 110
21 114
21 115
21 116
21 117
21 125
21 127
21 132
21 134
21 135
21 138
21 145
21 146
21 157
21 163
21 177
21 184
21 185
21 188
21 191
21 193
21 201
21 205
21 210
21 214
21 215
21 222
21 224
21 225
21 227
21 228
21 239
21 242
21 252
21 255
21 268
21 285
22 46
22 47
22 48
22 49
22 51
22 52
22 53
22 54
22 56
22 57
22 58
22 59
22 60
22 62
22 63
22 64
22 65
22 66
22 67
22 70
22 74
22 75
22 77
22 81
22 84
22 87
22 93
22 94
22 95
22 97
22 103
22 107
22 113
22 128
22 132
22 147
22 149
22 152
22 153
22 169
22 170
22 172
22 175
22 176
22 177
22 179
22 180
22 183
22 186
22 201
22 204
22 216
22 230
22 231
22 236
22 256
22 283
22 227
23 46
23 47
23 48
23 49
23 50
23 51
23 52
23 53
23 54
23 55
23 56
23 57
23 58
23 59
23 61
23 62
23 63
23 64
23 66
23 67
23 69
23 73
23 74
23 75
23 77
23 78
23 81
23 82
23 83
23 86
23 88
23 94
23 99
23 102
23 103
23 104
23 107
23 111
23 115
23 117
23 119
23 120
23 123
23 126
23 127
23 128
23 134
23 135
23 136
23 140
23 141
23 143
23 148
23 156
23 157
23 158
23 160
23 162
23 167
23 174
23 181
23 182
23 188
23 189
23 192
23 193
23 195
23 198
23 203
23 204
23 210
23 211
23 226
23 237
23 245
23 251
23 266
23 284
23 291
23 294
23 296
24 46
24 47
24 48
24 49
24 50
24 51
24 52
24 53
24 54
24 56
24 58
24 59
24 60
24 61
24 62
24 64
24 65
24 66
24 67
24 68
24 69
24 70
24 74
24 76
24 77
24 83
24 84
24 85
24 86
24 89
24 92
24 96
24 99
24 100
24 105
24 106
24 111
24 116
24 123
24 126
24 127
24 128
24 129
24 133
24 136
24 138
24 139
24 140
24 143
24 144
24 146
24 147
24 148
24 155
24 156
24 157
24 160
24 164
24 165
24 167
24 168
24 178
24 181
24 182
24 185
24 188
24 191
24 194
24 209
24 220
24 222
24 231
24 236
24 240
24 242
24 243
24 244
24 245
24 250
24 253
24 267
24 271
24 274
24 278
24 281
24 285
24 286
24 298
24 117
25 46
25 47
25 48
25 49
25 50
25 51
25 52
25 53
25 54
25 55
25 56
25 57
25 59
25 60
25 61
25 62
25 65
25 66
25 69
25 70
25 71
25 73
25 74
25 75
25 76
25 78
25 84
25 85
25 88
25 90
25 94
25 95
25 96
25 99
25 112
25 116
25 117
25 122
25 130
25 131
25 137
25 142
25 155
25 167
25 173
25 189
25 190
25 193
25 195
25 198
25 200
25 205
25 207
25 211
25 217
25 219
25 242
25 247
25 250
25 260
25 270
25 284
25 286
25 287
25 294
26 46
26 47
26 48
26 49
26 50
26 54
26 55
26 57
26 59
26 61
26 63
26 66
26 67
26 68
26 70
26 71
26 73
26 80
26 81
26 85
26 89
26 90
26 93
26 94
26 99
26 103
26 106
26 111
26 113
26 117
26 120
26 131
26 144
26 164
26 170
26 174
26 198
26 201
26 206
26 208
26 228
26 233
26 247
26 253
26 259
26 266
26 268
26 271
26 273
26 281
26 288
26 291
26 213
27 46
27 47
27 48
27 49
27 50
27 51
27 52
27 53
27 54
27 55
27 56
27 57
27 58
27 59
27 60
27 61
27 64
27 68
27 69
27 70
27 73
27 75
27 78
27 85
27 88
27 90
27 91
27 93
27 97
27 102
27 104
27 108
27 109
27 115
27 121
27 124
27 126
27 129
27 134
27 139
27 141
27 142
27 143
27 145
27 149
27 151
27 153
27 154
27 156
27 158
27 161
27 164
27 165
27 166
27 186
27 192
27 195
27 196
27 203
27 208
27 218
27 219
27 223
27 225
27 231
27 235
27 244
27 245
27 247
27 248
27 252
27 253
27 259
27 261
27 266
27 272
27 280
27 296
28 46
28 47
28 48
28 50
28 51
28 52
28 53
28 54
28 55
28 56
28 57
28 58
28 59
28 60
28 61
28 62
28 63
28 64
28 65
28 66
28 67
28 68
28 69
28 70
28 72
28 73
28 75
28 76
28 77
28 78
28 79
28 82
28 83
28 85
28 86
28 87
28 89
28 90
28 91
28 94
28 95
28 96
28 97
28 98
28 99
28 100
28 101
28 103
28 104
28 106
28 107
28 109
28 111
28 115
28 118
28 119
28 122
28 123
28 125
28 127
28 129
28 132
28 137
28 142
28 143
28 145
28 146
28 150
28 154
28 164
28 169
28 180
28 181
28 182
28 184
28 188
28 190
28 195
28 203
28 205
28 208
28 210
28 211
28 214
28 215
28 217
28 218
28 228
28 233
28 234
28 235
28 239
28 244
28 245
28 250
28 251
28 257
28 265
28 269
28 274
28 280
28 286
28 290
28 299
28 110
29 46
29 47
29 48
29 49
29 50
29 51
29 52
29 53
29 54
29 55
29 56
29 58
29 61
29 62
29 63
29 64
29 66
29 67
29 68
29 69
29 71
29 72
29 76
29 78
29 79
29 86
29 92
29 95
29 97
29 98
29 108
29 110
29 119
29 127
29 132
29 133
29 134
29 147
29 150
29 151
29 153
29 155
29 157
29 163
29 166
29 175
29 176
29 183
29 184
29 186
29 194
29 202
29 203
29 204
29 206
29 207
29 208
29 215
29 235
29 252
29 261
29 262
29 268
29 278
29 291
29 299
30 46
30 47
30 48
30 49
30 50
30 51
30 52
30 53
30 54
30 55
30 56
30 57
30 58
30 60
30 61
30 63
30 65
30 66
30 68
30 70
30 71
30 75
30 77
30 78
30 79
30 82
30 83
30 86
30 89
30 90
30 91
30 93
30 94
30 96
30 101
30 103
30 104
30 106
30 107
30 110
30 113
30 116
30 125
30 129
30 135
30 139
30 145
30 147
30 150
30 151
30 152
30 153
30 156
30 167
30 168
30 169
30 171
30 174
30 175
30 178
30 190
30 196
30 200
30 201
30 220
30 221
30 224
30 235
30 236
30 243
30 246
30 248
30 249
30 252
30 260
30 262
30 266
30 274
30 275
30 141
31 46
31 47
31 48
31 49
31 50
31 51
31 52
31 53
31 57
31 58
31 59
31 61
31 62
31 65
31 66
31 67
31 68
31 69
31 70
31 74
31 79
31 80
31 83
31 84
31 85
31 86
31 87
31 88
31 89
31 94
31 95
31 104
31 108
31 111
31 112
31 115
31 131
31 132
31 135
31 136
31 138
31 149
31 151
31 160
31 163
31 168
31 172
31 176
31 177
31 182
31 184
31 187
31 188
31 190
31 192
31 194
31 196
31 200
31 201
31 204
31 215
31 220
31 222
31 226
31 232
31 234
31 236
31 243
31 244
31 250
31 257
31 261
31 262
31 266
31 277
31 286
31 287
31 292
31 294
31 295
31 147
32 46
32 47
32 48
32 49
32 50
32 51
32 52
32 53
32 54
32 55
32 56
32 58
32 60
32 62
32 63
32 65
32 66
32 67
32 70
32 72
32 74
32 77
32 79
32 81
32 82
32 84
32 86
32 91
32 92
32 93
32 104
32 106
32 107
32 112
32 114
32 123
32 126
32 127
32 129
32 131
32 134
32 135
32 138
32 141
32 142
32 154
32 155
32 163
32 168
32 176
32 177
32 188
32 196
32 197
32 198
32 201
32 205
32 210
32 212
32 217
32 219
32 222
32 232
32 239
32 242
32 254
32 267
32 270
32 272
32 276
32 279
32 287
32 288
32 289
32 290
32 78
33 46
33 47
33 48
33 49
33 50
33 51
33 53
33 54
33 55
33 57
33 60
33 61
33 62
33 66
33 72
33 73
33 75
33 76
33 77
33 78
33 80
33 84
33 87
33 88
33 89
33 90
33 93
33 97
33 100
33 102
33 109
33 117
33 118
33 120
33 123
33 127
33 135
33 138
33 145
33 157
33 161
33 164
33 166
33 177
33 179
33 187
33 193
33 197
33 204
33 205
33 207
33 215
33 220
33 254
33 259
33 260
33 261
33 266
33 268
33 281
33 298
33 128
33 56
34 46
34 47
34 48
34 49
34 50
34 51
34 52
34 53
34 54
34 55
34 56
34 57
34 58
34 59
34 61
34 62
34 63
34 64
34 65
34 66
34 67
34 69
34 72
34 73
34 78
34 83
34 84
34 85
34 86
34 88
34 89
34 90
34 91
34 92
34 94
34 97
34 98
34 101
34 107
34 113
34 114
34 119
34 122
34 128
34 130
34 134
34 135
34 138
34 141
34 143
34 146
34 148
34 149
34 152
34 163
34 165
34 168
34 170
34 173
34 178
34 183
34 187
34 194
34 201
34 203
34 210
34 218
34 225
34 241
34 249
34 271
34 276
34 285
34 297
35 46
35 47
35 48
35 49
35 50
35 51
35 52
35 54
35 55
35 56
35 57
35 58
35 59
35 62
35 63
35 64
35 65
35 66
35 67
35 69
35 71
35 74
35 75
35 76
35 77
35 78
35 80
35 81
35 82
35 83
35 84
35 87
35 88
35 89
35 93
35 97
35 101
35 103
35 106
35 116
35 122
35 123
35 124
35 126
35 129
35 134
35 140
35 142
35 146
35 150
35 153
35 154
35 157
35 161
35 163
35 166
35 168
35 173
35 175
35 176
35 178
35 179
35 187
35 189
35 192
35 197
35 202
35 204
35 205
35 218
35 223
35 225
35 228
35 229
35 254
35 258
35 262
35 279
35 281
35 282
35 289
35 290
35 293
35 294
35 295
35 298
35 299
36 46
36 47
36 48
36 49
36 50
36 51
36 52
36 53
36 54
36 55
36 56
36 58
36 59
36 60
36 62
36 63
36 64
36 66
36 67
36 70
36 71
36 72
36 78
36 83
36 85
36 87
36 90
36 97
36 98
36 100
36 101
36 102
36 105
36 121
36 123
36 129
36 134
36 136
36 140
36 148
36 164
36 173
36 174
36 175
36 178
36 183
36 188
36 189
36 196
36 203
36 221
36 223
36 228
36 236
36 240
36 245
36 247
36 262
36 267
36 268
36 274
36 276
36 284
36 298
36 198
37 46
37 48
37 49
37 50
37 51
37 52
37 53
37 54
37 55
37 57
37 59
37 60
37 61
37 62
37 63
37 64
37 66
37 67
37 69
37 70
37 71
37 74
37 76
37 77
37 81
37 83
37 86
37 95
37 96
37 97
37 99
37 101
37 104
37 108
37 109
37 117
37 120
37 121
37 127
37 130
37 134
37 139
37 156
37 175
37 183
37 186
37 191
37 192
37 212
37 213
37 226
37 230
37 253
37 263
37 268
37 270
37 274
37 277
37 291
38 46
38 47
38 48
38 49
38 50
38 51
38 52
38 53
38 54
38 55
38 56
38 57
38 58
38 60
38 61
38 62
38 65
38 66
38 69
38 71
38 72
38 73
38 74
38 75
38 77
38 80
38 81
38 82
38 86
38 89
38 96
38 97
38 100
38 101
38 103
38 105
38 106
38 112
38 117
38 131
38 133
38 134
38 136
38 140
38 145
38 155
38 164
38 167
38 171
38 176
38 183
38 184
38 185
38 195
38 208
38 238
38 240
38 251
38 254
38 276
38 114
39 46
39 47
39 49
39 53
39 55
39 58
39 59
39 63
39 67
39 70
39 76
39 77
39 79
39 81
39 82
39 84
39 86
39 91
39 94
39 103
39 109
39 123
39 124
39 130
39 131
39 132
39 152
39 154
39 160
39 162
39 170
39 173
39 174
39 194
39 198
39 199
39 217
39 229
39 233
39 237
39 239
39 259
39 268
39 281
39 282
39 298
40 46
40 47
40 48
40 49
40 51
40 53
40 54
40 56
40 57
40 60
40 62
40 67
40 68
40 71
40 72
40 73
40 74
40 77
40 80
40 81
40 82
40 83
40 84
40 86
40 89
40 92
40 93
40 94
40 99
40 112
40 114
40 120
40 124
40 129
40 130
40 131
40 133
40 137
40 138
40 153
40 155
40 158
40 159
40 165
40 172
40 176
40 180
40 181
40 182
40 185
40 194
40 211
40 213
40 216
40 229
40 231
40 232
40 248
40 253
40 260
40 264
40 265
40 270
40 272
40 279
40 289
40 299
40 227
41 46
41 47
41 48
41 49
41 50
41 51
41 53
41 56
41 57
41 60
41 62
41 64
41 65
41 69
41 70
41 71
41 76
41 78
41 82
41 86
41 88
41 89
41 92
41 95
41 96
41 104
41 133
41 134
41 135
41 141
41 151
41 164
41 180
41 196
41 198
41 204
41 206
41 207
41 250
41 262
41 263
41 290
41 296
41 265
42 46
42 47
42 48
42 49
42 50
42 51
42 52
42 53
42 54
42 55
42 56
42 58
42 59
42 60
42 62
42 63
42 64
42 65
42 66
42 67
42 69
42 70
42 72
42 73
42 76
42 77
42 78
42 79
42 80
42 81
42 83
42 84
42 85
42 96
42 97
42 98
42 101
42 102
42 103
42 104
42 107
42 108
42 116
42 119
42 120
42 126
42 129
42 131
42 132
42 135
42 138
42 140
42 142
42 151
42 152
42 156
42 158
42 161
42 175
42 179
42 180
42 190
42 194
42 197
42 209
42 212
42 216
42 227
42 229
42 230
42 235
42 239
42 242
42 245
42 248
42 253
42 255
42 260
42 263
42 273
42 293
42 172
43 46
43 47
43 48
43 49
43 50
43 51
43 52
43 53
43 54
43 55
43 57
43 58
43 59
43 60
43 61
43 63
43 64
43 66
43 68
43 69
43 70
43 71
43 72
43 73
43 74
43 75
43 78
43 79
43 81
43 83
43 84
43 87
43 88
43 89
43 92
43 93
43 94
43 95
43 96
43 98
43 99
43 100
43 101
43 104
43 105
43 108
43 110
43 112
43 120
43 121
43 122
43 126
43 137
43 147
43 150
43 152
43 154
43 155
43 156
43 162
43 163
43 164
43 179
43 181
43 187
43 195
43 197
43 205
43 208
43 210
43 220
43 224
43 225
43 234
43 241
43 244
43 250
43 252
43 257
43 261
43 274
43 281
43 282
43 286
43 293
43 294
43 295
43 298
44 46
44 47
44 48
44 49
44 50
44 51
44 52
44 53
44 54
44 55
44 56
44 57
44 59
44 60
44 62
44 63
44 64
44 65
44 67
44 68
44 71
44 72
44 74
44 77
44 78
44 79
44 80
44 84
44 85
44 87
44 88
44 90
44 91
44 93
44 96
44 97
44 98
44 99
44 100
44 103
44 106
44 107
44 110
44 112
44 114
44 116
44 119
44 121
44 123
44 126
44 128
44 133
44 137
44 138
44 140
44 142
44 144
44 146
44 150
44 156
44 157
44 158
44 166
44 167
44 170
44 176
44 185
44 194
44 196
44 198
44 199
44 210
44 211
44 213
44 217
44 220
44 225
44 227
44 233
44 236
44 238
44 241
44 246
44 250
44 254
44 266
44 275
44 288
44 294
44 297
45 46
45 47
45 48
45 49
45 50
45 52
45 53
45 55
45 56
45 57
45 58
45 59
45 61
45 62
45 65
45 70
45 73
45 79
45 80
45 84
45 86
45 91
45 92
45 96
45 105
45 109
45 112
45 115
45 116
45 121
45 124
45 125
45 131
45 135
45 168
45 172
45 179
45 182
45 183
45 184
45 187
45 188
45 189
45 193
45 201
45 204
45 224
45 227
45 242
45 248
45 252
45 253
45 259
45 262
45 264
45 272
45 277
45 283
45 292
45 293
46 47
46 48
46 49
46 50
46 51
46 52
46 53
46 54
46 55
46 56
46 57
46 58
46 59
46 60
46 61
46 62
46 63
46 64
46 65
46 67
46 68
46 69
46 70
46 71
46 72
46 73
46 75
46 76
46 77
46 78
46 79
46 80
46 81
46 82
46 83
46 84
46 85
46 86
46 87
46 88
46 89
46 90
46 91
46 92
46 93
46 95
46 96
46 97
46 98
46 100
46 103
46 106
46 107
46 108
46 109
46 110
46 114
46 117
46 118
46 120
46 121
46 122
46 126
46 128
46 130
46 131
46 132
46 133
46 134
46 137
46 138
46 139
46 140
46 142
46 143
46 145
46 148
46 150
46 151
46 152
46 160
46 161
46 163
46 165
46 166
46 167
46 168
46 170
46 172
46 173
46 174
46 175
46 176
46 177
46 178
46 181
46 182
46 184
46 187
46 190
46 191
46 197
46 202
46 207
46 209
46 211
46 212
46 215
46 216
46 219
46 221
46 224
46 225
46 226
46 228
46 231
46 232
46 235
46 238
46 239
46 241
46 245
46 249
46 253
46 256
46 257
46 263
46 275
46 277
46 278
46 279
46 281
46 282
46 283
46 285
46 287
46 290
46 294
46 297
47 48
47 49
47 50
47 51
47 52
47 53
47 54
47 55
47 56
47 57
47 58
47 59
47 60
47 61
47 62
47 63
47 64
47 65
47 66
47 67
47 68
47 69
47 70
47 71
47 72
47 73
47 74
47 75
47 76
47 77
47 78
47 79
47 80
47 81
47 82
47 83
47 85
47 86
47 87
47 88
47 89
47 91
47 93
47 94
47 97
47 98
47 99
47 100
47 101
47 102
47 103
47 104
47 105
47 106
47 107
47 109
47 110
47 111
47 112
47 114
47 115
47 117
47 118
47 119
47 120
47 121
47 122
47 123
47 124
47 126
47 127
47 128
47 129
47 134
47 135
47 136
47 141
47 142
47 144
47 149
47 152
47 153
47 155
47 157
47 158
47 159
47 160
47 161
47 162
47 163
47 165
47 168
47 170
47 171
47 172
47 173
47 175
47 176
47 181
47 182
47 183
47 184
47 185
47 186
47 188
47 190
47 191
47 194
47 195
47 198
47 200
47 202
47 206
47 209
47 210
47 212
47 218
47 219
47 220
47 222
47 225
47 230
47 231
47 232
47 233
47 234
47 242
47 245
47 246
47 249
47 252
47 253
47 254
47 259
47 263
47 266
47 269
47 273
47 282
47 285
47 286
47 287
47 289
47 290
47 291
47 293
48 49
48 50
48 51
48 52
48 53
48 54
48 55
48 56
48 57
48 58
48 59
48 60
48 61
48 62
48 63
48 64
48 65
48 66
48 67
48 68
48 69
48 70
48 71
48 73
48 74
48 75
48 76
48 77
48 78
48 79
48 80
48 81
48 82
48 83
48 85
48 86
48 88
48 89
48 90
48 92
48 94
48 95
48 96
48 98
48 100
48 103
48 105
48 106
48 107
48 108
48 112
48 113
48 115
48 116
48 118
48 120
48 121
48 122
48 124
48 125
48 126
48 127
48 129
48 134
48 135
48 139
48 140
48 142
48 143
48 147
48 149
48 150
48 151
48 152
48 154
48 155
48 156
48 159
48 162
48 164
48 165
48 166
48 170
48 173
48 175
48 176
48 178
48 179
48 181
48 182
48 183
48 190
48 195
48 196
48 197
48 202
48 203
48 205
48 212
48 213
48 216
48 218
48 220
48 225
48 229
48 230
48 232
48 233
48 237
48 240
48 241
48 242
48 246
48 247
48 248
48 255
48 259
48 265
48 266
48 270
48 272
48 273
48 276
48 279
48 282
48 286
48 288
48 290
48 291
48 297
48 298
49 50
49 51
49 52
49 53
49 54
49 55
49 56
49 57
49 58
49 59
49 60
49 61
49 63
49 64
49 65
49 66
49 67
49 68
49 69
49 70
49 71
49 72
49 73
49 74
49 75
49 76
49 78
49 79
49 80
49 81
49 82
49 83
49 84
49 86
49 87
49 89
49 90
49 91
49 93
49 94
49 95
49 97
49 98
49 99
49 100
49 101
49 102
49 103
49 104
49 105
49 106
49 107
49 108
49 109
49 112
49 113
49 114
49 115
49 118
49 119
49 121
49 122
49 123
49 127
49 128
49 131
49 133
49 134
49 136
49 137
49 139
49 140
49 141
49 142
49 143
49 144
49 146
49 148
49 150
49 152
49 156
49 157
49 161
49 162
49 165
49 166
49 168
49 169
49 170
49 171
49 172
49 173
49 174
49 176
49 177
49 178
49 180
49 181
49 182
49 184
49 185
49 188
49 189
49 190
49 192
49 193
49 196
49 198
49 201
49 203
49 204
49 207
49 210
49 216
49 219
49 220
49 221
49 223
49 226
49 227
49 229
49 232
49 233
49 236
49 237
49 240
49 241
49 242
49 246
49 248
49 251
49 253
49 256
49 262
49 265
49 267
49 268
49 270
49 273
49 275
49 278
49 285
49 287
49 288
49 289
49 290
49 292
49 294
49 297
49 298
50 51
50 52
50 53
50 54
50 55
50 56
50 57
50 58
50 59
50 60
50 61
50 62
50 63
50 64
50 65
50 66
50 67
50 68
50 69
50 70
50 71
50 72
50 73
50 74
50 75
50 76
50 77
50 78
50 82
50 83
50 84
50 85
50 86
50 87
50 88
50 89
50 90
50 91
50 93
50 95
50 96
50 97
50 98
50 99
50 100
50 101
50 102
50 104
50 106
50 107
50 108
50 110
50 111
50 116
50 117
50 119
50 120
50 121
50 123
50 125
50 126
50 128
50 129
50 130
50 131
50 133
50 134
50 138
50 143
50 145
50 146
50 148
50 153
50 154
50 156
50 158
50 159
50 160
50 162
50 166
50 172
50 175
50 178
50 181
50 184
50 187
50 190
50 192
50 194
50 195
50 198
50 199
50 201
50 203
50 204
50 206
50 207
50 209
50 211
50 215
50 221
50 223
50 224
50 226
50 231
50 235
50 239
50 243
50 245
50 249
50 252
50 254
50 255
50 256
50 257
50 258
50 260
50 261
50 264
50 265
50 266
50 267
50 268
50 273
50 274
50 275
50 279
50 283
50 285
50 287
50 291
50 294
50 295
50 298
50 137
51 52
51 53
51 54
51 55
51 56
51 57
51 58
51 59
51 60
51 61
51 62
51 63
51 64
51 65
51 66
51 67
51 68
51 69
51 70
51 71
51 73
51 74
51 75
51 76
51 78
51 79
51 80
51 81
51 82
51 83
51 84
51 85
51 86
51 87
51 88
51 89
51 90
51 91
51 92
51 93
51 94
51 95
51 96
51 98
51 102
51 104
51 106
51 107
51 109
51 111
51 112
51 113
51 115
51 116
51 119
51 123
51 126
51 127
51 129
51 134
51 139
51 141
51 144
51 145
51 149
51 150
51 151
51 154
51 158
51 159
51 160
51 162
51 165
51 166
51 170
51 171
51 175
51 176
51 177
51 179
51 181
51 184
51 185
51 189
51 190
51 192
51 194
51 198
51 199
51 200
51 201
51 202
51 203
51 204
51 216
51 218
51 220
51 221
51 230
51 232
51 233
51 234
51 235
51 236
51 237
51 238
51 242
51 244
51 258
51 260
51 261
51 263
51 266
51 267
51 269
51 270
51 279
51 280
51 285
51 290
51 291
51 297
51 298
52 53
52 54
52 55
52 56
52 57
52 58
52 59
52 60
52 61
52 62
52 63
52 64
52 65
52 66
52 67
52 68
52 69
52 70
52 71
52 72
52 73
52 74
52 76
52 77
52 79
52 80
52 82
52 83
52 84
52 85
52 86
52 87
52 88
52 89
52 91
52 92
52 93
52 94
52 95
52 96
52 98
52 99
52 101
52 102
52 103
52 104
52 105
52 106
52 108
52 109
52 110
52 111
52 112
52 114
52 115
52 116
52 118
52 119
52 120
52 122
52 124
52 127
52 129
52 133
52 137
52 138
52 139
52 141
52 144
52 145
52 147
52 153
52 156
52 157
52 161
52 164
52 166
52 168
52 169
52 170
52 172
52 178
52 179
52 180
52 182
52 184
52 185
52 188
52 189
52 192
52 195
52 196
52 199
52 203
52 204
52 206
52 210
52 213
52 214
52 230
52 233
52 236
52 237
52 241
52 245
52 247
52 258
52 269
52 271
52 275
52 280
52 282
52 286
52 291
52 295
52 297
52 299
52 260
53 54
53 55
53 56
53 57
53 58
53 59
53 60
53 61
53 62
53 63
53 64
53 65
53 66
53 67
53 68
53 69
53 70
53 71
53 72
53 73
53 74
53 75
53 76
53 79
53 80
53 82
53 83
53 84
53 85
53 86
53 87
53 88
53 89
53 90
53 91
53 92
53 93
53 94
53 96
53 97
53 98
53 100
53 101
53 102
53 103
53 105
53 106
53 108
53 109
53 111
53 112
53 113
53 115
53 116
53 119
53 122
53 123
53 126
53 127
53 128
53 129
53 130
53 133
53 135
53 137
53 138
53 141
53 143
53 144
53 145
53 146
53 148
53 152
53 153
53 154
53 157
53 158
53 159
53 161
53 162
53 163
53 164
53 165
53 168
53 169
53 172
53 174
53 175
53 182
53 183
53 185
53 188
53 196
53 197
53 200
53 202
53 209
53 210
53 215
53 220
53 230
53 232
53 233
53 236
53 238
53 246
53 247
53 248
53 249
53 254
53 255
53 257
53 259
53 262
53 263
53 264
53 265
53 268
53 269
53 277
53 280
53 284
53 286
53 294
53 296
53 298
53 299
53 120
54 55
54 56
54 57
54 58
54 59
54 60
54 61
54 62
54 63
54 64
54 65
54 66
54 67
54 68
54 69
54 70
54 71
54 72
54 73
54 74
54 75
54 76
54 78
54 79
54 80
54 81
54 82
54 84
54 85
54 87
54 89
54 90
54 91
54 92
54 93
54 96
54 97
54 98
54 100
54 101
54 102
54 103
54 104
54 106
54 107
54 108
54 109
54 110
54 112
54 117
54 118
54 119
54 123
54 125
54 126
54 129
54 130
54 135
54 136
54 137
54 138
54 140
54 141
54 144
54 145
54 146
54 148
54 150
54 151
54 156
54 159
54 160
54 162
54 164
54 165
54 166
54 169
54 171
54 173
54 175
54 179
54 181
54 184
54 185
54 188
54 191
54 192
54 197
54 198
54 203
54 208
54 210
54 213
54 214
54 220
54 222
54 231
54 232
54 236
54 237
54 239
54 242
54 243
54 244
54 247
54 248
54 253
54 255
54 258
54 259
54 262
54 265
54 268
54 273
54 274
54 277
54 279
54 280
54 281
54 285
54 287
54 296
54 298
54 299
54 114
54 170
55 56
55 57
55 58
55 59
55 60
55 61
55 62
55 63
55 64
55 66
55 67
55 68
55 69
55 70
55 71
55 72
55 74
55 75
55 76
55 77
55 78
55 80
55 81
55 82
55 84
55 85
55 86
55 87
55 88
55 89
55 90
55 91
55 92
55 93
55 95
55 96
55 98
55 99
55 100
55 101
55 102
55 104
55 106
55 108
55 111
55 112
55 113
55 114
55 115
55 116
55 117
55 118
55 119
55 120
55 123
55 129
55 131
55 132
55 133
55 135
55 137
55 138
55 141
55 142
55 144
55 146
55 149
55 150
55 151
55 153
55 154
55 158
55 159
55 160
55 166
55 167
55 169
55 172
55 173
55 174
55 176
55 180
55 181
55 186
55 192
55 194
55 196
55 198
55 199
55 202
55 204
55 206
55 208
55 210
55 211
55 212
55 215
55 216
55 219
55 220
55 221
55 223
55 229
55 230
55 232
55 233
55 234
55 239
55 241
55 244
55 246
55 247
55 249
55 252
55 256
55 258
55 260
55 268
55 272
55 277
55 280
55 281
55 283
55 284
55 287
55 290
55 291
55 293
55 295
55 296
55 297
56 57
56 58
56 59
56 60
56 61
56 62
56 63
56 64
56 65
56 66
56 67
56 68
56 69
56 70
56 72
56 73
56 74
56 75
56 76
56 77
56 78
56 79
56 80
56 81
56 82
56 83
56 85
56 87
56 88
56 89
56 91
56 92
56 94
56 95
56 97
56 98
56 99
56 101
56 102
56 103
56 104
56 107
56 108
56 109
56 110
56 111
56 112
56 113
56 115
56 116
56 117
56 119
56 120
56 122
56 123
56 127
56 128
56 129
56 132
56 135
56 138
56 139
56 144
56 147
56 148
56 149
56 151
56 154
56 156
56 157
56 158
56 159
56 161
56 163
56 166
56 167
56 168
56 173
56 174
56 185
56 186
56 187
56 188
56 192
56 193
56 197
56 199
56 200
56 202
56 203
56 204
56 206
56 207
56 208
56 209
56 211
56 212
56 213
56 216
56 218
56 220
56 221
56 226
56 228
56 230
56 231
56 233
56 235
56 236
56 237
56 239
56 241
56 242
56 244
56 245
56 246
56 248
56 250
56 256
56 260
56 261
56 263
56 271
56 273
56 276
56 281
56 282
56 284
56 286
56 288
56 294
56 295
57 58
57 59
57 60
57 61
57 62
57 63
57 64
57 65
57 66
57 67
57 68
57 69
57 70
57 71
57 72
57 73
57 74
57 75
57 76
57 77
57 78
57 79
57 80
57 82
57 83
57 86
57 87
57 88
57 90
57 93
57 95
57 96
57 97
57 98
57 99
57 100
57 101
57 102
57 104
57 106
57 108
57 109
57 112
57 114
57 115
57 116
57 119
57 120
57 121
57 123
57 124
57 125
57 127
57 132
57 133
57 136
57 141
57 145
57 146
57 147
57 151
57 159
57 162
57 164
57 167
57 168
57 172
57 173
57 174
57 176
57 177
57 183
57 185
57 192
57 194
57 196
57 197
57 199
57 201
57 206
57 207
57 208
57 211
57 212
57 213
57 222
57 224
57 226
57 228
57 234
57 236
57 238
57 240
57 241
57 242
57 245
57 247
57 251
57 252
57 256
57 260
57 261
57 269
57 271
57 272
57 277
57 283
57 284
57 286
57 293
58 59
58 60
58 61
58 62
58 63
58 64
58 65
58 66
58 67
58 68
58 69
58 70
58 71
58 72
58 73
58 74
58 75
58 77
58 78
58 80
58 82
58 83
58 85
58 86
58 87
58 90
58 95
58 96
58 97
58 98
58 100
58 102
58 103
58 104
58 106
58 108
58 109
58 110
58 111
58 112
58 114
58 116
58 117
58 118
58 119
58 122
58 124
58 126
58 128
58 130
58 131
58 134
58 141
58 143
58 144
58 147
58 149
58 151
58 152
58 153
58 155
58 159
58 161
58 166
58 167
58 169
58 170
58 171
58 172
58 178
58 180
58 184
58 186
58 188
58 189
58 190
58 192
58 203
58 204
58 205
58 206
58 209
58 210
58 211
58 214
58 217
58 220
58 221
58 230
58 232
58 235
58 236
58 243
58 249
58 251
58 252
58 267
58 269
58 273
58 274
58 278
58 286
58 291
58 295
58 297
59 60
59 61
59 62
59 63
59 64
59 65
59 66
59 67
59 68
59 69
59 70
59 71
59 72
59 73
59 74
59 75
59 76
59 77
59 79
59 81
59 84
59 86
59 87
59 88
59 91
59 92
59 94
59 95
59 96
59 98
59 99
59 100
59 101
59 102
59 103
59 104
59 106
59 112
59 114
59 117
59 119
59 120
59 121
59 122
59 123
59 127
59 128
59 129
59 130
59 133
59 134
59 136
59 140
59 145
59 147
59 149
59 153
59 154
59 157
59 159
59 160
59 161
59 162
59 167
59 172
59 173
59 174
59 176
59 177
59 180
59 185
59 186
59 187
59 190
59 191
59 193
59 196
59 199
59 200
59 204
59 207
59 211
59 215
59 219
59 220
59 221
59 222
59 233
59 235
59 236
59 238
59 240
59 243
59 250
59 258
59 259
59 263
59 265
59 266
59 267
59 270
59 271
59 272
59 274
59 277
59 279
59 280
59 283
59 284
59 290
59 293
59 295
59 299
59 118
59 169
59 275
60 61
60 62
60 63
60 64
60 65
60 66
60 67
60 68
60 70
60 71
60 73
60 75
60 76
60 77
60 78
60 80
60 81
60 82
60 83
60 84
60 85
60 86
60 87
60 88
60 89
60 90
60 91
60 92
60 97
60 98
60 99
60 102
60 103
60 107
60 108
60 109
60 111
60 113
60 114
60 115
60 116
60 118
60 121
60 127
60 129
60 130
60 132
60 134
60 136
60 140
60 143
60 146
60 148
60 153
60 155
60 158
60 163
60 165
60 167
60 171
60 173
60 174
60 176
60 178
60 179
60 180
60 187
60 188
60 189
60 191
60 195
60 197
60 199
60 200
60 201
60 213
60 217
60 218
60 219
60 223
60 225
60 226
60 228
60 229
60 230
60 233
60 237
60 239
60 241
60 242
60 256
60 257
60 264
60 272
60 273
60 275
60 277
60 278
60 280
60 284
60 290
60 293
60 294
60 137
61 62
61 63
61 64
61 65
61 66
61 67
61 68
61 69
61 70
61 72
61 73
61 74
61 75
61 76
61 77
61 79
61 80
61 81
61 82
61 83
61 84
61 85
61 86
61 87
61 88
61 91
61 92
61 93
61 96
61 97
61 99
61 100
61 102
61 104
61 105
61 106
61 107
61 108
61 110
61 111
61 112
61 115
61 119
61 121
61 123
61 124
61 129
61 130
61 132
61 136
61 139
61 141
61 144
61 145
61 146
61 147
61 150
61 151
61 156
61 158
61 160
61 162
61 163
61 164
61 165
61 166
61 168
61 170
61 171
61 172
61 173
61 177
61 179
61 180
61 182
61 190
61 194
61 196
61 197
61 198
61 199
61 206
61 212
61 213
61 214
61 215
61 216
61 217
61 220
61 226
61 231
61 239
61 240
61 242
61 245
61 246
61 248
61 249
61 253
61 258
61 261
61 268
61 270
61 272
61 278
61 279
61 284
61 285
61 287
61 288
61 289
61 292
61 299
61 142
61 208
62 63
62 64
62 65
62 66
62 68
62 69
62 70
62 71
62 72
62 73
62 74
62 75
62 76
62 78
62 79
62 80
62 83
62 84
62 85
62 86
62 87
62 89
62 92
62 93
62 94
62 95
62 97
62 98
62 100
62 101
62 109
62 114
62 118
62 119
62 120
62 121
62 125
62 127
62 130
62 132
62 133
62 135
62 141
62 142
62 143
62 144
62 147
62 148
62 153
62 154
62 155
62 156
62 157
62 158
62 161
62 164
62 165
62 169
62 172
62 175
62 177
62 178
62 184
62 186
62 187
62 189
62 191
62 193
62 194
62 195
62 199
62 200
62 201
62 204
62 206
62 207
62 210
62 211
62 212
62 217
62 218
62 221
62 222
62 226
62 231
62 233
62 234
62 236
62 240
62 241
62 242
62 243
62 244
62 248
62 250
62 251
62 254
62 256
62 258
62 261
62 267
62 270
62 272
62 276
62 280
62 282
62 284
62 288
62 289
62 291
62 292
62 297
62 275
63 64
63 65
63 66
63 68
63 69
63 71
63 72
63 73
63 74
63 75
63 76
63 77
63 78
63 79
63 82
63 84
63 86
63 87
63 91
63 92
63 94
63 95
63 96
63 97
63 99
63 100
63 102
63 105
63 106
63 107
63 108
63 109
63 110
63 111
63 115
63 118
63 124
63 125
63 126
63 127
63 128
63 129
63 130
63 133
63 136
63 137
63 141
63 143
63 144
63 146
63 147
63 149
63 151
63 155
63 157
63 158
63 161
63 163
63 164
63 172
63 178
63 180
63 181
63 183
63 199
63 200
63 208
63 212
63 217
63 219
63 221
63 224
63 226
63 227
63 229
63 234
63 235
63 236
63 239
63 244
63 245
63 255
63 257
63 258
63 261
63 264
63 266
63 271
63 276
63 277
63 282
63 284
63 286
63 293
63 296
63 192
63 249
63 288
64 65
64 66
64 67
64 68
64 69
64 70
64 71
64 72
64 73
64 74
64 75
64 77
64 78
64 79
64 80
64 82
64 83
64 84
64 85
64 86
64 87
64 89
64 90
64 92
64 93
64 94
64 95
64 97
64 98
64 99
64 100
64 101
64 102
64 103
64 104
64 105
64 106
64 109
64 111
64 114
64 115
64 117
64 119
64 125
64 128
64 129
64 130
64 134
64 135
64 137
64 138
64 139
64 141
64 142
64 145
64 146
64 147
64 150
64 151
64 153
64 154
64 155
64 161
64 163
64 164
64 166
64 168
64 169
64 170
64 173
64 175
64 176
64 177
64 179
64 180
64 182
64 189
64 190
64 192
64 197
64 199
64 203
64 207
64 208
64 211
64 212
64 217
64 219
64 226
64 231
64 233
64 238
64 240
64 242
64 245
64 247
64 252
64 253
64 254
64 262
64 271
64 278
64 280
64 286
64 288
64 289
64 291
64 292
64 293
65 66
65 67
65 68
65 69
65 70
65 71
65 72
65 73
65 74
65 75
65 76
65 77
65 78
65 79
65 80
65 81
65 82
65 83
65 84
65 85
65 86
65 87
65 88
65 89
65 90
65 92
65 93
65 94
65 96
65 98
65 99
65 100
65 101
65 102
65 104
65 105
65 106
65 107
65 108
65 109
65 110
65 113
65 114
65 116
65 119
65 123
65 125
65 126
65 130
65 131
65 132
65 135
65 136
65 140
65 141
65 142
65 145
65 146
65 148
65 149
65 152
65 156
65 157
65 158
65 160
65 162
65 168
65 172
65 174
65 175
65 181
65 182
65 183
65 188
65 194
65 195
65 198
65 199
65 200
65 201
65 203
65 204
65 208
65 217
65 222
65 223
65 230
65 234
65 246
65 248
65 256
65 258
65 264
65 267
65 269
65 273
65 274
65 281
65 283
65 284
65 287
65 291
65 294
65 297
65 298
66 67
66 68
66 69
66 71
66 72
66 73
66 74
66 75
66 76
66 77
66 78
66 79
66 80
66 81
66 83
66 85
66 88
66 92
66 93
66 94
66 95
66 96
66 97
66 98
66 99
66 100
66 101
66 102
66 105
66 107
66 108
66 110
66 111
66 112
66 114
66 115
66 116
66 118
66 119
66 124
66 125
66 130
66 132
66 133
66 137
66 139
66 140
66 141
66 145
66 148
66 149
66 155
66 156
66 160
66 161
66 162
66 165
66 167
66 176
66 180
66 183
66 185
66 186
66 188
66 189
66 192
66 193
66 195
66 196
66 199
66 207
66 210
66 213
66 215
66 216
66 220
66 221
66 223
66 227
66 229
66 231
66 233
66 234
66 235
66 237
66 240
66 243
66 248
66 257
66 264
66 266
66 268
66 270
66 274
66 278
66 280
66 282
66 283
66 292
66 295
66 296
67 71
67 72
67 73
67 74
67 76
67 77
67 78
67 79
67 80
67 81
67 82
67 83
67 84
67 85
67 86
67 87
67 89
67 90
67 91
67 92
67 93
67 94
67 95
67 100
67 103
67 104
67 105
67 107
67 108
67 110
67 111
67 112
67 115
67 116
67 118
67 119
67 121
67 122
67 123
67 125
67 126
67 128
67 129
67 130
67 135
67 137
67 138
67 139
67 140
67 143
67 146
67 149
67 150
67 151
67 153
67 154
67 156
67 160
67 161
67 162
67 163
67 164
67 168
67 170
67 174
67 178
67 179
67 185
67 189
67 193
67 194
67 201
67 206
67 209
67 211
67 219
67 221
67 222
67 226
67 228
67 229
67 234
67 236
67 237
67 238
67 239
67 248
67 249
67 251
67 252
67 259
67 266
67 267
67 272
67 275
67 276
67 279
67 286
67 287
67 293
67 297
67 298
67 148
68 71
68 72
68 73
68 74
68 75
68 76
68 77
68 78
68 79
68 80
68 81
68 82
68 85
68 86
68 87
68 88
68 89
68 90
68 91
68 92
68 93
68 94
68 95
68 96
68 98
68 99
68 102
68 103
68 104
68 107
68 109
68 114
68 115
68 118
68 121
68 122
68 123
68 125
68 126
68 127
68 128
68 129
68 130
68 132
68 133
68 136
68 137
68 140
68 141
68 142
68 144
68 149
68 150
68 152
68 153
68 159
68 161
68 162
68 165
68 166
68 169
68 170
68 171
68 175
68 178
68 180
68 181
68 182
68 185
68 186
68 192
68 193
68 194
68 198
68 199
68 204
68 209
68 218
68 220
68 221
68 222
68 223
68 229
68 231
68 234
68 238
68 247
68 252
68 258
68 259
68 260
68 262
68 263
68 264
68 266
68 267
68 271
68 274
68 277
68 285
68 286
68 291
68 292
68 237
69 70
69 72
69 73
69 74
69 75
69 76
69 77
69 78
69 79
69 82
69 84
69 85
69 86
69 87
69 88
69 91
69 93
69 94
69 95
69 96
69 99
69 100
69 101
69 102
69 106
69 108
69 109
69 111
69 112
69 113
69 115
69 117
69 118
69 119
69 120
69 125
69 129
69 130
69 132
69 133
69 137
69 139
69 140
69 141
69 147
69 149
69 150
69 152
69 153
69 158
69 162
69 164
69 167
69 170
69 171
69 176
69 177
69 182
69 187
69 193
69 194
69 196
69 197
69 199
69 207
69 210
69 213
69 214
69 215
69 216
69 220
69 223
69 225
69 230
69 235
69 243
69 246
69 253
69 260
69 263
69 275
69 279
69 282
69 284
69 292
69 296
69 244
70 71
70 72
70 73
70 74
70 75
70 76
70 77
70 80
70 81
70 82
70 83
70 85
70 86
70 88
70 89
70 90
70 92
70 93
70 94
70 95
70 96
70 97
70 98
70 99
70 100
70 101
70 104
70 105
70 106
70 107
70 109
70 110
70 111
70 113
70 114
70 117
70 122
70 123
70 125
70 128
70 130
70 131
70 136
70 139
70 140
70 141
70 143
70 144
70 145
70 147
70 148
70 152
70 155
70 159
70 160
70 161
70 164
70 168
70 170
70 174
70 177
70 180
70 181
70 189
70 192
70 194
70 197
70 202
70 204
70 205
70 206
70 209
70 217
70 219
70 234
70 239
70 243
70 244
70 245
70 253
70 259
70 265
70 274
70 279
70 281
70 286
70 287
70 292
70 294
70 297
70 298
70 158
71 72
71 73
71 74
71 75
71 76
71 77
71 78
71 79
71 80
71 81
71 82
71 83
71 84
71 86
71 87
71 88
71 89
71 90
71 92
71 94
71 97
71 98
71 99
71 100
71 105
71 106
71 110
71 111
71 113
71 114
71 119
71 121
71 130
71 131
71 133
71 134
71 136
71 138
71 139
71 148
71 150
71 151
71 152
71 154
71 160
71 162
71 163
71 164
71 165
71 166
71 168
71 169
71 173
71 176
71 177
71 178
71 182
71 188
71 194
71 197
71 208
71 209
71 213
71 214
71 217
71 218
71 219
71 221
71 223
71 230
71 235
71 241
71 245
71 251
71 253
71 254
71 259
71 261
71 276
71 282
71 288
71 289
71 291
71 296
71 298
71 242
72 74
72 75
72 76
72 78
72 79
72 81
72 82
72 83
72 84
72 85
72 86
72 87
72 89
72 91
72 94
72 95
72 97
72 98
72 99
72 100
72 102
72 107
72 110
72 112
72 114
72 116
72 120
72 121
72 122
72 124
72 126
72 129
72 132
72 133
72 134
72 135
72 136
72 138
72 139
72 141
72 142
72 144
72 146
72 147
72 148
72 156
72 158
72 160
72 161
72 163
72 165
72 166
72 167
72 168
72 170
72 171
72 172
72 174
72 175
72 182
72 187
72 191
72 194
72 195
72 198
72 200
72 208
72 212
72 219
72 220
72 225
72 228
72 231
72 232
72 236
72 238
72 248
72 251
72 254
72 256
72 257
72 262
72 266
72 273
72 274
72 275
72 282
72 284
72 290
72 299
72 252
73 74
73 75
73 76
73 78
73 79
73 80
73 81
73 83
73 92
73 93
73 97
73 98
73 99
73 100
73 101
73 103
73 104
73 106
73 109
73 110
73 111
73 115
73 117
73 118
73 119
73 120
73 121
73 125
73 127
73 128
73 132
73 134
73 136
73 138
73 145
73 146
73 147
73 151
73 152
73 153
73 154
73 158
73 161
73 164
73 165
73 166
73 168
73 170
73 174
73 176
73 180
73 183
73 184
73 189
73 196
73 198
73 202
73 204
73 205
73 209
73 210
73 211
73 216
73 217
73 223
73 227
73 229
73 234
73 237
73 240
73 243
73 248
73 251
73 259
73 265
73 266
73 267
73 268
73 272
73 277
73 279
73 283
73 286
73 299
74 76
74 77
74 78
74 80
74 81
74 85
74 87
74 88
74 89
74 91
74 92
74 93
74 94
74 95
74 97
74 99
74 105
74 106
74 110
74 111
74 112
74 113
74 114
74 116
74 117
74 118
74 120
74 124
74 127
74 128
74 130
74 133
74 140
74 141
74 144
74 149
74 150
74 156
74 159
74 161
74 165
74 167
74 168
74 169
74 171
74 172
74 177
74 179
74 182
74 187
74 192
74 194
74 195
74 196
74 200
74 201
74 203
74 205
74 206
74 208
74 209
74 210
74 211
74 220
74 231
74 232
74 246
74 248
74 258
74 259
74 262
74 263
74 273
74 284
74 293
74 297
75 76
75 78
75 79
75 82
75 83
75 84
75 87
75 90
75 91
75 92
75 93
75 96
75 97
75 99
75 100
75 102
75 103
75 105
75 106
75 107
75 109
75 110
75 113
75 116
75 118
75 119
75 120
75 121
75 122
75 123
75 124
75 129
75 132
75 133
75 134
75 135
75 137
75 138
75 142
75 145
75 148
75 151
75 153
75 156
75 160
75 163
75 165
75 172
75 176
75 177
75 183
75 189
75 203
75 206
75 209
75 210
75 214
75 218
75 225
75 228
75 229
75 241
75 242
75 246
75 250
75 252
75 257
75 258
75 260
75 262
75 263
75 264
75 265
75 270
75 279
75 288
75 289
75 217
76 77
76 82
76 83
76 87
76 88
76 90
76 91
76 93
76 96
76 97
76 98
76 99
76 101
76 102
76 103
76 105
76 107
76 108
76 110
76 112
76 118
76 121
76 126
76 132
76 134
76 138
76 139
76 144
76 146
76 147
76 148
76 149
76 157
76 158
76 171
76 173
76 174
76 177
76 178
76 180
76 181
76 182
76 185
76 187
76 197
76 200
76 201
76 205
76 206
76 214
76 217
76 219
76 222
76 223
76 224
76 225
76 226
76 231
76 236
76 246
76 248
76 249
76 251
76 252
76 253
76 256
76 272
76 274
76 283
76 294
77 78
77 81
77 82
77 83
77 85
77 89
77 90
77 91
77 92
77 93
77 94
77 96
77 101
77 104
77 111
77 113
77 114
77 115
77 117
77 120
77 122
77 126
77 134
77 135
77 136
77 137
77 138
77 140
77 142
77 144
77 145
77 147
77 148
77 151
77 154
77 156
77 158
77 160
77 162
77 163
77 165
77 166
77 167
77 169
77 171
77 174
77 175
77 177
77 179
77 183
77 185
77 191
77 192
77 193
77 195
77 197
77 202
77 207
77 208
77 209
77 214
77 217
77 218
77 240
77 243
77 245
77 246
77 247
77 251
77 256
77 258
77 260
77 261
77 266
77 274
77 279
77 282
77 284
77 287
77 289
77 290
78 79
78 80
78 81
78 82
78 83
78 90
78 92
78 94
78 95
78 96
78 97
78 98
78 99
78 100
78 102
78 108
78 110
78 111
78 112
78 113
78 114
78 118
78 123
78 128
78 131
78 134
78 138
78 147
78 149
78 150
78 152
78 153
78 161
78 174
78 176
78 179
78 194
78 204
78 205
78 206
78 215
78 220
78 221
78 224
78 228
78 232
78 235
78 236
78 238
78 241
78 242
78 243
78 250
78 259
78 271
78 274
78 277
78 280
78 281
78 284
78 289
79 80
79 85
79 87
79 91
79 93
79 94
79 95
79 96
79 98
79 100
79 101
79 102
79 113
79 116
79 117
79 123
79 124
79 125
79 130
79 131
79 133
79 134
79 137
79 139
79 140
79 142
79 143
79 148
79 150
79 151
79 153
79 155
79 156
79 157
79 162
79 165
79 166
79 168
79 169
79 180
79 183
79 185
79 190
79 195
79 198
79 200
79 203
79 204
79 207
79 214
79 218
79 221
79 222
79 227
79 232
79 233
79 240
79 241
79 242
79 243
79 247
79 248
79 251
79 252
79 253
79 257
79 258
79 259
79 262
79 264
79 269
79 275
79 276
79 277
79 278
79 281
79 283
79 285
79 291
79 292
79 268
80 81
80 82
80 83
80 84
80 85
80 86
80 88
80 89
80 90
80 94
80 95
80 97
80 98
80 99
80 101
80 102
80 103
80 104
80 105
80 109
80 110
80 111
80 112
80 118
80 119
80 121
80 122
80 123
80 126
80 127
80 128
80 131
80 132
80 133
80 136
80 137
80 138
80 139
80 147
80 148
80 153
80 156
80 163
80 166
80 168
80 170
80 173
80 177
80 178
80 181
80 182
80 183
80 187
80 189
80 191
80 196
80 197
80 198
80 199
80 200
80 204
80 210
80 213
80 214
80 215
80 223
80 228
80 229
80 235
80 237
80 242
80 245
80 265
80 275
80 284
80 287
80 289
80 297
80 145
81 84
81 86
81 87
81 88
81 90
81 91
81 92
81 94
81 102
81 103
81 107
81 110
81 113
81 117
81 118
81 123
81 126
81 127
81 130
81 132
81 137
81 138
81 145
81 146
81 150
81 151
81 152
81 155
81 156
81 158
81 159
81 161
81 162
81 163
81 164
81 166
81 169
81 173
81 175
81 177
81 178
81 180
81 182
81 185
81 199
81 201
81 212
81 213
81 216
81 217
81 224
81 228
81 230
81 232
81 233
81 240
81 251
81 252
81 254
81 262
81 266
81 270
81 271
81 273
81 294
82 84
82 85
82 90
82 93
82 94
82 96
82 98
82 99
82 101
82 102
82 104
82 105
82 107
82 108
82 110
82 111
82 112
82 115
82 116
82 119
82 122
82 124
82 126
82 131
82 133
82 134
82 135
82 138
82 139
82 142
82 143
82 146
82 147
82 156
82 157
82 159
82 160
82 163
82 164
82 172
82 175
82 176
82 181
82 183
82 189
82 198
82 200
82 206
82 214
82 222
82 226
82 227
82 228
82 229
82 234
82 240
82 241
82 243
82 246
82 262
82 275
82 281
82 283
82 284
82 285
82 290
82 295
82 299
82 267
83 84
83 86
83 88
83 89
83 90
83 91
83 92
83 93
83 95
83 96
83 98
83 100
83 101
83 102
83 106
83 107
83 109
83 112
83 113
83 114
83 115
83 118
83 120
83 122
83 124
83 125
83 126
83 127
83 128
83 132
83 135
83 139
83 141
83 145
83 154
83 155
83 156
83 157
83 159
83 163
83 168
83 169
83 174
83 175
83 177
83 178
83 181
83 182
83 187
83 190
83 200
83 207
83 208
83 210
83 214
83 215
83 219
83 220
83 225
83 227
83 229
83 235
83 238
83 239
83 241
83 244
83 247
83 252
83 257
83 265
83 266
83 267
83 270
83 271
83 277
83 279
83 281
83 282
83 284
83 285
83 286
83 288
83 293
83 129
84 85
84 87
84 88
84 89
84 90
84 91
84 96
84 100
84 103
84 105
84 108
84 109
84 110
84 111
84 113
84 114
84 115
84 119
84 120
84 121
84 124
84 125
84 127
84 129
84 130
84 132
84 134
84 136
84 138
84 141
84 142
84 145
84 146
84 147
84 155
84 160
84 163
84 165
84 166
84 171
84 176
84 177
84 180
84 181
84 182
84 187
84 188
84 191
84 193
84 196
84 198
84 199
84 201
84 203
84 206
84 210
84 214
84 216
84 217
84 221
84 224
84 225
84 230
84 238
84 239
84 240
84 247
84 251
84 265
84 266
84 277
84 280
84 285
84 295
84 296
84 190
84 228
85 86
85 89
85 90
85 93
85 94
85 98
85 99
85 100
85 102
85 104
85 105
85 106
85 107
85 114
85 115
85 116
85 117
85 120
85 122
85 124
85 125
85 128
85 131
85 132
85 134
85 135
85 137
85 140
85 141
85 143
85 144
85 145
85 153
85 155
85 156
85 157
85 159
85 160
85 172
85 181
85 186
85 191
85 193
85 194
85 196
85 202
85 209
85 213
85 214
85 221
85 224
85 230
85 234
85 238
85 242
85 245
85 247
85 248
85 253
85 255
85 261
85 265
85 267
85 268
85 271
85 273
85 274
85 278
85 284
85 292
85 296
85 298
86 87
86 88
86 90
86 91
86 92
86 93
86 95
86 98
86 99
86 102
86 103
86 105
86 106
86 107
86 109
86 110
86 112
86 113
86 114
86 115
86 117
86 120
86 125
86 127
86 128
86 130
86 132
86 133
86 134
86 137
86 139
86 142
86 145
86 146
86 150
86 152
86 153
86 156
86 157
86 158
86 163
86 165
86 169
86 174
86 175
86 179
86 180
86 184
86 189
86 191
86 193
86 194
86 195
86 196
86 197
86 199
86 204
86 205
86 206
86 208
86 213
86 217
86 221
86 222
86 227
86 230
86 233
86 239
86 244
86 245
86 246
86 247
86 251
86 263
86 264
86 266
86 273
86 276
86 282
86 285
86 293
87 88
87 89
87 91
87 92
87 98
87 103
87 105
87 107
87 108
87 109
87 116
87 117
87 120
87 121
87 124
87 127
87 128
87 131
87 134
87 136
87 139
87 142
87 143
87 144
87 146
87 149
87 156
87 159
87 160
87 162
87 165
87 167
87 169
87 172
87 182
87 184
87 185
87 187
87 192
87 195
87 198
87 200
87 204
87 208
87 210
87 215
87 223
87 224
87 233
87 237
87 240
87 241
87 243
87 249
87 253
87 254
87 259
87 260
87 261
87 262
87 268
87 272
87 273
87 276
87 277
87 285
87 286
87 288
87 290
87 291
87 293
87 297
87 299
87 246
88 90
88 91
88 92
88 95
88 96
88 97
88 99
88 100
88 101
88 102
88 107
88 111
88 113
88 114
88 115
88 117
88 119
88 121
88 122
88 126
88 128
88 132
88 136
88 137
88 138
88 140
88 143
88 149
88 151
88 152
88 153
88 155
88 168
88 174
88 175
88 177
88 179
88 183
88 185
88 196
88 199
88 201
88 205
88 206
88 208
88 209
88 213
88 214
88 217
88 220
88 227
88 229
88 235
88 240
88 241
88 242
88 248
88 249
88 254
88 255
88 256
88 264
88 267
88 269
88 273
88 275
88 276
88 281
88 282
88 298
88 123
89 90
89 92
89 96
89 102
89 103
89 104
89 105
89 106
89 110
89 111
89 112
89 113
89 119
89 123
89 124
89 129
89 131
89 133
89 134
89 136
89 137
89 141
89 143
89 145
89 146
89 147
89 151
89 153
89 154
89 155
89 159
89 161
89 169
89 171
89 174
89 176
89 177
89 180
89 181
89 183
89 192
89 197
89 203
89 205
89 209
89 211
89 212
89 214
89 215
89 218
89 223
89 232
89 249
89 256
89 261
89 263
89 267
89 272
89 274
89 279
89 283
89 286
89 296
89 299
89 99
90 91
90 95
90 96
90 98
90 100
90 102
90 105
90 106
90 108
90 110
90 111
90 112
90 113
90 117
90 118
90 121
90 124
90 127
90 129
90 131
90 133
90 136
90 140
90 141
90 146
90 147
90 150
90 153
90 154
90 158
90 162
90 165
90 166
90 168
90 170
90 172
90 173
90 174
90 178
90 179
90 180
90 187
90 188
90 196
90 198
90 199
90 200
90 201
90 202
90 205
90 212
90 214
90 218
90 222
90 225
90 226
90 231
90 234
90 239
90 244
90 246
90 250
90 254
90 255
90 259
90 265
90 272
90 275
90 282
90 292
90 295
90 296
90 299
91 92
91 94
91 95
91 97
91 101
91 107
91 108
91 109
91 116
91 117
91 119
91 124
91 125
91 126
91 131
91 143
91 144
91 146
91 152
91 154
91 158
91 163
91 167
91 181
91 184
91 194
91 201
91 203
91 213
91 216
91 218
91 220
91 221
91 228
91 229
91 231
91 234
91 242
91 245
91 246
91 255
91 256
91 257
91 259
91 262
91 263
91 265
91 269
91 271
91 272
91 274
91 286
91 293
91 299
91 122
92 94
92 105
92 108
92 118
92 121
92 122
92 125
92 126
92 129
92 131
92 133
92 135
92 138
92 143
92 144
92 147
92 149
92 152
92 155
92 159
92 163
92 167
92 173
92 174
92 175
92 186
92 187
92 192
92 194
92 206
92 209
92 211
92 214
92 223
92 235
92 237
92 240
92 246
92 251
92 256
92 258
92 264
92 270
92 272
92 273
92 275
92 281
92 284
92 292
92 294
92 298
93 101
93 103
93 106
93 108
93 110
93 111
93 114
93 117
93 122
93 124
93 125
93 131
93 132
93 136
93 138
93 147
93 148
93 149
93 150
93 161
93 162
93 165
93 166
93 169
93 171
93 173
93 174
93 181
93 182
93 184
93 188
93 189
93 193
93 203
93 210
93 212
93 215
93 217
93 223
93 226
93 233
93 234
93 236
93 237
93 240
93 245
93 248
93 256
93 258
93 269
93 272
93 274
93 278
93 285
93 289
93 294
93 296
93 297
93 298
94 97
94 98
94 100
94 101
94 104
94 109
94 110
94 116
94 118
94 119
94 120
94 121
94 123
94 124
94 128
94 134
94 137
94 138
94 139
94 142
94 143
94 144
94 145
94 147
94 151
94 152
94 168
94 173
94 179
94 190
94 191
94 193
94 197
94 202
94 206
94 210
94 216
94 218
94 224
94 225
94 226
94 228
94 230
94 235
94 240
94 249
94 253
94 254
94 266
94 273
94 278
94 285
94 286
94 294
94 295
94 296
95 99
95 103
95 104
95 105
95 113
95 114
95 115
95 117
95 124
95 129
95 131
95 134
95 136
95 139
95 150
95 153
95 157
95 159
95 165
95 170
95 178
95 180
95 181
95 189
95 190
95 196
95 203
95 211
95 215
95 221
95 224
95 227
95 233
95 236
95 241
95 249
95 250
95 251
95 267
95 269
95 276
95 279
95 291
95 293
95 296
95 254
96 97
96 99
96 100
96 104
96 105
96 111
96 112
96 115
96 116
96 120
96 121
96 122
96 123
96 125
96 127
96 128
96 129
96 130
96 136
96 139
96 143
96 144
96 150
96 152
96 159
96 160
96 166
96 168
96 170
96 172
96 174
96 176
96 178
96 179
96 180
96 183
96 184
96 186
96 188
96 190
96 193
96 194
96 202
96 203
96 218
96 220
96 223
96 229
96 243
96 255
96 263
96 270
96 273
96 282
96 284
96 289
96 292
96 297
97 99
97 103
97 104
97 105
97 106
97 111
97 112
97 114
97 115
97 116
97 117
97 120
97 122
97 126
97 128
97 129
97 134
97 135
97 136
97 139
97 142
97 144
97 145
97 150
97 152
97 156
97 162
97 170
97 171
97 172
97 173
97 175
97 179
97 185
97 187
97 189
97 192
97 194
97 198
97 201
97 203
97 206
97 209
97 210
97 213
97 218
97 228
97 230
97 237
97 242
97 245
97 256
97 257
97 258
97 265
97 280
97 284
97 286
97 293
97 238
97 272
98 101
98 105
98 106
98 107
98 108
98 111
98 113
98 114
98 117
98 118
98 119
98 121
98 122
98 123
98 124
98 126
98 128
98 129
98 130
98 131
98 132
98 136
98 139
98 140
98 145
98 146
98 147
98 148
98 149
98 153
98 160
98 164
98 165
98 168
98 171
98 172
98 179
98 185
98 188
98 189
98 191
98 196
98 198
98 213
98 218
98 219
98 223
98 231
98 234
98 235
98 237
98 250
98 255
98 261
98 263
98 267
98 270
98 278
98 279
98 289
98 298
98 233
99 100
99 103
99 105
99 107
99 110
99 113
99 116
99 121
99 124
99 126
99 130
99 135
99 143
99 147
99 148
99 150
99 154
99 155
99 157
99 158
99 159
99 160
99 164
99 166
99 169
99 171
99 175
99 176
99 177
99 185
99 186
99 188
99 189
99 193
99 195
99 196
99 201
99 203
99 205
99 207
99 209
99 211
99 216
99 217
99 218
99 227
99 237
99 240
99 244
99 246
99 247
99 258
99 259
99 264
99 269
99 270
99 272
99 276
99 277
99 280
99 282
99 290
99 292
99 297
100 101
100 105
100 106
100 109
100 113
100 116
100 117
100 118
100 121
100 124
100 127
100 128
100 130
100 131
100 135
100 136
100 137
100 142
100 144
100 146
100 149
100 152
100 159
100 164
100 169
100 170
100 172
100 173
100 176
100 178
100 183
100 187
100 190
100 195
100 204
100 205
100 206
100 209
100 220
100 230
100 239
100 243
100 245
100 269
100 270
100 271
100 274
100 276
100 277
100 278
100 280
100 282
100 285
100 295
100 297
101 103
101 105
101 108
101 109
101 110
101 111
101 113
101 114
101 117
101 119
101 120
101 123
101 131
101 135
101 141
101 142
101 143
101 144
101 146
101 157
101 158
101 159
101 160
101 162
101 165
101 171
101 175
101 177
101 178
101 179
101 180
101 181
101 186
101 187
101 198
101 201
101 208
101 211
101 216
101 243
101 247
101 251
101 278
101 281
101 283
101 295
101 296
101 299
101 259
102 103
102 104
102 107
102 109
102 110
102 116
102 118
102 120
102 122
102 125
102 130
102 134
102 136
102 138
102 139
102 140
102 142
102 148
102 155
102 157
102 165
102 168
102 172
102 184
102 185
102 191
102 198
102 201
102 208
102 210
102 215
102 223
102 232
102 235
102 236
102 256
102 262
102 273
102 274
102 279
102 285
102 286
102 287
102 289
102 292
102 293
103 104
103 105
103 113
103 114
103 121
103 122
103 127
103 131
103 136
103 139
103 149
103 155
103 156
103 158
103 162
103 163
103 164
103 168
103 177
103 184
103 185
103 187
103 188
103 193
103 201
103 204
103 207
103 228
103 232
103 235
103 238
103 250
103 253
103 254
103 255
103 257
103 263
103 286
103 290
103 296
103 150
103 285
104 105
104 107
104 108
104 109
104 110
104 115
104 117
104 122
104 123
104 124
104 125
104 134
104 135
104 138
104 139
104 140
104 141
104 142
104 145
104 154
104 158
104 160
104 165
104 166
104 167
104 169
104 175
104 179
104 183
104 191
104 195
104 196
104 197
104 198
104 203
104 207
104 212
104 214
104 216
104 221
104 222
104 224
104 226
104 230
104 234
104 240
104 241
104 288
105 108
105 109
105 111
105 112
105 113
105 116
105 121
105 122
105 123
105 124
105 126
105 140
105 141
105 142
105 143
105 154
105 155
105 157
105 160
105 162
105 172
105 173
105 176
105 185
105 187
105 191
105 192
105 193
105 197
105 199
105 203
105 204
105 206
105 207
105 213
105 214
105 217
105 218
105 219
105 222
105 224
105 226
105 227
105 230
105 231
105 237
105 238
105 240
105 246
105 247
105 250
105 253
105 257
105 258
105 259
105 260
105 264
105 266
105 267
105 273
105 276
105 286
105 292
105 298
106 108
106 110
106 113
106 114
106 121
106 122
106 125
106 126
106 127
106 130
106 137
106 141
106 142
106 143
106 146
106 153
106 155
106 157
106 159
106 162
106 167
106 169
106 171
106 199
106 200
106 211
106 219
106 220
106 233
106 255
106 262
106 270
106 273
106 275
106 282
106 289
106 290
107 108
107 110
107 115
107 118
107 120
107 122
107 123
107 125
107 127
107 130
107 131
107 133
107 136
107 137
107 140
107 142
107 144
107 145
107 148
107 151
107 154
107 159
107 161
107 171
107 174
107 175
107 182
107 188
107 192
107 200
107 201
107 202
107 205
107 208
107 211
107 214
107 216
107 217
107 221
107 222
107 227
107 229
107 230
107 231
107 232
107 233
107 239
107 241
107 247
107 250
107 259
107 266
107 271
107 273
107 279
107 291
107 292
108 109
108 111
108 112
108 118
108 119
108 124
108 125
108 130
108 131
108 132
108 135
108 147
108 149
108 150
108 158
108 160
108 162
108 168
108 171
108 177
108 178
108 184
108 191
108 192
108 204
108 231
108 233
108 241
108 251
108 259
108 271
108 280
108 281
108 282
108 292
108 298
109 110
109 111
109 113
109 114
109 115
109 117
109 118
109 120
109 122
109 125
109 126
109 128
109 129
109 130
109 134
109 136
109 142
109 143
109 149
109 156
109 160
109 165
109 167
109 170
109 175
109 182
109 183
109 186
109 196
109 199
109 202
109 209
109 213
109 214
109 218
109 225
109 227
109 232
109 238
109 242
109 264
109 267
109 269
109 273
109 278
109 281
109 296
110 112
110 113
110 114
110 117
110 126
110 130
110 132
110 133
110 137
110 146
110 149
110 151
110 152
110 154
110 159
110 161
110 167
110 169
110 176
110 185
110 186
110 189
110 191
110 205
110 208
110 211
110 223
110 224
110 227
110 231
110 235
110 238
110 245
110 246
110 250
110 252
110 255
110 268
110 274
110 281
110 285
110 293
110 163
111 113
111 118
111 119
111 123
111 124
111 128
111 130
111 133
111 144
111 145
111 147
111 149
111 150
111 151
111 152
111 153
111 155
111 157
111 158
111 159
111 161
111 162
111 163
111 166
111 168
111 169
111 171
111 174
111 178
111 180
111 183
111 184
111 185
111 188
111 189
111 190
111 191
111 192
111 195
111 198
111 199
111 200
111 203
111 207
111 208
111 213
111 214
111 215
111 217
111 221
111 222
111 224
111 225
111 236
111 237
111 239
111 240
111 241
111 245
111 246
111 249
111 256
111 257
111 259
111 260
111 275
111 277
111 281
111 282
111 285
111 287
111 288
111 289
111 296
111 297
111 114
112 118
112 120
112 121
112 128
112 131
112 135
112 137
112 142
112 149
112 151
112 167
112 173
112 183
112 185
112 186
112 189
112 190
112 195
112 196
112 205
112 208
112 212
112 217
112 225
112 227
112 228
112 234
112 235
112 242
112 243
112 254
112 258
112 260
112 261
112 266
112 267
112 269
112 271
112 286
112 293
112 298
113 121
113 125
113 126
113 132
113 134
113 136
113 139
113 141
113 143
113 149
113 153
113 158
113 164
113 166
113 168
113 173
113 177
113 179
113 183
113 184
113 189
113 191
113 197
113 202
113 208
113 212
113 218
113 223
113 235
113 243
113 254
113 258
113 263
113 265
113 271
113 273
113 284
113 287
113 288
113 293
113 294
113 207
114 115
114 116
114 118
114 120
114 122
114 124
114 125
114 130
114 133
114 137
114 139
114 162
114 163
114 164
114 166
114 169
114 171
114 176
114 181
114 187
114 194
114 196
114 198
114 199
114 203
114 204
114 209
114 214
114 224
114 226
114 228
114 232
114 233
114 239
114 245
114 248
114 249
114 263
114 265
114 269
114 272
114 286
114 288
114 291
114 296
114 298
115 116
115 117
115 118
115 119
115 122
115 127
115 129
115 138
115 139
115 140
115 142
115 143
115 146
115 148
115 150
115 152
115 161
115 165
115 167
115 172
115 179
115 181
115 184
115 188
115 191
115 193
115 194
115 196
115 200
115 203
115 205
115 214
115 216
115 217
115 219
115 220
115 221
115 223
115 225
115 237
115 238
115 240
115 245
115 246
115 249
115 251
115 252
115 257
115 262
115 264
115 266
115 272
115 281
115 282
115 288
115 292
115 296
115 298
116 120
116 124
116 125
116 130
116 131
116 132
116 136
116 149
116 154
116 156
116 158
116 166
116 169
116 173
116 179
116 184
116 190
116 191
116 194
116 197
116 199
116 201
116 204
116 205
116 207
116 214
116 215
116 226
116 243
116 245
116 246
116 247
116 248
116 251
116 254
116 257
116 261
116 263
116 266
116 270
116 273
116 290
116 292
116 293
116 295
116 296
116 218
117 118
117 120
117 123
117 124
117 126
117 128
117 130
117 131
117 132
117 133
117 134
117 136
117 137
117 144
117 149
117 153
117 159
117 160
117 163
117 164
117 165
117 166
117 167
117 170
117 171
117 172
117 176
117 179
117 180
117 182
117 188
117 189
117 191
117 202
117 215
117 229
117 232
117 234
117 235
117 237
117 238
117 240
117 242
117 248
117 255
117 261
117 264
117 266
117 274
117 275
117 276
117 281
117 288
117 290
118 120
118 122
118 124
118 131
118 132
118 140
118 142
118 145
118 146
118 149
118 150
118 152
118 156
118 161
118 175
118 177
118 179
118 180
118 183
118 190
118 191
118 214
118 215
118 216
118 233
118 238
118 256
118 280
118 281
118 283
118 284
118 288
118 292
119 120
119 121
119 123
119 131
119 132
119 133
119 137
119 139
119 140
119 143
119 147
119 151
119 153
119 154
119 157
119 158
119 165
119 166
119 167
119 169
119 174
119 186
119 187
119 188
119 193
119 196
119 201
119 205
119 213
119 215
119 219
119 220
119 224
119 237
119 241
119 244
119 255
119 261
119 263
119 268
119 272
119 275
119 276
119 277
119 282
119 283
119 287
119 291
119 293
120 127
120 132
120 141
120 144
120 151
120 152
120 160
120 165
120 171
120 180
120 185
120 188
120 190
120 192
120 198
120 205
120 240
120 242
120 244
120 249
120 250
120 253
120 256
120 257
120 271
120 273
120 275
120 280
120 288
120 298
121 123
121 125
121 129
121 133
121 135
121 145
121 147
121 156
121 157
121 162
121 163
121 166
121 174
121 183
121 186
121 193
121 198
121 202
121 204
121 205
121 206
121 213
121 214
121 216
121 225
121 229
121 230
121 237
121 249
121 268
121 270
121 271
121 274
121 281
121 296
121 289
122 123
122 125
122 127
122 132
122 137
122 139
122 140
122 143
122 146
122 147
122 148
122 160
122 176
122 177
122 185
122 186
122 188
122 193
122 195
122 200
122 202
122 205
122 217
122 220
122 223
122 224
122 228
122 233
122 236
122 237
122 239
122 241
122 252
122 253
122 257
122 261
122 268
122 270
122 283
122 291
122 292
123 127
123 133
123 139
123 141
123 145
123 152
123 158
123 160
123 172
123 186
123 187
123 188
123 208
123 211
123 220
123 235
123 236
123 241
123 255
123 265
123 267
123 268
123 279
123 287
123 289
123 290
123 296
123 298
124 125
124 127
124 131
124 134
124 137
124 141
124 142
124 143
124 145
124 148
124 150
124 156
124 157
124 158
124 159
124 160
124 163
124 164
124 169
124 182
124 186
124 203
124 204
124 209
124 213
124 215
124 216
124 217
124 222
124 223
124 227
124 228
124 231
124 236
124 238
124 253
124 260
124 266
124 268
124 271
124 281
124 285
124 286
124 287
124 293
124 294
124 297
125 126
125 127
125 133
125 139
125 147
125 149
125 152
125 155
125 161
125 162
125 163
125 170
125 171
125 177
125 178
125 189
125 190
125 191
125 192
125 197
125 202
125 203
125 209
125 211
125 213
125 214
125 219
125 220
125 236
125 238
125 239
125 244
125 249
125 254
125 256
125 260
125 269
125 270
125 271
125 273
125 277
125 283
125 284
125 289
126 131
126 135
126 137
126 140
126 142
126 144
126 154
126 156
126 159
126 164
126 169
126 172
126 184
126 186
126 190
126 196
126 197
126 204
126 206
126 207
126 209
126 228
126 231
126 232
126 251
126 252
126 254
126 273
126 274
126 276
126 284
126 297
126 223
127 129
127 130
127 139
127 141
127 144
127 148
127 152
127 154
127 157
127 158
127 161
127 164
127 168
127 171
127 174
127 176
127 178
127 181
127 182
127 186
127 193
127 195
127 197
127 199
127 202
127 204
127 207
127 208
127 210
127 211
127 213
127 219
127 228
127 231
127 234
127 242
127 247
127 250
127 251
127 252
127 255
127 259
127 263
127 280
127 283
127 292
127 294
128 135
128 138
128 141
128 143
128 144
128 148
128 150
128 157
128 158
128 163
128 164
128 166
128 167
128 173
128 178
128 181
128 182
128 184
128 188
128 192
128 197
128 203
128 212
128 215
128 216
128 217
128 219
128 221
128 224
128 225
128 250
128 251
128 252
128 253
128 256
128 258
128 259
128 262
128 268
128 271
128 278
128 279
128 290
128 293
128 298
128 299
128 289
129 135
129 140
129 143
129 148
129 149
129 151
129 154
129 169
129 181
129 194
129 198
129 202
129 216
129 218
129 225
129 228
129 230
129 235
129 238
129 239
129 243
129 265
129 278
129 284
129 285
129 286
129 293
129 297
130 131
130 132
130 136
130 144
130 146
130 148
130 149
130 154
130 156
130 175
130 183
130 184
130 186
130 189
130 190
130 196
130 197
130 203
130 207
130 210
130 223
130 226
130 227
130 234
130 235
130 249
130 251
130 254
130 257
130 263
130 268
130 277
130 280
130 291
130 297
130 158
131 135
131 152
131 153
131 154
131 166
131 168
131 178
131 182
131 189
131 192
131 203
131 207
131 216
131 221
131 225
131 228
131 231
131 233
131 234
131 239
131 240
131 244
131 251
131 253
131 254
131 255
131 259
131 260
131 268
131 271
131 272
131 275
131 285
131 296
132 136
132 137
132 143
132 146
132 148
132 150
132 155
132 170
132 171
132 174
132 175
132 176
132 207
132 211
132 219
132 224
132 225
132 226
132 234
132 244
132 267
132 275
132 284
132 286
132 295
133 153
133 158
133 168
133 171
133 176
133 188
133 192
133 195
133 197
133 202
133 211
133 213
133 217
133 218
133 219
133 221
133 222
133 234
133 241
133 249
133 254
133 263
133 266
133 267
133 287
133 290
134 138
134 140
134 148
134 150
134 152
134 154
134 170
134 171
134 175
134 189
134 190
134 193
134 195
134 196
134 197
134 206
134 208
134 213
134 215
134 223
134 238
134 246
134 258
134 268
134 284
134 285
134 293
134 295
134 249
135 137
135 138
135 144
135 153
135 157
135 164
135 174
135 180
135 195
135 199
135 209
135 212
135 215
135 217
135 220
135 225
135 226
135 231
135 234
135 241
135 249
135 251
135 255
135 258
135 261
135 267
135 272
135 276
136 144
136 147
136 148
136 151
136 155
136 168
136 174
136 178
136 180
136 184
136 186
136 192
136 208
136 212
136 215
136 223
136 224
136 226
136 232
136 234
136 246
136 250
136 253
136 262
136 265
136 278
136 287
136 288
136 289
136 290
136 291
137 145
137 146
137 150
137 152
137 153
137 157
137 163
137 171
137 181
137 193
137 199
137 202
137 209
137 215
137 221
137 222
137 232
137 234
137 242
137 243
137 246
137 251
137 252
137 255
137 256
137 261
137 274
137 277
137 283
137 295
138 145
138 148
138 151
138 158
138 163
138 166
138 173
138 185
138 188
138 190
138 191
138 192
138 193
138 197
138 198
138 204
138 206
138 212
138 213
138 215
138 228
138 231
138 233
138 236
138 240
138 242
138 244
138 248
138 252
138 254
138 256
138 259
138 275
138 277
138 287
138 289
138 294
138 296
138 298
139 146
139 147
139 151
139 153
139 165
139 167
139 177
139 179
139 185
139 209
139 210
139 212
139 215
139 219
139 226
139 227
139 229
139 244
139 248
139 253
139 282
139 286
139 288
139 296
139 298
140 146
140 149
140 151
140 154
140 157
140 159
140 165
140 167
140 170
140 176
140 181
140 197
140 208
140 215
140 221
140 232
140 241
140 243
140 246
140 250
140 256
140 259
140 261
140 265
140 274
140 276
140 290
140 292
140 297
140 299
140 240
141 142
141 143
141 148
141 149
141 151
141 154
141 164
141 167
141 170
141 171
141 172
141 177
141 192
141 193
141 201
141 204
141 205
141 211
141 212
141 222
141 226
141 242
141 244
141 245
141 252
141 254
141 255
141 259
141 260
141 264
141 287
142 144
142 145
142 154
142 158
142 159
142 161
142 163
142 166
142 172
142 186
142 187
142 190
142 191
142 194
142 201
142 205
142 207
142 208
142 211
142 212
142 224
142 230
142 235
142 240
142 241
142 247
142 249
142 252
142 253
142 254
142 255
142 258
142 259
142 265
142 268
142 271
142 274
142 277
142 281
143 144
143 145
143 146
143 147
143 151
143 152
143 155
143 161
143 170
143 171
143 172
143 177
143 180
143 181
143 199
143 218
143 219
143 221
143 223
143 226
143 238
143 240
143 250
143 257
143 259
143 264
143 265
143 275
143 288
143 289
143 291
143 294
144 148
144 152
144 154
144 167
144 169
144 171
144 172
144 174
144 178
144 179
144 180
144 182
144 183
144 186
144 189
144 195
144 196
144 199
144 208
144 212
144 216
144 217
144 220
144 221
144 230
144 231
144 239
144 263
144 267
144 272
144 279
144 286
144 288
144 297
145 147
145 151
145 153
145 155
145 157
145 160
145 165
145 171
145 173
145 183
145 190
145 191
145 195
145 202
145 207
145 224
145 226
145 243
145 253
145 257
145 265
145 266
145 275
145 280
145 291
145 297
146 150
146 161
146 166
146 167
146 179
146 180
146 181
146 183
146 186
146 192
146 193
146 195
146 201
146 206
146 210
146 211
146 217
146 218
146 230
146 243
146 246
146 249
146 256
146 258
146 260
146 266
146 270
146 272
146 282
146 289
146 290
146 298
147 149
147 150
147 151
147 152
147 155
147 157
147 163
147 166
147 178
147 179
147 180
147 192
147 195
147 210
147 212
147 216
147 218
147 220
147 229
147 233
147 243
147 252
147 254
147 256
147 257
147 258
147 260
147 278
147 279
147 287
148 150
148 152
148 153
148 154
148 155
148 156
148 157
148 159
148 164
148 174
148 182
148 193
148 208
148 212
148 214
148 226
148 228
148 233
148 237
148 244
148 245
148 246
148 254
148 264
148 271
148 272
148 281
148 283
148 289
148 292
148 295
149 156
149 157
149 160
149 164
149 173
149 176
149 177
149 182
149 186
149 189
149 191
149 195
149 197
149 212
149 219
149 227
149 228
149 246
149 257
149 258
149 261
149 268
149 271
149 284
149 286
149 289
149 291
149 297
150 162
150 171
150 174
150 184
150 200
150 202
150 203
150 217
150 220
150 222
150 227
150 231
150 239
150 243
150 244
150 260
150 261
150 262
150 265
150 268
150 270
150 285
150 293
150 299
151 161
151 162
151 166
151 167
151 175
151 178
151 186
151 191
151 197
151 199
151 200
151 211
151 213
151 240
151 247
151 250
151 264
151 265
151 270
151 276
151 288
152 160
152 167
152 170
152 180
152 199
152 202
152 207
152 217
152 221
152 230
152 233
152 251
152 255
152 264
152 278
152 291
152 299
153 158
153 161
153 162
153 164
153 165
153 167
153 170
153 173
153 175
153 178
153 185
153 190
153 193
153 200
153 203
153 210
153 213
153 216
153 217
153 218
153 222
153 225
153 228
153 229
153 234
153 238
153 241
153 250
153 254
153 255
153 260
153 267
153 272
153 274
153 283
153 287
153 288
154 155
154 157
154 163
154 164
154 174
154 175
154 187
154 192
154 193
154 194
154 199
154 202
154 205
154 206
154 213
154 226
154 237
154 247
154 248
154 258
154 259
154 265
154 266
154 271
154 275
154 278
154 282
154 284
154 290
154 291
154 295
154 183
155 162
155 167
155 174
155 179
155 181
155 186
155 201
155 210
155 211
155 214
155 223
155 224
155 226
155 229
155 244
155 247
155 251
155 256
155 267
155 279
155 286
155 288
155 292
155 299
156 169
156 170
156 173
156 176
156 181
156 183
156 185
156 187
156 191
156 193
156 198
156 199
156 207
156 210
156 214
156 219
156 220
156 238
156 239
156 240
156 244
156 245
156 257
156 260
156 269
156 285
156 294
157 158
157 159
157 161
157 167
157 169
157 171
157 173
157 180
157 183
157 188
157 189
157 190
157 191
157 195
157 200
157 203
157 214
157 219
157 220
157 225
157 231
157 253
157 256
157 262
157 268
157 270
157 271
157 287
157 291
157 299
158 159
158 164
158 170
158 172
158 186
158 188
158 196
158 199
158 202
158 204
158 205
158 223
158 224
158 236
158 249
158 252
158 254
158 255
158 265
158 272
158 287
158 288
159 168
159 169
159 187
159 195
159 202
159 223
159 226
159 228
159 231
159 240
159 243
159 244
159 256
159 257
159 260
159 262
159 265
159 273
159 288
160 162
160 163
160 168
160 179
160 180
160 182
160 185
160 187
160 189
160 194
160 198
160 200
160 213
160 216
160 219
160 229
160 233
160 238
160 239
160 253
160 259
160 267
160 270
160 274
160 281
160 296
160 298
161 162
161 164
161 169
161 170
161 171
161 173
161 176
161 179
161 180
161 183
161 187
161 191
161 194
161 198
161 199
161 200
161 201
161 212
161 227
161 231
161 242
161 251
161 270
161 276
161 278
161 282
161 292
162 172
162 174
162 176
162 177
162 180
162 188
162 194
162 195
162 196
162 198
162 211
162 217
162 219
162 222
162 247
162 255
162 258
162 260
162 263
162 269
162 277
162 278
162 287
162 288
162 289
162 295
163 169
163 170
163 186
163 190
163 191
163 208
163 213
163 224
163 229
163 233
163 238
163 240
163 252
163 263
163 265
163 269
163 275
163 283
163 286
163 295
163 297
164 170
164 183
164 184
164 203
164 212
164 220
164 228
164 231
164 237
164 251
164 253
164 257
164 260
164 264
164 269
164 270
164 272
164 273
164 275
164 276
164 279
164 284
164 292
164 293
164 294
164 295
165 167
165 169
165 171
165 175
165 187
165 193
165 196
165 199
165 200
165 207
165 210
165 212
165 219
165 222
165 248
165 250
165 257
165 258
165 266
165 280
165 288
165 293
166 169
166 170
166 178
166 182
166 184
166 187
166 200
166 201
166 220
166 229
166 232
166 250
166 262
166 270
166 272
166 282
166 294
167 178
167 184
167 186
167 191
167 200
167 202
167 204
167 205
167 209
167 213
167 218
167 222
167 235
167 240
167 258
167 259
167 268
167 273
167 274
167 278
167 280
168 169
168 170
168 178
168 182
168 185
168 192
168 193
168 204
168 207
168 214
168 215
168 222
168 244
168 246
168 252
168 253
168 282
168 287
168 288
168 292
168 295
169 176
169 209
169 210
169 220
169 224
169 237
169 241
169 257
169 259
169 270
169 280
169 299
170 174
170 178
170 182
170 186
170 209
170 213
170 226
170 227
170 233
170 239
170 241
170 249
170 254
170 269
170 275
170 279
170 283
170 292
170 299
171 177
171 179
171 192
171 202
171 205
171 209
171 212
171 224
171 227
171 244
171 245
171 251
171 255
171 262
171 267
171 276
171 282
171 298
172 173
172 178
172 184
172 185
172 186
172 187
172 191
172 193
172 203
172 206
172 212
172 218
172 221
172 226
172 238
172 248
172 250
172 256
172 257
172 269
172 276
172 280
172 283
172 289
172 291
172 295
172 297
172 299
173 181
173 191
173 192
173 196
173 200
173 204
173 206
173 218
173 222
173 225
173 226
173 229
173 234
173 237
173 241
173 252
173 253
173 256
173 257
173 260
173 261
173 265
173 290
173 294
173 276
173 251
174 179
174 187
174 190
174 202
174 207
174 216
174 218
174 222
174 223
174 229
174 231
174 237
174 240
174 248
174 250
174 251
174 255
174 267
174 281
174 284
174 286
175 178
175 183
175 184
175 185
175 190
175 202
175 203
175 227
175 234
175 243
175 257
175 260
175 263
175 271
175 222
176 204
176 213
176 219
176 227
176 233
176 236
176 260
176 263
176 264
176 266
176 279
176 281
177 187
177 213
177 216
177 221
177 223
177 224
177 227
177 230
177 232
177 233
177 235
177 253
177 257
177 262
177 267
177 285
177 286
178 184
178 191
178 195
178 198
178 205
178 207
178 208
178 216
178 218
178 228
178 238
178 241
178 242
178 247
178 253
178 265
178 271
178 278
178 281
178 295
178 229
179 183
179 184
179 186
179 187
179 195
179 196
179 197
179 209
179 211
179 216
179 223
179 252
179 253
179 260
179 266
179 270
179 271
179 273
179 285
180 182
180 189
180 204
180 226
180 237
180 238
180 241
180 247
180 252
180 264
180 275
180 283
180 294
180 297
180 299
181 189
181 192
181 195
181 211
181 216
181 218
181 220
181 236
181 238
181 239
181 243
181 245
181 247
181 248
181 254
181 263
181 271
181 278
181 283
181 293
182 191
182 225
182 227
182 228
182 236
182 251
182 256
182 261
182 288
183 186
183 194
183 206
183 207
183 213
183 217
183 219
183 221
183 223
183 224
183 225
183 228
183 229
183 233
183 234
183 235
183 239
183 243
183 256
183 261
183 262
183 282
183 287
183 290
184 190
184 197
184 198
184 207
184 209
184 211
184 224
184 230
184 232
184 245
184 248
184 249
184 257
184 278
184 280
184 294
185 189
185 190
185 192
185 198
185 225
185 234
185 243
185 247
185 250
185 258
185 266
185 268
185 269
185 277
185 282
185 283
185 284
185 288
186 201
186 214
186 227
186 228
186 242
186 251
186 259
186 265
186 267
186 275
186 276
186 280
186 282
187 188
187 192
187 193
187 206
187 221
187 222
187 223
187 225
187 227
187 232
187 251
187 271
187 289
187 294
187 295
187 297
188 210
188 223
188 244
188 248
188 255
188 263
188 275
188 283
188 289
188 291
188 293
188 299
189 200
189 203
189 208
189 239
189 244
189 247
189 263
189 269
189 275
189 278
189 287
189 288
189 298
189 299
190 193
190 200
190 201
190 208
190 209
190 211
190 214
190 215
190 219
190 221
190 222
190 237
190 239
190 240
190 252
190 258
190 262
190 275
190 278
190 289
191 206
191 211
191 222
191 224
191 230
191 234
191 238
191 239
191 241
191 246
191 254
191 256
191 262
191 279
191 288
191 289
191 291
191 296
191 227
192 193
192 194
192 197
192 199
192 200
192 201
192 208
192 212
192 218
192 219
192 221
192 232
192 233
192 235
192 253
192 254
192 264
192 269
192 285
192 291
192 294
193 195
193 201
193 206
193 224
193 230
193 236
193 244
193 247
193 264
193 265
193 267
193 269
193 284
193 285
193 286
194 197
194 198
194 202
194 207
194 209
194 217
194 218
194 223
194 224
194 228
194 229
194 232
194 236
194 242
194 244
194 246
194 247
194 257
194 260
194 275
194 279
194 284
195 202
195 205
195 210
195 218
195 243
195 249
195 251
195 266
195 267
195 270
195 278
195 285
195 291
195 297
196 201
196 207
196 212
196 242
196 243
196 258
196 287
197 200
197 201
197 203
197 210
197 212
197 218
197 222
197 225
197 234
197 250
197 263
197 264
197 270
197 273
197 290
197 291
197 292
197 297
198 200
198 202
198 221
198 232
198 235
198 237
198 249
198 254
198 264
198 268
198 275
198 276
198 277
198 282
198 293
198 297
199 215
199 221
199 222
199 227
199 230
199 233
199 237
199 245
199 248
199 250
199 261
199 267
199 279
199 281
199 286
199 287
199 292
199 294
199 299
200 201
200 208
200 224
200 229
200 230
200 236
200 252
200 255
200 256
200 290
200 297
200 298
201 205
201 206
201 230
201 231
201 232
201 235
201 241
201 242
201 243
201 252
201 277
201 283
201 291
201 270
201 204
202 206
202 227
202 229
202 233
202 245
202 246
202 247
202 249
202 250
202 264
202 276
202 278
202 291
202 292
202 294
203 209
203 210
203 214
203 215
203 216
203 230
203 269
203 296
203 205
204 205
204 210
204 222
204 223
204 224
204 225
204 227
204 229
204 236
204 239
204 242
204 251
204 253
204 257
204 261
204 262
204 270
204 277
204 287
204 288
204 298
204 299
205 206
205 209
205 211
205 223
205 236
205 243
205 258
205 259
205 266
205 273
205 275
205 282
205 284
205 287
205 290
205 298
206 214
206 224
206 236
206 238
206 255
206 256
206 264
206 292
207 209
207 224
207 227
207 230
207 235
207 237
207 244
207 246
207 248
207 249
207 268
207 276
207 283
207 285
208 210
208 225
208 230
208 235
208 239
208 253
208 258
208 262
208 271
208 273
208 279
208 282
208 299
208 212
209 215
209 216
209 218
209 235
209 243
209 247
209 256
209 263
209 264
209 275
209 278
209 293
210 213
210 222
210 244
210 247
210 250
210 252
210 256
210 279
210 283
210 285
210 292
210 295
211 212
211 214
211 219
211 225
211 227
211 245
211 248
211 254
211 271
211 288
211 298
212 229
212 247
212 250
212 273
212 296
213 216
213 219
213 225
213 226
213 230
213 232
213 237
213 243
213 252
213 269
213 280
213 299
213 253
214 247
214 265
214 276
214 291
215 222
215 226
215 231
215 234
215 239
215 241
215 244
215 261
215 262
215 263
215 264
215 294
215 296
216 217
216 228
216 229
216 262
216 270
216 272
216 274
216 276
216 295
217 221
217 227
217 232
217 237
217 238
217 244
217 247
217 258
217 259
217 267
217 268
217 269
217 274
217 276
217 284
217 293
218 224
218 230
218 252
218 261
218 263
218 280
218 290
219 223
219 232
219 234
219 236
219 240
219 246
219 268
219 286
219 299
220 222
220 228
220 247
220 249
220 275
220 281
220 292
220 294
220 296
221 222
221 226
221 229
221 240
221 241
221 255
221 266
221 269
221 276
221 277
221 279
222 230
222 240
222 270
222 277
222 280
222 295
223 225
223 228
223 229
223 231
223 236
223 244
223 255
223 260
223 261
223 267
223 282
223 299
224 244
224 246
224 258
224 283
224 294
225 233
225 235
225 243
225 255
225 258
225 260
225 269
225 270
225 278
225 289
225 296
226 231
226 251
226 266
226 271
226 274
226 278
226 280
226 284
226 299
227 245
227 251
227 262
227 263
227 266
227 280
227 283
227 294
228 236
228 240
228 246
228 249
228 255
228 265
228 272
228 275
228 277
228 280
228 283
228 297
229 233
229 243
229 253
229 261
229 263
229 272
229 274
229 276
229 278
229 280
229 286
229 289
230 235
230 237
230 238
230 239
230 242
230 248
230 259
230 262
230 272
230 279
230 282
230 289
230 292
230 294
231 232
231 236
231 246
231 264
231 283
231 293
232 237
232 245
232 249
232 269
232 270
232 273
232 279
232 299
233 243
233 250
233 269
233 273
233 276
233 277
233 283
233 289
234 241
234 251
234 254
234 256
234 257
234 261
234 274
234 276
234 279
234 282
234 287
234 292
235 250
235 257
235 264
235 267
235 268
235 288
235 289
236 248
236 254
236 264
236 272
236 280
237 253
237 257
237 273
237 279
237 285
237 298
237 288
238 239
238 241
238 249
238 262
238 265
238 268
238 277
238 299
239 240
239 242
239 254
239 259
239 260
239 264
239 278
239 290
240 245
240 260
240 263
240 272
240 281
240 287
241 249
241 254
241 255
241 258
241 268
241 276
241 293
241 295
242 249
242 252
242 257
242 263
242 265
242 269
242 284
243 244
243 249
243 251
243 262
243 278
243 279
243 287
243 299
244 245
244 250
244 261
244 280
244 298
245 247
245 250
245 282
245 285
245 295
245 296
245 299
246 249
246 252
246 277
246 281
246 289
247 254
247 264
247 279
247 281
247 282
248 249
248 256
248 260
248 264
248 280
248 285
248 294
248 254
249 253
249 262
249 276
249 288
249 298
250 263
250 265
250 274
250 278
251 257
251 260
251 261
251 277
251 280
251 290
252 258
252 269
252 270
252 272
252 274
253 255
253 261
253 265
253 276
253 277
253 295
254 256
254 264
254 286
254 290
254 296
255 259
255 261
255 265
255 267
255 269
255 276
255 278
255 290
255 293
255 297
256 268
256 269
256 272
256 276
256 287
257 260
257 264
257 283
257 285
257 289
257 294
258 269
258 270
258 281
258 291
258 298
259 267
259 272
259 277
259 290
259 291
259 297
260 264
260 281
261 274
261 278
261 293
262 267
262 274
262 276
262 283
262 290
263 283
263 289
264 277
264 292
265 271
265 277
265 287
265 293
265 295
266 271
266 277
266 289
266 295
267 281
267 294
268 269
268 271
268 285
268 291
268 298
269 273
269 287
269 291
269 296
269 297
269 281
270 282
270 288
270 295
270 298
271 284
272 278
273 283
274 279
274 285
274 288
276 278
276 280
276 285
277 280
277 283
277 287
278 290
278 291
278 293
279 299
280 293
281 285
281 297
281 283
282 298
283 290
283 295
284 289
285 289
289 297
293 295
295 299
296 299