245503599
7
30
171
0 7
0 8
0 9
0 14
0 16
0 18
0 24
0 28
0 29
1 7
1 8
1 9
1 12
1 13
1 15
1 23
1 27
1 28
1 29
1 20
2 7
2 8
2 9
2 10
2 11
2 12
2 13
2 15
2 16
2 18
2 19
2 22
2 25
2 27
2 23
3 7
3 16
3 17
3 24
3 9
4 7
4 8
4 9
4 10
4 11
4 12
4 15
4 18
4 23
4 26
4 17
5 7
5 8
5 10
5 11
5 19
5 20
5 22
5 23
5 17
6 7
6 8
6 9
6 10
6 13
6 14
6 16
6 17
6 26
7 8
7 9
7 10
7 11
7 12
7 14
7 19
7 21
7 23
7 24
7 25
7 28
8 9
8 10
8 11
8 12
8 13
8 14
8 15
8 17
8 22
8 26
8 21
9 10
9 11
9 12
9 13
9 14
9 16
9 19
9 20
9 28
9 29
10 11
10 12
10 13
10 14
10 15
10 17
10 18
10 19
10 20
10 21
10 25
10 26
11 13
11 15
11 18
11 19
11 20
11 23
12 16
12 17
12 18
12 21
12 22
12 24
12 26
12 28
12 29
13 14
13 15
13 20
13 25
13 26
13 27
13 29
13 28
14 17
14 18
14 20
14 21
14 22
14 24
14 27
15 16
15 23
15 27
15 28
16 17
16 21
16 26
16 29
16 18
17 19
17 25
17 27
18 20
18 22
18 23
18 24
18 25
18 29
19 21
19 28
20 21
21 22
21 25
21 28
22 24
23 27
28 29