573393648
4
30
117
0 4
0 5
0 6
0 7
0 9
0 11
0 12
0 13
0 19
0 20
1 4
1 12
1 14
1 16
1 21
1 25
1 26
1 29
2 4
2 5
2 7
2 8
2 10
2 14
2 15
2 17
2 28
3 4
3 5
3 6
3 8
3 11
3 12
3 14
3 15
3 21
3 22
3 23
3 25
3 29
3 9
4 5
4 6
4 7
4 8
4 10
4 14
4 17
4 19
4 20
4 22
4 23
4 24
4 26
4 28
5 6
5 7
5 8
5 9
5 17
6 9
6 16
6 20
6 21
6 25
6 24
6 19
7 9
7 10
7 11
7 13
7 15
7 18
7 8
7 12
7 26
9 10
9 11
9 18
9 21
9 22
9 24
9 27
9 29
10 12
10 16
10 19
10 20
10 22
10 25
10 28
11 13
11 26
12 13
12 15
12 16
12 17
12 24
12 27
13 18
13 26
14 24
14 22
15 18
15 19
16 27
16 26
16 21
17 23
18 18
19 29
20 28
21 26
21 22
21 24
22 23
22 27