494672619
7
30
165
0 7
0 8
0 9
0 10
0 11
0 12
0 13
0 15
0 17
0 18
0 19
0 20
1 7
1 8
1 9
1 11
1 12
1 13
1 14
1 17
1 18
1 22
1 23
1 27
2 7
2 8
2 9
2 22
3 7
3 9
3 10
3 14
3 19
3 20
3 24
4 7
4 8
4 10
4 11
4 13
4 15
4 16
4 20
4 28
4 26
5 7
5 8
6 7
6 8
6 9
6 10
6 14
6 21
6 11
7 8
7 9
7 10
7 11
7 12
7 15
7 18
7 19
7 20
7 21
7 22
7 24
7 25
7 26
7 28
8 9
8 10
8 11
8 12
8 13
8 14
8 15
8 16
8 18
8 19
8 21
8 22
8 24
8 25
8 26
8 29
8 20
9 10
9 11
9 12
9 13
9 14
9 16
9 21
9 27
9 17
10 11
10 12
10 13
10 15
10 16
10 17
10 18
10 19
10 20
10 22
10 23
10 24
10 25
10 28
10 29
11 12
11 13
11 15
11 16
11 17
11 18
11 20
11 21
11 26
11 28
12 14
12 20
12 23
13 14
13 15
13 16
13 17
13 19
13 23
13 24
13 27
13 29
14 16
14 21
14 22
14 26
14 27
14 29
15 17
15 18
15 21
15 25
15 29
16 17
16 19
16 23
16 25
16 28
17 24
18 26
18 27
19 22
19 23
19 27
19 29
21 24
22 23
22 27
22 29
23 25
23 26
24 25
25 26
26 28
27 28