909774707
5
30
138
0 5
0 6
0 7
0 8
0 11
0 14
0 20
1 5
1 6
1 11
1 14
1 16
1 19
2 5
2 11
2 15
3 5
3 6
3 7
3 9
3 10
3 13
3 14
3 16
3 18
3 20
3 26
3 23
4 5
4 6
4 7
4 8
4 9
4 13
4 21
4 15
5 6
5 7
5 8
5 9
5 10
5 11
5 12
5 14
5 15
5 16
5 18
5 21
5 23
5 24
5 25
5 26
5 28
5 29
6 7
6 8
6 10
6 12
6 15
6 17
6 20
6 26
6 29
6 9
6 25
7 8
7 9
7 10
7 11
7 12
7 14
7 16
7 17
7 22
7 23
7 27
7 28
7 29
8 9
8 10
8 15
8 17
8 20
8 24
8 25
8 28
8 18
9 12
9 13
9 21
9 23
9 24
10 19
10 23
11 12
11 13
11 14
11 15
11 18
11 21
11 22
11 25
11 27
12 13
12 18
12 20
12 28
13 16
13 22
13 25
13 21
14 17
14 19
14 24
14 28
14 18
15 17
15 18
15 21
15 22
15 26
16 19
16 29
16 20
17 19
17 26
17 27
18 20
18 23
18 27
18 28
19 29
20 26
20 27
21 22
22 25
23 24
23 28