353511843
4
30
111
0 4
0 14
0 26
1 4
1 5
1 7
1 8
1 15
1 18
1 24
1 26
1 28
2 4
2 5
2 6
2 7
2 10
2 11
2 20
2 9
3 4
3 5
3 6
3 8
3 12
3 13
3 16
3 23
4 5
4 6
4 7
4 9
4 10
4 14
4 16
4 17
4 28
4 29
4 21
5 6
5 8
5 9
5 12
5 13
5 15
5 20
5 25
5 26
5 28
5 19
6 7
6 11
6 13
6 14
6 17
6 19
6 20
6 21
6 26
6 29
7 8
7 9
7 10
7 11
7 12
7 15
7 17
7 22
7 24
7 25
7 27
7 28
7 26
8 9
8 10
8 12
8 13
8 16
8 18
8 20
8 24
8 27
8 22
9 11
9 15
9 16
9 17
9 18
9 19
9 22
9 25
9 29
10 14
12 23
12 25
12 28
14 19
15 19
15 21
15 22
15 24
16 18
16 23
17 21
17 23
17 27
17 29
18 21
19 29
21 22
25 27