798025397
4
30
124
0 4
0 5
0 9
0 12
0 17
0 19
0 20
0 24
0 25
0 29
0 8
1 4
1 5
1 6
1 8
1 12
1 19
1 21
1 23
1 16
2 4
2 6
3 4
3 5
3 6
3 7
3 8
3 16
3 23
3 19
4 5
4 6
4 7
4 9
4 10
4 11
4 14
4 15
4 16
4 18
4 20
4 22
4 23
4 25
4 28
4 29
4 26
5 6
5 7
5 8
5 9
5 10
5 11
5 12
5 14
5 15
5 17
5 19
5 22
5 23
5 24
5 25
5 21
6 7
6 8
6 9
6 10
6 11
6 12
6 13
6 14
6 17
6 18
6 26
6 20
6 22
7 13
7 21
7 26
7 11
7 8
7 24
8 11
8 14
8 15
8 22
8 27
8 12
8 28
9 10
9 15
9 16
9 24
9 28
9 29
10 13
10 17
10 18
10 20
10 21
10 27
10 28
11 13
11 21
12 19
12 20
12 22
12 24
13 16
13 26
14 18
14 25
14 28
15 28
15 27
16 29
18 28
19 26
19 27
19 28
19 23
22 26
22 29
25 27