981441557
5
30
131
0 5
0 6
0 11
0 19
0 28
0 24
1 5
1 6
1 7
1 10
1 11
1 16
1 18
1 24
2 5
3 5
3 6
3 7
3 8
3 9
3 11
3 12
3 13
3 14
3 15
3 17
3 19
3 24
3 29
4 5
4 6
4 7
4 8
4 9
4 12
4 13
4 14
4 19
4 21
4 23
4 26
5 6
5 7
5 8
5 9
5 10
5 11
5 12
5 19
5 20
5 26
5 29
6 7
6 8
6 9
6 10
6 14
6 15
6 16
6 21
6 22
6 23
6 29
7 8
7 10
7 12
7 18
7 20
7 22
7 29
8 9
8 10
8 11
8 13
8 16
8 17
8 18
8 22
8 24
8 25
8 28
8 14
9 15
9 20
9 21
9 27
9 13
10 13
10 14
10 16
10 24
11 12
11 13
11 15
11 16
11 22
11 23
11 24
11 25
11 28
12 14
12 15
12 20
13 17
13 21
13 23
13 25
13 27
13 26
14 17
14 20
14 25
14 28
15 17
15 18
15 22
15 25
15 28
16 26
17 18
17 17
18 19
19 27
20 21
20 26
21 26
21 27
22 23
24 27
24 29
26 27