380375975
4
30
104
0 4
0 5
0 6
0 7
0 10
0 11
0 12
0 13
0 14
0 19
0 20
0 21
0 27
0 28
0 29
1 4
1 5
1 7
1 9
2 4
2 5
2 6
2 7
2 9
2 10
2 12
2 17
2 19
2 21
3 4
4 5
4 6
4 8
4 9
4 14
4 16
4 18
4 19
4 20
4 23
4 24
4 26
4 28
5 6
5 7
5 8
5 9
5 10
5 11
5 13
5 16
5 20
5 21
5 27
5 28
5 29
6 8
6 15
6 17
6 23
6 27
7 8
7 10
7 11
7 19
7 22
7 25
7 28
8 11
8 13
8 14
8 17
8 24
8 26
8 29
9 12
9 18
10 12
10 14
10 15
10 16
10 17
10 18
11 22
11 23
11 26
12 13
12 18
12 25
13 15
13 24
13 26
14 15
14 16
14 21
14 23
16 22
17 24
18 20
19 22
19 25
20 27
20 29
23 25