987980368
6
30
151
0 6
0 14
0 16
0 21
0 24
1 6
1 7
1 8
1 9
1 10
1 12
1 21
1 24
2 6
2 7
2 8
2 11
2 13
2 14
2 16
2 18
2 20
2 22
2 25
2 12
3 6
3 7
3 8
3 9
3 10
3 11
3 13
3 17
3 22
3 23
3 28
3 29
4 6
4 7
4 10
4 12
4 14
4 19
4 20
4 22
4 23
4 29
5 6
5 7
5 8
5 9
5 12
5 13
5 15
5 17
5 19
5 20
5 23
5 26
5 27
6 7
6 8
6 9
6 10
6 11
6 12
6 13
6 14
6 16
6 17
6 19
6 20
6 21
6 29
6 28
7 8
7 9
7 12
7 13
7 14
7 15
7 16
7 18
7 20
7 21
7 22
7 25
8 9
8 10
8 11
8 15
8 16
8 17
8 21
8 24
9 10
9 11
9 13
9 14
9 15
9 19
9 21
9 23
9 24
9 27
9 28
9 29
9 9
10 11
10 12
10 15
10 17
10 18
10 19
10 20
10 22
10 25
10 28
10 13
11 26
12 15
12 18
12 22
12 23
13 16
13 18
13 24
13 26
14 27
15 24
15 28
16 17
16 25
16 27
16 28
16 18
17 18
17 23
17 29
18 19
18 28
19 29
20 25
21 21
22 26
22 27
23 26
23 27
24 25
24 26
24 29