231697025
9
30
198
0 9
0 11
0 12
0 14
0 15
0 17
0 23
0 28
1 9
1 10
1 11
1 12
1 13
1 14
1 22
1 23
1 27
1 28
1 5
2 9
2 10
2 11
2 14
2 15
2 17
2 18
2 19
2 21
2 22
2 23
2 25
2 28
2 3
2 13
3 9
3 10
3 11
3 12
3 13
3 14
3 15
3 17
3 20
3 22
3 24
3 29
4 9
4 10
4 11
4 18
4 27
4 19
5 9
5 10
5 11
5 12
5 13
5 20
5 21
5 24
5 25
5 27
6 9
6 10
6 18
6 20
6 21
7 9
7 10
7 12
7 13
7 14
7 16
7 17
7 19
7 20
8 9
8 10
8 11
8 12
8 13
8 14
8 15
8 16
8 18
8 19
8 21
8 23
8 26
8 28
8 29
9 10
9 11
9 12
9 13
9 15
9 16
9 18
9 20
9 21
9 22
9 24
9 25
9 29
10 11
10 12
10 13
10 14
10 15
10 16
10 17
10 18
10 19
10 20
10 24
10 25
10 26
11 12
11 13
11 14
11 15
11 16
11 17
11 18
11 19
11 20
11 21
11 23
11 25
11 26
11 27
12 13
12 14
12 15
12 16
12 17
12 18
12 19
12 20
12 22
12 29
13 16
13 22
13 25
13 26
13 27
13 28
14 15
14 16
14 19
14 21
14 29
15 16
15 17
15 18
15 19
15 20
15 21
15 23
15 24
15 25
16 17
16 19
16 22
16 23
16 25
16 27
16 29
17 22
17 24
17 27
17 29
18 21
18 24
18 27
18 28
18 18
18 22
19 22
19 23
19 24
19 26
20 28
21 23
21 26
21 28
22 24
22 26
22 27
22 28
22 29
23 26
24 25
24 26
25 27
27 28
27 29
28 29