570326355
6
30
144
0 6
0 8
0 13
0 15
0 16
0 17
0 22
0 23
0 27
0 28
1 6
1 7
1 8
1 9
1 14
1 16
2 6
2 7
2 8
2 9
2 10
2 11
2 12
2 14
2 19
2 21
2 22
2 26
3 6
3 7
3 10
3 11
3 14
3 17
3 18
3 25
4 6
4 7
4 9
4 10
4 12
4 13
4 21
4 24
4 25
4 28
5 6
5 7
5 8
5 10
5 11
5 13
5 16
5 19
5 23
6 7
6 8
6 9
6 10
6 12
6 13
6 17
6 18
6 19
6 20
6 22
6 23
6 24
6 26
6 27
7 8
7 9
7 12
7 15
7 16
7 17
7 18
7 19
7 20
7 21
7 22
7 26
8 9
8 11
8 14
8 15
8 16
8 18
8 24
8 29
9 10
9 11
9 14
9 15
9 16
9 18
9 19
9 21
9 23
9 25
9 28
10 11
10 12
10 20
10 22
10 28
10 29
11 12
11 13
11 15
11 19
11 20
11 29
12 13
12 15
12 18
13 14
13 17
13 23
15 17
15 20
16 20
16 25
16 28
17 21
17 22
17 24
17 26
17 27
18 25
19 27
20 21
20 24
20 25
20 27
20 29
21 24
21 26
21 29
22 23
22 27
24 29
25 26
27 28