107014920
6
30
158
0 6
0 7
0 8
0 10
0 11
0 13
0 14
0 16
0 21
0 22
0 27
0 1
0 4
0 19
1 6
1 7
1 8
1 9
1 12
1 20
1 22
1 24
1 27
2 6
2 7
2 8
2 12
2 21
2 24
2 28
3 6
3 7
3 8
3 9
3 10
3 11
3 15
3 16
3 17
3 18
3 22
3 25
3 28
4 6
5 6
5 7
5 9
5 15
5 21
5 24
5 26
6 7
6 8
6 9
6 10
6 11
6 12
6 13
6 15
6 16
6 17
6 19
6 20
6 22
6 23
6 26
6 27
6 28
7 8
7 9
7 10
7 11
7 12
7 14
7 15
7 16
7 17
7 18
7 19
7 20
7 23
7 27
7 13
7 25
8 9
8 10
8 11
8 12
8 13
8 14
8 15
8 16
8 18
8 25
8 26
8 29
9 10
9 11
9 12
9 15
9 19
9 21
9 22
9 23
9 24
10 13
10 17
10 18
10 25
10 28
10 29
10 19
11 13
11 14
11 24
11 25
11 23
12 13
12 14
12 17
12 18
12 19
12 20
12 22
12 24
12 28
12 29
12 15
13 14
13 20
13 21
13 26
13 27
13 29
14 17
14 20
14 27
14 29
15 16
15 19
15 26
17 18
17 19
17 23
17 28
18 25
18 23
18 27
19 23
19 26
20 21
20 23
20 29
21 25
24 28
26 27
26 29
27 28