407768297
8
30
185
0 8
0 9
0 10
0 11
0 13
0 14
0 15
0 16
0 18
0 22
0 23
0 29
0 17
1 8
1 9
1 10
1 11
1 14
1 15
1 18
1 20
1 24
1 28
1 2
2 8
2 9
2 10
2 11
2 12
2 13
2 17
2 18
3 8
3 9
3 10
3 11
3 12
3 13
3 15
3 16
3 21
3 23
3 27
4 8
4 9
4 13
4 20
4 26
5 8
6 8
6 9
6 10
6 11
6 12
6 16
6 19
6 28
6 29
7 8
7 9
7 10
7 12
7 14
7 15
7 16
7 18
7 19
7 20
7 22
7 24
7 25
8 9
8 10
8 11
8 12
8 13
8 14
8 15
8 16
8 19
8 21
8 22
8 23
8 25
8 26
8 27
8 8
8 24
9 10
9 11
9 12
9 13
9 14
9 15
9 17
9 20
9 22
9 23
9 29
10 11
10 12
10 14
10 16
10 17
10 18
10 19
10 22
10 23
10 25
10 26
10 27
11 12
11 13
11 17
11 18
11 19
11 20
11 21
11 15
12 13
12 14
12 17
12 20
12 21
12 24
12 26
12 27
13 14
13 15
13 16
13 17
13 19
13 23
13 24
13 25
13 26
13 22
14 15
14 17
14 18
14 19
14 29
15 16
15 17
15 21
15 22
15 24
15 26
15 27
16 19
16 20
16 22
16 25
16 28
17 18
17 23
17 25
17 27
17 28
17 29
18 21
18 24
18 26
18 27
18 29
19 20
19 21
19 25
19 27
19 28
19 19
19 26
20 21
20 22
20 24
20 28
20 29
21 23
21 25
22 27
23 24
23 28
24 26
26 28
28 29