328528959
8
30
178
0 8
0 9
0 10
0 11
0 12
0 13
0 16
0 17
0 18
0 19
0 23
0 26
0 27
0 28
0 29
1 8
1 9
1 10
1 11
1 13
1 14
1 15
1 16
1 18
1 19
1 21
1 22
1 23
1 24
1 25
2 8
2 9
2 10
2 11
2 13
2 15
2 20
2 26
2 28
2 29
3 8
3 10
3 12
3 15
3 20
3 22
3 27
4 8
4 9
4 11
4 14
4 21
4 22
4 25
5 8
5 9
5 10
5 11
5 15
5 16
5 17
5 25
5 28
6 8
6 9
6 10
6 12
6 18
6 19
6 22
6 24
6 25
7 8
7 9
7 12
7 13
7 24
7 25
7 26
8 9
8 10
8 11
8 12
8 13
8 14
8 16
8 17
8 18
8 19
8 24
8 27
8 29
9 10
9 11
9 12
9 13
9 14
9 16
9 20
9 28
9 18
10 11
10 12
10 14
10 15
10 17
10 23
10 27
10 29
11 12
11 13
11 14
11 15
11 17
11 18
11 19
11 20
11 21
11 22
11 24
11 28
12 13
12 14
12 15
12 16
12 17
12 21
12 22
12 27
12 28
12 29
13 14
13 16
13 17
13 21
13 22
13 24
14 15
14 16
14 18
14 19
14 20
14 21
14 22
14 23
14 24
14 29
15 17
15 18
15 20
15 23
15 24
15 26
16 18
16 20
16 23
16 25
16 27
16 28
17 19
17 21
17 25
17 27
18 19
19 20
19 26
20 21
20 23
20 26
21 23
21 26
21 29
22 29
23 25
23 27
23 28
24 26
24 25