72266032
9
30
192
0 9
0 11
0 15
0 18
0 20
0 24
1 9
1 10
1 11
1 12
1 13
1 16
1 17
1 19
1 21
1 23
1 27
1 28
1 29
1 7
2 9
2 10
2 13
2 14
2 15
2 18
2 20
2 21
2 23
2 24
2 25
2 28
3 9
3 10
3 11
3 12
3 14
3 15
3 23
3 26
3 17
4 9
4 10
4 12
4 13
4 14
4 15
4 19
4 22
5 9
5 10
5 11
5 13
5 14
5 16
5 17
5 18
5 21
5 22
5 23
5 24
6 9
6 10
6 11
6 12
6 16
6 18
6 20
6 21
7 9
7 10
7 11
7 12
7 13
7 15
7 17
7 22
7 24
8 9
8 10
8 11
8 12
8 24
9 10
9 11
9 12
9 13
9 14
9 15
9 16
9 17
9 18
9 19
9 21
9 22
9 25
9 26
9 27
10 11
10 12
10 13
10 14
10 15
10 16
10 17
10 25
10 27
10 28
10 29
11 12
11 13
11 14
11 15
11 16
11 17
11 18
11 19
11 21
11 22
11 23
11 25
11 26
11 27
11 11
12 13
12 14
12 15
12 16
12 18
12 19
12 20
12 21
12 22
12 23
12 24
12 25
12 26
12 28
12 29
13 14
13 17
13 19
13 20
13 22
13 25
13 27
13 28
13 29
14 16
14 17
14 19
14 20
14 21
14 22
14 24
14 25
14 26
14 29
15 16
15 18
15 19
15 20
15 22
15 24
15 27
16 17
16 18
16 27
16 28
17 19
17 23
17 27
17 28
17 29
18 20
18 24
18 25
18 29
19 20
19 21
19 23
19 28
21 23
21 25
21 26
21 27
21 28
22 26
23 26
25 26
26 29
28 29