535267811
12
30
219
0 12
0 13
0 14
0 15
0 16
0 17
0 18
0 21
0 23
1 12
1 13
1 14
1 15
1 23
1 25
2 12
2 13
2 14
2 15
2 17
2 18
2 19
2 20
2 23
2 24
2 25
2 26
2 27
2 29
3 12
3 13
3 14
3 17
3 20
3 21
3 24
3 28
4 12
4 13
4 15
4 16
4 17
4 18
4 24
4 27
4 28
5 12
5 13
5 14
5 15
5 16
5 17
5 18
5 19
5 21
5 22
5 27
6 12
6 13
6 14
6 15
6 16
6 22
6 23
6 24
7 12
7 13
7 14
7 16
7 17
7 18
7 19
7 20
7 21
7 24
7 26
7 27
8 12
8 13
8 14
8 15
8 17
8 18
8 20
8 21
8 23
8 25
8 26
8 27
8 28
8 29
9 12
9 16
9 19
9 20
9 23
9 24
9 26
9 27
9 29
10 12
10 13
10 14
10 15
10 16
10 20
11 12
11 13
11 14
11 15
11 16
11 17
11 19
11 22
12 13
12 14
12 15
12 16
12 17
12 18
12 19
12 20
12 21
12 22
12 23
12 25
12 26
12 29
13 14
13 15
13 16
13 17
13 18
13 19
13 20
13 22
13 23
13 24
13 25
13 26
13 27
13 28
13 29
14 15
14 16
14 17
14 18
14 19
14 20
14 21
14 22
14 23
14 24
14 25
14 26
14 27
14 28
15 16
15 18
15 19
15 20
15 21
15 22
15 23
15 25
15 26
15 27
16 17
16 18
16 19
16 20
16 21
16 22
16 25
16 26
16 28
17 18
17 19
17 20
17 21
17 22
17 24
17 25
17 26
17 28
18 19
18 25
18 26
18 28
18 29
19 21
19 22
19 24
19 27
19 29
20 21
20 22
20 23
20 26
20 29
20 25
21 22
21 23
21 27
22 24
22 28
22 29
22 23
23 24
23 25
23 27
23 28
23 29
24 25
24 26
25 28
25 29
27 28
27 29