869948063
3
30
97
0 3
0 4
0 7
0 10
0 11
0 14
0 26
0 28
0 29
1 3
1 15
1 28
1 8
2 3
2 4
2 5
2 6
2 9
2 10
2 12
2 17
2 21
2 23
3 4
3 5
3 6
3 7
3 9
3 11
3 16
3 20
3 26
3 3
3 14
3 19
4 5
4 6
4 8
4 12
4 13
4 16
4 17
4 20
4 22
4 23
5 8
5 26
5 14
6 7
6 8
6 10
6 11
6 13
6 14
6 16
6 18
6 19
6 21
6 22
6 24
6 27
6 28
6 23
7 9
7 13
7 24
7 27
7 8
7 21
8 12
8 15
8 25
8 14
9 29
9 25
10 19
10 21
10 23
11 14
11 18
11 24
12 19
12 22
13 25
14 15
14 25
15 29
15 28
16 17
16 18
16 22
18 20
18 25
18 24
19 22
19 29
22 27