417474455
6
35
175
0 6
0 7
0 8
0 10
0 11
0 13
0 15
0 19
0 21
0 25
0 31
0 33
1 6
1 7
1 9
1 10
1 16
1 17
1 19
1 20
1 22
1 23
1 25
1 26
1 28
1 29
1 31
1 33
1 34
2 6
2 7
2 8
2 9
2 13
2 14
2 18
2 20
2 25
2 31
2 32
3 6
3 7
3 8
3 9
3 11
3 12
3 14
3 15
3 19
3 20
3 21
3 24
3 30
4 6
4 7
4 8
4 9
4 10
4 11
4 12
4 14
4 17
4 29
5 6
5 12
5 18
5 21
6 7
6 8
6 10
6 11
6 12
6 15
6 16
6 22
6 26
6 28
7 8
7 9
7 10
7 12
7 15
7 16
7 19
7 22
7 25
7 26
7 28
7 30
7 34
8 9
8 11
8 14
8 15
8 18
8 19
8 20
8 22
8 26
8 32
9 10
9 11
9 13
9 14
9 17
9 23
9 25
9 30
9 31
9 33
10 13
10 23
10 24
11 12
11 13
11 17
11 21
11 24
11 28
11 31
11 32
12 13
12 16
12 18
12 21
12 27
12 29
12 33
13 14
13 17
13 24
13 27
13 29
13 32
14 15
14 16
14 17
14 18
14 20
14 23
14 24
15 16
15 18
16 19
17 22
17 23
17 29
17 33
18 21
18 27
18 30
19 20
19 30
20 21
20 24
20 34
21 22
21 23
21 27
21 28
21 31
22 25
22 30
23 26
23 29
24 26
24 27
24 32
25 28
25 32
25 34
26 27
28 33
28 34
31 34