594067736
3
35
100
0 3
0 4
0 5
0 6
0 14
0 24
1 3
1 4
1 5
1 7
1 8
1 10
1 11
1 13
1 18
1 20
1 22
1 27
1 30
1 14
2 3
2 12
3 4
3 5
3 6
3 7
3 9
3 10
3 12
3 13
3 15
3 16
3 18
3 19
3 24
3 25
3 28
3 31
4 11
4 15
4 19
4 22
4 25
5 6
5 8
5 9
5 12
5 14
5 16
5 17
5 21
5 32
5 33
6 7
6 9
6 15
6 23
6 26
6 27
7 8
7 11
7 17
7 18
7 20
7 28
7 33
8 34
9 10
9 13
9 17
9 20
9 22
9 23
9 25
9 27
9 29
10 24
10 32
12 19
12 23
12 34
13 14
13 21
14 16
14 29
14 32
15 26
16 21
16 27
16 34
19 32
21 26
22 28
23 29
24 31
24 28
25 30
25 33
27 30
29 31