230249870
4
35
138
0 4
0 5
1 4
1 5
1 6
1 7
1 8
1 10
1 11
1 18
1 24
1 26
1 31
1 32
2 4
2 6
2 11
2 18
2 21
2 22
2 25
2 5
3 4
3 5
4 5
4 6
4 7
4 8
4 9
4 10
4 12
4 14
4 15
4 19
4 20
4 21
4 23
4 24
4 26
4 31
4 33
4 4
4 13
5 6
5 7
5 8
5 9
5 10
5 11
5 12
5 16
5 18
5 25
5 26
5 27
5 23
5 24
6 7
6 8
6 12
6 13
6 25
6 29
6 30
6 32
6 33
6 10
7 9
7 10
7 11
7 15
7 16
7 17
7 19
7 20
7 21
7 23
7 28
7 33
8 9
8 12
8 13
8 14
8 16
8 18
8 19
8 21
8 34
8 33
9 13
9 27
9 11
10 13
10 15
10 24
10 28
10 34
10 25
11 16
11 17
11 20
11 22
11 23
11 28
11 29
11 30
11 31
11 34
12 14
12 17
12 27
13 14
13 22
13 31
13 27
14 15
14 20
15 17
15 28
15 30
16 23
16 34
17 29
18 19
18 22
18 33
18 27
20 24
20 34
22 29
23 27
24 25
24 26
25 32
26 32
28 30
28 34
30 33