12675218
4
35
128
0 4
0 5
0 6
0 7
0 9
0 13
0 15
0 16
0 20
0 23
0 24
0 17
1 4
1 15
1 20
1 27
1 29
1 32
2 4
2 5
2 6
2 7
2 8
2 9
2 10
2 13
2 16
2 18
2 22
2 24
2 25
2 26
2 34
3 4
3 5
3 11
3 12
3 14
3 25
3 32
4 5
4 6
4 7
4 8
4 10
4 12
4 13
4 22
4 27
4 29
5 6
5 7
5 9
5 10
5 11
5 14
5 15
5 17
5 19
5 23
5 31
6 8
6 10
6 11
6 12
6 16
6 24
6 26
6 28
6 31
7 8
7 12
7 18
7 19
7 21
7 27
7 33
8 9
8 13
8 14
8 15
8 18
8 19
8 23
8 27
8 28
8 30
9 14
9 17
10 11
10 17
10 21
10 22
10 30
10 32
10 34
11 18
11 20
11 25
11 26
11 28
11 32
12 21
12 30
13 22
14 20
14 30
14 31
14 28
15 16
15 17
16 19
16 24
16 25
16 34
16 27
17 21
17 23
17 28
20 26
20 29
20 33
21 29
21 34
22 31
29 33
30 33
32 33