860786678
5
35
156
0 5
0 6
0 7
0 8
0 12
0 13
0 20
0 24
0 28
0 34
1 5
1 6
1 7
1 8
1 10
1 11
1 12
1 13
1 15
1 18
1 19
1 21
1 23
1 24
1 25
1 26
1 28
2 5
2 6
2 10
2 23
2 25
2 32
3 5
3 6
3 7
3 9
3 15
3 10
4 5
4 7
4 9
4 11
4 12
4 13
4 14
4 15
4 17
4 18
4 22
4 26
4 27
4 30
4 33
4 8
4 20
5 6
5 7
5 8
5 10
5 13
5 17
5 18
5 20
5 23
5 24
5 27
5 29
5 31
6 8
6 9
6 10
6 11
6 14
6 16
6 18
6 19
6 20
6 22
6 24
6 29
6 31
7 8
7 9
7 11
7 12
7 13
7 14
7 15
7 16
7 17
7 18
7 19
7 23
7 24
7 26
7 30
7 32
8 9
8 10
8 14
8 17
8 21
8 22
8 25
8 31
8 33
8 13
9 15
10 11
10 20
10 29
10 31
11 12
11 14
11 16
11 19
11 26
11 27
11 30
12 16
12 22
12 29
13 20
13 21
13 28
13 32
14 19
14 21
14 28
14 34
15 16
15 17
15 21
15 25
15 33
15 34
16 28
16 32
17 25
17 26
17 30
17 31
17 34
18 22
18 27
18 31
19 23
22 33
22 34
26 27
26 29
26 32
27 30
27 33
28 33