190963715
5
35
166
0 5
0 6
0 8
0 13
0 14
0 17
0 23
0 26
0 33
0 10
1 5
1 6
1 7
1 8
1 9
1 10
1 11
1 12
1 16
1 17
1 18
1 25
1 29
1 31
1 33
1 34
1 13
2 5
2 9
2 12
2 21
2 22
2 29
2 31
2 32
3 5
3 6
3 7
3 9
3 10
3 13
3 14
3 15
3 19
3 27
3 28
3 29
3 32
3 18
4 5
4 6
4 7
4 8
4 10
4 15
4 21
4 28
4 33
4 17
5 6
5 7
5 8
5 11
5 12
5 14
5 19
5 21
5 23
5 25
5 26
5 27
5 28
5 30
5 22
6 7
6 8
6 9
6 10
6 11
6 15
6 16
6 20
6 22
6 24
6 30
6 34
6 32
6 17
7 9
7 11
7 13
7 18
7 19
7 26
7 27
7 31
7 33
7 15
8 12
8 16
8 17
8 18
8 24
8 28
9 10
9 13
9 14
9 15
9 17
9 23
9 25
9 26
9 33
10 11
10 18
10 20
10 29
10 32
10 33
11 12
11 13
11 15
11 18
11 21
11 25
11 29
11 31
11 11
11 23
12 16
12 21
12 32
13 14
13 22
14 17
14 20
14 18
15 16
15 19
15 20
15 22
15 26
15 30
15 25
16 20
17 19
17 22
17 24
17 25
17 26
18 23
18 27
18 30
19 24
19 28
19 30
19 34
20 23
20 24
20 20
22 27
22 32
22 34
24 31
25 34
30 33