667358183
6
35
194
0 6
0 7
0 8
0 11
0 13
0 18
0 22
0 25
0 27
0 29
0 31
0 34
0 24
1 6
1 20
2 6
2 7
2 8
2 9
2 11
2 12
2 16
2 17
2 18
2 21
2 24
2 25
2 28
2 33
3 6
3 7
3 8
3 9
3 10
3 12
3 14
3 15
3 16
3 18
3 19
3 24
3 25
3 31
3 23
3 13
4 6
4 7
4 8
4 9
4 10
4 21
5 6
5 7
5 10
5 11
5 13
5 18
5 23
5 29
5 17
5 26
6 7
6 8
6 9
6 10
6 11
6 12
6 13
6 14
6 15
6 17
6 18
6 19
6 20
6 22
6 24
6 25
6 30
6 31
6 32
6 33
7 8
7 9
7 10
7 11
7 12
7 14
7 16
7 20
7 21
7 28
7 22
7 29
8 9
8 10
8 11
8 12
8 13
8 15
8 18
8 19
8 20
8 21
8 22
8 24
8 25
8 27
8 28
8 14
9 14
9 27
9 30
10 13
10 14
10 16
10 17
10 21
10 26
10 28
10 29
10 30
10 31
10 33
10 34
11 12
11 13
11 17
11 19
11 23
11 24
11 27
11 28
11 32
11 33
11 16
11 22
11 25
12 14
12 15
12 16
12 17
12 20
12 23
12 24
12 27
12 31
12 32
12 34
13 15
13 16
13 17
13 19
13 20
13 22
13 32
13 34
13 18
14 15
14 34
14 16
14 21
16 19
16 20
16 22
16 26
16 34
17 26
17 30
18 23
18 32
19 21
19 30
19 29
20 23
20 26
20 29
20 33
21 22
21 23
21 25
21 33
22 26
22 27
23 26
23 29
24 29
24 30
24 31
24 32
25 28
27 29
27 30
29 34
29 32