868923446
4
35
147
0 4
0 5
0 6
0 7
0 10
0 11
0 32
0 34
0 9
1 4
1 5
1 6
1 7
1 9
1 16
1 28
1 30
2 4
2 33
3 4
3 5
3 6
3 8
3 9
3 14
3 16
3 20
3 3
4 5
4 6
4 7
4 10
4 11
4 12
4 13
4 14
4 16
4 17
4 18
4 19
4 20
4 21
4 22
4 23
4 25
4 26
4 28
4 29
4 30
4 34
4 24
5 7
5 8
5 10
5 12
5 13
5 18
5 23
5 24
5 25
5 27
5 33
6 8
6 9
6 10
6 13
6 15
6 17
6 18
6 19
6 22
6 27
6 31
6 34
6 12
6 14
6 16
6 30
7 8
7 9
7 12
7 13
7 17
7 26
7 18
8 14
8 15
8 16
8 23
8 30
8 32
8 18
8 19
8 27
9 11
9 15
9 17
9 19
9 20
9 21
9 29
9 33
10 11
10 12
10 14
10 27
10 28
10 17
12 15
12 18
12 22
12 26
12 32
12 20
13 24
13 31
13 29
14 21
14 32
14 22
15 19
15 24
15 25
15 18
17 20
17 21
17 24
17 25
17 28
18 23
19 34
20 22
20 28
20 29
20 26
20 23
21 31
23 29
23 30
23 31
23 33
25 26
25 27
25 33
27 33
28 33
34 34