633319663
3
35
119
0 3
0 7
0 15
0 21
1 3
1 4
1 5
1 7
1 8
1 15
1 16
1 18
1 28
1 22
1 29
1 30
2 3
2 4
2 6
2 23
2 16
2 27
3 4
3 5
3 6
3 8
3 9
3 11
3 12
3 13
3 14
3 15
3 16
3 18
3 19
3 21
3 23
3 24
3 25
3 30
3 33
3 3
4 5
4 6
4 7
4 9
4 11
4 13
4 17
4 19
4 27
4 28
4 29
4 30
4 34
4 25
4 26
5 8
5 10
5 12
5 17
5 20
5 25
5 31
5 32
5 33
5 27
5 13
5 19
6 22
6 24
6 29
7 9
7 10
7 14
7 19
7 20
7 26
8 10
8 11
8 13
8 14
8 20
8 21
8 22
8 25
8 30
8 9
8 31
8 32
9 24
9 26
9 31
9 16
9 20
9 21
10 12
11 28
12 33
13 31
13 34
14 16
14 17
14 18
14 23
14 27
15 26
16 32
17 29
17 24
18 21
20 22
20 27
22 26
23 34
24 32
24 25
25 33
26 27