588716760
3
35
110
0 3
0 4
0 5
0 6
0 7
0 8
0 9
0 10
0 12
0 14
0 16
0 17
0 18
0 20
0 22
0 23
0 25
0 29
0 32
0 31
1 3
2 3
2 4
2 24
3 4
3 5
3 6
3 7
3 8
3 9
3 11
3 18
3 24
3 31
3 33
3 3
4 5
4 6
4 8
4 9
4 11
4 14
4 15
4 16
4 20
4 23
4 25
4 28
4 34
5 7
5 23
5 21
6 10
6 15
6 17
6 18
6 22
6 29
6 30
6 32
7 10
7 16
7 26
7 25
7 11
8 12
8 13
8 31
9 11
9 12
9 14
9 15
9 19
9 20
9 25
9 27
9 29
9 31
9 33
9 34
9 10
10 13
10 21
10 26
11 21
12 13
12 17
12 19
12 21
12 24
12 28
12 30
14 30
15 19
15 30
15 31
17 28
17 30
18 26
18 27
18 34
18 23
19 22
20 31
22 27
23 32
24 30
25 31
28 31
31 33