490377044
8
35
231
0 8
0 9
0 10
0 11
0 12
0 14
0 15
0 18
0 22
0 34
0 30
0 23
1 8
1 9
1 10
1 11
1 12
1 14
1 16
1 18
1 29
1 30
1 31
1 32
1 33
1 34
1 19
2 8
2 9
2 12
2 17
2 24
2 34
3 8
3 9
3 10
3 11
3 13
3 14
3 15
3 16
3 17
3 18
3 20
3 29
3 33
3 34
3 24
4 8
4 9
4 10
4 13
4 20
4 29
5 8
5 9
5 10
5 11
5 17
5 22
5 23
6 8
6 12
6 13
6 23
7 8
7 9
7 10
7 11
7 13
7 14
7 15
7 17
7 18
7 19
7 20
7 21
7 22
7 26
7 28
7 29
7 30
7 32
7 33
8 9
8 10
8 11
8 12
8 13
8 14
8 15
8 16
8 17
8 18
8 19
8 20
8 21
8 22
8 25
8 26
8 27
8 29
8 32
8 34
8 31
9 10
9 11
9 12
9 13
9 14
9 15
9 18
9 21
9 22
9 25
9 26
9 27
9 28
9 30
9 31
9 34
10 11
10 12
10 13
10 14
10 16
10 17
10 18
10 19
10 20
10 21
10 22
10 23
10 24
10 26
10 27
10 31
10 33
10 10
11 12
11 13
11 14
11 15
11 16
11 17
11 19
11 21
11 22
11 23
11 27
11 30
11 32
11 24
12 15
12 25
12 26
12 30
12 33
13 15
13 16
13 17
13 20
13 24
13 28
13 29
13 31
13 33
13 34
13 25
14 16
14 19
14 20
14 21
14 23
14 24
14 25
14 28
14 29
14 32
14 31
15 16
15 18
15 19
15 20
15 21
15 23
15 26
15 29
15 31
15 32
16 19
16 23
16 25
16 26
16 27
16 31
16 32
16 33
17 26
17 29
18 19
18 24
18 25
18 28
18 31
18 34
19 23
19 24
19 27
19 30
19 31
19 28
20 21
20 25
20 28
20 30
21 22
22 23
22 24
22 25
22 28
23 24
23 26
24 27
25 27
25 32
25 33
26 28
29 30
29 32
32 33