769242533
11
35
269
0 11
0 12
0 13
0 14
0 15
0 17
0 18
0 21
0 22
0 23
0 24
0 25
0 26
0 27
0 31
0 32
0 33
0 16
1 11
1 12
1 13
1 14
1 15
1 16
1 17
1 18
1 20
1 24
1 26
1 27
1 28
1 31
1 33
2 11
2 17
2 19
2 23
2 25
2 27
2 7
3 11
3 12
3 13
3 14
3 15
3 16
3 17
3 19
3 21
3 23
3 27
3 28
3 29
3 30
3 32
3 34
4 11
4 12
4 13
4 14
4 15
4 16
4 17
4 23
4 25
4 26
4 29
4 21
5 11
5 12
5 13
5 14
5 20
5 21
5 23
5 26
5 34
5 9
6 11
6 12
6 13
6 14
6 16
6 18
6 19
6 30
6 32
7 11
7 12
7 13
7 14
7 15
7 17
7 18
7 19
7 20
7 22
7 27
7 30
8 11
8 12
8 14
8 25
9 11
9 12
9 13
9 15
9 16
9 18
9 19
9 20
9 21
9 22
9 24
9 28
10 11
10 12
10 13
10 15
10 16
10 25
10 26
10 31
10 32
10 18
11 12
11 13
11 14
11 15
11 16
11 17
11 18
11 19
11 20
11 21
11 22
11 24
11 25
11 27
11 28
11 29
11 32
11 33
11 34
12 13
12 14
12 15
12 16
12 17
12 18
12 19
12 20
12 21
12 23
12 24
12 25
12 27
12 28
12 29
12 30
13 14
13 15
13 16
13 17
13 18
13 19
13 20
13 21
13 22
13 23
13 24
13 25
13 27
13 29
13 31
13 32
14 15
14 16
14 18
14 19
14 20
14 22
14 24
14 26
14 28
14 32
14 33
14 34
15 16
15 17
15 18
15 19
15 20
15 21
15 22
15 23
15 24
15 25
15 26
15 27
15 29
15 30
15 31
15 32
15 33
15 34
16 17
16 19
16 20
16 21
16 22
16 23
16 25
16 28
16 30
16 33
17 18
17 20
17 22
17 27
17 29
17 31
18 21
18 24
18 28
18 31
18 34
19 21
19 22
19 23
19 24
19 25
19 29
19 32
19 34
20 22
20 23
20 26
20 29
20 33
21 26
22 24
22 27
22 33
23 26
23 28
23 30
23 32
23 33
24 34
25 26
25 30
25 31
26 28
26 29
26 30
26 33
27 28
27 29
27 30
27 31
27 34
28 31
28 34
29 30
29 31
29 32
31 33
32 34