657278200
14
35
297
0 14
0 15
0 16
0 17
0 18
0 19
0 22
0 24
0 32
0 34
1 14
1 15
1 16
1 17
1 18
1 19
1 20
1 21
1 24
1 25
1 26
1 27
1 31
1 32
2 14
2 15
2 16
2 17
2 19
2 24
2 25
2 26
2 29
2 32
2 33
2 21
3 14
3 15
3 16
3 17
3 18
3 20
3 21
3 23
3 26
4 14
4 15
4 17
4 19
4 20
4 21
4 22
4 24
4 26
4 27
4 29
5 14
5 15
5 16
5 17
5 20
5 21
5 29
5 30
5 31
5 33
5 34
6 14
6 15
6 16
6 18
6 19
6 20
6 23
6 29
7 14
7 15
7 16
7 17
7 18
7 19
7 21
7 23
7 25
7 26
7 27
7 28
7 29
7 32
7 34
8 14
8 15
8 16
8 17
8 18
8 22
8 23
8 24
8 25
8 30
8 19
9 14
9 15
9 16
9 18
9 21
9 22
9 23
9 26
9 27
9 32
9 34
10 14
10 15
10 16
10 17
10 19
10 20
10 21
10 22
10 24
10 28
10 30
10 31
10 34
11 14
11 16
11 17
11 18
11 19
11 20
11 21
11 25
11 28
12 14
12 15
12 17
12 18
12 22
12 28
12 33
13 14
13 15
13 16
13 18
13 19
13 20
13 27
13 29
13 33
14 15
14 16
14 17
14 18
14 19
14 20
14 21
14 22
14 23
14 25
14 27
14 30
14 31
14 32
14 33
14 34
15 16
15 17
15 18
15 19
15 20
15 21
15 22
15 23
15 24
15 25
15 27
15 28
15 31
15 32
16 17
16 18
16 19
16 20
16 21
16 22
16 23
16 24
16 25
16 26
16 27
16 28
16 29
16 30
16 31
16 32
16 33
16 34
17 18
17 19
17 20
17 21
17 22
17 23
17 24
17 25
17 28
17 30
17 31
17 33
17 34
18 19
18 20
18 21
18 22
18 23
18 24
18 25
18 26
18 27
18 28
18 29
18 30
18 32
19 20
19 21
19 22
19 23
19 24
19 25
19 27
19 28
19 29
19 31
19 33
19 34
20 22
20 23
20 24
20 25
20 26
20 27
20 29
20 31
20 33
21 22
21 23
21 24
21 26
21 27
21 29
21 30
21 31
21 32
21 34
22 23
22 25
22 26
22 28
22 29
22 30
22 31
22 32
22 33
23 24
23 25
23 26
23 27
23 28
23 29
23 30
23 31
23 33
23 34
24 26
24 27
24 28
24 31
24 33
24 34
25 26
25 28
25 29
25 32
26 28
26 30
26 34
27 30
27 31
27 33
27 34
28 30
28 32
28 33
29 30
31 32
32 34