506045464
7
35
203
0 7
0 8
0 9
0 10
0 12
0 13
0 16
0 18
0 19
0 22
0 23
0 34
1 7
1 8
1 9
1 10
1 11
1 15
1 24
1 28
1 21
2 7
2 8
2 13
2 14
2 16
2 17
2 24
2 32
3 7
3 8
3 9
3 11
3 12
3 14
3 20
3 23
3 24
3 31
3 34
4 7
4 8
4 10
4 15
4 19
4 32
4 6
5 7
5 9
5 12
5 28
5 29
5 30
5 34
6 7
6 8
6 9
6 10
6 11
6 13
6 14
6 16
6 20
6 21
6 22
6 33
7 8
7 9
7 10
7 11
7 12
7 13
7 14
7 15
7 16
7 17
7 18
7 19
7 20
7 21
7 25
7 27
7 28
7 33
8 9
8 10
8 11
8 12
8 14
8 15
8 17
8 18
8 19
8 20
8 23
8 30
9 10
9 11
9 12
9 13
9 15
9 17
9 18
9 26
9 29
9 30
9 33
9 16
10 11
10 12
10 15
10 16
10 20
10 22
10 26
10 28
10 34
11 13
11 14
11 17
11 20
11 21
11 22
11 24
11 25
11 26
11 27
11 31
12 13
12 15
12 16
12 18
12 19
12 21
12 23
12 24
12 25
12 26
12 27
13 14
13 16
13 17
13 19
13 21
13 22
13 28
13 29
13 32
13 34
13 31
14 20
14 22
14 25
14 29
15 18
15 21
15 22
15 23
15 27
16 17
16 21
16 23
16 27
16 32
16 25
17 18
17 27
17 31
17 17
18 19
18 25
18 29
18 31
18 34
19 24
19 26
19 29
19 33
20 23
20 31
21 25
21 28
22 26
22 30
22 31
23 24
23 25
23 26
23 27
23 28
23 31
24 29
24 30
24 32
24 34
25 32
26 30
26 33
26 34
28 30
29 32
30 33
31 33