359353736
7
35
213
0 7
0 8
0 9
0 10
0 11
0 14
0 19
0 20
0 27
0 30
0 32
0 18
1 7
1 8
1 9
1 24
1 25
1 27
1 29
1 5
2 7
2 8
2 9
2 10
2 11
2 13
2 14
2 15
2 17
2 18
2 19
2 21
2 23
2 25
2 4
3 7
3 8
3 9
3 12
3 13
3 15
3 17
3 22
3 27
3 31
3 33
3 24
4 7
4 8
4 9
4 10
4 13
4 15
4 16
4 18
4 21
4 22
4 32
4 33
5 7
5 9
5 10
5 11
5 12
5 14
5 17
5 19
5 23
5 24
5 28
5 31
6 7
6 8
6 29
6 25
7 8
7 10
7 11
7 12
7 13
7 17
7 18
7 19
7 20
7 21
7 22
7 23
7 24
7 28
7 30
7 31
7 34
7 14
8 9
8 10
8 11
8 12
8 13
8 14
8 16
8 22
8 24
8 28
8 31
8 33
9 10
9 11
9 12
9 14
9 15
9 16
9 17
9 18
9 19
9 21
9 22
9 29
9 33
9 26
10 11
10 12
10 16
10 20
10 21
10 28
10 33
11 12
11 13
11 14
11 16
11 18
11 25
11 32
11 17
12 13
12 14
12 15
12 18
12 20
12 24
12 27
12 30
12 19
13 15
13 16
13 21
13 22
13 24
13 25
13 26
13 30
13 34
14 15
14 16
14 17
14 19
14 25
14 26
14 29
14 30
14 31
14 33
15 18
15 19
15 23
15 24
15 25
15 26
15 30
15 32
15 33
15 34
15 16
16 17
16 20
16 26
16 27
17 31
17 32
18 20
18 26
18 28
18 31
18 29
19 20
19 23
19 28
19 32
20 21
20 23
20 25
20 26
20 27
20 34
20 24
21 22
21 23
21 34
23 26
23 27
23 29
23 33
23 28
25 29
25 30
25 34
25 31
27 28
27 32
28 29
28 34
28 28
32 34