856195102
9
35
241
0 9
0 10
0 11
0 12
0 14
0 15
0 19
0 20
0 21
0 26
0 27
0 18
1 9
1 11
1 12
1 13
1 16
1 18
1 19
1 23
1 4
2 9
2 10
2 11
2 12
2 13
2 14
2 15
2 16
2 18
2 21
2 30
3 9
3 10
3 11
3 12
3 13
3 14
3 15
3 16
3 17
3 21
3 25
3 26
3 29
3 30
3 31
3 32
3 34
4 9
4 10
4 11
4 13
4 14
4 15
4 17
4 20
4 22
4 23
4 26
4 29
4 33
5 9
5 10
5 11
5 12
5 13
5 15
5 17
5 20
5 23
5 24
5 25
5 27
5 29
5 31
5 33
6 9
6 10
6 11
6 12
6 18
6 19
6 20
6 21
6 23
6 24
6 27
6 28
6 29
7 9
7 10
7 13
7 19
7 24
7 26
8 9
8 10
8 16
8 17
8 18
8 24
8 34
9 10
9 11
9 12
9 13
9 14
9 15
9 16
9 20
9 22
9 23
9 26
9 27
9 28
9 33
10 11
10 12
10 13
10 14
10 15
10 17
10 18
10 21
10 22
10 25
10 26
10 27
10 28
10 29
10 30
10 31
10 33
10 23
11 12
11 13
11 14
11 15
11 17
11 18
11 19
11 21
11 22
11 24
11 25
11 26
11 27
11 28
11 29
11 30
11 33
11 31
12 14
12 16
12 17
12 19
12 20
12 24
12 27
12 34
13 14
13 16
13 17
13 18
13 22
13 26
13 27
13 28
13 31
13 32
14 15
14 16
14 19
14 22
14 23
14 31
14 34
15 16
15 18
15 20
15 22
15 24
15 25
15 26
15 30
15 34
15 23
16 17
16 19
16 20
16 21
16 28
16 29
16 31
17 18
17 22
17 28
17 32
17 33
18 19
18 21
18 23
18 27
18 28
18 30
18 31
18 33
18 34
19 20
19 21
19 24
19 25
19 31
19 32
20 22
20 33
21 23
21 25
21 29
22 23
22 25
23 24
23 28
23 30
23 32
23 34
24 25
24 29
25 26
25 30
26 32
27 31
27 32
28 30
28 34
29 32
30 33
30 34
31 32
32 34