615440659
10
35
260
0 10
0 12
0 13
0 14
0 15
0 17
0 18
0 20
0 24
0 26
0 27
0 30
0 32
1 10
1 11
1 13
1 14
1 15
1 16
1 17
1 19
1 20
1 23
1 26
1 27
1 32
1 12
2 10
2 11
2 12
2 14
2 16
2 21
2 30
2 34
3 10
3 11
3 12
3 13
3 14
3 15
3 16
3 19
3 20
3 22
3 23
3 32
3 33
4 10
4 11
4 12
4 13
4 18
4 19
4 24
4 25
4 31
4 34
4 7
4 28
5 10
5 11
5 12
5 13
5 15
5 17
5 22
5 24
5 28
5 29
5 34
6 10
6 11
6 16
6 18
6 20
7 10
7 11
7 12
7 13
7 14
7 17
7 22
7 29
7 33
8 10
8 11
8 12
8 14
8 15
8 21
8 26
8 28
8 31
8 32
9 10
9 11
9 12
9 13
9 15
9 17
9 19
9 22
9 25
9 29
9 31
10 11
10 12
10 13
10 14
10 16
10 18
10 19
10 20
10 21
10 22
10 23
10 24
10 25
10 26
10 29
10 30
10 31
10 33
10 34
10 28
11 12
11 13
11 14
11 15
11 16
11 17
11 18
11 19
11 21
11 22
11 27
11 28
11 30
11 31
11 32
11 33
11 34
11 20
11 29
12 13
12 14
12 15
12 16
12 17
12 18
12 19
12 20
12 23
12 24
12 25
12 26
12 27
12 28
12 29
12 30
12 31
12 32
12 33
12 34
13 14
13 15
13 16
13 17
13 19
13 26
13 27
13 28
13 29
13 30
13 32
13 33
14 15
14 16
14 17
14 18
14 19
14 20
14 21
14 24
14 28
14 33
14 34
15 16
15 17
15 18
15 19
15 21
15 22
15 23
15 24
15 25
15 26
15 27
15 29
15 31
15 34
15 15
16 18
16 21
16 24
16 25
16 30
16 32
17 18
17 20
17 21
17 22
17 23
17 25
17 27
17 28
18 20
18 21
18 22
18 23
18 25
18 29
19 20
19 26
19 27
19 33
20 21
20 23
20 25
20 27
21 22
21 23
21 24
21 30
21 32
21 33
22 23
22 24
22 26
22 28
22 30
22 33
23 25
23 27
23 28
23 34
25 26
26 28
26 29
26 30
26 31
27 31
27 34
28 29
28 33
30 31
31 32
31 33
31 34