769006036
10
35
250
0 10
0 11
0 12
0 13
0 14
0 18
0 20
0 22
0 31
0 33
1 10
1 11
1 13
1 14
1 16
1 17
1 18
1 19
1 21
1 25
1 28
1 32
1 33
2 10
2 13
2 14
2 17
2 19
2 23
2 24
2 28
3 10
3 11
3 12
3 15
3 20
3 31
3 33
4 10
4 11
4 12
4 13
4 14
4 15
4 16
4 17
4 22
4 27
4 30
4 32
4 33
5 10
5 11
5 12
5 13
5 14
5 15
5 16
5 18
5 21
5 22
5 23
5 31
5 34
6 10
6 11
6 12
6 13
6 15
6 16
6 17
6 20
6 28
6 32
7 10
7 11
7 12
7 14
7 17
7 18
7 19
7 23
7 24
7 27
7 29
7 30
8 10
8 11
8 12
8 13
8 14
8 16
8 18
8 24
8 25
8 27
8 29
8 31
9 10
9 11
9 12
9 15
9 18
9 21
9 22
9 24
9 29
9 30
10 11
10 12
10 13
10 14
10 15
10 16
10 17
10 20
10 23
10 24
10 25
10 26
10 27
10 28
10 29
10 31
10 34
11 12
11 13
11 14
11 15
11 16
11 18
11 19
11 20
11 25
11 26
11 29
12 13
12 14
12 15
12 17
12 19
12 21
12 22
12 24
12 25
12 27
12 28
12 29
12 33
12 34
13 15
13 16
13 18
13 19
13 21
13 22
13 23
13 24
13 25
13 26
13 27
13 29
13 30
13 31
13 32
13 33
14 15
14 16
14 17
14 18
14 19
14 20
14 21
14 22
14 24
14 25
14 28
14 33
14 34
15 16
15 17
15 19
15 20
15 21
15 23
15 33
16 17
16 19
16 20
16 21
16 22
16 23
16 26
16 30
16 31
16 32
17 18
17 19
17 20
17 23
17 24
17 25
17 26
17 27
17 29
17 34
18 22
18 26
18 27
18 29
18 31
18 32
19 20
19 21
19 22
19 23
19 24
19 25
19 28
19 32
20 21
20 26
20 27
20 28
20 32
20 33
20 34
21 26
21 27
21 32
22 23
22 26
22 30
22 31
23 25
23 26
23 28
23 30
23 34
24 28
24 32
25 30
26 29
26 30
27 30
27 34
28 31
28 33
30 34
31 34