170734945
12
35
278
0 12
0 14
0 16
0 17
0 18
0 19
0 25
0 28
0 29
0 30
0 33
1 12
1 13
1 14
1 15
1 16
1 17
1 18
1 23
1 27
1 31
1 32
1 33
2 12
2 13
2 14
2 17
2 18
2 19
2 20
2 21
2 23
2 24
2 25
2 33
2 22
3 12
3 13
3 16
3 17
3 19
3 20
3 21
3 22
3 23
3 24
3 27
3 28
3 29
3 31
4 12
4 13
4 14
4 15
4 16
4 19
4 22
4 30
4 31
5 12
5 13
5 14
5 15
5 16
5 18
5 19
5 20
5 23
5 27
5 30
5 32
6 12
6 13
6 14
6 15
6 16
6 17
6 19
6 23
6 24
6 26
6 28
7 12
7 13
7 15
7 17
7 18
7 19
7 24
7 26
7 29
8 12
8 13
8 14
8 15
8 18
8 21
8 25
8 26
8 28
8 34
9 12
9 13
9 14
9 15
9 16
9 21
9 22
9 34
10 12
10 13
10 14
10 15
10 20
10 22
10 24
10 25
10 29
10 34
11 12
11 13
11 14
11 15
11 16
11 17
11 20
11 21
11 30
12 13
12 14
12 15
12 16
12 17
12 18
12 19
12 20
12 21
12 22
12 23
12 24
12 26
12 27
12 30
12 31
12 33
12 34
13 14
13 15
13 16
13 17
13 18
13 19
13 20
13 22
13 24
13 26
13 28
13 29
13 31
13 32
13 33
13 34
14 15
14 16
14 17
14 18
14 19
14 20
14 21
14 22
14 23
14 24
14 25
14 26
14 27
14 28
14 29
14 31
14 32
14 34
15 16
15 17
15 18
15 19
15 20
15 21
15 22
15 23
15 24
15 25
15 26
15 30
15 33
16 17
16 18
16 19
16 20
16 21
16 22
16 23
16 25
16 26
16 27
16 29
16 30
16 31
16 32
17 18
17 21
17 22
17 23
17 24
17 25
17 26
17 28
17 30
17 31
17 33
18 20
18 28
18 31
19 20
19 21
19 22
19 23
19 26
19 27
19 29
19 31
19 32
19 33
19 34
19 30
20 21
20 24
20 25
20 30
20 34
21 22
21 23
21 25
21 26
21 27
21 28
21 29
21 30
21 32
21 33
21 34
22 25
22 27
22 28
22 29
22 30
22 32
22 33
23 24
23 26
23 28
23 29
23 31
23 32
23 34
24 25
24 27
24 33
25 27
25 29
25 30
26 27
26 32
27 28
27 32
27 34
28 32
29 31
30 33
33 34