785872064
13
35
288
0 13
0 14
0 15
0 16
0 17
0 18
0 19
0 20
0 23
0 24
0 33
1 13
1 14
1 15
1 16
1 19
1 20
1 22
1 27
1 29
1 30
1 32
1 28
1 5
2 13
2 14
2 15
2 16
2 18
2 19
2 20
2 21
2 22
2 23
2 25
2 26
2 30
2 34
3 13
3 14
3 15
3 16
3 17
3 18
3 20
3 21
3 23
3 28
3 29
3 33
4 13
4 14
4 15
4 16
4 17
4 18
4 25
4 26
5 13
5 14
5 15
5 16
5 17
5 19
5 20
5 21
5 29
5 31
5 34
6 13
6 14
6 15
6 23
6 27
7 13
7 14
7 15
7 16
7 17
7 20
7 21
7 24
7 25
7 26
7 27
7 31
7 34
8 13
8 14
8 17
8 18
8 19
8 20
8 22
8 24
8 25
8 27
8 28
8 31
8 33
9 13
9 15
10 13
10 14
10 15
10 16
10 17
10 18
10 19
10 20
10 21
10 22
10 23
10 26
10 30
10 31
11 13
11 14
11 16
11 17
11 18
11 21
11 27
11 31
11 32
11 33
12 13
12 14
12 15
12 16
12 17
12 18
12 19
12 20
12 22
12 23
12 24
12 25
12 26
12 34
13 14
13 15
13 16
13 17
13 18
13 19
13 20
13 21
13 22
13 23
13 24
13 25
13 27
13 28
13 30
13 31
13 32
13 33
13 34
14 15
14 16
14 17
14 18
14 19
14 20
14 21
14 22
14 23
14 24
14 25
14 26
14 27
14 28
14 29
14 30
14 32
14 33
14 34
15 16
15 17
15 18
15 19
15 20
15 22
15 24
15 25
15 26
15 27
15 28
15 29
15 30
15 31
15 33
16 17
16 18
16 19
16 21
16 22
16 24
16 25
16 27
16 28
16 29
16 30
16 31
16 32
16 33
16 34
17 18
17 19
17 20
17 21
17 22
17 23
17 26
17 28
17 29
17 30
17 31
17 33
17 34
18 19
18 21
18 22
18 23
18 24
18 26
18 27
18 28
18 29
18 30
18 31
18 32
18 34
19 21
19 23
19 24
19 27
19 31
19 32
20 21
20 22
20 23
20 24
20 25
20 26
20 28
20 29
20 31
20 33
21 22
21 23
21 24
21 25
21 26
21 27
21 28
21 29
21 30
21 34
22 24
22 25
22 26
22 29
22 30
22 32
23 25
23 28
23 29
23 32
23 33
24 28
24 30
25 26
25 27
25 33
26 28
26 32
26 33
27 31
27 32
27 34
28 29
28 30
29 32
31 32
31 34
32 34