220140397
17
35
306
0 17
0 18
0 19
0 20
0 21
0 22
0 23
0 24
0 25
0 28
0 32
1 17
1 18
1 19
1 20
1 23
1 28
1 29
1 30
2 17
2 18
2 19
2 20
2 21
2 22
2 23
2 24
2 25
2 26
2 27
2 28
2 30
2 32
2 33
2 34
3 17
3 18
3 19
3 20
3 21
3 22
3 23
3 24
3 25
3 29
3 33
4 17
4 18
4 19
4 20
4 21
4 22
4 23
4 24
4 25
4 26
4 28
4 29
4 30
4 33
4 34
5 17
5 18
5 19
5 20
5 23
5 25
5 27
5 30
5 31
5 33
5 34
6 17
6 18
6 19
6 20
6 23
6 24
6 25
6 26
6 27
6 31
6 34
7 17
7 18
7 19
7 20
7 21
7 22
7 28
7 30
7 32
7 33
8 17
8 18
8 19
8 20
8 21
8 22
8 24
8 27
8 31
9 17
9 18
9 19
9 20
9 21
9 22
9 23
9 24
9 26
9 29
9 32
10 17
10 21
10 22
10 24
10 25
10 26
10 27
10 31
10 33
10 34
11 17
11 18
11 19
11 20
11 21
11 26
11 27
11 31
12 17
12 18
12 20
12 21
12 22
12 25
12 26
13 17
13 18
13 19
13 21
13 22
13 23
13 26
13 27
13 29
13 31
14 17
14 18
14 19
14 20
14 21
14 22
14 23
14 24
14 25
14 26
14 27
14 28
14 29
14 32
14 33
15 17
15 18
15 19
15 26
15 29
15 30
15 33
15 34
16 17
16 18
16 19
16 20
16 21
16 22
16 23
16 24
16 28
16 29
16 30
16 34
17 18
17 19
17 20
17 21
17 22
17 23
17 24
17 25
17 26
17 27
17 28
17 30
17 31
17 32
17 33
18 19
18 20
18 21
18 22
18 23
18 24
18 25
18 26
18 28
18 29
18 31
18 34
19 20
19 21
19 22
19 23
19 24
19 25
19 26
19 27
19 28
19 29
19 31
19 32
19 33
19 34
20 21
20 22
20 23
20 24
20 25
20 26
20 27
20 28
20 29
20 30
20 31
20 32
20 33
21 22
21 23
21 24
21 25
21 26
21 27
21 28
21 30
21 31
21 32
21 34
22 23
22 24
22 25
22 26
22 27
22 28
22 29
22 30
22 33
22 34
23 24
23 25
23 26
23 27
23 28
23 29
23 30
23 31
23 32
24 25
24 27
24 28
24 29
24 30
24 31
24 32
24 33
25 27
25 29
25 30
25 31
25 32
25 34
26 27
26 28
26 32
27 28
27 29
27 30
27 31
27 32
27 33
27 34
28 29
28 30
28 32
28 33
28 34
29 30
29 31
29 32
29 34
30 31
30 34
31 32
31 33
32 33
33 34