560312531
15
400
5862
0 15
0 16
0 17
0 18
0 20
0 21
0 22
0 24
0 26
0 27
0 29
0 30
0 35
0 37
0 38
0 40
0 41
0 45
0 48
0 50
0 53
0 55
0 56
0 60
0 65
0 67
0 73
0 78
0 91
0 93
0 102
0 105
0 111
0 118
0 123
0 126
0 132
0 133
0 150
0 151
0 155
0 157
0 161
0 180
0 189
0 197
0 210
0 218
0 222
0 228
0 236
0 238
0 251
0 265
0 292
0 298
0 301
0 352
0 364
0 374
0 380
0 385
0 398
1 15
1 16
1 17
1 18
1 19
1 20
1 21
1 23
1 24
1 25
1 29
1 35
1 36
1 37
1 38
1 40
1 42
1 46
1 52
1 89
1 90
1 98
1 112
1 127
1 133
1 147
1 155
1 177
1 179
1 182
1 195
1 212
1 217
1 218
1 227
1 233
1 234
1 262
1 265
1 270
1 274
1 296
1 309
1 310
1 311
1 328
1 343
1 344
1 350
1 352
1 371
1 393
2 15
2 16
2 17
2 19
2 22
2 24
2 25
2 27
2 29
2 30
2 54
2 58
2 63
2 66
2 69
2 76
2 77
2 86
2 90
2 95
2 96
2 137
2 142
2 149
2 156
2 218
2 226
2 239
2 253
2 261
2 288
2 314
2 325
2 348
2 363
2 43
2 144
3 15
3 16
3 17
3 18
3 19
3 20
3 23
3 26
3 28
3 30
3 31
3 33
3 38
3 41
3 44
3 45
3 46
3 50
3 52
3 54
3 55
3 56
3 57
3 60
3 68
3 71
3 74
3 81
3 85
3 86
3 88
3 90
3 93
3 100
3 106
3 108
3 110
3 129
3 143
3 151
3 156
3 162
3 168
3 175
3 176
3 180
3 186
3 191
3 204
3 205
3 216
3 232
3 233
3 252
3 260
3 263
3 269
3 272
3 280
3 282
3 307
3 311
3 321
3 323
3 330
3 337
3 342
3 344
3 353
3 356
3 367
3 371
3 374
3 389
4 15
4 16
4 17
4 18
4 21
4 31
4 37
4 38
4 44
4 52
4 76
4 80
4 104
4 107
4 110
4 142
4 146
4 183
4 199
4 206
4 214
4 242
4 259
4 286
4 304
4 305
4 307
4 324
4 355
4 375
4 377
4 380
4 387
4 399
5 15
5 18
5 23
5 25
5 26
5 35
5 41
5 45
5 58
5 60
5 75
5 97
5 107
5 115
5 119
5 132
5 168
5 172
5 194
5 206
5 235
5 237
5 247
5 275
5 276
5 292
5 337
5 376
6 15
6 16
6 17
6 18
6 19
6 20
6 21
6 22
6 23
6 24
6 28
6 30
6 32
6 33
6 37
6 39
6 42
6 49
6 52
6 54
6 59
6 66
6 68
6 70
6 71
6 77
6 92
6 99
6 114
6 117
6 125
6 130
6 132
6 138
6 140
6 145
6 151
6 154
6 156
6 164
6 182
6 184
6 185
6 186
6 195
6 200
6 202
6 208
6 213
6 227
6 232
6 240
6 252
6 268
6 286
6 290
6 296
6 298
6 309
6 314
6 316
6 321
6 339
6 352
6 367
6 382
6 399
7 15
7 16
7 17
7 18
7 20
7 21
7 22
7 23
7 24
7 25
7 26
7 28
7 40
7 43
7 46
7 56
7 62
7 65
7 69
7 76
7 81
7 84
7 85
7 96
7 102
7 121
7 128
7 129
7 131
7 138
7 146
7 151
7 172
7 179
7 180
7 187
7 197
7 199
7 221
7 243
7 249
7 256
7 274
7 285
7 287
7 320
7 329
7 359
7 361
7 374
7 380
7 384
7 386
7 390
7 375
8 15
8 16
8 17
8 18
8 19
8 20
8 21
8 22
8 23
8 32
8 34
8 38
8 42
8 47
8 49
8 51
8 63
8 70
8 72
8 73
8 78
8 82
8 84
8 86
8 100
8 108
8 119
8 125
8 128
8 167
8 192
8 198
8 201
8 204
8 243
8 266
8 280
8 307
8 313
8 320
8 336
8 359
8 360
8 361
8 372
8 375
8 391
8 300
9 15
9 16
9 17
9 18
9 19
9 20
9 21
9 22
9 24
9 25
9 27
9 33
9 34
9 36
9 39
9 40
9 42
9 43
9 44
9 50
9 53
9 56
9 57
9 60
9 62
9 63
9 64
9 67
9 88
9 90
9 92
9 95
9 99
9 103
9 105
9 120
9 121
9 131
9 132
9 156
9 162
9 164
9 168
9 171
9 183
9 194
9 196
9 214
9 220
9 232
9 242
9 243
9 246
9 270
9 274
9 285
9 297
9 315
9 320
9 323
9 338
9 341
9 361
9 364
9 370
9 386
9 387
9 389
9 395
9 10
10 15
10 16
10 19
10 23
10 24
10 27
10 28
10 35
10 38
10 39
10 44
10 45
10 50
10 80
10 83
10 94
10 96
10 115
10 121
10 126
10 133
10 143
10 161
10 179
10 193
10 248
10 251
10 255
10 258
10 281
10 282
10 384
10 390
11 15
11 16
11 17
11 18
11 19
11 20
11 21
11 22
11 23
11 24
11 29
11 30
11 31
11 32
11 33
11 34
11 35
11 38
11 45
11 47
11 48
11 54
11 57
11 62
11 71
11 75
11 89
11 92
11 96
11 105
11 111
11 123
11 125
11 127
11 129
11 136
11 139
11 140
11 152
11 159
11 161
11 173
11 190
11 197
11 208
11 211
11 256
11 259
11 262
11 267
11 289
11 293
11 318
11 319
11 325
11 332
11 333
11 341
11 347
11 368
11 370
11 375
12 15
12 16
12 17
12 18
12 19
12 20
12 22
12 24
12 25
12 26
12 28
12 33
12 34
12 42
12 43
12 44
12 47
12 52
12 54
12 58
12 60
12 62
12 65
12 68
12 69
12 70
12 73
12 81
12 88
12 91
12 107
12 108
12 113
12 125
12 127
12 132
12 139
12 144
12 149
12 153
12 158
12 172
12 177
12 181
12 189
12 196
12 198
12 205
12 221
12 223
12 226
12 230
12 243
12 246
12 252
12 262
12 273
12 279
12 303
12 305
12 319
12 336
12 349
12 358
12 361
12 388
13 15
13 16
13 17
13 19
13 21
13 25
13 31
13 78
13 82
13 103
13 109
13 139
13 142
13 153
13 154
13 170
13 174
13 199
13 223
13 249
13 255
13 284
13 287
13 309
13 321
13 370
13 375
13 384
13 399
14 15
14 16
14 17
14 18
14 19
14 20
14 25
14 27
14 28
14 29
14 30
14 31
14 33
14 34
14 35
14 39
14 42
14 45
14 46
14 49
14 60
14 70
14 77
14 83
14 85
14 87
14 100
14 106
14 110
14 114
14 129
14 131
14 133
14 148
14 166
14 170
14 173
14 174
14 184
14 186
14 192
14 196
14 206
14 209
14 216
14 217
14 260
14 267
14 271
14 273
14 276
14 279
14 280
14 301
14 303
14 305
14 308
14 319
14 334
14 350
14 357
14 358
14 369
14 379
14 387
14 392
14 397
14 275
15 16
15 17
15 18
15 19
15 20
15 21
15 22
15 23
15 25
15 26
15 28
15 29
15 30
15 31
15 32
15 34
15 36
15 37
15 38
15 39
15 40
15 41
15 43
15 47
15 48
15 51
15 55
15 56
15 59
15 62
15 63
15 64
15 66
15 67
15 68
15 72
15 77
15 80
15 82
15 85
15 86
15 93
15 96
15 100
15 102
15 110
15 112
15 115
15 117
15 118
15 120
15 121
15 123
15 125
15 129
15 130
15 136
15 142
15 164
15 171
15 177
15 183
15 186
15 190
15 200
15 211
15 214
15 219
15 224
15 225
15 229
15 230
15 236
15 242
15 245
15 249
15 250
15 255
15 270
15 274
15 278
15 280
15 284
15 307
15 314
15 329
15 330
15 340
15 343
15 353
15 363
15 364
15 366
15 383
15 394
15 193
16 17
16 18
16 19
16 20
16 21
16 22
16 23
16 24
16 25
16 26
16 27
16 30
16 31
16 32
16 33
16 34
16 35
16 36
16 37
16 40
16 41
16 55
16 59
16 66
16 67
16 68
16 70
16 72
16 73
16 74
16 80
16 86
16 91
16 93
16 95
16 103
16 111
16 130
16 136
16 148
16 150
16 152
16 153
16 155
16 157
16 159
16 163
16 166
16 171
16 179
16 182
16 184
16 192
16 211
16 212
16 222
16 231
16 234
16 239
16 242
16 246
16 247
16 256
16 260
16 281
16 286
16 290
16 292
16 307
16 313
16 317
16 320
16 325
16 341
16 356
16 364
16 381
16 395
16 261
17 18
17 19
17 20
17 21
17 22
17 23
17 24
17 25
17 26
17 27
17 28
17 29
17 30
17 31
17 33
17 34
17 35
17 36
17 37
17 38
17 39
17 40
17 41
17 43
17 46
17 49
17 51
17 53
17 54
17 59
17 61
17 62
17 64
17 66
17 69
17 72
17 73
17 75
17 82
17 84
17 87
17 90
17 94
17 95
17 98
17 99
17 101
17 102
17 103
17 106
17 112
17 114
17 123
17 130
17 135
17 150
17 152
17 153
17 157
17 163
17 164
17 175
17 184
17 203
17 218
17 219
17 224
17 237
17 252
17 254
17 264
17 268
17 280
17 288
17 299
17 317
17 329
17 335
17 338
17 339
17 343
17 350
17 353
17 369
17 377
17 388
17 396
17 71
18 19
18 20
18 21
18 22
18 23
18 24
18 25
18 27
18 28
18 29
18 31
18 33
18 34
18 37
18 39
18 40
18 41
18 43
18 47
18 48
18 49
18 56
18 59
18 60
18 65
18 69
18 73
18 76
18 81
18 84
18 85
18 86
18 87
18 93
18 102
18 105
18 106
18 107
18 113
18 117
18 118
18 119
18 124
18 129
18 140
18 146
18 149
18 152
18 162
18 163
18 167
18 168
18 174
18 179
18 186
18 188
18 191
18 192
18 193
18 199
18 209
18 214
18 216
18 219
18 222
18 225
18 227
18 232
18 233
18 242
18 245
18 250
18 251
18 260
18 261
18 266
18 273
18 298
18 299
18 312
18 316
18 317
18 319
18 342
18 348
18 350
18 360
18 363
18 369
18 372
18 375
18 378
18 380
18 390
18 397
19 20
19 21
19 22
19 23
19 24
19 25
19 26
19 27
19 29
19 31
19 33
19 35
19 36
19 37
19 43
19 44
19 45
19 46
19 47
19 54
19 61
19 64
19 65
19 67
19 68
19 70
19 74
19 77
19 78
19 79
19 94
19 95
19 98
19 99
19 102
19 106
19 107
19 108
19 109
19 111
19 115
19 119
19 127
19 131
19 138
19 143
19 150
19 152
19 155
19 161
19 165
19 176
19 178
19 184
19 185
19 187
19 188
19 189
19 193
19 197
19 200
19 201
19 213
19 219
19 228
19 235
19 240
19 245
19 250
19 254
19 265
19 281
19 284
19 287
19 294
19 303
19 304
19 310
19 315
19 321
19 322
19 324
19 345
19 346
19 352
19 353
19 358
19 361
19 362
19 375
19 382
19 383
19 387
19 267
19 149
20 21
20 22
20 23
20 24
20 26
20 27
20 28
20 29
20 31
20 32
20 33
20 35
20 36
20 39
20 40
20 41
20 42
20 50
20 52
20 53
20 54
20 55
20 59
20 61
20 66
20 69
20 70
20 71
20 76
20 77
20 78
20 79
20 80
20 81
20 87
20 88
20 90
20 93
20 95
20 98
20 102
20 105
20 107
20 112
20 113
20 116
20 120
20 125
20 130
20 131
20 140
20 143
20 144
20 147
20 154
20 160
20 161
20 162
20 174
20 177
20 182
20 186
20 189
20 190
20 192
20 196
20 200
20 202
20 215
20 216
20 221
20 231
20 232
20 240
20 242
20 259
20 261
20 273
20 288
20 306
20 312
20 313
20 320
20 322
20 327
20 334
20 336
20 340
20 344
20 353
20 354
20 356
20 365
20 368
20 376
20 391
20 397
20 119
20 347
21 22
21 26
21 27
21 29
21 31
21 32
21 34
21 35
21 36
21 39
21 40
21 41
21 42
21 48
21 51
21 55
21 61
21 62
21 64
21 65
21 70
21 75
21 80
21 81
21 83
21 88
21 89
21 97
21 99
21 104
21 105
21 107
21 110
21 113
21 114
21 127
21 128
21 135
21 137
21 140
21 141
21 142
21 144
21 145
21 147
21 152
21 157
21 161
21 166
21 167
21 169
21 178
21 181
21 185
21 186
21 189
21 192
21 198
21 201
21 211
21 214
21 224
21 227
21 235
21 240
21 243
21 249
21 254
21 255
21 258
21 259
21 265
21 276
21 283
21 289
21 291
21 303
21 305
21 311
21 325
21 326
21 341
21 345
21 354
21 358
21 365
21 367
21 369
21 370
21 375
21 378
21 382
21 383
21 391
21 395
22 23
22 25
22 26
22 27
22 28
22 30
22 32
22 34
22 35
22 36
22 37
22 38
22 39
22 41
22 42
22 44
22 46
22 47
22 48
22 50
22 55
22 58
22 59
22 62
22 64
22 66
22 71
22 72
22 74
22 80
22 81
22 82
22 83
22 84
22 86
22 94
22 95
22 97
22 99
22 103
22 107
22 110
22 121
22 122
22 123
22 125
22 134
22 144
22 149
22 162
22 163
22 164
22 172
22 175
22 176
22 181
22 185
22 191
22 193
22 216
22 219
22 225
22 228
22 236
22 246
22 247
22 257
22 267
22 271
22 273
22 276
22 277
22 284
22 285
22 287
22 290
22 306
22 328
22 334
22 337
22 340
22 343
22 348
22 360
22 365
22 366
22 389
23 24
23 26
23 27
23 28
23 30
23 32
23 35
23 37
23 39
23 43
23 44
23 45
23 46
23 47
23 51
23 54
23 57
23 58
23 59
23 61
23 64
23 71
23 74
23 75
23 76
23 79
23 80
23 81
23 87
23 88
23 94
23 106
23 115
23 118
23 122
23 125
23 127
23 132
23 137
23 143
23 152
23 157
23 162
23 163
23 167
23 170
23 177
23 178
23 190
23 191
23 197
23 202
23 210
23 214
23 222
23 225
23 226
23 239
23 244
23 259
23 267
23 270
23 273
23 285
23 288
23 295
23 297
23 308
23 327
23 334
23 338
23 356
23 367
24 25
24 26
24 27
24 28
24 29
24 30
24 33
24 34
24 36
24 37
24 38
24 49
24 56
24 61
24 62
24 65
24 78
24 85
24 91
24 97
24 100
24 107
24 112
24 113
24 117
24 120
24 126
24 128
24 130
24 135
24 140
24 148
24 152
24 155
24 163
24 164
24 168
24 171
24 195
24 201
24 209
24 213
24 220
24 221
24 234
24 235
24 241
24 249
24 268
24 269
24 272
24 278
24 280
24 289
24 297
24 299
24 323
24 327
24 342
24 359
24 371
24 386
24 392
24 394
24 236
24 114
25 26
25 27
25 28
25 29
25 30
25 32
25 33
25 34
25 37
25 41
25 42
25 52
25 53
25 55
25 56
25 58
25 60
25 65
25 67
25 68
25 73
25 74
25 75
25 79
25 81
25 82
25 83
25 84
25 89
25 91
25 95
25 104
25 109
25 116
25 119
25 121
25 132
25 133
25 138
25 144
25 148
25 154
25 157
25 158
25 159
25 161
25 162
25 165
25 169
25 170
25 183
25 184
25 193
25 195
25 200
25 214
25 217
25 220
25 222
25 226
25 232
25 239
25 244
25 248
25 262
25 263
25 270
25 274
25 277
25 281
25 282
25 294
25 315
25 333
25 341
25 350
25 351
25 353
25 359
25 365
25 366
25 376
25 382
25 393
26 28
26 30
26 31
26 32
26 37
26 44
26 46
26 53
26 63
26 64
26 65
26 70
26 73
26 74
26 76
26 77
26 78
26 81
26 87
26 90
26 94
26 98
26 99
26 100
26 106
26 109
26 111
26 114
26 120
26 121
26 125
26 144
26 156
26 162
26 167
26 180
26 183
26 186
26 193
26 196
26 198
26 201
26 202
26 205
26 225
26 238
26 240
26 244
26 257
26 265
26 266
26 287
26 306
26 332
26 334
26 347
26 355
26 376
26 379
26 385
27 29
27 31
27 32
27 33
27 35
27 37
27 38
27 41
27 45
27 48
27 49
27 50
27 51
27 55
27 57
27 58
27 59
27 61
27 63
27 74
27 75
27 79
27 86
27 89
27 96
27 97
27 108
27 109
27 114
27 116
27 122
27 130
27 134
27 137
27 143
27 155
27 161
27 169
27 171
27 177
27 181
27 182
27 185
27 188
27 200
27 201
27 203
27 213
27 221
27 229
27 231
27 245
27 253
27 261
27 264
27 270
27 272
27 281
27 296
27 302
27 309
27 313
27 316
27 323
27 324
27 328
27 348
27 349
27 357
27 362
27 364
27 368
27 378
27 379
27 381
27 394
27 395
27 336
28 29
28 32
28 34
28 38
28 40
28 41
28 42
28 43
28 44
28 46
28 47
28 52
28 54
28 57
28 61
28 70
28 75
28 79
28 83
28 85
28 87
28 94
28 98
28 102
28 115
28 117
28 118
28 123
28 126
28 129
28 130
28 141
28 152
28 154
28 158
28 166
28 176
28 180
28 183
28 184
28 185
28 186
28 188
28 191
28 192
28 197
28 198
28 204
28 211
28 213
28 227
28 235
28 239
28 244
28 245
28 253
28 254
28 259
28 269
28 273
28 274
28 335
28 339
28 344
28 362
28 369
28 371
28 373
28 386
28 393
29 30
29 31
29 32
29 33
29 36
29 40
29 43
29 45
29 47
29 49
29 51
29 52
29 53
29 55
29 57
29 60
29 62
29 63
29 67
29 71
29 72
29 73
29 74
29 75
29 76
29 83
29 86
29 87
29 89
29 95
29 97
29 98
29 101
29 105
29 108
29 109
29 110
29 112
29 113
29 118
29 119
29 122
29 124
29 125
29 131
29 136
29 139
29 147
29 148
29 150
29 151
29 153
29 159
29 160
29 163
29 164
29 165
29 166
29 174
29 178
29 183
29 185
29 186
29 190
29 198
29 210
29 212
29 221
29 228
29 232
29 260
29 263
29 267
29 270
29 275
29 279
29 283
29 287
29 297
29 310
29 345
29 358
29 370
29 383
29 385
29 386
29 389
29 398
30 32
30 35
30 36
30 38
30 44
30 48
30 53
30 54
30 59
30 62
30 71
30 72
30 76
30 82
30 83
30 89
30 97
30 98
30 99
30 104
30 114
30 116
30 119
30 136
30 149
30 170
30 171
30 172
30 173
30 174
30 193
30 201
30 231
30 249
30 258
30 262
30 279
30 280
30 281
30 285
30 314
30 316
30 319
30 373
30 376
30 382
31 36
31 38
31 42
31 44
31 45
31 47
31 50
31 55
31 57
31 64
31 67
31 68
31 70
31 71
31 72
31 73
31 74
31 96
31 98
31 111
31 133
31 137
31 142
31 145
31 156
31 160
31 170
31 178
31 234
31 248
31 250
31 255
31 263
31 275
31 278
31 279
31 298
31 299
31 301
31 315
31 342
31 347
31 352
31 373
31 382
31 386
31 395
31 252
32 41
32 42
32 43
32 44
32 47
32 48
32 50
32 57
32 64
32 66
32 67
32 68
32 77
32 78
32 79
32 80
32 84
32 92
32 105
32 111
32 112
32 122
32 124
32 127
32 135
32 141
32 147
32 159
32 199
32 200
32 201
32 203
32 208
32 210
32 219
32 224
32 236
32 247
32 253
32 284
32 293
32 296
32 298
32 309
32 321
32 322
32 325
32 350
32 365
32 384
33 34
33 36
33 39
33 45
33 46
33 48
33 49
33 51
33 52
33 56
33 63
33 64
33 70
33 75
33 76
33 77
33 78
33 79
33 84
33 86
33 88
33 98
33 101
33 102
33 123
33 132
33 134
33 137
33 141
33 150
33 155
33 162
33 168
33 170
33 173
33 175
33 187
33 189
33 196
33 205
33 208
33 211
33 218
33 221
33 226
33 227
33 229
33 240
33 243
33 248
33 257
33 260
33 265
33 274
33 275
33 296
33 309
33 314
33 335
33 341
33 349
33 350
33 352
33 353
33 381
33 383
33 199
34 36
34 39
34 47
34 48
34 49
34 51
34 58
34 59
34 60
34 61
34 63
34 68
34 72
34 74
34 76
34 80
34 91
34 92
34 97
34 99
34 107
34 113
34 114
34 119
34 124
34 132
34 141
34 146
34 153
34 158
34 164
34 170
34 177
34 193
34 197
34 222
34 227
34 233
34 252
34 269
34 276
34 300
34 311
34 315
34 336
34 343
34 348
34 378
34 379
34 384
34 385
34 389
34 396
34 174
34 282
35 39
35 40
35 43
35 44
35 45
35 46
35 49
35 51
35 56
35 57
35 61
35 68
35 77
35 78
35 93
35 100
35 117
35 119
35 126
35 138
35 139
35 145
35 155
35 161
35 163
35 169
35 171
35 175
35 187
35 194
35 215
35 224
35 238
35 254
35 256
35 257
35 262
35 263
35 265
35 271
35 283
35 299
35 302
35 313
35 316
35 385
35 390
35 392
35 393
36 40
36 41
36 47
36 52
36 53
36 56
36 57
36 59
36 92
36 93
36 96
36 98
36 101
36 110
36 121
36 138
36 156
36 164
36 173
36 177
36 205
36 210
36 213
36 223
36 228
36 238
36 248
36 251
36 253
36 258
36 259
36 264
36 268
36 282
36 284
36 296
36 331
36 352
36 361
36 370
36 389
36 391
36 112
36 351
37 50
37 58
37 59
37 63
37 72
37 79
37 80
37 81
37 87
37 90
37 92
37 93
37 97
37 98
37 103
37 108
37 115
37 116
37 117
37 124
37 129
37 142
37 145
37 160
37 167
37 176
37 177
37 178
37 187
37 188
37 215
37 217
37 219
37 220
37 221
37 231
37 235
37 245
37 258
37 262
37 290
37 311
37 323
37 327
37 336
37 348
37 349
37 374
37 391
37 396
37 38
37 136
38 39
38 42
38 43
38 46
38 49
38 50
38 52
38 60
38 62
38 69
38 74
38 75
38 80
38 89
38 90
38 97
38 99
38 115
38 116
38 130
38 131
38 132
38 135
38 146
38 148
38 150
38 152
38 155
38 157
38 159
38 162
38 171
38 183
38 190
38 203
38 210
38 229
38 232
38 243
38 246
38 261
38 269
38 271
38 299
38 303
38 317
38 325
38 330
38 345
38 349
38 352
38 355
38 366
38 373
38 374
38 378
38 394
39 40
39 42
39 43
39 46
39 48
39 50
39 51
39 53
39 57
39 61
39 65
39 66
39 72
39 77
39 78
39 88
39 89
39 94
39 95
39 104
39 115
39 126
39 129
39 139
39 142
39 151
39 152
39 153
39 155
39 156
39 168
39 169
39 178
39 179
39 183
39 184
39 199
39 203
39 204
39 205
39 212
39 213
39 231
39 238
39 246
39 251
39 264
39 266
39 267
39 271
39 278
39 287
39 302
39 308
39 318
39 320
39 328
39 334
39 336
39 347
39 350
39 353
39 367
39 368
39 384
39 393
39 396
40 43
40 44
40 47
40 48
40 49
40 51
40 57
40 60
40 64
40 66
40 69
40 73
40 75
40 82
40 84
40 85
40 86
40 89
40 97
40 104
40 106
40 122
40 124
40 133
40 134
40 135
40 167
40 169
40 173
40 181
40 200
40 213
40 214
40 215
40 225
40 230
40 263
40 269
40 273
40 277
40 282
40 291
40 331
40 337
40 372
40 383
40 395
40 397
40 398
41 46
41 48
41 49
41 52
41 53
41 55
41 66
41 69
41 70
41 71
41 72
41 85
41 86
41 87
41 114
41 125
41 128
41 138
41 140
41 149
41 153
41 165
41 181
41 216
41 219
41 233
41 239
41 240
41 241
41 272
41 280
41 285
41 300
41 305
41 312
41 316
41 320
41 331
41 360
41 399
41 185
42 49
42 52
42 55
42 58
42 62
42 64
42 65
42 68
42 70
42 76
42 86
42 90
42 92
42 93
42 99
42 101
42 105
42 113
42 120
42 122
42 128
42 134
42 136
42 137
42 148
42 149
42 237
42 238
42 244
42 248
42 264
42 289
42 295
42 296
42 327
42 328
42 342
42 346
42 364
42 365
42 380
42 385
42 399
43 45
43 50
43 53
43 58
43 63
43 67
43 69
43 75
43 79
43 84
43 91
43 93
43 99
43 106
43 110
43 114
43 116
43 117
43 124
43 128
43 130
43 143
43 151
43 179
43 181
43 201
43 202
43 203
43 204
43 221
43 233
43 234
43 237
43 249
43 270
43 272
43 282
43 293
43 302
43 317
43 320
43 346
43 360
43 377
43 380
43 392
43 393
43 396
43 399
44 45
44 56
44 58
44 59
44 64
44 69
44 88
44 95
44 96
44 97
44 100
44 107
44 114
44 126
44 147
44 151
44 166
44 196
44 209
44 223
44 232
44 243
44 257
44 296
44 315
44 319
44 343
44 389
44 391
45 50
45 51
45 53
45 54
45 84
45 91
45 118
45 141
45 142
45 149
45 157
45 175
45 187
45 191
45 217
45 221
45 245
45 251
45 263
45 269
45 279
45 284
45 289
45 290
45 295
45 296
45 300
45 303
45 308
45 320
45 333
45 335
45 337
45 348
45 355
45 356
45 237
46 50
46 54
46 56
46 72
46 79
46 80
46 122
46 134
46 139
46 146
46 160
46 164
46 175
46 183
46 196
46 210
46 212
46 216
46 230
46 246
46 252
46 263
46 266
46 275
46 295
46 322
46 361
46 390
47 48
47 53
47 63
47 66
47 69
47 71
47 73
47 77
47 79
47 83
47 89
47 102
47 106
47 107
47 115
47 116
47 117
47 120
47 129
47 132
47 133
47 136
47 137
47 150
47 165
47 171
47 173
47 175
47 213
47 237
47 247
47 258
47 302
47 308
47 311
47 324
47 328
47 336
47 338
47 344
47 345
47 370
47 376
48 51
48 52
48 65
48 67
48 69
48 79
48 81
48 86
48 90
48 94
48 97
48 116
48 166
48 175
48 187
48 204
48 208
48 215
48 241
48 302
48 310
48 313
48 318
48 333
48 346
48 366
48 375
48 394
49 55
49 59
49 60
49 66
49 67
49 71
49 78
49 81
49 91
49 92
49 100
49 110
49 114
49 120
49 128
49 150
49 157
49 163
49 172
49 177
49 193
49 207
49 220
49 225
49 238
49 239
49 259
49 299
49 314
49 331
49 373
49 398
49 131
50 51
50 53
50 54
50 57
50 58
50 60
50 74
50 90
50 91
50 94
50 102
50 108
50 117
50 121
50 134
50 139
50 168
50 184
50 189
50 200
50 202
50 211
50 224
50 235
50 258
50 277
50 285
50 316
50 339
50 341
50 373
50 388
50 59
51 60
51 61
51 63
51 67
51 70
51 74
51 82
51 86
51 87
51 88
51 94
51 100
51 103
51 105
51 111
51 112
51 129
51 138
51 144
51 145
51 150
51 154
51 164
51 182
51 187
51 194
51 196
51 198
51 202
51 203
51 216
51 219
51 227
51 231
51 239
51 252
51 253
51 268
51 295
51 308
51 319
51 322
51 326
51 327
51 329
51 333
51 337
51 347
51 371
51 383
52 58
52 67
52 71
52 82
52 84
52 101
52 109
52 111
52 113
52 116
52 118
52 131
52 166
52 209
52 229
52 239
52 278
52 285
52 298
52 300
52 312
52 314
52 355
52 356
52 358
52 367
52 372
52 394
52 399
53 54
53 56
53 57
53 62
53 77
53 78
53 110
53 117
53 123
53 126
53 136
53 143
53 146
53 158
53 161
53 172
53 199
53 200
53 212
53 224
53 232
53 242
53 250
53 254
53 271
53 284
53 307
53 310
53 326
53 354
53 372
53 373
53 375
54 55
54 56
54 66
54 96
54 112
54 128
54 129
54 130
54 149
54 158
54 163
54 167
54 168
54 170
54 171
54 178
54 187
54 193
54 203
54 205
54 211
54 223
54 225
54 235
54 244
54 248
54 258
54 262
54 268
54 297
54 299
54 305
54 306
54 328
54 340
54 354
54 359
54 372
54 385
54 388
55 58
55 67
55 85
55 95
55 96
55 100
55 122
55 125
55 144
55 147
55 159
55 180
55 181
55 182
55 190
55 196
55 234
55 238
55 264
55 273
55 277
55 281
55 304
55 310
55 317
55 338
55 345
55 348
55 361
55 381
55 194
56 61
56 62
56 65
56 76
56 87
56 96
56 103
56 104
56 109
56 117
56 122
56 123
56 128
56 129
56 134
56 135
56 138
56 141
56 149
56 154
56 166
56 173
56 191
56 214
56 215
56 226
56 229
56 232
56 234
56 244
56 247
56 250
56 254
56 258
56 271
56 279
56 327
56 338
56 346
56 351
56 356
56 376
56 380
56 392
56 395
56 89
56 164
57 68
57 103
57 107
57 109
57 125
57 131
57 219
57 257
57 288
57 334
57 338
57 348
58 75
58 84
58 105
58 107
58 115
58 119
58 138
58 145
58 156
58 161
58 172
58 175
58 176
58 190
58 193
58 216
58 278
58 289
58 301
58 348
58 350
58 354
58 355
58 362
58 364
58 383
59 61
59 64
59 69
59 82
59 88
59 90
59 110
59 113
59 132
59 135
59 137
59 141
59 148
59 168
59 187
59 199
59 204
59 212
59 216
59 222
59 245
59 246
59 253
59 254
59 260
59 266
59 276
59 292
59 299
59 301
59 305
59 307
59 313
59 338
59 340
59 343
59 345
59 350
59 352
59 357
59 381
59 398
59 159
60 61
60 66
60 68
60 74
60 80
60 85
60 88
60 89
60 92
60 100
60 105
60 109
60 119
60 128
60 131
60 133
60 136
60 139
60 144
60 161
60 165
60 192
60 202
60 205
60 207
60 243
60 246
60 253
60 255
60 280
60 284
60 292
60 297
60 310
60 332
60 336
60 342
60 354
60 373
60 379
60 182
61 63
61 65
61 73
61 77
61 78
61 85
61 91
61 113
61 126
61 173
61 197
61 234
61 245
61 255
61 260
61 274
61 313
61 318
61 341
61 373
61 377
61 379
62 63
62 65
62 82
62 83
62 87
62 103
62 124
62 128
62 134
62 143
62 151
62 154
62 211
62 218
62 222
62 226
62 249
62 256
62 279
62 304
62 340
62 368
62 377
62 384
62 397
63 68
63 81
63 83
63 102
63 109
63 116
63 120
63 133
63 156
63 162
63 167
63 174
63 175
63 198
63 202
63 205
63 244
63 254
63 266
63 283
63 308
63 337
63 340
63 344
63 356
63 377
63 378
63 135
64 77
64 80
64 82
64 87
64 91
64 103
64 105
64 106
64 111
64 118
64 127
64 140
64 146
64 149
64 154
64 169
64 174
64 176
64 195
64 197
64 208
64 212
64 216
64 218
64 219
64 234
64 235
64 260
64 264
64 290
64 293
64 298
64 300
64 330
64 348
64 368
64 372
64 392
65 82
65 85
65 94
65 97
65 101
65 109
65 122
65 131
65 135
65 201
65 204
65 206
65 211
65 222
65 241
65 256
65 268
65 273
65 282
65 314
65 351
65 364
65 370
65 95
66 71
66 73
66 75
66 79
66 83
66 90
66 92
66 114
66 118
66 123
66 124
66 127
66 135
66 140
66 152
66 159
66 170
66 178
66 182
66 183
66 245
66 268
66 271
66 303
66 305
66 316
66 360
66 380
66 387
67 69
67 81
67 92
67 104
67 105
67 108
67 139
67 145
67 151
67 166
67 169
67 180
67 202
67 223
67 230
67 233
67 245
67 261
67 296
67 307
67 316
67 328
67 330
67 357
67 360
67 364
68 78
68 82
68 93
68 96
68 112
68 121
68 134
68 136
68 138
68 167
68 191
68 207
68 212
68 223
68 262
68 264
68 272
68 273
68 298
68 323
68 335
68 353
68 370
68 392
68 77
69 79
69 91
69 93
69 95
69 104
69 111
69 133
69 145
69 155
69 160
69 163
69 182
69 192
69 203
69 207
69 209
69 215
69 242
69 307
69 330
69 334
69 361
69 368
69 385
69 398
70 71
70 72
70 76
70 112
70 118
70 119
70 167
70 219
70 253
70 272
70 281
70 288
70 353
70 361
70 397
71 72
71 106
71 122
71 124
71 127
71 132
71 144
71 169
71 178
71 195
71 224
71 278
71 283
71 306
71 347
71 364
71 371
71 387
71 399
72 73
72 89
72 112
72 115
72 121
72 134
72 137
72 144
72 148
72 155
72 169
72 179
72 183
72 189
72 195
72 214
72 220
72 222
72 231
72 237
72 278
72 282
72 289
72 362
73 88
73 93
73 101
73 106
73 109
73 111
73 119
73 141
73 163
73 186
73 209
73 217
73 223
73 256
73 263
73 275
73 294
73 309
73 310
73 319
73 331
73 394
74 83
74 97
74 123
74 131
74 146
74 149
74 157
74 160
74 181
74 188
74 221
74 223
74 235
74 272
74 290
74 292
74 297
74 310
74 326
74 331
74 335
74 350
74 380
74 390
74 244
75 76
75 96
75 101
75 104
75 113
75 138
75 140
75 143
75 144
75 148
75 151
75 171
75 179
75 187
75 194
75 208
75 215
75 224
75 230
75 238
75 246
75 256
75 315
75 322
75 357
76 83
76 84
76 85
76 100
76 103
76 108
76 119
76 124
76 126
76 146
76 151
76 169
76 170
76 207
76 239
76 259
76 266
76 269
77 92
77 99
77 116
77 123
77 134
77 154
77 203
77 213
77 225
77 264
77 277
77 316
77 318
77 339
78 87
78 88
78 100
78 101
78 120
78 122
78 126
78 137
78 143
78 144
78 161
78 168
78 172
78 174
78 184
78 188
78 215
78 262
78 276
78 279
78 298
78 312
78 324
78 368
78 374
78 105
79 84
79 102
79 108
79 118
79 126
79 127
79 134
79 137
79 199
79 203
79 229
79 237
79 261
79 291
79 307
79 308
79 312
79 317
79 324
79 383
79 385
79 396
80 85
80 101
80 102
80 112
80 118
80 145
80 153
80 156
80 157
80 160
80 207
80 213
80 231
80 240
80 246
80 257
80 278
80 284
80 286
80 291
80 302
80 303
80 331
80 339
80 360
80 369
80 370
80 376
80 384
81 158
81 201
81 241
81 243
81 254
81 265
81 288
81 318
81 333
81 365
82 83
82 92
82 99
82 106
82 114
82 118
82 120
82 129
82 151
82 196
82 199
82 210
82 271
82 275
82 295
82 301
82 313
82 384
82 91
83 94
83 98
83 103
83 105
83 107
83 142
83 148
83 174
83 179
83 197
83 200
83 206
83 214
83 266
83 280
83 287
83 300
83 310
83 329
83 335
83 369
83 379
83 394
84 89
84 93
84 99
84 130
84 131
84 142
84 148
84 153
84 209
84 231
84 294
84 297
84 322
84 336
84 347
84 372
85 88
85 92
85 101
85 120
85 123
85 154
85 155
85 159
85 160
85 166
85 168
85 171
85 173
85 183
85 193
85 222
85 229
85 233
85 244
85 246
85 261
85 276
85 292
85 297
85 330
85 332
85 359
85 380
85 378
86 89
86 90
86 91
86 104
86 106
86 109
86 110
86 116
86 133
86 135
86 140
86 142
86 164
86 172
86 182
86 185
86 218
86 270
86 282
86 294
86 342
87 91
87 94
87 104
87 109
87 113
87 119
87 129
87 141
87 144
87 145
87 152
87 159
87 163
87 185
87 188
87 190
87 199
87 226
87 286
87 288
87 302
87 313
87 344
87 380
87 392
87 398
88 103
88 104
88 108
88 115
88 136
88 138
88 139
88 140
88 147
88 162
88 175
88 179
88 206
88 208
88 229
88 241
88 266
88 292
88 295
88 352
88 358
88 395
88 399
89 95
89 96
89 100
89 101
89 104
89 115
89 123
89 128
89 138
89 165
89 167
89 195
89 197
89 199
89 207
89 209
89 214
89 230
89 237
89 253
89 263
89 264
89 270
89 298
89 300
89 307
89 360
90 94
90 148
90 152
90 176
90 200
90 209
90 237
90 264
90 280
90 312
90 320
90 346
90 192
91 98
91 110
91 145
91 168
91 178
91 227
91 251
91 257
91 272
91 280
91 297
91 366
91 394
92 98
92 148
92 156
92 160
92 207
92 211
92 212
92 224
92 243
92 244
92 264
92 265
92 274
92 286
92 323
92 331
92 361
93 95
93 121
93 126
93 157
93 165
93 176
93 178
93 190
93 255
93 274
93 293
94 101
94 124
94 159
94 220
94 266
95 115
95 117
95 143
95 169
95 170
95 175
95 188
95 201
95 221
95 223
95 257
95 267
95 272
95 283
95 298
95 351
95 204
96 101
96 118
96 124
96 125
96 132
96 165
96 172
96 194
96 263
96 277
96 309
96 313
96 325
97 111
97 113
97 114
97 123
97 128
97 158
97 174
97 180
97 188
97 191
97 192
97 204
97 242
97 260
97 261
97 287
97 288
97 324
97 332
97 337
97 344
97 357
97 396
98 112
98 113
98 176
98 239
98 254
98 284
98 305
98 328
98 343
98 362
98 374
99 133
99 154
99 176
99 179
99 180
99 191
99 228
99 240
99 265
99 294
99 315
99 325
99 359
99 380
99 387
99 391
99 155
100 102
100 120
100 130
100 135
100 143
100 146
100 172
100 184
100 192
100 250
100 267
100 364
101 103
101 108
101 120
101 135
101 137
101 144
101 145
101 155
101 162
101 186
101 189
101 191
101 204
101 205
101 247
101 251
101 257
101 258
101 273
101 344
101 390
102 112
102 136
102 180
102 232
102 354
102 392
102 346
103 104
103 108
103 111
103 120
103 126
103 127
103 128
103 143
103 147
103 165
103 168
103 169
103 194
103 207
103 209
103 216
103 226
103 230
103 236
103 248
103 254
103 264
103 386
103 394
104 133
104 160
104 161
104 165
104 178
104 207
104 221
104 267
104 269
104 304
105 108
105 110
105 111
105 122
105 131
105 146
105 161
105 178
105 205
105 208
105 215
105 281
105 282
105 285
105 310
105 339
105 351
105 371
105 372
105 388
106 121
106 152
106 157
106 159
106 198
106 210
106 218
106 259
106 275
106 325
106 330
106 333
106 334
106 343
106 363
106 365
106 379
106 201
107 122
107 141
107 147
107 176
107 188
107 193
107 286
107 356
107 366
107 322
107 376
108 121
108 125
108 142
108 151
108 162
108 177
108 241
108 247
108 289
108 292
108 317
108 341
108 376
108 255
109 117
109 136
109 138
109 151
109 167
109 224
109 230
109 314
109 373
109 391
110 116
110 121
110 158
110 159
110 166
110 172
110 180
110 194
110 225
110 233
110 249
110 271
110 276
110 281
110 288
110 294
110 373
110 382
111 130
111 158
111 206
111 240
111 242
111 252
111 260
111 283
111 324
111 332
111 335
111 346
111 361
112 116
112 124
112 127
112 135
112 226
112 310
112 348
112 381
112 382
113 117
113 135
113 141
113 236
113 265
113 273
113 277
113 281
113 294
114 136
114 156
114 157
114 173
114 176
114 185
114 190
114 203
114 318
114 381
115 139
115 169
115 174
115 177
115 198
115 204
115 206
115 232
115 240
115 252
115 288
115 307
115 315
115 318
115 337
115 341
115 378
115 382
116 141
116 205
116 212
116 217
116 249
116 255
116 287
116 366
117 139
117 199
117 204
117 218
117 220
117 253
117 284
117 290
117 295
117 355
117 369
118 139
118 220
118 225
118 237
118 240
118 241
118 248
118 280
118 289
118 355
118 376
118 249
119 199
119 222
119 236
119 248
119 269
119 301
119 324
119 340
119 357
119 362
119 377
119 393
119 314
120 134
120 170
120 177
120 180
120 198
120 205
120 228
120 271
120 278
120 288
120 290
120 306
120 308
120 327
120 329
120 331
120 342
120 362
120 363
120 390
121 130
121 145
121 166
121 167
121 185
121 186
121 194
121 229
121 264
121 304
121 345
121 351
121 383
121 398
122 140
122 245
122 297
122 318
122 368
123 124
123 137
123 181
123 184
123 185
123 188
123 202
123 223
123 224
123 251
123 268
123 327
123 332
123 343
123 365
123 369
124 126
124 150
124 153
124 196
124 218
124 241
124 282
124 297
124 330
124 357
124 365
124 377
124 391
124 393
125 127
125 134
125 142
125 174
125 191
125 194
125 239
125 271
125 287
125 323
125 345
125 375
125 378
125 380
125 397
126 127
126 153
126 198
126 235
126 284
126 371
126 386
126 181
127 132
127 133
127 140
127 173
127 189
127 195
127 220
127 225
127 235
127 250
127 251
127 252
127 275
127 277
127 301
127 321
127 322
127 342
127 344
127 356
127 387
128 145
128 147
128 153
128 154
128 159
128 163
128 164
128 168
128 176
128 216
128 233
128 260
128 302
128 315
128 319
128 333
128 342
128 349
128 366
128 372
128 380
129 131
129 136
129 143
129 158
129 164
129 181
129 187
129 188
129 203
129 210
129 213
129 237
129 249
129 250
129 265
129 291
129 326
129 367
129 375
129 377
130 140
130 156
130 165
130 183
130 195
130 200
130 202
130 210
130 236
130 251
130 259
130 267
130 268
130 281
130 286
130 302
130 309
130 312
130 320
130 349
130 366
130 369
130 372
130 382
130 397
130 238
131 147
131 154
131 174
131 192
131 215
131 217
131 250
131 315
131 319
131 322
131 324
131 392
131 213
132 166
132 181
132 208
132 217
132 230
132 240
132 257
132 261
132 275
132 296
132 311
132 315
133 139
133 146
133 147
133 191
133 207
133 210
133 228
133 255
133 279
133 346
133 365
133 393
133 171
134 137
134 141
134 159
134 160
134 197
134 217
134 227
134 268
134 287
134 317
134 346
134 347
134 349
134 372
134 387
135 141
135 149
135 150
135 153
135 162
135 173
135 182
135 214
135 236
135 243
135 246
135 283
135 297
135 301
135 326
135 327
135 345
136 160
136 199
136 220
136 226
136 230
136 274
136 282
136 290
136 293
136 338
136 362
136 381
136 398
137 142
137 147
137 180
137 200
137 203
137 220
137 222
137 230
137 308
137 321
137 330
137 349
137 396
138 147
138 148
138 160
138 175
138 182
138 205
138 206
138 227
138 231
138 255
138 257
138 301
138 328
138 338
138 340
138 373
138 384
138 272
139 146
139 175
139 189
139 190
139 191
139 194
139 198
139 226
139 255
139 291
139 310
139 332
139 354
139 352
140 171
140 193
140 211
140 248
140 256
140 262
140 268
140 285
140 311
140 357
140 397
141 158
141 164
141 189
141 201
141 204
141 218
141 224
141 257
141 271
141 292
141 300
141 305
141 341
141 356
141 363
141 147
141 312
142 172
142 182
142 276
142 321
142 359
142 395
143 149
143 150
143 153
143 156
143 170
143 181
143 215
143 218
143 229
143 244
143 251
143 259
143 282
143 283
143 315
143 355
143 357
143 367
144 146
144 155
144 163
144 174
144 252
144 385
144 394
144 387
145 275
145 305
145 356
145 393
146 150
146 171
146 205
146 233
146 236
146 241
146 273
146 277
146 295
146 296
146 385
146 394
147 150
147 227
147 281
147 306
147 338
147 346
147 353
147 379
147 381
148 149
148 158
148 165
148 185
148 212
148 238
148 269
148 283
148 288
148 299
148 345
148 357
148 388
148 394
149 208
149 225
149 228
149 237
149 258
149 351
149 383
150 172
150 187
150 222
150 228
150 258
151 165
151 191
151 206
151 236
151 267
151 317
151 320
151 367
152 157
152 179
152 186
152 196
152 248
152 253
152 258
152 269
152 276
152 277
152 306
152 312
152 329
152 377
152 388
153 154
153 158
153 165
153 173
153 196
153 197
153 200
153 249
153 250
153 281
153 293
153 295
153 304
153 352
153 353
153 372
153 387
153 195
154 166
154 189
154 215
154 217
154 229
154 237
154 287
154 296
154 397
154 168
155 187
155 217
155 253
155 264
155 281
156 215
156 241
156 340
156 349
156 361
156 388
157 158
157 176
157 184
157 224
157 234
157 326
157 335
157 336
157 338
157 358
158 206
158 213
158 247
158 262
158 267
158 389
159 160
159 180
159 181
159 228
159 333
159 353
159 356
159 375
160 167
160 234
160 242
160 243
160 252
160 301
160 337
160 384
160 389
161 170
161 171
161 177
161 195
161 208
161 215
161 227
161 228
161 231
161 262
161 270
161 300
161 344
161 392
162 173
162 183
162 194
162 293
162 305
162 316
162 330
162 362
162 171
163 169
163 177
163 202
163 263
163 327
163 334
163 361
164 217
164 219
164 220
164 230
164 241
164 267
164 286
164 291
164 308
164 328
164 338
164 350
164 395
165 185
165 190
165 208
165 247
165 250
165 278
165 299
165 312
165 314
165 334
165 337
165 357
165 358
165 379
166 179
166 181
166 201
166 212
166 227
166 313
166 368
166 349
167 188
167 194
167 207
167 324
167 366
168 227
168 275
168 277
168 286
168 295
168 331
168 345
168 360
168 370
169 190
169 201
169 209
169 228
169 266
169 310
170 190
170 196
170 198
170 226
170 231
170 244
170 277
170 278
170 393
171 185
171 195
171 217
171 234
171 239
171 300
171 308
171 335
172 194
172 222
172 256
172 304
172 374
173 218
173 237
173 257
173 268
173 283
173 284
173 323
173 333
173 358
174 178
174 180
174 195
174 197
174 207
174 218
174 219
174 226
174 231
174 247
174 367
175 184
175 207
175 251
175 254
175 255
175 367
176 192
176 202
176 225
176 242
176 263
176 276
176 290
176 291
176 294
176 309
176 315
176 329
176 345
176 351
176 363
177 179
177 198
177 209
177 238
177 261
177 285
177 358
177 399
178 182
178 184
178 186
178 189
178 195
178 209
178 257
178 301
179 203
179 212
179 252
179 279
179 312
179 365
180 182
180 188
180 192
180 202
180 229
180 304
180 306
181 220
181 235
181 250
181 300
181 336
182 206
182 234
182 274
182 306
182 358
182 369
182 376
182 384
183 194
183 206
183 224
183 241
183 258
183 265
183 300
183 304
183 342
183 343
183 372
183 383
184 216
184 223
184 251
184 277
184 286
184 291
184 306
184 332
184 339
184 349
184 351
184 354
184 387
185 187
185 214
185 219
185 221
185 234
185 247
185 256
185 265
185 271
185 282
185 290
185 291
185 299
185 312
185 331
185 391
186 192
186 239
186 242
186 248
186 272
186 291
186 294
186 311
186 319
186 372
186 376
186 382
186 394
187 189
187 208
187 236
187 240
187 289
187 322
187 330
187 359
187 387
187 396
188 204
188 223
188 269
188 302
188 318
188 367
189 210
189 211
189 214
189 221
189 236
189 275
189 288
189 346
189 364
190 232
190 255
190 256
190 312
190 324
191 195
191 231
191 248
191 287
191 314
191 323
191 330
191 362
191 365
191 371
191 242
192 193
192 249
192 270
192 286
192 312
192 343
192 366
192 399
193 213
193 229
193 238
193 250
193 252
193 256
193 289
193 331
193 335
193 347
193 397
194 197
194 204
194 206
194 211
194 293
194 304
194 343
194 347
194 360
194 307
195 238
195 270
195 278
195 291
195 335
195 363
196 208
196 243
196 245
196 293
196 323
196 326
196 347
196 391
197 228
197 236
198 298
198 311
198 329
198 390
199 288
199 311
199 377
199 378
200 207
200 220
200 229
200 241
200 272
200 295
200 304
200 318
200 329
200 337
200 348
200 360
201 213
201 226
201 245
201 261
201 296
201 321
201 322
201 333
201 334
201 354
201 355
201 359
201 391
202 211
202 212
202 299
202 305
202 309
202 316
202 355
202 306
203 206
203 254
203 283
203 355
203 367
203 370
203 382
203 388
203 390
204 286
204 363
204 369
205 296
205 303
205 317
205 340
205 389
206 209
206 239
206 276
206 371
206 210
207 210
207 294
207 295
207 332
207 360
208 217
208 242
208 255
208 272
208 307
208 374
209 210
209 216
209 235
209 244
209 328
209 345
209 366
209 379
209 399
210 234
210 245
210 351
210 395
211 228
211 247
211 263
211 289
211 299
211 303
211 314
211 344
211 385
211 395
212 259
212 285
212 328
212 334
212 374
212 378
212 395
213 236
213 242
213 262
213 289
213 300
213 357
213 358
213 389
214 233
214 241
214 248
214 261
214 317
214 326
215 253
215 270
215 276
215 287
215 292
215 329
215 341
215 347
215 358
215 360
215 378
215 395
216 232
216 233
216 240
216 321
217 223
218 233
218 238
218 272
218 303
218 307
218 311
218 340
218 344
218 352
218 361
218 369
219 233
219 246
219 260
219 265
219 269
219 271
219 277
219 279
219 320
219 322
219 387
220 285
220 286
220 302
220 309
220 352
221 223
221 274
221 282
221 323
221 350
222 238
222 244
222 259
222 261
222 306
222 357
222 387
222 304
223 225
223 266
223 292
223 305
223 307
223 366
224 249
224 316
224 343
224 397
225 246
225 285
225 303
225 314
225 387
225 316
226 230
226 313
226 315
227 237
227 247
227 252
227 283
227 369
227 377
228 283
228 298
229 230
229 317
229 353
229 362
230 284
230 293
230 325
230 327
230 344
230 362
230 384
231 268
232 251
232 274
232 311
233 235
233 279
233 325
233 392
233 300
234 276
234 337
234 342
235 370
235 275
236 303
236 329
236 359
236 377
236 269
237 254
237 258
237 268
237 275
237 297
237 301
237 304
237 314
237 325
237 381
237 383
238 301
238 346
238 356
238 389
239 292
239 311
240 267
240 272
240 274
240 290
240 298
240 305
240 322
240 332
240 339
240 351
240 354
240 368
240 386
241 291
241 327
241 333
241 363
241 366
242 243
242 261
242 263
242 273
242 290
242 335
242 342
242 348
242 379
242 381
242 396
243 244
243 291
243 346
243 350
243 376
243 390
244 260
244 266
244 278
244 294
244 323
244 398
244 399
245 247
245 293
245 294
245 375
246 249
246 293
246 338
246 343
246 370
247 256
247 303
247 351
247 374
248 250
248 259
248 266
248 316
248 318
248 331
248 345
248 392
249 253
249 267
250 260
250 262
250 354
250 386
251 304
251 325
251 332
251 383
252 334
253 342
253 363
254 330
254 335
254 339
254 350
254 355
254 382
254 386
255 256
255 322
256 309
256 348
257 294
257 339
257 363
258 275
258 329
258 336
258 362
258 266
259 328
259 340
259 376
260 279
260 290
261 293
261 319
261 321
261 326
261 374
261 393
261 305
262 353
262 394
262 263
263 279
263 301
263 302
263 384
264 270
264 280
264 336
264 347
265 308
265 309
265 340
266 269
266 298
266 337
266 349
266 396
267 285
267 289
267 312
267 328
267 331
267 335
267 378
267 381
268 278
268 292
268 313
268 318
268 347
268 374
269 295
269 304
269 306
269 308
269 319
269 339
269 352
269 359
270 326
270 341
270 389
271 283
271 306
271 321
271 380
271 382
271 386
271 399
271 371
272 280
272 289
272 292
272 358
272 385
273 286
273 313
273 325
273 326
273 351
273 352
273 379
275 327
275 368
275 381
276 299
276 329
276 341
276 351
276 369
276 382
277 390
278 308
278 317
278 331
278 399
279 339
280 344
281 332
281 338
281 357
283 294
283 303
284 293
284 359
284 369
285 291
285 300
285 327
285 333
285 373
286 325
286 355
287 314
287 318
287 324
287 336
287 337
287 364
287 333
287 344
288 297
288 300
288 317
288 346
288 385
290 302
290 310
290 332
290 373
291 306
291 340
292 295
292 324
292 380
293 341
293 393
294 309
294 318
294 392
294 354
295 302
295 354
295 363
295 384
296 336
296 371
297 311
297 326
297 370
298 316
298 330
298 334
298 362
298 378
298 393
298 374
299 367
300 319
300 322
300 368
301 364
301 390
302 321
302 323
303 332
303 333
303 351
304 329
305 360
306 371
307 319
307 320
307 355
307 374
307 388
308 371
309 321
310 326
311 326
311 339
311 367
312 389
313 363
314 323
314 377
314 378
314 383
314 396
315 320
316 321
316 339
316 349
317 378
317 397
318 324
318 346
319 388
320 349
321 354
323 357
323 359
323 390
325 359
326 392
327 396
327 389
328 379
329 349
330 342
330 365
330 371
330 379
330 381
331 333
331 386
332 347
332 388
333 375
337 391
339 368
340 356
341 388
343 389
343 398
344 354
346 397
347 381
347 388
348 368
348 374
349 364
349 371
355 396
356 373
357 377
357 395
358 390
358 398
361 363
361 386
362 365
365 398
366 396
367 375
367 376
370 388
371 385
371 396
372 393
373 399
375 391
377 394
380 397
381 386
381 398
382 398
383 391