870644306
18
400
7227
0 18
0 19
0 20
0 21
0 22
0 23
0 25
0 26
0 27
0 28
0 29
0 30
0 33
0 34
0 35
0 37
0 38
0 40
0 43
0 48
0 49
0 50
0 52
0 53
0 54
0 55
0 60
0 63
0 67
0 72
0 73
0 80
0 85
0 92
0 95
0 96
0 98
0 101
0 104
0 108
0 114
0 121
0 123
0 129
0 141
0 143
0 144
0 148
0 150
0 159
0 166
0 181
0 213
0 220
0 223
0 226
0 234
0 280
0 319
0 324
0 331
0 341
0 342
0 347
0 356
0 380
0 385
0 391
0 392
0 369
0 313
1 18
1 20
1 21
1 24
1 25
1 26
1 55
1 62
1 68
1 74
1 86
1 93
1 123
1 124
1 129
1 133
1 151
1 162
1 165
1 166
1 170
1 177
1 182
1 208
1 220
1 222
1 254
1 261
1 285
1 291
1 303
1 355
1 368
2 18
2 19
2 20
2 24
2 25
2 27
2 29
2 30
2 38
2 39
2 40
2 41
2 49
2 53
2 59
2 61
2 80
2 81
2 100
2 139
2 174
2 188
2 206
2 244
2 275
2 309
2 329
2 332
2 333
2 366
2 385
3 18
3 19
3 20
3 21
3 22
3 23
3 25
3 32
3 36
3 39
3 40
3 43
3 54
3 69
3 76
3 78
3 85
3 103
3 104
3 109
3 112
3 165
3 168
3 189
3 221
3 224
3 233
3 264
3 268
3 296
3 329
3 396
3 12
4 18
4 19
4 20
4 22
4 23
4 26
4 29
4 32
4 34
4 38
4 43
4 45
4 48
4 51
4 53
4 58
4 59
4 60
4 66
4 68
4 72
4 76
4 80
4 85
4 90
4 93
4 95
4 100
4 105
4 108
4 124
4 140
4 146
4 152
4 156
4 158
4 166
4 168
4 177
4 178
4 181
4 188
4 198
4 223
4 238
4 271
4 276
4 292
4 295
4 297
4 311
4 320
4 339
4 340
4 349
4 350
4 353
4 362
4 382
4 389
4 394
4 148
5 18
5 19
5 20
5 21
5 22
5 23
5 24
5 26
5 27
5 28
5 29
5 30
5 31
5 33
5 36
5 37
5 38
5 46
5 47
5 55
5 56
5 57
5 60
5 64
5 65
5 66
5 69
5 73
5 74
5 75
5 78
5 79
5 85
5 93
5 96
5 97
5 108
5 119
5 138
5 139
5 147
5 156
5 179
5 180
5 207
5 211
5 222
5 241
5 243
5 244
5 245
5 248
5 255
5 259
5 273
5 275
5 277
5 279
5 292
5 306
5 326
5 346
5 354
5 363
5 378
5 379
5 124
5 14
5 168
6 18
6 19
6 20
6 21
6 27
6 28
6 29
6 33
6 51
6 64
6 65
6 69
6 83
6 86
6 87
6 92
6 124
6 139
6 143
6 169
6 176
6 192
6 222
6 234
6 253
6 269
6 319
6 330
6 369
6 384
6 267
6 42
7 18
7 19
7 20
7 21
7 22
7 23
7 24
7 26
7 28
7 31
7 32
7 33
7 34
7 36
7 40
7 41
7 45
7 46
7 51
7 52
7 55
7 56
7 59
7 63
7 65
7 66
7 69
7 79
7 82
7 85
7 88
7 92
7 101
7 103
7 112
7 124
7 127
7 132
7 137
7 140
7 141
7 145
7 180
7 198
7 199
7 206
7 217
7 242
7 261
7 276
7 277
7 280
7 285
7 303
7 309
7 316
7 318
7 326
7 335
7 336
7 340
7 361
7 366
7 381
7 388
7 393
7 397
7 94
7 119
8 18
8 19
8 20
8 21
8 22
8 23
8 24
8 25
8 26
8 27
8 31
8 32
8 33
8 34
8 37
8 38
8 39
8 40
8 47
8 49
8 52
8 54
8 59
8 65
8 70
8 71
8 80
8 92
8 104
8 108
8 125
8 134
8 154
8 157
8 164
8 166
8 183
8 186
8 193
8 194
8 217
8 218
8 225
8 232
8 236
8 239
8 247
8 248
8 249
8 251
8 260
8 266
8 277
8 282
8 287
8 295
8 330
8 337
8 352
8 354
8 369
8 376
8 384
8 230
9 18
9 19
9 21
9 22
9 23
9 24
9 25
9 27
9 30
9 32
9 35
9 37
9 38
9 41
9 43
9 48
9 50
9 53
9 61
9 63
9 70
9 73
9 77
9 81
9 91
9 99
9 108
9 115
9 123
9 124
9 129
9 131
9 134
9 142
9 158
9 176
9 194
9 202
9 217
9 224
9 227
9 240
9 250
9 252
9 257
9 260
9 292
9 293
9 304
9 305
9 340
9 376
9 393
9 220
10 18
10 19
10 21
10 22
10 24
10 26
10 28
10 29
10 32
10 38
10 40
10 43
10 47
10 48
10 51
10 59
10 61
10 65
10 66
10 70
10 72
10 73
10 77
10 86
10 89
10 98
10 102
10 103
10 107
10 120
10 124
10 126
10 127
10 131
10 145
10 172
10 178
10 187
10 207
10 224
10 228
10 258
10 275
10 286
10 303
10 356
10 370
10 378
10 379
10 381
10 247
11 18
11 19
11 20
11 21
11 22
11 23
11 25
11 26
11 27
11 28
11 30
11 31
11 32
11 35
11 38
11 39
11 46
11 54
11 62
11 64
11 66
11 75
11 93
11 95
11 97
11 100
11 108
11 111
11 113
11 116
11 133
11 134
11 137
11 146
11 159
11 173
11 174
11 178
11 179
11 186
11 201
11 204
11 205
11 207
11 215
11 243
11 254
11 265
11 277
11 290
11 292
11 312
11 314
11 325
11 333
11 337
11 362
11 373
11 383
11 388
11 390
11 391
11 392
11 394
11 397
11 43
11 148
12 18
12 19
12 20
12 21
12 22
12 23
12 24
12 25
12 26
12 27
12 28
12 29
12 38
12 41
12 43
12 45
12 47
12 54
12 56
12 61
12 84
12 91
12 100
12 102
12 103
12 105
12 123
12 124
12 141
12 144
12 151
12 158
12 170
12 191
12 198
12 199
12 205
12 209
12 210
12 214
12 216
12 221
12 223
12 239
12 261
12 276
12 280
12 288
12 290
12 291
12 301
12 303
12 307
12 310
12 318
12 325
12 326
12 328
12 344
12 345
12 346
12 347
12 359
12 362
12 152
12 81
12 298
12 387
12 398
13 18
13 19
13 20
13 21
13 22
13 23
13 24
13 25
13 27
13 29
13 31
13 33
13 36
13 45
13 49
13 50
13 52
13 56
13 60
13 68
13 78
13 83
13 84
13 85
13 94
13 96
13 105
13 106
13 107
13 108
13 121
13 145
13 146
13 154
13 162
13 163
13 169
13 173
13 174
13 177
13 187
13 188
13 202
13 209
13 210
13 212
13 225
13 227
13 239
13 270
13 271
13 272
13 279
13 284
13 289
13 298
13 304
13 333
13 336
13 345
13 362
13 381
13 386
13 389
13 396
13 376
13 64
13 229
14 18
14 19
14 20
14 23
14 25
14 28
14 34
14 35
14 36
14 37
14 42
14 45
14 47
14 59
14 61
14 67
14 68
14 69
14 74
14 81
14 82
14 83
14 87
14 88
14 90
14 93
14 101
14 104
14 107
14 117
14 119
14 123
14 132
14 135
14 153
14 163
14 167
14 172
14 183
14 188
14 199
14 206
14 254
14 283
14 288
14 303
14 307
14 313
14 320
14 344
14 346
14 348
14 349
14 381
14 392
14 399
14 60
14 91
15 18
15 19
15 20
15 21
15 22
15 24
15 27
15 29
15 31
15 33
15 35
15 36
15 39
15 40
15 42
15 44
15 49
15 53
15 55
15 68
15 75
15 78
15 80
15 86
15 105
15 106
15 123
15 129
15 141
15 161
15 169
15 179
15 193
15 201
15 206
15 230
15 235
15 251
15 258
15 285
15 302
15 328
15 338
15 342
15 348
15 351
15 363
15 368
15 387
15 392
15 185
15 92
16 18
16 19
16 20
16 21
16 22
16 23
16 24
16 27
16 28
16 30
16 32
16 34
16 35
16 38
16 39
16 50
16 57
16 68
16 72
16 75
16 78
16 80
16 86
16 95
16 97
16 98
16 99
16 101
16 105
16 113
16 114
16 136
16 145
16 154
16 165
16 172
16 175
16 177
16 181
16 185
16 202
16 220
16 229
16 254
16 256
16 265
16 274
16 275
16 283
16 305
16 329
16 334
16 354
16 356
16 360
16 371
16 378
16 379
16 385
16 395
16 51
16 102
16 124
17 18
17 19
17 20
17 21
17 22
17 23
17 24
17 25
17 26
17 30
17 32
17 34
17 35
17 37
17 40
17 41
17 46
17 47
17 55
17 62
17 68
17 75
17 77
17 82
17 83
17 99
17 109
17 120
17 125
17 133
17 135
17 155
17 165
17 167
17 180
17 195
17 204
17 218
17 261
17 301
17 347
17 354
17 356
17 360
17 375
17 378
17 392
17 393
17 277
17 38
18 19
18 20
18 21
18 22
18 23
18 24
18 25
18 26
18 27
18 28
18 29
18 30
18 31
18 32
18 33
18 34
18 35
18 36
18 37
18 38
18 39
18 41
18 42
18 43
18 44
18 49
18 50
18 53
18 54
18 56
18 59
18 61
18 63
18 64
18 68
18 70
18 71
18 73
18 75
18 77
18 84
18 87
18 91
18 97
18 99
18 100
18 102
18 103
18 104
18 105
18 106
18 107
18 109
18 113
18 115
18 117
18 125
18 130
18 153
18 160
18 165
18 166
18 168
18 169
18 170
18 171
18 178
18 179
18 181
18 185
18 188
18 190
18 193
18 207
18 211
18 212
18 213
18 214
18 216
18 217
18 219
18 224
18 228
18 230
18 232
18 233
18 236
18 238
18 243
18 246
18 248
18 250
18 251
18 256
18 259
18 260
18 269
18 271
18 277
18 279
18 280
18 283
18 297
18 305
18 306
18 307
18 311
18 319
18 324
18 328
18 331
18 334
18 335
18 336
18 340
18 344
18 350
18 354
18 355
18 358
18 361
18 367
18 377
18 379
18 386
18 390
18 398
18 126
18 176
18 391
19 20
19 21
19 22
19 23
19 24
19 25
19 26
19 27
19 29
19 30
19 31
19 32
19 33
19 34
19 35
19 36
19 37
19 38
19 40
19 41
19 42
19 43
19 44
19 45
19 46
19 47
19 48
19 49
19 51
19 55
19 56
19 57
19 59
19 61
19 62
19 63
19 66
19 70
19 71
19 72
19 73
19 75
19 76
19 77
19 78
19 81
19 82
19 86
19 87
19 90
19 99
19 103
19 111
19 112
19 114
19 115
19 116
19 118
19 122
19 126
19 128
19 130
19 138
19 139
19 143
19 146
19 147
19 149
19 152
19 156
19 159
19 164
19 167
19 177
19 178
19 188
19 196
19 206
19 209
19 213
19 217
19 226
19 231
19 236
19 237
19 239
19 242
19 244
19 245
19 246
19 249
19 255
19 263
19 270
19 271
19 282
19 285
19 288
19 295
19 296
19 312
19 316
19 317
19 318
19 319
19 322
19 331
19 332
19 337
19 339
19 342
19 344
19 348
19 355
19 357
19 358
19 373
19 389
19 395
19 338
20 21
20 22
20 23
20 24
20 25
20 26
20 27
20 28
20 29
20 30
20 31
20 33
20 34
20 35
20 37
20 38
20 39
20 40
20 41
20 42
20 44
20 45
20 46
20 49
20 50
20 52
20 53
20 54
20 56
20 57
20 59
20 62
20 64
20 65
20 66
20 67
20 70
20 71
20 74
20 79
20 80
20 81
20 83
20 85
20 86
20 89
20 91
20 94
20 95
20 96
20 98
20 99
20 101
20 104
20 109
20 110
20 111
20 114
20 116
20 117
20 118
20 121
20 123
20 124
20 129
20 132
20 135
20 137
20 139
20 140
20 142
20 143
20 144
20 150
20 152
20 160
20 167
20 171
20 186
20 187
20 189
20 200
20 201
20 202
20 209
20 210
20 212
20 213
20 215
20 216
20 226
20 228
20 229
20 235
20 238
20 248
20 252
20 254
20 257
20 258
20 268
20 271
20 272
20 278
20 279
20 281
20 282
20 283
20 286
20 287
20 289
20 300
20 303
20 335
20 358
20 361
20 372
20 376
20 380
20 382
20 384
20 387
20 393
20 399
20 306
20 365
20 397
21 22
21 23
21 24
21 25
21 26
21 27
21 28
21 29
21 30
21 31
21 32
21 34
21 35
21 36
21 39
21 43
21 44
21 45
21 46
21 47
21 48
21 52
21 53
21 54
21 58
21 60
21 63
21 67
21 70
21 79
21 80
21 82
21 108
21 114
21 123
21 126
21 127
21 128
21 136
21 141
21 143
21 145
21 147
21 150
21 152
21 156
21 171
21 178
21 179
21 182
21 185
21 193
21 195
21 196
21 203
21 204
21 213
21 220
21 230
21 232
21 233
21 234
21 248
21 252
21 262
21 266
21 286
21 292
21 293
21 310
21 314
21 321
21 328
21 338
21 349
21 374
21 375
21 382
21 387
21 388
21 391
21 101
22 23
22 24
22 25
22 26
22 28
22 29
22 30
22 31
22 34
22 35
22 36
22 37
22 38
22 41
22 42
22 43
22 44
22 48
22 49
22 50
22 51
22 54
22 55
22 57
22 60
22 62
22 66
22 68
22 75
22 77
22 85
22 87
22 90
22 98
22 99
22 100
22 104
22 106
22 107
22 110
22 114
22 119
22 122
22 125
22 127
22 130
22 133
22 134
22 138
22 141
22 143
22 144
22 145
22 146
22 152
22 157
22 158
22 173
22 175
22 178
22 189
22 192
22 193
22 196
22 198
22 205
22 210
22 211
22 218
22 220
22 221
22 222
22 242
22 243
22 251
22 254
22 258
22 266
22 275
22 277
22 280
22 281
22 283
22 288
22 298
22 299
22 303
22 304
22 312
22 316
22 326
22 332
22 336
22 342
22 343
22 344
22 353
22 356
22 363
22 364
22 378
22 379
22 394
22 33
22 213
22 302
22 322
22 351
23 24
23 25
23 26
23 27
23 28
23 29
23 30
23 31
23 32
23 33
23 34
23 35
23 37
23 40
23 41
23 42
23 43
23 44
23 48
23 49
23 50
23 52
23 53
23 56
23 57
23 58
23 59
23 60
23 64
23 69
23 70
23 71
23 73
23 76
23 80
23 81
23 84
23 86
23 88
23 91
23 93
23 94
23 95
23 106
23 108
23 110
23 112
23 113
23 116
23 121
23 124
23 127
23 129
23 139
23 144
23 145
23 153
23 157
23 162
23 163
23 166
23 182
23 194
23 197
23 208
23 213
23 217
23 220
23 228
23 233
23 240
23 242
23 261
23 286
23 287
23 302
23 312
23 314
23 318
23 345
23 346
23 356
23 357
23 365
23 379
23 380
23 382
23 390
23 397
23 235
23 178
23 230
24 25
24 26
24 27
24 28
24 29
24 30
24 31
24 32
24 33
24 34
24 35
24 36
24 37
24 38
24 42
24 44
24 47
24 49
24 51
24 56
24 63
24 65
24 84
24 85
24 86
24 89
24 96
24 97
24 103
24 104
24 112
24 114
24 115
24 117
24 118
24 138
24 141
24 142
24 144
24 149
24 153
24 161
24 164
24 165
24 166
24 174
24 175
24 180
24 182
24 186
24 199
24 213
24 215
24 225
24 230
24 239
24 241
24 243
24 249
24 277
24 278
24 281
24 284
24 288
24 294
24 299
24 304
24 312
24 317
24 325
24 326
24 330
24 333
24 348
24 360
24 367
24 381
24 385
24 399
24 94
25 26
25 27
25 28
25 29
25 30
25 31
25 32
25 33
25 35
25 36
25 37
25 38
25 42
25 44
25 45
25 47
25 48
25 49
25 50
25 52
25 53
25 54
25 57
25 59
25 60
25 61
25 64
25 65
25 67
25 68
25 69
25 71
25 72
25 74
25 76
25 79
25 82
25 88
25 92
25 93
25 95
25 100
25 101
25 102
25 104
25 114
25 115
25 116
25 126
25 132
25 133
25 134
25 136
25 137
25 142
25 148
25 159
25 161
25 163
25 171
25 177
25 181
25 186
25 188
25 194
25 200
25 202
25 209
25 218
25 222
25 223
25 225
25 229
25 231
25 239
25 243
25 244
25 254
25 261
25 262
25 274
25 281
25 283
25 286
25 297
25 300
25 307
25 310
25 313
25 315
25 324
25 329
25 335
25 338
25 341
25 355
25 363
25 364
25 374
25 390
25 398
25 191
25 96
25 196
25 205
25 292
25 395
26 28
26 30
26 32
26 33
26 34
26 37
26 39
26 42
26 43
26 45
26 46
26 51
26 52
26 53
26 57
26 58
26 59
26 60
26 61
26 63
26 65
26 69
26 70
26 71
26 74
26 79
26 92
26 93
26 98
26 102
26 103
26 105
26 108
26 118
26 122
26 125
26 128
26 139
26 142
26 146
26 149
26 151
26 156
26 164
26 174
26 178
26 182
26 188
26 189
26 194
26 197
26 201
26 208
26 210
26 217
26 220
26 229
26 231
26 233
26 235
26 249
26 253
26 258
26 259
26 260
26 265
26 267
26 270
26 281
26 286
26 288
26 289
26 290
26 307
26 311
26 313
26 332
26 333
26 337
26 341
26 343
26 350
26 369
26 372
26 376
26 379
26 380
26 386
26 316
26 116
27 28
27 29
27 30
27 31
27 32
27 39
27 40
27 41
27 42
27 44
27 45
27 50
27 52
27 57
27 58
27 63
27 64
27 65
27 66
27 68
27 70
27 79
27 83
27 84
27 89
27 90
27 91
27 94
27 109
27 111
27 116
27 117
27 118
27 119
27 123
27 124
27 126
27 127
27 130
27 145
27 148
27 153
27 157
27 158
27 173
27 185
27 189
27 190
27 196
27 213
27 221
27 223
27 227
27 237
27 242
27 252
27 261
27 268
27 276
27 278
27 287
27 291
27 294
27 296
27 301
27 304
27 308
27 320
27 322
27 323
27 327
27 332
27 338
27 342
27 345
27 360
27 367
27 368
27 371
27 374
27 381
27 386
27 394
27 399
27 395
27 99
27 184
27 235
27 335
27 366
28 30
28 31
28 32
28 33
28 34
28 38
28 41
28 43
28 44
28 45
28 46
28 47
28 49
28 50
28 51
28 62
28 66
28 69
28 70
28 74
28 76
28 84
28 85
28 90
28 91
28 95
28 98
28 107
28 116
28 122
28 129
28 131
28 135
28 140
28 147
28 148
28 156
28 159
28 160
28 168
28 172
28 191
28 196
28 209
28 219
28 226
28 233
28 248
28 259
28 269
28 271
28 275
28 276
28 284
28 307
28 322
28 339
28 341
28 378
28 385
28 77
28 133
28 161
28 263
28 308
28 390
29 31
29 33
29 34
29 35
29 36
29 39
29 40
29 42
29 44
29 46
29 47
29 48
29 49
29 50
29 51
29 54
29 56
29 59
29 61
29 62
29 63
29 65
29 67
29 68
29 69
29 71
29 72
29 73
29 75
29 79
29 81
29 83
29 84
29 85
29 86
29 87
29 89
29 92
29 97
29 98
29 101
29 103
29 109
29 110
29 112
29 114
29 119
29 126
29 131
29 134
29 135
29 137
29 139
29 141
29 143
29 157
29 160
29 161
29 165
29 174
29 175
29 181
29 182
29 185
29 190
29 202
29 207
29 212
29 213
29 215
29 216
29 220
29 224
29 243
29 247
29 250
29 254
29 255
29 258
29 267
29 270
29 274
29 276
29 295
29 309
29 311
29 314
29 316
29 317
29 324
29 333
29 334
29 346
29 354
29 359
29 360
29 366
29 373
29 383
29 386
29 394
29 398
29 58
30 31
30 33
30 35
30 36
30 37
30 39
30 40
30 42
30 44
30 46
30 47
30 51
30 52
30 55
30 56
30 60
30 61
30 64
30 65
30 67
30 74
30 77
30 78
30 80
30 81
30 82
30 84
30 86
30 90
30 96
30 97
30 102
30 105
30 111
30 112
30 117
30 119
30 120
30 132
30 148
30 149
30 150
30 154
30 155
30 156
30 157
30 162
30 165
30 168
30 171
30 176
30 179
30 181
30 184
30 193
30 199
30 209
30 210
30 211
30 214
30 227
30 228
30 230
30 239
30 249
30 263
30 266
30 269
30 283
30 286
30 287
30 289
30 291
30 294
30 296
30 300
30 305
30 306
30 327
30 332
30 344
30 353
30 365
30 371
30 372
30 375
30 384
30 391
30 347
30 393
31 36
31 38
31 39
31 41
31 42
31 43
31 44
31 45
31 46
31 51
31 55
31 58
31 62
31 66
31 67
31 74
31 76
31 79
31 82
31 83
31 84
31 88
31 93
31 95
31 96
31 97
31 104
31 105
31 107
31 109
31 111
31 126
31 127
31 134
31 138
31 150
31 152
31 153
31 159
31 173
31 182
31 183
31 187
31 189
31 192
31 200
31 205
31 206
31 208
31 209
31 221
31 223
31 225
31 236
31 244
31 248
31 255
31 261
31 263
31 264
31 267
31 269
31 272
31 275
31 276
31 279
31 290
31 299
31 311
31 313
31 317
31 329
31 332
31 345
31 351
31 381
31 388
31 60
31 224
31 238
31 241
31 297
32 33
32 34
32 35
32 39
32 40
32 41
32 42
32 48
32 50
32 51
32 53
32 55
32 56
32 60
32 63
32 64
32 66
32 67
32 71
32 82
32 84
32 85
32 91
32 107
32 117
32 125
32 129
32 130
32 131
32 132
32 137
32 143
32 144
32 147
32 155
32 156
32 166
32 195
32 197
32 210
32 218
32 234
32 237
32 238
32 243
32 244
32 245
32 247
32 256
32 265
32 289
32 291
32 328
32 351
32 357
32 364
32 366
32 372
32 383
32 395
32 32
32 101
33 36
33 37
33 40
33 41
33 42
33 43
33 45
33 48
33 58
33 60
33 61
33 66
33 67
33 72
33 77
33 79
33 82
33 92
33 97
33 101
33 103
33 104
33 106
33 110
33 111
33 123
33 126
33 129
33 131
33 135
33 138
33 142
33 145
33 158
33 174
33 176
33 178
33 179
33 181
33 185
33 188
33 191
33 194
33 196
33 201
33 202
33 222
33 232
33 235
33 238
33 241
33 242
33 244
33 246
33 260
33 262
33 263
33 264
33 294
33 301
33 302
33 308
33 318
33 323
33 332
33 339
33 340
33 347
33 350
33 355
33 358
33 366
33 371
33 377
33 141
33 290
34 36
34 39
34 41
34 42
34 50
34 53
34 54
34 57
34 67
34 70
34 74
34 76
34 79
34 82
34 84
34 87
34 91
34 107
34 111
34 116
34 117
34 122
34 126
34 136
34 138
34 140
34 151
34 160
34 168
34 169
34 171
34 173
34 174
34 175
34 176
34 187
34 200
34 203
34 210
34 225
34 228
34 229
34 231
34 234
34 247
34 265
34 266
34 269
34 275
34 289
34 293
34 294
34 307
34 312
34 322
34 329
34 330
34 356
34 364
34 378
34 380
34 387
34 47
35 36
35 37
35 39
35 40
35 41
35 43
35 47
35 50
35 52
35 55
35 61
35 66
35 67
35 69
35 70
35 72
35 73
35 75
35 78
35 83
35 86
35 89
35 96
35 97
35 101
35 103
35 104
35 106
35 108
35 112
35 118
35 127
35 131
35 133
35 139
35 155
35 159
35 163
35 165
35 168
35 172
35 176
35 177
35 186
35 188
35 192
35 193
35 220
35 241
35 247
35 250
35 259
35 268
35 272
35 273
35 278
35 292
35 304
35 313
35 321
35 324
35 325
35 345
35 355
35 359
35 370
35 372
35 373
35 383
35 387
35 399
35 128
35 377
36 37
36 43
36 46
36 47
36 48
36 50
36 51
36 53
36 55
36 56
36 57
36 58
36 63
36 66
36 67
36 74
36 81
36 86
36 89
36 91
36 92
36 94
36 99
36 106
36 118
36 126
36 131
36 148
36 156
36 157
36 159
36 162
36 169
36 175
36 179
36 190
36 192
36 195
36 211
36 214
36 217
36 224
36 234
36 238
36 249
36 250
36 253
36 254
36 258
36 276
36 282
36 284
36 291
36 295
36 298
36 300
36 313
36 332
36 337
36 339
36 347
36 359
36 368
36 369
36 372
36 379
36 381
36 384
36 389
36 392
36 393
36 394
36 395
36 188
37 39
37 44
37 45
37 46
37 47
37 48
37 51
37 52
37 54
37 58
37 66
37 72
37 80
37 94
37 96
37 106
37 112
37 117
37 122
37 136
37 169
37 172
37 187
37 189
37 190
37 192
37 196
37 199
37 213
37 214
37 215
37 221
37 231
37 233
37 248
37 249
37 252
37 259
37 263
37 276
37 296
37 327
37 330
37 352
37 356
37 380
37 393
37 394
37 287
37 195
37 254
38 42
38 45
38 48
38 49
38 52
38 56
38 61
38 64
38 71
38 77
38 86
38 91
38 96
38 100
38 102
38 113
38 116
38 126
38 128
38 162
38 166
38 185
38 189
38 192
38 210
38 217
38 225
38 233
38 241
38 246
38 261
38 266
38 270
38 289
38 305
38 306
38 334
38 356
38 372
38 377
38 380
38 384
38 386
39 40
39 43
39 45
39 50
39 52
39 55
39 56
39 57
39 58
39 59
39 63
39 64
39 67
39 68
39 71
39 73
39 80
39 83
39 84
39 85
39 87
39 88
39 92
39 100
39 101
39 102
39 109
39 114
39 115
39 116
39 118
39 121
39 128
39 140
39 142
39 149
39 153
39 154
39 159
39 164
39 168
39 169
39 170
39 173
39 185
39 187
39 192
39 195
39 196
39 197
39 201
39 215
39 216
39 232
39 237
39 238
39 244
39 250
39 274
39 278
39 289
39 293
39 296
39 297
39 312
39 319
39 334
39 335
39 339
39 346
39 352
39 354
39 357
39 360
39 361
39 367
39 370
39 375
39 395
39 172
39 301
39 396
40 41
40 44
40 46
40 47
40 48
40 52
40 54
40 57
40 59
40 64
40 67
40 70
40 71
40 72
40 73
40 78
40 79
40 81
40 94
40 99
40 110
40 118
40 135
40 149
40 163
40 164
40 172
40 203
40 207
40 212
40 220
40 240
40 244
40 255
40 261
40 268
40 279
40 280
40 297
40 311
40 317
40 318
40 323
40 327
40 343
40 351
40 369
40 372
40 374
40 379
40 383
40 296
40 49
40 258
41 44
41 46
41 49
41 51
41 55
41 58
41 60
41 63
41 64
41 72
41 76
41 77
41 81
41 86
41 87
41 90
41 92
41 93
41 97
41 102
41 108
41 109
41 111
41 115
41 120
41 131
41 136
41 137
41 154
41 166
41 169
41 172
41 202
41 206
41 208
41 211
41 212
41 225
41 227
41 257
41 288
41 298
41 310
41 319
41 348
41 366
41 369
41 371
41 391
41 394
41 398
41 278
41 147
42 47
42 48
42 49
42 52
42 58
42 60
42 62
42 64
42 77
42 83
42 87
42 98
42 108
42 116
42 122
42 142
42 150
42 152
42 158
42 167
42 169
42 172
42 184
42 191
42 200
42 214
42 215
42 230
42 239
42 256
42 272
42 293
42 311
42 312
42 334
42 337
42 351
42 355
42 363
42 380
42 390
42 393
42 397
43 44
43 49
43 51
43 54
43 57
43 59
43 61
43 62
43 67
43 69
43 74
43 76
43 80
43 83
43 87
43 88
43 90
43 95
43 99
43 113
43 117
43 119
43 121
43 123
43 129
43 130
43 135
43 143
43 167
43 169
43 183
43 185
43 200
43 205
43 211
43 221
43 224
43 226
43 229
43 237
43 239
43 240
43 242
43 253
43 260
43 262
43 269
43 272
43 288
43 297
43 306
43 328
43 344
43 348
43 365
43 388
43 396
43 278
43 220
43 343
44 45
44 46
44 51
44 53
44 62
44 65
44 69
44 75
44 76
44 78
44 81
44 90
44 100
44 106
44 138
44 145
44 182
44 196
44 201
44 210
44 232
44 245
44 250
44 262
44 268
44 304
44 321
44 340
44 346
44 360
44 377
44 391
44 123
45 46
45 53
45 56
45 61
45 63
45 64
45 68
45 69
45 70
45 71
45 72
45 83
45 89
45 94
45 96
45 102
45 103
45 111
45 113
45 128
45 132
45 142
45 144
45 146
45 149
45 156
45 161
45 162
45 164
45 168
45 173
45 177
45 178
45 179
45 181
45 199
45 200
45 203
45 208
45 209
45 210
45 212
45 213
45 218
45 225
45 243
45 245
45 248
45 253
45 255
45 267
45 268
45 274
45 277
45 280
45 299
45 308
45 313
45 314
45 320
45 326
45 336
45 345
45 352
45 358
45 363
45 370
45 373
45 376
45 378
45 379
45 382
45 383
45 391
45 394
45 258
45 172
46 54
46 55
46 56
46 57
46 58
46 60
46 61
46 65
46 66
46 68
46 71
46 73
46 82
46 90
46 94
46 97
46 98
46 100
46 105
46 109
46 110
46 113
46 117
46 121
46 122
46 124
46 128
46 130
46 135
46 137
46 146
46 148
46 155
46 160
46 161
46 167
46 171
46 176
46 178
46 181
46 182
46 183
46 184
46 185
46 195
46 203
46 209
46 211
46 217
46 233
46 236
46 250
46 255
46 263
46 269
46 271
46 288
46 296
46 307
46 309
46 318
46 328
46 337
46 338
46 341
46 354
46 360
46 361
46 396
46 63
46 326
47 48
47 54
47 58
47 59
47 63
47 70
47 73
47 78
47 80
47 89
47 90
47 98
47 99
47 102
47 104
47 108
47 122
47 130
47 136
47 139
47 148
47 150
47 162
47 167
47 178
47 191
47 192
47 237
47 255
47 266
47 278
47 282
47 283
47 292
47 297
47 303
47 319
47 325
47 329
47 350
47 351
47 361
47 362
47 390
47 396
47 397
47 193
48 50
48 72
48 76
48 80
48 84
48 88
48 92
48 97
48 98
48 102
48 103
48 107
48 109
48 114
48 118
48 120
48 123
48 134
48 137
48 139
48 148
48 151
48 154
48 161
48 162
48 163
48 180
48 204
48 206
48 214
48 216
48 219
48 224
48 226
48 238
48 240
48 247
48 249
48 257
48 258
48 262
48 264
48 267
48 273
48 277
48 278
48 296
48 302
48 309
48 330
48 334
48 335
48 338
48 339
48 348
48 351
48 361
48 366
48 368
48 398
48 172
48 174
48 307
49 53
49 55
49 57
49 62
49 64
49 69
49 72
49 76
49 77
49 82
49 83
49 85
49 88
49 89
49 91
49 92
49 94
49 110
49 112
49 115
49 118
49 119
49 120
49 122
49 128
49 130
49 134
49 140
49 142
49 144
49 147
49 148
49 153
49 155
49 162
49 167
49 172
49 178
49 191
49 215
49 221
49 222
49 230
49 235
49 239
49 240
49 241
49 261
49 278
49 289
49 292
49 300
49 310
49 323
49 332
49 335
49 344
49 346
49 348
49 365
49 367
49 383
49 384
49 388
49 54
49 280
50 52
50 65
50 71
50 76
50 83
50 99
50 108
50 117
50 120
50 128
50 129
50 130
50 149
50 150
50 153
50 155
50 164
50 167
50 176
50 180
50 181
50 185
50 201
50 204
50 236
50 265
50 270
50 274
50 279
50 302
50 308
50 321
50 333
50 349
50 368
50 86
50 318
51 54
51 56
51 57
51 58
51 74
51 77
51 78
51 79
51 81
51 87
51 91
51 94
51 95
51 96
51 98
51 104
51 108
51 110
51 111
51 114
51 126
51 138
51 141
51 153
51 176
51 179
51 182
51 184
51 196
51 207
51 209
51 216
51 222
51 223
51 226
51 231
51 244
51 253
51 256
51 263
51 268
51 272
51 275
51 276
51 277
51 281
51 285
51 293
51 311
51 315
51 331
51 336
51 338
51 362
51 373
51 378
51 382
51 386
51 398
51 399
51 328
51 337
51 339
52 53
52 82
52 87
52 88
52 94
52 103
52 105
52 110
52 117
52 120
52 121
52 125
52 138
52 141
52 145
52 149
52 151
52 152
52 170
52 188
52 192
52 193
52 209
52 210
52 212
52 225
52 237
52 245
52 253
52 292
52 294
52 310
52 341
52 347
52 356
52 398
52 399
52 85
52 232
53 58
53 65
53 69
53 73
53 76
53 84
53 86
53 88
53 90
53 107
53 121
53 122
53 130
53 133
53 136
53 139
53 141
53 149
53 155
53 167
53 198
53 211
53 232
53 241
53 245
53 255
53 266
53 269
53 290
53 291
53 297
53 312
53 344
53 346
53 359
53 365
53 398
53 225
53 80
53 132
53 135
54 55
54 58
54 60
54 70
54 73
54 77
54 79
54 85
54 89
54 111
54 115
54 116
54 127
54 133
54 147
54 152
54 157
54 165
54 169
54 171
54 173
54 177
54 180
54 192
54 193
54 195
54 202
54 205
54 212
54 221
54 232
54 245
54 256
54 284
54 301
54 310
54 312
54 320
54 323
54 324
54 365
54 369
54 376
54 385
55 58
55 62
55 68
55 92
55 95
55 102
55 105
55 110
55 113
55 116
55 120
55 129
55 130
55 131
55 132
55 133
55 134
55 136
55 137
55 158
55 159
55 163
55 175
55 178
55 183
55 184
55 188
55 190
55 192
55 199
55 201
55 228
55 232
55 235
55 256
55 264
55 267
55 272
55 290
55 297
55 299
55 300
55 304
55 310
55 317
55 325
55 333
55 345
55 371
55 391
55 268
56 57
56 62
56 63
56 65
56 72
56 81
56 88
56 89
56 90
56 117
56 118
56 119
56 120
56 128
56 129
56 131
56 147
56 153
56 161
56 181
56 191
56 197
56 200
56 218
56 230
56 250
56 251
56 279
56 292
56 300
56 318
56 333
56 354
56 355
56 369
56 370
56 378
56 393
56 94
57 59
57 62
57 73
57 74
57 75
57 77
57 79
57 83
57 88
57 99
57 101
57 104
57 106
57 107
57 109
57 112
57 113
57 121
57 125
57 126
57 129
57 146
57 154
57 160
57 164
57 179
57 181
57 182
57 187
57 193
57 197
57 203
57 205
57 208
57 246
57 259
57 263
57 285
57 289
57 323
57 331
57 336
57 344
57 347
57 359
57 380
57 396
57 64
57 90
57 114
57 122
57 320
58 60
58 61
58 62
58 74
58 75
58 77
58 97
58 101
58 102
58 107
58 113
58 133
58 141
58 142
58 143
58 145
58 155
58 157
58 203
58 214
58 223
58 231
58 257
58 260
58 261
58 271
58 274
58 286
58 298
58 317
58 342
58 348
58 383
58 199
59 60
59 62
59 66
59 67
59 71
59 75
59 78
59 79
59 80
59 86
59 92
59 93
59 98
59 103
59 112
59 114
59 117
59 137
59 139
59 160
59 163
59 166
59 176
59 180
59 184
59 196
59 197
59 204
59 205
59 217
59 223
59 231
59 241
59 245
59 270
59 277
59 349
59 375
59 389
59 276
59 201
60 75
60 77
60 80
60 83
60 91
60 93
60 95
60 103
60 110
60 111
60 117
60 123
60 132
60 135
60 146
60 153
60 156
60 162
60 171
60 173
60 186
60 214
60 225
60 228
60 235
60 237
60 244
60 254
60 272
60 290
60 300
60 311
60 315
60 331
60 335
60 344
60 358
60 392
60 198
61 63
61 64
61 68
61 69
61 72
61 78
61 87
61 120
61 122
61 127
61 130
61 132
61 134
61 135
61 147
61 154
61 155
61 162
61 169
61 197
61 201
61 202
61 205
61 208
61 217
61 236
61 268
61 272
61 310
61 321
61 325
61 349
61 354
61 369
61 370
61 371
61 392
61 241
62 70
62 74
62 78
62 81
62 84
62 85
62 92
62 102
62 123
62 125
62 126
62 127
62 159
62 176
62 188
62 204
62 212
62 226
62 235
62 238
62 242
62 249
62 252
62 257
62 276
62 284
62 315
62 328
62 353
62 67
63 65
63 96
63 110
63 111
63 114
63 120
63 122
63 132
63 146
63 151
63 152
63 164
63 186
63 187
63 194
63 207
63 220
63 261
63 262
63 284
63 293
63 294
63 304
63 307
63 350
63 355
63 246
63 157
64 67
64 68
64 71
64 76
64 90
64 91
64 101
64 104
64 105
64 115
64 117
64 124
64 127
64 128
64 141
64 143
64 167
64 171
64 175
64 176
64 184
64 186
64 194
64 196
64 198
64 255
64 296
64 297
64 298
64 301
64 310
64 311
64 316
64 325
64 336
64 348
64 349
64 357
64 365
64 380
64 331
65 71
65 78
65 79
65 88
65 92
65 95
65 101
65 109
65 148
65 151
65 157
65 164
65 167
65 177
65 186
65 205
65 223
65 229
65 250
65 276
65 286
65 309
65 316
65 375
66 69
66 73
66 75
66 121
66 126
66 137
66 142
66 149
66 151
66 174
66 184
66 200
66 201
66 217
66 232
66 233
66 236
66 245
66 295
66 328
66 333
66 345
66 372
66 397
66 286
66 117
67 75
67 94
67 97
67 102
67 104
67 106
67 113
67 114
67 116
67 118
67 123
67 125
67 133
67 142
67 143
67 170
67 183
67 188
67 191
67 194
67 195
67 198
67 212
67 219
67 226
67 238
67 245
67 246
67 250
67 259
67 262
67 265
67 266
67 267
67 274
67 275
67 282
67 287
67 288
67 299
67 305
67 308
67 325
67 329
67 330
67 349
67 366
67 376
67 337
68 81
68 93
68 97
68 100
68 106
68 111
68 132
68 150
68 151
68 158
68 162
68 174
68 193
68 197
68 201
68 202
68 207
68 209
68 228
68 249
68 274
68 295
68 297
68 305
68 331
68 332
68 376
68 387
68 389
68 169
68 330
69 74
69 87
69 94
69 101
69 105
69 119
69 120
69 125
69 133
69 144
69 146
69 156
69 158
69 175
69 189
69 207
69 211
69 239
69 245
69 267
69 270
69 300
69 306
69 311
69 316
69 320
69 337
69 341
69 350
69 355
69 374
69 388
69 210
69 243
70 72
70 73
70 75
70 76
70 82
70 84
70 87
70 106
70 107
70 119
70 127
70 132
70 133
70 138
70 140
70 145
70 146
70 148
70 155
70 161
70 164
70 181
70 191
70 210
70 213
70 214
70 218
70 222
70 224
70 227
70 240
70 243
70 246
70 263
70 264
70 304
70 328
70 341
70 363
70 367
70 383
70 337
70 79
70 228
70 261
70 389
71 82
71 88
71 98
71 121
71 145
71 188
71 190
71 225
71 243
71 246
71 269
71 301
71 331
71 334
71 352
71 375
71 384
71 387
71 275
72 74
72 100
72 103
72 128
72 133
72 138
72 152
72 157
72 163
72 172
72 174
72 178
72 183
72 184
72 195
72 199
72 204
72 208
72 213
72 223
72 227
72 252
72 254
72 272
72 300
72 328
72 330
72 342
72 352
72 355
72 388
72 113
72 143
72 200
72 345
73 77
73 81
73 85
73 88
73 91
73 98
73 110
73 125
73 129
73 130
73 138
73 142
73 155
73 159
73 178
73 179
73 180
73 198
73 210
73 219
73 223
73 231
73 241
73 249
73 254
73 256
73 257
73 262
73 271
73 273
73 294
73 298
73 319
73 320
73 335
73 341
73 358
73 364
73 365
73 368
73 204
74 78
74 87
74 89
74 93
74 94
74 102
74 134
74 158
74 187
74 219
74 269
74 290
74 296
74 331
74 393
74 302
74 130
75 76
75 79
75 80
75 88
75 111
75 127
75 154
75 156
75 162
75 166
75 176
75 189
75 198
75 216
75 218
75 220
75 236
75 240
75 254
75 258
75 290
75 295
75 296
75 301
75 319
75 321
75 341
75 343
75 354
75 357
75 381
75 385
75 365
75 141
75 226
76 78
76 84
76 89
76 93
76 96
76 99
76 106
76 109
76 110
76 122
76 128
76 132
76 138
76 140
76 142
76 152
76 170
76 173
76 184
76 193
76 205
76 214
76 229
76 238
76 261
76 266
76 283
76 288
76 291
76 294
76 299
76 308
76 312
76 314
76 316
76 331
76 333
76 336
76 347
76 351
76 353
76 356
76 378
76 385
76 389
76 391
76 166
76 87
77 88
77 95
77 103
77 105
77 110
77 115
77 137
77 165
77 184
77 195
77 203
77 207
77 227
77 228
77 240
77 242
77 246
77 271
77 307
77 309
77 315
77 317
77 353
77 366
77 376
77 123
78 82
78 90
78 97
78 107
78 111
78 136
78 140
78 146
78 154
78 166
78 177
78 187
78 202
78 203
78 208
78 214
78 238
78 240
78 275
78 290
78 314
78 319
78 321
78 339
78 359
78 366
78 370
78 99
79 81
79 90
79 95
79 99
79 100
79 122
79 125
79 128
79 130
79 132
79 143
79 153
79 159
79 160
79 164
79 176
79 191
79 194
79 200
79 208
79 214
79 215
79 230
79 244
79 247
79 255
79 276
79 278
79 299
79 305
79 323
79 335
79 345
79 350
79 353
79 355
79 379
79 382
79 397
79 262
80 86
80 89
80 109
80 122
80 160
80 185
80 192
80 205
80 234
80 236
80 296
80 315
80 350
80 366
80 367
80 383
80 395
80 156
80 231
81 82
81 85
81 89
81 91
81 93
81 100
81 115
81 134
81 142
81 151
81 164
81 168
81 170
81 173
81 189
81 200
81 208
81 255
81 264
81 280
81 287
81 289
81 295
81 338
81 361
81 377
82 83
82 89
82 98
82 108
82 113
82 155
82 189
82 213
82 216
82 218
82 222
82 225
82 227
82 232
82 237
82 250
82 258
82 281
82 300
82 320
82 284
83 95
83 106
83 119
83 135
83 155
83 179
83 188
83 200
83 203
83 204
83 215
83 223
83 225
83 231
83 235
83 236
83 247
83 251
83 287
83 295
83 346
83 353
83 355
83 358
83 371
83 386
83 390
83 98
83 186
84 90
84 93
84 98
84 105
84 114
84 123
84 133
84 134
84 136
84 143
84 146
84 148
84 159
84 186
84 190
84 199
84 212
84 217
84 226
84 251
84 252
84 259
84 273
84 279
84 302
84 316
84 318
84 324
84 359
84 365
85 94
85 101
85 127
85 135
85 136
85 143
85 146
85 149
85 150
85 161
85 165
85 167
85 168
85 174
85 181
85 189
85 190
85 191
85 196
85 231
85 243
85 249
85 253
85 282
85 295
85 343
85 183
85 259
86 87
86 94
86 96
86 99
86 100
86 107
86 131
86 147
86 149
86 162
86 163
86 165
86 168
86 175
86 179
86 183
86 196
86 201
86 216
86 220
86 239
86 263
86 270
86 288
86 321
86 339
86 364
86 377
86 386
86 392
86 396
86 178
87 89
87 91
87 96
87 100
87 137
87 140
87 145
87 202
87 216
87 224
87 264
87 271
87 283
87 292
87 322
87 324
87 394
88 93
88 112
88 119
88 126
88 149
88 158
88 171
88 172
88 178
88 201
88 222
88 255
88 277
88 285
88 299
88 307
88 310
88 337
88 343
88 376
88 378
88 227
89 92
89 101
89 107
89 117
89 136
89 144
89 146
89 161
89 166
89 173
89 175
89 218
89 221
89 234
89 242
89 247
89 259
89 266
89 287
89 291
89 298
89 321
89 324
89 334
89 379
89 387
89 163
89 239
89 281
89 288
89 319
90 112
90 121
90 124
90 137
90 152
90 174
90 182
90 277
90 285
90 350
90 375
91 99
91 104
91 113
91 115
91 121
91 129
91 133
91 174
91 180
91 183
91 209
91 211
91 221
91 224
91 230
91 253
91 275
91 278
91 280
91 312
91 327
91 333
91 364
91 377
91 166
91 352
92 94
92 99
92 119
92 124
92 128
92 133
92 150
92 160
92 170
92 183
92 202
92 219
92 257
92 289
92 304
92 310
92 311
92 320
92 325
92 332
92 366
92 381
93 112
93 138
93 140
93 144
93 145
93 151
93 152
93 204
93 218
93 219
93 314
93 357
93 392
93 172
94 95
94 96
94 109
94 118
94 121
94 137
94 138
94 151
94 156
94 157
94 169
94 172
94 173
94 182
94 189
94 193
94 199
94 207
94 214
94 219
94 233
94 235
94 259
94 260
94 262
94 276
94 283
94 313
94 325
94 329
94 343
94 345
94 347
94 351
94 358
94 363
94 364
94 372
94 374
94 377
94 383
94 388
94 336
95 96
95 101
95 106
95 116
95 118
95 130
95 158
95 161
95 170
95 173
95 189
95 205
95 231
95 286
95 297
95 328
95 380
95 392
95 117
95 113
95 294
96 97
96 110
96 113
96 119
96 130
96 134
96 135
96 136
96 138
96 140
96 150
96 154
96 158
96 163
96 240
96 246
96 249
96 267
96 276
96 304
96 341
96 388
96 316
96 367
97 107
97 113
97 120
97 122
97 128
97 147
97 150
97 154
97 172
97 180
97 184
97 204
97 218
97 229
97 295
97 328
97 361
97 379
97 308
97 340
98 102
98 105
98 114
98 116
98 124
98 128
98 131
98 141
98 167
98 168
98 169
98 198
98 244
98 246
98 260
98 265
98 287
98 294
98 300
98 327
98 349
98 350
98 371
98 395
98 396
98 118
98 158
99 100
99 109
99 111
99 112
99 113
99 124
99 141
99 149
99 150
99 156
99 166
99 192
99 194
99 195
99 203
99 206
99 226
99 235
99 255
99 257
99 258
99 265
99 305
99 327
99 344
99 357
99 363
99 373
99 395
99 202
100 118
100 119
100 125
100 131
100 152
100 166
100 177
100 178
100 181
100 182
100 183
100 198
100 228
100 240
100 248
100 265
100 273
100 279
100 319
100 340
100 371
100 102
100 357
101 105
101 109
101 127
101 131
101 140
101 157
101 170
101 175
101 198
101 219
101 231
101 269
101 331
101 332
101 336
101 396
101 165
101 169
101 369
102 106
102 115
102 120
102 121
102 130
102 132
102 136
102 140
102 143
102 181
102 207
102 211
102 223
102 243
102 271
102 280
102 292
102 295
102 299
102 303
102 353
102 396
102 397
102 109
102 251
102 383
103 115
103 116
103 120
103 135
103 148
103 157
103 158
103 161
103 164
103 196
103 208
103 220
103 250
103 280
103 289
103 291
103 294
103 323
103 326
103 330
103 334
103 341
103 342
103 351
103 357
103 365
103 367
103 385
103 212
104 108
104 110
104 112
104 136
104 140
104 141
104 143
104 175
104 183
104 194
104 234
104 245
104 248
104 263
104 268
104 270
104 289
104 302
104 325
104 337
104 352
104 397
104 240
104 209
104 384
105 113
105 115
105 213
105 222
105 233
105 265
105 268
105 278
105 284
105 292
105 300
105 301
105 339
105 342
105 346
105 351
105 359
105 374
105 164
106 122
106 125
106 160
106 162
106 187
106 190
106 194
106 202
106 230
106 234
106 241
106 252
106 302
106 308
106 310
106 315
106 326
106 339
106 358
106 364
106 341
107 120
107 163
107 226
107 278
107 281
107 287
107 315
107 346
107 374
107 230
108 121
108 127
108 129
108 131
108 144
108 168
108 207
108 213
108 214
108 253
108 260
108 272
108 279
108 281
108 283
108 286
108 288
108 292
108 296
108 300
108 309
108 316
108 317
108 339
108 355
108 358
108 389
108 151
109 114
109 119
109 131
109 134
109 139
109 142
109 149
109 159
109 177
109 180
109 204
109 206
109 222
109 226
109 232
109 274
109 293
109 302
109 312
109 350
109 376
109 386
109 388
110 112
110 115
110 116
110 123
110 125
110 148
110 149
110 190
110 204
110 252
110 273
110 281
110 290
110 316
110 338
110 361
110 367
110 237
110 249
111 118
111 124
111 125
111 135
111 146
111 155
111 194
111 215
111 236
111 251
111 255
111 300
111 304
111 307
111 362
111 369
111 378
111 227
112 141
112 158
112 163
112 172
112 185
112 228
112 272
112 294
112 295
112 299
112 306
112 325
112 345
112 367
112 156
113 115
113 124
113 134
113 136
113 147
113 153
113 167
113 170
113 177
113 182
113 216
113 217
113 252
113 253
113 254
113 256
113 258
113 261
113 270
113 284
113 311
113 317
113 368
113 373
113 375
113 391
114 118
114 121
114 133
114 144
114 154
114 166
114 171
114 206
114 216
114 219
114 256
114 273
114 283
114 314
114 170
115 119
115 137
115 145
115 147
115 199
115 224
115 242
115 271
115 281
115 293
115 297
115 306
115 309
115 334
115 392
115 189
116 123
116 140
116 141
116 165
116 187
116 193
116 207
116 210
116 211
116 277
116 293
116 298
116 326
116 331
116 347
116 348
116 357
116 364
116 374
116 381
116 391
116 395
116 360
117 129
117 135
117 145
117 149
117 156
117 164
117 171
117 177
117 202
117 211
117 219
117 224
117 234
117 244
117 254
117 256
117 263
117 269
117 281
117 283
117 323
117 328
117 348
117 370
117 378
117 127
118 128
118 134
118 136
118 153
118 170
118 171
118 188
118 191
118 195
118 198
118 205
118 296
118 298
118 303
118 305
118 310
118 317
118 319
118 324
118 346
118 371
118 382
118 393
118 118
119 120
119 138
119 143
119 147
119 155
119 157
119 161
119 194
119 200
119 206
119 230
119 233
119 242
119 249
119 256
119 259
119 274
119 275
119 321
119 324
119 338
119 352
119 353
119 373
119 374
119 399
119 342
120 132
120 154
120 161
120 163
120 227
120 233
120 306
120 360
120 376
120 197
121 125
121 139
121 156
121 158
121 180
121 193
121 197
121 199
121 212
121 246
121 321
121 322
121 338
121 340
121 355
121 369
121 377
121 260
122 132
122 148
122 152
122 226
122 230
122 243
122 293
122 302
122 320
122 340
122 345
122 398
122 392
123 126
123 131
123 147
123 148
123 151
123 159
123 170
123 180
123 193
123 196
123 201
123 220
123 221
123 227
123 247
123 253
123 266
123 286
123 312
123 338
123 370
123 390
124 210
124 227
124 230
124 254
124 262
124 289
124 291
124 313
124 330
124 374
124 393
124 375
125 126
125 139
125 144
125 157
125 160
125 163
125 176
125 212
125 213
125 294
125 299
125 320
125 334
125 336
125 343
125 364
125 378
125 386
125 238
125 138
126 127
126 154
126 165
126 172
126 175
126 180
126 197
126 206
126 231
126 248
126 251
126 253
126 263
126 266
126 274
126 283
126 287
126 323
126 348
126 369
126 296
126 272
127 144
127 153
127 184
127 200
127 209
127 236
127 247
127 252
127 256
127 265
127 267
127 306
127 328
127 338
127 382
127 393
127 179
127 185
128 135
128 152
128 182
128 192
128 203
128 223
128 224
128 238
128 251
128 281
128 293
128 317
128 320
128 326
128 346
128 356
129 148
129 150
129 151
129 156
129 169
129 191
129 192
129 199
129 215
129 219
129 224
129 235
129 238
129 244
129 260
129 265
129 267
129 274
129 308
129 311
129 316
129 347
129 348
129 357
129 362
129 377
129 289
129 240
130 139
130 168
130 179
130 211
130 221
130 225
130 227
130 239
130 263
130 268
130 273
130 277
130 281
130 299
130 358
130 366
130 386
130 393
130 252
130 256
130 329
130 373
131 137
131 147
131 160
131 175
131 185
131 201
131 203
131 218
131 220
131 288
131 294
131 331
131 349
131 373
131 325
131 327
132 151
132 153
132 160
132 193
132 196
132 199
132 215
132 257
132 264
132 284
132 290
132 335
132 340
132 353
132 360
132 364
132 395
132 399
132 140
132 155
132 382
133 139
133 151
133 155
133 173
133 181
133 185
133 197
133 200
133 229
133 239
133 270
133 275
133 284
133 292
133 322
133 384
133 394
133 395
133 378
134 154
134 159
134 167
134 199
134 223
134 239
134 247
134 269
134 278
134 290
134 341
134 368
134 382
134 394
135 155
135 175
135 201
135 223
135 284
135 302
135 303
135 351
135 376
135 388
136 184
136 191
136 200
136 202
136 222
136 243
136 257
136 268
136 329
136 381
136 279
137 144
137 165
137 168
137 203
137 238
137 306
137 308
137 325
137 349
138 140
138 151
138 157
138 158
138 161
138 189
138 206
138 227
138 250
138 301
138 309
138 317
138 372
138 377
138 387
138 389
138 394
138 267
139 150
139 154
139 183
139 234
139 238
139 256
139 259
139 264
139 322
139 329
139 292
140 142
140 152
140 161
140 169
140 180
140 205
140 241
140 267
140 270
140 275
140 282
140 286
140 306
140 333
140 340
140 384
141 147
141 167
141 174
141 175
141 176
141 188
141 189
141 190
141 195
141 205
141 219
141 231
141 243
141 252
141 254
141 260
141 292
141 294
141 316
142 150
142 204
142 229
142 322
142 219
143 144
143 147
143 163
143 185
143 187
143 222
143 230
143 257
143 265
143 323
143 324
143 269
144 150
144 166
144 177
144 182
144 183
144 191
144 195
144 241
144 258
144 266
144 273
144 290
144 312
144 332
144 364
144 374
144 377
144 246
145 160
145 162
145 165
145 171
145 175
145 183
145 191
145 198
145 226
145 252
145 266
145 289
145 296
145 355
145 377
145 389
145 182
146 153
146 157
146 159
146 168
146 171
146 194
146 223
146 235
146 254
146 269
146 270
146 279
146 282
146 294
146 309
146 322
146 334
146 382
146 246
146 361
147 197
147 240
147 251
147 267
147 282
147 291
147 297
147 364
148 162
148 234
148 313
148 327
148 343
148 344
148 398
148 296
149 170
149 208
149 211
149 229
149 255
149 257
149 267
149 273
149 287
149 348
149 351
149 163
150 172
150 173
150 197
150 211
150 239
150 242
150 301
150 254
150 325
151 160
151 179
151 230
151 232
151 247
151 258
151 261
151 305
151 354
152 160
152 165
152 180
152 195
152 203
152 267
152 285
152 302
152 317
152 356
152 365
152 377
152 399
152 233
153 164
153 168
153 169
153 186
153 190
153 192
153 200
153 204
153 245
153 282
153 291
153 317
153 367
153 392
153 218
154 174
154 186
154 204
154 206
154 220
154 259
154 298
154 307
154 309
154 311
154 351
154 367
154 395
154 198
154 216
154 248
155 164
155 174
155 176
155 177
155 187
155 193
155 206
155 214
155 221
155 263
155 278
155 285
155 342
155 370
155 380
155 395
156 170
156 195
156 201
156 211
156 215
156 227
156 240
156 260
156 308
156 343
156 368
156 387
157 163
157 187
157 194
157 197
157 204
157 230
157 232
157 237
157 251
157 260
157 278
157 291
157 315
157 369
157 372
157 373
157 387
158 186
158 191
158 212
158 215
158 314
158 322
158 187
159 161
159 192
159 204
159 236
159 277
159 285
159 309
159 313
159 335
159 359
159 255
159 203
160 252
160 260
160 276
160 280
160 285
160 314
160 326
160 343
160 357
160 373
160 377
160 178
161 184
161 185
161 190
161 207
161 219
161 228
161 284
161 298
161 305
161 308
161 319
161 371
162 170
162 183
162 184
162 197
162 199
162 200
162 234
162 248
162 284
162 340
163 172
163 182
163 218
163 224
163 235
163 244
163 251
163 273
163 287
163 384
163 192
163 219
164 184
164 190
164 214
164 219
164 240
164 247
164 248
164 250
164 271
164 273
164 279
164 318
164 319
164 396
164 239
164 197
164 310
165 179
165 186
165 195
165 253
165 282
165 297
165 298
165 302
166 184
166 187
166 206
166 210
166 214
166 269
166 295
166 299
166 303
166 311
166 362
166 363
166 390
166 233
166 260
167 174
167 190
167 216
167 217
167 226
167 235
167 246
167 257
167 258
167 321
167 323
167 379
167 388
167 183
168 171
168 205
168 209
168 270
168 279
168 293
168 321
168 351
169 170
169 177
169 180
169 185
169 242
169 248
169 253
169 258
169 264
169 268
169 270
169 293
169 301
169 323
169 331
169 349
169 374
169 375
169 397
169 217
170 171
170 179
170 206
170 232
170 245
170 267
170 276
170 318
170 323
170 331
170 335
170 339
170 383
171 173
171 215
171 313
171 360
171 399
171 387
172 195
172 212
172 225
172 248
172 342
172 382
172 390
173 176
173 183
173 191
173 228
173 233
173 238
173 244
173 250
173 293
173 309
173 349
173 391
173 179
173 253
174 241
174 317
174 352
174 375
174 388
175 280
175 284
175 298
175 316
175 327
175 338
175 343
175 358
175 373
175 376
175 379
176 208
176 226
176 266
176 285
176 350
177 186
177 198
177 203
177 255
177 327
177 397
177 305
178 197
178 199
178 208
178 242
178 251
178 262
178 287
178 296
178 313
178 328
178 337
178 338
178 357
178 358
178 363
178 372
178 373
178 391
179 202
179 203
179 252
179 261
179 301
179 304
179 318
179 335
179 338
179 397
180 186
180 189
180 190
180 198
180 207
180 229
180 236
180 253
180 257
180 260
180 278
180 290
180 329
180 337
180 368
180 372
180 396
181 186
181 196
181 205
181 219
181 221
181 225
181 256
181 260
181 298
181 307
181 327
181 353
181 190
182 198
182 226
182 227
182 233
182 273
182 283
182 308
182 312
182 325
182 365
182 393
183 190
183 221
183 234
183 240
183 241
183 251
183 335
183 374
183 390
183 339
183 346
183 394
184 187
184 314
184 327
184 336
185 221
185 295
185 309
185 310
186 217
186 234
186 241
186 249
186 262
186 271
186 282
186 297
186 313
186 334
186 349
186 360
186 370
186 397
187 222
187 262
187 314
187 336
187 349
187 364
187 273
188 213
188 219
188 224
188 236
188 237
188 238
188 275
188 282
188 300
188 304
188 306
188 315
188 321
188 336
188 344
188 350
188 352
188 359
188 377
188 226
188 354
189 198
189 203
189 215
189 227
189 228
189 259
189 280
189 286
189 309
189 376
189 388
189 399
189 277
189 212
190 197
190 208
190 237
190 285
190 314
190 318
190 347
191 257
191 268
191 305
192 194
192 207
192 229
192 232
192 237
192 252
192 282
192 287
192 303
192 307
192 370
192 372
192 399
192 245
193 212
193 218
193 256
193 263
193 266
193 273
193 290
193 319
193 348
193 371
193 398
194 216
194 241
194 262
194 265
194 315
194 318
194 330
194 352
194 355
194 365
194 327
195 290
195 298
195 340
195 370
196 239
196 269
196 313
196 329
196 341
196 354
196 369
196 371
196 385
196 275
197 215
197 237
197 337
197 381
197 390
197 396
198 222
198 234
198 247
198 301
198 303
198 343
198 347
198 352
198 354
198 357
198 358
198 372
198 386
198 387
199 237
199 245
199 258
199 299
199 390
199 394
200 212
200 237
200 256
200 315
200 322
201 228
201 264
201 310
201 369
201 207
201 223
202 209
202 216
202 236
202 237
202 251
202 261
202 264
202 310
202 337
202 339
202 387
202 390
202 398
202 291
203 216
203 230
203 240
203 253
203 268
203 271
203 344
203 396
204 208
204 209
204 265
204 266
204 280
204 304
204 306
204 322
204 340
204 345
204 399
205 251
205 351
206 248
206 252
206 260
206 286
206 290
206 302
206 323
206 331
206 336
206 342
206 349
206 384
206 392
207 218
207 227
207 234
207 246
207 247
207 263
207 268
207 351
207 362
207 371
207 397
207 282
208 221
208 228
208 229
208 231
208 245
208 278
208 301
208 306
208 307
208 368
208 373
208 338
209 210
209 216
209 277
210 249
210 397
210 364
211 304
211 308
211 310
211 341
211 353
211 363
211 367
211 375
211 306
211 381
212 217
212 220
212 264
212 286
212 313
212 349
212 363
213 218
213 231
213 241
213 267
213 274
213 296
213 305
213 346
213 384
214 233
214 247
214 248
214 288
214 289
214 315
214 318
214 366
214 322
215 229
215 256
215 284
215 297
215 315
215 316
215 321
215 325
215 231
215 380
216 222
216 258
216 283
216 316
216 317
216 326
216 339
216 344
217 225
217 242
217 259
217 262
217 295
217 350
217 361
217 384
218 231
218 235
218 237
218 264
218 291
218 304
218 315
218 347
218 371
218 375
218 221
218 305
219 243
219 262
219 334
219 360
219 363
219 365
220 246
220 264
220 279
220 313
220 385
221 229
221 232
221 242
221 253
221 281
221 306
221 340
221 357
221 378
221 385
221 393
221 396
221 266
221 274
222 325
223 224
223 228
223 236
223 247
223 316
223 320
223 352
223 357
223 389
224 275
224 286
224 324
224 389
225 229
225 242
225 311
226 235
226 244
226 326
226 336
226 352
226 353
226 363
227 235
227 243
227 246
227 264
227 284
227 316
227 326
227 330
227 360
228 246
228 268
228 299
228 367
228 370
229 232
229 250
230 233
230 265
230 276
230 280
230 294
230 335
230 337
230 367
230 378
231 255
231 287
231 326
231 373
232 245
232 282
232 324
232 328
232 342
232 380
233 240
233 246
233 317
233 322
233 383
233 276
234 249
234 272
234 353
234 381
234 392
234 303
235 272
235 281
235 303
235 311
235 324
235 340
235 365
235 372
236 337
237 241
237 305
237 307
237 352
238 239
238 285
238 328
238 334
238 338
238 360
238 364
239 298
239 322
239 332
239 345
239 364
240 284
240 287
240 319
240 323
240 327
240 362
240 399
241 294
241 296
241 308
241 322
241 352
241 362
241 355
242 281
242 293
242 302
242 347
242 361
242 362
242 365
243 314
243 315
243 343
243 356
243 368
243 349
244 298
244 373
244 326
245 259
245 273
245 295
245 312
245 322
245 332
246 249
246 250
246 274
246 297
246 343
246 354
246 360
247 315
247 318
247 329
247 334
247 355
247 374
247 390
247 392
247 399
248 277
248 363
249 272
249 300
249 320
249 398
250 251
250 257
250 305
250 306
250 341
250 255
251 274
251 361
251 374
251 394
251 396
251 370
252 263
252 271
252 282
252 302
252 318
252 326
252 337
252 342
252 345
252 377
254 272
254 342
254 358
254 375
254 379
254 388
255 257
255 265
255 327
255 372
255 295
255 300
256 269
256 281
256 285
256 313
256 314
256 340
257 262
257 285
257 309
257 342
257 367
258 259
258 308
258 333
258 339
258 343
258 350
258 359
259 273
259 303
259 337
259 343
259 356
259 362
259 324
260 264
260 272
260 308
260 353
261 347
261 361
262 329
263 267
263 270
263 323
263 366
263 381
264 271
264 273
264 354
264 375
265 275
265 301
265 330
265 359
265 375
265 326
265 317
266 279
266 337
266 367
267 278
267 289
267 333
267 387
267 391
267 287
268 274
268 280
268 283
268 288
268 292
268 315
268 350
268 358
268 384
269 270
269 303
269 324
269 330
269 362
269 383
269 388
270 333
270 361
270 368
270 371
272 333
272 373
273 274
273 279
273 280
273 380
274 279
274 288
274 327
274 344
274 347
274 382
274 399
275 303
275 306
275 333
275 334
275 293
276 292
276 321
276 341
276 359
276 371
276 398
277 286
277 357
277 370
277 393
277 397
277 297
278 291
278 293
278 302
278 307
278 324
278 394
279 329
279 336
279 344
279 351
279 370
279 396
279 323
281 282
281 293
281 330
282 299
282 300
282 332
282 369
282 384
283 285
283 319
284 325
284 356
284 363
284 385
285 291
285 302
285 289
286 288
286 359
287 320
287 368
287 392
288 318
288 342
288 366
288 385
288 315
289 301
289 331
289 369
289 386
289 318
289 358
289 399
290 291
290 301
290 305
290 352
290 366
291 299
292 332
292 358
293 383
294 305
294 323
294 389
294 395
295 329
297 350
297 364
298 308
298 320
298 341
298 381
298 391
299 308
299 319
299 321
299 352
299 390
300 327
300 342
300 360
300 382
300 398
301 309
301 331
301 392
302 314
302 325
302 327
302 329
303 326
303 370
304 322
304 373
304 383
305 382
306 314
306 375
307 375
307 394
308 329
308 379
309 397
309 321
310 324
310 348
311 312
311 330
311 350
311 354
311 382
311 384
311 388
311 389
312 320
312 376
313 321
313 367
313 383
314 340
314 389
315 346
315 380
315 385
316 320
316 326
316 385
316 386
317 339
317 353
317 356
318 330
318 335
318 346
318 384
319 335
319 375
320 354
322 330
322 338
322 356
322 357
322 380
323 362
323 369
323 395
323 361
324 368
325 386
326 327
327 380
327 396
327 398
328 365
328 372
328 352
329 348
329 359
331 349
331 363
332 336
332 343
332 361
332 394
333 334
334 339
336 345
336 346
337 374
338 363
339 362
339 366
340 362
341 345
341 371
341 389
342 387
342 393
342 362
342 368
343 354
344 359
344 390
346 347
347 368
347 370
347 397
348 360
348 386
348 388
349 361
349 380
349 382
350 353
352 389
353 361
354 385
354 386
355 385
355 395
355 396
356 361
357 359
357 379
358 365
358 376
358 381
359 368
359 393
359 366
365 389
365 391
367 375
367 385
368 374
368 389
370 377
371 387
372 386
374 376
374 378
374 381
374 391
374 399
376 387
376 399
378 382
378 383
382 398
383 385
384 387
385 395
388 391
388 395
389 390
394 398