570285209
22
400
8593
0 22
0 24
0 25
0 26
0 27
0 28
0 30
0 31
0 33
0 35
0 37
0 39
0 41
0 43
0 45
0 49
0 51
0 58
0 65
0 71
0 72
0 78
0 82
0 101
0 102
0 106
0 114
0 118
0 129
0 133
0 143
0 147
0 152
0 162
0 164
0 168
0 180
0 195
0 223
0 225
0 230
0 234
0 238
0 242
0 244
0 249
0 256
0 258
0 265
0 279
0 352
0 360
0 397
0 64
1 22
1 23
1 24
1 25
1 26
1 27
1 30
1 31
1 38
1 39
1 54
1 56
1 66
1 71
1 72
1 115
1 122
1 123
1 141
1 153
1 158
1 161
1 171
1 204
1 214
1 224
1 234
1 236
1 248
1 253
1 258
1 318
1 327
1 338
1 353
1 365
1 391
2 22
2 23
2 24
2 25
2 26
2 28
2 29
2 31
2 35
2 37
2 39
2 44
2 46
2 48
2 51
2 52
2 56
2 57
2 63
2 69
2 76
2 78
2 92
2 95
2 97
2 102
2 113
2 131
2 132
2 133
2 135
2 142
2 157
2 176
2 184
2 190
2 191
2 201
2 226
2 228
2 246
2 251
2 262
2 264
2 266
2 273
2 275
2 296
2 297
2 301
2 314
2 332
2 347
2 355
2 358
2 363
2 392
2 88
2 67
3 22
3 23
3 24
3 25
3 26
3 27
3 28
3 29
3 30
3 31
3 32
3 33
3 35
3 36
3 40
3 41
3 43
3 45
3 46
3 48
3 49
3 51
3 52
3 57
3 59
3 60
3 62
3 64
3 71
3 75
3 80
3 81
3 82
3 89
3 98
3 101
3 107
3 108
3 110
3 116
3 117
3 126
3 127
3 129
3 133
3 136
3 138
3 140
3 145
3 146
3 156
3 158
3 165
3 180
3 186
3 189
3 198
3 200
3 202
3 209
3 214
3 225
3 228
3 229
3 230
3 232
3 235
3 244
3 247
3 257
3 272
3 284
3 289
3 291
3 297
3 305
3 318
3 322
3 343
3 349
3 352
3 354
3 356
3 362
3 366
3 368
3 373
3 377
3 378
3 379
3 380
3 384
3 391
3 399
3 364
3 175
3 358
3 363
4 22
4 23
4 24
4 25
4 26
4 27
4 28
4 29
4 30
4 31
4 32
4 33
4 34
4 35
4 36
4 37
4 38
4 39
4 41
4 42
4 44
4 46
4 47
4 48
4 50
4 51
4 53
4 54
4 57
4 58
4 61
4 62
4 63
4 65
4 68
4 71
4 72
4 75
4 78
4 81
4 82
4 84
4 87
4 89
4 90
4 93
4 102
4 105
4 106
4 111
4 113
4 114
4 115
4 120
4 122
4 124
4 131
4 132
4 133
4 137
4 138
4 148
4 151
4 152
4 159
4 160
4 163
4 166
4 167
4 169
4 170
4 173
4 177
4 192
4 199
4 200
4 204
4 208
4 214
4 215
4 227
4 242
4 244
4 248
4 250
4 251
4 252
4 262
4 269
4 270
4 275
4 277
4 278
4 288
4 296
4 297
4 307
4 308
4 322
4 325
4 348
4 357
4 360
4 361
4 364
4 368
4 369
4 380
4 385
4 386
4 395
4 168
4 187
4 373
5 22
5 23
5 24
5 26
5 27
5 28
5 30
5 31
5 32
5 36
5 37
5 38
5 40
5 41
5 46
5 47
5 52
5 53
5 62
5 63
5 66
5 75
5 76
5 80
5 83
5 89
5 94
5 97
5 98
5 100
5 103
5 108
5 110
5 114
5 115
5 119
5 120
5 123
5 126
5 133
5 134
5 139
5 144
5 145
5 149
5 150
5 153
5 162
5 165
5 167
5 168
5 173
5 176
5 177
5 184
5 191
5 207
5 219
5 223
5 245
5 255
5 265
5 271
5 277
5 317
5 318
5 327
5 337
5 354
5 357
5 358
5 370
5 378
5 382
5 164
5 252
6 22
6 23
6 24
6 25
6 26
6 27
6 28
6 29
6 30
6 32
6 33
6 34
6 35
6 36
6 39
6 40
6 42
6 48
6 52
6 56
6 57
6 62
6 64
6 70
6 72
6 79
6 86
6 88
6 92
6 103
6 109
6 110
6 112
6 119
6 131
6 139
6 140
6 141
6 144
6 155
6 157
6 162
6 163
6 184
6 186
6 188
6 189
6 191
6 193
6 194
6 196
6 198
6 199
6 208
6 214
6 215
6 221
6 248
6 259
6 267
6 268
6 270
6 282
6 284
6 289
6 291
6 295
6 333
6 337
6 372
6 390
6 148
6 97
6 181
7 22
7 23
7 34
7 35
7 38
7 39
7 53
7 56
7 58
7 65
7 85
7 91
7 143
7 164
7 172
7 177
7 236
7 256
7 281
7 310
7 315
7 345
7 346
7 368
7 231
8 22
8 23
8 24
8 25
8 29
8 30
8 32
8 33
8 34
8 35
8 38
8 47
8 55
8 58
8 62
8 63
8 68
8 69
8 75
8 83
8 85
8 86
8 93
8 97
8 102
8 103
8 109
8 112
8 113
8 119
8 124
8 125
8 131
8 132
8 140
8 147
8 148
8 154
8 155
8 166
8 187
8 200
8 236
8 237
8 238
8 248
8 263
8 264
8 278
8 289
8 316
8 322
8 324
8 331
8 333
8 341
8 343
8 357
8 366
8 378
9 22
9 23
9 25
9 26
9 27
9 28
9 29
9 31
9 34
9 35
9 36
9 37
9 39
9 42
9 47
9 48
9 49
9 53
9 58
9 73
9 74
9 77
9 78
9 81
9 86
9 90
9 111
9 120
9 122
9 129
9 139
9 166
9 171
9 181
9 186
9 190
9 214
9 219
9 230
9 243
9 252
9 262
9 303
9 315
9 347
9 352
9 375
9 380
9 238
10 22
10 23
10 24
10 25
10 26
10 27
10 28
10 29
10 30
10 31
10 33
10 34
10 40
10 42
10 44
10 45
10 46
10 47
10 48
10 49
10 50
10 53
10 56
10 57
10 59
10 60
10 63
10 64
10 66
10 67
10 68
10 71
10 73
10 75
10 77
10 79
10 81
10 83
10 89
10 92
10 95
10 97
10 100
10 108
10 113
10 114
10 121
10 131
10 151
10 153
10 167
10 172
10 173
10 184
10 192
10 195
10 213
10 223
10 230
10 246
10 258
10 259
10 266
10 271
10 281
10 334
10 335
10 365
10 375
10 377
10 379
10 380
10 357
11 22
11 23
11 24
11 25
11 26
11 28
11 30
11 31
11 34
11 36
11 37
11 51
11 52
11 58
11 59
11 60
11 66
11 71
11 72
11 73
11 91
11 110
11 116
11 151
11 161
11 165
11 170
11 174
11 182
11 193
11 197
11 208
11 216
11 230
11 260
11 344
11 345
11 350
11 360
11 394
11 75
11 200
12 22
12 23
12 24
12 25
12 27
12 28
12 29
12 31
12 34
12 42
12 43
12 45
12 63
12 66
12 68
12 74
12 87
12 88
12 90
12 105
12 111
12 115
12 121
12 141
12 161
12 163
12 173
12 196
12 200
12 203
12 204
12 215
12 218
12 223
12 229
12 239
12 251
12 259
12 260
12 264
12 287
12 290
12 301
12 312
12 346
12 51
13 22
13 23
13 24
13 25
13 26
13 27
13 29
13 30
13 34
13 38
13 42
13 43
13 44
13 45
13 55
13 59
13 62
13 63
13 70
13 74
13 77
13 80
13 81
13 95
13 102
13 107
13 116
13 119
13 127
13 147
13 151
13 152
13 177
13 185
13 187
13 203
13 206
13 212
13 227
13 236
13 244
13 249
13 254
13 275
13 300
13 310
13 320
13 334
13 337
13 344
13 369
13 372
13 396
13 135
13 104
14 22
14 23
14 24
14 25
14 27
14 28
14 29
14 30
14 32
14 33
14 34
14 38
14 41
14 44
14 47
14 51
14 54
14 55
14 57
14 62
14 66
14 68
14 72
14 75
14 86
14 89
14 94
14 97
14 98
14 102
14 119
14 130
14 159
14 173
14 180
14 184
14 197
14 228
14 245
14 246
14 247
14 254
14 255
14 264
14 287
14 306
14 342
14 354
14 359
14 365
14 367
14 381
14 389
14 398
14 160
14 70
14 227
14 230
14 281
15 22
15 23
15 24
15 26
15 27
15 28
15 29
15 30
15 31
15 32
15 36
15 37
15 40
15 52
15 65
15 82
15 83
15 90
15 91
15 92
15 99
15 104
15 108
15 131
15 148
15 152
15 164
15 167
15 170
15 171
15 191
15 211
15 216
15 222
15 227
15 233
15 239
15 241
15 265
15 269
15 297
15 314
15 316
15 359
15 363
15 379
15 388
15 346
15 274
16 22
16 23
16 24
16 25
16 26
16 27
16 28
16 29
16 30
16 31
16 32
16 36
16 40
16 44
16 46
16 49
16 52
16 54
16 61
16 66
16 87
16 91
16 96
16 111
16 113
16 120
16 129
16 144
16 147
16 152
16 167
16 171
16 180
16 198
16 204
16 227
16 228
16 234
16 237
16 239
16 249
16 257
16 260
16 262
16 267
16 283
16 293
16 297
16 313
16 331
16 332
16 334
16 343
16 348
16 377
16 389
16 304
16 350
17 22
17 23
17 24
17 25
17 26
17 27
17 29
17 30
17 32
17 35
17 42
17 45
17 51
17 53
17 55
17 59
17 60
17 62
17 65
17 69
17 71
17 76
17 81
17 106
17 109
17 128
17 143
17 148
17 149
17 161
17 174
17 175
17 176
17 184
17 189
17 191
17 198
17 205
17 211
17 233
17 243
17 247
17 252
17 268
17 290
17 294
17 306
17 314
17 317
17 319
17 357
17 371
17 382
17 383
17 171
18 22
18 23
18 24
18 25
18 26
18 27
18 32
18 33
18 34
18 36
18 38
18 39
18 40
18 41
18 42
18 47
18 52
18 54
18 57
18 59
18 62
18 63
18 65
18 66
18 67
18 68
18 69
18 70
18 71
18 74
18 79
18 82
18 87
18 91
18 92
18 96
18 105
18 108
18 110
18 112
18 114
18 115
18 122
18 125
18 141
18 142
18 149
18 165
18 168
18 171
18 174
18 177
18 180
18 184
18 188
18 194
18 202
18 209
18 211
18 216
18 217
18 225
18 231
18 234
18 237
18 238
18 243
18 244
18 245
18 247
18 256
18 268
18 273
18 276
18 277
18 292
18 300
18 306
18 313
18 314
18 320
18 323
18 329
18 330
18 349
18 350
18 366
18 368
18 374
18 380
18 391
18 395
18 398
18 399
18 173
18 75
18 153
19 22
19 23
19 24
19 25
19 26
19 27
19 28
19 29
19 32
19 33
19 36
19 37
19 41
19 43
19 46
19 50
19 53
19 55
19 58
19 64
19 66
19 73
19 74
19 78
19 88
19 90
19 108
19 112
19 118
19 123
19 125
19 131
19 143
19 153
19 159
19 181
19 187
19 194
19 195
19 196
19 198
19 207
19 215
19 217
19 225
19 235
19 273
19 278
19 279
19 283
19 289
19 306
19 309
19 316
19 327
19 332
19 342
19 344
19 381
19 397
19 310
20 22
20 23
20 24
20 25
20 26
20 28
20 31
20 32
20 33
20 35
20 36
20 37
20 40
20 46
20 47
20 50
20 52
20 54
20 74
20 79
20 84
20 87
20 93
20 95
20 97
20 108
20 113
20 114
20 118
20 120
20 132
20 140
20 146
20 147
20 153
20 158
20 163
20 170
20 178
20 181
20 201
20 205
20 210
20 218
20 233
20 234
20 237
20 249
20 261
20 321
20 325
20 328
20 340
20 342
20 346
20 365
20 372
20 381
20 51
20 76
21 22
21 23
21 24
21 25
21 26
21 27
21 28
21 29
21 30
21 31
21 32
21 33
21 34
21 36
21 37
21 38
21 40
21 42
21 43
21 46
21 50
21 55
21 60
21 61
21 66
21 67
21 73
21 76
21 79
21 84
21 100
21 102
21 104
21 116
21 119
21 134
21 135
21 138
21 146
21 154
21 156
21 162
21 164
21 180
21 181
21 183
21 184
21 188
21 194
21 197
21 222
21 243
21 251
21 260
21 282
21 283
21 287
21 288
21 289
21 305
21 307
21 310
21 312
21 313
21 336
21 341
21 359
21 368
21 369
21 378
21 388
21 105
22 23
22 24
22 25
22 26
22 27
22 28
22 29
22 30
22 31
22 32
22 33
22 34
22 35
22 36
22 37
22 39
22 40
22 41
22 42
22 43
22 44
22 48
22 49
22 50
22 51
22 53
22 56
22 57
22 58
22 59
22 60
22 61
22 64
22 65
22 69
22 70
22 71
22 73
22 74
22 76
22 77
22 78
22 80
22 81
22 83
22 84
22 86
22 88
22 89
22 96
22 101
22 105
22 106
22 111
22 114
22 122
22 124
22 126
22 137
22 142
22 148
22 151
22 153
22 157
22 160
22 161
22 164
22 168
22 172
22 179
22 182
22 187
22 192
22 194
22 195
22 198
22 201
22 205
22 206
22 211
22 213
22 217
22 219
22 222
22 224
22 226
22 227
22 229
22 245
22 252
22 254
22 256
22 259
22 269
22 274
22 276
22 279
22 282
22 294
22 296
22 301
22 306
22 310
22 314
22 324
22 332
22 335
22 343
22 350
22 352
22 353
22 357
22 363
22 366
22 372
22 374
22 376
22 380
22 391
22 392
22 394
22 396
22 298
22 378
23 24
23 25
23 26
23 27
23 28
23 29
23 30
23 31
23 32
23 33
23 35
23 36
23 37
23 38
23 41
23 42
23 43
23 44
23 45
23 46
23 47
23 49
23 50
23 51
23 53
23 54
23 55
23 56
23 57
23 58
23 59
23 62
23 64
23 65
23 67
23 68
23 69
23 70
23 73
23 74
23 76
23 81
23 82
23 84
23 85
23 87
23 88
23 93
23 94
23 96
23 98
23 99
23 100
23 102
23 103
23 107
23 108
23 113
23 116
23 117
23 118
23 121
23 122
23 127
23 128
23 130
23 131
23 141
23 145
23 148
23 152
23 154
23 156
23 159
23 167
23 170
23 173
23 175
23 181
23 185
23 187
23 196
23 197
23 203
23 205
23 218
23 219
23 221
23 225
23 227
23 232
23 240
23 245
23 247
23 255
23 257
23 258
23 262
23 263
23 268
23 271
23 275
23 276
23 278
23 283
23 287
23 292
23 294
23 295
23 298
23 299
23 311
23 314
23 320
23 326
23 347
23 350
23 353
23 354
23 359
23 361
23 363
23 364
23 367
23 373
23 378
23 379
23 380
23 391
23 215
23 135
23 235
23 243
24 25
24 26
24 27
24 28
24 29
24 30
24 31
24 32
24 33
24 34
24 35
24 37
24 38
24 39
24 41
24 42
24 43
24 44
24 45
24 46
24 47
24 48
24 49
24 50
24 52
24 55
24 56
24 58
24 59
24 60
24 67
24 69
24 75
24 76
24 77
24 79
24 80
24 81
24 82
24 85
24 87
24 88
24 90
24 91
24 92
24 94
24 95
24 97
24 101
24 105
24 106
24 107
24 110
24 114
24 116
24 117
24 118
24 127
24 129
24 131
24 132
24 133
24 134
24 139
24 141
24 145
24 146
24 148
24 149
24 151
24 153
24 155
24 159
24 160
24 161
24 166
24 170
24 171
24 172
24 175
24 178
24 183
24 185
24 189
24 190
24 191
24 195
24 201
24 203
24 205
24 208
24 216
24 217
24 223
24 236
24 237
24 241
24 246
24 250
24 268
24 269
24 272
24 275
24 284
24 285
24 286
24 297
24 299
24 304
24 307
24 308
24 310
24 312
24 326
24 332
24 333
24 351
24 358
24 366
24 373
24 377
24 386
24 387
24 394
24 395
24 154
25 26
25 27
25 28
25 29
25 32
25 33
25 34
25 35
25 36
25 37
25 38
25 39
25 41
25 42
25 43
25 44
25 45
25 46
25 49
25 50
25 51
25 54
25 58
25 60
25 62
25 64
25 67
25 68
25 69
25 71
25 72
25 73
25 76
25 80
25 83
25 84
25 86
25 87
25 91
25 95
25 96
25 98
25 99
25 100
25 115
25 117
25 124
25 130
25 131
25 135
25 136
25 142
25 146
25 149
25 154
25 163
25 170
25 173
25 180
25 182
25 184
25 193
25 203
25 204
25 205
25 226
25 227
25 234
25 238
25 244
25 245
25 257
25 261
25 263
25 265
25 270
25 274
25 278
25 294
25 313
25 316
25 321
25 331
25 359
25 371
25 380
25 389
25 397
25 118
25 74
25 320
25 364
26 27
26 28
26 29
26 30
26 31
26 32
26 33
26 34
26 35
26 36
26 38
26 39
26 40
26 41
26 43
26 44
26 45
26 47
26 48
26 49
26 50
26 54
26 55
26 59
26 61
26 66
26 68
26 70
26 72
26 75
26 76
26 77
26 78
26 80
26 81
26 83
26 85
26 86
26 90
26 91
26 92
26 99
26 100
26 101
26 105
26 107
26 108
26 111
26 114
26 118
26 119
26 120
26 121
26 122
26 124
26 125
26 127
26 130
26 131
26 132
26 135
26 136
26 138
26 143
26 156
26 157
26 160
26 164
26 167
26 169
26 170
26 171
26 172
26 201
26 204
26 207
26 212
26 223
26 225
26 227
26 229
26 235
26 237
26 241
26 246
26 248
26 250
26 251
26 254
26 259
26 268
26 270
26 276
26 278
26 286
26 292
26 294
26 298
26 303
26 307
26 308
26 318
26 324
26 328
26 331
26 347
26 348
26 358
26 361
26 364
26 366
26 371
26 377
26 382
26 387
26 390
26 391
26 392
26 69
27 28
27 29
27 30
27 31
27 32
27 33
27 35
27 36
27 38
27 39
27 40
27 41
27 43
27 45
27 46
27 47
27 48
27 50
27 51
27 53
27 55
27 56
27 57
27 60
27 63
27 64
27 65
27 68
27 69
27 70
27 72
27 73
27 78
27 82
27 83
27 84
27 87
27 89
27 91
27 92
27 97
27 102
27 103
27 106
27 109
27 110
27 111
27 113
27 115
27 116
27 117
27 120
27 121
27 125
27 129
27 130
27 132
27 138
27 144
27 148
27 151
27 155
27 160
27 165
27 170
27 171
27 180
27 185
27 190
27 195
27 197
27 199
27 201
27 202
27 204
27 209
27 210
27 211
27 214
27 215
27 216
27 217
27 219
27 222
27 223
27 225
27 228
27 229
27 232
27 233
27 247
27 249
27 251
27 252
27 262
27 268
27 273
27 274
27 276
27 278
27 281
27 282
27 294
27 298
27 299
27 305
27 307
27 310
27 314
27 315
27 317
27 322
27 323
27 325
27 336
27 342
27 348
27 353
27 359
27 367
27 369
27 370
27 384
27 387
27 391
27 150
28 29
28 30
28 31
28 32
28 33
28 34
28 35
28 36
28 37
28 38
28 39
28 41
28 42
28 43
28 44
28 45
28 46
28 47
28 49
28 50
28 54
28 56
28 59
28 61
28 62
28 64
28 67
28 69
28 75
28 76
28 77
28 80
28 82
28 86
28 88
28 89
28 91
28 94
28 95
28 100
28 101
28 103
28 104
28 109
28 114
28 121
28 125
28 126
28 130
28 131
28 140
28 141
28 150
28 153
28 158
28 159
28 161
28 162
28 164
28 168
28 169
28 171
28 181
28 186
28 189
28 193
28 194
28 198
28 200
28 201
28 221
28 224
28 230
28 234
28 235
28 236
28 239
28 241
28 242
28 249
28 252
28 263
28 273
28 278
28 279
28 294
28 303
28 305
28 309
28 311
28 316
28 319
28 333
28 347
28 355
28 361
28 364
28 365
28 366
28 370
28 373
28 380
28 385
28 386
28 391
28 393
28 290
29 30
29 31
29 33
29 34
29 35
29 37
29 39
29 40
29 41
29 42
29 43
29 44
29 48
29 50
29 52
29 53
29 54
29 55
29 56
29 57
29 58
29 60
29 62
29 63
29 65
29 67
29 72
29 74
29 75
29 77
29 80
29 84
29 85
29 97
29 106
29 107
29 109
29 110
29 117
29 130
29 137
29 140
29 148
29 150
29 153
29 154
29 162
29 166
29 167
29 168
29 172
29 176
29 182
29 194
29 196
29 202
29 209
29 213
29 215
29 220
29 248
29 249
29 261
29 269
29 274
29 285
29 286
29 299
29 301
29 319
29 321
29 337
29 339
29 356
29 381
29 385
29 395
29 73
30 31
30 32
30 33
30 34
30 35
30 37
30 38
30 40
30 42
30 43
30 44
30 45
30 49
30 51
30 52
30 54
30 55
30 58
30 61
30 64
30 65
30 66
30 69
30 70
30 71
30 75
30 78
30 80
30 81
30 83
30 96
30 97
30 109
30 119
30 128
30 130
30 138
30 142
30 143
30 151
30 156
30 161
30 164
30 166
30 167
30 173
30 178
30 185
30 198
30 211
30 212
30 214
30 218
30 221
30 222
30 226
30 232
30 240
30 241
30 242
30 250
30 253
30 259
30 260
30 272
30 291
30 307
30 321
30 325
30 327
30 347
30 354
30 370
30 371
30 375
30 379
30 398
30 132
30 231
31 32
31 33
31 34
31 36
31 37
31 38
31 39
31 40
31 41
31 42
31 44
31 47
31 50
31 51
31 55
31 56
31 59
31 63
31 66
31 68
31 71
31 72
31 73
31 74
31 75
31 76
31 77
31 84
31 89
31 90
31 102
31 105
31 106
31 108
31 111
31 112
31 119
31 124
31 126
31 127
31 133
31 134
31 141
31 144
31 148
31 150
31 152
31 154
31 160
31 162
31 164
31 168
31 172
31 179
31 183
31 189
31 201
31 203
31 210
31 212
31 218
31 222
31 232
31 236
31 244
31 246
31 247
31 250
31 252
31 278
31 281
31 283
31 295
31 300
31 311
31 313
31 317
31 338
31 348
31 366
31 370
31 373
31 378
32 33
32 34
32 35
32 36
32 37
32 38
32 39
32 40
32 41
32 42
32 43
32 44
32 45
32 48
32 49
32 50
32 51
32 52
32 53
32 54
32 55
32 58
32 60
32 61
32 64
32 66
32 70
32 71
32 73
32 77
32 79
32 81
32 91
32 96
32 100
32 103
32 106
32 107
32 108
32 111
32 113
32 117
32 121
32 122
32 124
32 129
32 130
32 137
32 140
32 141
32 152
32 154
32 155
32 157
32 160
32 161
32 173
32 174
32 175
32 177
32 184
32 185
32 194
32 197
32 198
32 216
32 219
32 224
32 230
32 235
32 237
32 248
32 251
32 252
32 260
32 261
32 274
32 280
32 297
32 302
32 312
32 327
32 336
32 351
32 356
32 362
32 389
32 391
32 393
32 395
32 397
32 207
32 139
33 34
33 35
33 36
33 37
33 38
33 39
33 41
33 42
33 43
33 45
33 47
33 48
33 49
33 51
33 53
33 56
33 58
33 60
33 63
33 64
33 65
33 67
33 70
33 75
33 80
33 84
33 85
33 89
33 94
33 96
33 97
33 99
33 112
33 113
33 114
33 118
33 124
33 126
33 127
33 133
33 142
33 146
33 153
33 159
33 161
33 162
33 168
33 169
33 173
33 181
33 191
33 197
33 201
33 204
33 208
33 209
33 215
33 218
33 226
33 231
33 237
33 238
33 242
33 245
33 246
33 249
33 274
33 282
33 288
33 289
33 292
33 298
33 299
33 302
33 313
33 315
33 317
33 318
33 319
33 324
33 325
33 327
33 338
33 351
33 353
33 354
33 358
33 375
33 379
33 382
33 384
33 391
33 396
33 172
34 35
34 36
34 37
34 38
34 39
34 40
34 43
34 45
34 46
34 53
34 54
34 57
34 60
34 61
34 67
34 69
34 71
34 72
34 84
34 91
34 93
34 96
34 110
34 114
34 118
34 124
34 129
34 146
34 147
34 155
34 156
34 157
34 158
34 162
34 167
34 181
34 182
34 188
34 192
34 199
34 202
34 203
34 204
34 205
34 210
34 214
34 221
34 226
34 233
34 253
34 255
34 258
34 272
34 275
34 288
34 304
34 305
34 313
34 321
34 327
34 328
34 334
34 336
34 344
34 346
34 358
34 359
34 364
34 373
34 383
34 386
34 388
34 151
34 88
34 120
34 177
34 238
35 37
35 38
35 39
35 40
35 41
35 43
35 44
35 45
35 46
35 47
35 48
35 49
35 50
35 52
35 53
35 54
35 55
35 57
35 58
35 59
35 61
35 62
35 64
35 65
35 69
35 71
35 72
35 79
35 80
35 85
35 94
35 98
35 101
35 103
35 105
35 106
35 113
35 115
35 116
35 124
35 125
35 128
35 138
35 141
35 145
35 148
35 150
35 151
35 154
35 155
35 164
35 168
35 178
35 179
35 180
35 181
35 184
35 186
35 187
35 188
35 192
35 195
35 197
35 210
35 220
35 227
35 231
35 232
35 236
35 238
35 243
35 246
35 249
35 250
35 252
35 258
35 265
35 286
35 290
35 291
35 299
35 300
35 305
35 322
35 327
35 332
35 347
35 350
35 355
35 356
35 361
35 369
35 379
35 383
35 387
35 389
35 144
36 39
36 40
36 41
36 44
36 45
36 47
36 48
36 49
36 51
36 53
36 56
36 57
36 58
36 59
36 61
36 63
36 64
36 65
36 68
36 69
36 70
36 73
36 75
36 77
36 78
36 80
36 81
36 82
36 83
36 84
36 85
36 86
36 91
36 99
36 102
36 104
36 106
36 109
36 110
36 114
36 116
36 117
36 130
36 141
36 146
36 153
36 156
36 167
36 172
36 179
36 181
36 195
36 201
36 206
36 213
36 214
36 226
36 234
36 235
36 238
36 240
36 249
36 250
36 251
36 252
36 260
36 263
36 265
36 267
36 269
36 278
36 283
36 287
36 293
36 295
36 296
36 306
36 308
36 309
36 323
36 333
36 335
36 339
36 340
36 346
36 353
36 356
36 362
36 363
36 365
36 368
36 373
36 378
36 382
36 395
36 396
36 398
36 52
36 111
36 185
36 297
37 38
37 40
37 41
37 42
37 44
37 45
37 48
37 52
37 53
37 54
37 56
37 61
37 63
37 64
37 65
37 66
37 67
37 69
37 73
37 75
37 78
37 79
37 80
37 81
37 83
37 84
37 85
37 86
37 93
37 94
37 100
37 115
37 120
37 123
37 125
37 127
37 129
37 137
37 139
37 144
37 145
37 147
37 152
37 156
37 158
37 161
37 166
37 168
37 178
37 179
37 181
37 184
37 188
37 193
37 199
37 202
37 203
37 206
37 208
37 218
37 220
37 221
37 222
37 228
37 231
37 242
37 246
37 248
37 256
37 258
37 267
37 270
37 275
37 281
37 291
37 296
37 300
37 305
37 306
37 313
37 314
37 319
37 320
37 333
37 336
37 338
37 341
37 345
37 351
37 358
37 363
37 365
37 370
37 373
37 377
37 244
38 39
38 40
38 44
38 46
38 47
38 48
38 49
38 54
38 56
38 61
38 70
38 71
38 74
38 75
38 79
38 80
38 81
38 82
38 83
38 87
38 88
38 89
38 90
38 93
38 94
38 96
38 98
38 99
38 100
38 102
38 106
38 117
38 125
38 130
38 136
38 137
38 144
38 145
38 148
38 150
38 155
38 157
38 160
38 163
38 172
38 186
38 188
38 191
38 193
38 195
38 199
38 200
38 203
38 209
38 211
38 218
38 220
38 231
38 239
38 246
38 250
38 251
38 258
38 267
38 277
38 281
38 285
38 286
38 288
38 291
38 308
38 336
38 341
38 354
38 376
38 380
38 384
38 388
38 240
38 198
39 40
39 41
39 42
39 43
39 44
39 45
39 46
39 47
39 48
39 49
39 50
39 51
39 52
39 53
39 54
39 57
39 58
39 60
39 61
39 64
39 67
39 70
39 72
39 73
39 75
39 76
39 78
39 79
39 80
39 82
39 83
39 87
39 88
39 92
39 95
39 97
39 99
39 101
39 104
39 105
39 106
39 109
39 112
39 114
39 115
39 116
39 117
39 119
39 120
39 122
39 126
39 127
39 132
39 139
39 140
39 144
39 145
39 147
39 150
39 152
39 153
39 159
39 160
39 165
39 173
39 174
39 176
39 179
39 185
39 195
39 202
39 205
39 210
39 218
39 219
39 220
39 222
39 224
39 226
39 227
39 230
39 231
39 233
39 239
39 241
39 245
39 247
39 253
39 261
39 269
39 274
39 275
39 285
39 291
39 294
39 296
39 304
39 315
39 321
39 330
39 334
39 335
39 353
39 357
39 361
39 364
39 305
39 355
40 43
40 45
40 46
40 47
40 48
40 49
40 51
40 52
40 55
40 57
40 62
40 63
40 65
40 66
40 67
40 68
40 69
40 70
40 71
40 74
40 78
40 84
40 86
40 88
40 91
40 96
40 99
40 101
40 104
40 105
40 110
40 116
40 118
40 120
40 122
40 125
40 126
40 128
40 130
40 134
40 136
40 138
40 147
40 149
40 150
40 154
40 155
40 156
40 159
40 162
40 169
40 178
40 179
40 180
40 195
40 203
40 215
40 222
40 223
40 232
40 237
40 249
40 260
40 262
40 263
40 274
40 287
40 306
40 320
40 321
40 335
40 343
40 384
40 393
40 396
40 297
40 196
40 290
41 42
41 48
41 51
41 58
41 64
41 77
41 97
41 99
41 100
41 108
41 124
41 135
41 138
41 150
41 157
41 163
41 165
41 166
41 171
41 175
41 183
41 189
41 192
41 196
41 213
41 224
41 239
41 240
41 246
41 252
41 271
41 279
41 282
41 291
41 301
41 309
41 318
41 332
41 341
41 364
41 378
41 385
41 289
42 43
42 44
42 50
42 52
42 55
42 57
42 60
42 63
42 64
42 67
42 68
42 70
42 71
42 74
42 76
42 77
42 78
42 82
42 89
42 95
42 96
42 98
42 103
42 104
42 107
42 111
42 113
42 114
42 120
42 124
42 127
42 129
42 140
42 143
42 145
42 148
42 150
42 151
42 154
42 155
42 160
42 162
42 169
42 176
42 178
42 182
42 186
42 188
42 206
42 226
42 229
42 240
42 247
42 253
42 265
42 267
42 277
42 287
42 288
42 289
42 296
42 321
42 330
42 331
42 346
42 356
42 357
42 360
42 254
43 46
43 47
43 49
43 50
43 56
43 57
43 61
43 62
43 63
43 64
43 69
43 73
43 76
43 80
43 85
43 88
43 93
43 96
43 103
43 106
43 107
43 112
43 115
43 116
43 118
43 121
43 131
43 133
43 137
43 139
43 144
43 151
43 159
43 171
43 179
43 184
43 188
43 193
43 196
43 199
43 201
43 208
43 218
43 230
43 233
43 234
43 246
43 256
43 272
43 273
43 279
43 281
43 300
43 312
43 314
43 322
43 327
43 356
43 361
43 364
43 374
43 240
44 45
44 46
44 48
44 50
44 53
44 54
44 58
44 59
44 60
44 65
44 66
44 68
44 69
44 72
44 77
44 82
44 84
44 87
44 89
44 92
44 93
44 102
44 107
44 119
44 121
44 123
44 125
44 130
44 131
44 132
44 135
44 140
44 142
44 156
44 163
44 176
44 181
44 186
44 188
44 195
44 212
44 213
44 215
44 248
44 252
44 269
44 272
44 278
44 280
44 282
44 290
44 292
44 293
44 297
44 301
44 303
44 310
44 318
44 319
44 325
44 326
44 335
44 337
44 339
44 347
44 352
44 354
44 355
44 397
44 203
44 162
44 249
45 46
45 47
45 49
45 52
45 53
45 54
45 55
45 57
45 59
45 60
45 61
45 63
45 64
45 67
45 70
45 72
45 75
45 76
45 77
45 78
45 79
45 81
45 83
45 84
45 85
45 86
45 87
45 88
45 92
45 94
45 97
45 99
45 101
45 102
45 103
45 104
45 105
45 118
45 126
45 129
45 134
45 136
45 140
45 143
45 147
45 150
45 151
45 154
45 159
45 161
45 165
45 179
45 200
45 210
45 216
45 217
45 220
45 221
45 226
45 229
45 238
45 241
45 244
45 261
45 266
45 270
45 279
45 294
45 299
45 303
45 304
45 306
45 308
45 321
45 330
45 333
45 351
45 359
45 365
45 375
45 381
45 382
45 385
45 395
45 290
45 62
46 53
46 56
46 61
46 63
46 64
46 65
46 67
46 69
46 71
46 74
46 79
46 81
46 82
46 85
46 91
46 95
46 97
46 99
46 101
46 102
46 106
46 107
46 115
46 116
46 117
46 120
46 124
46 128
46 131
46 132
46 134
46 136
46 137
46 152
46 165
46 171
46 213
46 214
46 237
46 244
46 254
46 257
46 262
46 271
46 277
46 279
46 283
46 292
46 294
46 310
46 329
46 330
46 338
46 340
46 342
46 348
46 352
46 359
46 361
46 382
46 392
46 396
47 48
47 49
47 50
47 51
47 52
47 54
47 56
47 57
47 59
47 61
47 62
47 63
47 68
47 71
47 73
47 76
47 77
47 80
47 86
47 93
47 103
47 113
47 115
47 117
47 120
47 130
47 131
47 132
47 136
47 138
47 148
47 152
47 167
47 175
47 180
47 189
47 197
47 216
47 217
47 221
47 223
47 237
47 238
47 240
47 252
47 271
47 272
47 275
47 277
47 281
47 283
47 292
47 295
47 307
47 313
47 322
47 334
47 339
47 376
47 384
47 392
48 51
48 52
48 53
48 55
48 57
48 59
48 60
48 61
48 62
48 63
48 66
48 72
48 75
48 82
48 83
48 84
48 86
48 87
48 88
48 90
48 92
48 94
48 95
48 97
48 101
48 109
48 110
48 112
48 117
48 119
48 129
48 134
48 136
48 139
48 142
48 153
48 169
48 170
48 171
48 172
48 173
48 179
48 180
48 189
48 190
48 194
48 197
48 201
48 202
48 205
48 217
48 221
48 222
48 224
48 233
48 236
48 241
48 258
48 271
48 274
48 277
48 281
48 291
48 293
48 296
48 298
48 300
48 317
48 318
48 322
48 323
48 326
48 337
48 357
48 361
48 374
48 398
48 133
48 270
49 50
49 51
49 52
49 55
49 56
49 60
49 61
49 69
49 70
49 74
49 78
49 94
49 102
49 109
49 112
49 114
49 115
49 116
49 117
49 118
49 119
49 131
49 134
49 153
49 154
49 158
49 174
49 183
49 185
49 187
49 196
49 201
49 206
49 214
49 220
49 222
49 223
49 231
49 234
49 240
49 264
49 273
49 279
49 283
49 286
49 297
49 320
49 329
49 351
49 364
49 379
49 380
49 389
49 399
49 71
50 55
50 56
50 59
50 67
50 69
50 71
50 74
50 79
50 94
50 99
50 100
50 109
50 110
50 111
50 123
50 124
50 128
50 132
50 139
50 147
50 152
50 167
50 196
50 216
50 245
50 253
50 259
50 286
50 305
50 312
50 330
50 344
50 372
50 380
50 383
50 390
50 289
51 58
51 59
51 66
51 67
51 73
51 74
51 85
51 88
51 91
51 94
51 98
51 101
51 104
51 109
51 112
51 113
51 120
51 121
51 122
51 123
51 128
51 132
51 134
51 137
51 142
51 157
51 161
51 169
51 170
51 193
51 199
51 204
51 207
51 225
51 235
51 236
51 240
51 242
51 251
51 253
51 258
51 268
51 269
51 284
51 287
51 288
51 293
51 295
51 300
51 307
51 308
51 311
51 320
51 322
51 323
51 339
51 341
51 343
51 347
51 361
51 362
51 389
51 391
51 395
51 154
52 54
52 56
52 58
52 60
52 62
52 64
52 65
52 68
52 73
52 74
52 76
52 77
52 79
52 85
52 97
52 103
52 115
52 129
52 135
52 138
52 150
52 157
52 180
52 209
52 211
52 228
52 234
52 243
52 255
52 258
52 269
52 282
52 284
52 293
52 294
52 306
52 308
52 313
52 320
52 329
52 335
52 338
52 339
52 345
52 381
52 395
53 55
53 61
53 65
53 67
53 68
53 75
53 82
53 85
53 87
53 91
53 94
53 95
53 101
53 103
53 107
53 109
53 111
53 112
53 116
53 118
53 121
53 122
53 124
53 133
53 135
53 140
53 143
53 144
53 147
53 157
53 158
53 164
53 166
53 168
53 169
53 171
53 172
53 176
53 177
53 179
53 182
53 184
53 189
53 192
53 196
53 197
53 200
53 202
53 203
53 210
53 257
53 261
53 266
53 267
53 272
53 277
53 283
53 296
53 297
53 301
53 302
53 328
53 334
53 343
53 346
53 362
53 365
53 366
53 368
53 382
53 384
53 385
53 386
53 391
53 244
54 57
54 59
54 62
54 63
54 65
54 66
54 73
54 75
54 81
54 82
54 83
54 86
54 87
54 92
54 94
54 97
54 112
54 115
54 116
54 118
54 121
54 125
54 142
54 151
54 155
54 156
54 166
54 178
54 202
54 208
54 210
54 212
54 224
54 225
54 229
54 238
54 248
54 263
54 269
54 282
54 303
54 308
54 311
54 335
54 350
54 355
54 357
54 367
54 382
54 393
54 399
54 90
54 318
55 70
55 82
55 83
55 87
55 88
55 90
55 91
55 99
55 100
55 104
55 107
55 112
55 116
55 118
55 126
55 127
55 135
55 136
55 144
55 153
55 166
55 182
55 183
55 185
55 189
55 209
55 213
55 220
55 229
55 247
55 253
55 256
55 260
55 261
55 263
55 288
55 297
55 301
55 315
55 316
55 331
55 349
55 184
56 59
56 60
56 68
56 74
56 77
56 78
56 80
56 84
56 90
56 92
56 94
56 98
56 99
56 101
56 109
56 113
56 119
56 138
56 144
56 146
56 147
56 155
56 165
56 167
56 169
56 182
56 190
56 195
56 196
56 199
56 202
56 203
56 207
56 216
56 218
56 220
56 225
56 226
56 227
56 237
56 244
56 263
56 279
56 281
56 289
56 308
56 319
56 321
56 326
56 327
56 339
56 350
56 370
56 390
56 236
56 132
56 386
57 98
57 103
57 111
57 113
57 123
57 139
57 146
57 174
57 188
57 189
57 208
57 219
57 220
57 233
57 241
57 252
57 271
57 280
57 285
57 352
57 358
57 390
57 337
58 66
58 70
58 71
58 74
58 76
58 80
58 87
58 92
58 94
58 101
58 103
58 107
58 110
58 111
58 120
58 123
58 124
58 128
58 130
58 135
58 138
58 141
58 146
58 151
58 152
58 154
58 160
58 163
58 165
58 172
58 174
58 239
58 241
58 252
58 266
58 278
58 283
58 311
58 313
58 345
58 351
58 362
58 365
58 373
58 381
58 73
58 176
59 60
59 62
59 65
59 66
59 77
59 81
59 90
59 93
59 95
59 96
59 108
59 111
59 114
59 117
59 126
59 128
59 136
59 167
59 169
59 175
59 181
59 187
59 188
59 195
59 204
59 208
59 217
59 219
59 231
59 232
59 238
59 248
59 249
59 250
59 258
59 262
59 266
59 269
59 271
59 273
59 281
59 293
59 297
59 303
59 304
59 322
59 326
59 331
59 339
59 349
59 355
59 358
59 365
59 368
59 371
59 374
59 378
59 380
59 395
60 61
60 67
60 72
60 73
60 76
60 79
60 84
60 85
60 87
60 88
60 91
60 96
60 101
60 108
60 116
60 119
60 121
60 127
60 135
60 136
60 138
60 140
60 142
60 158
60 164
60 165
60 166
60 174
60 176
60 178
60 183
60 184
60 186
60 189
60 192
60 196
60 197
60 200
60 202
60 207
60 211
60 212
60 217
60 241
60 250
60 255
60 256
60 258
60 263
60 269
60 275
60 287
60 290
60 293
60 301
60 302
60 322
60 323
60 326
60 330
60 337
60 353
60 355
60 366
60 367
60 373
60 375
60 376
60 386
60 103
61 62
61 78
61 82
61 83
61 88
61 92
61 98
61 100
61 104
61 106
61 107
61 108
61 109
61 110
61 117
61 118
61 127
61 129
61 130
61 133
61 136
61 140
61 141
61 159
61 166
61 168
61 177
61 186
61 194
61 197
61 198
61 207
61 210
61 225
61 233
61 235
61 237
61 241
61 244
61 250
61 251
61 252
61 265
61 267
61 268
61 273
61 274
61 284
61 285
61 314
61 316
61 322
61 351
61 363
61 365
61 383
61 384
61 393
61 395
61 99
61 77
62 68
62 69
62 70
62 74
62 75
62 76
62 79
62 83
62 89
62 90
62 110
62 117
62 121
62 123
62 127
62 129
62 135
62 142
62 145
62 154
62 158
62 161
62 176
62 181
62 193
62 230
62 250
62 262
62 275
62 279
62 290
62 296
62 316
62 352
62 364
62 368
62 371
62 388
62 392
62 394
62 353
63 68
63 72
63 73
63 86
63 87
63 88
63 95
63 104
63 106
63 110
63 111
63 112
63 114
63 116
63 122
63 133
63 137
63 150
63 155
63 167
63 169
63 170
63 175
63 179
63 187
63 196
63 204
63 210
63 216
63 222
63 227
63 230
63 237
63 273
63 282
63 293
63 295
63 296
63 316
63 324
63 329
63 331
63 338
63 342
63 343
63 351
63 363
63 376
63 381
63 386
63 388
63 390
63 394
63 299
64 67
64 77
64 78
64 81
64 85
64 95
64 103
64 107
64 121
64 135
64 136
64 143
64 149
64 150
64 165
64 169
64 170
64 175
64 185
64 208
64 220
64 221
64 228
64 232
64 237
64 254
64 272
64 302
64 326
64 327
64 329
64 333
64 336
64 338
64 340
64 349
64 362
64 364
64 387
64 388
64 331
65 72
65 76
65 78
65 79
65 81
65 82
65 85
65 92
65 93
65 98
65 100
65 102
65 105
65 115
65 130
65 132
65 134
65 137
65 143
65 149
65 156
65 171
65 173
65 177
65 179
65 185
65 196
65 199
65 202
65 206
65 207
65 219
65 228
65 231
65 232
65 235
65 236
65 244
65 253
65 259
65 268
65 272
65 276
65 293
65 301
65 330
65 344
65 349
65 354
65 355
65 383
65 388
65 174
65 234
65 283
66 67
66 68
66 70
66 78
66 79
66 80
66 84
66 85
66 86
66 90
66 93
66 99
66 104
66 108
66 112
66 114
66 115
66 119
66 123
66 125
66 126
66 132
66 144
66 145
66 174
66 177
66 180
66 183
66 184
66 207
66 209
66 227
66 231
66 239
66 259
66 263
66 270
66 275
66 280
66 326
66 343
66 344
66 351
66 357
66 368
66 385
66 389
66 394
66 137
66 155
67 70
67 73
67 84
67 86
67 87
67 88
67 89
67 90
67 93
67 96
67 99
67 100
67 102
67 125
67 133
67 140
67 142
67 147
67 148
67 150
67 155
67 164
67 168
67 171
67 176
67 186
67 187
67 193
67 197
67 204
67 207
67 211
67 212
67 215
67 232
67 235
67 255
67 284
67 290
67 291
67 298
67 310
67 311
67 329
67 330
67 333
67 344
67 345
67 363
67 378
67 387
67 262
68 72
68 77
68 79
68 82
68 83
68 92
68 94
68 104
68 106
68 109
68 115
68 116
68 127
68 128
68 132
68 143
68 152
68 157
68 160
68 188
68 203
68 205
68 236
68 255
68 270
68 277
68 288
68 335
68 353
68 369
68 372
68 375
68 384
68 388
68 74
68 141
69 72
69 79
69 84
69 89
69 93
69 95
69 96
69 104
69 112
69 113
69 118
69 122
69 124
69 127
69 132
69 135
69 163
69 165
69 173
69 178
69 183
69 191
69 192
69 200
69 202
69 206
69 218
69 221
69 223
69 231
69 233
69 255
69 256
69 257
69 264
69 270
69 314
69 315
69 332
69 336
69 341
69 348
69 359
69 361
69 364
69 375
69 379
69 382
69 384
69 387
69 149
69 80
69 242
70 81
70 89
70 90
70 96
70 105
70 114
70 117
70 123
70 130
70 139
70 149
70 157
70 158
70 159
70 161
70 162
70 164
70 171
70 172
70 186
70 205
70 214
70 234
70 280
70 308
70 326
70 337
70 347
70 374
70 381
71 79
71 80
71 90
71 97
71 98
71 107
71 117
71 121
71 123
71 125
71 126
71 128
71 132
71 137
71 153
71 165
71 191
71 198
71 200
71 219
71 234
71 235
71 237
71 239
71 242
71 249
71 253
71 264
71 280
71 287
71 292
71 293
71 294
71 297
71 302
71 305
71 316
71 323
71 324
71 349
71 366
71 368
71 398
71 266
71 85
72 78
72 83
72 89
72 93
72 101
72 103
72 112
72 121
72 130
72 132
72 133
72 136
72 139
72 145
72 150
72 156
72 159
72 161
72 171
72 173
72 177
72 196
72 204
72 213
72 242
72 265
72 280
72 281
72 298
72 321
72 328
72 335
72 355
72 367
72 368
72 382
72 385
72 386
72 392
72 396
72 168
72 184
73 74
73 76
73 86
73 90
73 92
73 98
73 109
73 123
73 126
73 128
73 129
73 139
73 146
73 149
73 152
73 163
73 164
73 169
73 174
73 175
73 178
73 180
73 185
73 186
73 208
73 213
73 218
73 228
73 253
73 255
73 257
73 267
73 274
73 289
73 290
73 304
73 311
73 312
73 315
73 328
73 343
73 345
73 347
73 364
73 372
73 392
73 197
74 77
74 90
74 93
74 96
74 110
74 115
74 125
74 126
74 131
74 135
74 138
74 139
74 156
74 167
74 178
74 189
74 193
74 201
74 206
74 215
74 222
74 224
74 226
74 236
74 246
74 254
74 261
74 266
74 267
74 276
74 289
74 291
74 301
74 319
74 324
74 327
74 335
74 344
74 369
74 398
74 399
75 86
75 91
75 96
75 97
75 103
75 106
75 111
75 123
75 137
75 140
75 146
75 149
75 160
75 190
75 209
75 219
75 232
75 235
75 242
75 259
75 282
75 288
75 295
75 296
75 305
75 316
75 320
75 333
75 340
75 342
75 343
75 356
75 359
75 360
75 363
75 364
75 386
75 192
76 86
76 108
76 109
76 123
76 129
76 133
76 142
76 145
76 152
76 162
76 191
76 208
76 216
76 225
76 240
76 242
76 258
76 285
76 288
76 318
76 346
76 355
76 372
76 396
76 390
77 88
77 89
77 94
77 95
77 102
77 103
77 105
77 122
77 146
77 159
77 160
77 175
77 177
77 191
77 195
77 197
77 199
77 200
77 204
77 224
77 226
77 227
77 228
77 263
77 287
77 296
77 327
77 328
77 347
77 360
77 386
77 387
77 392
77 398
78 83
78 85
78 95
78 111
78 122
78 123
78 130
78 134
78 137
78 140
78 143
78 154
78 166
78 176
78 178
78 191
78 199
78 200
78 201
78 217
78 224
78 232
78 243
78 266
78 308
78 319
78 322
78 338
78 349
78 397
78 283
79 86
79 89
79 93
79 98
79 99
79 110
79 142
79 166
79 176
79 182
79 183
79 193
79 196
79 213
79 220
79 236
79 237
79 238
79 268
79 273
79 277
79 295
79 307
79 309
79 317
79 319
79 332
79 339
79 360
79 362
79 375
79 376
79 385
79 396
80 85
80 92
80 108
80 111
80 118
80 124
80 125
80 128
80 136
80 137
80 138
80 143
80 146
80 150
80 186
80 187
80 210
80 219
80 220
80 240
80 271
80 274
80 279
80 283
80 292
80 314
80 327
80 342
80 352
80 370
80 378
80 392
81 88
81 90
81 93
81 108
81 113
81 120
81 124
81 142
81 146
81 182
81 199
81 225
81 228
81 233
81 239
81 240
81 249
81 253
81 264
81 266
81 279
81 281
81 289
81 302
81 317
81 326
81 359
82 91
82 92
82 93
82 94
82 95
82 98
82 106
82 107
82 110
82 112
82 120
82 152
82 170
82 173
82 176
82 194
82 196
82 209
82 213
82 216
82 217
82 225
82 235
82 244
82 259
82 270
82 272
82 273
82 288
82 290
82 295
82 299
82 311
82 327
82 338
82 341
82 377
82 385
82 394
82 336
82 330
82 399
83 88
83 99
83 100
83 101
83 104
83 119
83 126
83 134
83 145
83 157
83 159
83 160
83 163
83 169
83 171
83 172
83 174
83 179
83 206
83 213
83 216
83 231
83 233
83 241
83 244
83 245
83 247
83 254
83 255
83 266
83 293
83 314
83 338
83 345
83 347
83 369
83 370
83 377
83 379
83 385
83 388
83 390
83 396
83 398
83 286
83 149
83 264
83 335
84 93
84 95
84 97
84 98
84 100
84 102
84 107
84 120
84 124
84 126
84 141
84 157
84 162
84 169
84 188
84 197
84 200
84 225
84 235
84 239
84 252
84 257
84 261
84 278
84 294
84 299
84 302
84 311
84 315
84 338
84 365
84 391
84 397
84 399
85 89
85 90
85 94
85 98
85 106
85 117
85 125
85 131
85 134
85 135
85 141
85 147
85 163
85 182
85 195
85 198
85 205
85 219
85 228
85 229
85 235
85 250
85 254
85 274
85 278
85 280
85 305
85 309
85 314
85 315
85 340
85 341
85 355
85 357
85 367
85 368
85 382
85 224
85 344
85 366
86 87
86 89
86 104
86 105
86 116
86 119
86 120
86 123
86 126
86 128
86 144
86 159
86 192
86 194
86 210
86 222
86 223
86 247
86 252
86 257
86 285
86 306
86 314
86 350
86 362
86 363
86 371
86 384
87 91
87 95
87 96
87 99
87 100
87 101
87 103
87 107
87 108
87 127
87 128
87 138
87 141
87 143
87 145
87 146
87 150
87 156
87 157
87 170
87 172
87 178
87 189
87 190
87 194
87 200
87 203
87 204
87 207
87 211
87 212
87 213
87 241
87 262
87 263
87 264
87 271
87 280
87 302
87 303
87 317
87 320
87 324
87 342
87 345
87 346
87 347
87 353
87 369
87 167
87 122
88 97
88 101
88 122
88 132
88 151
88 152
88 158
88 163
88 164
88 167
88 186
88 187
88 257
88 270
88 279
88 280
88 291
88 299
88 301
88 308
88 336
88 352
88 383
88 384
88 399
88 215
89 92
89 113
89 128
89 133
89 141
89 159
89 181
89 189
89 198
89 241
89 273
89 280
89 282
89 296
89 304
89 312
89 321
89 330
89 370
89 395
89 168
90 131
90 136
90 141
90 144
90 157
90 170
90 190
90 193
90 206
90 222
90 230
90 236
90 238
90 240
90 250
90 254
90 261
90 273
90 290
90 304
90 328
90 339
90 344
90 351
90 355
90 361
90 364
90 370
91 93
91 95
91 105
91 108
91 110
91 121
91 122
91 126
91 155
91 168
91 176
91 177
91 187
91 200
91 208
91 212
91 236
91 251
91 264
91 270
91 286
91 296
91 300
91 325
91 330
91 369
91 133
91 341
91 380
92 98
92 104
92 123
92 149
92 177
92 181
92 183
92 184
92 190
92 191
92 208
92 210
92 217
92 228
92 232
92 266
92 287
92 311
92 323
92 348
92 356
92 367
92 396
92 162
92 383
93 103
93 105
93 113
93 117
93 118
93 122
93 144
93 145
93 163
93 168
93 170
93 181
93 185
93 187
93 191
93 194
93 239
93 243
93 244
93 246
93 251
93 272
93 275
93 286
93 294
93 303
93 307
93 325
93 329
93 352
93 355
93 367
93 137
94 96
94 99
94 104
94 105
94 108
94 111
94 117
94 120
94 126
94 139
94 149
94 150
94 151
94 180
94 181
94 183
94 189
94 191
94 194
94 201
94 207
94 212
94 220
94 226
94 238
94 244
94 249
94 255
94 276
94 283
94 289
94 292
94 295
94 314
94 333
94 334
94 337
94 344
94 376
94 210
95 98
95 100
95 104
95 105
95 112
95 114
95 118
95 119
95 127
95 132
95 135
95 137
95 143
95 148
95 154
95 162
95 168
95 183
95 189
95 198
95 205
95 206
95 208
95 213
95 223
95 237
95 264
95 275
95 276
95 277
95 298
95 308
95 317
95 329
95 345
95 352
95 360
95 367
95 373
95 380
95 398
95 362
95 397
96 98
96 100
96 136
96 144
96 186
96 190
96 205
96 231
96 236
96 245
96 257
96 263
96 275
96 280
96 298
96 306
96 308
96 338
96 367
96 397
96 399
96 389
97 105
97 109
97 112
97 114
97 120
97 121
97 133
97 134
97 138
97 156
97 157
97 160
97 163
97 167
97 175
97 181
97 184
97 248
97 252
97 259
97 269
97 271
97 272
97 280
97 282
97 291
97 302
97 304
97 329
97 345
97 365
97 367
97 378
97 107
97 140
97 245
98 99
98 100
98 101
98 102
98 119
98 127
98 134
98 145
98 151
98 157
98 160
98 166
98 168
98 190
98 210
98 233
98 246
98 257
98 268
98 281
98 293
98 294
98 354
98 363
98 369
98 370
98 378
98 385
98 386
98 256
99 104
99 106
99 112
99 121
99 122
99 123
99 125
99 131
99 147
99 149
99 154
99 158
99 160
99 171
99 172
99 179
99 186
99 192
99 199
99 210
99 211
99 217
99 231
99 241
99 247
99 263
99 268
99 270
99 296
99 333
99 397
99 289
100 107
100 122
100 128
100 131
100 142
100 156
100 180
100 188
100 220
100 236
100 243
100 255
100 263
100 269
100 277
100 312
100 318
100 331
100 360
100 377
100 394
101 102
101 105
101 119
101 130
101 136
101 148
101 149
101 151
101 153
101 158
101 180
101 185
101 199
101 207
101 211
101 247
101 249
101 262
101 269
101 289
101 290
101 341
101 348
101 351
101 358
101 376
101 163
102 107
102 115
102 125
102 126
102 128
102 137
102 140
102 149
102 158
102 178
102 185
102 197
102 198
102 210
102 261
102 266
102 279
102 286
102 294
102 301
102 303
102 307
102 315
102 373
102 379
102 192
102 103
103 104
103 121
103 135
103 141
103 145
103 147
103 149
103 158
103 164
103 169
103 177
103 182
103 185
103 186
103 195
103 210
103 223
103 230
103 242
103 243
103 246
103 261
103 280
103 286
103 301
103 326
103 332
103 356
103 357
103 368
103 371
103 379
103 384
103 389
103 398
103 399
103 325
104 105
104 109
104 153
104 162
104 164
104 173
104 175
104 184
104 193
104 199
104 207
104 212
104 218
104 223
104 243
104 265
104 271
104 293
104 298
104 302
104 303
104 363
104 369
104 216
105 110
105 118
105 126
105 128
105 142
105 146
105 148
105 168
105 174
105 179
105 181
105 185
105 187
105 189
105 195
105 232
105 253
105 257
105 262
105 268
105 271
105 276
105 285
105 294
105 297
105 298
105 300
105 319
105 334
105 339
105 344
105 350
105 360
105 363
105 341
105 266
106 113
106 123
106 135
106 141
106 154
106 174
106 195
106 204
106 211
106 215
106 217
106 222
106 228
106 235
106 244
106 249
106 255
106 296
106 299
106 302
106 309
106 321
106 334
106 338
106 364
106 292
107 109
107 122
107 124
107 129
107 134
107 147
107 155
107 169
107 176
107 182
107 188
107 195
107 200
107 233
107 251
107 261
107 264
107 265
107 324
107 339
107 343
107 346
107 328
108 111
108 113
108 134
108 138
108 143
108 161
108 167
108 175
108 197
108 209
108 210
108 224
108 238
108 245
108 260
108 263
108 264
108 269
108 271
108 277
108 287
108 300
108 302
108 304
108 318
108 320
108 344
108 372
108 386
108 279
108 179
109 148
109 155
109 238
109 272
109 280
109 295
109 320
109 395
109 319
110 111
110 115
110 141
110 150
110 158
110 160
110 177
110 190
110 192
110 195
110 202
110 210
110 217
110 223
110 225
110 238
110 273
110 290
110 334
110 352
110 394
110 207
111 116
111 127
111 134
111 144
111 149
111 155
111 158
111 182
111 187
111 196
111 229
111 240
111 323
111 367
111 387
111 142
111 203
112 127
112 129
112 140
112 143
112 145
112 150
112 152
112 165
112 169
112 172
112 177
112 235
112 239
112 259
112 267
112 276
112 292
112 297
112 325
112 330
112 343
112 345
112 360
112 363
112 388
112 393
112 398
112 399
112 220
112 160
113 118
113 127
113 133
113 139
113 145
113 164
113 179
113 182
113 198
113 213
113 227
113 256
113 263
113 264
113 302
113 332
113 341
113 357
113 366
113 379
113 382
113 153
114 121
114 135
114 143
114 165
114 198
114 251
114 299
114 330
114 349
114 353
114 355
114 362
114 371
114 230
115 123
115 124
115 138
115 145
115 162
115 165
115 168
115 174
115 175
115 183
115 187
115 190
115 220
115 231
115 242
115 250
115 258
115 268
115 274
115 280
115 302
115 313
115 340
115 378
115 133
115 180
115 336
116 119
116 140
116 146
116 154
116 155
116 163
116 173
116 179
116 216
116 217
116 219
116 232
116 245
116 264
116 289
116 311
116 336
116 337
116 342
116 344
116 357
116 388
116 354
117 156
117 161
117 187
117 194
117 235
117 246
117 263
117 265
117 266
117 294
117 305
117 313
117 318
117 330
117 352
117 356
118 120
118 139
118 142
118 153
118 169
118 187
118 188
118 204
118 208
118 211
118 217
118 239
118 245
118 251
118 260
118 272
118 298
118 332
118 340
118 357
118 394
118 195
118 285
119 133
119 159
119 163
119 189
119 201
119 208
119 209
119 232
119 247
119 300
119 316
119 329
119 346
119 354
119 363
119 387
119 389
119 395
119 170
120 134
120 135
120 153
120 161
120 165
120 184
120 205
120 215
120 223
120 225
120 229
120 243
120 288
120 295
120 311
120 317
120 326
120 328
120 346
120 355
120 394
121 129
121 132
121 134
121 137
121 141
121 147
121 156
121 166
121 168
121 180
121 183
121 188
121 216
121 264
121 270
121 272
121 291
121 298
121 312
121 314
121 331
121 355
121 370
121 391
122 130
122 146
122 149
122 151
122 162
122 175
122 178
122 184
122 185
122 214
122 236
122 262
122 263
122 273
122 280
122 303
122 307
122 323
122 324
122 372
122 398
123 125
123 129
123 137
123 156
123 158
123 163
123 164
123 166
123 172
123 174
123 175
123 180
123 209
123 233
123 240
123 245
123 253
123 256
123 267
123 273
123 277
123 300
123 309
123 319
123 350
123 363
123 365
123 371
123 395
124 125
124 133
124 149
124 165
124 168
124 170
124 174
124 216
124 221
124 230
124 231
124 234
124 240
124 248
124 255
124 265
124 324
124 335
124 343
124 376
124 380
124 381
125 128
125 133
125 136
125 138
125 139
125 142
125 143
125 144
125 156
125 165
125 168
125 174
125 178
125 182
125 191
125 213
125 245
125 249
125 268
125 282
125 292
125 293
125 321
125 324
125 326
125 327
125 329
125 330
125 394
125 141
126 137
126 139
126 145
126 160
126 176
126 186
126 199
126 203
126 228
126 232
126 242
126 267
126 271
126 285
126 290
126 307
126 308
126 325
126 331
126 332
126 335
126 363
126 381
126 386
126 399
126 251
127 128
127 129
127 133
127 136
127 172
127 190
127 238
127 257
127 282
127 317
127 325
127 353
127 373
127 375
127 387
127 391
128 140
128 147
128 149
128 159
128 161
128 162
128 176
128 183
128 192
128 193
128 212
128 218
128 224
128 252
128 260
128 271
128 284
128 301
128 309
128 329
128 332
128 369
128 370
128 377
128 130
129 136
129 139
129 147
129 160
129 172
129 173
129 180
129 183
129 191
129 192
129 193
129 269
129 277
129 304
129 347
129 382
129 398
129 255
130 140
130 154
130 167
130 170
130 176
130 178
130 180
130 185
130 202
130 221
130 222
130 225
130 288
130 291
130 292
130 354
130 378
130 381
130 293
131 134
131 138
131 139
131 158
131 161
131 162
131 189
131 211
131 214
131 218
131 226
131 233
131 242
131 254
131 289
131 294
131 302
131 305
131 329
131 334
131 376
131 390
132 144
132 173
132 178
132 183
132 190
132 198
132 213
132 218
132 224
132 229
132 233
132 245
132 259
132 262
132 279
132 310
132 315
132 327
132 352
132 360
132 388
133 135
133 137
133 155
133 160
133 171
133 175
133 192
133 201
133 205
133 227
133 228
133 237
133 284
133 302
133 305
133 307
133 311
133 326
133 337
133 340
133 347
133 351
133 356
133 370
133 371
133 363
134 146
134 154
134 159
134 165
134 166
134 167
134 170
134 174
134 177
134 196
134 199
134 206
134 212
134 234
134 238
134 247
134 261
134 274
134 277
134 283
134 292
134 300
134 318
134 375
134 380
134 388
134 398
134 140
135 143
135 147
135 148
135 193
135 200
135 220
135 242
135 249
135 264
135 289
135 310
135 317
135 330
135 350
135 356
135 372
135 374
135 384
136 137
136 142
136 143
136 203
136 204
136 206
136 212
136 215
136 227
136 229
136 275
136 281
136 318
136 351
136 358
136 359
136 367
136 376
136 377
136 389
136 348
137 149
137 155
137 156
137 175
137 199
137 209
137 215
137 219
137 230
137 232
137 243
137 245
137 258
137 266
137 275
137 285
137 303
137 323
137 328
137 331
137 349
137 357
137 387
137 206
137 212
138 139
138 151
138 158
138 174
138 178
138 188
138 212
138 216
138 223
138 234
138 251
138 255
138 259
138 260
138 279
138 307
138 319
138 338
138 356
138 376
138 391
139 142
139 152
139 164
139 198
139 237
139 248
139 276
139 284
139 315
139 385
140 151
140 153
140 162
140 170
140 172
140 177
140 192
140 198
140 225
140 233
140 239
140 261
140 272
140 276
140 281
140 283
140 309
140 322
140 323
140 358
140 372
140 392
140 394
140 219
140 314
141 150
141 186
141 193
141 207
141 234
141 239
141 255
141 267
141 280
141 309
141 321
141 338
141 348
141 350
141 373
141 375
141 287
142 144
142 146
142 166
142 181
142 182
142 190
142 204
142 209
142 221
142 224
142 229
142 230
142 270
142 288
142 295
142 310
142 315
142 367
142 368
142 378
142 383
142 389
142 143
143 144
143 148
143 157
143 159
143 170
143 174
143 192
143 206
143 211
143 212
143 265
143 300
143 339
143 376
144 154
144 158
144 182
144 211
144 223
144 227
144 229
144 260
144 287
144 318
144 362
144 365
144 390
145 152
145 173
145 177
145 200
145 208
145 212
145 214
145 215
145 224
145 244
145 255
145 272
145 286
145 287
145 289
145 290
145 295
145 307
145 367
145 376
145 391
145 393
145 325
145 221
146 148
146 163
146 164
146 166
146 169
146 191
146 197
146 198
146 202
146 203
146 205
146 216
146 218
146 219
146 234
146 266
146 270
146 276
146 322
146 328
146 329
146 333
146 387
146 391
146 393
146 396
147 162
147 188
147 193
147 207
147 213
147 217
147 283
147 291
147 295
147 298
147 303
147 308
147 328
147 397
147 205
147 385
148 153
148 179
148 186
148 191
148 206
148 215
148 228
148 232
148 239
148 247
148 271
148 285
148 295
148 296
148 304
148 305
148 310
148 317
148 344
148 350
148 364
148 372
148 374
148 263
149 151
149 157
149 169
149 174
149 182
149 183
149 257
149 259
149 260
149 262
149 274
149 290
149 312
149 313
149 326
149 349
149 394
150 183
150 190
150 200
150 217
150 227
150 246
150 254
150 286
150 322
150 323
150 342
150 398
151 175
151 201
151 206
151 214
151 231
151 235
151 251
151 256
151 279
151 282
151 295
151 309
151 335
151 347
151 348
151 349
151 361
151 375
151 383
151 385
151 390
151 151
152 155
152 195
152 243
152 257
152 260
152 313
152 339
152 362
152 382
152 396
152 314
153 161
153 204
153 214
153 229
153 233
153 281
153 291
153 361
153 384
154 178
154 190
154 196
154 209
154 212
154 221
154 240
154 242
154 256
154 276
154 328
154 347
154 350
155 157
155 163
155 206
155 220
155 222
155 224
155 240
155 246
155 250
155 273
155 308
155 311
155 369
156 190
156 263
156 269
156 275
156 284
156 287
156 288
156 291
156 311
156 349
156 220
157 176
157 203
157 234
157 235
157 243
157 261
157 265
157 284
157 289
157 290
157 306
157 336
157 337
157 372
157 382
157 384
157 394
157 323
158 163
158 185
158 187
158 193
158 211
158 214
158 226
158 234
158 255
158 259
158 292
158 321
158 333
158 339
158 388
158 390
159 173
159 182
159 212
159 225
159 240
159 241
159 250
159 253
159 259
159 269
159 288
159 296
159 304
159 309
159 315
159 322
159 335
159 347
159 397
160 166
160 186
160 197
160 203
160 224
160 225
160 229
160 231
160 251
160 297
160 321
160 324
160 334
160 341
160 346
160 348
160 350
160 357
160 392
160 236
160 368
161 178
161 217
161 262
161 282
161 283
161 305
161 362
161 370
161 284
162 176
162 205
162 207
162 217
162 219
162 253
162 274
162 290
162 311
162 368
162 389
162 210
163 193
163 194
163 208
163 220
163 257
163 272
163 310
163 326
163 338
163 358
163 368
163 371
164 181
164 192
164 196
164 199
164 222
164 227
164 241
164 250
164 253
164 284
164 285
164 293
164 315
164 318
164 323
164 337
164 349
164 353
164 363
165 179
165 224
165 242
165 344
166 177
166 207
166 240
166 245
166 282
166 312
166 314
166 324
166 335
166 336
166 354
166 355
166 379
166 376
166 361
167 175
167 194
167 208
167 215
167 226
167 241
167 247
167 258
167 270
167 276
167 297
167 342
167 346
167 375
167 377
167 378
167 384
167 310
167 286
168 171
168 183
168 194
168 212
168 214
168 221
168 226
168 278
168 284
168 291
168 324
168 337
168 343
168 375
168 378
168 386
168 261
169 172
169 200
169 209
169 219
169 243
169 267
169 313
169 333
169 350
169 361
169 375
169 389
169 186
170 182
170 192
170 207
170 241
170 248
170 254
170 293
170 318
170 323
170 331
170 362
170 386
170 390
170 397
170 303
171 184
171 199
171 223
171 254
171 256
171 301
171 320
171 334
171 363
172 175
172 188
172 207
172 216
172 226
172 260
172 332
172 348
172 390
173 176
173 192
173 194
173 198
173 215
173 231
173 279
173 315
173 336
173 340
173 296
173 306
174 183
174 185
174 191
174 202
174 209
174 210
174 218
174 221
174 227
174 242
174 243
174 248
174 291
174 292
174 309
174 316
174 333
174 339
174 341
174 349
174 359
174 366
174 383
174 398
174 293
174 257
175 177
175 206
175 223
175 243
175 278
175 290
175 324
175 356
175 363
175 372
175 398
176 179
176 201
176 219
176 220
176 242
176 256
176 263
176 265
176 289
176 305
176 332
176 341
176 362
176 366
176 392
176 326
177 179
177 189
177 194
177 196
177 220
177 239
177 268
177 274
177 287
177 314
177 348
177 376
177 387
178 185
178 194
178 201
178 228
178 229
178 284
178 287
178 300
179 187
179 192
179 193
179 206
179 233
179 239
179 241
179 261
179 266
179 270
179 336
179 346
179 377
179 390
179 392
180 190
180 215
180 218
180 243
180 247
180 249
180 256
180 267
180 280
180 293
180 335
180 361
180 369
181 200
181 203
181 216
181 245
181 253
181 276
181 297
181 300
181 316
181 363
181 374
181 383
181 213
182 187
182 188
182 197
182 202
182 214
182 234
182 235
182 276
182 285
182 292
182 306
182 309
182 352
182 375
182 397
182 366
183 190
183 209
183 211
183 230
183 249
183 261
183 273
183 286
183 288
183 306
183 309
183 323
183 339
183 355
183 370
183 377
184 238
184 266
184 283
184 311
184 318
184 319
184 356
184 390
184 250
184 322
185 202
185 253
185 268
185 285
185 316
185 318
185 351
185 358
185 389
186 232
186 246
186 254
186 266
186 276
186 278
186 313
186 320
186 336
186 338
186 356
186 384
186 387
186 393
186 201
187 192
187 201
187 221
187 223
187 226
187 230
187 288
187 299
187 302
187 337
188 206
188 215
188 227
188 239
188 242
188 256
188 303
188 316
188 325
188 329
188 331
188 334
188 346
188 355
188 357
188 367
188 371
188 372
188 393
188 399
188 396
189 203
189 218
189 221
189 255
189 258
189 265
189 276
189 299
189 302
189 349
189 354
189 374
189 201
190 191
190 203
190 232
190 252
190 256
190 257
190 273
190 282
190 303
190 310
190 313
190 323
190 335
190 350
191 199
191 213
191 219
191 248
191 258
191 259
191 268
191 272
191 284
191 286
191 310
191 312
191 316
191 323
191 333
191 341
191 355
191 357
191 359
191 390
191 396
192 205
192 243
192 281
192 302
192 304
192 309
192 321
192 349
192 354
192 367
193 208
193 210
193 221
193 237
193 274
193 309
193 349
193 194
194 214
194 267
194 268
194 279
194 345
194 383
194 395
194 396
195 197
195 243
195 248
195 312
195 325
195 345
195 352
195 376
195 392
196 205
196 225
196 244
196 259
196 312
196 328
196 351
196 392
197 204
197 205
197 235
197 238
197 248
197 253
197 260
197 286
197 290
197 301
197 308
197 311
197 316
197 326
197 353
198 202
198 221
198 222
198 224
198 226
198 240
198 246
198 262
198 272
198 328
198 352
199 205
199 207
199 211
199 212
199 214
199 218
199 222
199 224
199 250
199 254
199 282
199 302
199 355
199 379
199 383
199 389
200 202
200 206
200 209
200 256
200 257
200 275
200 278
200 289
200 298
200 301
200 306
200 310
200 317
200 322
200 325
200 332
200 341
200 390
200 271
201 209
201 243
201 256
201 268
201 285
201 297
201 344
202 215
202 240
202 248
202 290
202 317
202 350
202 357
202 387
202 356
203 213
203 216
203 219
203 221
203 229
203 230
203 249
203 258
203 269
203 293
203 322
203 325
203 335
203 344
203 358
203 371
203 392
203 399
204 207
204 228
204 248
204 253
204 254
204 271
204 304
204 341
204 375
204 389
204 394
205 222
205 251
205 290
205 306
205 312
205 319
205 330
205 367
205 369
205 386
206 211
206 213
206 233
206 242
206 247
206 257
206 260
206 304
206 360
206 371
207 228
207 286
207 292
207 334
207 337
207 338
207 348
207 351
207 369
207 380
207 390
208 231
208 254
208 264
208 280
208 298
208 349
208 365
208 395
208 251
209 226
209 253
209 264
209 310
209 323
210 220
210 265
210 286
210 320
210 327
210 349
210 367
210 386
210 395
211 224
211 247
211 288
211 299
211 338
211 343
211 347
211 349
211 375
212 229
212 248
212 257
212 262
212 286
212 298
212 315
212 324
212 325
212 337
212 348
212 369
212 376
212 382
212 390
213 236
213 244
213 250
213 273
213 278
213 300
213 329
213 333
213 335
213 345
213 381
214 255
214 267
214 358
214 373
214 380
214 399
214 354
215 260
215 267
215 275
215 285
215 286
215 300
215 319
215 333
215 334
215 255
215 374
216 244
216 276
216 300
216 321
216 337
216 338
216 339
216 345
216 384
217 245
217 274
217 284
217 305
217 330
217 335
217 340
217 345
217 360
217 295
218 230
218 278
218 301
218 316
218 319
218 320
218 331
218 336
218 350
218 375
218 397
218 225
218 394
219 254
219 261
219 340
219 354
219 361
219 382
220 234
220 237
220 239
220 271
220 317
220 366
221 228
221 230
221 236
221 280
221 285
221 297
221 321
221 342
221 362
221 316
222 236
222 261
222 262
222 265
222 267
222 285
222 304
222 306
222 313
222 338
222 340
222 346
222 348
222 272
222 377
223 231
224 240
224 254
224 266
224 368
224 393
225 231
225 246
225 250
225 266
225 307
225 326
225 334
225 344
225 353
225 390
225 393
225 258
226 277
226 294
226 297
226 342
226 344
226 354
226 361
226 384
226 385
226 368
227 230
227 238
227 245
227 266
227 283
227 316
227 339
227 342
227 374
228 229
228 299
228 302
228 338
229 264
229 277
229 305
229 326
229 383
230 284
230 303
230 320
230 332
230 336
230 350
230 362
230 369
231 265
231 266
231 274
231 323
232 260
232 270
232 281
232 285
232 289
232 298
232 309
232 361
232 366
232 392
232 395
232 273
233 256
233 360
233 291
234 270
234 278
234 282
234 308
234 374
234 386
234 398
235 268
235 299
235 346
235 351
235 364
235 386
236 277
236 339
236 347
236 354
236 389
237 262
237 270
237 275
237 286
237 288
237 300
237 301
237 312
237 327
237 340
237 343
237 358
237 387
237 268
238 267
238 317
238 324
238 326
238 340
238 341
238 348
238 362
238 372
238 381
239 254
239 260
239 261
239 287
239 309
239 353
240 241
240 251
240 265
240 271
240 272
240 274
240 284
240 293
240 294
240 303
240 311
240 317
240 322
240 324
240 336
240 343
240 371
240 375
240 392
241 254
241 264
241 283
241 313
241 321
241 325
241 385
241 267
241 299
242 299
242 326
242 372
242 397
243 244
243 258
243 259
243 281
243 300
243 301
243 306
243 379
244 250
244 284
244 331
244 353
244 383
244 280
244 391
245 247
245 267
245 285
245 360
245 395
245 333
246 251
246 255
246 294
246 348
247 304
247 315
247 320
247 329
247 263
248 291
248 334
248 342
248 353
248 379
248 386
248 387
248 303
249 265
249 275
249 293
249 333
249 381
250 273
250 308
250 318
250 331
251 252
251 284
251 292
251 366
252 295
252 298
252 307
252 315
252 337
252 399
253 256
253 315
253 319
253 329
253 303
254 360
254 373
254 362
255 298
255 331
255 390
256 258
256 259
256 305
256 309
256 325
256 327
256 328
256 336
256 340
256 346
256 377
256 379
257 284
257 346
257 388
258 262
258 319
258 338
259 269
259 295
259 296
259 306
259 366
260 271
260 278
260 281
260 309
260 351
260 352
260 356
260 358
260 368
260 391
261 270
261 297
261 303
261 333
261 345
261 354
261 358
262 264
262 282
262 292
262 299
262 319
262 330
262 336
262 348
262 359
262 368
263 277
263 285
263 304
263 328
263 340
263 354
263 361
263 307
263 352
264 298
264 321
265 279
265 295
265 305
265 378
265 389
266 298
266 303
266 312
266 331
266 374
266 383
266 393
267 286
267 287
267 296
267 299
267 316
267 334
267 373
267 339
268 287
268 304
268 306
268 310
268 335
268 337
268 351
268 360
268 394
268 395
268 379
269 276
269 293
269 305
269 313
269 377
270 292
270 329
270 393
270 397
271 310
271 311
271 317
271 332
271 377
271 380
271 383
271 393
272 277
272 283
272 304
272 320
273 290
273 324
274 291
274 312
274 323
274 325
274 377
275 280
275 288
275 321
275 334
275 336
275 384
276 279
276 301
276 332
276 344
276 353
276 382
276 396
277 296
277 299
277 317
277 320
277 341
277 356
278 310
278 324
278 395
279 281
279 283
279 287
279 303
279 307
279 345
279 346
279 352
279 384
280 304
280 314
280 320
280 340
280 342
280 376
280 387
281 289
281 295
281 370
281 376
282 324
282 369
282 373
282 387
283 310
283 329
283 371
284 292
284 303
285 328
285 359
285 374
285 377
285 383
286 322
286 339
286 366
286 373
286 388
287 311
287 315
287 330
287 346
287 359
288 381
288 397
289 342
289 379
289 385
290 307
290 316
290 328
291 308
291 376
291 385
292 314
292 392
292 394
293 299
293 307
293 350
294 313
294 328
294 371
294 381
294 374
295 374
296 332
296 349
296 364
296 367
296 396
297 319
297 358
297 365
297 383
297 393
297 342
298 353
298 355
298 394
299 306
299 341
299 360
299 374
300 317
300 334
300 337
300 380
300 385
300 387
300 395
300 319
301 312
301 332
301 340
301 369
301 396
301 334
302 325
302 357
303 320
304 325
304 344
304 371
305 327
305 328
305 340
306 307
306 318
306 354
307 314
307 348
308 312
308 323
308 370
308 371
308 392
308 398
309 312
309 322
309 373
309 380
309 389
309 399
309 347
310 325
310 331
310 351
310 353
310 398
311 319
311 341
311 343
311 377
312 343
313 339
313 341
313 359
313 398
313 360
314 318
314 394
315 331
315 367
315 393
316 364
316 369
316 375
317 336
317 342
317 361
317 393
318 340
318 348
318 350
318 359
318 370
318 381
318 332
319 333
319 362
319 376
319 388
320 327
320 328
320 342
320 359
320 386
320 396
321 343
321 352
321 358
321 374
323 329
323 330
323 342
323 343
323 345
323 365
323 368
323 374
323 381
324 330
324 365
325 337
325 356
325 361
325 371
325 381
326 372
326 382
327 331
327 396
327 397
328 386
329 340
329 382
330 374
330 388
330 399
331 342
331 345
331 354
331 357
332 347
332 356
332 399
333 360
334 358
334 364
336 366
336 372
336 373
337 352
337 365
337 399
338 374
339 345
339 377
339 399
340 370
340 381
342 360
342 362
342 398
343 360
343 378
343 391
344 362
344 381
344 389
345 372
345 373
345 379
345 382
345 388
347 351
347 362
347 365
347 378
347 390
348 364
348 372
348 394
349 365
349 387
351 353
351 356
351 393
351 396
352 367
352 391
352 392
354 380
355 359
356 379
356 392
357 367
358 374
359 379
359 393
360 370
360 388
361 366
361 368
362 371
362 383
363 378
364 366
364 385
366 377
369 376
369 383
369 393
370 391
370 397
372 374
373 385
373 393
374 383
374 388
379 391
380 397
381 385
381 393
383 389
383 396
384 394
387 396
388 397
389 399
393 397
393 399