334614768
1
400
399
0 1
0 2
0 3
0 4
0 9
0 14
0 21
0 28
0 38
0 59
0 111
0 112
0 133
0 146
0 196
0 214
0 238
0 240
0 284
0 285
0 289
0 320
0 323
0 339
0 362
1 6
1 7
1 11
1 12
1 13
1 16
1 24
1 26
1 31
1 36
1 37
1 41
1 45
1 46
1 49
1 53
1 60
1 62
1 70
1 74
1 98
1 101
1 105
1 117
1 125
1 135
1 144
1 168
1 174
1 175
1 184
1 193
1 202
1 203
1 207
1 227
1 239
1 255
1 273
1 275
1 281
1 282
1 291
1 319
1 321
1 327
1 372
1 384
1 391
1 394
2 10
2 27
2 29
2 84
2 216
2 336
3 5
3 8
3 18
3 23
3 42
3 47
3 58
3 75
3 79
3 96
3 103
3 138
3 151
3 204
3 248
3 268
3 271
7 162
8 17
8 73
8 247
8 277
8 326
8 390
9 139
9 232
9 279
9 301
9 332
9 353
9 380
10 19
10 34
10 51
10 198
11 22
11 25
11 116
11 118
11 132
11 156
11 159
11 166
11 246
11 249
11 287
11 314
11 360
12 15
12 54
12 100
12 109
12 160
12 209
12 346
12 357
13 114
14 87
14 385
15 20
15 44
15 48
15 89
15 325
15 338
15 368
15 397
17 30
19 85
20 183
20 308
21 222
22 43
22 148
22 187
22 190
22 191
22 258
22 262
22 265
22 350
22 379
23 55
23 236
24 199
24 256
25 32
25 39
25 68
25 106
26 35
26 201
26 237
26 270
26 349
26 383
27 130
28 205
28 252
28 269
28 311
29 50
29 66
29 104
29 107
29 127
29 150
30 233
30 366
31 33
31 40
31 57
31 69
31 82
31 90
31 99
31 298
31 312
31 329
31 348
33 83
33 178
33 218
34 318
35 72
35 128
35 263
36 52
36 91
36 219
36 274
39 316
39 347
42 61
42 136
43 92
43 140
43 206
43 315
43 345
43 382
44 77
44 113
44 143
45 331
46 182
47 63
47 134
47 185
47 250
48 137
48 179
48 253
49 293
50 81
50 211
50 296
53 309
55 56
55 86
55 141
55 153
56 95
56 108
56 245
56 259
57 97
58 64
58 65
58 67
58 71
58 76
58 80
58 88
58 94
58 102
58 120
58 272
58 288
58 371
58 373
58 378
59 267
61 157
63 195
64 180
64 354
65 126
66 121
66 129
66 152
66 328
66 333
67 115
67 169
67 172
68 78
69 396
72 324
74 194
80 335
80 398
82 154
82 158
82 189
82 303
83 119
84 93
84 147
84 164
84 229
84 244
84 294
84 363
84 399
89 220
89 276
93 181
93 197
93 213
93 260
93 266
96 212
99 122
99 186
105 110
105 124
105 223
106 351
107 393
108 307
110 208
110 230
111 299
117 224
117 342
120 341
120 375
121 123
121 131
121 171
121 177
121 235
127 142
127 355
127 367
129 165
131 155
131 226
131 254
132 167
132 228
133 145
133 334
134 149
134 361
134 388
135 161
138 176
142 188
142 210
142 241
146 292
151 163
154 173
154 251
156 170
157 192
157 225
157 242
157 261
158 231
158 286
165 359
178 200
179 300
182 389
183 221
183 356
184 313
185 217
186 215
192 283
196 395
199 243
199 377
210 280
216 297
220 352
221 337
222 295
225 234
232 310
238 306
241 257
243 330
245 392
262 264
264 302
273 387
274 278
274 290
274 305
278 340
281 369
282 365
283 381
284 317
290 304
297 322
302 364
304 358
306 343
307 370
322 344
327 374
367 386
370 376