623540458
34
400
12689
0 34
0 35
0 36
0 37
0 39
0 41
0 43
0 45
0 48
0 49
0 50
0 53
0 54
0 58
0 62
0 63
0 64
0 66
0 67
0 68
0 69
0 74
0 78
0 81
0 87
0 89
0 92
0 94
0 95
0 100
0 108
0 116
0 120
0 127
0 128
0 129
0 133
0 134
0 135
0 136
0 141
0 149
0 154
0 155
0 158
0 159
0 167
0 168
0 182
0 189
0 191
0 201
0 202
0 209
0 210
0 235
0 237
0 252
0 253
0 255
0 265
0 267
0 271
0 273
0 290
0 325
0 326
0 330
0 337
0 339
0 340
0 357
0 365
0 387
0 389
0 399
0 97
0 47
1 34
1 35
1 36
1 37
1 38
1 39
1 40
1 41
1 43
1 45
1 48
1 54
1 55
1 58
1 59
1 61
1 62
1 63
1 66
1 67
1 68
1 72
1 75
1 79
1 80
1 84
1 85
1 87
1 89
1 93
1 98
1 101
1 102
1 110
1 118
1 123
1 125
1 141
1 158
1 167
1 175
1 180
1 182
1 187
1 189
1 190
1 195
1 201
1 220
1 238
1 239
1 260
1 275
1 321
1 334
1 339
1 340
1 348
1 362
1 366
1 374
1 386
1 395
1 398
1 1
2 34
2 35
2 36
2 37
2 38
2 39
2 40
2 41
2 42
2 43
2 45
2 46
2 47
2 48
2 49
2 51
2 55
2 56
2 57
2 58
2 59
2 60
2 61
2 64
2 65
2 70
2 71
2 76
2 86
2 87
2 91
2 92
2 97
2 108
2 113
2 120
2 126
2 129
2 134
2 136
2 139
2 140
2 143
2 147
2 153
2 170
2 175
2 179
2 180
2 181
2 201
2 202
2 206
2 212
2 216
2 221
2 236
2 241
2 254
2 257
2 265
2 271
2 272
2 283
2 293
2 307
2 319
2 331
2 350
2 358
2 362
2 382
2 392
2 394
2 398
2 83
3 34
3 35
3 36
3 37
3 38
3 39
3 40
3 41
3 43
3 44
3 46
3 49
3 51
3 56
3 58
3 61
3 62
3 65
3 66
3 67
3 68
3 72
3 74
3 78
3 79
3 82
3 88
3 90
3 95
3 102
3 108
3 111
3 116
3 123
3 124
3 126
3 137
3 151
3 158
3 161
3 173
3 177
3 178
3 184
3 187
3 195
3 201
3 206
3 215
3 220
3 222
3 233
3 241
3 246
3 253
3 254
3 267
3 270
3 272
3 273
3 298
3 311
3 312
3 316
3 322
3 328
3 334
3 342
3 352
3 361
3 372
3 384
3 391
3 395
3 27
4 34
4 35
4 36
4 37
4 38
4 39
4 41
4 42
4 43
4 45
4 46
4 47
4 48
4 49
4 50
4 51
4 52
4 53
4 55
4 56
4 57
4 58
4 59
4 63
4 64
4 69
4 71
4 75
4 76
4 79
4 85
4 89
4 94
4 99
4 100
4 104
4 119
4 125
4 127
4 131
4 134
4 136
4 144
4 147
4 148
4 162
4 176
4 185
4 191
4 193
4 197
4 203
4 208
4 216
4 220
4 239
4 242
4 245
4 291
4 298
4 299
4 300
4 303
4 308
4 315
4 324
4 330
4 331
4 334
4 336
4 340
4 344
4 347
4 357
4 360
4 362
4 366
4 370
4 373
4 375
4 382
4 399
4 10
4 371
5 34
5 35
5 36
5 38
5 39
5 40
5 41
5 47
5 50
5 53
5 61
5 63
5 64
5 65
5 67
5 71
5 77
5 78
5 82
5 88
5 92
5 94
5 97
5 99
5 102
5 107
5 115
5 118
5 137
5 142
5 143
5 151
5 159
5 165
5 168
5 170
5 180
5 182
5 183
5 200
5 201
5 206
5 209
5 220
5 225
5 238
5 241
5 257
5 275
5 279
5 282
5 283
5 286
5 297
5 300
5 309
5 314
5 332
5 338
5 340
5 345
5 354
5 367
5 394
6 34
6 35
6 36
6 37
6 38
6 39
6 40
6 41
6 42
6 44
6 45
6 46
6 47
6 50
6 52
6 53
6 56
6 57
6 58
6 60
6 61
6 63
6 64
6 65
6 66
6 69
6 72
6 85
6 86
6 93
6 96
6 102
6 104
6 108
6 112
6 114
6 115
6 125
6 126
6 131
6 133
6 144
6 149
6 158
6 162
6 163
6 172
6 180
6 207
6 210
6 213
6 215
6 218
6 220
6 228
6 229
6 234
6 241
6 245
6 247
6 254
6 257
6 267
6 272
6 276
6 280
6 286
6 296
6 320
6 335
6 342
6 357
6 359
6 360
6 375
6 385
6 399
7 34
7 35
7 37
7 38
7 40
7 42
7 43
7 44
7 45
7 46
7 47
7 50
7 55
7 60
7 61
7 66
7 68
7 73
7 80
7 82
7 84
7 86
7 88
7 103
7 107
7 110
7 111
7 115
7 123
7 124
7 125
7 139
7 147
7 151
7 154
7 182
7 183
7 185
7 191
7 207
7 209
7 211
7 217
7 246
7 249
7 251
7 264
7 276
7 282
7 292
7 297
7 314
7 319
7 328
7 335
7 345
7 357
7 359
7 362
7 377
7 389
7 395
7 396
7 398
7 25
8 34
8 35
8 36
8 37
8 38
8 39
8 40
8 41
8 42
8 44
8 45
8 46
8 50
8 51
8 52
8 53
8 54
8 57
8 58
8 59
8 61
8 62
8 64
8 67
8 68
8 69
8 71
8 72
8 73
8 78
8 81
8 84
8 85
8 89
8 90
8 93
8 96
8 100
8 104
8 105
8 109
8 114
8 118
8 122
8 131
8 136
8 137
8 139
8 157
8 160
8 167
8 171
8 175
8 187
8 191
8 200
8 203
8 204
8 209
8 215
8 222
8 244
8 250
8 251
8 252
8 269
8 278
8 298
8 313
8 339
8 355
8 358
8 368
8 370
8 378
8 385
8 393
8 398
8 205
9 34
9 35
9 36
9 37
9 38
9 39
9 40
9 41
9 43
9 44
9 45
9 46
9 48
9 49
9 51
9 52
9 53
9 54
9 55
9 56
9 57
9 59
9 61
9 62
9 63
9 64
9 68
9 70
9 71
9 73
9 74
9 75
9 77
9 78
9 79
9 85
9 92
9 95
9 98
9 99
9 103
9 104
9 109
9 110
9 111
9 113
9 114
9 116
9 119
9 122
9 125
9 132
9 141
9 142
9 150
9 151
9 152
9 160
9 161
9 162
9 163
9 164
9 167
9 174
9 175
9 189
9 197
9 208
9 219
9 220
9 225
9 228
9 231
9 232
9 236
9 237
9 248
9 250
9 258
9 260
9 261
9 267
9 275
9 278
9 287
9 308
9 317
9 321
9 323
9 325
9 344
9 361
9 370
9 371
9 380
9 382
9 383
9 390
9 391
9 392
9 394
9 395
9 396
10 34
10 35
10 36
10 37
10 39
10 40
10 41
10 42
10 43
10 44
10 45
10 46
10 48
10 49
10 50
10 52
10 54
10 57
10 60
10 61
10 64
10 65
10 67
10 71
10 73
10 76
10 80
10 82
10 85
10 90
10 102
10 103
10 109
10 111
10 114
10 118
10 123
10 125
10 127
10 130
10 133
10 135
10 136
10 137
10 140
10 147
10 148
10 150
10 152
10 153
10 154
10 155
10 157
10 166
10 168
10 175
10 176
10 177
10 191
10 195
10 203
10 213
10 215
10 217
10 224
10 232
10 244
10 245
10 248
10 255
10 263
10 269
10 271
10 276
10 285
10 297
10 307
10 316
10 325
10 327
10 328
10 330
10 340
10 349
10 354
10 359
10 363
10 364
10 391
11 34
11 35
11 36
11 37
11 39
11 41
11 42
11 43
11 44
11 45
11 47
11 48
11 49
11 51
11 56
11 58
11 60
11 63
11 64
11 67
11 70
11 73
11 74
11 75
11 78
11 79
11 80
11 86
11 93
11 95
11 103
11 108
11 110
11 126
11 131
11 139
11 141
11 142
11 151
11 157
11 163
11 164
11 172
11 188
11 192
11 194
11 197
11 204
11 207
11 216
11 217
11 222
11 230
11 231
11 246
11 250
11 260
11 263
11 279
11 282
11 287
11 302
11 323
11 327
11 330
11 331
11 338
11 340
11 342
11 343
11 358
11 379
11 386
11 396
12 34
12 35
12 36
12 37
12 38
12 39
12 40
12 41
12 42
12 43
12 44
12 45
12 46
12 49
12 50
12 52
12 55
12 57
12 58
12 60
12 62
12 63
12 65
12 67
12 70
12 71
12 72
12 73
12 74
12 75
12 76
12 80
12 81
12 86
12 91
12 96
12 99
12 102
12 107
12 109
12 117
12 118
12 120
12 132
12 145
12 155
12 162
12 168
12 172
12 174
12 178
12 179
12 189
12 191
12 194
12 198
12 203
12 220
12 221
12 224
12 228
12 235
12 236
12 240
12 253
12 258
12 261
12 264
12 273
12 275
12 284
12 291
12 310
12 311
12 313
12 329
12 337
12 339
12 340
12 346
12 361
12 397
12 399
13 34
13 35
13 36
13 37
13 38
13 39
13 43
13 44
13 46
13 47
13 49
13 50
13 51
13 55
13 56
13 57
13 61
13 67
13 74
13 75
13 84
13 87
13 89
13 103
13 105
13 110
13 113
13 122
13 130
13 134
13 135
13 145
13 147
13 149
13 157
13 161
13 164
13 174
13 177
13 179
13 203
13 205
13 211
13 213
13 215
13 224
13 237
13 245
13 287
13 289
13 307
13 337
13 338
13 339
13 376
13 392
14 34
14 36
14 38
14 39
14 40
14 42
14 47
14 48
14 53
14 59
14 60
14 63
14 65
14 68
14 69
14 73
14 77
14 82
14 86
14 88
14 95
14 118
14 131
14 132
14 135
14 136
14 138
14 165
14 188
14 194
14 210
14 218
14 225
14 242
14 261
14 264
14 292
14 312
14 316
14 320
14 322
14 336
14 344
14 351
14 368
14 372
14 376
14 379
14 386
14 389
14 390
15 34
15 35
15 36
15 37
15 39
15 40
15 41
15 42
15 44
15 47
15 49
15 50
15 52
15 54
15 57
15 58
15 61
15 63
15 65
15 66
15 70
15 71
15 74
15 75
15 77
15 78
15 79
15 81
15 82
15 83
15 84
15 85
15 91
15 93
15 94
15 98
15 100
15 104
15 118
15 121
15 123
15 124
15 125
15 127
15 131
15 133
15 136
15 139
15 152
15 153
15 158
15 161
15 166
15 167
15 178
15 208
15 212
15 214
15 217
15 223
15 225
15 233
15 236
15 243
15 257
15 261
15 271
15 272
15 274
15 275
15 281
15 285
15 287
15 303
15 305
15 307
15 310
15 318
15 346
15 349
15 363
15 374
15 379
15 388
15 396
15 302
15 312
16 34
16 35
16 36
16 37
16 38
16 39
16 40
16 41
16 43
16 44
16 45
16 46
16 48
16 55
16 57
16 59
16 62
16 72
16 75
16 81
16 82
16 87
16 88
16 89
16 92
16 97
16 99
16 101
16 108
16 109
16 113
16 116
16 126
16 139
16 141
16 142
16 144
16 149
16 160
16 167
16 198
16 209
16 214
16 225
16 243
16 246
16 256
16 265
16 284
16 286
16 289
16 297
16 300
16 301
16 311
16 319
16 322
16 323
16 324
16 334
16 382
16 110
17 34
17 35
17 36
17 37
17 38
17 39
17 40
17 42
17 44
17 46
17 47
17 48
17 50
17 51
17 52
17 53
17 55
17 56
17 57
17 58
17 61
17 63
17 67
17 70
17 71
17 80
17 88
17 90
17 92
17 94
17 97
17 99
17 106
17 107
17 113
17 117
17 118
17 119
17 124
17 125
17 130
17 135
17 139
17 143
17 149
17 151
17 153
17 155
17 157
17 158
17 169
17 171
17 177
17 197
17 215
17 226
17 228
17 229
17 231
17 235
17 237
17 243
17 245
17 247
17 269
17 273
17 281
17 311
17 329
17 332
17 338
17 341
17 345
17 347
17 362
17 366
17 368
17 399
17 85
18 34
18 35
18 36
18 37
18 38
18 39
18 42
18 43
18 44
18 45
18 47
18 48
18 49
18 50
18 53
18 57
18 67
18 71
18 72
18 74
18 75
18 91
18 93
18 95
18 96
18 102
18 103
18 104
18 106
18 110
18 112
18 124
18 133
18 138
18 143
18 149
18 153
18 170
18 173
18 178
18 183
18 206
18 211
18 212
18 215
18 227
18 233
18 242
18 243
18 244
18 251
18 260
18 268
18 287
18 291
18 303
18 310
18 320
18 321
18 327
18 335
18 356
18 359
18 361
18 368
18 378
18 381
18 388
18 394
18 266
18 258
19 34
19 35
19 36
19 37
19 38
19 39
19 40
19 41
19 42
19 44
19 45
19 47
19 48
19 50
19 52
19 53
19 54
19 59
19 61
19 66
19 67
19 70
19 72
19 73
19 74
19 75
19 80
19 82
19 83
19 84
19 85
19 86
19 88
19 91
19 92
19 93
19 96
19 99
19 113
19 116
19 124
19 127
19 130
19 133
19 135
19 136
19 142
19 143
19 151
19 158
19 167
19 168
19 169
19 179
19 181
19 190
19 203
19 210
19 216
19 222
19 224
19 226
19 231
19 257
19 259
19 260
19 262
19 264
19 311
19 312
19 351
19 359
19 362
19 370
19 379
19 380
19 392
19 397
19 398
19 369
19 69
20 34
20 35
20 36
20 37
20 38
20 39
20 40
20 41
20 42
20 43
20 45
20 46
20 47
20 48
20 49
20 50
20 51
20 52
20 53
20 57
20 58
20 60
20 61
20 63
20 66
20 72
20 74
20 75
20 78
20 80
20 84
20 89
20 97
20 106
20 107
20 119
20 121
20 123
20 130
20 138
20 142
20 144
20 149
20 150
20 155
20 157
20 158
20 163
20 167
20 170
20 175
20 177
20 190
20 194
20 196
20 201
20 202
20 206
20 208
20 213
20 217
20 220
20 221
20 252
20 264
20 271
20 284
20 287
20 295
20 301
20 302
20 315
20 326
20 335
20 344
20 347
20 351
20 364
20 382
20 392
21 34
21 35
21 36
21 37
21 38
21 39
21 40
21 41
21 42
21 43
21 44
21 45
21 46
21 48
21 50
21 51
21 52
21 54
21 56
21 58
21 61
21 63
21 64
21 65
21 66
21 68
21 70
21 71
21 72
21 76
21 79
21 80
21 85
21 93
21 99
21 104
21 107
21 108
21 113
21 114
21 115
21 125
21 126
21 129
21 131
21 134
21 136
21 138
21 154
21 158
21 160
21 166
21 171
21 182
21 183
21 185
21 189
21 193
21 195
21 204
21 207
21 210
21 219
21 228
21 243
21 245
21 250
21 254
21 256
21 288
21 290
21 297
21 321
21 324
21 334
21 340
21 350
21 352
21 357
21 381
21 387
21 285
22 34
22 35
22 36
22 37
22 38
22 39
22 40
22 41
22 42
22 43
22 44
22 45
22 46
22 47
22 48
22 49
22 56
22 60
22 68
22 90
22 97
22 105
22 115
22 124
22 138
22 139
22 162
22 164
22 182
22 191
22 200
22 210
22 215
22 223
22 256
22 266
22 282
22 307
22 311
22 312
22 322
22 323
22 348
22 377
22 387
22 389
22 143
22 281
23 34
23 35
23 36
23 37
23 38
23 39
23 40
23 41
23 42
23 43
23 44
23 46
23 47
23 48
23 51
23 52
23 55
23 56
23 58
23 61
23 62
23 64
23 66
23 69
23 70
23 74
23 75
23 78
23 83
23 93
23 99
23 100
23 105
23 115
23 116
23 121
23 123
23 131
23 132
23 133
23 134
23 137
23 138
23 147
23 150
23 171
23 186
23 194
23 210
23 218
23 223
23 224
23 257
23 258
23 261
23 273
23 276
23 279
23 280
23 298
23 303
23 306
23 309
23 335
23 336
23 364
23 365
23 367
23 53
24 34
24 35
24 36
24 37
24 38
24 40
24 41
24 42
24 43
24 47
24 48
24 49
24 51
24 54
24 56
24 57
24 58
24 61
24 64
24 65
24 66
24 67
24 70
24 71
24 72
24 76
24 79
24 81
24 82
24 87
24 92
24 97
24 99
24 106
24 108
24 112
24 114
24 118
24 122
24 125
24 128
24 134
24 142
24 149
24 165
24 167
24 193
24 198
24 202
24 206
24 208
24 211
24 215
24 219
24 221
24 230
24 255
24 257
24 261
24 276
24 277
24 282
24 290
24 307
24 309
24 311
24 316
24 326
24 327
24 331
24 334
24 339
24 347
24 355
24 362
24 370
24 372
24 383
24 395
24 397
24 382
25 34
25 35
25 36
25 37
25 38
25 39
25 40
25 41
25 42
25 44
25 46
25 47
25 48
25 52
25 53
25 54
25 55
25 56
25 59
25 69
25 70
25 71
25 72
25 74
25 77
25 80
25 85
25 86
25 87
25 90
25 92
25 106
25 111
25 114
25 115
25 117
25 122
25 123
25 128
25 129
25 133
25 141
25 145
25 146
25 147
25 148
25 153
25 157
25 158
25 168
25 169
25 178
25 182
25 192
25 193
25 202
25 208
25 226
25 227
25 230
25 259
25 263
25 267
25 270
25 285
25 296
25 313
25 321
25 328
25 342
25 369
25 370
25 378
25 390
25 394
25 109
25 373
26 34
26 35
26 36
26 37
26 38
26 39
26 40
26 41
26 42
26 43
26 46
26 47
26 49
26 53
26 54
26 56
26 57
26 61
26 62
26 63
26 64
26 65
26 68
26 78
26 79
26 81
26 89
26 98
26 99
26 102
26 103
26 104
26 112
26 116
26 118
26 124
26 126
26 136
26 139
26 144
26 157
26 162
26 165
26 166
26 184
26 185
26 212
26 220
26 228
26 229
26 264
26 269
26 270
26 272
26 276
26 285
26 287
26 291
26 295
26 300
26 305
26 352
26 396
27 34
27 35
27 37
27 38
27 39
27 40
27 41
27 42
27 43
27 44
27 46
27 51
27 53
27 54
27 55
27 58
27 59
27 65
27 66
27 67
27 70
27 71
27 72
27 74
27 76
27 82
27 86
27 88
27 89
27 90
27 91
27 94
27 102
27 104
27 110
27 119
27 124
27 126
27 131
27 133
27 140
27 143
27 148
27 149
27 152
27 157
27 161
27 164
27 165
27 171
27 180
27 181
27 189
27 192
27 194
27 195
27 203
27 208
27 209
27 215
27 217
27 221
27 234
27 248
27 249
27 252
27 273
27 274
27 277
27 287
27 304
27 306
27 311
27 313
27 315
27 321
27 330
27 352
27 354
27 357
27 362
27 365
27 373
27 376
27 381
27 386
27 391
27 392
27 142
27 179
28 34
28 35
28 36
28 37
28 38
28 39
28 40
28 42
28 43
28 44
28 45
28 46
28 47
28 48
28 49
28 50
28 51
28 52
28 54
28 55
28 56
28 57
28 59
28 60
28 65
28 66
28 68
28 69
28 70
28 75
28 76
28 78
28 79
28 81
28 83
28 92
28 96
28 97
28 99
28 103
28 113
28 116
28 117
28 119
28 122
28 132
28 133
28 134
28 138
28 144
28 145
28 146
28 155
28 157
28 161
28 162
28 163
28 165
28 168
28 169
28 171
28 172
28 173
28 176
28 177
28 178
28 184
28 185
28 186
28 223
28 226
28 232
28 235
28 241
28 243
28 244
28 246
28 254
28 261
28 271
28 273
28 275
28 280
28 292
28 298
28 300
28 304
28 305
28 306
28 318
28 319
28 325
28 327
28 343
28 344
28 354
28 375
28 376
28 379
28 210
29 34
29 35
29 36
29 37
29 38
29 39
29 40
29 41
29 42
29 43
29 44
29 45
29 46
29 47
29 49
29 51
29 52
29 54
29 58
29 59
29 60
29 61
29 68
29 69
29 70
29 73
29 74
29 77
29 80
29 81
29 86
29 87
29 91
29 95
29 100
29 101
29 106
29 107
29 122
29 128
29 129
29 132
29 134
29 140
29 144
29 151
29 152
29 153
29 158
29 169
29 172
29 188
29 192
29 206
29 211
29 216
29 253
29 256
29 266
29 274
29 286
29 288
29 299
29 300
29 303
29 318
29 319
29 337
29 338
29 342
29 343
29 344
29 365
29 326
30 34
30 35
30 36
30 38
30 41
30 42
30 43
30 44
30 45
30 46
30 49
30 50
30 51
30 52
30 54
30 55
30 59
30 60
30 62
30 64
30 67
30 69
30 72
30 81
30 88
30 97
30 98
30 101
30 104
30 111
30 120
30 122
30 127
30 135
30 138
30 146
30 151
30 157
30 163
30 170
30 175
30 180
30 182
30 186
30 189
30 190
30 198
30 200
30 204
30 210
30 219
30 220
30 221
30 222
30 225
30 229
30 230
30 235
30 245
30 254
30 258
30 263
30 266
30 274
30 287
30 288
30 309
30 317
30 329
30 337
30 391
30 397
30 63
31 34
31 35
31 36
31 37
31 38
31 39
31 40
31 41
31 42
31 44
31 45
31 47
31 50
31 51
31 53
31 59
31 62
31 64
31 69
31 73
31 77
31 79
31 83
31 84
31 89
31 97
31 98
31 99
31 105
31 107
31 119
31 123
31 127
31 156
31 162
31 165
31 172
31 176
31 177
31 183
31 194
31 202
31 220
31 223
31 225
31 234
31 235
31 246
31 247
31 248
31 295
31 313
31 343
31 347
31 352
31 370
31 394
31 211
31 124
32 34
32 35
32 36
32 37
32 38
32 40
32 42
32 43
32 45
32 50
32 51
32 54
32 60
32 67
32 74
32 80
32 84
32 87
32 94
32 100
32 104
32 109
32 128
32 130
32 133
32 134
32 150
32 159
32 166
32 190
32 197
32 204
32 216
32 225
32 229
32 255
32 276
32 278
32 283
32 285
32 287
32 290
32 299
32 303
32 332
32 338
32 382
32 55
33 34
33 35
33 36
33 37
33 38
33 40
33 41
33 43
33 44
33 45
33 48
33 49
33 52
33 54
33 56
33 57
33 58
33 60
33 61
33 62
33 71
33 74
33 77
33 81
33 83
33 86
33 87
33 91
33 92
33 95
33 96
33 97
33 100
33 102
33 106
33 128
33 136
33 137
33 138
33 139
33 158
33 159
33 162
33 174
33 186
33 198
33 199
33 205
33 218
33 229
33 230
33 262
33 276
33 319
33 322
33 323
33 327
33 362
33 364
33 376
33 387
33 73
34 35
34 36
34 37
34 38
34 39
34 40
34 41
34 42
34 43
34 44
34 45
34 46
34 47
34 48
34 49
34 50
34 51
34 52
34 53
34 54
34 55
34 56
34 57
34 58
34 59
34 60
34 61
34 62
34 63
34 64
34 65
34 66
34 67
34 68
34 69
34 70
34 71
34 73
34 75
34 76
34 77
34 80
34 81
34 82
34 85
34 86
34 87
34 88
34 89
34 92
34 93
34 96
34 97
34 98
34 100
34 105
34 106
34 107
34 109
34 110
34 111
34 112
34 113
34 114
34 115
34 116
34 117
34 118
34 119
34 122
34 124
34 127
34 130
34 131
34 134
34 135
34 137
34 138
34 140
34 142
34 145
34 147
34 148
34 156
34 157
34 159
34 161
34 168
34 170
34 171
34 176
34 177
34 178
34 180
34 183
34 184
34 189
34 191
34 192
34 197
34 198
34 201
34 205
34 206
34 207
34 208
34 212
34 214
34 218
34 221
34 222
34 224
34 227
34 228
34 230
34 231
34 232
34 240
34 247
34 251
34 252
34 258
34 268
34 270
34 271
34 274
34 278
34 280
34 282
34 286
34 287
34 291
34 294
34 296
34 298
34 302
34 303
34 304
34 307
34 321
34 331
34 333
34 337
34 339
34 341
34 343
34 344
34 347
34 348
34 352
34 355
34 360
34 363
34 370
34 378
34 380
34 382
34 385
34 396
34 397
34 292
34 219
35 36
35 37
35 38
35 39
35 40
35 41
35 42
35 43
35 44
35 45
35 46
35 47
35 48
35 49
35 50
35 51
35 52
35 53
35 54
35 55
35 57
35 58
35 59
35 60
35 61
35 62
35 63
35 64
35 66
35 67
35 68
35 69
35 72
35 74
35 75
35 76
35 79
35 80
35 81
35 82
35 83
35 84
35 85
35 86
35 89
35 90
35 91
35 92
35 96
35 97
35 99
35 101
35 103
35 106
35 108
35 115
35 117
35 118
35 119
35 123
35 126
35 127
35 128
35 129
35 133
35 135
35 136
35 137
35 138
35 140
35 141
35 143
35 144
35 145
35 148
35 149
35 150
35 151
35 152
35 155
35 156
35 157
35 160
35 161
35 166
35 167
35 168
35 169
35 170
35 172
35 173
35 175
35 176
35 182
35 184
35 187
35 188
35 190
35 192
35 193
35 200
35 201
35 202
35 211
35 212
35 213
35 214
35 215
35 217
35 219
35 222
35 227
35 229
35 230
35 231
35 233
35 236
35 237
35 238
35 240
35 247
35 249
35 250
35 251
35 254
35 255
35 256
35 262
35 264
35 268
35 270
35 271
35 277
35 278
35 280
35 283
35 284
35 286
35 289
35 290
35 293
35 294
35 297
35 302
35 303
35 312
35 313
35 318
35 322
35 324
35 328
35 330
35 331
35 333
35 339
35 340
35 342
35 346
35 347
35 357
35 359
35 367
35 368
35 382
35 383
35 388
35 389
35 395
35 334
35 374
36 37
36 38
36 39
36 40
36 41
36 42
36 43
36 44
36 45
36 46
36 47
36 48
36 49
36 51
36 52
36 53
36 54
36 55
36 56
36 57
36 60
36 61
36 62
36 63
36 65
36 68
36 69
36 70
36 72
36 73
36 75
36 76
36 77
36 78
36 79
36 80
36 82
36 87
36 93
36 94
36 95
36 98
36 99
36 102
36 103
36 105
36 106
36 107
36 108
36 110
36 111
36 113
36 115
36 117
36 119
36 121
36 123
36 124
36 125
36 127
36 128
36 129
36 130
36 131
36 132
36 134
36 135
36 139
36 141
36 142
36 143
36 146
36 147
36 152
36 157
36 158
36 159
36 167
36 171
36 172
36 174
36 176
36 179
36 185
36 187
36 188
36 189
36 192
36 193
36 196
36 197
36 200
36 208
36 209
36 212
36 214
36 217
36 221
36 222
36 229
36 232
36 235
36 236
36 240
36 241
36 244
36 245
36 248
36 256
36 257
36 264
36 275
36 276
36 277
36 283
36 285
36 288
36 289
36 292
36 294
36 295
36 304
36 305
36 308
36 312
36 316
36 320
36 321
36 322
36 325
36 329
36 331
36 333
36 336
36 338
36 340
36 341
36 342
36 347
36 353
36 358
36 363
36 365
36 367
36 370
36 372
36 376
36 379
36 382
36 383
36 389
36 391
36 392
36 394
36 395
36 397
36 154
36 163
36 360
37 38
37 39
37 40
37 41
37 42
37 43
37 44
37 45
37 46
37 47
37 48
37 49
37 50
37 51
37 52
37 53
37 54
37 55
37 56
37 57
37 58
37 59
37 60
37 61
37 63
37 65
37 66
37 67
37 68
37 69
37 71
37 72
37 73
37 74
37 78
37 79
37 80
37 81
37 82
37 83
37 84
37 86
37 87
37 88
37 89
37 90
37 95
37 96
37 98
37 101
37 102
37 103
37 104
37 108
37 112
37 113
37 115
37 116
37 118
37 120
37 121
37 124
37 126
37 131
37 135
37 144
37 146
37 147
37 152
37 153
37 159
37 161
37 164
37 166
37 167
37 169
37 175
37 178
37 189
37 192
37 197
37 202
37 205
37 209
37 211
37 213
37 217
37 222
37 227
37 229
37 234
37 236
37 241
37 243
37 244
37 245
37 249
37 252
37 253
37 254
37 255
37 257
37 259
37 260
37 262
37 271
37 274
37 275
37 282
37 283
37 285
37 288
37 289
37 293
37 297
37 302
37 304
37 306
37 307
37 315
37 316
37 321
37 323
37 326
37 328
37 329
37 330
37 331
37 334
37 336
37 346
37 356
37 357
37 360
37 361
37 363
37 368
37 370
37 371
37 375
37 382
37 384
37 392
37 394
37 398
37 128
37 347
38 39
38 40
38 41
38 42
38 43
38 44
38 45
38 46
38 47
38 48
38 49
38 50
38 51
38 52
38 53
38 54
38 55
38 56
38 57
38 58
38 59
38 60
38 62
38 63
38 64
38 65
38 66
38 67
38 70
38 75
38 76
38 77
38 80
38 82
38 83
38 84
38 85
38 87
38 88
38 91
38 92
38 93
38 94
38 95
38 98
38 99
38 100
38 102
38 105
38 107
38 108
38 109
38 110
38 111
38 112
38 113
38 114
38 118
38 119
38 120
38 121
38 122
38 123
38 129
38 131
38 132
38 135
38 140
38 142
38 146
38 147
38 148
38 149
38 151
38 153
38 154
38 155
38 158
38 159
38 165
38 167
38 168
38 170
38 171
38 174
38 175
38 179
38 181
38 182
38 188
38 193
38 194
38 196
38 197
38 199
38 200
38 213
38 216
38 219
38 221
38 231
38 239
38 241
38 243
38 251
38 259
38 263
38 266
38 268
38 269
38 275
38 279
38 281
38 286
38 291
38 296
38 303
38 307
38 308
38 309
38 310
38 317
38 323
38 325
38 328
38 334
38 340
38 341
38 344
38 347
38 352
38 355
38 358
38 369
38 376
38 379
38 393
38 125
38 207
38 316
39 40
39 41
39 42
39 43
39 44
39 45
39 46
39 47
39 48
39 49
39 50
39 51
39 52
39 53
39 54
39 55
39 56
39 57
39 58
39 59
39 60
39 62
39 63
39 64
39 65
39 66
39 67
39 68
39 69
39 71
39 73
39 75
39 79
39 80
39 81
39 82
39 84
39 85
39 86
39 87
39 88
39 90
39 92
39 93
39 98
39 100
39 102
39 103
39 106
39 109
39 112
39 116
39 118
39 121
39 123
39 125
39 126
39 128
39 129
39 130
39 132
39 133
39 134
39 135
39 136
39 139
39 144
39 145
39 146
39 147
39 148
39 149
39 150
39 152
39 154
39 155
39 156
39 160
39 161
39 162
39 163
39 164
39 165
39 166
39 170
39 171
39 173
39 175
39 176
39 182
39 183
39 188
39 191
39 193
39 198
39 203
39 207
39 209
39 210
39 211
39 213
39 214
39 217
39 221
39 226
39 230
39 233
39 238
39 245
39 247
39 248
39 249
39 258
39 261
39 262
39 268
39 269
39 270
39 274
39 275
39 276
39 277
39 279
39 283
39 285
39 289
39 295
39 299
39 301
39 309
39 312
39 313
39 315
39 321
39 322
39 323
39 328
39 332
39 333
39 334
39 349
39 350
39 356
39 365
39 377
39 383
39 386
39 391
39 392
39 393
39 396
39 142
39 351
39 375
40 41
40 42
40 43
40 44
40 45
40 46
40 47
40 48
40 49
40 50
40 51
40 52
40 53
40 54
40 55
40 60
40 61
40 62
40 63
40 64
40 65
40 66
40 67
40 69
40 70
40 71
40 72
40 73
40 76
40 80
40 81
40 82
40 83
40 84
40 85
40 87
40 94
40 96
40 97
40 99
40 103
40 104
40 109
40 110
40 111
40 112
40 115
40 117
40 118
40 124
40 127
40 130
40 131
40 132
40 135
40 137
40 138
40 139
40 140
40 142
40 144
40 146
40 150
40 155
40 156
40 157
40 160
40 163
40 166
40 169
40 170
40 178
40 181
40 183
40 184
40 188
40 191
40 193
40 199
40 202
40 215
40 216
40 218
40 229
40 232
40 236
40 241
40 242
40 253
40 261
40 262
40 266
40 267
40 269
40 270
40 272
40 273
40 279
40 296
40 298
40 299
40 302
40 304
40 305
40 307
40 312
40 314
40 320
40 325
40 334
40 338
40 343
40 344
40 358
40 360
40 364
40 366
40 372
40 377
40 384
40 56
41 42
41 43
41 44
41 45
41 46
41 47
41 48
41 49
41 50
41 51
41 53
41 54
41 55
41 56
41 57
41 58
41 59
41 60
41 61
41 62
41 63
41 64
41 65
41 66
41 68
41 69
41 70
41 71
41 73
41 75
41 76
41 77
41 78
41 79
41 80
41 83
41 85
41 87
41 89
41 91
41 92
41 95
41 97
41 102
41 103
41 104
41 105
41 106
41 107
41 108
41 109
41 110
41 111
41 112
41 115
41 117
41 120
41 123
41 125
41 127
41 128
41 131
41 132
41 134
41 138
41 139
41 142
41 143
41 144
41 145
41 146
41 150
41 152
41 155
41 157
41 161
41 162
41 163
41 165
41 175
41 179
41 181
41 189
41 191
41 195
41 197
41 212
41 213
41 216
41 219
41 223
41 226
41 228
41 232
41 233
41 236
41 239
41 243
41 244
41 249
41 253
41 257
41 262
41 271
41 282
41 292
41 294
41 295
41 297
41 301
41 309
41 315
41 320
41 322
41 328
41 331
41 333
41 337
41 338
41 345
41 351
41 353
41 367
41 369
41 371
41 374
41 376
41 384
41 387
41 389
41 247
41 399
42 43
42 44
42 45
42 46
42 47
42 48
42 49
42 50
42 51
42 52
42 53
42 54
42 55
42 56
42 57
42 59
42 60
42 64
42 65
42 66
42 67
42 68
42 69
42 70
42 72
42 74
42 75
42 77
42 78
42 80
42 82
42 83
42 84
42 85
42 86
42 88
42 89
42 91
42 92
42 93
42 95
42 96
42 97
42 98
42 100
42 105
42 108
42 113
42 115
42 116
42 122
42 123
42 127
42 128
42 130
42 133
42 137
42 138
42 139
42 143
42 147
42 151
42 152
42 153
42 154
42 156
42 161
42 163
42 169
42 174
42 178
42 180
42 184
42 185
42 187
42 194
42 195
42 201
42 202
42 207
42 210
42 212
42 214
42 219
42 224
42 225
42 227
42 228
42 230
42 236
42 238
42 239
42 240
42 242
42 259
42 261
42 263
42 265
42 267
42 278
42 283
42 285
42 291
42 292
42 293
42 295
42 302
42 303
42 306
42 308
42 312
42 314
42 317
42 320
42 324
42 326
42 332
42 337
42 345
42 346
42 350
42 354
42 363
42 366
42 384
42 388
42 397
42 222
42 348
43 44
43 45
43 46
43 47
43 48
43 49
43 50
43 51
43 52
43 53
43 54
43 55
43 56
43 59
43 60
43 61
43 62
43 63
43 66
43 67
43 69
43 72
43 73
43 74
43 76
43 77
43 82
43 83
43 84
43 86
43 87
43 89
43 96
43 97
43 98
43 100
43 104
43 107
43 109
43 111
43 112
43 113
43 117
43 119
43 122
43 125
43 126
43 128
43 129
43 130
43 133
43 135
43 138
43 139
43 140
43 144
43 145
43 147
43 150
43 152
43 157
43 158
43 161
43 169
43 171
43 177
43 179
43 185
43 200
43 202
43 208
43 209
43 211
43 212
43 213
43 214
43 216
43 219
43 223
43 230
43 241
43 242
43 248
43 251
43 253
43 257
43 259
43 262
43 269
43 272
43 274
43 276
43 279
43 283
43 287
43 295
43 298
43 301
43 304
43 321
43 323
43 325
43 326
43 333
43 334
43 345
43 348
43 349
43 355
43 361
43 381
43 382
43 388
43 392
43 394
43 397
43 369
44 45
44 46
44 47
44 48
44 49
44 50
44 51
44 52
44 53
44 56
44 58
44 60
44 61
44 62
44 63
44 64
44 65
44 66
44 67
44 69
44 70
44 71
44 72
44 73
44 74
44 75
44 76
44 77
44 79
44 80
44 81
44 83
44 84
44 87
44 89
44 90
44 92
44 93
44 94
44 95
44 96
44 98
44 99
44 102
44 105
44 106
44 108
44 112
44 114
44 115
44 117
44 119
44 120
44 121
44 122
44 123
44 124
44 125
44 126
44 127
44 128
44 129
44 132
44 134
44 137
44 138
44 139
44 141
44 144
44 148
44 153
44 157
44 159
44 160
44 165
44 166
44 168
44 169
44 170
44 171
44 175
44 180
44 182
44 184
44 188
44 189
44 190
44 195
44 197
44 198
44 199
44 200
44 203
44 206
44 209
44 210
44 222
44 223
44 224
44 226
44 227
44 230
44 231
44 234
44 235
44 246
44 249
44 251
44 252
44 261
44 268
44 273
44 277
44 279
44 293
44 294
44 302
44 309
44 316
44 320
44 327
44 329
44 334
44 336
44 346
44 355
44 357
44 358
44 363
44 364
44 369
44 370
44 374
44 377
44 389
44 395
44 78
44 113
44 118
45 46
45 47
45 48
45 49
45 50
45 52
45 53
45 55
45 56
45 57
45 59
45 61
45 64
45 67
45 68
45 69
45 71
45 74
45 75
45 76
45 77
45 78
45 80
45 81
45 83
45 84
45 85
45 87
45 88
45 94
45 95
45 97
45 98
45 99
45 103
45 106
45 110
45 111
45 112
45 113
45 117
45 118
45 121
45 125
45 126
45 128
45 129
45 133
45 134
45 137
45 138
45 139
45 140
45 141
45 142
45 143
45 144
45 145
45 147
45 148
45 150
45 153
45 156
45 163
45 171
45 176
45 179
45 180
45 186
45 187
45 188
45 190
45 203
45 204
45 220
45 221
45 223
45 236
45 237
45 238
45 240
45 241
45 243
45 248
45 251
45 254
45 259
45 261
45 270
45 272
45 278
45 279
45 281
45 292
45 305
45 308
45 311
45 318
45 327
45 328
45 333
45 344
45 345
45 346
45 348
45 358
45 363
45 364
45 378
45 381
45 383
45 390
45 218
45 212
46 47
46 48
46 49
46 50
46 51
46 52
46 53
46 54
46 55
46 57
46 58
46 59
46 60
46 61
46 62
46 63
46 64
46 65
46 66
46 68
46 70
46 71
46 72
46 74
46 76
46 77
46 79
46 81
46 83
46 84
46 86
46 87
46 88
46 89
46 90
46 92
46 94
46 98
46 99
46 100
46 103
46 105
46 110
46 114
46 115
46 117
46 121
46 124
46 129
46 134
46 136
46 138
46 140
46 147
46 150
46 151
46 152
46 153
46 154
46 155
46 158
46 159
46 161
46 162
46 165
46 170
46 171
46 173
46 178
46 179
46 183
46 184
46 189
46 191
46 192
46 196
46 197
46 205
46 208
46 210
46 211
46 212
46 213
46 215
46 216
46 218
46 221
46 224
46 227
46 232
46 235
46 236
46 240
46 241
46 246
46 248
46 249
46 252
46 263
46 267
46 270
46 272
46 278
46 279
46 281
46 283
46 285
46 293
46 298
46 304
46 306
46 310
46 311
46 317
46 318
46 330
46 332
46 335
46 336
46 338
46 339
46 345
46 353
46 360
46 369
46 374
46 375
46 383
46 393
46 200
47 48
47 49
47 50
47 51
47 52
47 53
47 54
47 55
47 56
47 57
47 59
47 60
47 62
47 64
47 66
47 68
47 69
47 70
47 71
47 72
47 74
47 75
47 76
47 77
47 78
47 79
47 80
47 81
47 82
47 83
47 87
47 88
47 91
47 92
47 96
47 97
47 98
47 100
47 101
47 102
47 105
47 106
47 107
47 109
47 110
47 111
47 113
47 117
47 121
47 122
47 125
47 127
47 133
47 136
47 137
47 139
47 146
47 148
47 152
47 153
47 157
47 158
47 159
47 164
47 165
47 169
47 170
47 173
47 176
47 184
47 186
47 189
47 190
47 191
47 194
47 196
47 197
47 198
47 199
47 201
47 205
47 209
47 213
47 215
47 220
47 221
47 222
47 224
47 225
47 227
47 229
47 239
47 240
47 241
47 246
47 247
47 252
47 259
47 260
47 261
47 262
47 268
47 269
47 272
47 277
47 279
47 280
47 283
47 286
47 287
47 288
47 293
47 294
47 297
47 322
47 323
47 327
47 328
47 329
47 337
47 340
47 351
47 356
47 371
47 373
47 378
47 382
47 393
47 93
47 144
48 49
48 50
48 51
48 52
48 53
48 55
48 57
48 58
48 59
48 62
48 67
48 68
48 69
48 71
48 73
48 75
48 77
48 78
48 81
48 85
48 88
48 89
48 90
48 91
48 97
48 99
48 101
48 102
48 103
48 104
48 105
48 109
48 112
48 119
48 121
48 122
48 128
48 129
48 135
48 141
48 142
48 144
48 145
48 146
48 149
48 152
48 155
48 156
48 158
48 160
48 161
48 163
48 172
48 175
48 176
48 178
48 183
48 185
48 199
48 202
48 205
48 207
48 208
48 215
48 217
48 218
48 219
48 220
48 224
48 231
48 232
48 234
48 235
48 240
48 245
48 254
48 257
48 260
48 263
48 264
48 283
48 286
48 294
48 314
48 316
48 330
48 348
48 349
48 350
48 351
48 360
48 373
48 376
49 50
49 51
49 52
49 53
49 54
49 55
49 56
49 58
49 59
49 65
49 66
49 67
49 69
49 75
49 77
49 78
49 82
49 86
49 87
49 90
49 91
49 93
49 94
49 95
49 98
49 106
49 109
49 111
49 114
49 118
49 119
49 120
49 123
49 128
49 129
49 130
49 131
49 132
49 140
49 143
49 145
49 147
49 149
49 151
49 154
49 156
49 158
49 159
49 160
49 164
49 165
49 166
49 168
49 170
49 172
49 174
49 178
49 183
49 185
49 191
49 192
49 195
49 198
49 204
49 205
49 206
49 213
49 216
49 217
49 218
49 219
49 227
49 229
49 230
49 231
49 233
49 234
49 237
49 246
49 256
49 257
49 258
49 266
49 267
49 271
49 273
49 274
49 275
49 281
49 294
49 295
49 297
49 298
49 316
49 334
49 337
49 340
49 343
49 345
49 349
49 353
49 359
49 360
49 375
49 378
49 379
49 393
49 399
50 51
50 52
50 53
50 54
50 55
50 56
50 58
50 59
50 60
50 61
50 62
50 63
50 65
50 66
50 68
50 71
50 73
50 74
50 75
50 76
50 77
50 78
50 84
50 87
50 90
50 91
50 92
50 95
50 96
50 103
50 107
50 116
50 122
50 123
50 125
50 126
50 127
50 130
50 131
50 135
50 136
50 140
50 142
50 146
50 162
50 177
50 178
50 185
50 186
50 193
50 200
50 210
50 214
50 218
50 220
50 225
50 226
50 229
50 234
50 235
50 238
50 244
50 247
50 252
50 254
50 260
50 262
50 269
50 278
50 280
50 281
50 292
50 296
50 301
50 306
50 310
50 316
50 317
50 329
50 332
50 335
50 336
50 339
50 340
50 341
50 343
50 358
50 360
50 364
50 370
50 371
50 379
50 382
50 391
50 393
50 398
50 237
51 52
51 53
51 54
51 55
51 56
51 58
51 59
51 60
51 61
51 62
51 63
51 64
51 68
51 71
51 72
51 74
51 78
51 79
51 81
51 86
51 87
51 91
51 94
51 95
51 96
51 101
51 102
51 103
51 104
51 105
51 107
51 108
51 109
51 113
51 116
51 120
51 121
51 124
51 125
51 128
51 140
51 144
51 145
51 147
51 150
51 152
51 154
51 161
51 162
51 168
51 170
51 171
51 174
51 176
51 181
51 182
51 195
51 196
51 203
51 206
51 219
51 226
51 234
51 237
51 249
51 252
51 253
51 254
51 259
51 270
51 274
51 275
51 276
51 286
51 308
51 309
51 312
51 336
51 353
51 358
51 360
51 363
51 385
51 398
51 65
52 53
52 54
52 55
52 56
52 57
52 58
52 59
52 60
52 62
52 65
52 67
52 70
52 72
52 73
52 75
52 78
52 79
52 81
52 82
52 83
52 86
52 88
52 90
52 93
52 95
52 96
52 97
52 108
52 111
52 113
52 114
52 117
52 121
52 122
52 132
52 133
52 138
52 141
52 142
52 143
52 144
52 149
52 157
52 162
52 163
52 164
52 166
52 167
52 178
52 180
52 187
52 188
52 189
52 190
52 192
52 195
52 199
52 200
52 201
52 210
52 211
52 213
52 225
52 237
52 244
52 247
52 250
52 261
52 263
52 264
52 267
52 279
52 292
52 294
52 298
52 307
52 310
52 311
52 313
52 316
52 318
52 331
52 332
52 335
52 341
52 344
52 345
52 346
52 352
52 366
52 370
52 372
52 377
52 382
52 385
52 360
52 105
52 136
52 246
52 367
53 54
53 55
53 56
53 57
53 58
53 59
53 60
53 61
53 62
53 63
53 64
53 66
53 68
53 71
53 73
53 78
53 79
53 80
53 81
53 82
53 85
53 88
53 90
53 92
53 94
53 100
53 105
53 109
53 110
53 113
53 115
53 116
53 120
53 122
53 124
53 133
53 134
53 135
53 138
53 146
53 148
53 153
53 154
53 155
53 156
53 164
53 166
53 168
53 174
53 176
53 177
53 182
53 186
53 190
53 200
53 201
53 203
53 206
53 217
53 218
53 222
53 223
53 224
53 228
53 239
53 247
53 256
53 277
53 283
53 291
53 299
53 305
53 308
53 310
53 312
53 344
53 354
53 356
53 361
53 363
53 378
53 379
53 381
53 384
53 386
53 388
53 393
53 395
53 397
53 398
53 399
53 128
53 209
54 55
54 56
54 57
54 58
54 59
54 62
54 63
54 64
54 65
54 67
54 68
54 69
54 70
54 71
54 75
54 76
54 78
54 81
54 83
54 84
54 85
54 86
54 87
54 88
54 90
54 91
54 94
54 96
54 97
54 98
54 99
54 100
54 101
54 102
54 103
54 104
54 105
54 106
54 107
54 114
54 120
54 121
54 122
54 123
54 124
54 130
54 133
54 135
54 137
54 139
54 148
54 149
54 154
54 157
54 158
54 162
54 173
54 178
54 180
54 183
54 185
54 195
54 210
54 218
54 221
54 228
54 230
54 231
54 232
54 235
54 239
54 241
54 242
54 244
54 253
54 257
54 261
54 263
54 270
54 271
54 273
54 284
54 292
54 298
54 300
54 304
54 311
54 317
54 318
54 319
54 322
54 332
54 343
54 347
54 350
54 356
54 361
54 364
54 368
54 388
54 395
54 398
54 72
54 358
54 362
55 56
55 57
55 60
55 63
55 64
55 65
55 66
55 69
55 70
55 72
55 73
55 74
55 75
55 76
55 77
55 78
55 79
55 80
55 81
55 82
55 83
55 84
55 93
55 94
55 95
55 100
55 101
55 105
55 114
55 115
55 116
55 120
55 121
55 122
55 123
55 124
55 128
55 132
55 134
55 138
55 139
55 141
55 143
55 145
55 148
55 149
55 150
55 154
55 156
55 161
55 162
55 165
55 166
55 168
55 169
55 171
55 172
55 173
55 177
55 182
55 183
55 184
55 187
55 188
55 189
55 192
55 205
55 207
55 208
55 215
55 225
55 230
55 231
55 239
55 244
55 249
55 250
55 255
55 257
55 259
55 261
55 263
55 264
55 266
55 270
55 271
55 272
55 274
55 284
55 287
55 288
55 290
55 291
55 292
55 293
55 296
55 301
55 307
55 322
55 323
55 328
55 342
55 348
55 352
55 356
55 362
55 364
55 365
55 369
55 377
55 379
55 380
55 382
55 390
55 398
55 243
56 57
56 59
56 61
56 62
56 64
56 65
56 66
56 68
56 72
56 73
56 74
56 76
56 77
56 78
56 81
56 82
56 84
56 86
56 87
56 91
56 94
56 99
56 111
56 113
56 116
56 125
56 128
56 133
56 137
56 138
56 142
56 145
56 149
56 151
56 153
56 155
56 156
56 158
56 160
56 167
56 168
56 169
56 170
56 173
56 178
56 179
56 184
56 185
56 195
56 196
56 198
56 199
56 202
56 203
56 212
56 213
56 214
56 217
56 226
56 227
56 228
56 230
56 231
56 233
56 239
56 247
56 258
56 259
56 261
56 263
56 266
56 267
56 271
56 292
56 293
56 294
56 295
56 297
56 298
56 299
56 301
56 305
56 307
56 316
56 319
56 320
56 326
56 345
56 347
56 348
56 352
56 356
56 359
56 364
56 368
56 369
56 373
56 377
56 380
56 388
56 389
56 392
56 396
56 80
56 177
57 58
57 59
57 62
57 66
57 67
57 68
57 69
57 75
57 77
57 79
57 80
57 81
57 83
57 85
57 87
57 89
57 94
57 95
57 97
57 98
57 101
57 103
57 107
57 108
57 109
57 110
57 112
57 117
57 118
57 120
57 125
57 126
57 127
57 129
57 132
57 158
57 159
57 164
57 169
57 170
57 172
57 175
57 185
57 190
57 191
57 193
57 195
57 199
57 204
57 205
57 207
57 209
57 213
57 222
57 223
57 225
57 232
57 233
57 235
57 239
57 246
57 250
57 255
57 260
57 269
57 284
57 289
57 306
57 308
57 318
57 322
57 323
57 326
57 330
57 333
57 336
57 337
57 346
57 347
57 351
57 352
57 354
57 361
57 370
57 381
57 397
57 399
57 201
58 60
58 63
58 64
58 65
58 67
58 70
58 71
58 72
58 73
58 83
58 84
58 93
58 94
58 97
58 98
58 99
58 101
58 103
58 106
58 108
58 110
58 114
58 120
58 121
58 131
58 134
58 148
58 150
58 161
58 163
58 172
58 178
58 184
58 185
58 208
58 214
58 218
58 220
58 223
58 227
58 232
58 234
58 236
58 239
58 240
58 244
58 255
58 256
58 265
58 267
58 272
58 284
58 292
58 295
58 299
58 309
58 310
58 321
58 328
58 351
58 373
58 374
58 380
58 384
58 386
58 82
59 60
59 62
59 63
59 64
59 65
59 66
59 68
59 70
59 72
59 73
59 74
59 76
59 77
59 78
59 79
59 82
59 83
59 85
59 86
59 90
59 91
59 93
59 94
59 97
59 99
59 101
59 102
59 103
59 105
59 109
59 110
59 116
59 118
59 125
59 130
59 131
59 133
59 135
59 136
59 144
59 151
59 161
59 167
59 169
59 170
59 173
59 175
59 181
59 184
59 193
59 204
59 212
59 215
59 220
59 222
59 223
59 225
59 228
59 232
59 242
59 246
59 250
59 263
59 265
59 276
59 277
59 286
59 290
59 291
59 300
59 301
59 315
59 318
59 323
59 325
59 326
59 332
59 337
59 341
59 346
59 354
59 360
59 362
59 370
59 374
59 376
59 379
59 380
59 389
59 392
59 396
59 398
60 62
60 68
60 69
60 71
60 72
60 73
60 75
60 77
60 79
60 82
60 83
60 84
60 85
60 89
60 93
60 94
60 101
60 102
60 105
60 107
60 109
60 111
60 113
60 114
60 115
60 119
60 126
60 129
60 130
60 131
60 135
60 136
60 137
60 140
60 143
60 144
60 148
60 150
60 156
60 158
60 159
60 166
60 167
60 171
60 172
60 174
60 175
60 185
60 195
60 206
60 216
60 218
60 219
60 221
60 222
60 229
60 233
60 234
60 246
60 247
60 249
60 251
60 269
60 277
60 311
60 313
60 327
60 328
60 335
60 340
60 341
60 347
60 350
60 353
60 365
60 374
60 375
60 378
60 383
60 387
60 170
61 62
61 63
61 64
61 65
61 66
61 67
61 68
61 70
61 71
61 72
61 76
61 77
61 79
61 84
61 87
61 89
61 90
61 91
61 93
61 98
61 99
61 104
61 108
61 109
61 111
61 115
61 116
61 118
61 119
61 120
61 123
61 124
61 127
61 128
61 130
61 131
61 132
61 133
61 136
61 140
61 145
61 151
61 154
61 159
61 164
61 165
61 168
61 173
61 175
61 178
61 180
61 182
61 190
61 194
61 196
61 198
61 202
61 204
61 206
61 211
61 214
61 218
61 219
61 221
61 225
61 229
61 233
61 236
61 237
61 240
61 243
61 252
61 257
61 270
61 278
61 281
61 283
61 286
61 300
61 302
61 306
61 309
61 311
61 313
61 319
61 333
61 345
61 347
61 351
61 358
61 362
61 363
61 369
61 379
61 387
61 394
61 396
61 399
62 63
62 65
62 67
62 69
62 73
62 74
62 76
62 77
62 78
62 79
62 82
62 83
62 85
62 89
62 93
62 94
62 96
62 103
62 104
62 107
62 109
62 110
62 113
62 119
62 122
62 125
62 128
62 130
62 131
62 132
62 138
62 139
62 141
62 145
62 154
62 158
62 170
62 172
62 175
62 181
62 185
62 188
62 190
62 191
62 193
62 194
62 198
62 201
62 205
62 210
62 211
62 214
62 215
62 222
62 224
62 225
62 227
62 228
62 236
62 251
62 263
62 269
62 274
62 294
62 302
62 304
62 315
62 319
62 320
62 325
62 333
62 346
62 353
62 354
62 355
62 356
62 357
62 358
62 359
62 360
62 374
62 378
62 379
62 382
62 387
62 396
63 65
63 66
63 70
63 72
63 74
63 78
63 79
63 80
63 81
63 82
63 84
63 85
63 86
63 89
63 90
63 93
63 94
63 100
63 101
63 102
63 103
63 104
63 108
63 110
63 111
63 115
63 118
63 120
63 121
63 123
63 125
63 128
63 129
63 132
63 133
63 134
63 137
63 139
63 140
63 142
63 143
63 144
63 145
63 146
63 148
63 149
63 151
63 152
63 155
63 169
63 172
63 175
63 176
63 178
63 183
63 185
63 195
63 199
63 203
63 208
63 210
63 214
63 216
63 220
63 221
63 227
63 233
63 235
63 237
63 240
63 241
63 245
63 247
63 250
63 257
63 260
63 265
63 266
63 269
63 272
63 273
63 275
63 276
63 281
63 282
63 284
63 288
63 291
63 295
63 297
63 301
63 305
63 308
63 314
63 328
63 332
63 333
63 344
63 347
63 353
63 355
63 356
63 364
63 370
63 371
63 376
63 385
63 395
63 397
63 68
63 192
64 69
64 70
64 74
64 76
64 78
64 81
64 87
64 88
64 89
64 90
64 91
64 92
64 93
64 97
64 98
64 103
64 104
64 106
64 107
64 111
64 112
64 113
64 118
64 119
64 120
64 121
64 126
64 131
64 132
64 152
64 156
64 158
64 159
64 164
64 169
64 170
64 174
64 177
64 179
64 189
64 194
64 199
64 200
64 208
64 228
64 229
64 230
64 231
64 232
64 239
64 240
64 242
64 245
64 252
64 255
64 257
64 258
64 263
64 273
64 275
64 277
64 279
64 280
64 284
64 292
64 294
64 303
64 305
64 317
64 333
64 336
64 343
64 348
64 351
64 352
64 353
64 354
64 355
64 360
64 363
64 364
64 368
64 370
64 373
64 374
64 377
64 389
64 390
64 395
64 396
64 398
64 330
65 69
65 70
65 77
65 79
65 80
65 81
65 83
65 84
65 85
65 86
65 88
65 89
65 91
65 92
65 95
65 99
65 107
65 111
65 112
65 121
65 122
65 125
65 126
65 129
65 137
65 140
65 144
65 146
65 148
65 151
65 160
65 165
65 168
65 181
65 187
65 188
65 189
65 192
65 206
65 210
65 212
65 213
65 222
65 223
65 233
65 234
65 240
65 243
65 247
65 250
65 261
65 267
65 270
65 272
65 283
65 303
65 305
65 322
65 324
65 329
65 343
65 344
65 345
65 346
65 353
65 360
65 364
65 366
65 368
65 377
65 380
65 385
65 389
65 394
65 396
65 398
65 399
65 155
65 226
66 68
66 69
66 70
66 71
66 76
66 82
66 83
66 89
66 91
66 92
66 94
66 95
66 99
66 100
66 101
66 102
66 103
66 108
66 110
66 116
66 117
66 123
66 126
66 136
66 137
66 139
66 143
66 153
66 155
66 157
66 162
66 164
66 172
66 178
66 179
66 181
66 184
66 188
66 193
66 194
66 196
66 200
66 206
66 207
66 215
66 220
66 226
66 242
66 248
66 250
66 260
66 266
66 273
66 274
66 285
66 288
66 301
66 305
66 314
66 335
66 346
66 352
66 353
66 354
66 361
66 368
66 374
66 376
66 395
66 295
67 68
67 69
67 70
67 73
67 74
67 75
67 76
67 79
67 80
67 85
67 86
67 89
67 90
67 91
67 93
67 94
67 95
67 96
67 97
67 100
67 104
67 107
67 108
67 109
67 110
67 114
67 115
67 119
67 126
67 129
67 132
67 134
67 140
67 142
67 143
67 145
67 146
67 148
67 154
67 161
67 163
67 165
67 172
67 176
67 182
67 183
67 188
67 191
67 200
67 201
67 207
67 211
67 213
67 214
67 216
67 222
67 232
67 237
67 239
67 249
67 251
67 253
67 254
67 257
67 261
67 264
67 269
67 274
67 278
67 279
67 284
67 289
67 291
67 293
67 300
67 308
67 314
67 317
67 318
67 321
67 323
67 327
67 331
67 332
67 339
67 347
67 349
67 368
67 378
67 381
67 383
67 391
67 394
67 83
67 227
68 71
68 73
68 76
68 82
68 83
68 85
68 86
68 91
68 93
68 95
68 96
68 97
68 98
68 99
68 100
68 104
68 105
68 106
68 107
68 112
68 116
68 118
68 121
68 122
68 123
68 124
68 127
68 132
68 157
68 161
68 162
68 177
68 180
68 186
68 198
68 199
68 212
68 215
68 240
68 241
68 243
68 245
68 250
68 251
68 252
68 258
68 259
68 268
68 270
68 273
68 274
68 276
68 284
68 287
68 294
68 301
68 305
68 322
68 323
68 330
68 339
68 342
68 356
68 357
68 366
68 367
68 371
68 377
68 389
68 391
68 248
68 346
69 73
69 76
69 77
69 79
69 88
69 90
69 91
69 93
69 97
69 99
69 102
69 103
69 106
69 109
69 113
69 114
69 117
69 120
69 130
69 140
69 147
69 151
69 153
69 155
69 157
69 159
69 162
69 163
69 168
69 175
69 178
69 179
69 181
69 183
69 184
69 191
69 196
69 197
69 204
69 205
69 207
69 211
69 216
69 217
69 220
69 222
69 233
69 235
69 237
69 247
69 248
69 250
69 251
69 255
69 256
69 260
69 282
69 288
69 296
69 297
69 298
69 306
69 307
69 315
69 317
69 325
69 328
69 344
69 355
69 378
69 392
69 267
70 72
70 73
70 75
70 77
70 81
70 86
70 87
70 90
70 96
70 99
70 101
70 104
70 111
70 112
70 114
70 115
70 120
70 121
70 123
70 126
70 127
70 128
70 130
70 132
70 137
70 138
70 142
70 150
70 154
70 156
70 157
70 158
70 161
70 163
70 166
70 167
70 174
70 180
70 181
70 182
70 187
70 188
70 190
70 197
70 198
70 203
70 213
70 214
70 226
70 227
70 228
70 236
70 238
70 239
70 242
70 243
70 244
70 248
70 250
70 251
70 253
70 262
70 265
70 266
70 267
70 285
70 287
70 298
70 299
70 301
70 316
70 317
70 319
70 321
70 323
70 324
70 325
70 326
70 332
70 341
70 360
70 363
70 372
70 375
70 377
70 382
70 387
70 398
70 338
70 103
71 72
71 73
71 75
71 76
71 78
71 80
71 84
71 93
71 96
71 98
71 106
71 107
71 108
71 109
71 110
71 111
71 113
71 114
71 116
71 117
71 120
71 122
71 130
71 131
71 140
71 146
71 148
71 149
71 151
71 153
71 154
71 155
71 160
71 162
71 163
71 166
71 169
71 170
71 171
71 173
71 174
71 179
71 180
71 181
71 188
71 193
71 194
71 195
71 196
71 198
71 199
71 200
71 202
71 203
71 207
71 209
71 223
71 239
71 245
71 247
71 248
71 255
71 260
71 261
71 272
71 273
71 274
71 287
71 289
71 291
71 308
71 324
71 330
71 336
71 338
71 344
71 350
71 354
71 359
71 375
71 385
71 387
71 392
71 394
71 399
71 206
72 73
72 74
72 78
72 86
72 90
72 92
72 93
72 95
72 99
72 102
72 103
72 104
72 106
72 116
72 117
72 118
72 145
72 146
72 148
72 152
72 156
72 161
72 164
72 169
72 170
72 172
72 178
72 179
72 188
72 189
72 197
72 198
72 199
72 208
72 214
72 215
72 216
72 222
72 233
72 241
72 242
72 244
72 246
72 255
72 259
72 266
72 272
72 275
72 276
72 278
72 283
72 296
72 313
72 323
72 326
72 328
72 329
72 346
72 357
72 371
72 373
72 385
72 399
73 77
73 83
73 84
73 85
73 89
73 90
73 91
73 92
73 93
73 97
73 100
73 101
73 105
73 113
73 114
73 115
73 116
73 122
73 123
73 125
73 126
73 133
73 135
73 144
73 152
73 155
73 160
73 165
73 168
73 183
73 184
73 188
73 190
73 194
73 198
73 199
73 227
73 228
73 239
73 251
73 270
73 273
73 287
73 299
73 304
73 306
73 307
73 311
73 314
73 317
73 321
73 325
73 331
73 340
73 350
73 352
73 354
73 364
73 365
73 371
73 386
73 391
73 397
73 234
73 107
73 186
74 76
74 80
74 81
74 82
74 83
74 86
74 88
74 92
74 96
74 98
74 101
74 105
74 108
74 112
74 119
74 134
74 140
74 141
74 143
74 144
74 146
74 148
74 156
74 160
74 162
74 163
74 164
74 165
74 171
74 173
74 175
74 178
74 179
74 180
74 181
74 182
74 183
74 185
74 187
74 188
74 196
74 200
74 204
74 209
74 228
74 232
74 235
74 246
74 248
74 250
74 258
74 259
74 260
74 265
74 285
74 292
74 295
74 304
74 307
74 321
74 327
74 332
74 335
74 336
74 341
74 351
74 352
74 357
74 359
74 364
74 366
74 369
74 371
74 374
74 380
74 381
74 384
74 390
74 283
74 290
75 76
75 77
75 78
75 86
75 88
75 90
75 91
75 95
75 96
75 105
75 108
75 111
75 112
75 113
75 116
75 118
75 120
75 122
75 124
75 127
75 140
75 144
75 146
75 152
75 153
75 156
75 157
75 161
75 168
75 170
75 173
75 177
75 181
75 182
75 187
75 195
75 214
75 221
75 224
75 228
75 232
75 233
75 234
75 238
75 239
75 240
75 243
75 252
75 254
75 261
75 270
75 281
75 283
75 284
75 290
75 305
75 306
75 316
75 325
75 339
75 340
75 345
75 346
75 352
75 355
75 359
75 365
75 368
75 372
75 373
75 375
75 386
75 392
75 363
76 77
76 79
76 86
76 88
76 90
76 92
76 94
76 110
76 111
76 112
76 118
76 120
76 121
76 127
76 128
76 137
76 150
76 153
76 159
76 160
76 167
76 169
76 178
76 185
76 188
76 189
76 192
76 197
76 200
76 201
76 206
76 223
76 233
76 240
76 249
76 256
76 269
76 275
76 279
76 280
76 283
76 296
76 302
76 320
76 323
76 341
76 350
76 358
76 363
76 366
76 377
76 384
77 78
77 80
77 82
77 84
77 85
77 88
77 90
77 94
77 96
77 98
77 100
77 104
77 106
77 109
77 110
77 113
77 114
77 119
77 123
77 125
77 128
77 129
77 131
77 132
77 141
77 142
77 145
77 164
77 168
77 171
77 176
77 180
77 188
77 189
77 202
77 204
77 210
77 216
77 219
77 221
77 226
77 231
77 252
77 256
77 263
77 267
77 280
77 281
77 286
77 315
77 319
77 321
77 322
77 338
77 345
77 348
77 355
77 368
77 369
77 381
77 118
77 156
78 79
78 82
78 83
78 84
78 91
78 94
78 97
78 99
78 105
78 106
78 108
78 110
78 111
78 116
78 118
78 120
78 121
78 123
78 128
78 134
78 153
78 159
78 161
78 165
78 173
78 177
78 179
78 199
78 201
78 204
78 211
78 216
78 217
78 229
78 230
78 231
78 240
78 241
78 249
78 250
78 253
78 262
78 275
78 280
78 286
78 291
78 295
78 297
78 308
78 321
78 333
78 341
78 358
78 362
78 376
78 380
78 381
78 386
78 394
78 397
78 312
79 80
79 81
79 83
79 88
79 89
79 91
79 92
79 94
79 98
79 102
79 103
79 105
79 106
79 107
79 110
79 111
79 112
79 113
79 114
79 117
79 124
79 129
79 131
79 133
79 134
79 135
79 137
79 140
79 141
79 143
79 144
79 147
79 153
79 155
79 157
79 166
79 168
79 172
79 177
79 180
79 185
79 188
79 190
79 195
79 197
79 198
79 200
79 202
79 203
79 207
79 212
79 216
79 218
79 220
79 221
79 223
79 230
79 237
79 241
79 247
79 249
79 251
79 254
79 256
79 257
79 258
79 266
79 268
79 271
79 272
79 274
79 290
79 297
79 298
79 305
79 309
79 311
79 312
79 314
79 315
79 318
79 333
79 341
79 342
79 343
79 345
79 362
79 364
79 368
79 370
79 373
79 378
79 391
79 393
79 396
79 398
79 399
79 277
79 211
79 335
80 83
80 84
80 85
80 86
80 88
80 92
80 95
80 101
80 102
80 106
80 109
80 110
80 119
80 124
80 126
80 129
80 135
80 137
80 141
80 149
80 152
80 161
80 164
80 166
80 167
80 173
80 176
80 179
80 180
80 186
80 191
80 192
80 193
80 196
80 200
80 209
80 213
80 220
80 222
80 232
80 233
80 234
80 250
80 252
80 266
80 267
80 287
80 288
80 290
80 296
80 302
80 311
80 313
80 318
80 328
80 350
80 356
80 369
80 371
80 373
80 379
80 388
80 391
80 394
80 398
80 353
81 83
81 84
81 85
81 87
81 89
81 91
81 96
81 100
81 101
81 103
81 104
81 107
81 113
81 117
81 119
81 120
81 125
81 127
81 147
81 148
81 149
81 150
81 155
81 160
81 166
81 167
81 189
81 190
81 193
81 196
81 202
81 207
81 208
81 209
81 219
81 221
81 225
81 226
81 240
81 243
81 244
81 254
81 275
81 279
81 288
81 296
81 304
81 309
81 318
81 319
81 325
81 340
81 347
81 355
81 358
81 361
81 380
81 388
81 391
82 85
82 87
82 88
82 89
82 94
82 96
82 105
82 106
82 107
82 109
82 111
82 115
82 116
82 117
82 129
82 132
82 137
82 138
82 139
82 143
82 146
82 153
82 154
82 156
82 163
82 173
82 174
82 188
82 195
82 196
82 205
82 212
82 217
82 224
82 233
82 242
82 243
82 246
82 259
82 261
82 264
82 266
82 274
82 292
82 293
82 300
82 303
82 318
82 358
82 370
82 372
82 381
82 97
82 392
83 88
83 89
83 90
83 91
83 100
83 105
83 107
83 109
83 111
83 112
83 114
83 115
83 116
83 118
83 121
83 128
83 130
83 131
83 138
83 140
83 142
83 143
83 146
83 147
83 151
83 154
83 167
83 169
83 170
83 186
83 187
83 190
83 201
83 203
83 206
83 208
83 211
83 216
83 219
83 222
83 223
83 226
83 232
83 236
83 247
83 253
83 254
83 259
83 261
83 266
83 279
83 280
83 282
83 283
83 284
83 285
83 288
83 298
83 310
83 312
83 317
83 322
83 323
83 325
83 335
83 344
83 354
83 356
83 362
83 363
83 367
83 368
83 372
83 373
83 389
83 395
84 87
84 88
84 90
84 93
84 94
84 95
84 96
84 101
84 102
84 103
84 108
84 109
84 112
84 114
84 115
84 116
84 119
84 121
84 124
84 127
84 134
84 141
84 142
84 144
84 146
84 147
84 150
84 153
84 155
84 156
84 159
84 169
84 176
84 179
84 184
84 191
84 192
84 196
84 197
84 198
84 200
84 201
84 202
84 206
84 214
84 217
84 224
84 225
84 232
84 234
84 236
84 240
84 250
84 252
84 256
84 262
84 264
84 272
84 276
84 284
84 286
84 290
84 296
84 299
84 306
84 309
84 312
84 325
84 327
84 343
84 349
84 356
84 359
84 395
84 396
84 261
85 92
85 95
85 99
85 100
85 102
85 104
85 116
85 119
85 123
85 124
85 134
85 142
85 143
85 146
85 153
85 172
85 174
85 189
85 202
85 213
85 220
85 221
85 234
85 240
85 243
85 255
85 260
85 265
85 277
85 281
85 288
85 299
85 302
85 305
85 336
85 352
85 355
85 364
85 374
85 379
85 386
85 91
86 88
86 90
86 91
86 93
86 96
86 100
86 101
86 105
86 110
86 119
86 122
86 124
86 130
86 132
86 137
86 139
86 155
86 160
86 163
86 165
86 168
86 171
86 173
86 177
86 201
86 211
86 223
86 237
86 241
86 258
86 259
86 262
86 264
86 273
86 277
86 289
86 300
86 304
86 305
86 310
86 320
86 338
86 359
86 372
86 373
86 391
86 394
86 210
87 90
87 95
87 98
87 101
87 106
87 108
87 113
87 115
87 121
87 125
87 129
87 132
87 136
87 141
87 142
87 154
87 156
87 158
87 160
87 164
87 165
87 172
87 185
87 187
87 193
87 197
87 207
87 219
87 232
87 234
87 237
87 242
87 269
87 276
87 278
87 290
87 294
87 298
87 309
87 334
87 356
87 378
87 391
87 181
88 89
88 101
88 104
88 106
88 112
88 114
88 117
88 125
88 126
88 132
88 137
88 142
88 143
88 145
88 150
88 153
88 155
88 156
88 161
88 166
88 168
88 170
88 172
88 177
88 181
88 182
88 189
88 191
88 193
88 194
88 206
88 213
88 218
88 221
88 224
88 237
88 240
88 243
88 254
88 255
88 260
88 268
88 270
88 276
88 287
88 290
88 294
88 318
88 320
88 333
88 336
88 347
88 353
88 362
88 369
88 370
88 372
88 395
88 269
88 236
89 92
89 93
89 95
89 96
89 100
89 107
89 108
89 109
89 117
89 129
89 131
89 132
89 153
89 154
89 156
89 166
89 168
89 178
89 179
89 186
89 189
89 193
89 195
89 198
89 199
89 201
89 208
89 210
89 214
89 215
89 226
89 229
89 230
89 238
89 244
89 248
89 252
89 268
89 274
89 276
89 282
89 283
89 289
89 322
89 326
89 339
89 341
89 345
89 348
89 364
89 368
89 369
89 374
89 380
89 384
89 389
89 393
89 190
90 95
90 96
90 98
90 100
90 101
90 111
90 124
90 126
90 129
90 140
90 145
90 146
90 147
90 150
90 152
90 156
90 174
90 181
90 182
90 183
90 184
90 187
90 194
90 198
90 205
90 212
90 214
90 242
90 248
90 249
90 267
90 271
90 281
90 285
90 298
90 299
90 318
90 319
90 335
90 344
90 348
90 355
90 358
90 360
90 385
90 398
90 252
91 92
91 97
91 101
91 102
91 103
91 116
91 125
91 128
91 133
91 139
91 143
91 148
91 159
91 162
91 172
91 181
91 196
91 197
91 198
91 199
91 201
91 205
91 206
91 207
91 213
91 229
91 235
91 249
91 264
91 266
91 267
91 270
91 286
91 295
91 311
91 318
91 329
91 335
91 340
91 344
91 351
91 353
91 365
91 374
91 375
91 381
91 387
91 393
91 399
92 95
92 96
92 98
92 100
92 104
92 110
92 112
92 115
92 117
92 120
92 127
92 129
92 131
92 133
92 139
92 141
92 144
92 148
92 159
92 160
92 164
92 176
92 185
92 197
92 207
92 209
92 211
92 212
92 214
92 219
92 221
92 229
92 233
92 234
92 238
92 241
92 243
92 246
92 249
92 256
92 260
92 263
92 265
92 270
92 273
92 287
92 291
92 293
92 294
92 295
92 303
92 305
92 310
92 315
92 322
92 328
92 329
92 331
92 336
92 342
92 345
92 357
92 362
92 375
92 383
92 388
92 390
92 235
93 94
93 97
93 98
93 102
93 103
93 114
93 117
93 122
93 133
93 139
93 141
93 146
93 148
93 157
93 162
93 163
93 169
93 175
93 178
93 180
93 186
93 192
93 196
93 207
93 212
93 224
93 231
93 238
93 255
93 261
93 272
93 281
93 285
93 286
93 297
93 303
93 308
93 311
93 312
93 321
93 325
93 335
93 355
93 357
93 372
93 379
93 388
93 397
94 97
94 98
94 100
94 101
94 112
94 113
94 114
94 119
94 121
94 130
94 135
94 146
94 147
94 150
94 154
94 159
94 160
94 163
94 165
94 176
94 186
94 209
94 221
94 223
94 226
94 231
94 232
94 241
94 248
94 255
94 262
94 263
94 264
94 268
94 273
94 280
94 285
94 287
94 289
94 294
94 309
94 314
94 356
94 359
94 360
94 374
94 391
94 392
94 399
94 122
94 99
94 178
95 101
95 104
95 105
95 108
95 112
95 114
95 117
95 118
95 119
95 120
95 124
95 126
95 127
95 132
95 133
95 137
95 142
95 144
95 152
95 156
95 160
95 161
95 164
95 165
95 169
95 170
95 173
95 175
95 177
95 196
95 208
95 211
95 212
95 216
95 226
95 227
95 235
95 254
95 256
95 263
95 267
95 269
95 271
95 289
95 290
95 299
95 305
95 309
95 324
95 326
95 330
95 337
95 378
95 379
95 396
95 399
96 98
96 101
96 105
96 106
96 109
96 112
96 116
96 119
96 122
96 124
96 126
96 131
96 133
96 136
96 145
96 149
96 153
96 166
96 167
96 172
96 175
96 178
96 186
96 193
96 194
96 201
96 210
96 212
96 224
96 230
96 237
96 244
96 245
96 246
96 248
96 255
96 256
96 265
96 271
96 276
96 281
96 282
96 284
96 285
96 289
96 298
96 302
96 306
96 317
96 334
96 339
96 349
96 351
96 364
96 369
96 374
96 376
96 384
96 185
97 100
97 101
97 102
97 105
97 106
97 107
97 113
97 120
97 134
97 136
97 137
97 140
97 143
97 149
97 156
97 161
97 162
97 163
97 174
97 183
97 184
97 190
97 191
97 202
97 207
97 208
97 214
97 217
97 219
97 233
97 234
97 237
97 238
97 241
97 242
97 245
97 247
97 260
97 265
97 279
97 292
97 295
97 296
97 301
97 302
97 321
97 327
97 330
97 331
97 337
97 350
97 358
97 366
97 375
98 107
98 121
98 132
98 133
98 135
98 136
98 138
98 141
98 146
98 150
98 153
98 155
98 156
98 170
98 171
98 172
98 176
98 177
98 180
98 182
98 186
98 211
98 213
98 216
98 217
98 224
98 233
98 234
98 242
98 243
98 261
98 278
98 292
98 298
98 301
98 302
98 324
98 332
98 341
98 343
98 354
98 360
98 370
98 358
98 174
99 100
99 101
99 102
99 104
99 105
99 107
99 108
99 113
99 114
99 120
99 124
99 135
99 136
99 147
99 153
99 168
99 173
99 174
99 183
99 190
99 195
99 199
99 200
99 206
99 218
99 223
99 240
99 242
99 243
99 262
99 266
99 275
99 280
99 295
99 300
99 319
99 320
99 321
99 323
99 324
99 326
99 344
99 345
99 366
99 369
99 375
99 392
100 101
100 104
100 107
100 108
100 112
100 122
100 126
100 127
100 129
100 137
100 150
100 151
100 167
100 170
100 174
100 181
100 182
100 183
100 184
100 186
100 190
100 191
100 196
100 199
100 203
100 205
100 220
100 225
100 233
100 236
100 255
100 256
100 257
100 259
100 282
100 298
100 313
100 314
100 316
100 318
100 329
100 351
100 357
100 369
100 376
100 380
100 387
100 388
100 390
100 392
100 172
101 106
101 117
101 124
101 128
101 142
101 154
101 159
101 160
101 162
101 164
101 173
101 174
101 175
101 205
101 218
101 234
101 235
101 250
101 251
101 260
101 262
101 266
101 280
101 285
101 290
101 299
101 313
101 315
101 339
101 346
101 348
101 351
101 352
101 354
101 357
101 374
101 135
102 108
102 109
102 110
102 112
102 117
102 119
102 121
102 123
102 127
102 129
102 139
102 140
102 141
102 145
102 146
102 149
102 151
102 152
102 154
102 155
102 164
102 176
102 192
102 198
102 202
102 210
102 211
102 235
102 243
102 248
102 253
102 260
102 271
102 277
102 279
102 284
102 290
102 294
102 295
102 301
102 311
102 314
102 316
102 330
102 335
102 340
102 342
102 348
102 351
102 353
102 354
102 358
102 367
102 388
102 396
102 299
103 111
103 115
103 117
103 123
103 128
103 130
103 131
103 136
103 137
103 148
103 164
103 177
103 179
103 180
103 181
103 184
103 185
103 187
103 193
103 196
103 209
103 219
103 230
103 231
103 234
103 240
103 242
103 243
103 259
103 270
103 277
103 279
103 280
103 281
103 291
103 300
103 320
103 324
103 325
103 332
103 340
103 351
103 371
103 377
103 379
103 381
103 396
104 105
104 106
104 109
104 112
104 117
104 121
104 124
104 127
104 141
104 142
104 143
104 149
104 150
104 154
104 156
104 160
104 171
104 176
104 185
104 192
104 193
104 194
104 209
104 214
104 215
104 225
104 231
104 236
104 240
104 242
104 252
104 262
104 264
104 269
104 270
104 272
104 274
104 277
104 281
104 285
104 286
104 291
104 293
104 295
104 298
104 303
104 304
104 305
104 311
104 312
104 316
104 320
104 327
104 329
104 330
104 337
104 338
104 357
104 359
104 360
104 376
104 378
104 384
104 397
104 398
104 370
105 111
105 114
105 115
105 118
105 122
105 125
105 126
105 134
105 139
105 146
105 149
105 151
105 152
105 157
105 164
105 174
105 180
105 181
105 187
105 188
105 193
105 199
105 200
105 210
105 220
105 232
105 237
105 240
105 242
105 255
105 256
105 275
105 323
105 326
105 328
105 330
105 338
105 342
105 369
105 372
105 394
106 112
106 115
106 116
106 117
106 118
106 120
106 121
106 126
106 130
106 141
106 147
106 149
106 155
106 160
106 163
106 167
106 177
106 179
106 180
106 181
106 191
106 197
106 199
106 201
106 203
106 204
106 205
106 212
106 216
106 226
106 227
106 240
106 245
106 246
106 255
106 258
106 268
106 273
106 274
106 276
106 285
106 290
106 295
106 299
106 304
106 312
106 321
106 329
106 341
106 349
106 353
106 360
106 367
106 370
106 385
106 397
106 383
106 324
106 388
107 119
107 121
107 127
107 136
107 141
107 147
107 155
107 156
107 171
107 174
107 183
107 186
107 187
107 200
107 204
107 208
107 211
107 219
107 221
107 228
107 230
107 237
107 240
107 248
107 249
107 259
107 264
107 268
107 278
107 293
107 299
107 305
107 306
107 314
107 316
107 318
107 345
107 348
107 349
107 354
107 367
107 390
107 206
108 110
108 115
108 117
108 118
108 137
108 141
108 147
108 154
108 157
108 164
108 169
108 174
108 185
108 187
108 189
108 191
108 192
108 194
108 196
108 198
108 207
108 215
108 236
108 239
108 243
108 252
108 255
108 263
108 271
108 272
108 277
108 282
108 284
108 293
108 300
108 308
108 309
108 310
108 337
108 348
108 371
108 386
108 108
108 296
109 110
109 132
109 136
109 140
109 141
109 144
109 148
109 164
109 165
109 186
109 199
109 204
109 207
109 211
109 213
109 237
109 244
109 254
109 260
109 263
109 265
109 268
109 273
109 278
109 295
109 297
109 306
109 311
109 338
109 352
109 356
109 357
109 367
109 377
109 383
109 388
110 111
110 115
110 118
110 120
110 121
110 122
110 129
110 134
110 138
110 142
110 144
110 159
110 166
110 179
110 191
110 193
110 196
110 204
110 207
110 208
110 211
110 217
110 223
110 225
110 244
110 248
110 256
110 258
110 259
110 260
110 269
110 277
110 289
110 294
110 296
110 301
110 305
110 306
110 314
110 315
110 320
110 321
110 330
110 350
110 386
110 387
110 393
110 206
110 310
111 114
111 120
111 128
111 135
111 136
111 137
111 138
111 145
111 158
111 167
111 179
111 183
111 190
111 197
111 208
111 212
111 219
111 227
111 238
111 257
111 266
111 268
111 276
111 278
111 282
111 289
111 293
111 295
111 309
111 311
111 313
111 316
111 327
111 330
111 342
111 347
111 349
111 366
111 382
111 395
111 396
112 123
112 125
112 129
112 135
112 140
112 141
112 142
112 146
112 153
112 166
112 168
112 170
112 172
112 177
112 192
112 219
112 238
112 240
112 253
112 254
112 263
112 274
112 277
112 278
112 283
112 292
112 293
112 297
112 298
112 300
112 309
112 329
112 336
112 346
112 351
112 353
112 361
112 378
113 114
113 119
113 126
113 130
113 132
113 135
113 151
113 152
113 159
113 160
113 173
113 174
113 180
113 182
113 195
113 196
113 202
113 203
113 210
113 222
113 224
113 226
113 230
113 240
113 278
113 289
113 302
113 303
113 313
113 321
113 325
113 326
113 328
113 329
113 335
113 342
113 343
113 352
113 359
113 368
113 369
113 371
113 374
113 381
113 394
114 119
114 128
114 131
114 135
114 138
114 164
114 173
114 175
114 179
114 181
114 183
114 185
114 187
114 195
114 204
114 205
114 206
114 207
114 210
114 211
114 226
114 234
114 245
114 246
114 252
114 259
114 273
114 278
114 281
114 299
114 306
114 309
114 312
114 315
114 316
114 317
114 319
114 336
114 347
114 359
114 363
114 365
114 381
114 121
115 116
115 122
115 123
115 130
115 135
115 150
115 152
115 155
115 162
115 165
115 173
115 175
115 181
115 191
115 192
115 195
115 206
115 216
115 220
115 223
115 231
115 242
115 248
115 253
115 267
115 270
115 271
115 277
115 286
115 293
115 311
115 314
115 315
115 355
115 359
115 365
115 367
115 375
115 383
115 388
115 394
115 395
115 378
116 120
116 129
116 130
116 136
116 152
116 160
116 161
116 164
116 178
116 179
116 181
116 186
116 187
116 190
116 199
116 219
116 220
116 225
116 226
116 232
116 238
116 253
116 257
116 258
116 281
116 289
116 299
116 307
116 308
116 318
116 337
116 340
116 347
116 360
116 378
116 383
116 392
117 125
117 127
117 128
117 133
117 137
117 148
117 149
117 154
117 158
117 159
117 161
117 166
117 175
117 179
117 187
117 192
117 207
117 218
117 227
117 230
117 241
117 256
117 260
117 263
117 271
117 274
117 278
117 280
117 292
117 296
117 301
117 309
117 331
117 336
117 353
117 359
117 374
117 382
117 388
117 389
117 239
118 123
118 126
118 127
118 130
118 136
118 138
118 142
118 143
118 145
118 151
118 152
118 154
118 163
118 174
118 184
118 186
118 194
118 199
118 203
118 211
118 218
118 223
118 226
118 281
118 286
118 289
118 290
118 315
118 334
118 344
118 351
118 369
118 393
119 120
119 124
119 134
119 143
119 155
119 160
119 162
119 163
119 175
119 176
119 177
119 184
119 197
119 205
119 206
119 207
119 209
119 221
119 222
119 227
119 228
119 232
119 236
119 241
119 253
119 258
119 259
119 276
119 291
119 296
119 298
119 304
119 306
119 313
119 332
119 335
119 337
119 345
119 351
119 363
119 365
119 376
119 388
119 390
119 398
119 262
120 122
120 126
120 138
120 141
120 144
120 145
120 147
120 150
120 163
120 166
120 167
120 173
120 174
120 176
120 177
120 180
120 194
120 197
120 205
120 210
120 218
120 221
120 231
120 246
120 251
120 266
120 267
120 315
120 320
120 324
120 350
120 367
120 379
120 305
121 148
121 154
121 159
121 163
121 169
121 187
121 190
121 195
121 198
121 219
121 225
121 227
121 244
121 245
121 259
121 267
121 280
121 296
121 302
121 307
121 328
121 339
121 345
121 359
121 368
121 376
122 131
122 139
122 142
122 146
122 148
122 151
122 160
122 170
122 179
122 184
122 185
122 193
122 195
122 197
122 205
122 211
122 235
122 246
122 249
122 256
122 266
122 274
122 275
122 292
122 293
122 303
122 324
122 328
122 337
122 368
122 372
122 375
122 232
122 315
123 130
123 139
123 147
123 152
123 164
123 166
123 167
123 168
123 171
123 179
123 180
123 183
123 184
123 192
123 193
123 196
123 199
123 203
123 205
123 207
123 209
123 213
123 216
123 226
123 235
123 237
123 239
123 266
123 275
123 280
123 281
123 289
123 291
123 314
123 317
123 338
123 347
123 351
123 353
123 363
123 372
123 386
124 129
124 133
124 134
124 142
124 145
124 151
124 154
124 159
124 164
124 168
124 173
124 181
124 187
124 193
124 199
124 205
124 206
124 215
124 222
124 225
124 236
124 238
124 248
124 250
124 253
124 261
124 295
124 297
124 303
124 304
124 308
124 309
124 316
124 330
124 348
124 350
124 370
124 376
124 383
124 399
124 150
125 127
125 145
125 151
125 153
125 165
125 169
125 175
125 176
125 183
125 187
125 196
125 223
125 225
125 236
125 245
125 247
125 251
125 263
125 273
125 282
125 284
125 301
125 302
125 308
125 319
125 324
125 331
125 343
125 355
125 381
125 391
125 399
125 389
126 127
126 128
126 130
126 131
126 136
126 141
126 143
126 146
126 150
126 156
126 158
126 161
126 164
126 167
126 180
126 182
126 184
126 190
126 209
126 218
126 232
126 235
126 239
126 245
126 255
126 259
126 268
126 278
126 284
126 295
126 304
126 313
126 315
126 321
126 338
126 350
126 352
126 372
126 376
126 377
126 384
126 390
126 396
127 130
127 145
127 158
127 176
127 199
127 203
127 212
127 214
127 215
127 222
127 234
127 258
127 286
127 336
127 338
127 366
127 389
127 344
127 293
128 132
128 134
128 138
128 162
128 166
128 186
128 192
128 197
128 202
128 210
128 227
128 228
128 253
128 265
128 269
128 284
128 285
128 286
128 289
128 298
128 324
128 325
128 327
128 329
128 353
128 355
128 359
128 398
129 140
129 157
129 169
129 171
129 184
129 185
129 187
129 191
129 194
129 198
129 204
129 226
129 229
129 244
129 245
129 254
129 268
129 275
129 282
129 284
129 286
129 295
129 300
129 313
129 328
129 359
129 360
129 361
129 370
129 371
129 378
129 383
129 388
129 212
130 134
130 140
130 147
130 155
130 158
130 174
130 183
130 187
130 192
130 198
130 201
130 202
130 222
130 229
130 255
130 261
130 263
130 278
130 280
130 299
130 305
130 308
130 313
130 338
130 352
130 365
130 384
130 389
130 286
131 148
131 149
131 154
131 159
131 160
131 164
131 177
131 179
131 188
131 189
131 191
131 203
131 204
131 205
131 212
131 214
131 216
131 227
131 231
131 235
131 253
131 257
131 264
131 276
131 284
131 296
131 307
131 318
131 324
131 335
131 348
131 365
131 376
131 181
132 135
132 136
132 155
132 162
132 167
132 171
132 174
132 189
132 198
132 211
132 228
132 273
132 277
132 278
132 293
132 299
132 302
132 331
132 343
132 362
132 188
133 135
133 136
133 137
133 138
133 143
133 144
133 148
133 149
133 150
133 156
133 160
133 162
133 167
133 176
133 186
133 190
133 199
133 204
133 207
133 208
133 210
133 223
133 230
133 233
133 244
133 264
133 279
133 294
133 308
133 319
133 325
133 337
133 350
133 383
133 362
134 140
134 145
134 151
134 152
134 163
134 166
134 171
134 177
134 193
134 197
134 201
134 216
134 218
134 238
134 247
134 266
134 267
134 269
134 278
134 290
134 296
134 299
134 308
134 317
134 324
134 325
134 332
134 340
134 347
134 351
134 356
134 371
134 379
134 385
134 386
135 145
135 150
135 151
135 179
135 193
135 200
135 219
135 226
135 235
135 242
135 250
135 257
135 301
135 302
135 304
135 316
135 320
135 324
135 333
135 338
135 345
135 350
135 367
135 383
135 397
136 141
136 143
136 144
136 154
136 165
136 168
136 169
136 171
136 182
136 200
136 204
136 205
136 208
136 211
136 212
136 217
136 224
136 237
136 246
136 247
136 258
136 260
136 264
136 268
136 274
136 288
136 292
136 298
136 307
136 320
136 325
136 330
136 331
136 332
136 341
136 342
136 348
136 375
136 378
136 383
136 318
137 139
137 148
137 149
137 165
137 166
137 169
137 172
137 194
137 205
137 216
137 217
137 225
137 234
137 251
137 277
137 283
137 293
137 304
137 339
137 343
137 346
137 350
137 357
137 373
137 397
137 178
138 141
138 147
138 156
138 160
138 180
138 183
138 190
138 194
138 195
138 212
138 214
138 220
138 222
138 267
138 317
138 332
138 338
138 341
138 361
138 364
138 373
138 378
138 384
138 392
139 140
139 170
139 173
139 201
139 213
139 214
139 224
139 227
139 238
139 246
139 252
139 260
139 277
139 286
139 296
139 310
139 312
139 315
139 342
139 364
139 367
139 383
139 391
139 251
140 143
140 146
140 167
140 176
140 180
140 189
140 195
140 199
140 220
140 227
140 228
140 229
140 236
140 237
140 238
140 242
140 247
140 261
140 270
140 274
140 283
140 287
140 299
140 307
140 308
140 329
140 335
140 343
140 345
140 353
140 384
141 143
141 150
141 151
141 162
141 163
141 166
141 170
141 178
141 190
141 193
141 215
141 217
141 218
141 219
141 220
141 223
141 229
141 233
141 239
141 242
141 243
141 258
141 266
141 269
141 275
141 290
141 307
141 308
141 330
141 332
141 341
141 342
141 367
141 372
141 375
141 376
141 385
141 387
141 394
142 149
142 152
142 157
142 163
142 165
142 177
142 182
142 191
142 193
142 195
142 207
142 209
142 211
142 219
142 238
142 244
142 249
142 254
142 264
142 266
142 267
142 268
142 278
142 279
142 281
142 290
142 292
142 294
142 297
142 301
142 304
142 305
142 315
142 343
142 346
142 368
142 389
142 390
142 392
142 395
142 396
142 379
143 150
143 151
143 167
143 181
143 185
143 186
143 194
143 197
143 201
143 215
143 232
143 254
143 266
143 281
143 310
143 323
143 329
143 332
143 333
143 334
143 352
143 363
143 366
143 370
143 371
143 385
143 386
143 204
143 146
144 145
144 147
144 154
144 157
144 160
144 163
144 173
144 174
144 177
144 182
144 197
144 205
144 231
144 240
144 247
144 248
144 255
144 262
144 273
144 285
144 291
144 293
144 294
144 296
144 298
144 302
144 313
144 316
144 334
144 349
144 350
144 366
144 395
144 396
144 398
145 153
145 161
145 165
145 172
145 190
145 195
145 196
145 209
145 213
145 215
145 234
145 235
145 241
145 248
145 255
145 258
145 265
145 266
145 285
145 288
145 290
145 293
145 305
145 315
145 320
145 324
145 327
145 329
145 343
145 372
145 386
145 392
145 365
146 150
146 152
146 159
146 165
146 169
146 170
146 171
146 181
146 183
146 186
146 190
146 192
146 206
146 208
146 214
146 217
146 220
146 227
146 229
146 234
146 240
146 244
146 248
146 270
146 275
146 277
146 290
146 292
146 299
146 330
146 332
146 335
146 386
146 391
146 399
147 149
147 171
147 186
147 194
147 198
147 200
147 203
147 209
147 215
147 217
147 225
147 226
147 230
147 244
147 246
147 248
147 257
147 275
147 277
147 286
147 288
147 289
147 293
147 312
147 314
147 324
147 329
147 341
147 381
148 157
148 158
148 159
148 173
148 191
148 195
148 196
148 200
148 203
148 209
148 215
148 220
148 227
148 231
148 232
148 238
148 241
148 260
148 264
148 265
148 275
148 289
148 294
148 299
148 306
148 308
148 324
148 370
148 380
148 283
148 337
149 155
149 160
149 168
149 176
149 187
149 203
149 205
149 208
149 211
149 225
149 227
149 229
149 238
149 254
149 256
149 283
149 287
149 340
149 348
149 349
149 359
149 376
149 378
149 383
149 385
149 161
150 166
150 184
150 194
150 201
150 244
150 249
150 252
150 261
150 271
150 272
150 273
150 280
150 291
150 293
150 296
150 323
150 334
150 337
150 350
150 153
151 156
151 159
151 162
151 173
151 198
151 239
151 242
151 258
151 267
151 285
151 291
151 307
151 309
151 322
151 325
151 349
151 354
151 365
151 371
151 386
151 179
152 158
152 174
152 185
152 188
152 196
152 198
152 209
152 212
152 217
152 221
152 223
152 225
152 232
152 246
152 253
152 256
152 272
152 289
152 300
152 302
152 313
152 319
152 325
152 326
152 329
152 337
152 340
152 347
152 362
152 365
152 371
152 383
152 391
152 396
153 159
153 163
153 186
153 187
153 214
153 215
153 224
153 228
153 232
153 233
153 258
153 277
153 282
153 287
153 292
153 311
153 313
153 329
153 357
153 363
153 375
153 384
153 386
153 216
154 156
154 185
154 186
154 204
154 230
154 244
154 245
154 263
154 302
154 351
154 366
154 373
154 376
154 383
155 170
155 176
155 183
155 192
155 228
155 230
155 246
155 257
155 268
155 270
155 281
155 287
155 297
155 303
155 310
155 318
155 328
155 344
155 346
155 364
155 365
155 368
155 371
155 167
156 161
156 166
156 171
156 179
156 180
156 181
156 188
156 196
156 202
156 212
156 231
156 240
156 246
156 247
156 250
156 255
156 262
156 265
156 277
156 292
156 297
156 310
156 323
156 325
156 331
156 346
156 358
156 361
156 378
156 381
157 167
157 173
157 176
157 189
157 192
157 203
157 214
157 241
157 248
157 256
157 269
157 282
157 317
157 320
157 338
157 343
157 349
157 350
157 353
157 354
157 362
157 377
157 379
157 387
157 397
157 220
158 169
158 172
158 180
158 181
158 182
158 194
158 198
158 200
158 209
158 216
158 217
158 218
158 224
158 238
158 250
158 267
158 280
158 293
158 317
158 326
158 333
158 334
158 338
158 387
158 392
158 296
159 162
159 168
159 172
159 173
159 176
159 197
159 202
159 204
159 217
159 222
159 228
159 264
159 287
159 289
159 290
159 296
159 312
159 313
159 314
159 315
159 317
159 331
159 337
159 354
159 369
159 386
159 260
160 178
160 194
160 200
160 202
160 204
160 219
160 245
160 265
160 272
160 283
160 290
160 316
160 317
160 335
160 337
160 354
160 363
160 383
160 398
161 171
161 178
161 179
161 193
161 199
161 201
161 213
161 224
161 231
161 233
161 239
161 247
161 264
161 265
161 271
161 281
161 291
161 315
161 324
161 335
161 340
161 343
161 345
161 394
161 398
162 174
162 194
162 196
162 203
162 206
162 223
162 252
162 254
162 270
162 294
162 300
162 306
162 314
162 333
162 357
162 370
162 382
162 383
162 387
162 388
162 391
162 396
163 165
163 184
163 186
163 187
163 200
163 203
163 206
163 210
163 218
163 220
163 221
163 229
163 265
163 278
163 284
163 288
163 312
163 330
163 334
163 336
163 349
163 363
163 374
163 378
163 390
163 393
164 169
164 201
164 202
164 213
164 220
164 221
164 245
164 248
164 254
164 255
164 259
164 271
164 291
164 296
164 307
164 315
164 329
164 333
164 334
164 342
164 350
164 354
164 356
164 371
164 375
164 394
164 397
165 171
165 176
165 188
165 192
165 197
165 207
165 213
165 224
165 232
165 235
165 242
165 245
165 265
165 266
165 267
165 268
165 273
165 303
165 329
165 334
165 361
165 385
165 388
165 391
165 195
165 345
166 175
166 177
166 181
166 182
166 186
166 188
166 191
166 199
166 214
166 216
166 230
166 263
166 270
166 276
166 282
166 284
166 292
166 317
166 329
166 346
166 365
166 374
166 399
167 168
167 172
167 190
167 205
167 208
167 209
167 216
167 225
167 226
167 230
167 234
167 235
167 248
167 250
167 282
167 285
167 319
167 327
167 329
167 334
167 337
167 341
167 356
167 362
167 199
167 397
168 182
168 204
168 233
168 243
168 260
168 281
168 289
168 291
168 303
168 306
168 315
168 328
168 366
168 368
168 371
168 374
168 379
168 399
168 336
169 172
169 178
169 181
169 182
169 200
169 204
169 207
169 214
169 235
169 238
169 250
169 261
169 266
169 278
169 289
169 325
169 342
169 350
169 357
169 378
169 383
169 388
169 390
169 399
169 176
170 174
170 177
170 183
170 188
170 192
170 199
170 202
170 208
170 212
170 233
170 245
170 254
170 262
170 269
170 294
170 303
170 310
170 311
170 322
170 333
170 372
170 378
170 393
170 193
171 172
171 177
171 184
171 225
171 226
171 228
171 229
171 236
171 249
171 254
171 275
171 284
171 294
171 327
171 178
171 340
172 173
172 175
172 180
172 183
172 185
172 207
172 225
172 230
172 247
172 272
172 274
172 276
172 284
172 286
172 292
172 297
172 299
172 307
172 309
172 320
172 328
172 332
172 334
172 352
172 356
172 364
172 365
172 373
172 378
172 380
172 399
173 174
173 194
173 213
173 218
173 231
173 242
173 253
173 277
173 286
173 287
173 289
173 311
173 312
173 314
173 321
173 329
173 333
173 340
173 347
173 358
173 384
173 385
173 387
174 175
174 177
174 186
174 187
174 189
174 191
174 203
174 217
174 218
174 226
174 256
174 257
174 259
174 263
174 279
174 282
174 293
174 312
174 328
174 338
174 359
174 366
174 391
174 393
175 184
175 188
175 191
175 193
175 219
175 227
175 237
175 238
175 244
175 245
175 246
175 251
175 258
175 263
175 265
175 294
175 318
175 321
175 336
175 351
175 353
175 356
175 359
175 369
175 375
175 387
175 229
176 178
176 183
176 184
176 190
176 219
176 221
176 228
176 235
176 236
176 238
176 239
176 244
176 246
176 247
176 264
176 282
176 296
176 301
176 314
176 315
176 319
176 326
176 338
176 348
176 353
176 393
177 205
177 209
177 218
177 223
177 234
177 246
177 283
177 290
177 298
177 308
177 311
177 317
177 323
177 326
177 328
177 366
177 374
177 382
178 192
178 196
178 206
178 210
178 224
178 235
178 242
178 243
178 253
178 262
178 272
178 275
178 284
178 296
178 304
178 307
178 311
178 323
178 346
178 355
178 361
178 363
178 386
178 390
178 393
179 187
179 188
179 201
179 210
179 224
179 233
179 237
179 245
179 249
179 291
179 296
179 310
179 358
179 369
179 394
180 181
180 184
180 186
180 187
180 212
180 222
180 241
180 245
180 250
180 257
180 260
180 262
180 272
180 282
180 301
180 304
180 310
180 313
180 320
180 336
180 363
180 371
180 375
180 379
180 390
180 264
180 331
181 182
181 185
181 186
181 195
181 196
181 204
181 206
181 228
181 234
181 238
181 239
181 297
181 299
181 304
181 316
181 322
181 344
181 375
181 377
182 207
182 218
182 224
182 230
182 249
182 253
182 255
182 265
182 314
182 319
182 322
182 332
182 334
182 386
182 259
182 205
183 189
183 206
183 264
183 267
183 281
183 290
183 335
183 348
183 380
183 387
183 393
184 186
184 189
184 195
184 202
184 205
184 215
184 219
184 229
184 239
184 243
184 246
184 271
184 272
184 282
184 319
184 338
184 341
184 343
184 364
184 366
184 371
184 389
185 190
185 201
185 202
185 203
185 204
185 208
185 221
185 222
185 223
185 237
185 263
185 277
185 278
185 282
185 294
185 301
185 308
185 310
185 316
185 319
185 321
185 322
185 336
185 340
185 341
185 369
185 377
185 378
185 389
185 392
186 192
186 201
186 223
186 237
186 312
186 326
186 327
186 337
186 357
186 366
186 387
186 198
187 194
187 213
187 226
187 234
187 239
187 308
187 319
187 355
188 189
188 192
188 196
188 204
188 236
188 239
188 251
188 252
188 257
188 276
188 280
188 282
188 287
188 325
188 337
188 342
188 353
188 357
188 373
188 395
189 202
189 223
189 226
189 229
189 239
189 241
189 251
189 260
189 262
189 282
189 286
189 297
189 302
189 305
189 310
189 333
189 334
189 339
189 349
189 356
189 362
189 364
190 199
190 201
190 217
190 247
190 271
190 297
190 310
190 314
190 316
190 327
190 346
190 376
190 392
191 197
191 217
191 226
191 238
191 250
191 254
191 268
191 299
191 302
191 307
191 309
191 323
191 335
191 389
191 396
192 205
192 224
192 229
192 238
192 249
192 251
192 252
192 265
192 267
192 269
192 271
192 274
192 296
192 309
192 312
192 334
192 350
192 387
192 394
193 204
193 206
193 210
193 211
193 231
193 232
193 251
193 267
193 271
193 277
193 295
193 301
193 313
193 317
193 344
193 354
193 356
193 360
193 361
193 393
193 220
193 241
194 200
194 243
194 251
194 255
194 279
194 285
194 297
194 303
194 323
194 362
194 374
194 377
194 378
194 384
194 385
194 386
194 387
194 391
194 392
194 357
195 198
195 202
195 203
195 213
195 237
195 243
195 252
195 267
195 272
195 284
195 292
195 312
195 333
195 337
195 352
195 367
195 375
195 395
196 206
196 214
196 216
196 218
196 232
196 236
196 268
196 274
196 300
196 302
196 316
196 330
196 331
196 291
197 217
197 225
197 233
197 261
197 275
197 297
197 307
197 345
197 357
197 360
197 373
197 379
197 393
197 314
198 200
198 204
198 205
198 209
198 222
198 239
198 259
198 260
198 280
198 281
198 282
198 289
198 295
198 332
198 343
198 351
198 355
198 361
198 367
198 372
198 373
198 381
198 385
198 389
198 284
199 211
199 215
199 258
199 267
199 281
199 283
199 290
199 292
199 293
199 301
199 308
199 314
199 320
199 333
199 339
199 355
199 357
199 362
199 370
199 373
199 377
199 383
199 385
200 204
200 208
200 219
200 224
200 242
200 243
200 253
200 280
200 299
200 306
200 315
200 331
200 337
200 339
200 349
200 372
201 210
201 212
201 224
201 234
201 262
201 283
201 284
201 325
201 349
201 355
201 366
201 371
201 387
201 396
202 232
202 235
202 265
202 291
202 295
202 325
202 326
202 345
202 379
203 210
203 228
203 229
203 248
203 253
203 260
203 268
203 295
203 300
203 304
203 315
203 318
203 324
203 335
203 346
203 362
203 374
203 388
203 393
203 361
204 227
204 229
204 244
204 255
204 257
204 258
204 274
204 296
204 304
204 309
204 324
204 327
204 328
204 330
204 338
204 354
204 364
204 373
204 385
204 396
205 236
205 251
205 281
205 282
205 285
205 320
205 342
205 367
206 209
206 238
206 254
206 267
206 274
206 280
206 288
206 290
206 335
206 378
207 208
207 224
207 229
207 231
207 234
207 237
207 238
207 271
207 277
207 288
207 299
207 309
207 317
207 334
207 343
207 348
207 349
207 352
207 353
207 360
207 365
207 392
208 218
208 223
208 231
208 242
208 266
208 268
208 280
208 299
208 305
208 322
208 373
208 389
208 399
208 396
208 217
209 216
209 236
209 241
209 253
209 256
209 262
209 271
209 273
209 296
209 311
209 339
209 355
209 357
209 362
209 366
209 379
209 395
210 212
210 247
210 262
210 265
210 279
210 325
210 334
210 349
210 381
210 386
210 398
211 218
211 234
211 252
211 256
211 258
211 327
211 333
211 340
211 361
211 383
212 228
212 230
212 241
212 268
212 289
212 293
212 322
212 342
212 349
213 217
213 227
213 246
213 249
213 264
213 269
213 276
213 300
213 320
213 326
213 339
213 363
213 366
213 369
213 385
214 231
214 239
214 257
214 262
214 272
214 273
214 313
214 314
214 324
214 352
214 365
214 382
214 385
214 397
214 374
215 222
215 230
215 235
215 242
215 244
215 258
215 259
215 287
215 288
215 322
215 337
215 347
215 358
215 366
215 373
215 392
215 395
215 307
215 257
215 333
215 380
216 226
216 227
216 243
216 244
216 250
216 256
216 262
216 268
216 269
216 272
216 275
216 283
216 286
216 297
216 302
216 310
216 312
216 313
216 314
216 347
216 359
216 364
216 376
216 382
216 384
216 386
216 392
217 222
217 235
217 249
217 251
217 283
217 306
217 314
217 330
217 355
217 356
217 376
217 381
217 391
217 298
218 221
218 233
218 241
218 244
218 252
218 254
218 255
218 265
218 266
218 272
218 275
218 292
218 297
218 307
218 311
218 313
218 321
218 324
218 336
218 341
218 357
218 360
218 377
218 381
218 384
218 394
218 359
219 238
219 251
219 287
219 301
219 306
219 330
219 346
219 357
219 375
219 386
220 244
220 249
220 269
220 288
220 300
220 314
220 343
220 344
220 355
220 369
220 388
220 397
220 366
221 227
221 236
221 241
221 243
221 251
221 255
221 264
221 269
221 276
221 282
221 301
221 315
221 322
221 331
221 336
221 349
221 365
221 388
221 393
221 285
222 258
222 263
222 329
222 359
222 373
223 236
223 237
223 247
223 253
223 258
223 270
223 279
223 290
223 302
223 304
223 314
223 322
223 336
223 354
223 362
223 365
223 383
223 384
223 398
224 228
224 236
224 249
224 250
224 256
224 262
224 265
224 268
224 271
224 278
224 280
224 285
224 289
224 298
224 308
224 310
224 323
224 330
224 340
224 341
224 376
224 377
224 378
224 380
224 387
224 397
224 288
224 247
225 248
225 253
225 304
225 308
225 314
225 332
225 333
225 340
225 359
225 367
225 368
226 231
226 233
226 247
226 249
226 256
226 257
226 264
226 283
226 324
226 338
226 345
226 372
227 228
227 251
227 260
227 269
227 284
227 304
227 310
227 317
227 326
227 339
227 359
227 399
227 396
228 237
228 239
228 242
228 255
228 258
228 261
228 280
228 288
228 300
228 304
228 318
228 332
228 339
228 346
228 364
228 381
228 384
228 229
228 254
229 231
229 233
229 238
229 264
229 279
229 289
229 303
229 310
229 317
229 318
229 361
229 370
229 382
229 387
229 388
229 396
229 397
229 246
230 250
230 270
230 284
230 287
230 304
230 312
230 319
230 321
230 349
230 364
230 383
231 237
231 240
231 258
231 273
231 293
231 294
231 300
231 317
231 349
231 354
231 359
231 389
232 247
232 248
232 249
232 280
232 292
232 310
232 317
232 348
232 356
232 371
233 242
233 286
233 288
233 303
233 326
233 327
233 349
233 358
233 361
233 313
233 283
234 270
234 300
234 314
234 319
234 330
234 352
234 360
234 375
234 376
234 377
234 393
234 287
235 250
235 256
235 259
235 265
235 274
235 288
235 296
235 322
235 335
235 336
235 344
235 355
235 359
235 380
235 381
235 384
235 387
235 392
236 246
236 258
236 259
236 288
236 310
236 320
236 322
236 375
236 377
236 386
237 245
237 249
237 252
237 278
237 305
237 316
237 317
237 327
237 332
237 376
237 377
237 379
237 393
238 239
238 251
238 295
238 334
238 349
238 373
238 381
238 385
239 245
239 249
239 253
239 262
239 268
239 283
239 301
239 320
239 331
239 336
239 344
239 346
239 376
239 381
240 262
240 263
240 277
240 288
240 306
240 331
240 339
240 342
240 343
240 344
240 352
240 353
240 369
240 374
241 257
241 273
241 275
241 278
241 307
241 350
241 373
241 374
241 394
241 395
242 259
242 263
242 265
242 279
242 286
242 313
242 318
242 326
242 333
242 343
242 361
242 365
242 372
243 247
243 250
243 251
243 268
243 269
243 306
243 318
243 319
243 320
243 327
243 335
243 348
243 367
243 385
243 399
243 276
243 266
244 245
244 252
244 254
244 300
244 303
244 306
244 312
244 337
244 345
244 351
244 358
244 380
244 385
244 390
245 253
245 256
245 265
245 268
245 276
245 309
245 368
245 372
245 384
246 250
246 253
246 254
246 258
246 259
246 260
246 264
246 270
246 274
246 284
246 285
246 290
246 292
246 300
246 312
246 321
246 330
246 344
246 346
246 354
246 387
246 389
246 396
247 248
247 252
247 279
247 289
247 294
247 306
247 333
247 335
247 343
247 353
247 354
247 358
247 377
247 381
247 390
247 251
248 261
248 264
248 290
248 297
248 299
248 316
248 326
248 358
248 377
248 378
249 269
249 270
249 288
249 311
249 313
249 326
249 329
249 338
249 390
249 399
249 285
250 265
250 278
250 288
250 327
250 360
250 380
251 252
251 259
251 272
251 293
251 294
251 301
251 315
251 339
251 341
251 347
251 359
251 380
251 391
251 394
251 269
251 376
252 271
252 274
252 281
252 312
252 324
252 336
252 347
252 348
252 355
252 389
252 390
253 256
253 268
253 281
253 286
253 293
253 314
253 341
253 360
253 361
253 366
253 375
253 380
253 317
254 262
254 310
254 328
254 331
254 333
254 348
254 372
254 386
254 277
255 265
255 326
255 332
255 393
255 394
255 377
255 352
256 269
256 279
256 281
256 282
256 291
256 303
256 305
256 306
256 323
256 331
256 341
256 366
257 277
257 280
257 292
257 316
257 323
257 335
257 338
257 385
258 284
258 286
258 298
258 300
258 306
258 331
258 338
258 367
258 372
258 379
258 384
258 388
258 393
259 261
259 262
259 263
259 268
259 273
259 280
259 290
259 295
259 319
259 357
259 363
259 368
259 388
259 397
260 276
260 280
260 288
260 302
260 319
260 361
260 375
260 391
260 304
261 271
261 312
261 315
261 336
261 341
261 372
261 375
261 380
261 385
261 386
262 266
262 272
262 276
262 294
262 351
262 358
262 369
262 370
262 391
263 283
263 288
263 291
263 293
263 302
263 304
263 330
263 332
263 347
263 349
263 354
263 369
263 371
263 374
263 377
263 382
263 399
264 273
264 278
264 285
264 287
264 289
264 291
264 301
264 309
264 311
264 316
264 331
264 345
264 350
264 365
264 366
264 368
264 369
264 374
264 391
264 272
265 266
265 270
265 307
265 310
265 346
265 354
265 356
265 362
265 364
265 366
265 380
265 390
265 398
265 399
265 289
266 275
266 285
266 298
266 305
266 311
266 329
266 382
266 386
267 276
267 302
267 303
267 306
267 308
267 309
267 327
267 331
267 332
267 365
267 371
267 372
267 377
267 388
267 399
268 279
268 286
268 290
268 303
268 308
268 313
268 336
268 349
268 363
268 370
268 394
269 279
269 300
269 305
269 332
269 355
269 356
269 375
269 392
270 299
270 301
270 334
270 338
270 341
270 350
270 393
271 291
271 300
271 303
271 317
271 335
271 342
271 355
271 384
271 390
272 318
272 360
272 361
272 366
272 389
272 397
272 398
272 399
272 323
273 279
273 282
273 291
273 305
273 310
273 320
273 324
273 329
273 353
273 358
274 277
274 280
274 298
274 299
274 309
274 326
274 331
274 339
274 342
274 348
274 373
274 382
275 279
275 285
275 294
275 302
275 312
275 313
275 319
275 327
275 328
275 339
275 366
275 371
275 391
275 399
276 287
276 302
276 315
276 349
276 353
276 360
276 382
276 394
276 395
277 285
277 288
277 324
277 331
277 342
277 348
277 349
277 353
277 358
277 362
277 364
277 373
277 374
277 385
278 288
278 296
278 321
278 342
278 380
278 398
278 362
279 281
279 291
279 308
279 318
279 335
279 364
280 297
280 362
280 365
280 370
280 382
280 390
280 393
281 296
281 326
281 362
281 373
282 283
282 291
282 323
282 326
282 346
282 361
282 367
282 383
282 397
283 317
283 323
283 351
283 363
283 396
283 303
284 297
284 301
284 303
284 358
284 361
284 366
284 379
285 288
285 319
285 337
285 361
285 369
285 374
285 380
285 391
286 297
286 328
286 339
286 365
286 379
286 384
286 394
287 321
287 327
287 351
287 353
287 357
288 305
288 308
288 318
288 330
288 350
288 368
288 380
289 293
289 295
289 301
289 320
289 330
289 340
289 346
289 354
289 363
289 365
290 307
290 326
290 333
290 337
290 350
290 358
290 372
290 379
291 294
291 300
291 352
291 387
292 303
292 309
292 328
292 368
292 373
292 399
293 300
293 325
293 331
293 345
293 365
293 366
293 381
293 388
294 295
294 307
294 317
294 356
294 397
295 300
295 305
295 315
295 320
295 342
295 372
295 395
296 341
296 356
296 367
296 388
296 394
296 397
296 398
297 298
297 380
297 386
297 389
297 354
298 316
298 336
298 357
298 365
298 368
299 323
299 371
299 390
299 300
300 352
300 361
301 303
301 310
301 338
301 361
301 387
301 390
301 307
302 304
302 306
302 307
302 355
302 379
302 389
303 313
303 332
303 334
303 339
303 352
303 368
303 374
303 398
304 324
304 327
304 354
304 378
304 397
305 306
305 393
305 350
305 356
306 319
306 326
306 333
306 344
306 395
307 310
307 348
307 349
307 370
307 377
308 318
308 320
308 363
308 361
309 314
309 331
309 371
309 376
309 385
310 325
310 372
310 380
310 396
311 322
311 324
311 358
311 364
311 368
311 369
311 386
312 316
312 339
312 367
312 395
313 334
313 350
313 356
313 367
313 377
313 382
314 318
314 371
314 397
315 347
315 369
315 399
316 327
316 329
316 333
316 337
316 342
316 350
316 351
316 353
316 363
316 393
317 322
317 335
317 344
317 356
318 319
318 322
318 327
318 341
318 347
318 348
318 374
318 387
319 324
319 344
319 347
319 353
319 370
320 321
320 347
320 384
320 388
321 343
321 348
321 350
322 349
322 363
323 395
324 340
324 350
324 381
324 390
324 398
325 342
325 352
325 360
325 383
325 396
325 397
326 342
326 351
326 354
326 355
326 358
326 363
327 336
327 342
327 362
328 339
328 360
328 372
329 345
329 346
329 348
330 344
330 362
330 383
330 391
331 333
331 343
331 345
331 390
331 395
332 342
332 359
332 361
332 367
332 375
332 390
333 351
333 381
333 384
333 398
334 353
334 376
335 339
335 341
335 356
335 371
336 351
336 361
336 375
336 380
336 381
336 344
337 341
337 351
337 380
337 390
338 382
339 340
339 361
339 385
339 389
340 344
340 389
341 343
341 362
342 343
342 373
342 382
342 384
343 345
343 367
343 371
344 346
344 348
344 389
345 356
345 383
345 392
346 367
347 369
347 375
347 378
347 380
347 389
348 377
348 390
350 357
350 372
350 394
350 399
350 374
351 352
351 363
351 368
351 369
351 388
352 373
352 361
353 355
353 367
353 385
353 387
354 360
354 368
356 395
357 382
357 387
358 390
359 373
359 385
359 395
361 367
361 390
362 367
362 377
362 388
362 394
362 396
363 365
363 387
364 366
364 397
365 367
366 367
366 395
368 381
369 379
370 372
371 380
371 391
371 393
372 392
373 385
373 392
373 394
373 398
374 380
374 384
375 376
375 382
375 393
376 396
377 386
378 381
378 383
378 395
380 397
382 384
383 384
384 390
385 393
390 393
391 397
391 398
395 398