461006521
4
400
1765
0 4
0 5
0 6
0 8
0 9
0 12
0 13
0 14
0 17
0 20
0 21
0 22
0 28
0 34
0 49
0 50
0 56
0 60
0 66
0 69
0 79
0 82
0 87
0 94
0 98
0 104
0 112
0 113
0 132
0 153
0 155
0 169
0 177
0 270
0 272
0 277
0 296
0 306
0 307
0 319
0 340
0 358
0 379
0 387
0 299
1 4
1 11
1 25
1 31
1 54
1 172
1 176
1 177
1 188
1 211
1 218
1 244
1 288
1 355
1 362
1 369
1 230
1 112
1 168
1 318
1 332
2 4
2 5
2 6
2 10
2 12
2 14
2 18
2 26
2 27
2 30
2 34
2 35
2 52
2 61
2 63
2 70
2 79
2 81
2 91
2 100
2 101
2 106
2 107
2 147
2 160
2 164
2 165
2 169
2 209
2 224
2 277
2 293
2 327
2 349
2 368
2 374
2 375
2 69
2 193
2 283
3 4
3 5
3 6
3 7
3 9
3 16
3 17
3 23
3 28
3 30
3 32
3 40
3 59
3 68
3 74
3 78
3 81
3 88
3 93
3 106
3 108
3 116
3 120
3 122
3 147
3 156
3 183
3 197
3 238
3 279
3 283
3 296
3 314
3 319
3 327
3 330
3 333
3 345
3 390
3 79
3 291
4 5
4 6
4 7
4 8
4 10
4 12
4 14
4 15
4 16
4 18
4 19
4 21
4 28
4 31
4 33
4 36
4 37
4 46
4 47
4 50
4 53
4 55
4 59
4 60
4 62
4 64
4 68
4 69
4 74
4 75
4 80
4 82
4 90
4 97
4 100
4 103
4 104
4 107
4 112
4 125
4 127
4 128
4 131
4 135
4 136
4 137
4 144
4 145
4 163
4 171
4 178
4 183
4 188
4 191
4 192
4 194
4 195
4 198
4 203
4 213
4 214
4 232
4 234
4 235
4 241
4 245
4 250
4 252
4 259
4 262
4 263
4 264
4 269
4 270
4 276
4 279
4 290
4 292
4 295
4 298
4 301
4 305
4 308
4 314
4 329
4 337
4 341
4 361
4 363
4 367
4 386
4 398
4 399
4 121
4 93
4 108
4 253
5 7
5 9
5 10
5 27
5 33
5 57
5 73
5 76
5 77
5 84
5 95
5 127
5 131
5 143
5 145
5 151
5 154
5 157
5 158
5 194
5 197
5 202
5 208
5 215
5 216
5 269
5 277
5 289
5 294
5 330
5 331
5 335
5 369
5 372
5 378
5 396
5 310
6 7
6 8
6 9
6 11
6 12
6 13
6 17
6 21
6 22
6 25
6 29
6 34
6 39
6 49
6 52
6 54
6 58
6 59
6 69
6 72
6 84
6 86
6 97
6 115
6 123
6 138
6 164
6 175
6 208
6 209
6 229
6 237
6 260
6 330
6 340
6 363
6 366
7 8
7 10
7 11
7 13
7 14
7 18
7 22
7 30
7 32
7 37
7 47
7 49
7 107
7 174
7 175
7 179
7 186
7 229
7 243
7 246
7 265
7 267
7 290
7 292
7 322
7 328
7 382
7 385
7 392
7 397
7 46
7 75
7 81
7 130
7 149
7 159
8 11
8 24
8 25
8 40
8 63
8 114
8 128
8 142
8 148
8 164
8 190
8 218
8 235
8 282
8 306
8 317
8 339
8 356
8 367
8 267
9 15
9 16
9 19
9 23
9 27
9 31
9 32
9 43
9 44
9 47
9 58
9 62
9 63
9 70
9 71
9 95
9 104
9 106
9 124
9 125
9 165
9 166
9 168
9 253
9 278
9 294
9 295
9 304
9 320
9 327
9 333
9 349
9 368
9 388
9 389
9 394
9 61
9 153
9 173
9 192
10 13
10 24
10 25
10 40
10 45
10 85
10 90
10 108
10 117
10 186
10 199
10 214
10 262
10 293
10 345
10 298
11 53
11 96
11 108
11 123
11 134
11 150
11 162
11 167
11 173
11 205
11 212
11 231
11 234
11 247
11 276
11 302
11 336
12 15
12 18
12 19
12 20
12 26
12 36
12 38
12 43
12 55
12 62
12 65
12 67
12 75
12 78
12 81
12 93
12 131
12 133
12 141
12 147
12 158
12 162
12 166
12 170
12 195
12 205
12 225
12 251
12 263
12 285
12 289
12 293
12 317
12 332
12 342
12 350
12 371
12 390
12 95
12 218
12 311
13 17
13 24
13 26
13 28
13 34
13 36
13 39
13 41
13 42
13 55
13 61
13 64
13 66
13 82
13 108
13 110
13 127
13 128
13 134
13 139
13 182
13 202
13 219
13 236
13 250
13 282
13 300
13 332
13 345
13 347
14 15
14 19
14 23
14 27
14 35
14 46
14 49
14 50
14 67
14 72
14 74
14 76
14 84
14 97
14 112
14 125
14 163
14 184
14 209
14 215
14 232
14 234
14 249
14 280
14 284
14 287
14 301
14 302
14 305
14 312
14 328
14 369
14 379
14 395
14 21
14 247
15 16
15 20
15 44
15 92
15 149
15 168
15 195
15 319
16 29
16 31
16 55
16 82
16 122
16 161
16 191
16 206
16 254
16 262
16 267
16 276
16 299
16 310
16 395
16 51
16 103
17 20
17 24
17 32
17 33
17 36
17 41
17 42
17 68
17 88
17 89
17 119
17 135
17 156
17 204
17 246
17 252
17 282
17 287
17 310
17 311
17 347
17 356
17 358
17 375
17 199
17 172
17 197
18 30
18 39
18 42
18 45
18 46
18 89
18 91
18 109
18 118
18 124
18 130
18 143
18 151
18 153
18 159
18 160
18 165
18 194
18 208
18 214
18 215
18 219
18 240
18 266
18 279
18 304
18 316
18 318
18 333
18 346
18 365
18 376
18 383
18 390
18 41
18 116
19 22
19 23
19 29
19 35
19 37
19 44
19 57
19 65
19 75
19 85
19 88
19 105
19 142
19 147
19 181
19 200
19 240
19 286
19 310
19 251
20 21
20 65
20 87
20 135
20 142
20 104
21 51
21 69
21 95
21 100
21 109
21 129
21 145
21 251
21 264
21 324
21 331
21 343
21 350
22 26
22 29
22 101
22 116
22 118
22 124
22 129
22 186
22 348
22 374
22 319
23 47
23 72
23 100
23 149
23 334
23 278
24 45
24 48
24 56
24 94
24 103
24 126
24 150
24 190
24 204
24 317
24 355
24 359
24 390
24 74
24 270
25 33
25 90
25 167
25 210
25 278
25 309
26 65
26 66
26 67
26 83
26 86
26 115
26 168
26 177
26 190
26 326
27 191
27 209
27 218
27 354
28 40
28 41
28 51
28 53
28 77
28 118
28 126
28 143
28 160
28 199
28 211
28 217
28 237
28 268
28 294
28 363
29 35
29 37
29 79
29 89
29 133
29 148
29 198
29 236
29 287
29 362
29 56
29 186
29 228
29 371
30 45
30 51
30 96
30 102
30 111
30 141
30 175
30 192
30 235
30 310
30 338
30 373
31 70
31 160
31 162
31 176
31 210
31 220
31 249
32 38
32 78
32 102
32 286
32 384
32 387
32 276
33 57
33 59
33 70
33 80
33 106
33 139
33 181
33 237
33 275
33 118
33 357
34 38
34 43
34 48
34 56
34 71
34 119
34 136
34 172
34 187
34 207
34 216
34 228
34 268
34 271
34 273
34 280
34 295
34 297
34 336
34 338
34 352
34 368
35 39
35 58
35 60
35 94
35 97
35 99
35 110
35 115
35 126
35 144
35 148
35 151
35 196
35 201
35 225
35 252
35 274
35 276
35 283
35 327
35 373
35 240
35 255
36 38
36 56
36 76
36 83
36 103
36 210
36 230
36 240
36 242
36 255
36 260
36 326
36 361
36 364
36 155
37 43
37 54
37 80
37 83
37 94
37 95
37 96
37 99
37 120
37 139
37 201
37 203
37 223
37 259
37 275
37 185
37 244
38 41
38 84
38 87
38 98
38 152
38 179
38 213
38 353
38 82
39 42
39 50
39 77
39 81
39 83
39 115
40 52
40 58
40 78
40 124
40 130
40 212
40 255
40 137
41 48
41 93
41 102
41 192
41 194
41 264
41 281
41 285
41 303
41 387
41 252
41 292
42 44
42 54
42 105
42 127
42 151
42 155
42 202
42 220
42 249
42 269
42 43
43 46
43 52
43 77
43 105
43 114
43 121
43 154
43 156
43 204
43 225
43 229
43 248
43 254
43 260
43 270
43 280
43 301
43 324
43 334
44 91
44 101
44 285
44 308
45 61
45 104
45 239
45 297
45 368
45 52
46 48
46 51
46 60
46 62
46 71
46 73
46 98
46 117
46 119
46 166
46 227
46 251
46 288
46 296
46 303
46 316
46 353
46 364
46 63
46 385
47 53
47 86
47 132
47 162
47 55
48 57
48 119
48 168
48 243
48 275
48 285
49 71
49 152
49 76
50 61
50 173
50 189
50 297
50 300
50 312
50 329
50 349
50 351
50 384
50 199
50 359
50 388
51 278
51 325
51 351
51 365
51 382
51 394
52 99
52 211
52 362
53 145
53 175
53 185
53 201
53 323
53 348
53 286
53 327
54 63
54 92
54 114
54 196
54 204
54 230
54 231
54 304
54 379
54 393
54 105
55 103
55 111
55 158
55 173
55 241
55 244
55 256
55 281
55 331
55 83
55 138
55 314
56 66
56 123
56 197
56 259
56 284
56 344
57 85
57 140
57 170
57 334
57 399
57 83
57 329
58 64
58 74
58 102
58 123
58 174
59 99
59 131
59 172
59 185
59 193
59 223
59 358
60 64
60 68
60 73
60 116
60 138
60 163
60 171
60 172
60 191
60 223
60 231
60 257
60 356
61 85
61 117
61 129
61 140
61 161
61 180
61 284
61 334
61 370
61 397
62 183
62 260
62 264
62 323
62 356
63 89
63 90
63 111
63 125
63 288
63 321
64 67
64 73
64 109
64 159
64 251
64 347
65 140
66 72
66 134
66 136
66 150
66 228
66 241
66 313
66 344
66 322
67 121
67 143
67 158
67 206
67 218
67 230
67 233
67 331
67 381
67 355
67 337
68 122
68 130
68 261
69 76
69 88
69 98
69 101
69 200
69 221
69 268
69 295
69 315
69 300
70 154
70 157
70 163
70 180
70 336
70 399
70 77
71 80
71 107
71 122
71 142
72 185
72 188
72 254
72 273
72 325
72 344
72 389
72 397
72 245
72 126
73 113
73 210
73 348
73 379
74 75
74 188
75 79
75 92
75 126
75 135
75 141
75 202
75 267
77 132
77 144
77 173
77 121
78 169
78 322
78 82
78 242
79 87
79 92
79 120
79 170
79 213
79 243
79 281
79 314
80 229
80 217
81 86
81 113
81 121
81 130
81 187
81 196
81 231
81 255
81 256
81 286
81 299
81 316
81 333
82 116
82 193
82 227
82 342
82 186
82 205
82 267
83 110
83 148
83 365
84 207
84 304
84 376
85 140
85 198
85 271
85 212
86 118
87 96
87 178
87 328
87 217
88 91
88 128
88 134
88 246
88 258
88 291
88 341
88 307
89 290
89 307
89 308
90 138
90 150
90 185
90 225
90 227
90 335
90 232
90 331
91 93
91 105
91 137
91 155
91 203
91 247
91 286
92 115
92 193
92 205
92 222
92 244
92 301
92 372
92 198
92 264
93 133
93 153
93 184
93 235
93 392
94 113
94 114
94 153
94 179
94 206
94 248
94 323
94 386
94 303
95 149
95 302
95 315
97 118
97 121
97 203
97 216
97 272
97 392
97 349
97 290
98 154
98 256
98 265
98 270
98 204
99 292
99 349
99 219
100 109
100 112
100 120
100 137
100 141
100 146
100 182
100 186
100 201
100 221
100 399
100 377
101 137
101 149
101 171
101 176
101 187
101 188
101 238
101 244
101 248
101 288
101 332
101 377
102 190
102 232
102 261
102 277
102 305
102 336
103 110
103 136
103 155
103 178
103 187
103 242
103 249
103 253
103 254
103 262
104 234
104 371
105 132
105 167
105 199
105 236
105 239
105 298
105 389
106 111
106 117
106 133
107 265
107 312
108 208
108 223
108 308
109 161
110 228
110 279
110 240
111 294
111 354
112 212
113 167
113 211
114 281
114 314
114 326
114 346
114 380
114 182
115 243
115 306
115 313
115 384
115 163
116 129
116 146
116 222
117 166
117 183
117 221
117 238
117 349
117 365
118 171
118 177
118 212
118 221
118 222
118 245
118 321
118 340
119 313
119 324
119 121
121 138
121 180
121 268
121 289
121 393
122 184
122 189
122 227
122 150
124 207
124 269
124 328
124 335
124 344
124 346
124 388
125 139
125 146
125 224
125 254
126 144
126 157
126 165
126 217
126 273
126 329
126 376
126 219
127 140
129 370
129 185
130 170
130 220
130 299
130 323
130 351
130 384
131 315
131 342
132 226
132 230
132 259
132 137
133 200
133 262
134 280
134 297
135 152
135 238
135 360
136 191
138 257
138 360
139 146
139 178
139 181
139 246
139 266
139 142
139 288
140 152
140 326
140 358
140 396
140 155
141 156
141 179
141 200
142 319
144 214
144 215
144 263
144 318
144 259
145 252
145 300
145 228
147 159
147 169
147 184
147 193
147 329
147 342
147 367
147 165
147 324
148 240
149 216
149 307
149 354
149 359
149 383
150 157
150 196
150 316
150 343
150 383
150 282
151 159
151 380
152 161
152 192
152 226
153 226
153 241
153 283
153 167
153 280
153 321
155 174
155 176
155 219
155 278
155 325
155 337
155 342
155 370
155 391
156 207
156 289
157 213
157 357
158 371
159 291
159 337
159 388
159 289
160 189
161 197
161 340
161 375
162 164
162 182
162 309
163 395
163 373
165 205
166 293
167 182
167 272
167 360
167 377
167 319
168 237
168 266
169 174
169 222
169 224
169 253
169 300
169 337
169 359
169 385
170 282
170 332
170 398
171 239
172 233
172 330
172 188
173 180
173 242
173 308
173 335
173 370
174 255
174 391
174 236
175 272
175 206
176 198
177 189
177 341
177 315
178 374
178 296
179 181
179 372
179 381
180 195
180 350
180 274
180 360
181 320
181 366
182 217
182 274
182 361
182 378
183 238
184 199
184 309
184 311
184 371
184 381
185 350
186 206
186 239
186 271
186 302
186 303
186 368
186 373
186 398
186 224
187 297
187 249
188 224
188 322
189 320
189 325
190 261
190 271
190 346
190 350
190 396
190 339
191 228
191 232
191 355
192 298
193 275
194 242
194 245
194 257
194 298
194 311
194 230
195 226
195 247
195 306
196 236
196 296
196 244
198 250
198 258
198 261
198 266
198 339
198 381
198 385
198 394
199 267
199 366
200 362
201 307
201 338
201 388
202 248
202 383
204 219
204 383
205 256
205 309
206 220
206 245
206 312
207 380
208 233
208 343
209 291
210 291
210 372
211 318
212 389
214 217
214 322
214 369
215 372
216 258
217 347
218 293
220 386
220 282
221 354
223 286
224 321
224 391
224 364
225 265
226 247
226 257
226 292
226 343
227 299
227 378
227 331
228 300
229 233
229 272
230 341
230 351
231 250
231 321
231 360
231 247
232 303
232 317
233 273
234 253
235 248
236 352
237 393
239 283
239 391
243 263
245 366
245 304
247 274
247 305
248 318
248 382
248 394
248 398
249 305
250 274
250 343
253 258
253 377
255 352
256 378
257 290
257 312
259 263
263 393
266 324
269 284
269 387
269 397
269 340
271 391
273 353
277 348
279 285
281 339
282 313
283 357
284 365
285 311
286 287
286 315
286 353
286 355
288 364
288 396
291 385
293 382
298 364
299 345
301 341
303 386
304 341
316 320
316 367
316 374
321 375
322 339
332 392
336 361
336 377
337 338
338 363
341 352
344 347
345 354
346 359
348 357
353 357
353 376
355 373
355 395
363 375
373 380
374 387
375 396