95435768
30
400
11324
0 30
0 31
0 32
0 33
0 34
0 35
0 37
0 40
0 42
0 45
0 46
0 51
0 53
0 54
0 55
0 59
0 60
0 62
0 63
0 65
0 66
0 67
0 68
0 74
0 76
0 77
0 83
0 89
0 90
0 91
0 92
0 93
0 95
0 99
0 100
0 102
0 103
0 109
0 110
0 114
0 116
0 117
0 118
0 120
0 135
0 139
0 141
0 143
0 146
0 159
0 160
0 166
0 171
0 174
0 176
0 180
0 183
0 184
0 187
0 192
0 203
0 204
0 206
0 215
0 232
0 241
0 249
0 251
0 252
0 267
0 275
0 278
0 282
0 304
0 306
0 323
0 330
0 334
0 354
0 357
0 361
0 374
0 382
1 30
1 31
1 32
1 33
1 34
1 35
1 36
1 37
1 38
1 39
1 41
1 42
1 44
1 46
1 47
1 48
1 54
1 55
1 56
1 57
1 59
1 63
1 65
1 66
1 67
1 74
1 76
1 77
1 78
1 82
1 93
1 97
1 99
1 108
1 111
1 119
1 121
1 133
1 142
1 147
1 148
1 153
1 156
1 166
1 174
1 183
1 184
1 190
1 193
1 198
1 200
1 209
1 210
1 214
1 222
1 235
1 244
1 253
1 256
1 261
1 267
1 273
1 279
1 280
1 281
1 291
1 295
1 296
1 298
1 301
1 310
1 311
1 319
1 339
1 340
1 352
1 359
1 369
1 371
1 376
1 382
1 384
1 385
1 398
1 24
1 278
2 30
2 31
2 32
2 34
2 35
2 36
2 37
2 39
2 40
2 42
2 46
2 51
2 52
2 58
2 60
2 61
2 65
2 67
2 72
2 78
2 83
2 85
2 87
2 90
2 101
2 104
2 107
2 109
2 111
2 115
2 123
2 129
2 130
2 131
2 142
2 159
2 164
2 171
2 172
2 175
2 200
2 206
2 218
2 224
2 232
2 238
2 242
2 244
2 248
2 271
2 286
2 292
2 297
2 304
2 311
2 313
2 319
2 334
2 342
2 343
2 352
2 368
2 397
3 30
3 31
3 32
3 33
3 34
3 35
3 36
3 38
3 39
3 40
3 41
3 42
3 45
3 46
3 48
3 49
3 50
3 51
3 55
3 58
3 61
3 62
3 66
3 67
3 68
3 71
3 74
3 75
3 76
3 78
3 82
3 85
3 87
3 88
3 91
3 93
3 94
3 96
3 101
3 103
3 104
3 108
3 110
3 111
3 113
3 115
3 116
3 118
3 130
3 139
3 143
3 145
3 159
3 160
3 168
3 169
3 175
3 181
3 190
3 197
3 202
3 203
3 205
3 206
3 211
3 212
3 213
3 215
3 216
3 220
3 222
3 223
3 225
3 244
3 252
3 259
3 264
3 273
3 275
3 276
3 289
3 301
3 304
3 308
3 311
3 315
3 316
3 323
3 345
3 348
3 350
3 351
3 352
3 361
3 362
3 370
3 381
3 386
3 95
4 30
4 31
4 32
4 33
4 35
4 37
4 39
4 44
4 46
4 47
4 49
4 51
4 52
4 53
4 63
4 64
4 65
4 66
4 68
4 70
4 74
4 78
4 80
4 97
4 99
4 101
4 103
4 106
4 108
4 109
4 112
4 113
4 117
4 125
4 127
4 132
4 135
4 147
4 149
4 152
4 154
4 157
4 163
4 172
4 177
4 186
4 190
4 195
4 198
4 201
4 215
4 216
4 230
4 236
4 254
4 256
4 276
4 293
4 310
4 311
4 313
4 314
4 328
4 337
4 345
4 349
4 351
4 359
4 365
4 388
5 30
5 31
5 32
5 33
5 34
5 35
5 36
5 37
5 38
5 40
5 42
5 43
5 46
5 49
5 50
5 52
5 54
5 56
5 57
5 60
5 61
5 62
5 66
5 67
5 71
5 72
5 80
5 81
5 82
5 84
5 91
5 99
5 107
5 112
5 116
5 121
5 123
5 126
5 127
5 140
5 145
5 161
5 163
5 168
5 169
5 179
5 182
5 190
5 193
5 196
5 197
5 201
5 211
5 212
5 219
5 220
5 231
5 245
5 246
5 248
5 249
5 256
5 257
5 269
5 274
5 285
5 290
5 293
5 297
5 307
5 316
5 337
5 340
5 347
5 349
5 350
5 353
5 369
5 384
5 390
5 392
5 90
5 151
6 30
6 31
6 32
6 33
6 34
6 35
6 36
6 38
6 40
6 44
6 47
6 54
6 56
6 58
6 59
6 68
6 71
6 83
6 85
6 87
6 91
6 92
6 106
6 124
6 126
6 133
6 141
6 143
6 145
6 158
6 169
6 173
6 174
6 176
6 189
6 190
6 193
6 204
6 205
6 211
6 212
6 216
6 220
6 221
6 222
6 224
6 228
6 234
6 247
6 263
6 277
6 283
6 285
6 291
6 294
6 309
6 331
6 357
6 364
6 389
6 76
7 30
7 31
7 32
7 33
7 34
7 36
7 37
7 38
7 39
7 40
7 42
7 44
7 47
7 49
7 52
7 53
7 63
7 64
7 69
7 75
7 77
7 78
7 82
7 106
7 108
7 109
7 111
7 112
7 113
7 114
7 128
7 133
7 142
7 170
7 172
7 178
7 189
7 215
7 234
7 248
7 250
7 256
7 259
7 262
7 270
7 294
7 339
7 347
7 374
7 379
7 252
7 183
8 30
8 31
8 32
8 33
8 34
8 35
8 36
8 39
8 40
8 42
8 45
8 47
8 50
8 51
8 53
8 55
8 57
8 63
8 67
8 68
8 74
8 85
8 95
8 102
8 113
8 115
8 118
8 126
8 129
8 136
8 137
8 166
8 171
8 176
8 179
8 192
8 197
8 210
8 231
8 239
8 249
8 276
8 279
8 282
8 285
8 312
8 319
8 331
8 333
8 355
8 360
8 376
9 30
9 31
9 32
9 33
9 34
9 36
9 37
9 38
9 39
9 40
9 42
9 44
9 45
9 46
9 48
9 54
9 58
9 59
9 65
9 66
9 68
9 69
9 71
9 77
9 86
9 88
9 105
9 109
9 116
9 118
9 120
9 133
9 139
9 143
9 147
9 150
9 153
9 158
9 160
9 164
9 166
9 171
9 176
9 191
9 194
9 196
9 198
9 199
9 203
9 212
9 218
9 223
9 237
9 251
9 252
9 253
9 256
9 295
9 307
9 342
9 351
9 357
9 368
9 381
9 384
9 279
10 30
10 31
10 32
10 34
10 35
10 36
10 37
10 40
10 41
10 43
10 45
10 50
10 55
10 57
10 65
10 68
10 73
10 74
10 76
10 93
10 108
10 122
10 124
10 125
10 128
10 134
10 136
10 163
10 165
10 172
10 193
10 222
10 231
10 239
10 247
10 273
10 276
10 282
10 288
10 290
10 291
10 304
10 310
10 314
10 328
10 329
10 381
10 384
10 392
10 309
11 30
11 31
11 32
11 33
11 34
11 35
11 36
11 37
11 38
11 39
11 40
11 42
11 43
11 45
11 47
11 48
11 49
11 50
11 51
11 52
11 53
11 54
11 55
11 56
11 59
11 60
11 61
11 63
11 64
11 66
11 68
11 72
11 75
11 77
11 78
11 80
11 83
11 84
11 88
11 90
11 93
11 95
11 96
11 100
11 103
11 107
11 108
11 111
11 114
11 115
11 122
11 126
11 132
11 133
11 136
11 141
11 142
11 152
11 155
11 157
11 158
11 160
11 161
11 167
11 177
11 183
11 202
11 205
11 209
11 222
11 223
11 226
11 227
11 228
11 230
11 234
11 241
11 242
11 245
11 252
11 262
11 286
11 292
11 296
11 302
11 303
11 314
11 320
11 333
11 334
11 339
11 343
11 350
11 368
11 374
11 385
11 390
12 30
12 31
12 32
12 33
12 34
12 35
12 36
12 37
12 41
12 42
12 43
12 44
12 47
12 48
12 49
12 53
12 56
12 58
12 64
12 66
12 69
12 71
12 73
12 74
12 77
12 80
12 83
12 84
12 88
12 90
12 95
12 96
12 98
12 101
12 105
12 109
12 119
12 122
12 124
12 129
12 131
12 133
12 135
12 138
12 153
12 154
12 158
12 159
12 167
12 169
12 171
12 173
12 183
12 190
12 192
12 203
12 206
12 213
12 225
12 226
12 229
12 230
12 235
12 262
12 266
12 283
12 288
12 320
12 337
12 342
12 344
12 355
12 363
12 375
12 388
12 293
13 30
13 31
13 32
13 33
13 35
13 37
13 38
13 39
13 41
13 43
13 44
13 45
13 47
13 48
13 49
13 51
13 52
13 53
13 57
13 58
13 60
13 61
13 62
13 66
13 68
13 70
13 71
13 72
13 73
13 75
13 81
13 88
13 90
13 91
13 92
13 94
13 98
13 101
13 102
13 104
13 105
13 112
13 114
13 118
13 121
13 123
13 125
13 137
13 140
13 153
13 159
13 162
13 163
13 169
13 171
13 174
13 179
13 180
13 191
13 205
13 207
13 212
13 218
13 227
13 243
13 245
13 254
13 256
13 272
13 277
13 282
13 286
13 290
13 301
13 303
13 311
13 313
13 324
13 332
13 342
13 370
13 372
13 374
13 225
13 318
14 30
14 31
14 32
14 33
14 34
14 35
14 36
14 38
14 39
14 40
14 41
14 42
14 45
14 46
14 47
14 48
14 52
14 53
14 54
14 56
14 59
14 63
14 65
14 69
14 71
14 73
14 74
14 79
14 82
14 86
14 91
14 92
14 96
14 99
14 111
14 116
14 117
14 121
14 126
14 127
14 130
14 136
14 144
14 147
14 148
14 149
14 151
14 155
14 166
14 173
14 175
14 176
14 177
14 179
14 190
14 220
14 227
14 231
14 242
14 255
14 259
14 264
14 270
14 282
14 286
14 292
14 318
14 329
14 342
14 347
14 370
14 371
14 396
14 399
14 284
15 30
15 31
15 32
15 34
15 37
15 42
15 45
15 49
15 61
15 85
15 97
15 105
15 151
15 157
15 158
15 165
15 186
15 188
15 255
15 283
15 298
15 315
15 349
15 365
15 367
15 381
15 91
15 290
16 30
16 33
16 34
16 35
16 36
16 37
16 38
16 40
16 41
16 42
16 46
16 47
16 53
16 56
16 60
16 63
16 64
16 68
16 75
16 77
16 83
16 88
16 89
16 96
16 105
16 108
16 112
16 118
16 128
16 130
16 131
16 134
16 137
16 142
16 143
16 152
16 166
16 170
16 178
16 186
16 190
16 193
16 201
16 209
16 210
16 213
16 214
16 215
16 217
16 219
16 222
16 227
16 229
16 231
16 262
16 263
16 278
16 299
16 319
16 327
16 335
16 341
16 366
16 376
16 383
17 30
17 31
17 32
17 33
17 34
17 35
17 36
17 37
17 38
17 39
17 40
17 41
17 42
17 43
17 45
17 47
17 48
17 50
17 51
17 53
17 54
17 57
17 59
17 61
17 64
17 67
17 69
17 70
17 71
17 72
17 75
17 78
17 80
17 83
17 85
17 92
17 93
17 97
17 98
17 108
17 109
17 120
17 123
17 124
17 125
17 134
17 139
17 141
17 142
17 149
17 151
17 153
17 155
17 156
17 157
17 159
17 166
17 185
17 200
17 201
17 203
17 209
17 215
17 223
17 226
17 231
17 238
17 241
17 253
17 255
17 256
17 258
17 259
17 261
17 271
17 277
17 280
17 281
17 282
17 289
17 295
17 297
17 319
17 324
17 330
17 335
17 336
17 340
17 344
17 355
17 360
17 361
17 370
17 385
17 387
17 388
17 391
17 396
17 397
17 399
17 234
18 30
18 31
18 32
18 33
18 35
18 36
18 37
18 38
18 39
18 41
18 42
18 43
18 44
18 45
18 46
18 48
18 49
18 50
18 51
18 52
18 53
18 54
18 58
18 59
18 64
18 65
18 66
18 68
18 69
18 71
18 73
18 75
18 77
18 79
18 84
18 88
18 92
18 94
18 95
18 96
18 97
18 99
18 100
18 101
18 103
18 105
18 106
18 112
18 113
18 114
18 116
18 118
18 126
18 128
18 131
18 137
18 151
18 154
18 158
18 159
18 174
18 181
18 183
18 193
18 194
18 204
18 206
18 212
18 226
18 230
18 234
18 236
18 252
18 254
18 255
18 261
18 269
18 277
18 279
18 301
18 323
18 326
18 330
18 338
18 343
18 354
18 356
18 358
18 359
18 361
18 364
18 397
19 30
19 31
19 32
19 33
19 34
19 35
19 36
19 37
19 38
19 39
19 40
19 41
19 42
19 43
19 44
19 45
19 47
19 48
19 49
19 50
19 54
19 55
19 57
19 58
19 59
19 62
19 65
19 66
19 69
19 73
19 74
19 80
19 86
19 87
19 89
19 90
19 97
19 98
19 115
19 130
19 138
19 143
19 149
19 152
19 155
19 157
19 163
19 173
19 174
19 179
19 181
19 185
19 193
19 200
19 205
19 211
19 217
19 219
19 222
19 240
19 241
19 243
19 246
19 251
19 252
19 263
19 270
19 277
19 282
19 302
19 307
19 315
19 330
19 338
19 340
19 341
19 347
19 361
19 366
19 373
19 385
19 388
19 389
19 395
19 350
19 364
20 30
20 31
20 32
20 33
20 34
20 35
20 36
20 37
20 38
20 39
20 40
20 41
20 43
20 44
20 45
20 46
20 47
20 48
20 49
20 51
20 52
20 55
20 56
20 57
20 58
20 59
20 60
20 61
20 64
20 69
20 72
20 74
20 79
20 80
20 81
20 82
20 83
20 84
20 85
20 87
20 89
20 90
20 91
20 92
20 93
20 98
20 99
20 100
20 103
20 107
20 111
20 116
20 117
20 121
20 123
20 124
20 134
20 137
20 146
20 147
20 149
20 151
20 153
20 154
20 162
20 169
20 178
20 183
20 192
20 195
20 203
20 205
20 212
20 217
20 226
20 236
20 237
20 238
20 241
20 242
20 248
20 249
20 252
20 270
20 273
20 274
20 284
20 285
20 295
20 301
20 304
20 310
20 313
20 331
20 343
20 353
20 362
20 367
20 377
20 378
20 390
20 393
20 396
20 76
20 164
20 347
21 30
21 31
21 32
21 33
21 34
21 35
21 36
21 37
21 38
21 39
21 40
21 41
21 42
21 43
21 44
21 47
21 49
21 51
21 52
21 55
21 57
21 58
21 60
21 64
21 68
21 69
21 70
21 72
21 73
21 76
21 79
21 80
21 82
21 85
21 87
21 89
21 90
21 91
21 98
21 101
21 104
21 107
21 108
21 110
21 114
21 119
21 123
21 133
21 138
21 140
21 143
21 151
21 184
21 185
21 188
21 206
21 207
21 210
21 227
21 245
21 250
21 252
21 256
21 261
21 265
21 266
21 282
21 286
21 299
21 305
21 310
21 319
21 336
21 341
21 342
21 358
21 394
21 395
21 171
21 235
22 30
22 31
22 32
22 33
22 34
22 36
22 37
22 38
22 39
22 41
22 43
22 44
22 45
22 46
22 56
22 59
22 63
22 84
22 100
22 105
22 110
22 112
22 118
22 122
22 123
22 132
22 150
22 154
22 159
22 160
22 165
22 182
22 194
22 207
22 222
22 226
22 233
22 266
22 268
22 284
22 301
22 303
22 309
22 332
22 334
22 361
22 363
22 369
22 386
22 387
22 393
23 30
23 31
23 32
23 33
23 34
23 35
23 36
23 38
23 41
23 43
23 46
23 48
23 52
23 55
23 56
23 59
23 61
23 62
23 66
23 70
23 71
23 75
23 79
23 83
23 88
23 94
23 95
23 100
23 111
23 132
23 134
23 135
23 143
23 147
23 149
23 150
23 158
23 173
23 191
23 192
23 195
23 196
23 200
23 203
23 206
23 228
23 231
23 250
23 256
23 269
23 270
23 271
23 286
23 291
23 298
23 320
23 358
23 381
23 388
23 394
24 30
24 31
24 32
24 33
24 34
24 35
24 36
24 38
24 39
24 40
24 41
24 43
24 45
24 46
24 47
24 52
24 55
24 59
24 60
24 62
24 64
24 71
24 72
24 86
24 87
24 88
24 89
24 90
24 98
24 106
24 108
24 114
24 118
24 120
24 139
24 152
24 164
24 165
24 176
24 202
24 215
24 220
24 224
24 227
24 240
24 276
24 280
24 282
24 288
24 296
24 300
24 309
24 313
24 327
24 330
24 337
24 339
24 342
24 345
24 349
24 359
24 372
24 377
24 391
24 396
25 30
25 31
25 32
25 33
25 34
25 35
25 36
25 38
25 39
25 40
25 42
25 43
25 44
25 46
25 49
25 50
25 54
25 55
25 56
25 58
25 59
25 60
25 62
25 63
25 65
25 66
25 67
25 81
25 84
25 87
25 92
25 94
25 108
25 132
25 135
25 136
25 144
25 150
25 156
25 165
25 184
25 185
25 187
25 188
25 195
25 197
25 205
25 207
25 212
25 229
25 247
25 254
25 278
25 281
25 305
25 307
25 310
25 316
25 323
25 330
25 335
25 339
25 364
25 377
25 386
25 399
25 286
26 30
26 31
26 32
26 33
26 37
26 38
26 41
26 42
26 46
26 48
26 49
26 50
26 52
26 56
26 60
26 62
26 63
26 66
26 68
26 70
26 71
26 72
26 73
26 76
26 78
26 80
26 82
26 87
26 89
26 90
26 91
26 93
26 94
26 96
26 97
26 101
26 102
26 104
26 106
26 110
26 116
26 117
26 118
26 125
26 128
26 129
26 139
26 143
26 144
26 149
26 150
26 154
26 157
26 160
26 166
26 170
26 176
26 181
26 184
26 186
26 191
26 193
26 194
26 198
26 204
26 207
26 209
26 214
26 220
26 227
26 240
26 256
26 258
26 259
26 260
26 272
26 279
26 285
26 289
26 292
26 293
26 295
26 300
26 303
26 312
26 315
26 334
26 346
26 354
26 359
26 366
26 369
26 375
26 380
26 195
27 30
27 31
27 32
27 33
27 34
27 35
27 36
27 37
27 38
27 39
27 40
27 41
27 42
27 43
27 44
27 45
27 46
27 47
27 48
27 49
27 51
27 54
27 58
27 60
27 64
27 66
27 67
27 72
27 84
27 87
27 89
27 103
27 110
27 112
27 116
27 121
27 133
27 142
27 144
27 148
27 153
27 157
27 160
27 161
27 168
27 172
27 178
27 182
27 187
27 193
27 195
27 216
27 219
27 226
27 241
27 275
27 285
27 286
27 288
27 294
27 306
27 307
27 308
27 309
27 313
27 317
27 325
27 334
27 337
27 339
27 342
27 346
27 351
27 353
27 356
27 373
27 378
27 382
27 384
27 390
27 393
28 30
28 31
28 32
28 33
28 34
28 35
28 36
28 37
28 38
28 39
28 41
28 43
28 44
28 45
28 48
28 51
28 52
28 53
28 58
28 59
28 60
28 63
28 66
28 67
28 69
28 72
28 73
28 77
28 78
28 84
28 85
28 89
28 90
28 96
28 97
28 104
28 107
28 110
28 115
28 127
28 128
28 132
28 133
28 135
28 139
28 145
28 157
28 161
28 162
28 165
28 166
28 168
28 176
28 185
28 186
28 206
28 207
28 221
28 227
28 232
28 251
28 267
28 271
28 278
28 292
28 301
28 302
28 324
28 348
28 355
28 366
28 367
28 368
28 371
28 383
28 392
28 80
28 266
29 30
29 31
29 33
29 34
29 35
29 37
29 39
29 40
29 41
29 43
29 44
29 48
29 49
29 50
29 52
29 55
29 60
29 62
29 63
29 64
29 67
29 69
29 72
29 75
29 78
29 85
29 86
29 93
29 102
29 106
29 110
29 112
29 115
29 127
29 131
29 134
29 135
29 137
29 139
29 153
29 162
29 163
29 167
29 173
29 178
29 186
29 199
29 202
29 212
29 243
29 246
29 249
29 251
29 252
29 264
29 273
29 291
29 306
29 311
29 331
29 336
29 351
29 363
29 365
29 372
29 377
29 385
29 387
29 392
30 31
30 32
30 33
30 34
30 35
30 36
30 37
30 38
30 39
30 40
30 41
30 42
30 43
30 44
30 45
30 46
30 47
30 48
30 49
30 50
30 51
30 52
30 55
30 56
30 57
30 58
30 61
30 62
30 63
30 64
30 65
30 66
30 68
30 70
30 71
30 72
30 73
30 74
30 75
30 76
30 77
30 78
30 79
30 81
30 82
30 83
30 84
30 85
30 86
30 87
30 88
30 91
30 94
30 95
30 100
30 102
30 105
30 107
30 108
30 115
30 120
30 125
30 128
30 129
30 132
30 134
30 138
30 140
30 148
30 158
30 162
30 164
30 166
30 179
30 181
30 183
30 184
30 187
30 190
30 194
30 197
30 198
30 203
30 208
30 216
30 228
30 234
30 239
30 240
30 243
30 250
30 257
30 258
30 264
30 267
30 274
30 277
30 279
30 281
30 282
30 283
30 285
30 288
30 300
30 301
30 303
30 304
30 305
30 317
30 320
30 338
30 339
30 340
30 347
30 353
30 354
30 356
30 376
30 377
30 387
30 388
30 392
30 398
30 212
30 309
31 32
31 33
31 34
31 35
31 36
31 37
31 38
31 39
31 40
31 41
31 42
31 43
31 44
31 45
31 46
31 47
31 48
31 49
31 51
31 52
31 53
31 54
31 55
31 56
31 57
31 58
31 59
31 60
31 61
31 62
31 63
31 65
31 66
31 69
31 70
31 71
31 73
31 75
31 77
31 78
31 79
31 80
31 81
31 82
31 84
31 86
31 87
31 88
31 89
31 90
31 93
31 94
31 98
31 99
31 102
31 103
31 104
31 113
31 114
31 116
31 117
31 120
31 121
31 124
31 126
31 128
31 137
31 139
31 140
31 143
31 148
31 151
31 152
31 153
31 155
31 156
31 158
31 160
31 162
31 171
31 172
31 173
31 174
31 176
31 179
31 180
31 186
31 188
31 189
31 192
31 198
31 199
31 200
31 201
31 204
31 207
31 217
31 221
31 223
31 229
31 234
31 236
31 238
31 240
31 241
31 247
31 250
31 252
31 253
31 255
31 258
31 259
31 264
31 268
31 273
31 277
31 287
31 290
31 308
31 310
31 313
31 314
31 316
31 323
31 326
31 330
31 335
31 336
31 338
31 339
31 347
31 348
31 351
31 357
31 378
31 381
31 385
31 389
31 390
31 392
31 397
31 100
31 394
32 33
32 34
32 35
32 36
32 37
32 38
32 39
32 40
32 41
32 42
32 43
32 44
32 45
32 46
32 47
32 49
32 50
32 52
32 53
32 55
32 57
32 58
32 60
32 61
32 62
32 64
32 65
32 66
32 67
32 68
32 69
32 70
32 71
32 72
32 74
32 78
32 79
32 81
32 82
32 86
32 90
32 91
32 94
32 95
32 96
32 97
32 100
32 101
32 102
32 103
32 105
32 109
32 112
32 115
32 118
32 121
32 124
32 125
32 126
32 128
32 131
32 132
32 135
32 139
32 140
32 141
32 147
32 148
32 150
32 151
32 154
32 156
32 158
32 160
32 163
32 166
32 171
32 172
32 177
32 179
32 181
32 183
32 185
32 186
32 187
32 189
32 192
32 195
32 197
32 199
32 204
32 206
32 210
32 216
32 218
32 221
32 226
32 227
32 230
32 231
32 232
32 235
32 240
32 242
32 243
32 244
32 257
32 260
32 265
32 269
32 272
32 279
32 290
32 297
32 299
32 300
32 305
32 309
32 310
32 312
32 316
32 319
32 320
32 322
32 323
32 331
32 334
32 337
32 344
32 350
32 351
32 353
32 358
32 363
32 364
32 372
32 376
32 383
32 386
32 387
32 396
32 142
32 73
32 174
32 236
33 34
33 35
33 36
33 37
33 38
33 39
33 40
33 41
33 43
33 44
33 45
33 46
33 47
33 48
33 49
33 50
33 51
33 52
33 53
33 54
33 55
33 56
33 57
33 58
33 59
33 60
33 61
33 63
33 68
33 69
33 70
33 72
33 73
33 74
33 75
33 77
33 83
33 86
33 89
33 91
33 101
33 106
33 113
33 114
33 115
33 117
33 119
33 120
33 124
33 132
33 134
33 137
33 142
33 144
33 147
33 148
33 151
33 153
33 154
33 156
33 158
33 160
33 162
33 163
33 164
33 169
33 174
33 176
33 178
33 179
33 181
33 182
33 183
33 189
33 191
33 194
33 196
33 202
33 208
33 209
33 210
33 214
33 218
33 222
33 225
33 228
33 234
33 240
33 246
33 247
33 248
33 254
33 257
33 258
33 259
33 261
33 262
33 263
33 273
33 276
33 289
33 292
33 293
33 300
33 301
33 304
33 307
33 314
33 319
33 323
33 324
33 325
33 337
33 340
33 344
33 349
33 351
33 356
33 367
33 371
33 376
33 377
33 382
33 389
33 394
33 395
33 397
33 322
33 102
33 207
34 35
34 36
34 37
34 38
34 39
34 40
34 41
34 42
34 43
34 44
34 45
34 46
34 47
34 48
34 49
34 50
34 52
34 55
34 57
34 58
34 59
34 62
34 64
34 66
34 67
34 69
34 71
34 79
34 80
34 81
34 83
34 88
34 90
34 91
34 95
34 96
34 99
34 103
34 104
34 105
34 107
34 110
34 112
34 114
34 117
34 119
34 120
34 122
34 123
34 127
34 130
34 133
34 134
34 138
34 140
34 141
34 143
34 145
34 151
34 156
34 158
34 163
34 165
34 173
34 175
34 176
34 177
34 178
34 181
34 182
34 195
34 199
34 202
34 206
34 208
34 211
34 215
34 218
34 222
34 225
34 228
34 229
34 230
34 235
34 238
34 240
34 242
34 245
34 247
34 254
34 256
34 265
34 274
34 281
34 282
34 287
34 293
34 294
34 296
34 298
34 300
34 308
34 320
34 321
34 330
34 334
34 338
34 341
34 348
34 352
34 356
34 364
34 366
34 367
34 374
34 380
34 382
34 399
34 147
34 328
35 36
35 37
35 38
35 39
35 40
35 41
35 42
35 43
35 44
35 45
35 46
35 48
35 50
35 51
35 52
35 53
35 54
35 55
35 56
35 57
35 58
35 59
35 60
35 62
35 63
35 66
35 69
35 71
35 73
35 74
35 76
35 78
35 79
35 80
35 81
35 82
35 84
35 85
35 90
35 92
35 95
35 99
35 103
35 104
35 106
35 107
35 108
35 110
35 111
35 113
35 118
35 120
35 122
35 126
35 127
35 136
35 137
35 138
35 142
35 144
35 147
35 148
35 150
35 152
35 157
35 158
35 161
35 162
35 167
35 170
35 175
35 176
35 184
35 186
35 189
35 195
35 196
35 199
35 201
35 210
35 213
35 214
35 216
35 223
35 226
35 227
35 233
35 235
35 238
35 239
35 243
35 252
35 254
35 261
35 272
35 275
35 293
35 297
35 298
35 303
35 306
35 309
35 314
35 317
35 322
35 325
35 326
35 327
35 330
35 332
35 335
35 337
35 340
35 341
35 343
35 350
35 353
35 355
35 357
35 362
35 367
35 380
35 384
35 387
35 389
35 394
35 395
35 397
35 193
35 149
35 312
36 37
36 38
36 39
36 40
36 41
36 42
36 43
36 44
36 45
36 46
36 47
36 48
36 49
36 50
36 51
36 54
36 55
36 56
36 57
36 58
36 59
36 61
36 62
36 63
36 64
36 65
36 66
36 70
36 71
36 72
36 73
36 74
36 76
36 78
36 79
36 80
36 81
36 83
36 84
36 89
36 90
36 91
36 94
36 95
36 96
36 97
36 99
36 100
36 102
36 103
36 104
36 105
36 106
36 107
36 109
36 111
36 115
36 116
36 118
36 121
36 122
36 123
36 127
36 128
36 129
36 131
36 132
36 134
36 135
36 137
36 140
36 141
36 143
36 144
36 149
36 151
36 152
36 155
36 156
36 157
36 158
36 160
36 164
36 167
36 170
36 173
36 175
36 179
36 181
36 182
36 183
36 184
36 186
36 190
36 193
36 195
36 198
36 199
36 200
36 201
36 202
36 203
36 209
36 210
36 214
36 215
36 217
36 223
36 225
36 231
36 232
36 236
36 241
36 244
36 251
36 252
36 258
36 261
36 263
36 266
36 267
36 270
36 272
36 273
36 274
36 276
36 278
36 280
36 282
36 286
36 287
36 288
36 296
36 298
36 299
36 303
36 306
36 307
36 310
36 311
36 312
36 313
36 315
36 318
36 320
36 322
36 324
36 326
36 327
36 332
36 333
36 334
36 338
36 339
36 342
36 353
36 362
36 371
36 374
36 380
36 382
36 308
36 317
37 38
37 39
37 40
37 41
37 42
37 43
37 44
37 45
37 47
37 48
37 49
37 50
37 53
37 55
37 56
37 57
37 58
37 59
37 61
37 63
37 65
37 66
37 70
37 73
37 77
37 78
37 79
37 80
37 83
37 85
37 87
37 89
37 91
37 94
37 102
37 104
37 105
37 106
37 108
37 109
37 113
37 114
37 118
37 120
37 122
37 126
37 129
37 131
37 136
37 147
37 148
37 150
37 152
37 155
37 157
37 159
37 161
37 164
37 166
37 168
37 170
37 172
37 179
37 180
37 182
37 184
37 189
37 195
37 197
37 199
37 209
37 212
37 217
37 228
37 236
37 237
37 247
37 248
37 267
37 269
37 270
37 273
37 276
37 278
37 281
37 292
37 299
37 300
37 302
37 303
37 306
37 314
37 318
37 325
37 329
37 331
37 338
37 350
37 355
37 365
37 384
37 392
37 394
37 395
38 39
38 40
38 41
38 43
38 44
38 45
38 46
38 47
38 48
38 49
38 50
38 51
38 52
38 53
38 54
38 56
38 58
38 60
38 61
38 62
38 64
38 67
38 69
38 70
38 72
38 74
38 75
38 77
38 78
38 79
38 80
38 81
38 84
38 85
38 89
38 91
38 94
38 97
38 104
38 108
38 110
38 113
38 119
38 124
38 127
38 129
38 135
38 136
38 138
38 139
38 141
38 142
38 147
38 149
38 155
38 160
38 167
38 171
38 172
38 178
38 180
38 186
38 192
38 194
38 195
38 198
38 202
38 203
38 211
38 213
38 223
38 224
38 226
38 228
38 230
38 237
38 238
38 244
38 247
38 249
38 253
38 256
38 257
38 261
38 265
38 276
38 287
38 288
38 289
38 295
38 296
38 299
38 309
38 312
38 314
38 316
38 326
38 327
38 347
38 349
38 354
38 357
38 362
38 379
38 383
38 388
38 391
38 392
38 397
38 399
38 375
38 98
38 157
38 241
38 284
39 40
39 41
39 42
39 43
39 44
39 45
39 48
39 49
39 50
39 51
39 53
39 54
39 56
39 58
39 60
39 62
39 63
39 66
39 68
39 69
39 70
39 71
39 73
39 75
39 76
39 79
39 83
39 85
39 86
39 87
39 92
39 94
39 96
39 98
39 99
39 101
39 102
39 109
39 111
39 112
39 113
39 115
39 119
39 120
39 121
39 122
39 123
39 130
39 139
39 140
39 142
39 143
39 144
39 146
39 149
39 151
39 152
39 153
39 154
39 155
39 164
39 170
39 173
39 175
39 176
39 180
39 185
39 187
39 191
39 195
39 196
39 197
39 198
39 204
39 205
39 206
39 210
39 214
39 218
39 219
39 222
39 226
39 229
39 232
39 233
39 239
39 246
39 249
39 250
39 251
39 260
39 261
39 267
39 268
39 271
39 272
39 298
39 299
39 302
39 304
39 307
39 315
39 320
39 321
39 324
39 325
39 326
39 328
39 330
39 331
39 344
39 349
39 351
39 352
39 357
39 366
39 375
39 378
39 379
39 383
39 384
39 385
39 390
39 397
39 216
39 52
39 55
40 41
40 42
40 43
40 44
40 45
40 49
40 50
40 51
40 52
40 54
40 55
40 56
40 57
40 59
40 60
40 61
40 62
40 65
40 67
40 73
40 75
40 76
40 81
40 82
40 84
40 85
40 86
40 87
40 89
40 90
40 91
40 92
40 93
40 100
40 101
40 105
40 106
40 113
40 123
40 126
40 128
40 130
40 131
40 134
40 140
40 141
40 143
40 151
40 152
40 162
40 163
40 164
40 165
40 173
40 177
40 180
40 198
40 203
40 210
40 211
40 221
40 222
40 232
40 235
40 238
40 239
40 244
40 246
40 253
40 255
40 256
40 273
40 277
40 283
40 291
40 298
40 300
40 304
40 306
40 308
40 309
40 311
40 315
40 331
40 333
40 335
40 338
40 345
40 346
40 347
40 348
40 350
40 352
40 353
40 370
40 378
40 379
40 391
40 394
40 397
41 42
41 43
41 44
41 45
41 46
41 47
41 48
41 50
41 51
41 53
41 54
41 55
41 57
41 58
41 59
41 61
41 63
41 65
41 68
41 69
41 70
41 72
41 73
41 74
41 75
41 76
41 80
41 85
41 86
41 89
41 90
41 95
41 98
41 99
41 104
41 105
41 108
41 109
41 111
41 114
41 118
41 121
41 122
41 123
41 126
41 130
41 132
41 135
41 138
41 149
41 152
41 154
41 157
41 158
41 160
41 162
41 167
41 168
41 175
41 179
41 187
41 190
41 193
41 200
41 202
41 203
41 207
41 209
41 210
41 212
41 213
41 221
41 222
41 225
41 227
41 232
41 243
41 245
41 251
41 253
41 258
41 262
41 276
41 280
41 281
41 285
41 286
41 287
41 288
41 289
41 293
41 299
41 301
41 305
41 310
41 312
41 313
41 315
41 317
41 318
41 321
41 323
41 328
41 331
41 335
41 336
41 342
41 349
41 353
41 359
41 361
41 366
41 370
41 374
41 382
41 383
41 386
41 395
41 397
41 117
41 119
41 201
42 43
42 44
42 45
42 46
42 47
42 48
42 50
42 51
42 52
42 53
42 55
42 57
42 59
42 61
42 62
42 63
42 64
42 65
42 66
42 67
42 68
42 72
42 75
42 76
42 77
42 79
42 82
42 93
42 97
42 98
42 105
42 107
42 110
42 113
42 121
42 123
42 125
42 126
42 131
42 135
42 141
42 148
42 149
42 150
42 151
42 152
42 166
42 169
42 178
42 180
42 183
42 188
42 191
42 196
42 199
42 222
42 224
42 233
42 240
42 250
42 261
42 263
42 267
42 268
42 295
42 297
42 309
42 317
42 323
42 327
42 330
42 335
42 348
42 353
42 363
42 371
42 373
42 377
42 383
42 386
42 387
42 393
42 394
42 395
42 399
43 44
43 46
43 47
43 48
43 49
43 50
43 51
43 52
43 53
43 55
43 56
43 57
43 58
43 61
43 63
43 64
43 65
43 66
43 67
43 69
43 74
43 75
43 76
43 77
43 80
43 81
43 82
43 83
43 84
43 85
43 86
43 89
43 92
43 93
43 95
43 97
43 98
43 99
43 100
43 102
43 103
43 108
43 109
43 111
43 114
43 115
43 117
43 118
43 120
43 123
43 124
43 139
43 140
43 141
43 146
43 148
43 154
43 155
43 160
43 161
43 164
43 170
43 174
43 177
43 178
43 182
43 184
43 185
43 186
43 187
43 188
43 191
43 192
43 193
43 194
43 195
43 198
43 201
43 202
43 204
43 208
43 213
43 214
43 215
43 216
43 221
43 226
43 228
43 230
43 244
43 250
43 257
43 262
43 271
43 272
43 273
43 280
43 283
43 284
43 289
43 290
43 297
43 299
43 300
43 308
43 311
43 318
43 320
43 323
43 333
43 335
43 341
43 348
43 349
43 351
43 354
43 355
43 362
43 365
43 371
43 374
43 382
43 383
43 388
43 396
43 110
43 240
43 292
44 46
44 47
44 49
44 50
44 52
44 53
44 54
44 56
44 60
44 61
44 62
44 64
44 65
44 72
44 74
44 76
44 77
44 80
44 82
44 85
44 86
44 87
44 88
44 92
44 94
44 96
44 99
44 102
44 103
44 104
44 105
44 106
44 107
44 109
44 110
44 112
44 116
44 117
44 121
44 122
44 124
44 128
44 131
44 132
44 136
44 138
44 145
44 148
44 151
44 152
44 163
44 164
44 165
44 167
44 168
44 169
44 174
44 176
44 190
44 195
44 197
44 199
44 208
44 219
44 221
44 223
44 231
44 233
44 240
44 242
44 246
44 248
44 251
44 252
44 257
44 258
44 266
44 268
44 279
44 281
44 288
44 289
44 292
44 298
44 304
44 314
44 318
44 326
44 328
44 329
44 344
44 347
44 350
44 358
44 362
44 368
44 379
44 389
44 391
44 396
44 397
44 139
44 354
45 46
45 47
45 48
45 49
45 50
45 51
45 53
45 54
45 55
45 57
45 58
45 60
45 61
45 62
45 63
45 65
45 67
45 68
45 70
45 73
45 76
45 77
45 80
45 84
45 92
45 94
45 97
45 98
45 101
45 102
45 105
45 109
45 111
45 113
45 116
45 117
45 118
45 119
45 122
45 123
45 128
45 131
45 135
45 142
45 152
45 153
45 156
45 157
45 162
45 163
45 171
45 172
45 174
45 175
45 178
45 185
45 195
45 202
45 223
45 225
45 226
45 230
45 235
45 236
45 244
45 255
45 259
45 269
45 272
45 276
45 282
45 287
45 288
45 292
45 296
45 307
45 309
45 312
45 319
45 331
45 347
45 351
45 356
45 361
45 373
45 374
45 377
45 393
45 397
45 306
46 47
46 50
46 51
46 52
46 53
46 54
46 55
46 56
46 57
46 60
46 61
46 62
46 63
46 64
46 66
46 67
46 68
46 70
46 71
46 72
46 75
46 76
46 78
46 83
46 84
46 86
46 90
46 95
46 97
46 99
46 100
46 101
46 102
46 104
46 105
46 107
46 109
46 110
46 112
46 113
46 115
46 117
46 119
46 121
46 122
46 123
46 134
46 136
46 138
46 139
46 140
46 143
46 148
46 152
46 158
46 159
46 161
46 163
46 164
46 166
46 167
46 168
46 170
46 173
46 174
46 184
46 185
46 189
46 199
46 208
46 209
46 211
46 213
46 220
46 222
46 227
46 228
46 229
46 230
46 231
46 236
46 237
46 240
46 242
46 245
46 248
46 260
46 274
46 276
46 279
46 284
46 288
46 291
46 293
46 297
46 305
46 317
46 318
46 333
46 335
46 337
46 339
46 345
46 346
46 360
46 374
46 375
46 379
46 382
46 390
46 395
46 141
47 48
47 49
47 50
47 51
47 53
47 54
47 55
47 56
47 57
47 62
47 63
47 64
47 66
47 68
47 70
47 71
47 72
47 73
47 74
47 80
47 84
47 88
47 92
47 93
47 94
47 96
47 97
47 98
47 99
47 101
47 111
47 112
47 119
47 120
47 123
47 125
47 127
47 134
47 140
47 141
47 143
47 145
47 147
47 148
47 161
47 168
47 169
47 170
47 173
47 176
47 177
47 179
47 182
47 183
47 188
47 201
47 203
47 204
47 205
47 206
47 207
47 208
47 216
47 218
47 221
47 222
47 230
47 234
47 235
47 237
47 243
47 247
47 250
47 252
47 266
47 267
47 269
47 271
47 272
47 280
47 281
47 285
47 297
47 299
47 301
47 308
47 320
47 325
47 338
47 342
47 348
47 350
47 353
47 358
47 362
47 363
47 377
47 381
47 383
47 262
47 357
48 50
48 51
48 53
48 54
48 60
48 61
48 64
48 67
48 69
48 72
48 76
48 77
48 78
48 79
48 80
48 81
48 82
48 84
48 85
48 86
48 87
48 91
48 93
48 94
48 100
48 101
48 103
48 104
48 105
48 106
48 107
48 109
48 114
48 117
48 119
48 123
48 124
48 127
48 128
48 131
48 135
48 136
48 137
48 138
48 139
48 142
48 143
48 144
48 145
48 149
48 161
48 168
48 170
48 180
48 185
48 187
48 193
48 199
48 200
48 210
48 211
48 229
48 236
48 238
48 254
48 256
48 259
48 263
48 264
48 272
48 273
48 277
48 279
48 282
48 288
48 291
48 307
48 312
48 315
48 320
48 321
48 325
48 326
48 327
48 333
48 340
48 343
48 347
48 367
48 374
48 393
48 394
48 396
48 177
48 231
49 50
49 51
49 52
49 53
49 54
49 57
49 58
49 61
49 65
49 67
49 69
49 70
49 72
49 73
49 74
49 77
49 78
49 79
49 87
49 88
49 90
49 95
49 99
49 100
49 101
49 105
49 114
49 117
49 120
49 122
49 125
49 126
49 129
49 130
49 135
49 136
49 137
49 139
49 140
49 144
49 150
49 153
49 154
49 156
49 163
49 164
49 168
49 169
49 170
49 173
49 174
49 180
49 183
49 186
49 189
49 195
49 197
49 199
49 200
49 203
49 206
49 208
49 213
49 217
49 224
49 228
49 232
49 238
49 242
49 248
49 252
49 253
49 255
49 263
49 264
49 266
49 268
49 276
49 278
49 285
49 287
49 292
49 295
49 303
49 306
49 315
49 316
49 329
49 331
49 332
49 343
49 344
49 349
49 350
49 357
49 361
49 365
49 374
49 375
49 378
49 388
49 395
49 396
49 397
49 68
50 51
50 52
50 53
50 54
50 56
50 59
50 60
50 64
50 65
50 68
50 69
50 70
50 71
50 74
50 75
50 83
50 84
50 85
50 90
50 92
50 94
50 98
50 99
50 100
50 103
50 104
50 111
50 114
50 116
50 119
50 124
50 125
50 126
50 128
50 135
50 142
50 144
50 151
50 154
50 158
50 159
50 160
50 167
50 168
50 169
50 170
50 171
50 178
50 190
50 191
50 193
50 201
50 207
50 208
50 218
50 220
50 222
50 225
50 230
50 233
50 242
50 251
50 257
50 261
50 264
50 265
50 267
50 272
50 284
50 294
50 301
50 303
50 304
50 306
50 312
50 316
50 329
50 331
50 332
50 334
50 338
50 339
50 344
50 346
50 354
50 355
50 356
50 360
50 367
50 368
50 375
50 378
50 384
50 389
50 89
51 52
51 54
51 56
51 57
51 58
51 60
51 61
51 62
51 64
51 66
51 67
51 70
51 72
51 73
51 74
51 75
51 76
51 77
51 80
51 83
51 84
51 88
51 92
51 96
51 97
51 98
51 107
51 108
51 111
51 114
51 117
51 119
51 120
51 123
51 126
51 130
51 132
51 138
51 145
51 146
51 149
51 155
51 157
51 162
51 163
51 166
51 167
51 174
51 177
51 180
51 183
51 188
51 190
51 193
51 200
51 211
51 217
51 232
51 235
51 239
51 240
51 242
51 244
51 251
51 255
51 262
51 263
51 264
51 269
51 270
51 274
51 288
51 296
51 303
51 311
51 316
51 326
51 328
51 342
51 350
51 368
51 384
51 212
52 53
52 54
52 55
52 56
52 57
52 58
52 60
52 61
52 62
52 65
52 67
52 68
52 70
52 75
52 76
52 77
52 78
52 80
52 81
52 87
52 88
52 90
52 91
52 92
52 93
52 95
52 96
52 98
52 99
52 101
52 104
52 106
52 108
52 109
52 112
52 113
52 116
52 118
52 119
52 128
52 131
52 133
52 135
52 136
52 138
52 145
52 148
52 151
52 152
52 153
52 156
52 158
52 161
52 167
52 171
52 172
52 189
52 191
52 192
52 196
52 202
52 204
52 205
52 211
52 215
52 228
52 233
52 239
52 250
52 254
52 258
52 259
52 264
52 266
52 277
52 280
52 294
52 297
52 304
52 309
52 318
52 323
52 324
52 334
52 337
52 344
52 348
52 361
52 362
52 363
52 371
52 372
52 373
52 375
52 386
52 389
53 54
53 55
53 56
53 57
53 59
53 62
53 64
53 67
53 68
53 69
53 71
53 76
53 77
53 81
53 83
53 85
53 86
53 88
53 89
53 92
53 93
53 94
53 98
53 100
53 101
53 103
53 104
53 108
53 110
53 111
53 113
53 118
53 128
53 131
53 134
53 135
53 136
53 141
53 143
53 145
53 146
53 147
53 150
53 151
53 153
53 154
53 158
53 162
53 163
53 164
53 170
53 172
53 178
53 183
53 186
53 188
53 189
53 193
53 196
53 197
53 204
53 208
53 213
53 225
53 227
53 229
53 231
53 232
53 234
53 239
53 241
53 255
53 268
53 270
53 272
53 280
53 283
53 286
53 292
53 296
53 305
53 307
53 310
53 314
53 319
53 333
53 340
53 342
53 345
53 350
53 353
53 362
53 364
53 373
53 398
53 194
53 378
54 56
54 58
54 59
54 61
54 63
54 65
54 68
54 71
54 79
54 81
54 82
54 86
54 91
54 93
54 96
54 98
54 99
54 100
54 104
54 105
54 110
54 116
54 117
54 121
54 127
54 137
54 139
54 140
54 141
54 156
54 160
54 163
54 167
54 171
54 174
54 177
54 184
54 201
54 204
54 208
54 210
54 221
54 225
54 243
54 246
54 252
54 267
54 277
54 280
54 286
54 289
54 296
54 298
54 309
54 313
54 321
54 322
54 327
54 330
54 345
54 363
54 364
54 365
54 370
54 374
54 377
54 388
54 273
55 57
55 59
55 62
55 63
55 64
55 65
55 68
55 70
55 71
55 72
55 74
55 75
55 76
55 77
55 79
55 80
55 81
55 84
55 85
55 86
55 94
55 96
55 103
55 110
55 112
55 113
55 115
55 120
55 122
55 125
55 126
55 127
55 130
55 132
55 134
55 147
55 149
55 164
55 165
55 172
55 175
55 185
55 189
55 193
55 196
55 198
55 202
55 207
55 208
55 210
55 211
55 228
55 239
55 251
55 258
55 259
55 262
55 265
55 271
55 276
55 277
55 279
55 287
55 290
55 301
55 314
55 317
55 319
55 324
55 337
55 339
55 346
55 351
55 365
55 367
55 368
55 383
55 385
55 392
55 257
56 57
56 59
56 63
56 65
56 70
56 71
56 74
56 78
56 79
56 80
56 81
56 86
56 87
56 89
56 92
56 95
56 98
56 101
56 102
56 103
56 105
56 108
56 112
56 117
56 120
56 121
56 132
56 133
56 134
56 136
56 141
56 142
56 145
56 147
56 153
56 157
56 158
56 160
56 161
56 166
56 174
56 175
56 177
56 179
56 180
56 182
56 183
56 191
56 194
56 196
56 197
56 199
56 200
56 201
56 207
56 210
56 212
56 214
56 219
56 224
56 229
56 230
56 232
56 241
56 251
56 262
56 271
56 274
56 276
56 281
56 283
56 284
56 288
56 292
56 305
56 313
56 323
56 327
56 336
56 340
56 346
56 350
56 361
56 366
56 368
56 373
56 374
56 380
56 384
56 385
56 388
56 389
56 396
56 398
57 59
57 60
57 61
57 62
57 68
57 76
57 78
57 79
57 84
57 85
57 89
57 92
57 93
57 94
57 96
57 98
57 99
57 104
57 107
57 108
57 115
57 116
57 118
57 119
57 120
57 121
57 124
57 129
57 130
57 133
57 134
57 137
57 140
57 141
57 149
57 150
57 153
57 157
57 172
57 174
57 175
57 177
57 184
57 185
57 191
57 210
57 211
57 214
57 215
57 220
57 229
57 233
57 240
57 243
57 245
57 246
57 247
57 253
57 261
57 267
57 278
57 287
57 301
57 305
57 321
57 331
57 341
57 344
57 346
57 349
57 355
57 362
57 384
57 385
57 386
57 394
57 399
58 60
58 61
58 65
58 69
58 70
58 73
58 74
58 78
58 79
58 86
58 88
58 89
58 92
58 95
58 106
58 114
58 117
58 118
58 121
58 122
58 123
58 124
58 128
58 129
58 133
58 134
58 135
58 136
58 147
58 148
58 149
58 153
58 156
58 164
58 176
58 178
58 181
58 187
58 194
58 197
58 198
58 203
58 204
58 210
58 217
58 223
58 234
58 236
58 237
58 242
58 243
58 248
58 258
58 264
58 276
58 278
58 281
58 283
58 291
58 294
58 300
58 303
58 305
58 309
58 310
58 312
58 326
58 337
58 343
58 362
58 385
58 389
58 391
58 395
58 397
58 398
58 338
59 62
59 64
59 65
59 70
59 75
59 83
59 87
59 89
59 90
59 97
59 98
59 101
59 107
59 108
59 110
59 114
59 115
59 119
59 120
59 126
59 127
59 128
59 129
59 132
59 133
59 134
59 139
59 147
59 158
59 161
59 167
59 168
59 174
59 180
59 181
59 182
59 184
59 188
59 200
59 207
59 216
59 220
59 233
59 237
59 238
59 240
59 251
59 254
59 255
59 257
59 278
59 279
59 284
59 285
59 290
59 296
59 298
59 300
59 307
59 320
59 324
59 325
59 328
59 332
59 345
59 347
59 349
59 355
59 358
59 360
59 371
59 373
59 375
59 384
59 388
59 394
59 395
59 88
59 72
60 64
60 67
60 71
60 74
60 76
60 77
60 81
60 82
60 86
60 87
60 88
60 89
60 91
60 94
60 96
60 106
60 107
60 116
60 122
60 125
60 128
60 142
60 146
60 149
60 150
60 152
60 153
60 162
60 178
60 179
60 182
60 191
60 192
60 194
60 195
60 207
60 215
60 219
60 223
60 228
60 233
60 249
60 257
60 269
60 273
60 281
60 284
60 292
60 314
60 319
60 320
60 326
60 329
60 341
60 350
60 392
60 397
60 218
61 69
61 71
61 72
61 81
61 88
61 90
61 95
61 101
61 102
61 113
61 118
61 124
61 125
61 127
61 137
61 138
61 146
61 149
61 154
61 155
61 156
61 158
61 160
61 169
61 172
61 175
61 184
61 192
61 194
61 197
61 201
61 210
61 212
61 216
61 224
61 234
61 254
61 259
61 275
61 287
61 288
61 290
61 291
61 302
61 310
61 312
61 322
61 325
61 331
61 342
61 351
61 358
61 393
61 398
61 323
62 63
62 64
62 66
62 67
62 69
62 70
62 73
62 74
62 78
62 79
62 80
62 81
62 82
62 85
62 88
62 89
62 90
62 93
62 97
62 100
62 102
62 104
62 109
62 115
62 116
62 121
62 128
62 132
62 141
62 143
62 145
62 146
62 147
62 150
62 152
62 156
62 169
62 175
62 177
62 180
62 187
62 191
62 195
62 197
62 210
62 213
62 217
62 223
62 226
62 235
62 237
62 239
62 241
62 248
62 249
62 251
62 257
62 262
62 271
62 285
62 294
62 295
62 300
62 308
62 317
62 322
62 329
62 333
62 336
62 338
62 340
62 342
62 360
62 364
62 368
62 369
62 371
62 379
62 390
62 286
63 67
63 69
63 70
63 73
63 76
63 77
63 82
63 89
63 96
63 103
63 105
63 107
63 112
63 117
63 119
63 126
63 128
63 129
63 130
63 131
63 135
63 149
63 163
63 166
63 167
63 168
63 172
63 186
63 201
63 208
63 211
63 214
63 242
63 254
63 258
63 263
63 276
63 302
63 309
63 318
63 331
63 332
63 341
63 365
63 372
63 390
63 399
63 169
63 99
64 65
64 67
64 69
64 70
64 71
64 73
64 75
64 76
64 77
64 78
64 87
64 90
64 91
64 93
64 96
64 107
64 109
64 110
64 112
64 120
64 124
64 126
64 128
64 137
64 141
64 145
64 152
64 154
64 155
64 156
64 161
64 170
64 184
64 186
64 188
64 190
64 192
64 197
64 199
64 201
64 209
64 213
64 214
64 220
64 224
64 225
64 232
64 233
64 237
64 238
64 252
64 260
64 261
64 264
64 265
64 271
64 274
64 284
64 285
64 286
64 298
64 300
64 304
64 320
64 325
64 329
64 330
64 336
64 345
64 350
64 360
64 367
64 369
64 375
64 378
64 383
64 387
64 397
64 89
64 118
64 234
65 67
65 68
65 73
65 74
65 76
65 77
65 78
65 80
65 81
65 82
65 83
65 84
65 85
65 86
65 87
65 92
65 95
65 96
65 102
65 106
65 109
65 111
65 113
65 125
65 126
65 132
65 135
65 136
65 139
65 145
65 146
65 159
65 165
65 167
65 174
65 177
65 185
65 187
65 192
65 194
65 198
65 203
65 205
65 215
65 217
65 220
65 229
65 234
65 235
65 237
65 238
65 240
65 242
65 247
65 248
65 249
65 250
65 254
65 255
65 256
65 263
65 268
65 269
65 270
65 273
65 278
65 284
65 293
65 294
65 301
65 305
65 306
65 314
65 315
65 329
65 330
65 331
65 336
65 338
65 339
65 341
65 347
65 360
65 364
65 375
65 376
65 386
65 390
65 395
65 398
66 67
66 69
66 75
66 78
66 79
66 81
66 83
66 84
66 86
66 90
66 95
66 98
66 100
66 102
66 103
66 108
66 112
66 114
66 115
66 118
66 126
66 137
66 142
66 145
66 151
66 155
66 162
66 190
66 192
66 199
66 204
66 207
66 209
66 219
66 227
66 228
66 233
66 243
66 247
66 248
66 252
66 258
66 280
66 291
66 295
66 296
66 301
66 305
66 329
66 331
66 354
66 369
66 370
66 378
66 393
66 144
67 68
67 70
67 73
67 75
67 76
67 78
67 80
67 82
67 83
67 87
67 88
67 89
67 90
67 92
67 95
67 96
67 102
67 103
67 105
67 106
67 110
67 111
67 112
67 115
67 116
67 117
67 121
67 122
67 123
67 131
67 137
67 139
67 140
67 144
67 145
67 149
67 151
67 155
67 163
67 166
67 169
67 175
67 177
67 187
67 198
67 202
67 206
67 214
67 221
67 226
67 232
67 241
67 244
67 246
67 248
67 249
67 251
67 252
67 253
67 255
67 257
67 260
67 262
67 264
67 266
67 273
67 280
67 306
67 323
67 328
67 340
67 343
67 345
67 347
67 349
67 352
67 354
67 365
67 369
67 396
67 399
68 71
68 73
68 79
68 81
68 82
68 83
68 85
68 87
68 97
68 102
68 105
68 116
68 121
68 126
68 129
68 132
68 133
68 143
68 145
68 148
68 152
68 161
68 168
68 170
68 176
68 179
68 180
68 189
68 194
68 195
68 202
68 203
68 205
68 206
68 217
68 219
68 221
68 225
68 264
68 272
68 283
68 288
68 296
68 297
68 302
68 305
68 306
68 311
68 317
68 321
68 323
68 332
68 356
68 357
68 370
68 371
68 380
68 381
68 384
68 385
68 390
68 397
68 299
69 72
69 75
69 79
69 82
69 84
69 86
69 87
69 88
69 92
69 93
69 95
69 98
69 99
69 101
69 103
69 106
69 111
69 120
69 121
69 126
69 127
69 129
69 130
69 131
69 135
69 138
69 145
69 150
69 155
69 156
69 178
69 179
69 180
69 182
69 191
69 194
69 197
69 200
69 203
69 209
69 219
69 223
69 229
69 240
69 244
69 260
69 263
69 265
69 274
69 290
69 291
69 293
69 298
69 310
69 315
69 317
69 318
69 319
69 328
69 338
69 348
69 364
69 367
69 371
69 378
69 379
69 381
69 389
69 360
70 72
70 73
70 75
70 79
70 81
70 83
70 88
70 92
70 97
70 100
70 101
70 102
70 103
70 104
70 106
70 109
70 110
70 111
70 113
70 114
70 116
70 118
70 120
70 124
70 125
70 128
70 138
70 140
70 144
70 146
70 147
70 151
70 152
70 157
70 183
70 195
70 204
70 209
70 211
70 214
70 215
70 217
70 223
70 227
70 230
70 232
70 244
70 249
70 253
70 254
70 259
70 262
70 278
70 280
70 298
70 299
70 303
70 304
70 313
70 314
70 317
70 326
70 330
70 335
70 342
70 376
70 381
70 382
70 389
70 392
71 72
71 75
71 77
71 82
71 86
71 89
71 95
71 109
71 119
71 121
71 133
71 135
71 137
71 150
71 159
71 166
71 167
71 173
71 176
71 178
71 197
71 205
71 208
71 210
71 221
71 228
71 229
71 231
71 233
71 235
71 240
71 250
71 260
71 261
71 263
71 280
71 299
71 301
71 305
71 313
71 334
71 345
71 357
71 361
71 384
71 393
71 399
72 74
72 76
72 78
72 82
72 84
72 93
72 97
72 100
72 102
72 103
72 107
72 109
72 112
72 114
72 115
72 121
72 122
72 124
72 127
72 129
72 133
72 137
72 140
72 142
72 153
72 157
72 161
72 162
72 164
72 165
72 166
72 173
72 178
72 180
72 181
72 189
72 192
72 195
72 196
72 215
72 234
72 251
72 265
72 271
72 274
72 281
72 282
72 293
72 325
72 328
72 336
72 343
72 344
72 351
72 357
72 372
72 396
72 399
72 163
73 79
73 81
73 83
73 89
73 91
73 98
73 102
73 107
73 111
73 113
73 117
73 120
73 158
73 159
73 160
73 171
73 184
73 187
73 193
73 195
73 210
73 218
73 220
73 230
73 237
73 255
73 261
73 265
73 266
73 276
73 283
73 284
73 296
73 308
73 323
73 324
73 341
73 345
73 359
74 81
74 85
74 86
74 87
74 88
74 91
74 95
74 96
74 98
74 100
74 101
74 104
74 106
74 107
74 109
74 110
74 116
74 119
74 130
74 134
74 138
74 144
74 155
74 161
74 162
74 166
74 173
74 190
74 194
74 198
74 204
74 207
74 209
74 212
74 220
74 222
74 231
74 232
74 234
74 236
74 240
74 241
74 246
74 256
74 259
74 265
74 266
74 269
74 273
74 284
74 303
74 307
74 318
74 326
74 327
74 336
74 346
74 352
74 357
74 365
74 375
74 394
74 396
74 183
74 301
75 76
75 77
75 79
75 80
75 84
75 97
75 100
75 103
75 108
75 109
75 116
75 117
75 120
75 122
75 127
75 130
75 136
75 137
75 139
75 142
75 144
75 153
75 154
75 156
75 169
75 197
75 204
75 213
75 234
75 245
75 249
75 250
75 256
75 292
75 298
75 300
75 304
75 306
75 309
75 318
75 329
75 336
75 338
75 349
75 350
75 372
75 381
75 395
75 335
76 79
76 80
76 86
76 93
76 94
76 97
76 98
76 100
76 106
76 108
76 109
76 111
76 112
76 116
76 118
76 126
76 142
76 144
76 147
76 161
76 171
76 174
76 179
76 181
76 185
76 187
76 189
76 193
76 218
76 240
76 249
76 258
76 262
76 269
76 283
76 295
76 299
76 316
76 322
76 330
76 336
76 341
76 352
76 369
76 373
76 389
76 396
76 156
77 81
77 82
77 83
77 88
77 90
77 94
77 95
77 96
77 99
77 102
77 103
77 112
77 118
77 121
77 130
77 133
77 135
77 141
77 143
77 146
77 156
77 165
77 168
77 171
77 173
77 177
77 181
77 188
77 189
77 190
77 191
77 192
77 219
77 238
77 249
77 258
77 264
77 265
77 269
77 281
77 285
77 290
77 306
77 308
77 309
77 318
77 325
77 366
77 368
77 387
77 200
77 216
78 81
78 89
78 91
78 115
78 117
78 119
78 120
78 122
78 124
78 132
78 135
78 136
78 138
78 141
78 144
78 146
78 148
78 150
78 153
78 162
78 166
78 167
78 175
78 179
78 188
78 203
78 204
78 224
78 228
78 229
78 231
78 232
78 233
78 239
78 241
78 242
78 248
78 249
78 254
78 261
78 272
78 275
78 280
78 287
78 289
78 298
78 310
78 314
78 319
78 333
78 335
78 342
78 345
78 346
78 359
78 360
78 362
78 369
78 372
78 375
78 368
79 82
79 83
79 87
79 91
79 103
79 115
79 116
79 119
79 124
79 130
79 133
79 138
79 140
79 145
79 146
79 153
79 154
79 162
79 167
79 172
79 175
79 176
79 181
79 182
79 186
79 188
79 203
79 205
79 208
79 211
79 212
79 229
79 237
79 249
79 251
79 253
79 269
79 273
79 274
79 293
79 304
79 307
79 309
79 314
79 323
79 326
79 329
79 334
79 345
79 349
79 352
79 362
79 363
79 365
79 368
79 376
79 268
80 86
80 94
80 97
80 104
80 105
80 106
80 118
80 122
80 124
80 127
80 129
80 130
80 131
80 136
80 138
80 144
80 148
80 160
80 169
80 190
80 194
80 196
80 199
80 214
80 217
80 220
80 224
80 230
80 233
80 235
80 237
80 242
80 250
80 254
80 260
80 273
80 274
80 285
80 288
80 294
80 296
80 297
80 301
80 312
80 313
80 323
80 328
80 341
80 357
80 376
80 380
80 386
80 391
80 398
81 82
81 83
81 85
81 86
81 92
81 97
81 98
81 102
81 107
81 109
81 115
81 116
81 117
81 124
81 129
81 133
81 143
81 154
81 168
81 171
81 172
81 177
81 180
81 186
81 187
81 188
81 206
81 207
81 211
81 214
81 216
81 231
81 237
81 244
81 247
81 248
81 249
81 250
81 257
81 261
81 272
81 282
81 285
81 299
81 302
81 313
81 320
81 327
81 329
81 364
81 394
81 136
82 84
82 87
82 91
82 95
82 99
82 100
82 104
82 126
82 131
82 137
82 147
82 149
82 154
82 155
82 165
82 175
82 183
82 200
82 205
82 214
82 232
82 248
82 250
82 270
82 277
82 297
82 306
82 310
82 316
82 322
82 324
82 328
82 349
82 359
82 375
82 377
82 387
82 388
82 389
82 391
83 85
83 88
83 90
83 93
83 100
83 101
83 106
83 107
83 114
83 115
83 117
83 122
83 123
83 125
83 128
83 132
83 133
83 135
83 144
83 152
83 161
83 168
83 170
83 177
83 180
83 181
83 187
83 193
83 210
83 217
83 222
83 231
83 232
83 236
83 247
83 263
83 269
83 271
83 274
83 275
83 277
83 283
83 287
83 290
83 291
83 299
83 302
83 323
83 334
83 340
83 341
83 342
83 361
83 365
83 366
83 379
83 381
83 382
83 383
83 387
83 389
83 304
84 88
84 91
84 94
84 96
84 110
84 113
84 122
84 131
84 138
84 144
84 146
84 159
84 160
84 175
84 178
84 179
84 186
84 192
84 194
84 205
84 206
84 226
84 233
84 238
84 245
84 246
84 251
84 259
84 262
84 266
84 267
84 271
84 287
84 292
84 302
84 318
84 332
84 344
84 347
84 351
84 359
84 375
84 377
84 386
84 391
84 394
84 288
85 88
85 93
85 94
85 95
85 105
85 111
85 119
85 124
85 126
85 127
85 129
85 130
85 140
85 146
85 157
85 161
85 163
85 164
85 165
85 168
85 170
85 181
85 182
85 184
85 186
85 196
85 197
85 202
85 215
85 218
85 219
85 223
85 224
85 235
85 252
85 255
85 263
85 271
85 274
85 278
85 290
85 302
85 308
85 324
85 332
85 343
85 345
85 346
85 358
85 361
85 373
85 386
86 89
86 91
86 92
86 93
86 101
86 102
86 103
86 115
86 117
86 125
86 127
86 129
86 131
86 132
86 137
86 139
86 140
86 141
86 149
86 160
86 165
86 171
86 173
86 182
86 183
86 186
86 206
86 207
86 211
86 220
86 223
86 229
86 236
86 239
86 250
86 261
86 263
86 284
86 292
86 305
86 323
86 333
86 355
86 365
86 378
86 382
86 394
87 93
87 110
87 111
87 112
87 113
87 120
87 128
87 129
87 131
87 139
87 149
87 150
87 165
87 198
87 200
87 201
87 214
87 216
87 217
87 218
87 223
87 232
87 240
87 256
87 286
87 288
87 297
87 329
87 359
87 384
87 386
87 388
87 393
88 91
88 93
88 96
88 99
88 102
88 104
88 107
88 109
88 113
88 118
88 120
88 125
88 130
88 133
88 136
88 137
88 138
88 140
88 142
88 145
88 147
88 148
88 150
88 152
88 156
88 169
88 170
88 174
88 177
88 181
88 185
88 188
88 202
88 212
88 215
88 226
88 231
88 233
88 234
88 240
88 241
88 243
88 247
88 253
88 256
88 259
88 274
88 278
88 288
88 289
88 290
88 310
88 312
88 318
88 331
88 333
88 343
88 347
88 360
88 364
88 376
88 378
88 379
88 393
88 203
88 198
89 92
89 94
89 96
89 101
89 104
89 105
89 108
89 112
89 114
89 118
89 120
89 125
89 127
89 131
89 136
89 140
89 145
89 146
89 150
89 156
89 159
89 160
89 170
89 172
89 180
89 192
89 201
89 224
89 226
89 228
89 233
89 234
89 236
89 246
89 253
89 254
89 255
89 261
89 268
89 271
89 272
89 295
89 309
89 329
89 330
89 333
89 347
89 352
89 365
89 376
89 381
89 382
89 383
89 390
89 395
89 142
90 93
90 94
90 95
90 99
90 100
90 108
90 113
90 114
90 118
90 119
90 130
90 138
90 143
90 144
90 147
90 149
90 150
90 165
90 167
90 168
90 169
90 185
90 201
90 202
90 206
90 215
90 217
90 223
90 225
90 238
90 260
90 266
90 276
90 282
90 295
90 301
90 324
90 330
90 339
90 350
90 360
90 371
90 287
90 351
90 361
91 92
91 102
91 104
91 110
91 111
91 113
91 114
91 115
91 125
91 130
91 141
91 146
91 148
91 160
91 175
91 206
91 236
91 239
91 242
91 247
91 250
91 251
91 262
91 293
91 294
91 297
91 300
91 306
91 320
91 324
91 332
91 335
91 350
91 372
91 381
91 177
92 97
92 98
92 99
92 101
92 106
92 111
92 119
92 124
92 125
92 129
92 136
92 141
92 146
92 148
92 155
92 160
92 181
92 183
92 189
92 192
92 195
92 206
92 213
92 218
92 231
92 240
92 241
92 243
92 258
92 274
92 293
92 298
92 306
92 346
92 347
92 351
92 353
92 367
92 369
92 375
92 379
92 386
93 94
93 100
93 111
93 114
93 125
93 137
93 141
93 142
93 159
93 161
93 162
93 166
93 169
93 173
93 176
93 180
93 184
93 200
93 220
93 231
93 239
93 244
93 248
93 255
93 258
93 272
93 278
93 304
93 308
93 311
93 314
93 318
93 322
93 326
93 339
93 346
93 356
93 362
93 373
93 377
93 382
93 399
93 261
94 95
94 97
94 98
94 100
94 105
94 113
94 120
94 121
94 123
94 126
94 133
94 142
94 144
94 147
94 148
94 149
94 164
94 170
94 177
94 178
94 183
94 187
94 190
94 199
94 228
94 236
94 237
94 247
94 260
94 265
94 279
94 282
94 284
94 292
94 304
94 309
94 311
94 313
94 317
94 327
94 335
94 336
94 353
94 367
94 369
94 370
94 383
94 386
94 387
94 389
94 391
94 261
95 96
95 97
95 100
95 106
95 114
95 125
95 133
95 134
95 137
95 145
95 146
95 148
95 149
95 156
95 161
95 163
95 171
95 172
95 174
95 179
95 197
95 205
95 206
95 208
95 209
95 211
95 214
95 222
95 226
95 232
95 234
95 242
95 247
95 251
95 255
95 257
95 258
95 260
95 267
95 273
95 275
95 283
95 285
95 289
95 307
95 311
95 312
95 333
95 336
95 344
95 355
95 359
95 369
95 372
95 375
95 378
95 380
95 383
95 384
95 395
95 310
96 97
96 99
96 103
96 115
96 119
96 131
96 134
96 140
96 143
96 150
96 156
96 164
96 167
96 169
96 171
96 176
96 179
96 181
96 182
96 184
96 191
96 194
96 195
96 208
96 219
96 224
96 226
96 253
96 257
96 260
96 272
96 294
96 295
96 312
96 315
96 318
96 329
96 337
96 362
96 380
96 147
96 205
96 353
97 99
97 106
97 112
97 119
97 123
97 124
97 125
97 129
97 141
97 151
97 184
97 188
97 192
97 194
97 195
97 205
97 212
97 239
97 242
97 258
97 265
97 294
97 296
97 299
97 300
97 305
97 315
97 320
97 335
97 337
97 338
97 356
97 373
97 379
97 392
98 101
98 106
98 107
98 112
98 121
98 122
98 123
98 134
98 139
98 140
98 145
98 155
98 169
98 170
98 175
98 182
98 188
98 189
98 213
98 221
98 234
98 235
98 238
98 240
98 241
98 245
98 251
98 260
98 261
98 271
98 287
98 294
98 315
98 318
98 329
98 343
98 344
98 349
98 360
98 362
98 371
98 381
98 382
99 104
99 120
99 124
99 130
99 134
99 144
99 145
99 147
99 151
99 153
99 156
99 161
99 167
99 169
99 182
99 186
99 208
99 209
99 210
99 212
99 218
99 229
99 246
99 253
99 271
99 272
99 274
99 275
99 276
99 281
99 282
99 289
99 304
99 307
99 312
99 314
99 327
99 335
99 351
99 352
99 363
99 366
99 368
99 390
99 391
99 393
100 108
100 117
100 131
100 136
100 142
100 145
100 154
100 181
100 189
100 194
100 216
100 224
100 227
100 228
100 231
100 235
100 242
100 245
100 272
100 277
100 282
100 287
100 291
100 320
100 334
100 336
100 350
100 359
100 391
101 105
101 110
101 114
101 116
101 117
101 127
101 130
101 131
101 136
101 139
101 148
101 150
101 155
101 164
101 171
101 172
101 173
101 176
101 179
101 184
101 192
101 196
101 201
101 203
101 206
101 210
101 215
101 220
101 221
101 240
101 242
101 255
101 268
101 286
101 291
101 311
101 316
101 327
101 333
101 357
101 367
101 368
101 373
101 388
101 391
101 392
102 107
102 115
102 123
102 137
102 146
102 154
102 156
102 160
102 162
102 169
102 175
102 177
102 184
102 186
102 188
102 189
102 203
102 207
102 209
102 214
102 219
102 220
102 224
102 225
102 239
102 241
102 242
102 249
102 257
102 264
102 274
102 291
102 298
102 301
102 304
102 305
102 308
102 317
102 332
102 335
102 337
102 342
102 347
102 354
102 356
102 374
102 173
103 106
103 107
103 110
103 114
103 123
103 125
103 153
103 166
103 167
103 177
103 181
103 187
103 188
103 201
103 217
103 219
103 230
103 235
103 241
103 268
103 270
103 304
103 308
103 316
103 322
103 334
103 338
103 342
103 343
103 374
103 382
103 397
103 185
103 159
103 283
104 110
104 112
104 116
104 121
104 122
104 137
104 138
104 140
104 145
104 152
104 153
104 165
104 175
104 183
104 187
104 193
104 206
104 213
104 214
104 217
104 219
104 226
104 241
104 244
104 249
104 266
104 290
104 296
104 302
104 308
104 310
104 320
104 331
104 335
104 350
104 353
104 355
104 359
104 388
104 215
105 111
105 123
105 131
105 138
105 151
105 152
105 170
105 171
105 187
105 201
105 206
105 207
105 213
105 264
105 270
105 272
105 283
105 290
105 295
105 300
105 314
105 321
105 369
105 393
105 388
105 140
106 107
106 109
106 110
106 113
106 119
106 129
106 132
106 142
106 143
106 156
106 157
106 178
106 186
106 211
106 224
106 246
106 257
106 273
106 275
106 282
106 283
106 294
106 297
106 299
106 336
106 343
106 356
106 367
106 373
106 183
107 108
107 110
107 121
107 127
107 132
107 153
107 167
107 191
107 194
107 196
107 216
107 217
107 223
107 239
107 256
107 270
107 288
107 290
107 294
107 310
107 317
107 342
107 365
107 372
107 380
107 385
107 222
108 145
108 147
108 162
108 163
108 172
108 185
108 191
108 224
108 233
108 253
108 273
108 287
108 297
108 301
108 324
108 352
108 390
108 393
108 252
109 117
109 119
109 124
109 125
109 126
109 134
109 141
109 150
109 153
109 159
109 160
109 172
109 173
109 187
109 197
109 213
109 228
109 241
109 269
109 281
109 282
109 285
109 287
109 302
109 313
109 315
109 318
109 328
109 350
109 355
109 359
109 378
109 162
110 115
110 116
110 122
110 130
110 134
110 157
110 159
110 169
110 180
110 182
110 184
110 203
110 205
110 213
110 220
110 222
110 228
110 232
110 249
110 259
110 267
110 268
110 272
110 279
110 280
110 284
110 285
110 287
110 300
110 316
110 328
110 338
110 349
110 356
110 358
110 367
110 368
111 117
111 122
111 137
111 147
111 148
111 149
111 155
111 159
111 165
111 171
111 174
111 176
111 187
111 190
111 196
111 198
111 202
111 204
111 212
111 221
111 227
111 239
111 257
111 266
111 268
111 275
111 288
111 289
111 293
111 294
111 314
111 318
111 342
111 354
111 377
111 389
111 210
112 113
112 127
112 141
112 148
112 170
112 179
112 187
112 196
112 198
112 222
112 226
112 239
112 264
112 269
112 275
112 281
112 307
112 316
112 335
112 368
113 119
113 122
113 124
113 127
113 128
113 131
113 139
113 147
113 152
113 153
113 158
113 160
113 163
113 166
113 168
113 183
113 198
113 202
113 203
113 211
113 219
113 221
113 222
113 245
113 263
113 270
113 280
113 281
113 286
113 295
113 321
113 323
113 325
113 327
113 336
113 340
113 360
113 365
113 395
113 398
113 399
114 125
114 128
114 139
114 142
114 146
114 165
114 174
114 192
114 193
114 197
114 200
114 205
114 218
114 228
114 247
114 271
114 275
114 281
114 295
114 300
114 321
114 324
114 334
114 341
114 352
114 366
114 372
114 375
114 392
114 398
114 176
115 119
115 128
115 130
115 136
115 140
115 144
115 151
115 168
115 172
115 173
115 213
115 218
115 219
115 221
115 225
115 227
115 233
115 246
115 257
115 269
115 272
115 274
115 277
115 298
115 312
115 319
115 322
115 325
115 361
115 362
115 374
115 386
115 392
115 146
116 128
116 129
116 133
116 138
116 156
116 163
116 169
116 171
116 176
116 180
116 181
116 183
116 186
116 187
116 190
116 194
116 224
116 227
116 235
116 239
116 252
116 253
116 260
116 279
116 282
116 294
116 302
116 317
116 331
116 332
116 348
116 351
116 358
116 372
116 375
116 378
116 393
116 398
117 121
117 123
117 132
117 136
117 161
117 166
117 172
117 177
117 185
117 187
117 200
117 207
117 216
117 225
117 236
117 265
117 266
117 268
117 279
117 280
117 282
117 315
117 320
117 323
117 325
117 328
117 347
117 353
117 359
117 367
117 372
117 387
117 390
117 182
118 129
118 136
118 140
118 144
118 146
118 151
118 156
118 157
118 159
118 173
118 177
118 178
118 179
118 181
118 185
118 193
118 196
118 201
118 207
118 217
118 219
118 221
118 238
118 244
118 263
118 264
118 279
118 283
118 288
118 296
118 327
118 335
118 341
118 344
118 352
118 354
118 370
118 371
118 375
118 377
118 386
119 125
119 133
119 138
119 147
119 194
119 200
119 204
119 217
119 234
119 242
119 254
119 258
119 260
119 263
119 278
119 283
119 307
119 338
119 348
119 357
119 366
119 224
119 382
120 122
120 123
120 126
120 132
120 134
120 142
120 144
120 150
120 156
120 157
120 159
120 176
120 180
120 182
120 201
120 203
120 212
120 226
120 228
120 236
120 239
120 243
120 269
120 271
120 296
120 307
120 317
120 321
120 326
120 330
120 336
120 342
120 343
120 347
120 351
120 354
120 356
120 365
120 372
120 393
120 399
120 331
121 124
121 125
121 138
121 149
121 150
121 157
121 163
121 164
121 165
121 170
121 172
121 188
121 191
121 192
121 200
121 205
121 213
121 229
121 244
121 248
121 255
121 258
121 265
121 275
121 286
121 287
121 294
121 297
121 300
121 315
121 319
121 322
121 323
121 336
121 348
121 366
121 369
121 371
121 383
121 397
121 399
121 137
121 267
122 127
122 129
122 131
122 133
122 155
122 170
122 173
122 189
122 196
122 199
122 212
122 216
122 219
122 229
122 236
122 247
122 264
122 287
122 300
122 316
122 338
122 348
122 349
122 367
122 381
122 395
122 398
122 225
123 127
123 130
123 132
123 134
123 135
123 136
123 141
123 142
123 143
123 146
123 149
123 155
123 157
123 164
123 166
123 173
123 174
123 175
123 181
123 182
123 184
123 186
123 191
123 197
123 202
123 207
123 211
123 212
123 217
123 218
123 219
123 225
123 234
123 236
123 245
123 248
123 249
123 252
123 259
123 261
123 265
123 278
123 279
123 289
123 294
123 295
123 305
123 316
123 317
123 321
123 325
123 334
123 338
123 339
123 344
123 350
123 352
123 385
123 395
123 368
124 127
124 132
124 135
124 144
124 146
124 151
124 159
124 161
124 179
124 197
124 200
124 214
124 228
124 238
124 242
124 243
124 245
124 250
124 262
124 263
124 265
124 271
124 295
124 299
124 312
124 319
124 388
124 398
124 145
125 127
125 129
125 130
125 133
125 135
125 148
125 151
125 157
125 159
125 162
125 167
125 181
125 185
125 199
125 210
125 211
125 213
125 219
125 224
125 236
125 246
125 258
125 262
125 263
125 289
125 309
125 310
125 313
125 325
125 350
125 357
125 376
125 377
125 384
125 385
125 392
126 129
126 138
126 139
126 146
126 157
126 159
126 164
126 189
126 191
126 197
126 204
126 216
126 220
126 229
126 241
126 245
126 247
126 252
126 259
126 260
126 274
126 286
126 288
126 295
126 300
126 317
126 345
126 346
126 349
126 374
126 383
126 385
126 387
126 389
126 213
126 358
127 129
127 138
127 148
127 159
127 161
127 180
127 182
127 183
127 190
127 194
127 197
127 200
127 208
127 218
127 223
127 225
127 230
127 234
127 235
127 240
127 246
127 261
127 264
127 270
127 279
127 287
127 305
127 306
127 313
127 317
127 356
127 370
127 380
127 383
127 386
127 387
127 396
127 226
128 162
128 178
128 187
128 196
128 198
128 200
128 209
128 222
128 257
128 271
128 281
128 286
128 294
128 303
128 326
128 343
128 345
128 348
128 355
128 359
128 206
128 244
129 132
129 135
129 144
129 155
129 158
129 162
129 163
129 178
129 193
129 195
129 218
129 219
129 263
129 312
129 316
129 356
129 360
129 371
129 380
129 241
130 132
130 133
130 139
130 142
130 163
130 164
130 170
130 171
130 174
130 213
130 216
130 245
130 254
130 258
130 264
130 267
130 270
130 271
130 284
130 297
130 299
130 303
130 305
130 308
130 312
130 319
130 327
130 338
130 353
130 354
130 384
130 390
130 391
130 394
130 396
131 140
131 146
131 147
131 152
131 165
131 171
131 174
131 183
131 188
131 195
131 202
131 205
131 209
131 213
131 215
131 230
131 237
131 238
131 253
131 255
131 267
131 280
131 282
131 285
131 305
131 337
131 343
131 346
131 359
131 368
131 371
131 386
131 391
131 393
132 134
132 146
132 150
132 157
132 175
132 186
132 189
132 201
132 216
132 220
132 224
132 235
132 239
132 251
132 257
132 263
132 265
132 277
132 279
132 291
132 302
132 308
132 310
132 312
132 313
132 323
132 330
132 335
132 348
132 351
132 355
132 370
132 380
132 394
132 221
133 134
133 151
133 162
133 164
133 185
133 208
133 216
133 219
133 226
133 231
133 232
133 243
133 254
133 260
133 281
133 283
133 330
133 333
133 334
133 341
133 372
133 379
133 393
133 398
133 268
134 136
134 137
134 142
134 143
134 144
134 150
134 166
134 178
134 188
134 201
134 220
134 221
134 222
134 228
134 233
134 238
134 259
134 267
134 302
134 306
134 325
134 354
134 396
134 265
135 145
135 166
135 170
135 198
135 200
135 205
135 219
135 237
135 268
135 275
135 312
135 363
135 381
136 141
136 154
136 165
136 220
136 227
136 229
136 235
136 241
136 262
136 283
136 286
136 302
136 339
136 343
136 383
136 396
137 139
137 143
137 154
137 155
137 162
137 163
137 168
137 181
137 182
137 210
137 218
137 220
137 221
137 233
137 256
137 277
137 284
137 294
137 311
137 317
137 324
137 339
137 350
137 364
137 365
137 371
137 381
137 382
137 388
137 393
137 396
137 399
138 141
138 146
138 164
138 168
138 178
138 182
138 192
138 194
138 207
138 217
138 235
138 248
138 254
138 268
138 273
138 310
138 312
138 327
138 329
138 333
138 352
138 357
138 388
138 399
138 214
139 154
139 167
139 168
139 205
139 212
139 301
139 303
139 306
139 321
139 324
139 346
139 374
139 380
139 399
140 143
140 154
140 157
140 158
140 161
140 164
140 172
140 173
140 176
140 190
140 198
140 202
140 213
140 222
140 224
140 232
140 234
140 245
140 250
140 261
140 268
140 270
140 274
140 276
140 290
140 299
140 304
140 315
140 330
140 335
140 351
140 354
140 360
140 373
140 397
141 143
141 152
141 155
141 158
141 165
141 168
141 176
141 180
141 186
141 188
141 189
141 192
141 202
141 204
141 212
141 238
141 244
141 249
141 251
141 255
141 263
141 285
141 290
141 294
141 301
141 306
141 308
141 322
141 331
141 338
141 341
141 344
141 367
141 369
141 392
141 398
141 399
142 150
142 154
142 155
142 158
142 163
142 165
142 167
142 185
142 198
142 199
142 204
142 207
142 225
142 236
142 249
142 253
142 257
142 268
142 292
142 298
142 306
142 321
142 359
142 383
143 144
143 159
143 165
143 178
143 179
143 189
143 209
143 220
143 231
143 233
143 237
143 242
143 243
143 248
143 268
143 285
143 301
143 308
143 310
143 327
143 328
143 342
143 345
143 351
143 354
143 356
143 361
143 374
143 389
144 145
144 146
144 150
144 154
144 166
144 170
144 172
144 176
144 184
144 190
144 198
144 199
144 204
144 208
144 217
144 241
144 245
144 247
144 264
144 275
144 280
144 288
144 302
144 303
144 317
144 336
144 340
144 355
144 360
144 375
144 380
145 148
145 151
145 154
145 181
145 190
145 196
145 223
145 230
145 235
145 239
145 244
145 252
145 256
145 268
145 281
145 292
145 314
145 316
145 321
145 325
145 356
145 369
145 384
145 399
145 379
146 152
146 164
146 184
146 204
146 209
146 212
146 227
146 245
146 250
146 257
146 260
146 262
146 279
146 302
146 312
146 315
146 325
146 328
146 341
146 350
146 352
146 362
146 365
146 366
146 384
146 395
146 398
146 194
147 153
147 154
147 155
147 156
147 175
147 183
147 197
147 208
147 216
147 248
147 272
147 276
147 290
147 291
147 294
147 310
147 312
147 317
147 332
147 342
147 345
147 355
147 357
147 377
147 379
148 155
148 159
148 161
148 175
148 178
148 179
148 180
148 188
148 223
148 230
148 232
148 236
148 244
148 257
148 264
148 277
148 295
148 303
148 316
148 320
148 321
148 322
148 323
148 328
148 335
148 336
148 343
148 345
148 355
148 359
148 360
148 362
148 381
148 392
148 394
149 158
149 159
149 164
149 188
149 194
149 196
149 224
149 225
149 229
149 236
149 248
149 255
149 280
149 289
149 308
149 318
149 321
149 332
149 348
149 349
149 358
149 363
149 364
149 386
150 161
150 162
150 165
150 168
150 185
150 192
150 199
150 202
150 206
150 218
150 221
150 224
150 240
150 256
150 261
150 263
150 269
150 272
150 274
150 279
150 286
150 292
150 304
150 326
150 340
150 344
150 360
150 361
150 363
150 375
150 387
150 388
151 159
151 160
151 165
151 168
151 173
151 174
151 175
151 177
151 199
151 204
151 208
151 239
151 243
151 245
151 251
151 260
151 262
151 266
151 285
151 291
151 303
151 309
151 337
151 345
151 356
151 358
151 368
151 379
151 392
151 396
151 397
151 169
152 162
152 168
152 171
152 184
152 185
152 189
152 192
152 211
152 214
152 215
152 230
152 232
152 236
152 246
152 267
152 270
152 287
152 293
152 311
152 318
152 346
152 354
152 382
152 392
152 153
153 160
153 180
153 181
153 187
153 190
153 231
153 237
153 243
153 246
153 253
153 265
153 272
153 278
153 283
153 287
153 292
153 314
153 323
153 327
153 348
153 354
153 355
153 359
153 363
153 367
153 379
153 385
153 388
153 374
154 165
154 230
154 235
154 242
154 251
154 254
154 258
154 266
154 277
154 290
154 291
154 297
154 306
154 309
154 319
154 325
154 339
154 340
154 344
154 352
154 360
154 362
154 379
154 396
155 157
155 158
155 167
155 174
155 177
155 179
155 180
155 182
155 189
155 191
155 198
155 202
155 203
155 212
155 214
155 224
155 225
155 234
155 236
155 241
155 250
155 260
155 266
155 287
155 296
155 315
155 319
155 330
155 334
155 354
155 364
155 367
155 371
155 391
155 220
155 341
156 169
156 171
156 175
156 228
156 241
156 260
156 268
156 286
156 297
156 304
156 337
156 373
156 393
157 161
157 167
157 175
157 177
157 178
157 188
157 193
157 200
157 203
157 205
157 213
157 237
157 261
157 291
157 300
157 303
157 318
157 353
157 393
158 173
158 183
158 185
158 193
158 198
158 207
158 225
158 227
158 256
158 283
158 284
158 324
158 334
158 365
158 373
158 372
159 169
159 183
159 184
159 188
159 194
159 199
159 205
159 215
159 217
159 226
159 297
159 311
159 321
159 322
159 329
159 341
159 346
159 373
159 332
160 162
160 173
160 191
160 225
160 230
160 263
160 269
160 273
160 296
160 315
160 320
160 325
160 328
160 338
160 353
160 392
160 240
160 220
161 189
161 190
161 191
161 193
161 194
161 201
161 218
161 227
161 236
161 237
161 242
161 245
161 246
161 283
161 284
161 286
161 295
161 302
161 306
161 312
161 315
161 320
161 340
161 366
161 367
161 345
161 175
162 163
162 192
162 197
162 201
162 211
162 215
162 216
162 224
162 245
162 265
162 266
162 275
162 276
162 301
162 320
162 344
162 355
162 378
162 397
163 167
163 169
163 185
163 199
163 203
163 206
163 212
163 213
163 215
163 222
163 237
163 275
163 277
163 281
163 305
163 311
163 315
163 322
163 325
163 348
163 368
163 390
163 365
164 204
164 209
164 229
164 230
164 269
164 272
164 273
164 278
164 279
164 282
164 322
164 338
164 363
164 397
165 171
165 174
165 176
165 177
165 182
165 201
165 214
165 217
165 234
165 256
165 259
165 270
165 287
165 324
165 337
165 359
165 380
165 382
166 170
166 191
166 200
166 210
166 223
166 232
166 236
166 250
166 253
166 275
166 277
166 282
166 286
166 290
166 304
166 346
166 362
166 373
166 377
166 388
166 389
166 305
167 168
167 169
167 177
167 187
167 188
167 191
167 199
167 233
167 239
167 267
167 269
167 270
167 275
167 288
167 290
167 293
167 298
167 313
167 317
167 343
167 366
168 171
168 184
168 185
168 189
168 196
168 200
168 216
168 217
168 218
168 219
168 225
168 226
168 228
168 235
168 253
168 258
168 269
168 270
168 293
168 309
168 319
168 327
168 335
168 362
168 364
168 368
168 385
168 170
169 189
169 199
169 204
169 208
169 214
169 237
169 247
169 249
169 252
169 260
169 262
169 264
169 274
169 275
169 277
169 284
169 294
169 299
169 328
169 347
169 371
169 377
169 378
169 390
169 313
169 369
170 172
170 214
170 233
170 241
170 262
170 289
170 312
170 322
170 325
170 327
170 355
170 382
170 256
171 172
171 205
171 206
171 208
171 211
171 243
171 252
171 273
171 295
171 326
171 327
171 349
171 350
171 354
171 399
172 190
172 197
172 203
172 207
172 208
172 211
172 216
172 217
172 221
172 227
172 249
172 254
172 268
172 269
172 271
172 278
172 286
172 308
172 310
172 326
172 329
172 334
172 352
172 363
173 177
173 182
173 212
173 228
173 233
173 244
173 248
173 254
173 257
173 293
173 294
173 314
173 339
173 383
173 391
174 179
174 181
174 193
174 221
174 226
174 227
174 229
174 238
174 239
174 244
174 255
174 271
174 278
174 284
174 311
174 314
174 322
174 328
174 331
174 336
174 339
174 341
174 353
174 369
174 375
175 176
175 178
175 205
175 213
175 214
175 225
175 297
175 304
175 321
175 328
175 335
175 344
175 347
175 349
175 353
175 358
175 359
175 370
175 376
175 382
175 383
176 187
176 199
176 215
176 222
176 265
176 266
176 281
176 285
176 315
176 324
176 350
176 351
176 359
176 361
176 364
176 366
176 372
176 391
176 283
177 191
177 219
177 231
177 242
177 245
177 247
177 250
177 261
177 263
177 270
177 280
177 305
177 312
177 318
177 321
177 322
177 329
177 338
177 346
177 355
177 360
177 376
177 377
177 390
177 391
177 275
177 385
178 180
178 182
178 185
178 220
178 223
178 229
178 242
178 254
178 258
178 265
178 269
178 276
178 289
178 290
178 308
178 316
178 323
178 343
178 347
178 352
178 357
178 366
178 387
178 391
179 183
179 196
179 200
179 208
179 224
179 237
179 246
179 260
179 267
179 339
179 349
179 378
179 396
179 336
180 182
180 186
180 196
180 209
180 219
180 221
180 243
180 261
180 264
180 295
180 300
180 302
180 313
180 321
180 329
180 367
180 379
180 392
180 393
180 394
180 256
180 188
181 186
181 192
181 206
181 209
181 221
181 232
181 238
181 246
181 247
181 275
181 286
181 303
181 321
181 326
181 343
181 354
181 356
181 383
182 185
182 191
182 207
182 221
182 238
182 294
182 302
182 321
182 323
182 324
182 364
183 215
183 233
183 244
183 254
183 267
183 284
183 288
183 293
183 299
183 308
183 317
183 335
183 337
183 340
183 343
183 350
183 361
183 186
184 190
184 209
184 236
184 251
184 256
184 277
184 311
184 316
184 324
184 345
184 354
184 384
184 385
184 315
184 297
185 195
185 198
185 202
185 222
185 227
185 230
185 239
185 245
185 271
185 284
185 337
185 369
185 380
185 381
186 191
186 193
186 195
186 208
186 211
186 215
186 225
186 232
186 259
186 286
186 296
186 322
186 346
186 361
186 364
186 368
187 188
187 205
187 213
187 224
187 226
187 235
187 253
187 279
187 282
187 296
187 313
187 339
187 341
187 351
187 376
188 215
188 235
188 267
188 276
188 287
188 296
188 316
188 317
188 325
188 326
188 349
188 351
188 356
188 363
188 379
189 212
189 216
189 223
189 225
189 227
189 228
189 315
189 336
189 366
189 376
190 193
190 200
190 201
190 204
190 210
190 211
190 236
190 240
190 243
190 246
190 250
190 254
190 265
190 284
190 286
190 288
190 333
190 335
190 340
190 343
190 345
190 370
191 194
191 231
191 234
191 243
191 246
191 253
191 255
191 262
191 271
191 285
191 365
191 368
191 372
191 375
191 376
191 386
191 387
191 396
191 223
192 195
192 196
192 199
192 213
192 216
192 231
192 250
192 255
192 275
192 284
192 288
192 291
192 302
192 322
192 325
192 329
192 348
192 353
192 363
192 388
192 230
193 196
193 198
193 202
193 208
193 229
193 247
193 251
193 265
193 271
193 282
193 284
193 285
193 287
193 295
193 303
193 315
193 322
193 327
193 343
193 360
194 196
194 235
194 245
194 247
194 290
194 302
194 306
194 309
194 329
194 332
194 360
194 378
195 196
195 214
195 215
195 234
195 246
195 269
195 280
195 283
195 294
195 311
195 318
195 351
195 370
195 378
195 390
195 398
195 399
196 198
196 218
196 225
196 230
196 289
196 318
196 341
196 349
196 358
196 363
197 204
197 244
197 247
197 271
197 275
197 292
197 297
197 298
197 307
197 311
197 320
197 366
197 374
198 201
198 202
198 208
198 209
198 231
198 243
198 244
198 262
198 278
198 297
198 300
198 327
198 342
198 377
198 329
199 202
199 205
199 214
199 216
199 243
199 252
199 280
199 300
199 301
199 329
199 339
199 360
199 380
199 394
199 281
200 203
200 237
200 257
200 264
200 266
200 267
200 272
200 277
200 283
200 287
200 314
200 325
200 330
200 340
200 354
201 207
201 277
201 282
201 284
201 285
201 295
201 324
201 334
201 364
201 369
201 378
201 384
202 206
202 207
202 209
202 216
202 218
202 220
202 225
202 226
202 238
202 239
202 249
202 257
202 264
202 265
202 274
202 290
202 311
202 328
202 330
202 342
202 361
202 370
202 388
203 223
203 243
203 254
203 261
203 263
203 267
203 279
203 351
203 355
203 365
203 371
203 373
203 397
203 207
204 210
204 212
204 218
204 220
204 221
204 223
204 229
204 244
204 248
204 253
204 257
204 262
204 273
204 287
204 293
204 296
204 301
204 307
204 330
204 331
204 336
204 337
204 342
204 363
204 378
204 311
204 233
205 209
205 211
205 231
205 233
205 246
205 247
205 248
205 249
205 250
205 259
205 260
205 266
205 278
205 291
205 305
205 316
205 318
205 357
205 358
205 360
205 373
205 382
205 384
205 399
206 217
206 220
206 223
206 233
206 246
206 251
206 255
206 261
206 274
206 303
206 305
206 320
206 324
206 346
206 372
206 386
207 210
207 218
207 221
207 231
207 237
207 242
207 248
207 266
207 277
207 279
207 289
207 291
207 309
207 315
207 322
207 333
207 348
207 371
207 377
207 355
208 209
208 218
208 264
208 274
208 279
208 294
208 327
208 335
208 382
208 389
209 216
209 225
209 238
209 268
209 274
209 278
209 281
209 306
209 354
209 362
209 376
209 378
209 390
210 226
210 227
210 234
210 246
210 250
210 262
210 266
210 279
210 289
210 293
210 366
210 380
210 386
210 394
211 222
211 227
211 252
211 255
211 265
211 270
211 316
211 320
211 372
211 382
211 384
211 385
211 394
212 239
212 247
212 305
212 307
212 311
212 322
212 333
212 346
212 349
212 358
212 388
212 393
213 224
213 230
213 237
213 240
213 253
213 262
213 266
213 267
213 274
213 298
213 303
213 305
213 308
213 311
213 323
213 348
213 358
213 360
213 367
213 370
213 384
214 234
214 240
214 252
214 253
214 288
214 322
214 327
214 381
214 388
214 397
214 296
215 233
215 238
215 243
215 245
215 248
215 260
215 293
215 315
215 329
215 352
215 361
215 374
215 377
215 379
215 395
215 398
215 320
216 219
216 235
216 237
216 238
216 250
216 252
216 256
216 265
216 270
216 277
216 310
216 313
216 316
216 320
216 334
216 353
216 361
216 363
216 364
216 394
216 396
217 218
217 256
217 268
217 295
217 310
217 320
217 397
217 399
218 241
218 268
218 269
218 273
218 310
218 324
218 364
218 368
219 221
219 234
219 268
219 273
219 351
219 357
219 365
219 370
219 374
220 223
220 238
220 265
220 279
220 319
220 329
220 332
220 380
220 381
220 388
221 244
221 256
221 263
221 275
221 289
221 299
221 308
221 332
221 347
221 369
221 374
221 387
221 397
222 224
222 229
222 230
222 235
222 244
222 259
222 273
222 275
222 293
222 308
222 312
222 340
222 344
222 347
222 348
222 354
222 372
222 247
223 232
223 245
223 259
223 260
223 267
223 271
223 278
223 321
223 364
223 381
223 284
223 281
224 291
224 299
224 302
224 305
224 317
224 348
224 353
224 358
224 380
224 390
224 391
224 398
224 248
225 227
225 245
225 276
225 277
225 280
225 289
225 296
225 311
225 351
225 353
225 355
225 362
225 365
226 229
226 253
226 262
226 264
226 268
226 306
226 359
226 364
227 248
227 283
227 292
227 325
227 326
227 343
227 346
227 360
227 369
227 374
227 376
227 378
227 387
228 230
228 265
228 285
228 291
228 307
228 308
228 314
228 321
228 385
228 244
229 241
229 257
229 283
229 292
229 326
229 338
229 345
229 357
229 358
229 373
229 387
229 309
230 243
230 260
230 281
230 298
230 299
230 306
230 311
230 346
230 399
230 331
230 330
231 243
231 246
231 249
231 254
231 261
231 266
231 289
231 290
231 293
231 344
231 353
231 372
231 380
232 237
232 244
232 254
232 260
232 277
232 284
232 286
232 369
232 370
232 377
232 390
233 241
233 273
233 318
233 330
233 357
234 284
234 316
234 327
234 339
234 353
234 356
234 371
235 245
235 258
235 259
235 275
235 293
235 344
235 368
235 379
235 384
236 301
236 332
236 346
236 363
236 366
237 267
237 268
237 270
237 292
237 386
237 393
237 395
238 240
238 259
238 267
238 275
238 278
238 297
238 302
238 322
238 344
238 366
238 372
238 394
238 395
238 273
239 250
239 255
239 280
239 291
239 368
239 290
240 263
240 267
240 302
240 306
240 321
240 324
240 327
240 348
240 363
240 383
240 385
240 398
240 386
241 303
241 307
241 316
241 317
241 321
241 341
241 358
241 371
242 299
242 306
243 301
243 321
243 328
243 369
244 260
244 268
244 307
244 326
244 368
244 377
244 389
244 398
245 251
245 259
245 278
245 292
245 337
245 339
245 346
245 365
246 249
246 262
246 272
246 275
246 280
246 286
246 307
246 318
246 331
246 338
246 367
246 369
246 375
247 300
247 331
247 356
247 376
248 283
248 299
248 300
248 304
248 319
248 337
248 381
248 383
249 256
249 285
249 290
249 331
249 332
249 345
249 352
249 354
249 387
249 362
250 253
250 257
250 340
250 352
250 354
250 366
250 376
250 380
251 258
251 270
251 275
251 296
251 297
251 321
251 323
251 326
251 374
251 380
251 386
251 394
251 305
252 281
252 297
252 341
252 367
252 295
253 255
253 270
253 286
253 307
253 309
253 336
253 355
253 363
253 383
253 391
253 392
254 266
254 268
254 269
254 294
254 310
254 337
254 340
254 343
254 389
254 305
255 313
255 359
255 370
256 258
256 259
256 272
256 278
256 309
256 324
256 328
256 349
256 363
256 368
257 258
257 278
257 298
257 319
257 334
257 344
257 365
257 382
257 390
258 259
258 266
258 269
258 293
258 317
258 319
258 322
258 334
258 368
258 381
258 383
259 276
259 288
259 314
259 319
259 330
259 348
259 362
259 363
259 379
259 392
260 289
260 309
260 380
261 270
261 283
261 293
261 295
261 364
261 368
261 382
262 292
262 295
262 310
262 314
262 345
262 349
263 279
263 298
263 312
263 345
263 356
263 364
263 380
263 396
263 399
264 276
264 280
264 290
264 296
264 316
264 333
264 341
264 346
264 361
264 380
264 356
265 266
265 280
265 283
265 305
265 333
265 340
265 347
265 395
266 299
266 302
266 397
267 291
267 324
267 341
267 367
267 368
267 387
267 394
268 292
268 326
268 327
268 344
268 383
269 270
269 331
269 372
269 376
269 398
270 276
270 314
270 319
270 331
270 333
270 387
270 391
271 307
271 318
271 352
271 384
271 397
272 274
272 278
272 307
272 373
272 376
272 378
272 346
273 279
273 284
273 285
273 292
273 298
273 324
273 340
273 359
273 382
273 390
274 281
274 295
274 326
274 333
274 375
274 399
275 276
275 290
275 293
275 302
275 335
275 373
275 384
275 393
276 287
276 328
276 332
276 395
277 281
277 289
277 291
277 305
277 337
277 362
277 391
277 326
278 280
278 304
278 308
278 320
278 334
278 385
278 395
279 281
279 309
279 331
279 372
279 375
279 378
280 289
280 332
280 369
280 370
280 375
281 289
281 298
281 299
281 332
281 337
281 358
281 391
282 297
282 329
282 330
282 331
282 370
282 376
282 383
282 395
283 291
283 298
283 301
283 313
283 333
283 340
283 350
283 353
283 354
283 358
283 370
283 377
283 389
284 315
284 341
284 357
284 366
284 367
285 296
285 297
285 299
285 303
285 332
285 375
285 385
285 386
285 387
285 390
285 289
286 292
286 353
286 373
286 389
286 392
286 351
287 323
287 332
287 363
287 377
287 378
288 289
288 300
288 311
288 313
288 344
288 376
288 380
288 390
289 293
289 298
289 300
289 303
289 304
289 308
289 313
289 328
289 332
289 338
289 344
289 356
289 366
289 367
289 390
290 313
290 322
290 347
290 360
290 377
291 308
291 317
291 351
291 356
291 357
291 396
292 337
292 339
292 354
292 376
292 379
292 383
293 296
293 307
293 309
293 339
293 352
293 357
293 362
293 372
293 379
293 387
293 398
293 384
294 317
294 385
294 389
295 355
295 361
295 370
295 386
296 304
296 333
296 363
296 308
296 349
297 303
297 321
297 322
297 332
297 348
297 355
297 365
297 389
298 333
298 371
298 396
299 314
299 337
299 367
299 372
300 328
301 313
301 333
301 369
301 306
302 303
302 316
302 371
302 374
302 395
303 347
303 369
304 311
304 326
304 357
304 363
304 373
304 377
305 344
305 356
305 359
305 389
305 398
306 369
307 336
307 358
307 398
307 307
308 345
309 319
309 334
309 339
309 341
309 358
310 319
310 325
310 330
310 334
310 370
310 375
310 381
310 391
311 353
311 361
311 370
311 377
311 379
311 390
312 325
312 340
312 389
312 315
313 336
314 360
314 370
315 326
315 349
315 375
315 380
315 387
315 398
316 336
316 342
317 319
317 332
317 340
317 345
317 348
317 352
317 371
317 386
318 334
318 339
318 346
318 352
318 380
318 398
319 329
319 333
319 338
320 328
320 364
320 373
321 355
321 387
322 328
322 381
323 397
325 338
325 359
325 373
326 358
326 360
327 342
327 398
327 387
327 399
328 336
328 343
328 348
329 340
329 341
329 352
329 361
329 369
329 376
329 393
330 332
330 333
330 392
331 335
331 359
331 389
332 337
332 361
333 382
333 386
333 392
334 360
335 392
337 347
337 357
337 361
337 372
337 379
337 388
337 382
338 346
338 348
338 350
338 356
338 357
338 363
338 365
338 381
338 382
338 399
340 364
340 366
340 384
340 358
341 374
341 395
342 343
342 345
342 357
342 364
342 365
342 378
342 347
343 379
343 388
343 391
343 398
344 362
344 370
344 393
344 396
344 399
345 358
345 382
345 371
346 376
346 396
347 366
347 376
347 379
347 381
349 378
350 352
350 358
350 366
350 393
351 355
351 374
352 356
352 387
353 371
353 394
354 356
354 374
354 385
354 394
355 358
355 385
355 391
356 358
356 362
356 370
356 374
357 393
358 361
358 379
358 383
358 385
359 364
359 393
360 373
360 378
361 385
361 387
362 381
363 396
364 380
364 385
364 395
365 382
367 371
367 394
369 373
369 386
370 372
370 392
370 394
371 381
373 388
375 390
377 379
379 391
380 396
381 392
385 395
387 393
388 391
390 394
392 398
397 399