207230965
5
40
176
0 5
0 8
0 22
0 24
0 30
1 5
1 6
1 7
1 14
1 23
1 24
1 35
1 39
2 5
2 6
2 7
2 8
2 9
2 10
2 12
2 15
2 20
2 21
2 22
2 23
2 27
2 32
3 5
3 6
3 9
3 10
3 11
3 19
3 34
4 5
4 6
4 7
4 8
4 9
4 10
4 14
4 16
4 18
4 38
4 39
5 6
5 7
5 8
5 9
5 11
5 12
5 13
5 15
5 17
5 18
5 21
5 23
5 26
5 27
5 31
5 37
6 7
6 9
6 11
6 12
6 13
6 15
6 19
6 25
6 26
7 8
7 10
7 14
7 15
7 16
7 19
7 20
7 37
8 11
8 13
8 19
8 24
9 10
9 12
9 13
9 14
9 18
9 21
9 24
9 39
9 20
10 11
10 12
10 13
10 14
10 16
10 17
10 25
10 26
10 27
10 30
10 33
10 35
11 15
11 17
11 29
11 35
12 24
12 28
12 29
12 30
12 34
12 37
13 16
13 17
13 20
13 25
13 30
13 34
13 35
13 39
14 16
14 20
14 22
14 27
14 28
14 33
15 17
15 20
15 21
15 27
15 31
15 37
16 18
16 21
16 28
16 36
17 18
17 22
17 25
17 29
17 30
17 31
17 34
17 36
17 39
18 19
18 23
18 25
18 26
18 29
18 34
18 36
18 38
19 29
19 33
20 22
20 28
20 32
20 33
21 23
21 38
22 26
22 37
23 33
25 31
26 28
26 32
27 31
27 32
27 36
28 36
30 38
31 32
31 38
34 35