112385991
2
40
102
0 2
0 3
0 5
0 6
0 8
0 9
0 12
0 15
0 18
0 27
0 29
0 31
0 24
0 1
0 7
0 39
1 2
1 8
1 9
1 13
1 20
1 32
1 39
1 35
2 3
2 4
2 7
2 11
2 17
2 21
2 25
2 18
2 15
2 20
3 4
3 5
3 6
3 10
3 12
3 13
3 16
3 27
3 33
3 36
3 37
3 30
3 21
4 14
4 28
4 34
4 10
5 7
5 17
5 9
5 24
6 10
7 10
7 15
7 22
7 30
7 16
8 22
8 23
8 24
8 11
9 11
9 16
9 19
9 20
9 26
9 29
9 36
9 9
9 14
9 22
9 25
10 14
10 26
11 30
11 32
12 18
12 21
12 23
12 34
12 38
12 30
13 31
15 25
16 19
16 26
16 27
18 28
18 35
19 35
20 24
20 37
20 39
22 33
22 35
29 31
32 38
33 33