449263524
4
40
164
0 4
0 8
0 9
0 12
0 16
0 27
0 30
0 25
1 4
1 5
1 6
1 8
1 20
1 21
1 25
1 31
1 36
2 4
2 5
2 6
2 10
2 13
2 14
2 15
2 16
2 22
2 24
2 35
2 29
2 30
3 4
3 5
3 6
3 7
3 10
3 14
3 19
3 21
3 23
3 32
3 34
4 5
4 6
4 7
4 8
4 10
4 11
4 12
4 14
4 15
4 18
4 22
4 25
4 28
4 29
4 33
4 37
4 13
5 7
5 9
5 10
5 11
5 14
5 17
5 18
5 19
5 25
6 7
6 11
6 12
6 15
6 18
6 22
6 23
6 26
6 27
6 29
6 30
6 33
6 34
6 37
6 32
6 21
7 8
7 9
7 12
7 13
7 15
7 16
7 19
7 26
7 28
7 30
7 33
7 36
7 7
7 20
8 9
8 17
8 29
8 30
8 31
8 37
8 10
8 24
9 11
9 13
9 18
9 30
9 31
9 33
9 28
10 23
10 25
10 38
11 31
12 13
12 19
12 21
12 24
12 29
13 20
13 23
13 26
13 36
13 39
14 16
14 17
14 24
14 39
15 20
15 34
15 35
16 17
16 20
16 21
17 27
17 26
19 27
19 32
20 22
20 24
20 32
20 33
21 28
21 32
21 36
21 39
21 23
21 27
22 28
23 26
26 31
26 37
27 38
27 35
29 38
30 36
31 34
31 35
33 38
34 35
35 37
37 39