235694346
5
40
189
0 5
0 6
0 9
0 10
0 11
0 13
0 14
0 15
0 17
0 18
0 23
0 26
0 34
0 24
0 25
1 5
1 6
1 7
1 8
1 10
1 14
1 17
1 20
1 28
1 32
1 37
1 39
2 5
2 6
2 7
2 8
2 9
2 11
2 16
2 21
2 24
2 25
2 39
2 4
2 26
3 5
3 6
3 7
3 8
3 15
3 16
3 19
3 21
3 22
3 31
3 32
3 36
4 5
4 7
4 10
4 18
4 20
4 24
4 25
4 27
4 29
4 33
4 34
4 12
4 8
4 14
5 6
5 9
5 10
5 11
5 12
5 13
5 14
5 15
5 20
5 27
5 35
5 36
5 37
5 32
5 22
6 7
6 8
6 11
6 12
6 20
6 21
6 23
7 8
7 9
7 10
7 12
7 15
7 16
7 17
7 18
7 19
7 22
7 23
7 28
7 37
8 9
8 12
8 26
8 38
8 10
9 13
9 19
9 20
9 21
9 23
9 26
9 31
10 11
10 12
10 13
10 14
10 16
10 24
10 27
10 34
11 13
11 15
11 17
11 21
11 25
11 33
12 18
12 29
12 30
12 33
12 15
13 14
13 22
14 18
14 30
14 38
15 16
15 17
15 19
15 22
15 24
15 25
15 29
15 32
15 38
16 19
16 26
16 28
16 36
17 27
17 35
18 28
18 31
18 33
18 36
19 31
19 34
20 29
20 32
20 36
21 22
21 23
21 28
21 30
22 34
23 24
23 31
23 34
23 29
24 25
24 27
24 37
25 26
25 30
25 35
25 38
25 39
26 29
27 35
27 38
27 31
28 35
29 30
31 32
32 33
35 39
36 37
37 39