933466229
3
40
127
0 3
0 4
0 5
0 6
0 7
0 8
0 9
0 14
0 17
0 19
0 36
0 38
0 2
0 12
1 3
1 4
1 5
1 6
1 26
1 28
1 37
1 39
1 11
2 3
2 6
2 8
2 9
2 11
2 13
2 15
2 21
2 25
2 32
2 7
3 4
3 5
3 7
3 8
3 10
3 11
3 12
3 13
3 15
3 16
3 17
3 18
3 22
3 23
3 24
3 25
3 27
3 31
3 32
3 35
3 39
4 7
4 10
4 16
4 24
4 32
4 35
4 39
5 20
5 31
6 14
6 17
6 26
7 9
7 13
7 18
7 20
7 29
7 35
7 36
8 10
8 12
8 30
8 31
8 38
8 8
9 11
9 21
9 22
9 28
9 29
9 38
10 12
10 15
10 32
10 34
10 21
10 26
11 21
11 33
12 14
12 20
12 30
12 19
13 19
13 17
14 16
14 18
14 22
14 23
14 24
14 39
14 35
14 17
15 19
15 31
16 27
17 37
17 30
18 33
18 34
19 25
19 27
19 30
19 31
20 26
20 29
20 33
22 23
22 37
27 28
27 34
31 36