308091156
3
40
114
0 3
0 13
1 3
1 4
1 5
1 7
1 27
2 3
2 4
2 6
2 8
2 11
2 12
2 13
2 14
2 17
2 26
2 27
2 29
2 32
3 4
3 5
3 6
3 7
3 8
3 9
3 10
3 11
3 13
3 15
3 16
3 22
3 23
3 25
3 29
3 30
3 33
3 34
3 38
4 5
4 6
4 9
4 14
4 15
4 17
4 18
4 22
4 24
4 26
4 28
4 30
4 38
5 8
5 11
5 12
5 32
6 7
6 9
6 16
6 19
6 21
6 30
6 32
7 10
7 16
8 10
8 20
8 21
8 37
9 17
9 21
9 29
9 31
10 12
10 18
11 19
11 24
11 33
11 34
12 15
12 18
12 19
12 20
13 14
13 22
13 24
13 28
13 31
14 25
14 35
14 38
15 20
15 39
15 17
16 33
17 23
18 34
19 23
19 25
19 31
21 36
22 27
22 35
23 36
23 39
24 26
25 35
26 28
26 36
30 35
30 37
34 39
36 37
36 39