122183047
4
40
152
0 4
0 5
0 8
0 12
0 16
0 19
0 21
0 26
0 34
0 36
0 2
1 4
1 5
1 6
1 7
1 9
1 19
1 20
1 24
1 30
2 4
2 8
2 9
2 10
2 12
2 13
2 23
2 25
2 29
2 31
3 4
3 5
3 6
3 10
3 11
3 15
3 16
3 17
3 20
3 23
3 27
3 36
3 38
4 5
4 6
4 7
4 8
4 9
4 11
4 13
4 15
4 16
4 19
4 21
4 22
4 23
4 25
4 28
4 29
4 31
4 34
4 35
4 32
5 6
5 7
5 8
5 12
5 17
5 18
5 31
5 32
6 7
6 10
6 12
6 13
6 14
6 15
6 36
6 28
7 9
7 10
7 11
7 13
7 14
7 18
7 21
7 24
7 26
7 27
7 32
7 35
7 38
7 22
7 19
8 11
8 15
8 26
8 27
9 14
9 17
9 18
9 22
9 25
9 35
10 16
11 30
12 18
12 35
13 14
13 31
13 33
13 37
13 39
13 30
14 20
14 28
14 33
14 37
14 35
15 20
15 28
15 29
15 37
16 17
16 24
16 25
16 26
16 32
17 19
17 23
17 27
17 28
18 22
18 30
18 38
19 21
19 34
19 38
20 22
21 30
21 32
21 33
21 36
22 24
23 33
24 38
24 39
25 29
27 37
27 39
29 34
31 39