512665975
9
40
288
0 9
0 10
0 11
0 12
0 14
0 15
0 17
0 21
0 24
0 26
0 28
0 29
0 30
0 36
1 9
1 12
1 13
1 14
1 18
1 21
1 38
1 39
2 9
2 10
2 14
2 16
2 20
2 21
2 29
2 31
2 32
3 9
3 10
3 11
3 12
3 14
3 17
3 19
3 20
3 23
3 25
3 34
4 9
4 10
4 11
4 12
4 15
4 16
4 17
4 19
4 22
4 27
4 33
4 37
4 31
5 9
5 10
5 11
5 12
5 13
5 15
5 18
5 19
5 20
5 24
5 27
5 29
5 31
5 35
5 38
5 39
6 9
6 10
6 11
6 12
6 13
6 14
6 15
6 17
6 18
6 21
6 22
6 24
6 25
6 26
6 27
6 28
6 31
6 35
6 37
6 38
7 9
7 10
7 11
7 13
7 20
7 21
7 23
7 24
7 29
7 35
8 9
8 10
8 11
8 13
8 14
8 18
8 26
8 27
8 31
8 35
9 10
9 11
9 12
9 13
9 14
9 15
9 16
9 17
9 18
9 19
9 21
9 22
9 23
9 26
9 27
9 31
9 32
9 33
9 37
10 11
10 12
10 13
10 15
10 16
10 17
10 18
10 21
10 24
10 27
10 30
10 37
10 38
11 12
11 13
11 14
11 16
11 17
11 18
11 20
11 22
11 28
11 29
11 30
11 31
11 32
11 34
11 36
11 38
11 39
12 13
12 15
12 16
12 18
12 20
12 22
12 25
12 27
12 29
12 30
12 32
12 34
12 35
12 33
13 14
13 15
13 16
13 17
13 19
13 20
13 22
13 23
13 25
13 26
13 28
13 31
13 34
13 37
14 15
14 16
14 19
14 23
14 24
14 33
15 16
15 17
15 19
15 21
15 22
15 23
15 25
15 30
15 32
15 37
15 38
15 39
15 36
15 31
16 19
16 20
16 22
16 23
16 24
16 25
16 26
16 28
16 34
16 39
16 18
17 18
17 19
17 28
17 32
17 36
17 39
17 34
17 21
18 22
18 23
18 24
18 27
18 28
18 32
18 33
18 39
19 20
19 21
19 25
19 26
19 32
19 33
20 25
20 26
20 30
20 31
20 35
20 36
20 38
21 30
21 33
21 37
21 39
22 23
22 24
22 29
22 30
22 31
22 33
23 25
23 27
23 30
23 32
23 35
24 28
24 29
24 34
24 36
25 26
26 28
26 34
26 36
27 29
27 33
27 35
27 36
28 36
29 37
29 38
29 33
30 33
30 38
31 34
32 36
33 34
33 35
34 37
34 39
35 39