59479004
8
40
264
0 8
0 9
0 10
0 12
0 13
0 14
0 18
0 19
0 20
0 21
0 23
0 27
0 30
0 31
0 33
0 35
0 36
1 8
1 9
1 12
1 22
1 27
1 30
1 37
1 39
2 8
2 9
2 10
2 11
2 13
2 15
2 20
2 28
2 29
3 8
3 9
3 10
3 11
3 13
3 16
3 17
3 23
3 32
3 34
4 8
4 9
4 10
4 14
4 18
4 20
4 21
4 28
4 33
4 34
5 8
5 9
5 10
5 11
5 13
5 15
5 16
5 17
5 26
5 29
5 30
5 34
5 38
6 8
6 9
6 10
6 11
6 12
6 13
6 18
6 20
6 22
6 23
6 24
6 26
6 30
6 31
6 33
6 35
6 36
6 38
6 39
7 8
7 11
7 12
7 19
7 22
7 36
7 37
8 9
8 10
8 11
8 12
8 13
8 14
8 15
8 16
8 17
8 19
8 21
8 22
8 28
8 29
8 34
8 36
8 37
9 10
9 11
9 12
9 13
9 14
9 15
9 18
9 19
9 23
9 29
9 32
9 38
9 39
10 11
10 12
10 14
10 15
10 16
10 17
10 18
10 20
10 21
10 22
10 24
10 27
10 29
10 31
10 36
10 33
11 12
11 13
11 14
11 15
11 17
11 18
11 20
11 23
11 25
11 30
11 31
11 35
11 37
11 38
11 39
12 14
12 15
12 16
12 17
12 20
12 21
12 23
12 24
12 25
12 28
12 29
12 32
12 18
13 14
13 15
13 16
13 18
13 19
13 22
13 24
13 26
13 27
13 33
13 38
13 39
14 16
14 17
14 18
14 19
14 20
14 25
14 37
14 22
15 16
15 17
15 19
15 21
15 23
15 26
15 33
15 35
15 37
16 24
16 28
16 31
16 34
16 36
16 26
17 19
17 22
17 23
17 24
17 26
17 27
17 34
17 38
18 27
18 38
19 21
19 32
19 38
20 21
20 24
20 25
20 26
20 27
20 30
20 35
20 39
21 22
21 25
21 30
21 32
21 34
21 35
21 37
21 39
21 28
22 25
22 26
23 24
23 25
23 31
23 32
23 33
23 35
24 25
24 27
24 30
25 26
25 28
25 30
26 28
26 31
26 34
26 38
27 28
27 29
27 32
28 29
29 31
29 33
30 32
30 33
31 35
31 37
31 39
33 36
34 36
38 39