816109525
8
40
276
0 8
0 9
0 10
0 12
0 13
0 15
0 18
0 19
0 25
0 26
0 27
0 32
0 35
1 8
1 9
1 10
1 11
1 12
1 13
1 14
1 15
1 16
1 17
1 18
1 19
1 21
1 25
1 27
1 31
1 32
1 33
1 34
1 38
2 8
2 10
2 11
2 12
2 14
2 15
2 16
2 17
2 18
2 21
2 24
2 25
2 33
2 36
2 38
2 34
2 39
3 8
3 9
3 10
3 11
3 14
3 18
3 19
3 29
3 36
3 39
4 8
4 9
4 10
4 13
4 14
4 17
4 19
4 29
4 39
5 8
5 9
5 10
5 11
5 12
5 13
5 14
5 24
5 26
5 32
5 33
5 35
5 36
6 8
6 9
6 11
6 14
6 15
6 19
6 23
6 24
6 28
6 29
6 31
6 34
6 39
6 17
7 8
7 9
7 11
7 12
7 15
7 16
7 18
7 21
7 22
7 23
7 27
7 29
7 32
7 35
7 36
7 37
7 38
7 39
7 31
8 9
8 10
8 11
8 12
8 13
8 15
8 16
8 17
8 18
8 22
8 25
8 26
8 27
8 30
8 33
8 34
8 35
8 38
8 14
8 31
9 10
9 11
9 12
9 13
9 15
9 16
9 17
9 20
9 21
9 24
9 25
9 28
9 30
9 33
10 12
10 13
10 26
10 29
10 35
10 16
11 14
11 18
11 20
11 21
11 22
11 24
11 31
11 28
12 13
12 14
12 15
12 17
12 20
12 21
12 23
12 26
12 27
12 28
12 29
12 30
12 32
12 37
12 38
13 16
13 19
13 20
13 32
14 16
14 20
14 22
14 24
14 26
14 29
14 32
14 37
14 15
14 18
15 16
15 17
15 18
15 19
15 20
15 21
15 22
15 23
15 25
15 28
15 34
15 38
15 33
15 26
16 17
16 22
16 23
16 27
16 28
16 29
16 31
16 35
16 21
17 20
17 26
17 28
17 34
17 37
17 38
17 18
18 19
18 22
18 23
18 31
18 37
18 29
19 20
19 21
19 23
19 24
19 27
20 22
20 23
20 24
20 25
20 26
20 30
20 31
20 38
20 37
22 25
22 27
22 30
22 33
22 37
23 28
23 34
24 28
24 33
24 36
24 38
25 30
25 34
25 35
25 36
25 27
26 37
26 39
27 30
27 31
27 35
27 36
27 39
28 32
29 30
29 31
30 33
30 35
30 37
31 34
31 37
33 36
33 39
37 39