853054278
7
40
251
0 7
0 8
0 10
0 12
0 16
0 18
0 23
0 27
0 39
0 5
1 7
1 8
1 9
1 10
1 11
1 20
1 30
2 7
2 8
2 9
2 10
2 11
2 14
2 15
2 19
2 21
2 25
2 26
2 30
2 32
2 34
2 35
2 37
2 24
2 27
3 7
3 8
3 9
3 11
3 14
3 27
4 7
4 8
4 9
4 10
4 11
4 12
4 13
4 16
4 17
4 22
4 23
5 7
5 12
5 20
6 7
6 8
6 9
6 10
6 13
6 27
6 33
6 34
6 38
6 36
6 14
7 8
7 9
7 10
7 11
7 13
7 14
7 15
7 16
7 18
7 20
7 21
7 22
7 29
7 31
7 34
7 39
7 12
8 9
8 10
8 12
8 13
8 14
8 15
8 17
8 19
8 20
8 21
8 23
8 25
8 27
8 28
8 31
8 32
8 35
8 37
9 11
9 12
9 14
9 17
9 18
9 20
9 29
9 30
9 31
9 33
9 34
9 37
10 11
10 12
10 13
10 14
10 15
10 16
10 17
10 18
10 21
10 22
10 23
10 24
10 25
10 28
10 30
10 31
10 33
10 38
10 39
10 32
10 34
10 36
11 12
11 13
11 15
11 16
11 17
11 18
11 20
11 21
11 24
11 32
11 37
12 13
12 19
12 22
12 30
12 31
13 14
13 15
13 16
13 24
13 27
13 28
13 32
13 21
13 25
14 15
14 16
14 19
14 21
14 22
14 24
14 25
14 26
14 27
14 28
14 29
14 35
14 36
14 38
14 18
15 17
15 19
15 20
15 26
15 28
15 29
15 30
15 31
15 36
15 37
15 18
16 17
16 18
16 21
16 22
16 24
16 25
16 29
16 35
17 18
17 19
17 22
17 23
17 26
17 39
18 19
18 23
18 24
18 30
18 34
19 20
19 23
19 25
19 27
19 33
19 34
19 36
19 37
20 24
20 25
20 29
20 32
21 33
21 38
21 26
22 26
22 30
23 26
24 29
24 38
24 28
25 26
25 28
26 32
26 33
26 35
26 39
27 28
27 32
27 38
27 37
28 34
28 37
28 39
29 31
29 29
30 33
30 36
31 36
31 33
32 35
32 36
32 39
34 35
35 36
37 38