910830069
6
40
214
0 6
0 7
0 9
0 10
0 11
0 21
0 27
0 29
0 38
1 6
1 9
1 14
1 21
1 30
1 37
1 39
2 6
2 7
2 8
2 9
2 11
2 12
2 13
2 15
2 16
2 18
2 19
2 28
2 29
2 33
2 37
2 21
3 6
3 7
3 8
3 11
3 14
3 15
3 16
3 33
3 36
3 39
4 6
4 7
4 8
4 10
4 14
4 26
4 27
4 29
4 31
4 34
4 36
5 6
5 7
5 8
5 10
5 12
5 13
5 17
5 19
5 30
5 33
6 7
6 8
6 9
6 10
6 12
6 16
6 22
6 23
6 24
6 29
6 31
6 32
6 34
6 36
6 37
7 8
7 9
7 11
7 12
7 13
7 16
7 19
7 21
7 25
7 26
7 27
7 28
7 30
7 34
7 22
8 9
8 10
8 12
8 13
8 15
8 17
8 18
8 20
8 22
8 23
8 29
8 33
8 35
8 38
9 10
9 11
9 13
9 15
9 16
9 18
9 19
9 20
9 22
9 32
9 34
9 35
9 39
10 11
10 12
10 13
10 15
10 17
10 19
10 20
10 21
10 22
10 23
10 24
10 25
10 26
10 28
10 30
11 14
11 17
11 20
11 32
11 37
11 38
11 39
11 19
12 14
12 15
12 16
12 17
12 22
12 24
12 28
12 34
12 35
13 14
13 19
13 23
13 24
13 26
13 31
13 36
13 38
14 18
14 24
14 25
15 17
15 18
15 20
15 21
15 24
15 25
15 28
15 31
16 18
16 22
16 23
16 27
16 29
16 30
16 33
16 35
16 37
17 23
17 25
17 32
17 22
18 21
18 24
18 27
18 32
18 35
19 20
19 28
19 33
20 31
20 36
20 38
21 25
21 26
21 37
21 36
22 26
22 30
23 33
24 25
24 27
24 34
25 39
26 32
27 31
28 33
31 36
32 35
34 35
34 38
38 39