663747331
11
40
326
0 11
0 12
0 13
0 14
0 15
0 16
0 18
0 19
0 21
0 22
0 25
0 26
0 27
0 29
0 33
0 37
0 38
1 11
1 12
1 14
1 15
1 25
1 35
2 11
2 12
2 13
2 14
2 15
2 16
2 17
2 20
2 22
2 23
2 25
2 27
2 28
2 30
2 31
2 34
2 35
2 36
2 37
3 11
3 12
3 13
3 15
3 22
3 23
3 25
3 27
3 34
3 37
4 11
4 12
4 13
4 15
4 17
4 18
4 19
4 20
4 24
4 25
4 28
4 29
4 31
4 34
4 36
4 38
4 14
4 6
5 11
5 12
5 13
5 14
5 15
5 19
5 21
5 23
5 24
5 26
5 31
5 34
5 36
6 11
6 12
6 13
6 14
6 15
6 16
6 17
6 18
6 19
6 24
6 26
6 28
6 30
6 32
6 34
6 36
6 37
6 38
7 11
7 12
7 14
7 16
7 17
7 18
7 19
7 20
7 22
7 23
7 28
7 29
8 11
8 12
8 13
8 15
8 16
8 17
8 24
9 11
9 13
9 14
9 22
9 36
10 11
10 12
10 13
10 14
10 16
10 17
10 19
10 21
10 28
10 29
10 30
10 31
10 32
10 34
10 35
10 37
10 38
11 12
11 13
11 14
11 15
11 16
11 17
11 18
11 19
11 20
11 21
11 22
11 23
11 25
11 26
11 27
11 29
11 30
11 32
11 33
11 34
11 35
11 36
11 38
11 39
11 11
12 13
12 14
12 15
12 16
12 18
12 20
12 22
12 24
12 26
12 27
12 29
12 32
12 33
12 35
12 37
13 14
13 16
13 17
13 18
13 20
13 21
13 22
13 23
13 24
13 25
13 26
13 27
13 30
13 31
13 32
13 34
14 15
14 16
14 17
14 18
14 19
14 20
14 21
14 22
14 23
14 26
14 28
14 29
14 33
14 35
14 38
14 39
14 32
15 16
15 17
15 18
15 19
15 20
15 21
15 24
15 25
15 35
16 17
16 18
16 19
16 20
16 27
16 30
16 32
16 39
17 18
17 20
17 21
17 23
17 24
17 26
17 33
17 35
17 37
17 39
18 19
18 21
18 24
18 25
18 28
18 30
18 33
18 35
19 20
19 21
19 22
19 23
19 24
19 26
19 31
19 36
19 38
19 39
20 21
20 22
20 23
20 24
20 26
20 27
20 29
20 31
20 32
20 33
20 39
21 27
21 28
21 30
21 31
21 32
21 34
21 37
21 38
21 33
22 23
22 25
22 26
22 28
22 30
22 32
22 39
22 24
23 27
23 29
23 30
23 31
23 38
23 39
24 25
24 28
24 36
25 27
25 29
25 39
26 32
26 33
27 28
27 29
27 33
27 38
28 30
28 32
28 33
28 37
28 38
29 31
29 35
29 36
29 39
30 31
30 36
30 37
31 33
31 34
32 34
32 35
33 36
33 37
33 38
37 39