431765269
10
40
313
0 10
0 11
0 12
0 13
0 14
0 15
0 18
0 19
0 21
0 22
0 23
0 25
0 26
0 27
0 28
0 33
0 34
0 39
1 10
1 11
1 12
1 13
1 17
1 19
1 23
1 24
1 25
1 29
1 34
1 38
2 10
2 11
2 15
2 17
2 22
2 23
2 33
2 27
3 10
3 11
3 12
3 13
3 14
3 15
3 16
3 23
3 24
3 25
3 26
3 29
3 31
3 34
3 35
3 38
3 39
3 36
4 10
4 11
4 12
4 13
4 14
4 16
4 20
4 22
4 27
4 30
4 32
4 33
5 10
5 12
5 13
5 15
5 16
5 17
5 18
5 19
5 20
5 24
5 27
5 31
5 34
5 36
6 10
6 11
6 12
6 13
6 14
6 15
6 18
6 21
6 22
6 27
6 30
6 37
6 38
7 10
7 11
7 12
7 14
7 21
7 22
7 31
8 10
8 11
8 12
8 13
8 15
8 16
8 23
8 26
8 28
8 31
8 35
8 39
9 10
9 11
9 13
9 14
9 18
9 35
9 37
9 19
10 11
10 12
10 13
10 14
10 15
10 16
10 17
10 18
10 19
10 20
10 21
10 26
10 27
10 31
10 33
10 37
10 38
10 39
11 12
11 14
11 15
11 16
11 17
11 19
11 20
11 21
11 22
11 25
11 26
11 27
11 29
11 30
11 31
11 39
12 13
12 14
12 16
12 17
12 18
12 19
12 20
12 21
12 22
12 25
12 28
12 29
12 30
12 33
12 36
12 37
12 15
13 14
13 15
13 16
13 17
13 18
13 19
13 20
13 21
13 22
13 23
13 24
13 26
13 27
13 28
13 29
13 30
13 32
13 36
13 39
14 15
14 16
14 17
14 18
14 19
14 20
14 23
14 24
14 25
14 27
14 29
14 31
14 32
14 33
14 38
14 39
15 16
15 17
15 18
15 19
15 20
15 22
15 23
15 24
15 25
15 30
15 32
15 33
15 38
16 17
16 18
16 21
16 24
16 25
16 26
16 32
16 35
16 36
16 22
17 20
17 23
17 28
17 31
17 34
17 37
18 19
18 20
18 21
18 22
18 24
18 26
18 30
18 35
19 28
19 30
19 34
19 37
19 38
20 21
20 24
20 28
20 34
20 36
20 30
21 28
21 29
21 30
21 31
21 32
21 36
21 23
22 23
22 24
22 25
22 26
22 30
22 33
22 34
22 35
22 36
22 37
22 39
22 22
23 25
23 27
23 32
23 35
24 27
24 29
25 26
25 28
25 35
25 36
25 39
25 30
26 28
26 29
26 31
26 32
26 39
27 32
27 33
28 29
28 35
28 37
28 39
29 32
29 34
29 35
29 33
30 31
31 33
31 36
31 32
32 34
33 37
34 36
34 38
36 37
36 38
37 38