867902628
13
40
363
0 13
0 14
0 16
0 17
0 18
0 19
0 21
0 36
0 24
1 13
1 14
1 15
1 16
1 17
1 18
1 19
1 20
1 21
1 23
1 24
1 26
1 39
1 32
2 13
2 14
2 15
2 17
2 18
2 19
2 20
2 21
2 23
2 24
2 27
2 29
2 30
2 31
2 33
2 34
2 35
2 36
3 13
4 13
4 14
4 15
4 16
4 18
4 25
4 28
4 29
4 32
4 33
4 34
4 36
5 13
5 14
5 15
5 16
5 17
5 22
5 29
5 31
5 38
6 13
6 14
6 15
6 16
6 17
6 22
6 23
6 24
6 27
6 28
6 29
6 39
7 13
7 14
7 15
7 16
7 17
7 18
7 19
7 20
7 21
7 22
7 23
7 24
7 25
7 28
7 29
7 30
7 31
7 34
7 35
7 37
7 8
8 13
8 14
8 15
8 16
8 17
8 19
8 21
8 22
8 24
8 25
8 27
8 29
8 31
8 38
9 13
9 14
9 15
9 16
9 17
9 18
9 19
9 20
9 22
9 23
9 26
9 30
9 32
9 33
9 34
9 35
9 36
9 37
9 38
10 13
10 14
10 15
10 18
10 22
10 23
10 24
10 29
10 30
10 31
10 38
11 13
11 14
11 15
11 16
11 17
11 18
11 19
11 20
11 28
11 32
11 36
12 13
12 14
12 15
12 16
12 20
12 26
12 27
12 31
13 14
13 15
13 16
13 17
13 18
13 19
13 20
13 21
13 22
13 25
13 26
13 27
13 29
13 30
13 32
13 33
13 35
13 37
13 38
14 15
14 16
14 17
14 18
14 19
14 20
14 21
14 24
14 25
14 26
14 27
14 28
14 29
14 30
14 33
14 34
14 35
14 36
14 39
14 38
15 16
15 17
15 18
15 19
15 20
15 21
15 22
15 23
15 25
15 27
15 31
15 32
15 36
15 37
15 39
15 15
16 17
16 18
16 19
16 20
16 21
16 22
16 23
16 24
16 25
16 26
16 27
16 28
16 31
16 33
16 36
16 35
17 18
17 19
17 20
17 21
17 22
17 24
17 25
17 26
17 28
17 29
17 32
17 39
18 19
18 20
18 21
18 22
18 23
18 26
18 28
18 30
18 32
18 33
18 35
19 20
19 21
19 22
19 23
19 24
19 25
19 26
19 27
19 30
19 32
19 33
19 35
19 37
19 36
19 28
20 21
20 22
20 23
20 24
20 25
20 26
20 27
20 28
20 29
20 33
20 34
20 37
20 38
20 39
21 23
21 24
21 25
21 27
21 28
21 29
21 31
21 34
21 35
21 37
22 23
22 24
22 28
22 30
22 31
22 32
22 33
22 35
22 36
22 38
22 39
23 25
23 26
23 27
23 30
23 31
23 34
23 37
23 38
23 39
23 24
24 25
24 26
24 28
24 29
24 34
24 35
24 37
24 38
24 39
25 26
25 27
25 30
25 31
25 32
25 34
25 35
25 36
25 33
26 33
26 34
26 31
27 28
27 31
27 32
27 36
28 30
28 32
29 30
29 37
29 36
30 33
30 38
31 32
31 33
31 36
31 39
32 34
32 35
32 39
33 34
33 37
33 38
33 39
34 35
34 36
34 37
34 38
35 37
36 38
37 39