961413618
16
40
388
0 16
0 17
0 18
0 19
0 20
0 23
0 24
0 25
0 27
0 29
0 31
0 32
0 34
0 35
0 37
0 39
1 16
1 17
1 18
1 19
1 20
1 22
1 24
1 27
1 30
1 36
2 16
2 17
2 18
2 21
2 23
2 28
2 34
2 35
2 36
2 37
2 38
3 16
3 17
3 18
3 19
3 20
3 21
3 22
3 24
3 25
3 26
3 27
3 30
3 39
4 16
4 17
4 18
4 19
4 20
4 21
4 22
4 23
4 24
4 26
4 28
4 33
4 35
4 36
5 16
5 17
5 18
5 19
5 20
5 22
5 29
6 16
6 17
6 18
6 19
6 20
6 21
6 22
6 23
6 24
6 26
6 31
6 37
7 16
7 17
7 18
7 20
7 23
7 24
7 25
7 26
7 27
7 28
7 30
7 34
7 22
8 16
8 18
8 19
8 20
8 21
8 22
8 24
8 25
8 26
8 27
8 28
8 29
8 32
8 33
8 38
9 16
9 17
9 18
9 19
9 21
9 22
9 23
9 24
9 25
9 26
9 27
9 29
9 33
9 37
9 39
10 16
10 17
10 18
10 19
10 20
10 21
10 26
10 29
10 30
10 31
10 32
10 34
10 36
10 39
11 16
11 17
11 18
11 19
11 20
11 21
11 22
11 23
11 25
11 39
11 24
12 16
12 17
12 21
12 29
12 31
12 33
13 16
13 17
13 19
13 21
13 23
13 24
13 25
13 30
13 31
13 32
13 33
13 37
13 35
14 16
14 17
14 18
14 19
14 20
14 21
14 22
14 23
14 26
14 27
14 31
14 32
14 35
14 37
14 38
15 16
15 17
15 18
15 19
15 20
15 21
15 22
15 24
15 27
15 32
15 34
15 36
15 39
16 17
16 18
16 19
16 20
16 21
16 22
16 23
16 25
16 26
16 27
16 28
16 29
16 30
16 31
16 32
16 34
16 36
16 39
17 18
17 19
17 20
17 21
17 22
17 23
17 24
17 25
17 26
17 27
17 28
17 29
17 30
17 31
17 32
17 33
17 34
17 35
17 36
17 37
17 38
17 39
18 19
18 20
18 21
18 22
18 23
18 24
18 25
18 26
18 27
18 28
18 29
18 30
18 31
18 33
18 34
18 35
18 36
18 37
18 38
19 20
19 21
19 22
19 23
19 24
19 25
19 26
19 27
19 28
19 29
19 30
19 31
19 32
19 34
19 35
19 36
19 37
19 38
19 39
20 22
20 23
20 24
20 25
20 26
20 27
20 28
20 29
20 30
20 31
20 32
20 34
20 35
20 36
20 37
20 38
20 39
21 22
21 23
21 25
21 26
21 27
21 28
21 29
21 30
21 31
21 33
21 34
21 35
21 36
21 37
21 38
22 23
22 24
22 25
22 28
22 29
22 30
22 31
22 32
22 33
22 34
22 35
22 37
23 24
23 25
23 26
23 28
23 29
23 30
23 32
23 35
23 39
24 25
24 27
24 28
24 32
24 33
24 34
24 36
24 37
24 38
25 26
25 28
25 30
25 31
25 32
25 33
25 39
26 27
26 28
26 29
26 31
26 33
26 34
26 36
26 38
27 28
27 29
27 30
27 32
27 33
27 34
27 36
27 37
27 39
28 30
28 34
28 35
29 33
29 35
30 31
30 32
30 33
30 35
30 37
30 38
31 35
32 33
32 36
32 38
33 38
34 35
34 38
34 39
35 36
35 38
35 39
36 37
37 38
37 39
38 38