780907903
12
40
338
0 12
0 13
0 14
0 15
0 16
0 17
0 18
0 19
0 20
0 21
0 23
0 24
0 26
0 28
0 29
0 31
0 34
0 36
0 37
1 12
1 13
1 14
1 15
1 16
1 17
1 18
1 20
1 25
1 26
1 30
1 31
1 32
1 36
2 12
2 13
2 15
2 21
2 25
2 35
3 12
3 13
3 14
3 19
3 21
3 27
3 28
4 12
4 18
4 21
4 30
5 12
5 13
5 14
5 15
5 16
5 17
5 18
5 19
5 20
5 22
5 23
5 25
5 28
5 29
5 30
5 31
5 36
5 38
6 12
6 13
6 14
6 15
6 16
6 17
6 18
6 20
6 21
6 24
6 26
6 27
6 30
6 31
6 35
6 36
6 38
6 39
7 12
7 13
7 14
7 15
7 16
7 18
7 30
7 37
8 12
8 13
8 14
8 15
8 16
8 17
8 19
8 20
8 37
8 38
8 39
9 12
9 13
9 14
9 15
9 16
9 17
9 19
9 22
9 24
9 25
9 26
10 12
10 13
10 14
10 16
10 17
10 20
10 21
10 25
10 32
10 33
10 35
10 36
10 37
10 38
11 12
11 13
11 14
11 15
11 18
11 21
11 23
11 26
11 29
11 30
11 33
12 13
12 14
12 15
12 16
12 17
12 18
12 19
12 20
12 21
12 22
12 23
12 24
12 28
12 29
12 30
12 31
12 36
12 38
13 14
13 15
13 16
13 17
13 18
13 19
13 20
13 21
13 22
13 23
13 24
13 26
13 27
13 28
13 29
13 31
13 33
13 34
13 35
13 38
13 39
14 15
14 16
14 17
14 18
14 19
14 20
14 22
14 23
14 24
14 25
14 26
14 27
14 29
14 38
15 16
15 17
15 19
15 21
15 22
15 23
15 24
15 25
15 26
15 27
15 30
15 33
15 34
15 39
16 17
16 18
16 19
16 20
16 22
16 23
16 27
16 28
16 29
16 31
16 33
16 34
16 36
16 38
17 18
17 19
17 20
17 21
17 22
17 23
17 24
17 25
17 26
17 27
17 31
17 32
17 33
17 34
17 35
17 37
18 19
18 20
18 21
18 22
18 23
18 25
18 26
18 28
18 29
18 31
18 33
18 34
18 30
19 22
19 23
19 24
19 25
19 26
19 27
19 31
19 32
19 35
19 37
20 22
20 23
20 25
20 26
20 27
20 30
20 32
20 34
20 37
21 22
21 24
21 27
21 28
21 29
21 31
21 32
21 33
21 35
21 38
22 24
22 25
22 28
22 31
22 32
22 34
22 35
22 39
23 24
23 27
23 29
23 30
23 35
23 37
24 28
24 29
24 34
24 37
25 27
25 33
25 34
25 35
26 28
26 30
26 32
26 33
26 36
27 28
27 32
27 34
27 36
27 39
28 29
28 33
29 30
29 32
29 33
29 35
29 36
29 37
29 38
29 39
30 32
30 36
30 37
30 39
31 32
31 35
31 36
31 38
31 39
33 34
33 38
34 39
35 37
35 39
37 39
38 39