68731280
13
40
351
0 13
0 14
0 15
0 16
0 17
0 18
0 19
0 21
0 26
0 27
0 29
0 33
1 13
1 14
1 15
1 16
1 20
1 29
1 34
2 13
2 14
2 15
2 17
2 20
2 27
2 30
2 34
2 36
2 38
3 13
3 14
3 15
3 16
3 17
3 18
3 20
3 21
3 22
3 25
3 26
3 28
3 29
3 30
3 36
3 39
4 13
4 15
4 16
4 17
4 19
4 20
4 21
4 22
4 23
4 24
4 25
4 28
4 30
4 32
5 13
5 14
5 15
5 16
5 17
5 18
5 19
5 21
5 22
5 23
5 25
5 29
5 30
5 31
5 32
5 33
5 35
5 36
5 38
6 13
6 14
6 15
6 16
6 17
6 18
6 19
6 20
6 22
6 23
6 24
6 27
6 31
6 33
6 34
6 36
6 37
7 13
7 14
7 15
7 16
7 18
7 20
7 21
7 22
7 23
7 25
7 26
7 28
7 33
8 13
8 14
8 16
8 17
8 19
8 27
8 30
8 33
8 36
9 13
9 14
9 15
9 16
9 17
9 18
9 19
9 21
9 23
9 24
9 26
9 27
9 28
9 29
9 30
9 32
9 34
9 35
9 37
9 39
10 13
10 14
10 15
10 16
10 17
10 18
10 19
10 34
10 35
10 37
10 39
11 13
11 14
11 18
11 20
11 38
12 13
12 14
12 15
12 27
13 14
13 15
13 16
13 17
13 18
13 19
13 20
13 21
13 22
13 23
13 24
13 25
13 26
13 27
13 28
13 30
13 32
13 35
13 37
14 15
14 16
14 17
14 18
14 19
14 20
14 21
14 22
14 23
14 24
14 25
14 26
14 27
14 28
14 29
14 31
14 32
14 33
14 36
14 37
14 39
15 16
15 17
15 18
15 19
15 20
15 21
15 22
15 23
15 24
15 25
15 26
15 27
15 31
15 34
15 35
15 36
15 38
16 17
16 18
16 19
16 20
16 22
16 24
16 25
16 26
16 29
16 33
16 37
16 38
16 39
17 18
17 19
17 20
17 21
17 22
17 23
17 24
17 25
17 26
17 28
17 29
17 30
17 31
17 32
17 33
17 34
17 37
17 38
18 19
18 20
18 21
18 22
18 23
18 24
18 25
18 26
18 28
18 30
18 31
18 32
18 33
18 34
18 35
18 36
18 37
18 38
18 39
19 21
19 22
19 23
19 24
19 28
19 29
19 33
19 34
19 35
19 37
19 39
20 21
20 22
20 23
20 24
20 25
20 26
20 27
20 28
20 29
20 31
20 32
20 38
20 39
21 23
21 24
21 26
21 30
21 31
21 38
21 39
22 26
22 28
22 32
22 33
22 35
22 38
23 24
23 25
23 28
23 29
23 36
23 37
24 25
24 27
24 29
24 30
24 31
24 32
24 33
24 34
24 38
25 27
25 30
25 31
25 33
25 35
25 36
26 27
26 32
26 34
26 36
27 28
27 29
27 30
27 31
27 32
27 35
27 39
28 31
28 35
28 37
28 39
29 32
29 34
29 36
29 38
30 31
30 35
30 36
30 37
32 34
32 37
32 38
32 39
34 35
36 39