295658023
3
45
140
0 3
0 5
0 6
0 8
0 9
0 20
0 21
0 22
0 23
0 27
0 32
0 38
0 41
0 12
1 3
1 4
1 7
1 12
1 15
1 18
1 32
1 35
1 38
1 44
2 3
2 4
2 9
2 5
3 4
3 5
3 7
3 8
3 10
3 12
3 16
3 19
3 20
3 21
3 23
3 24
3 27
3 28
3 30
3 32
3 33
3 35
3 38
3 39
3 40
3 43
3 34
3 17
3 42
3 22
4 5
4 6
4 10
4 16
4 19
4 30
4 44
5 6
5 8
5 10
5 11
5 14
5 15
5 17
5 18
5 24
5 28
5 29
5 40
5 42
6 7
6 18
6 25
6 36
6 37
6 40
7 16
8 9
8 11
8 13
8 31
8 33
9 11
9 12
9 13
9 24
11 13
11 14
11 16
11 17
11 21
11 39
11 43
11 30
12 42
12 44
13 14
13 22
13 24
13 25
13 34
14 15
14 17
14 20
14 25
14 23
15 22
15 31
15 35
15 42
15 36
16 29
17 19
17 26
17 36
18 26
19 20
20 27
20 28
20 43
21 23
21 41
22 34
25 26
25 30
25 31
26 29
27 34
27 36
27 37
32 33
32 37
32 39
33 39
38 44
39 41