717829030
2
45
124
0 2
0 6
0 16
0 36
0 21
0 20
0 44
1 2
1 3
1 4
1 18
1 23
1 22
1 26
2 3
2 4
2 5
2 6
2 7
2 9
2 11
2 26
2 29
2 40
2 16
2 17
2 41
3 5
3 8
3 10
3 11
3 13
3 17
3 27
3 30
3 31
3 33
3 37
3 44
3 9
4 8
4 9
4 10
4 13
4 14
4 15
4 18
4 22
4 24
4 25
4 30
4 34
4 11
4 31
5 7
5 12
5 21
5 23
5 25
5 28
5 29
5 32
5 35
5 39
5 41
5 5
5 15
5 42
5 43
6 21
7 36
7 18
8 14
9 12
9 14
9 15
9 17
9 27
10 21
10 26
10 40
10 29
10 13
11 19
11 14
12 16
12 19
12 20
12 22
12 36
12 18
12 37
15 40
16 20
16 28
16 41
16 43
17 38
17 44
17 33
18 33
18 34
18 35
18 27
18 28
18 30
19 25
20 21
20 29
22 38
22 23
22 24
23 24
23 39
24 31
24 38
25 43
28 42
29 32
29 39
31 37
33 36
36 42
40 43