839965925
3
45
156
0 3
0 5
0 15
0 27
0 29
0 38
0 35
0 26
1 3
1 4
1 9
1 14
1 23
2 3
2 4
2 5
2 6
2 7
2 8
2 10
2 11
2 13
2 16
2 17
2 18
2 19
2 21
2 22
2 26
2 28
2 32
2 35
2 36
2 40
2 43
2 2
2 15
2 29
2 41
3 4
3 17
3 19
3 27
4 5
4 6
4 7
4 9
4 10
4 12
4 15
4 28
4 19
5 6
5 8
5 11
5 13
5 15
5 18
5 20
5 22
5 30
5 41
5 24
5 16
5 31
6 7
6 10
6 24
6 29
6 32
6 36
6 43
6 13
6 35
7 8
7 9
7 11
7 12
7 14
7 24
7 31
7 33
7 37
7 42
7 44
8 13
8 19
8 22
8 28
8 44
8 33
9 12
9 16
9 18
9 20
9 25
9 38
9 44
9 9
9 36
10 20
10 23
10 34
10 41
10 19
11 30
11 42
11 13
12 21
12 13
13 14
13 16
13 31
13 35
13 39
14 17
14 30
14 32
14 37
14 18
15 25
15 42
16 39
16 41
17 24
17 26
17 34
19 21
19 26
19 40
19 36
20 36
21 23
22 23
22 31
22 38
23 27
23 29
24 25
24 34
25 38
26 39
28 33
30 33
30 31
31 35
31 37
31 38
32 33
32 43
34 44
34 43
37 42
39 40
40 44
41 43