46456713
4
45
172
0 4
0 5
0 6
0 9
0 11
0 12
0 16
0 19
0 21
0 31
0 34
1 4
1 24
1 25
1 37
2 4
2 5
2 13
2 17
2 18
2 19
2 26
2 42
3 4
3 5
3 6
3 7
3 8
3 10
3 11
3 14
3 39
4 5
4 6
4 7
4 14
4 15
4 16
4 21
4 35
5 6
5 7
5 8
5 10
5 13
5 15
5 16
5 17
5 20
5 22
5 26
5 27
5 32
5 35
5 37
6 7
6 8
6 9
6 11
6 12
6 14
6 18
6 20
6 22
6 23
6 25
6 30
6 34
6 36
6 21
7 8
7 9
7 13
7 14
7 15
7 19
7 24
7 27
7 30
7 31
7 34
7 35
7 40
7 44
8 9
8 10
8 17
8 25
8 29
8 30
8 33
8 36
8 42
9 10
9 12
9 15
9 19
9 27
9 28
9 41
9 44
9 9
10 11
10 13
10 18
10 22
10 28
10 31
10 32
10 40
11 12
11 22
11 23
11 30
11 38
11 39
11 40
11 34
11 36
12 17
12 18
12 23
12 25
12 26
12 39
12 41
12 43
12 33
13 16
13 41
14 20
14 35
14 37
14 38
14 43
15 21
15 23
15 33
16 20
16 33
17 29
17 34
17 41
18 21
18 24
19 29
20 26
20 27
20 28
21 24
21 29
22 36
22 43
23 42
23 34
24 28
24 31
25 42
27 33
28 32
29 34
29 43
29 44
30 38
30 43
31 32
31 37
34 36
34 39
35 38
35 40
38 44