653054390
2
45
108
0 2
0 6
0 21
1 2
1 3
1 4
1 5
1 7
1 8
1 11
1 15
1 17
1 21
1 25
1 26
1 28
1 43
1 27
2 3
2 4
2 7
2 9
2 10
2 11
2 12
2 13
2 17
2 24
2 27
2 37
2 38
2 40
2 20
2 21
2 33
3 5
3 12
3 13
3 18
3 25
4 14
4 19
4 23
4 28
4 37
5 6
5 10
5 22
5 30
5 32
5 33
5 37
5 14
5 36
6 8
6 9
6 20
6 24
7 19
8 35
10 15
10 20
10 35
10 24
12 14
12 22
12 17
13 30
13 40
13 33
14 16
14 43
15 16
15 33
15 23
16 32
16 34
16 36
16 44
16 41
17 18
18 27
18 28
18 38
18 39
18 19
18 24
19 29
19 34
20 23
20 43
21 26
21 31
24 41
24 42
24 31
25 29
25 36
27 31
29 39
30 39
30 42
31 41
32 32
35 37
37 41
37 42
42 44