661232686
4
45
188
0 4
1 4
1 5
1 6
1 7
1 8
1 10
1 12
1 15
1 21
1 24
1 28
1 30
1 32
1 33
1 37
1 40
1 42
1 3
1 36
2 4
2 5
2 6
2 7
2 9
2 23
2 30
2 35
2 16
2 22
3 4
3 5
3 15
4 5
4 6
4 7
4 8
4 10
4 11
4 12
4 13
4 14
4 15
4 16
4 17
4 21
4 27
4 29
4 30
4 32
4 33
4 35
4 19
4 23
4 25
4 44
5 6
5 7
5 8
5 9
5 12
5 13
5 14
5 20
5 25
5 36
5 40
5 41
6 8
6 9
6 10
6 11
6 12
6 14
6 16
6 17
6 18
6 23
6 31
6 33
6 36
6 37
6 40
6 44
6 6
7 13
7 16
7 19
7 22
7 25
7 26
7 31
7 32
7 38
7 41
7 43
7 12
7 20
7 42
8 9
8 11
8 13
8 16
8 19
8 23
8 24
8 25
8 27
8 33
8 10
9 10
9 11
9 17
9 18
9 19
9 23
9 26
9 29
9 35
9 38
10 18
10 20
10 21
10 29
11 26
11 41
11 25
11 19
12 14
12 17
12 22
12 29
12 34
12 37
12 38
12 35
13 20
13 22
13 25
13 31
13 36
13 42
13 44
13 30
13 24
14 15
14 19
14 20
14 24
14 27
14 35
14 25
15 18
15 26
15 28
15 34
16 27
16 26
16 32
17 21
17 32
17 40
18 24
18 30
19 34
19 39
20 36
21 22
22 43
23 44
24 42
25 28
25 31
27 28
27 37
27 41
28 34
28 44
29 38
29 39
29 41
30 32
31 39
35 38
36 39
36 42
41 43
42 43