378472697
7
45
268
0 7
0 8
0 9
0 10
0 11
0 12
0 14
0 15
0 16
0 17
0 18
0 22
0 26
0 29
0 30
0 33
0 37
0 38
0 42
1 7
1 8
1 9
1 10
1 11
1 13
1 14
1 15
1 17
1 19
1 21
1 23
1 24
1 25
1 35
1 42
1 43
1 44
2 7
2 8
2 9
2 11
2 15
2 16
2 22
3 7
3 41
4 7
4 8
4 9
4 13
4 17
4 18
4 19
4 21
4 32
5 7
5 8
5 10
5 11
5 12
5 15
5 21
5 32
5 34
5 39
6 7
6 8
6 9
6 10
6 15
6 19
6 23
6 26
6 30
6 35
6 38
6 39
6 42
7 8
7 9
7 10
7 11
7 12
7 13
7 14
7 15
7 17
7 20
7 26
7 27
7 28
7 30
7 31
7 35
7 36
7 40
7 41
7 29
8 9
8 10
8 12
8 13
8 14
8 16
8 18
8 19
8 20
8 22
8 23
8 28
8 33
8 35
8 36
8 38
8 40
8 42
9 10
9 11
9 12
9 16
9 18
9 19
9 20
9 21
9 23
9 24
9 26
9 31
9 33
9 35
9 37
9 42
9 44
10 11
10 12
10 13
10 14
10 17
10 19
10 24
10 26
10 38
10 39
11 12
11 13
11 14
11 17
11 18
11 20
11 21
11 22
11 25
11 27
11 28
11 30
11 31
11 32
11 35
11 40
12 13
12 14
12 15
12 16
12 17
12 20
12 23
12 24
12 25
12 29
12 31
12 38
12 43
12 44
13 16
13 18
13 20
13 24
13 25
13 30
13 31
13 33
13 34
13 37
14 16
14 20
14 24
14 28
14 36
15 27
15 37
16 19
16 22
16 27
16 31
16 32
16 41
17 18
17 22
17 24
17 34
17 37
17 43
18 25
18 26
18 28
18 30
18 34
18 40
18 43
18 44
19 21
19 23
19 25
19 29
19 33
20 21
20 29
20 36
20 42
21 22
21 23
21 29
21 32
21 36
21 37
21 39
21 41
22 27
22 29
22 33
22 34
22 36
22 42
23 25
23 27
23 38
23 41
24 26
24 27
24 28
24 30
24 32
24 41
25 28
25 34
25 37
25 39
25 40
26 39
26 41
27 33
27 43
28 29
28 31
28 32
28 44
29 34
29 36
29 39
29 43
30 40
31 38
33 35
33 41
35 44
36 40
36 43
43 44