938471175
8
45
299
0 8
0 10
0 11
0 13
0 17
0 18
0 29
0 43
1 8
1 9
1 10
1 11
1 15
1 24
1 30
1 31
1 36
1 37
1 44
2 8
2 9
2 10
2 11
2 12
2 14
2 15
2 16
2 18
2 19
2 20
2 34
2 35
2 40
2 43
2 44
3 8
3 9
3 16
3 18
3 21
3 29
4 8
4 9
4 10
4 11
4 12
4 13
4 15
4 17
4 21
4 23
4 25
4 31
4 34
4 40
5 8
5 9
5 10
5 11
5 12
5 16
5 21
5 22
5 23
5 24
5 25
5 26
5 32
5 41
6 8
6 9
6 10
6 11
6 13
6 14
6 15
6 17
6 18
6 19
6 20
6 24
6 29
6 31
6 37
6 40
7 8
7 9
7 12
7 32
7 37
8 9
8 10
8 12
8 13
8 14
8 15
8 17
8 18
8 19
8 20
8 22
8 24
8 26
8 27
8 28
8 31
8 32
8 34
8 38
8 39
8 42
8 36
9 10
9 11
9 12
9 13
9 14
9 17
9 18
9 23
9 28
9 29
9 30
9 31
9 39
10 11
10 12
10 13
10 14
10 15
10 16
10 17
10 19
10 20
10 22
10 25
10 28
10 29
10 32
10 35
10 36
10 39
10 43
11 12
11 13
11 14
11 16
11 17
11 19
11 25
11 26
11 28
11 29
11 32
11 33
11 34
11 35
11 38
11 43
12 13
12 14
12 20
12 21
12 22
12 23
12 25
12 27
12 29
12 33
12 40
12 41
12 42
12 43
13 14
13 15
13 16
13 17
13 18
13 22
13 23
13 24
13 25
13 27
13 33
13 36
14 15
14 16
14 19
14 20
14 25
14 26
14 30
14 38
15 16
15 19
15 21
15 23
15 24
15 27
15 37
15 41
16 20
16 21
16 22
16 23
16 26
16 27
16 28
16 35
16 39
16 42
16 44
17 18
17 19
17 21
17 22
17 28
17 30
17 35
17 36
18 21
18 27
18 28
18 34
18 38
19 20
19 26
19 33
19 39
19 41
19 44
20 23
20 25
20 30
20 34
20 38
20 39
20 42
21 22
21 24
21 26
21 27
21 30
21 31
21 33
21 34
21 35
21 37
21 41
22 24
22 33
22 36
22 39
22 40
23 27
23 36
23 37
23 42
23 38
24 28
24 31
24 35
24 43
25 26
25 32
25 33
25 37
25 38
25 39
25 44
26 30
26 32
26 34
26 36
26 43
27 29
27 30
27 35
27 38
27 40
27 41
27 42
28 33
28 39
29 31
29 37
29 42
29 44
30 32
30 36
30 40
30 41
32 40
33 44
34 38
36 43
37 44
40 41
41 42