187258881
5
45
220
0 5
0 7
0 8
0 9
0 10
0 11
0 14
0 15
0 19
0 20
0 29
0 22
1 5
1 6
1 7
1 9
1 12
1 13
1 14
1 15
1 16
1 18
1 19
1 22
1 34
1 42
2 5
2 6
2 8
2 10
2 11
2 16
2 19
2 23
2 24
2 31
2 33
3 5
3 6
3 7
3 32
3 37
3 20
3 21
4 5
4 6
4 11
4 41
5 6
5 7
5 8
5 9
5 10
5 11
5 13
5 18
5 23
5 25
5 30
5 36
5 38
5 44
5 32
5 29
6 7
6 8
6 9
6 10
6 17
6 18
6 19
6 20
6 21
6 22
6 27
6 33
6 40
6 43
6 14
6 16
6 31
7 8
7 9
7 12
7 13
7 17
7 25
7 27
7 31
7 34
7 39
7 41
7 43
8 12
8 14
8 15
8 18
8 26
8 38
8 39
8 44
9 10
9 12
9 13
9 14
9 17
9 20
9 21
9 22
9 27
9 28
9 29
9 34
9 35
9 37
9 38
9 40
10 11
10 19
10 21
10 26
10 36
11 12
11 15
11 17
11 21
11 24
11 25
11 29
11 32
11 40
11 44
11 43
11 14
12 13
12 14
12 15
12 16
12 18
12 24
12 28
12 40
12 44
12 19
13 16
13 23
13 29
13 32
14 22
14 26
14 34
15 16
15 20
15 21
15 23
15 24
15 31
16 17
17 23
17 32
17 33
17 37
17 43
18 20
18 35
18 44
18 40
18 38
19 27
19 30
19 32
19 36
19 38
19 43
19 19
20 25
20 35
20 21
21 22
21 24
21 28
21 34
21 36
22 26
22 28
22 31
22 36
23 25
23 30
23 35
24 26
24 37
24 39
25 28
25 30
25 36
25 37
25 44
26 27
26 31
26 35
27 36
28 29
28 30
29 41
30 33
30 38
30 42
31 33
31 40
32 41
32 42
33 39
33 42
34 35
34 39
35 42
36 42
39 43
40 41