71656542
6
45
252
0 6
0 8
0 9
0 18
0 20
0 28
0 40
0 34
0 17
1 6
1 7
1 8
1 9
1 10
1 11
1 14
1 17
1 23
1 26
1 29
1 32
1 34
1 37
1 38
1 13
1 18
2 6
2 7
2 8
2 9
2 10
2 12
2 19
2 39
2 41
3 6
3 7
3 8
3 14
3 16
3 21
3 27
3 28
3 39
4 6
4 7
4 9
4 11
4 13
4 15
4 16
4 18
4 19
4 21
4 27
4 31
4 33
4 37
4 38
4 43
5 6
5 7
5 10
5 13
5 18
5 21
5 32
6 7
6 8
6 9
6 10
6 11
6 12
6 13
6 15
6 16
6 18
6 19
6 21
6 22
6 23
6 32
6 33
6 36
6 37
6 38
6 39
6 40
6 41
6 31
7 8
7 9
7 11
7 12
7 16
7 17
7 20
7 22
7 24
7 28
7 29
7 31
7 32
7 34
7 35
7 41
7 44
8 10
8 11
8 12
8 15
8 16
8 17
8 19
8 28
8 29
8 34
8 35
8 36
8 37
8 23
9 10
9 12
9 13
9 16
9 20
9 24
9 27
9 28
9 30
9 32
9 33
9 35
9 36
9 43
9 22
9 11
10 11
10 13
10 14
10 17
10 23
10 25
10 29
10 30
10 31
10 36
10 41
10 43
10 44
10 15
10 20
11 12
11 13
11 14
11 15
11 22
11 23
11 24
11 25
11 26
11 30
11 31
11 38
11 39
11 40
11 42
11 43
12 14
12 15
12 22
12 25
12 26
12 29
13 14
13 17
13 19
13 20
13 25
13 28
13 39
13 43
14 15
14 24
14 25
14 40
15 17
15 21
15 24
16 18
16 19
16 20
16 23
16 26
16 27
16 33
16 34
16 38
16 40
16 44
17 18
17 20
17 33
17 42
18 26
18 30
18 31
18 19
19 21
19 22
19 37
20 22
20 32
20 34
20 42
21 23
21 24
21 26
21 27
21 31
21 35
21 42
21 41
22 27
23 36
23 39
24 25
24 38
25 30
25 44
25 41
26 29
27 35
27 41
28 30
28 29
30 36
30 37
30 42
30 44
30 43
31 33
31 40
33 34
33 35
33 41
34 38
35 44
36 37
38 43
38 42
41 42