520169922
11
45
379
0 11
0 13
0 14
0 15
0 24
0 30
1 11
1 12
1 13
1 15
1 16
1 17
1 18
1 22
1 28
1 29
1 30
1 31
1 33
1 35
1 42
1 44
2 11
2 12
2 14
2 15
2 16
2 17
2 19
2 20
2 22
2 23
2 24
2 26
2 27
2 31
2 41
2 42
3 11
3 12
3 13
3 14
3 15
3 16
3 19
3 21
3 32
3 36
3 43
3 10
4 11
4 12
4 13
4 14
4 15
4 16
4 17
4 24
4 25
4 27
4 28
4 29
4 34
4 35
4 36
4 38
4 44
5 11
5 12
5 13
5 14
5 15
5 18
5 20
5 21
5 22
5 24
5 26
5 27
5 29
5 30
5 34
5 36
5 38
5 39
5 41
6 11
6 12
6 13
6 14
6 17
6 18
6 20
6 23
6 24
6 26
6 28
6 33
6 34
6 37
6 39
6 40
6 43
7 11
7 12
7 17
7 19
7 20
7 22
7 25
7 37
7 41
8 11
8 12
8 13
8 14
8 16
8 17
8 19
8 22
8 23
8 25
8 26
8 29
8 31
8 32
8 33
8 36
8 37
8 42
9 11
9 12
9 13
9 16
9 19
9 21
9 25
9 37
9 39
9 40
9 41
10 11
10 12
10 13
10 14
10 15
10 18
10 19
10 33
10 40
10 41
10 43
11 12
11 13
11 14
11 15
11 16
11 17
11 18
11 20
11 22
11 24
11 26
11 27
11 29
11 31
11 32
11 33
11 35
11 36
11 37
11 38
11 39
11 40
11 42
11 43
11 11
12 13
12 14
12 15
12 16
12 17
12 18
12 19
12 20
12 21
12 22
12 23
12 24
12 25
12 27
12 28
12 30
12 31
12 35
12 36
12 39
12 42
12 43
12 44
13 14
13 15
13 16
13 17
13 18
13 21
13 25
13 27
13 28
13 31
13 33
13 35
13 36
13 37
13 38
13 40
13 29
14 15
14 16
14 17
14 18
14 19
14 20
14 21
14 22
14 23
14 24
14 25
14 26
14 27
14 28
14 30
14 33
14 34
14 35
14 36
14 37
14 38
14 41
14 42
15 16
15 17
15 18
15 19
15 20
15 21
15 23
15 26
15 27
15 28
15 30
15 32
15 35
15 41
15 44
16 18
16 19
16 21
16 23
16 25
16 26
16 27
16 29
16 30
16 32
16 33
16 35
16 39
16 43
17 18
17 20
17 21
17 29
17 31
17 32
17 43
17 30
18 19
18 20
18 22
18 24
18 25
18 29
18 30
18 34
18 38
18 39
18 44
19 20
19 21
19 22
19 23
19 34
19 40
19 41
19 43
19 44
20 21
20 22
20 23
20 24
20 26
20 28
20 29
20 36
20 37
20 39
20 40
21 23
21 25
21 26
21 31
21 33
21 34
21 37
21 38
21 44
22 23
22 25
22 26
22 29
22 31
22 33
22 36
22 37
22 40
22 43
23 24
23 27
23 28
23 30
23 31
23 32
23 34
23 35
23 38
23 40
23 44
24 28
24 30
24 32
24 37
24 39
24 40
24 42
24 36
25 29
25 33
25 42
26 27
26 28
26 30
26 34
26 38
26 44
27 32
27 34
28 34
28 35
28 39
28 40
29 32
29 39
29 41
29 42
30 31
30 36
31 32
33 42
34 35
34 41
35 38
36 44
37 38
39 42
40 41
40 43
40 44
42 43