56469961
9
45
331
0 9
0 10
0 11
0 13
0 17
0 18
0 19
0 21
0 23
0 24
0 30
0 37
0 41
1 9
1 10
1 11
1 12
1 14
1 21
1 22
1 26
1 28
1 32
1 36
1 3
2 9
2 10
2 11
2 39
2 42
2 43
3 9
3 10
3 11
3 12
3 13
3 15
3 16
3 18
3 22
3 28
3 37
3 43
3 6
4 9
4 12
5 9
5 10
5 11
5 12
5 14
5 15
5 16
5 17
5 18
5 28
5 29
5 39
5 43
6 9
6 10
6 11
6 12
6 13
6 15
6 16
6 23
6 24
6 29
6 31
6 32
6 33
6 34
7 9
7 10
7 12
7 13
7 14
7 16
7 17
7 19
7 20
7 22
7 23
7 31
7 33
7 34
7 43
7 32
8 9
8 10
8 11
8 13
8 14
8 15
8 18
8 23
8 24
8 25
8 32
8 34
8 35
8 44
9 10
9 11
9 12
9 13
9 14
9 16
9 17
9 18
9 19
9 20
9 21
9 22
9 23
9 25
9 26
9 27
9 28
9 29
9 32
9 34
9 36
9 37
9 38
9 40
9 41
9 44
10 11
10 12
10 13
10 14
10 15
10 18
10 19
10 21
10 26
10 27
10 30
10 37
10 39
10 40
10 42
10 43
10 44
11 12
11 13
11 14
11 15
11 16
11 17
11 18
11 19
11 20
11 23
11 24
11 25
11 26
11 27
11 28
11 30
11 31
11 34
11 39
11 40
11 41
11 42
12 13
12 14
12 15
12 16
12 17
12 19
12 20
12 21
12 30
12 31
12 34
12 35
12 38
12 42
12 25
13 14
13 15
13 16
13 17
13 19
13 20
13 22
13 23
13 25
13 28
13 29
13 31
13 33
13 37
13 41
14 15
14 16
14 18
14 20
14 21
14 22
14 24
14 25
14 26
14 27
14 28
14 29
14 31
14 32
14 33
14 34
14 35
14 36
14 38
14 39
14 40
14 42
14 14
15 17
15 19
15 20
15 21
15 22
15 24
15 25
15 26
15 27
15 28
15 29
15 30
15 31
15 33
15 41
15 44
16 17
16 18
16 20
16 23
16 26
16 27
16 32
16 34
16 35
16 36
16 42
16 44
17 19
17 21
17 22
17 25
17 27
17 28
17 30
17 31
17 35
17 38
17 40
17 42
17 44
18 20
18 31
18 34
18 36
18 38
19 23
19 25
19 33
19 35
19 39
19 41
20 21
20 22
20 24
20 29
20 30
20 33
20 43
21 27
21 37
22 24
22 26
22 30
22 32
22 35
22 36
22 38
22 41
22 43
23 24
23 25
23 27
23 29
23 32
23 35
23 37
23 38
24 41
24 42
24 43
25 26
25 29
25 37
25 43
26 32
28 35
28 39
28 40
28 42
29 30
29 33
29 38
29 44
31 33
31 36
31 44
32 36
32 35
33 36
34 37
34 39
34 40
35 39
36 38
38 40
39 40
39 41
40 44
42 44