627316328
8
45
315
0 8
0 9
0 10
0 11
0 12
0 13
0 15
0 20
0 22
0 23
0 24
0 27
0 30
0 36
0 37
0 40
0 42
1 8
1 9
1 10
1 12
1 21
1 22
1 24
1 25
1 26
1 29
1 11
2 8
2 9
2 10
2 12
2 13
2 14
2 16
2 17
2 18
2 21
2 28
2 31
2 33
2 36
2 37
2 43
2 38
3 8
3 9
3 11
3 12
3 14
3 16
3 17
3 18
3 19
3 23
3 27
3 35
3 40
3 43
3 44
3 4
3 10
4 8
4 34
4 39
5 8
5 9
5 10
5 11
5 13
5 14
5 15
5 20
5 21
5 22
5 27
5 28
5 35
6 8
6 9
6 10
6 11
6 13
6 15
6 27
6 33
6 34
6 38
7 8
7 9
7 10
7 11
7 12
7 13
7 15
7 16
7 17
7 18
7 20
7 26
7 27
7 28
7 29
7 30
7 32
7 38
7 41
7 42
8 9
8 10
8 11
8 12
8 13
8 14
8 16
8 17
8 18
8 19
8 23
8 25
8 26
8 32
8 35
8 38
8 41
8 43
8 30
9 10
9 11
9 12
9 13
9 14
9 15
9 16
9 17
9 19
9 21
9 24
9 31
9 32
9 33
9 34
9 36
9 44
10 11
10 13
10 14
10 18
10 19
10 24
10 25
10 26
10 28
10 29
10 33
10 35
10 38
10 39
10 40
10 44
10 23
11 12
11 15
11 16
11 20
11 21
11 23
11 24
11 30
11 32
11 34
11 37
11 42
11 43
12 14
12 15
12 17
12 18
12 19
12 20
12 21
12 22
12 23
12 27
12 28
12 32
12 35
12 37
12 38
12 39
12 41
12 42
13 14
13 15
13 38
13 28
14 16
14 17
14 19
14 20
14 23
14 25
14 26
14 28
14 37
14 14
15 16
15 17
15 18
15 19
15 22
15 23
15 24
15 25
15 31
15 32
15 39
15 41
15 42
15 35
15 38
15 26
16 18
16 33
16 29
17 20
17 21
17 25
17 31
17 32
17 33
17 34
17 35
17 36
17 38
17 43
18 19
18 21
18 23
18 24
18 25
18 26
18 28
18 30
18 35
18 39
18 18
19 20
19 22
19 24
19 27
19 28
19 29
19 30
19 31
19 32
19 26
20 22
20 25
20 26
20 38
21 22
21 26
21 29
21 33
21 34
21 44
22 27
22 29
22 30
23 39
23 43
23 34
24 29
24 31
24 36
24 41
25 29
25 41
25 43
25 28
26 31
26 36
26 40
26 42
26 44
27 30
27 34
27 35
27 36
27 42
28 30
28 33
28 38
28 40
29 31
29 39
29 40
31 36
31 41
33 34
33 37
33 44
34 37
34 41
34 44
35 37
35 43
35 44
37 39
37 40
38 42
39 40
41 42
42 44