299009898
11
45
395
0 11
0 12
0 14
0 15
0 18
0 20
0 24
0 25
0 28
0 33
0 34
0 37
0 38
0 35
1 11
1 12
1 13
1 14
1 15
1 16
1 17
1 23
1 24
1 25
1 27
1 29
1 31
1 32
1 35
1 40
1 4
2 11
2 12
2 13
2 14
2 16
2 17
2 18
2 19
2 20
2 23
2 30
2 31
2 34
2 36
2 37
2 43
2 44
2 29
2 15
2 21
3 11
3 12
3 13
3 14
3 16
3 21
3 42
3 35
3 7
3 30
4 11
4 12
4 13
4 14
4 15
4 17
4 18
4 21
4 24
4 33
4 34
4 42
5 11
5 12
5 13
5 14
5 15
5 17
5 18
5 21
5 22
5 25
5 33
5 34
5 35
5 37
5 38
5 39
5 26
6 11
6 12
6 15
6 16
6 17
6 19
6 24
6 26
6 43
7 11
7 12
7 13
7 14
7 15
7 18
7 20
7 21
7 22
7 23
7 24
7 26
7 27
7 29
7 32
7 34
7 35
7 36
7 42
7 43
7 44
8 11
8 13
8 16
8 17
8 18
8 19
8 21
8 28
8 33
8 40
8 44
8 15
9 11
9 12
9 13
9 15
9 18
9 19
9 23
9 37
9 39
9 43
10 11
10 12
10 13
10 14
10 15
10 16
10 17
10 19
10 22
10 23
10 30
10 41
10 43
10 44
10 27
11 12
11 13
11 14
11 15
11 16
11 19
11 20
11 22
11 23
11 24
11 26
11 27
11 31
11 32
11 37
11 39
11 40
11 28
12 13
12 14
12 16
12 17
12 18
12 19
12 20
12 21
12 22
12 23
12 24
12 26
12 27
12 28
12 29
12 32
12 35
12 36
12 38
12 39
12 42
12 43
13 14
13 15
13 16
13 17
13 18
13 20
13 23
13 24
13 25
13 26
13 27
13 29
13 30
13 31
13 32
13 33
13 35
13 37
13 42
13 22
14 15
14 16
14 19
14 20
14 21
14 22
14 23
14 26
14 31
14 33
14 36
14 37
14 38
14 39
14 41
14 32
15 16
15 17
15 19
15 20
15 21
15 22
15 24
15 25
15 26
15 29
15 30
15 31
15 32
15 41
15 42
15 43
16 17
16 18
16 19
16 20
16 21
16 22
16 23
16 25
16 26
16 27
16 28
16 29
16 30
16 31
16 32
16 34
16 36
16 38
16 39
16 40
16 41
16 42
16 43
17 18
17 19
17 20
17 22
17 25
17 27
17 28
17 29
17 30
17 34
18 20
18 21
18 25
18 33
18 38
18 43
18 44
18 39
18 35
19 22
19 23
19 24
19 25
19 26
19 28
19 29
19 30
19 35
19 40
19 42
20 21
20 22
20 24
20 25
20 26
20 27
20 30
20 33
20 34
20 37
20 38
20 42
20 23
21 26
21 27
21 28
21 35
21 38
21 40
22 29
22 31
22 42
23 25
23 28
23 29
23 30
23 32
23 34
23 37
23 38
23 39
23 40
23 42
23 44
24 27
24 28
24 32
25 28
25 30
25 31
25 34
25 36
25 37
25 42
25 44
26 27
26 31
26 32
26 33
26 35
26 39
27 28
27 32
27 36
27 39
27 41
28 29
28 33
28 35
28 36
28 41
28 43
29 30
29 32
29 39
29 40
30 31
30 33
30 36
30 37
30 40
30 41
31 34
31 35
31 38
31 39
31 40
31 44
32 40
33 35
33 36
33 41
34 36
34 41
34 42
35 38
35 44
39 40
39 41
40 41
40 43
42 44
43 44