328185798
10
45
363
0 10
0 11
0 12
0 13
0 19
0 21
0 24
0 26
0 28
0 31
0 32
0 42
0 27
1 10
1 11
1 12
1 14
1 15
1 34
1 42
1 36
2 10
2 11
2 12
2 13
2 16
2 17
2 18
2 19
2 21
2 26
2 29
2 41
3 10
3 11
3 12
3 13
3 14
3 16
3 20
3 22
3 29
3 33
3 6
4 10
4 11
4 12
4 13
4 15
4 17
4 20
4 25
4 30
4 38
4 43
4 44
5 10
5 11
5 12
5 13
5 14
5 17
5 18
5 19
5 21
5 22
5 24
5 27
5 29
5 32
5 38
5 43
5 6
6 10
6 11
6 12
6 13
6 14
6 15
6 16
6 18
6 22
6 26
6 28
6 30
6 32
6 36
6 38
6 39
6 40
6 42
7 10
7 11
7 14
7 15
7 16
7 17
7 19
7 23
7 24
7 25
7 29
7 33
7 36
7 43
8 10
8 27
8 41
8 19
9 10
9 11
9 12
9 13
9 14
9 15
9 16
9 20
9 23
9 24
9 26
9 27
9 30
9 31
9 37
10 11
10 12
10 13
10 14
10 15
10 16
10 17
10 18
10 20
10 21
10 23
10 24
10 25
10 26
10 27
10 28
10 29
10 30
10 32
10 33
10 34
10 35
10 36
10 38
10 40
10 43
10 10
11 12
11 13
11 14
11 15
11 16
11 17
11 18
11 19
11 20
11 21
11 22
11 24
11 25
11 27
11 28
11 29
11 33
11 34
11 35
11 37
11 39
12 13
12 14
12 15
12 16
12 17
12 18
12 19
12 20
12 22
12 23
12 24
12 26
12 27
12 30
12 34
12 37
12 38
13 14
13 15
13 16
13 17
13 18
13 19
13 21
13 22
13 23
13 24
13 25
13 26
13 33
13 34
13 35
13 37
13 38
13 39
13 40
13 41
13 44
13 29
14 15
14 17
14 18
14 19
14 20
14 22
14 23
14 25
14 26
14 27
14 29
14 32
14 33
14 34
14 39
14 40
14 42
14 44
14 43
15 16
15 20
15 21
15 23
15 25
15 26
15 27
15 28
15 32
15 36
15 39
16 17
16 18
16 19
16 20
16 21
16 31
16 33
16 35
16 36
16 39
16 40
16 41
16 42
17 18
17 19
17 20
17 22
17 23
17 25
17 26
17 27
17 29
17 30
17 31
17 35
17 39
17 40
17 41
17 43
17 33
18 22
18 23
18 28
18 31
18 34
19 21
19 30
19 34
19 41
20 21
20 22
20 25
20 28
20 29
20 31
20 32
20 33
20 35
20 36
20 37
20 38
20 39
20 40
20 43
21 24
21 28
21 29
21 30
21 31
21 35
21 36
21 41
21 43
21 44
22 23
22 24
22 25
22 28
22 30
22 31
22 34
22 36
22 39
22 41
23 27
23 32
23 42
24 32
24 33
24 34
24 35
24 37
24 38
24 41
24 43
26 38
26 43
27 28
27 36
27 37
27 40
27 42
27 44
28 30
28 31
28 32
28 33
30 31
30 38
31 34
31 37
31 42
31 44
32 37
32 41
33 35
33 36
33 40
33 42
33 43
34 35
34 37
34 44
36 39
37 40
37 44
38 39
38 44
38 38
40 42
40 44
41 42