997035871
12
45
411
0 12
0 13
0 14
0 15
0 16
0 18
0 19
0 20
0 25
0 29
0 30
0 32
0 34
0 35
0 36
0 39
0 17
1 12
1 13
1 17
1 18
1 20
1 22
1 24
1 25
1 30
1 39
1 32
2 12
2 13
2 14
2 15
2 16
2 17
2 19
2 21
2 22
2 23
2 28
2 32
2 41
2 44
3 12
3 13
3 14
3 18
3 19
3 31
3 25
4 12
4 13
4 14
4 15
4 18
4 21
5 12
5 13
5 14
5 15
5 16
5 17
5 19
5 21
5 23
5 24
5 28
5 31
5 33
5 36
5 38
5 43
6 12
6 15
6 16
6 23
6 26
6 31
6 34
6 41
6 43
6 19
6 20
7 12
7 13
7 14
7 15
7 16
7 17
7 19
7 23
7 25
7 27
7 18
8 12
8 13
8 14
8 15
8 16
8 17
8 18
8 19
8 23
8 24
8 25
8 26
8 27
8 28
8 29
8 30
8 33
8 43
9 12
9 13
9 14
9 15
9 16
9 17
9 18
9 20
9 22
9 23
9 24
9 26
9 28
9 29
9 33
9 35
9 39
9 41
9 42
9 44
10 12
10 13
10 14
10 15
10 26
11 12
11 13
11 14
11 16
11 17
11 18
11 20
11 21
11 22
11 25
11 30
11 32
11 36
11 43
12 13
12 14
12 15
12 16
12 17
12 18
12 19
12 20
12 21
12 22
12 23
12 26
12 28
12 29
12 30
12 31
12 33
12 34
12 35
12 37
12 38
12 40
12 42
13 14
13 15
13 16
13 17
13 18
13 19
13 20
13 21
13 25
13 28
13 29
13 31
13 32
13 37
13 38
13 39
13 40
13 42
13 43
13 44
13 36
14 15
14 16
14 17
14 18
14 19
14 20
14 21
14 22
14 23
14 24
14 26
14 27
14 28
14 32
14 33
14 37
14 38
14 40
14 42
14 43
14 34
15 16
15 17
15 19
15 20
15 22
15 23
15 24
15 26
15 27
15 29
15 31
15 32
15 33
15 34
15 35
15 36
15 38
15 39
15 41
15 43
15 44
16 17
16 18
16 19
16 20
16 21
16 22
16 24
16 25
16 27
16 30
16 31
16 32
16 36
16 37
16 38
16 39
16 42
17 18
17 19
17 20
17 21
17 22
17 24
17 25
17 27
17 29
17 33
17 34
17 36
17 37
17 39
17 40
17 43
18 20
18 21
18 23
18 24
18 26
18 27
18 30
18 33
18 34
18 35
18 36
18 37
18 39
18 42
18 38
19 20
19 21
19 22
19 23
19 24
19 25
19 26
19 27
19 28
19 36
19 37
19 39
20 21
20 22
20 24
20 28
20 29
20 32
20 33
20 34
20 35
20 37
20 40
20 41
20 43
21 22
21 23
21 24
21 25
21 26
21 28
21 36
21 38
21 42
21 43
21 44
21 21
22 26
22 27
22 29
22 33
22 35
22 38
22 41
22 42
22 44
22 30
23 25
23 27
23 31
23 32
23 33
23 35
23 40
24 25
24 26
24 27
24 30
24 32
24 34
24 35
24 37
24 40
24 41
24 44
25 27
25 28
25 29
25 31
25 34
25 38
25 42
25 43
25 44
26 28
26 30
26 31
26 35
27 29
27 30
27 33
27 40
27 41
27 42
28 29
28 30
28 32
28 41
28 44
29 30
29 31
29 36
29 37
29 41
29 42
30 31
30 32
30 34
30 35
30 36
30 38
30 40
30 43
30 44
31 34
32 34
32 36
32 39
32 44
33 37
33 43
34 35
34 38
34 39
34 40
35 37
35 39
35 40
35 42
37 38
37 40
37 41
38 44
38 38
40 41
40 42
40 44