758365726
13
45
427
0 13
0 14
0 15
0 17
0 18
0 20
0 22
0 24
0 27
0 30
0 32
0 35
0 38
0 40
0 31
0 10
0 43
1 13
1 14
1 15
1 16
1 19
1 22
1 31
1 26
2 13
2 14
2 16
2 17
2 18
2 19
2 20
2 21
2 22
2 23
2 24
2 25
2 27
2 28
2 31
2 33
2 35
2 38
2 39
2 40
2 41
2 42
2 43
2 5
3 13
3 15
3 16
3 21
3 26
3 29
3 30
3 44
4 13
4 14
4 15
4 19
4 27
4 37
4 42
5 13
5 14
5 15
5 16
5 17
5 18
5 21
5 25
5 29
5 36
5 38
5 43
5 44
6 13
6 14
6 18
6 23
6 29
6 30
6 41
7 13
7 14
7 15
7 16
7 17
7 18
7 19
7 21
7 24
7 26
7 28
7 29
7 30
7 31
7 33
7 39
7 40
7 41
7 42
7 43
7 44
8 13
8 14
8 15
8 16
8 17
8 19
8 20
8 23
8 24
8 25
8 28
8 29
8 35
8 36
8 39
8 40
9 13
9 14
9 15
9 16
9 17
9 18
9 20
9 21
9 22
9 24
9 26
9 27
9 30
9 37
9 38
10 13
10 14
10 15
10 16
10 17
10 18
10 19
10 20
10 21
10 26
10 28
11 13
11 14
11 15
11 16
11 17
11 19
11 20
11 21
11 22
11 23
11 27
11 28
11 30
11 32
11 41
12 13
12 14
12 15
12 16
12 17
12 18
12 19
12 26
12 27
12 29
12 34
12 35
12 39
13 14
13 15
13 16
13 17
13 18
13 19
13 20
13 21
13 22
13 23
13 24
13 25
13 26
13 28
13 29
13 31
13 33
13 34
13 37
13 39
13 41
14 15
14 16
14 17
14 18
14 20
14 21
14 22
14 23
14 24
14 25
14 27
14 28
14 29
14 31
14 32
14 33
14 34
14 36
14 38
14 39
14 41
14 43
14 44
15 16
15 17
15 18
15 19
15 20
15 21
15 22
15 23
15 24
15 26
15 27
15 30
15 31
15 33
15 34
15 35
15 36
15 38
15 42
15 44
16 17
16 18
16 19
16 20
16 21
16 22
16 23
16 24
16 26
16 27
16 31
16 32
16 33
16 34
16 35
16 36
16 40
16 41
16 42
16 43
16 39
16 30
17 18
17 19
17 20
17 21
17 22
17 23
17 25
17 27
17 31
17 33
17 37
18 19
18 20
18 23
18 25
18 26
18 29
18 30
18 31
18 32
18 35
18 36
18 39
19 20
19 21
19 22
19 23
19 24
19 25
19 27
19 29
19 31
19 32
19 37
19 41
19 42
19 43
20 22
20 24
20 25
20 27
20 28
20 29
20 30
20 32
20 36
20 37
20 38
20 39
20 40
20 41
21 22
21 23
21 24
21 25
21 26
21 27
21 28
21 30
21 34
21 36
21 37
21 39
21 40
22 23
22 24
22 25
22 28
22 29
22 30
22 31
22 32
22 34
22 35
22 36
22 37
22 42
22 43
23 25
23 26
23 28
23 30
23 32
23 33
23 34
23 36
23 38
23 39
23 42
23 44
23 31
24 25
24 26
24 28
24 33
24 34
24 38
24 39
24 42
24 37
25 26
25 33
25 36
25 37
25 39
25 43
26 28
26 29
26 30
26 31
26 33
26 35
26 40
26 41
26 44
27 33
27 35
27 40
27 43
28 32
28 33
28 34
28 35
28 41
29 32
29 34
29 37
29 38
29 40
29 43
29 44
30 31
30 32
30 34
30 41
30 43
31 32
31 34
31 36
31 37
31 38
31 44
32 35
32 44
33 35
33 40
33 41
33 42
33 43
34 36
34 37
34 39
34 40
36 37
36 38
37 38
37 42
38 44
39 40
39 42
40 41
40 44
41 42
42 43
42 44
43 44