154925737
15
45
459
0 15
0 16
0 17
0 18
0 19
0 21
0 25
0 31
0 35
0 36
0 38
0 44
1 15
1 16
1 17
1 18
1 19
1 20
1 22
1 24
1 26
1 29
1 31
1 34
1 40
2 15
2 17
2 18
2 24
2 25
2 28
2 29
2 30
2 33
2 43
2 44
3 15
3 16
3 17
3 18
3 19
3 20
3 22
3 24
3 26
3 27
3 29
3 32
3 34
3 38
3 40
3 43
4 15
4 16
4 17
4 18
4 19
4 21
4 23
4 24
4 25
4 31
4 33
4 34
4 36
4 37
4 40
4 43
5 15
5 16
5 17
5 18
5 20
5 21
5 22
5 23
5 25
5 28
5 29
5 31
5 32
5 33
5 38
5 39
5 41
5 42
6 15
6 16
6 17
6 18
6 20
6 21
6 23
6 24
6 26
6 28
6 30
6 34
6 40
6 42
6 43
6 44
6 22
7 15
7 16
7 17
7 19
7 20
7 21
7 22
7 23
7 24
7 25
7 28
7 29
7 35
7 36
7 43
8 15
8 16
8 17
8 18
8 20
8 22
8 23
8 24
8 26
8 33
8 38
8 41
8 43
9 15
9 16
9 19
9 20
9 26
9 33
9 40
9 42
10 15
10 16
10 17
10 18
10 19
10 21
10 22
10 23
10 24
10 25
10 26
10 29
10 30
10 35
10 39
10 41
10 42
11 15
11 16
11 17
11 19
11 20
11 21
11 22
11 24
11 25
11 27
11 29
11 32
11 33
11 34
11 36
11 37
11 39
11 41
11 42
11 13
12 15
12 16
12 17
12 18
12 19
12 21
12 22
12 25
12 28
12 36
12 38
12 40
12 42
13 15
13 16
13 18
13 19
13 20
13 21
13 23
13 30
13 31
13 35
13 43
14 15
14 16
14 17
14 18
14 19
14 20
14 22
14 23
14 24
14 27
14 28
14 31
14 34
14 35
15 16
15 17
15 18
15 19
15 20
15 21
15 22
15 23
15 25
15 26
15 27
15 28
15 30
15 32
15 33
15 34
15 35
15 36
15 37
15 39
15 40
15 41
15 44
15 15
16 17
16 18
16 19
16 20
16 21
16 22
16 23
16 25
16 26
16 27
16 28
16 29
16 30
16 31
16 32
16 36
16 37
16 38
16 39
16 40
16 41
16 44
17 18
17 19
17 20
17 21
17 22
17 23
17 24
17 25
17 26
17 27
17 28
17 29
17 30
17 33
17 34
17 35
17 36
17 40
17 42
18 19
18 20
18 21
18 22
18 23
18 24
18 25
18 26
18 27
18 28
18 30
18 32
18 33
18 34
18 36
18 37
18 38
18 39
18 41
18 42
18 43
18 44
18 18
19 20
19 21
19 22
19 23
19 24
19 26
19 27
19 28
19 30
19 31
19 32
19 35
19 37
19 38
19 39
19 41
19 42
19 43
20 21
20 22
20 23
20 26
20 27
20 28
20 29
20 31
20 32
20 33
20 34
20 39
21 23
21 24
21 25
21 26
21 27
21 29
21 30
21 31
21 35
21 38
21 39
21 42
21 41
22 25
22 26
22 27
22 32
22 33
22 36
22 37
22 39
22 42
22 43
22 44
23 24
23 25
23 27
23 28
23 29
23 30
23 32
23 34
23 36
23 37
23 41
24 27
24 28
24 29
24 33
24 36
24 38
24 31
25 26
25 27
25 29
25 30
25 31
25 35
25 36
25 37
25 38
25 39
25 40
25 41
25 42
25 44
26 27
26 30
26 31
26 32
26 33
26 34
26 36
26 37
26 43
27 28
27 31
27 32
27 33
27 34
27 37
27 39
27 40
27 41
27 30
28 29
28 30
28 31
28 32
28 38
29 30
29 31
29 33
29 35
29 40
29 42
29 44
30 32
30 34
30 35
30 37
30 39
30 41
31 32
32 34
32 35
32 37
32 38
32 40
32 42
32 43
33 35
33 38
33 41
33 44
34 35
34 36
34 37
34 41
34 44
35 37
35 39
35 40
35 41
35 43
36 42
36 44
36 40
37 38
37 39
37 40
38 44
39 42
39 43
40 44
41 44
42 43