838237613
22
45
506
0 22
0 23
0 24
0 25
0 26
0 27
0 28
0 29
0 30
0 31
0 34
0 35
0 36
0 37
0 38
0 40
0 42
1 22
1 23
1 24
1 25
1 26
1 27
1 28
1 29
1 31
1 32
1 36
1 39
1 40
1 44
2 22
2 23
2 26
2 27
2 28
2 32
2 33
2 34
2 35
2 38
2 40
2 41
2 42
2 43
2 44
3 22
3 23
3 24
3 25
3 26
3 27
3 28
3 30
3 31
3 32
3 33
3 34
3 36
3 38
4 22
4 23
4 24
4 25
4 26
4 27
4 29
4 32
4 33
4 34
4 35
4 36
4 38
4 40
4 41
4 42
5 22
5 23
5 24
5 25
5 26
5 27
5 29
5 30
5 31
5 33
5 35
5 36
5 37
5 41
5 44
6 22
6 23
6 24
6 25
6 28
6 33
6 34
6 43
7 22
7 23
7 24
7 25
7 26
7 27
7 28
7 31
7 32
7 35
7 36
7 37
7 39
7 43
8 22
8 23
8 24
8 25
8 26
8 27
8 29
8 30
8 31
8 32
8 34
8 36
8 38
8 41
8 44
9 22
9 23
9 24
9 25
9 26
9 27
9 28
9 29
9 30
9 34
9 35
9 41
9 42
9 44
10 22
10 23
10 24
10 25
10 26
10 28
10 29
10 30
10 32
10 33
10 34
10 37
10 39
10 42
10 44
11 22
11 23
11 24
11 25
11 26
11 28
11 32
11 34
11 37
11 39
11 43
12 22
12 23
12 25
12 26
12 27
12 28
12 29
12 30
12 32
12 34
13 22
13 24
13 25
13 26
13 27
13 28
13 29
13 30
13 31
13 32
13 33
13 38
13 42
14 22
14 23
14 24
14 25
14 26
14 27
14 28
14 29
14 30
14 31
14 33
14 35
14 38
14 40
14 43
15 22
15 23
15 24
15 26
15 30
15 31
15 32
15 33
15 34
15 39
15 40
15 42
16 22
16 23
16 24
16 25
16 26
16 29
16 31
16 35
16 37
16 38
16 39
16 40
16 43
16 44
17 22
17 23
17 24
17 25
17 27
17 28
17 29
17 30
17 31
17 32
17 33
17 35
17 36
17 37
17 38
17 43
18 22
18 23
18 24
18 27
18 29
18 30
18 33
18 35
18 37
18 41
19 22
19 23
19 24
19 25
19 26
19 27
19 28
19 29
19 30
19 31
19 35
19 36
19 37
19 39
19 40
19 41
20 22
20 23
20 24
20 25
20 27
20 28
20 30
20 32
20 33
20 41
21 22
21 23
21 24
21 25
21 26
21 27
21 28
21 29
21 31
21 32
21 33
21 35
21 36
21 37
21 39
21 40
21 43
22 23
22 24
22 25
22 26
22 27
22 28
22 29
22 30
22 31
22 32
22 33
22 34
22 35
22 36
22 38
22 39
22 42
22 43
22 44
23 24
23 25
23 26
23 27
23 28
23 29
23 30
23 31
23 32
23 33
23 34
23 35
23 36
23 37
23 38
23 39
23 40
23 41
23 42
23 43
23 44
24 25
24 26
24 27
24 28
24 29
24 30
24 31
24 34
24 35
24 36
24 37
24 38
24 39
24 40
24 41
24 42
24 44
25 26
25 27
25 28
25 29
25 30
25 31
25 32
25 33
25 34
25 35
25 36
25 37
25 38
25 39
25 40
25 41
25 42
25 43
25 44
26 27
26 28
26 29
26 30
26 31
26 32
26 34
26 35
26 36
26 37
26 38
26 39
26 40
26 41
26 42
26 43
26 44
27 28
27 29
27 30
27 31
27 32
27 33
27 34
27 35
27 36
27 37
27 38
27 39
27 40
27 41
28 29
28 30
28 31
28 33
28 34
28 36
28 37
28 38
28 39
28 42
28 43
29 30
29 31
29 32
29 33
29 34
29 35
29 37
29 38
29 39
29 40
29 41
29 42
29 43
29 44
30 31
30 32
30 33
30 35
30 36
30 37
30 39
30 40
30 41
30 43
31 32
31 33
31 34
31 36
31 37
31 38
31 39
31 40
31 41
31 42
31 44
32 33
32 34
32 35
32 36
32 37
32 38
32 40
32 41
32 42
32 43
33 34
33 39
33 41
33 42
33 44
34 35
34 36
34 37
34 38
34 39
34 40
34 42
34 43
35 36
35 38
35 41
35 42
35 43
35 44
36 37
36 38
36 39
36 40
36 41
36 42
36 43
36 44
37 39
37 40
37 43
37 44
38 42
38 44
39 40
39 41
39 42
39 44
40 41
40 43
41 44
42 43
42 44