558385138
1
500
499
0 1
0 2
0 21
0 60
0 67
0 153
0 195
0 229
0 286
0 342
0 351
0 355
1 3
1 14
1 15
1 47
1 64
1 209
1 375
2 4
2 6
2 8
2 17
2 26
2 27
2 33
2 66
2 87
2 95
2 134
2 207
2 226
2 239
2 243
2 282
2 337
2 357
2 437
3 299
4 5
4 48
4 72
4 89
4 160
4 166
4 197
4 244
4 259
4 400
4 450
4 469
4 481
5 7
5 11
5 31
5 32
5 46
5 55
5 63
5 115
5 311
5 410
6 44
6 74
6 78
6 129
6 201
6 367
7 9
7 10
7 20
7 22
7 25
7 37
7 52
7 59
7 69
7 98
7 101
7 110
7 112
7 147
7 162
7 174
7 208
7 237
7 258
7 310
7 334
7 365
7 413
7 416
7 429
7 456
7 459
7 479
7 480
9 12
9 29
9 77
9 96
9 106
9 125
9 143
9 161
9 163
9 179
9 233
9 248
9 261
9 291
9 318
9 361
11 16
11 62
11 296
11 321
12 13
12 18
12 19
12 23
12 24
12 40
12 41
12 65
12 68
12 79
12 86
12 91
12 180
12 190
12 279
12 336
12 348
12 440
12 461
12 467
13 217
14 99
17 30
17 198
17 312
17 345
18 28
19 169
19 309
20 53
20 285
20 295
20 376
20 449
21 34
21 122
21 133
21 240
21 304
21 369
22 80
22 100
22 102
22 108
22 117
22 127
22 128
22 154
22 158
22 170
22 182
22 192
22 210
22 319
22 439
22 478
23 38
23 93
23 97
23 184
23 191
23 206
23 228
23 263
23 264
23 302
23 317
23 344
23 358
23 455
24 238
24 384
24 462
25 45
25 75
25 188
25 381
25 411
26 49
26 135
26 401
27 71
27 149
27 396
28 120
28 145
28 164
28 194
28 200
28 231
28 438
30 340
30 477
31 35
31 39
31 50
31 51
31 54
31 57
31 73
31 84
31 85
31 141
31 144
31 146
31 221
31 236
31 270
31 322
31 323
31 347
32 142
32 274
32 277
33 42
34 36
34 499
35 114
36 104
37 56
37 155
37 360
37 452
38 61
38 76
38 262
38 272
40 159
41 43
41 58
41 83
41 130
41 132
41 230
41 249
41 385
42 227
43 350
45 81
45 151
45 157
45 199
45 466
46 406
48 105
48 362
50 211
51 136
51 368
51 498
54 131
55 404
55 443
56 326
57 111
57 377
58 121
58 214
58 352
58 372
61 92
61 424
63 313
64 88
67 70
67 172
73 457
74 82
74 148
74 150
74 178
74 183
74 280
74 281
74 320
74 470
75 426
76 90
76 113
76 241
76 430
76 490
77 168
78 107
78 124
78 152
78 246
78 332
78 409
78 414
78 447
79 118
79 359
79 486
80 186
80 303
81 268
81 288
81 308
81 341
82 185
82 271
82 398
83 196
84 300
85 427
89 298
91 283
91 419
93 94
93 109
93 123
93 165
93 176
93 386
93 463
94 103
94 171
94 254
94 267
94 330
96 202
97 497
102 256
103 175
103 177
103 247
104 290
106 220
108 388
109 325
111 116
111 138
111 297
112 203
114 189
116 476
117 119
117 204
117 292
117 489
118 167
119 140
120 193
121 126
121 137
121 380
121 394
125 255
125 391
125 393
127 156
129 294
130 339
130 383
131 253
132 293
132 451
133 212
133 349
134 445
135 181
135 216
135 374
137 139
137 187
137 273
137 331
137 436
139 333
139 493
140 205
140 257
140 265
141 441
142 475
144 495
146 329
150 328
150 371
150 392
150 418
152 305
153 382
153 448
154 284
157 245
158 458
160 373
165 389
169 215
169 235
172 173
172 387
174 266
174 343
176 225
176 252
176 275
177 316
178 242
178 446
187 289
189 327
189 434
190 399
190 425
190 473
192 222
199 454
200 278
202 223
202 435
203 390
203 433
205 213
205 287
211 218
211 219
211 232
212 224
212 234
212 251
219 379
220 306
220 403
222 335
227 307
229 356
229 366
230 250
234 464
240 260
240 397
248 269
249 442
255 315
261 460
262 405
265 276
265 364
274 301
274 338
275 420
280 314
280 421
282 408
291 370
294 412
303 363
318 324
318 378
318 402
327 431
328 353
328 491
338 346
342 354
343 422
343 487
344 395
349 407
350 453
351 482
351 484
354 471
361 423
370 468
371 415
372 444
372 483
374 428
374 472
391 432
407 494
409 417
410 465
410 496
417 474
438 485
464 492
473 488