132870243
18
500
9051
0 18
0 19
0 20
0 21
0 22
0 23
0 24
0 26
0 27
0 29
0 32
0 33
0 35
0 36
0 37
0 39
0 49
0 54
0 55
0 56
0 59
0 65
0 66
0 69
0 77
0 78
0 79
0 84
0 86
0 90
0 92
0 97
0 100
0 110
0 123
0 126
0 129
0 175
0 183
0 201
0 202
0 210
0 218
0 224
0 225
0 229
0 266
0 281
0 284
0 285
0 290
0 293
0 296
0 309
0 311
0 314
0 329
0 334
0 335
0 349
0 362
0 375
0 386
0 388
0 406
0 424
0 426
0 443
0 458
0 461
0 470
0 473
0 481
0 495
0 261
1 18
1 19
1 20
1 21
1 23
1 24
1 25
1 26
1 27
1 28
1 29
1 30
1 31
1 33
1 34
1 35
1 38
1 40
1 42
1 43
1 45
1 48
1 50
1 54
1 67
1 69
1 70
1 74
1 76
1 78
1 79
1 80
1 82
1 86
1 89
1 94
1 98
1 99
1 113
1 117
1 122
1 131
1 133
1 135
1 136
1 137
1 138
1 139
1 153
1 155
1 159
1 162
1 163
1 171
1 173
1 177
1 179
1 189
1 192
1 198
1 202
1 206
1 220
1 235
1 239
1 242
1 264
1 278
1 303
1 304
1 316
1 318
1 334
1 335
1 354
1 361
1 381
1 390
1 393
1 404
1 405
1 418
1 453
1 478
1 480
1 485
1 495
1 469
2 18
2 19
2 20
2 21
2 22
2 24
2 25
2 26
2 27
2 29
2 30
2 34
2 36
2 43
2 47
2 49
2 50
2 52
2 53
2 60
2 63
2 68
2 72
2 82
2 84
2 89
2 93
2 107
2 123
2 130
2 132
2 133
2 168
2 174
2 182
2 190
2 205
2 207
2 209
2 232
2 241
2 245
2 253
2 262
2 277
2 280
2 299
2 308
2 322
2 344
2 350
2 356
2 383
2 386
2 401
2 426
2 436
2 441
2 461
2 464
2 467
2 471
2 478
2 37
2 88
2 200
2 479
3 18
3 19
3 20
3 22
3 23
3 24
3 25
3 26
3 28
3 29
3 31
3 32
3 35
3 36
3 38
3 40
3 43
3 44
3 48
3 57
3 61
3 71
3 73
3 83
3 88
3 90
3 93
3 103
3 121
3 127
3 146
3 164
3 176
3 203
3 209
3 226
3 240
3 284
3 295
3 322
3 326
3 375
3 387
3 393
3 400
3 419
3 427
3 435
3 437
3 468
3 473
3 488
3 313
4 18
4 19
4 20
4 21
4 22
4 23
4 24
4 33
4 37
4 40
4 41
4 42
4 57
4 60
4 61
4 65
4 66
4 67
4 69
4 72
4 76
4 82
4 100
4 101
4 103
4 112
4 114
4 120
4 123
4 124
4 143
4 163
4 168
4 184
4 188
4 194
4 201
4 214
4 234
4 236
4 238
4 241
4 250
4 265
4 269
4 274
4 275
4 291
4 297
4 301
4 309
4 316
4 387
4 390
4 419
4 443
4 469
4 476
4 482
4 345
4 182
5 18
5 19
5 20
5 21
5 23
5 25
5 26
5 30
5 31
5 32
5 33
5 35
5 38
5 42
5 44
5 45
5 46
5 52
5 56
5 57
5 59
5 60
5 64
5 68
5 71
5 72
5 73
5 77
5 79
5 81
5 92
5 96
5 97
5 100
5 105
5 106
5 109
5 116
5 142
5 146
5 155
5 162
5 166
5 168
5 169
5 175
5 182
5 211
5 220
5 225
5 229
5 231
5 251
5 252
5 257
5 260
5 261
5 270
5 273
5 301
5 322
5 344
5 348
5 351
5 368
5 371
5 384
5 390
5 411
5 420
5 421
5 430
5 436
5 444
5 446
5 458
5 460
5 466
5 469
5 481
5 485
5 496
5 299
6 18
6 19
6 21
6 22
6 23
6 24
6 25
6 27
6 28
6 30
6 34
6 35
6 36
6 40
6 41
6 45
6 49
6 59
6 63
6 64
6 67
6 73
6 77
6 86
6 92
6 97
6 107
6 109
6 110
6 111
6 122
6 128
6 142
6 149
6 151
6 160
6 164
6 165
6 174
6 177
6 185
6 190
6 209
6 210
6 211
6 224
6 247
6 250
6 256
6 262
6 263
6 269
6 281
6 316
6 331
6 334
6 345
6 346
6 355
6 367
6 394
6 396
6 436
6 499
7 18
7 19
7 20
7 21
7 22
7 23
7 24
7 25
7 27
7 28
7 29
7 30
7 31
7 34
7 35
7 37
7 46
7 48
7 49
7 50
7 51
7 53
7 58
7 59
7 62
7 63
7 64
7 71
7 73
7 77
7 85
7 87
7 88
7 90
7 93
7 95
7 99
7 100
7 103
7 110
7 113
7 115
7 117
7 118
7 127
7 131
7 132
7 140
7 153
7 164
7 166
7 167
7 168
7 183
7 187
7 188
7 191
7 196
7 200
7 206
7 207
7 208
7 215
7 226
7 227
7 237
7 238
7 248
7 251
7 252
7 258
7 274
7 276
7 278
7 292
7 314
7 315
7 335
7 353
7 358
7 371
7 381
7 391
7 403
7 410
7 416
7 428
7 433
7 438
7 441
7 479
7 480
7 148
8 18
8 19
8 21
8 22
8 23
8 24
8 25
8 26
8 31
8 32
8 34
8 35
8 36
8 37
8 41
8 42
8 46
8 49
8 53
8 65
8 68
8 69
8 72
8 74
8 82
8 92
8 95
8 100
8 101
8 111
8 113
8 115
8 116
8 143
8 144
8 145
8 147
8 148
8 150
8 156
8 158
8 164
8 170
8 171
8 189
8 191
8 192
8 214
8 219
8 226
8 244
8 253
8 256
8 276
8 277
8 288
8 291
8 297
8 298
8 345
8 382
8 395
8 416
8 419
8 426
8 453
8 458
8 466
8 468
8 481
8 497
8 499
8 139
8 152
8 248
9 18
9 19
9 20
9 26
9 27
9 49
9 51
9 56
9 68
9 69
9 98
9 104
9 152
9 161
9 162
9 228
9 234
9 241
9 283
9 290
9 291
9 298
9 300
9 302
9 325
9 433
9 460
9 470
9 15
9 280
9 455
10 18
10 19
10 20
10 21
10 22
10 23
10 27
10 30
10 31
10 32
10 37
10 40
10 66
10 68
10 69
10 74
10 84
10 92
10 109
10 124
10 134
10 156
10 174
10 197
10 215
10 217
10 231
10 258
10 287
10 293
10 341
10 348
10 394
10 402
10 408
10 410
10 439
10 481
10 79
10 214
10 443
11 18
11 19
11 20
11 21
11 22
11 23
11 27
11 28
11 30
11 33
11 43
11 44
11 47
11 48
11 49
11 50
11 52
11 53
11 54
11 57
11 58
11 66
11 78
11 84
11 106
11 107
11 108
11 112
11 121
11 130
11 136
11 142
11 143
11 173
11 187
11 196
11 215
11 236
11 246
11 254
11 259
11 272
11 278
11 286
11 287
11 299
11 304
11 328
11 424
11 481
11 492
11 186
11 292
11 358
11 373
12 18
12 19
12 20
12 29
12 33
12 47
12 61
12 65
12 112
12 113
12 118
12 137
12 149
12 233
12 269
12 271
12 306
12 318
12 116
12 74
13 18
13 20
13 21
13 22
13 24
13 25
13 26
13 27
13 28
13 30
13 33
13 39
13 40
13 45
13 53
13 54
13 66
13 68
13 72
13 74
13 79
13 85
13 87
13 89
13 101
13 108
13 115
13 119
13 125
13 130
13 132
13 139
13 149
13 150
13 157
13 176
13 185
13 192
13 194
13 197
13 208
13 211
13 216
13 218
13 223
13 232
13 245
13 248
13 260
13 261
13 264
13 274
13 280
13 284
13 299
13 305
13 341
13 347
13 361
13 366
13 367
13 370
13 378
13 407
13 424
13 445
13 465
13 470
13 474
13 476
13 491
13 457
13 206
14 18
14 19
14 20
14 21
14 22
14 23
14 24
14 27
14 28
14 29
14 30
14 32
14 33
14 34
14 35
14 37
14 39
14 43
14 46
14 53
14 54
14 68
14 71
14 75
14 97
14 108
14 128
14 130
14 131
14 160
14 167
14 181
14 207
14 223
14 241
14 246
14 247
14 249
14 272
14 275
14 288
14 311
14 321
14 337
14 346
14 347
14 354
14 369
14 380
14 392
14 423
14 452
14 473
14 474
14 475
14 477
14 482
14 16
14 312
15 18
15 19
15 20
15 21
15 22
15 23
15 24
15 25
15 26
15 30
15 34
15 36
15 38
15 40
15 42
15 43
15 47
15 52
15 59
15 60
15 66
15 68
15 73
15 74
15 75
15 89
15 92
15 98
15 99
15 100
15 108
15 111
15 113
15 123
15 129
15 138
15 146
15 148
15 152
15 158
15 166
15 167
15 178
15 181
15 182
15 189
15 201
15 220
15 227
15 242
15 244
15 272
15 275
15 279
15 283
15 294
15 297
15 298
15 325
15 338
15 343
15 352
15 366
15 396
15 417
15 451
15 459
15 481
15 490
15 229
16 18
16 19
16 20
16 21
16 22
16 23
16 24
16 25
16 26
16 28
16 29
16 31
16 32
16 33
16 37
16 38
16 41
16 42
16 43
16 46
16 48
16 49
16 50
16 51
16 52
16 54
16 55
16 60
16 61
16 62
16 66
16 80
16 81
16 83
16 92
16 95
16 97
16 99
16 102
16 104
16 111
16 117
16 122
16 124
16 126
16 127
16 128
16 132
16 140
16 144
16 151
16 158
16 159
16 160
16 165
16 172
16 174
16 175
16 196
16 200
16 201
16 204
16 216
16 217
16 223
16 225
16 228
16 230
16 239
16 242
16 245
16 256
16 257
16 261
16 277
16 283
16 285
16 289
16 292
16 304
16 307
16 325
16 359
16 363
16 370
16 372
16 388
16 399
16 402
16 408
16 412
16 413
16 414
16 421
16 423
16 437
16 439
16 444
16 471
16 482
16 483
16 152
16 45
16 134
17 18
17 19
17 20
17 21
17 22
17 24
17 25
17 26
17 29
17 31
17 34
17 38
17 39
17 42
17 43
17 44
17 45
17 46
17 50
17 57
17 59
17 60
17 62
17 64
17 68
17 76
17 80
17 81
17 96
17 100
17 101
17 102
17 106
17 110
17 120
17 142
17 148
17 151
17 152
17 154
17 157
17 160
17 235
17 237
17 249
17 274
17 321
17 334
17 336
17 343
17 378
17 391
17 420
17 425
17 446
17 448
17 449
17 452
17 464
17 467
17 470
17 478
17 484
17 496
17 323
17 143
17 495
18 19
18 20
18 21
18 22
18 23
18 24
18 25
18 26
18 27
18 28
18 29
18 30
18 31
18 32
18 33
18 34
18 35
18 36
18 37
18 38
18 40
18 41
18 42
18 44
18 46
18 47
18 48
18 49
18 50
18 52
18 53
18 54
18 55
18 56
18 57
18 60
18 63
18 65
18 66
18 67
18 69
18 70
18 71
18 72
18 73
18 74
18 76
18 77
18 78
18 80
18 85
18 87
18 88
18 91
18 94
18 95
18 96
18 97
18 105
18 107
18 109
18 115
18 116
18 117
18 120
18 125
18 126
18 127
18 131
18 132
18 135
18 136
18 141
18 145
18 152
18 153
18 154
18 156
18 159
18 161
18 162
18 168
18 172
18 180
18 186
18 187
18 190
18 191
18 194
18 200
18 203
18 204
18 205
18 207
18 210
18 212
18 217
18 225
18 226
18 234
18 247
18 248
18 250
18 251
18 254
18 256
18 258
18 259
18 269
18 271
18 272
18 273
18 279
18 280
18 285
18 290
18 293
18 294
18 299
18 301
18 302
18 303
18 308
18 310
18 318
18 324
18 328
18 330
18 337
18 339
18 342
18 356
18 364
18 377
18 390
18 397
18 404
18 405
18 406
18 431
18 442
18 448
18 452
18 454
18 462
18 477
18 484
18 491
18 492
18 455
18 268
18 393
19 20
19 21
19 22
19 23
19 24
19 25
19 26
19 27
19 28
19 29
19 30
19 31
19 32
19 33
19 34
19 38
19 43
19 45
19 46
19 50
19 51
19 53
19 54
19 55
19 56
19 58
19 61
19 62
19 73
19 74
19 75
19 77
19 82
19 85
19 89
19 93
19 95
19 99
19 102
19 103
19 104
19 107
19 108
19 109
19 113
19 115
19 123
19 124
19 130
19 136
19 138
19 141
19 142
19 144
19 146
19 154
19 168
19 187
19 193
19 197
19 200
19 207
19 217
19 220
19 227
19 232
19 236
19 240
19 246
19 255
19 257
19 258
19 263
19 266
19 269
19 278
19 280
19 287
19 288
19 296
19 299
19 306
19 307
19 308
19 311
19 312
19 314
19 316
19 324
19 333
19 337
19 346
19 360
19 365
19 370
19 371
19 381
19 398
19 399
19 414
19 418
19 422
19 424
19 425
19 430
19 433
19 441
19 444
19 445
19 451
19 460
19 461
19 468
19 476
19 477
19 480
19 482
19 498
19 212
19 230
19 335
20 21
20 22
20 23
20 24
20 25
20 26
20 28
20 29
20 30
20 32
20 33
20 34
20 35
20 36
20 37
20 40
20 41
20 42
20 43
20 44
20 45
20 47
20 48
20 50
20 53
20 56
20 57
20 58
20 60
20 61
20 62
20 64
20 65
20 67
20 70
20 71
20 75
20 76
20 78
20 81
20 87
20 88
20 92
20 96
20 98
20 101
20 102
20 106
20 108
20 110
20 117
20 118
20 123
20 127
20 137
20 143
20 144
20 149
20 151
20 156
20 159
20 170
20 192
20 193
20 199
20 210
20 212
20 215
20 221
20 222
20 223
20 227
20 228
20 231
20 235
20 240
20 247
20 256
20 261
20 262
20 263
20 265
20 272
20 273
20 277
20 279
20 282
20 283
20 292
20 307
20 314
20 316
20 318
20 321
20 324
20 326
20 329
20 330
20 333
20 337
20 338
20 340
20 353
20 362
20 392
20 397
20 403
20 404
20 408
20 418
20 425
20 426
20 427
20 431
20 432
20 437
20 448
20 463
20 477
20 483
20 498
20 499
20 400
20 94
20 136
20 291
20 342
20 343
20 462
20 481
21 22
21 23
21 25
21 27
21 28
21 34
21 35
21 36
21 37
21 39
21 41
21 43
21 44
21 45
21 46
21 47
21 48
21 50
21 51
21 56
21 57
21 58
21 60
21 63
21 66
21 67
21 69
21 75
21 76
21 77
21 78
21 79
21 83
21 88
21 89
21 92
21 94
21 102
21 103
21 108
21 109
21 110
21 113
21 114
21 116
21 119
21 121
21 122
21 123
21 133
21 135
21 146
21 151
21 152
21 153
21 156
21 160
21 161
21 168
21 183
21 185
21 186
21 191
21 195
21 201
21 204
21 211
21 216
21 217
21 218
21 219
21 224
21 227
21 235
21 239
21 242
21 249
21 266
21 277
21 292
21 293
21 300
21 301
21 303
21 319
21 322
21 328
21 340
21 348
21 352
21 353
21 354
21 363
21 366
21 375
21 386
21 390
21 396
21 398
21 402
21 409
21 415
21 416
21 417
21 430
21 431
21 435
21 436
21 441
21 459
21 466
21 482
21 486
21 488
21 490
21 179
21 120
21 124
22 23
22 24
22 25
22 26
22 27
22 28
22 29
22 30
22 34
22 35
22 36
22 38
22 39
22 41
22 47
22 49
22 50
22 52
22 53
22 56
22 59
22 60
22 62
22 63
22 65
22 66
22 67
22 70
22 71
22 74
22 83
22 85
22 87
22 90
22 92
22 93
22 97
22 100
22 101
22 103
22 104
22 107
22 111
22 112
22 118
22 122
22 126
22 127
22 129
22 132
22 140
22 143
22 147
22 154
22 155
22 160
22 163
22 171
22 175
22 176
22 179
22 181
22 190
22 197
22 198
22 199
22 200
22 208
22 213
22 228
22 232
22 239
22 249
22 251
22 261
22 262
22 267
22 272
22 277
22 282
22 285
22 288
22 289
22 294
22 300
22 304
22 310
22 314
22 315
22 330
22 350
22 354
22 372
22 387
22 389
22 390
22 393
22 394
22 395
22 396
22 397
22 399
22 405
22 411
22 423
22 426
22 429
22 433
22 437
22 438
22 443
22 446
22 458
22 461
22 464
22 469
22 471
22 473
22 480
22 483
22 488
22 491
22 495
22 286
22 69
22 72
23 24
23 25
23 26
23 27
23 28
23 29
23 30
23 31
23 32
23 34
23 37
23 38
23 40
23 41
23 42
23 44
23 45
23 48
23 52
23 53
23 54
23 55
23 56
23 63
23 67
23 72
23 86
23 88
23 91
23 93
23 98
23 99
23 106
23 109
23 116
23 118
23 119
23 120
23 121
23 122
23 126
23 128
23 130
23 139
23 143
23 155
23 156
23 160
23 164
23 166
23 175
23 178
23 180
23 187
23 188
23 195
23 210
23 212
23 221
23 222
23 232
23 234
23 235
23 243
23 244
23 248
23 254
23 262
23 277
23 282
23 291
23 295
23 302
23 305
23 310
23 311
23 324
23 345
23 349
23 355
23 375
23 383
23 386
23 395
23 411
23 447
23 453
23 463
23 467
23 481
23 488
23 489
23 495
23 498
23 146
23 249
23 266
23 309
24 25
24 26
24 27
24 28
24 29
24 30
24 31
24 32
24 34
24 35
24 36
24 39
24 41
24 43
24 44
24 48
24 50
24 56
24 58
24 59
24 61
24 63
24 66
24 67
24 72
24 75
24 76
24 78
24 84
24 86
24 88
24 90
24 91
24 94
24 96
24 97
24 103
24 104
24 105
24 109
24 112
24 114
24 119
24 121
24 124
24 133
24 134
24 135
24 136
24 139
24 142
24 147
24 168
24 177
24 184
24 189
24 201
24 204
24 206
24 212
24 214
24 215
24 220
24 226
24 227
24 229
24 230
24 237
24 239
24 244
24 253
24 257
24 261
24 266
24 267
24 271
24 285
24 287
24 288
24 291
24 294
24 296
24 297
24 303
24 305
24 311
24 326
24 329
24 331
24 343
24 348
24 352
24 356
24 369
24 383
24 385
24 395
24 397
24 398
24 457
24 461
24 477
24 484
24 495
24 497
24 270
24 252
24 304
25 26
25 27
25 28
25 29
25 31
25 32
25 33
25 36
25 37
25 39
25 40
25 41
25 42
25 43
25 44
25 46
25 47
25 48
25 49
25 50
25 51
25 53
25 55
25 57
25 61
25 62
25 63
25 69
25 71
25 72
25 75
25 80
25 90
25 91
25 92
25 94
25 98
25 100
25 101
25 103
25 104
25 109
25 118
25 121
25 132
25 136
25 141
25 145
25 146
25 158
25 160
25 161
25 166
25 170
25 171
25 182
25 184
25 191
25 198
25 203
25 204
25 205
25 227
25 238
25 248
25 259
25 261
25 263
25 268
25 278
25 284
25 285
25 290
25 293
25 298
25 321
25 326
25 327
25 334
25 336
25 350
25 354
25 359
25 361
25 369
25 372
25 377
25 380
25 383
25 384
25 385
25 402
25 412
25 417
25 421
25 431
25 433
25 437
25 441
25 444
25 454
25 456
25 465
25 470
25 483
25 93
26 27
26 28
26 29
26 30
26 31
26 32
26 33
26 35
26 36
26 37
26 38
26 40
26 41
26 43
26 44
26 51
26 55
26 56
26 57
26 58
26 59
26 61
26 62
26 63
26 64
26 69
26 74
26 75
26 78
26 81
26 82
26 83
26 84
26 85
26 87
26 90
26 91
26 95
26 96
26 99
26 101
26 130
26 131
26 136
26 139
26 142
26 143
26 147
26 150
26 153
26 163
26 165
26 166
26 167
26 170
26 172
26 176
26 179
26 186
26 187
26 198
26 200
26 201
26 202
26 205
26 206
26 208
26 210
26 213
26 217
26 222
26 225
26 230
26 236
26 237
26 254
26 255
26 256
26 257
26 260
26 267
26 269
26 281
26 289
26 294
26 302
26 305
26 306
26 309
26 312
26 316
26 317
26 319
26 322
26 324
26 330
26 332
26 333
26 341
26 345
26 349
26 351
26 356
26 360
26 364
26 376
26 378
26 379
26 381
26 382
26 386
26 394
26 409
26 412
26 418
26 421
26 432
26 439
26 450
26 452
26 454
26 456
26 462
26 480
26 483
26 492
26 435
26 148
26 227
26 264
26 278
27 28
27 29
27 30
27 31
27 32
27 33
27 35
27 38
27 39
27 41
27 42
27 45
27 46
27 52
27 55
27 58
27 59
27 60
27 61
27 62
27 65
27 66
27 71
27 77
27 78
27 81
27 82
27 83
27 86
27 89
27 98
27 100
27 102
27 104
27 105
27 106
27 116
27 117
27 118
27 119
27 120
27 123
27 125
27 135
27 137
27 138
27 141
27 145
27 149
27 150
27 152
27 153
27 154
27 159
27 164
27 170
27 172
27 173
27 176
27 180
27 184
27 185
27 189
27 191
27 193
27 198
27 199
27 206
27 219
27 221
27 234
27 240
27 244
27 246
27 254
27 259
27 260
27 264
27 265
27 268
27 271
27 272
27 274
27 276
27 280
27 283
27 291
27 293
27 297
27 317
27 318
27 323
27 324
27 341
27 345
27 347
27 356
27 360
27 362
27 371
27 372
27 376
27 388
27 389
27 394
27 413
27 415
27 420
27 440
27 442
27 466
27 468
27 479
27 492
27 126
27 232
28 31
28 32
28 34
28 35
28 36
28 37
28 40
28 41
28 42
28 45
28 48
28 50
28 51
28 53
28 54
28 55
28 58
28 67
28 68
28 69
28 75
28 76
28 80
28 84
28 87
28 90
28 93
28 95
28 101
28 102
28 113
28 114
28 115
28 116
28 125
28 141
28 144
28 150
28 151
28 156
28 167
28 169
28 179
28 186
28 201
28 204
28 209
28 212
28 214
28 216
28 223
28 224
28 240
28 243
28 260
28 268
28 284
28 300
28 303
28 304
28 320
28 326
28 329
28 333
28 335
28 338
28 347
28 348
28 349
28 354
28 364
28 366
28 369
28 370
28 372
28 374
28 376
28 377
28 386
28 392
28 401
28 423
28 438
28 454
28 456
28 460
28 465
28 476
28 483
28 494
28 111
28 352
29 31
29 32
29 34
29 38
29 39
29 40
29 41
29 42
29 48
29 51
29 52
29 55
29 57
29 58
29 60
29 61
29 64
29 66
29 68
29 69
29 70
29 71
29 73
29 74
29 77
29 79
29 80
29 81
29 83
29 84
29 87
29 88
29 100
29 103
29 104
29 105
29 106
29 107
29 111
29 115
29 116
29 121
29 125
29 129
29 143
29 145
29 149
29 153
29 157
29 158
29 161
29 163
29 164
29 177
29 190
29 191
29 192
29 196
29 208
29 209
29 221
29 231
29 237
29 250
29 253
29 256
29 262
29 265
29 279
29 281
29 284
29 287
29 299
29 305
29 309
29 313
29 318
29 326
29 332
29 337
29 353
29 356
29 358
29 363
29 378
29 383
29 393
29 410
29 412
29 415
29 428
29 429
29 438
29 443
29 444
29 446
29 452
29 458
29 469
29 486
29 489
30 31
30 32
30 33
30 35
30 36
30 39
30 44
30 46
30 48
30 49
30 55
30 63
30 66
30 67
30 70
30 72
30 78
30 80
30 83
30 96
30 100
30 105
30 108
30 114
30 118
30 119
30 123
30 127
30 135
30 144
30 145
30 148
30 150
30 152
30 155
30 157
30 171
30 178
30 180
30 181
30 185
30 186
30 187
30 189
30 195
30 203
30 210
30 218
30 221
30 226
30 237
30 241
30 252
30 253
30 261
30 264
30 269
30 278
30 290
30 296
30 308
30 310
30 313
30 328
30 330
30 331
30 343
30 357
30 367
30 374
30 378
30 383
30 391
30 392
30 399
30 418
30 423
30 438
30 469
30 477
30 485
30 488
30 489
30 490
30 491
30 493
30 92
30 176
30 319
31 33
31 38
31 39
31 43
31 46
31 52
31 58
31 62
31 67
31 75
31 77
31 78
31 80
31 83
31 88
31 104
31 113
31 116
31 119
31 121
31 131
31 141
31 160
31 164
31 168
31 174
31 175
31 182
31 185
31 187
31 188
31 196
31 213
31 220
31 227
31 239
31 260
31 269
31 284
31 287
31 294
31 304
31 305
31 307
31 312
31 318
31 325
31 327
31 335
31 337
31 350
31 356
31 360
31 400
31 407
31 422
31 425
31 432
31 434
31 447
31 494
31 495
31 173
31 151
32 33
32 36
32 37
32 38
32 39
32 42
32 45
32 47
32 48
32 53
32 73
32 78
32 85
32 95
32 102
32 106
32 126
32 138
32 154
32 163
32 167
32 172
32 176
32 186
32 191
32 193
32 201
32 205
32 209
32 219
32 222
32 223
32 247
32 260
32 281
32 283
32 285
32 286
32 295
32 304
32 342
32 355
32 362
32 366
32 373
32 382
32 433
32 442
32 443
32 447
32 44
33 34
33 35
33 36
33 37
33 38
33 39
33 40
33 45
33 46
33 47
33 49
33 51
33 52
33 54
33 56
33 58
33 59
33 64
33 65
33 71
33 74
33 75
33 76
33 87
33 89
33 95
33 105
33 112
33 113
33 115
33 117
33 122
33 127
33 128
33 130
33 133
33 136
33 144
33 146
33 148
33 159
33 166
33 168
33 173
33 178
33 179
33 192
33 195
33 196
33 200
33 203
33 204
33 211
33 216
33 220
33 221
33 232
33 233
33 235
33 236
33 240
33 252
33 275
33 279
33 290
33 297
33 298
33 299
33 301
33 306
33 316
33 317
33 322
33 329
33 330
33 332
33 334
33 349
33 355
33 359
33 372
33 394
33 409
33 453
33 456
33 458
33 464
33 469
33 472
33 473
33 481
33 486
33 490
33 496
33 498
34 38
34 44
34 48
34 60
34 65
34 70
34 76
34 78
34 83
34 86
34 87
34 99
34 101
34 107
34 110
34 112
34 121
34 124
34 126
34 134
34 150
34 162
34 174
34 189
34 199
34 202
34 204
34 207
34 219
34 222
34 226
34 255
34 278
34 280
34 282
34 338
34 361
34 385
34 399
34 446
34 459
34 472
34 493
34 498
34 133
35 36
35 37
35 38
35 39
35 42
35 44
35 45
35 47
35 48
35 51
35 54
35 55
35 61
35 62
35 64
35 67
35 71
35 73
35 75
35 77
35 81
35 85
35 86
35 93
35 98
35 99
35 106
35 107
35 110
35 112
35 124
35 129
35 130
35 134
35 135
35 137
35 139
35 142
35 144
35 154
35 159
35 164
35 168
35 173
35 178
35 186
35 192
35 193
35 197
35 202
35 203
35 205
35 218
35 219
35 225
35 229
35 230
35 234
35 246
35 247
35 250
35 262
35 266
35 271
35 279
35 282
35 287
35 300
35 324
35 364
35 367
35 378
35 394
35 403
35 407
35 416
35 422
35 424
35 429
35 430
35 435
35 438
35 439
35 442
35 444
35 455
35 469
35 471
35 495
35 211
35 84
35 359
35 387
36 37
36 39
36 42
36 43
36 44
36 50
36 53
36 62
36 64
36 65
36 79
36 82
36 90
36 99
36 128
36 133
36 172
36 190
36 194
36 202
36 205
36 207
36 208
36 210
36 218
36 228
36 237
36 244
36 261
36 275
36 286
36 305
36 306
36 312
36 329
36 334
36 338
36 342
36 354
36 367
36 378
36 379
36 380
36 405
36 412
36 436
36 460
36 475
36 487
36 495
36 348
36 391
37 39
37 40
37 41
37 43
37 45
37 46
37 50
37 54
37 57
37 58
37 59
37 61
37 62
37 65
37 70
37 73
37 84
37 91
37 93
37 94
37 100
37 108
37 111
37 122
37 134
37 135
37 139
37 149
37 152
37 154
37 158
37 160
37 163
37 164
37 171
37 173
37 182
37 183
37 190
37 193
37 194
37 197
37 203
37 209
37 221
37 246
37 249
37 251
37 257
37 269
37 270
37 297
37 307
37 312
37 322
37 344
37 362
37 366
37 371
37 392
37 396
37 405
37 410
37 414
37 415
37 425
37 427
37 431
37 464
37 466
37 475
37 479
37 79
37 103
37 225
37 332
38 39
38 40
38 42
38 44
38 45
38 46
38 47
38 52
38 53
38 54
38 55
38 56
38 59
38 65
38 68
38 70
38 73
38 75
38 76
38 79
38 83
38 87
38 88
38 95
38 98
38 107
38 108
38 109
38 110
38 112
38 114
38 116
38 118
38 124
38 125
38 134
38 136
38 143
38 156
38 162
38 163
38 186
38 191
38 193
38 197
38 213
38 215
38 224
38 237
38 240
38 242
38 247
38 255
38 256
38 258
38 279
38 283
38 303
38 327
38 334
38 339
38 345
38 351
38 362
38 363
38 365
38 367
38 370
38 378
38 385
38 386
38 394
38 395
38 417
38 422
38 423
38 426
38 450
38 452
38 454
38 467
38 488
38 498
38 218
38 43
38 361
38 458
39 40
39 41
39 46
39 47
39 51
39 52
39 59
39 60
39 61
39 62
39 63
39 66
39 70
39 74
39 84
39 90
39 97
39 99
39 100
39 105
39 106
39 111
39 118
39 122
39 125
39 126
39 133
39 137
39 139
39 141
39 142
39 145
39 148
39 150
39 156
39 157
39 160
39 167
39 169
39 173
39 175
39 182
39 183
39 191
39 219
39 223
39 230
39 239
39 245
39 248
39 249
39 265
39 295
39 308
39 336
39 355
39 362
39 386
39 391
39 401
39 402
39 403
39 412
39 430
39 434
39 447
39 457
39 471
39 478
39 128
40 41
40 49
40 51
40 52
40 53
40 55
40 57
40 58
40 60
40 62
40 64
40 67
40 69
40 70
40 73
40 76
40 77
40 79
40 88
40 93
40 94
40 97
40 102
40 109
40 111
40 121
40 122
40 125
40 126
40 129
40 130
40 133
40 135
40 137
40 141
40 155
40 156
40 167
40 177
40 182
40 183
40 185
40 187
40 188
40 189
40 202
40 203
40 205
40 211
40 212
40 215
40 226
40 227
40 233
40 256
40 265
40 269
40 273
40 275
40 284
40 298
40 301
40 311
40 321
40 336
40 359
40 361
40 363
40 371
40 374
40 377
40 389
40 397
40 406
40 418
40 423
40 432
40 439
40 447
40 466
40 474
40 477
40 483
40 487
40 494
40 496
40 116
40 128
40 139
40 217
40 489
41 44
41 49
41 50
41 52
41 55
41 58
41 63
41 71
41 74
41 79
41 85
41 91
41 93
41 94
41 95
41 106
41 107
41 111
41 112
41 120
41 121
41 127
41 129
41 135
41 144
41 188
41 199
41 208
41 229
41 246
41 248
41 249
41 264
41 267
41 279
41 282
41 288
41 291
41 296
41 320
41 323
41 363
41 397
41 402
41 413
41 418
41 433
41 434
41 462
41 497
41 408
42 43
42 46
42 47
42 51
42 57
42 59
42 61
42 62
42 71
42 72
42 81
42 87
42 91
42 93
42 94
42 95
42 102
42 110
42 116
42 119
42 122
42 129
42 141
42 147
42 167
42 169
42 174
42 176
42 177
42 185
42 197
42 202
42 203
42 205
42 210
42 214
42 217
42 222
42 225
42 226
42 230
42 239
42 243
42 248
42 272
42 273
42 291
42 292
42 333
42 349
42 359
42 380
42 384
42 402
42 413
42 422
42 430
42 441
42 452
42 462
42 494
42 50
42 198
43 44
43 45
43 47
43 49
43 53
43 57
43 60
43 68
43 69
43 76
43 80
43 81
43 83
43 90
43 120
43 125
43 128
43 136
43 143
43 145
43 148
43 149
43 158
43 161
43 165
43 168
43 180
43 184
43 185
43 189
43 194
43 199
43 201
43 213
43 218
43 220
43 224
43 232
43 240
43 241
43 250
43 251
43 263
43 278
43 281
43 286
43 288
43 294
43 320
43 334
43 344
43 368
43 375
43 376
43 380
43 388
43 409
43 412
43 414
43 418
43 419
43 420
43 425
43 445
43 451
43 461
43 463
43 246
44 45
44 47
44 48
44 49
44 58
44 64
44 67
44 75
44 87
44 92
44 100
44 112
44 124
44 128
44 131
44 135
44 159
44 180
44 190
44 213
44 224
44 228
44 229
44 234
44 246
44 250
44 255
44 266
44 275
44 283
44 290
44 292
44 293
44 307
44 309
44 310
44 340
44 344
44 348
44 351
44 379
44 415
44 426
44 465
44 471
44 294
44 287
45 49
45 52
45 59
45 79
45 81
45 84
45 91
45 92
45 109
45 124
45 129
45 139
45 146
45 147
45 148
45 149
45 156
45 159
45 163
45 174
45 175
45 183
45 191
45 196
45 215
45 218
45 223
45 225
45 233
45 260
45 262
45 265
45 266
45 271
45 285
45 286
45 307
45 315
45 321
45 323
45 325
45 336
45 349
45 368
45 369
45 380
45 396
45 406
45 433
45 437
45 446
45 452
45 458
45 474
45 483
45 77
45 107
45 471
46 47
46 51
46 54
46 56
46 60
46 62
46 63
46 64
46 69
46 72
46 85
46 88
46 96
46 102
46 103
46 121
46 122
46 131
46 132
46 144
46 148
46 158
46 159
46 166
46 167
46 168
46 179
46 191
46 195
46 207
46 209
46 214
46 244
46 249
46 252
46 268
46 280
46 286
46 316
46 328
46 340
46 373
46 374
46 376
46 377
46 403
46 412
46 425
46 433
46 434
46 455
46 467
46 497
46 120
46 119
47 55
47 57
47 60
47 65
47 68
47 73
47 85
47 91
47 94
47 96
47 103
47 105
47 128
47 129
47 147
47 150
47 157
47 158
47 159
47 161
47 163
47 165
47 172
47 181
47 182
47 186
47 189
47 194
47 198
47 207
47 230
47 235
47 243
47 244
47 258
47 285
47 288
47 316
47 325
47 334
47 367
47 376
47 382
47 384
47 397
47 414
47 435
47 440
47 470
47 483
47 204
47 81
47 184
47 416
47 433
48 51
48 52
48 54
48 64
48 66
48 67
48 70
48 71
48 73
48 74
48 75
48 89
48 95
48 109
48 110
48 114
48 126
48 127
48 131
48 134
48 136
48 138
48 139
48 140
48 141
48 146
48 149
48 152
48 153
48 160
48 169
48 173
48 175
48 189
48 202
48 213
48 217
48 223
48 231
48 244
48 254
48 265
48 279
48 284
48 288
48 315
48 322
48 330
48 343
48 349
48 374
48 382
48 388
48 389
48 393
48 398
48 407
48 428
48 429
48 434
48 440
48 444
48 447
48 449
48 474
48 475
48 298
48 424
49 50
49 51
49 54
49 55
49 57
49 58
49 64
49 66
49 68
49 79
49 81
49 86
49 87
49 91
49 96
49 98
49 99
49 100
49 103
49 107
49 118
49 131
49 139
49 150
49 157
49 174
49 191
49 194
49 196
49 212
49 225
49 233
49 235
49 238
49 241
49 242
49 245
49 252
49 262
49 278
49 291
49 294
49 298
49 332
49 357
49 362
49 379
49 381
49 402
49 409
49 414
49 417
49 418
49 423
49 435
49 447
49 469
49 472
49 485
49 489
49 345
49 85
50 51
50 56
50 59
50 61
50 70
50 80
50 89
50 91
50 93
50 102
50 107
50 110
50 138
50 146
50 154
50 183
50 189
50 207
50 209
50 231
50 246
50 273
50 307
50 318
50 330
50 337
50 349
50 353
50 358
50 362
50 366
50 367
50 405
50 487
50 489
50 494
50 167
51 56
51 76
51 80
51 81
51 82
51 83
51 85
51 86
51 89
51 94
51 96
51 101
51 102
51 105
51 106
51 110
51 111
51 119
51 120
51 131
51 132
51 140
51 141
51 146
51 161
51 165
51 181
51 189
51 192
51 195
51 200
51 216
51 232
51 251
51 255
51 268
51 270
51 278
51 286
51 296
51 319
51 325
51 327
51 332
51 340
51 345
51 352
51 359
51 364
51 379
51 398
51 400
51 403
51 422
51 447
51 479
51 487
51 494
51 114
51 293
52 54
52 55
52 57
52 65
52 70
52 74
52 76
52 81
52 82
52 87
52 91
52 93
52 94
52 95
52 101
52 109
52 110
52 114
52 115
52 122
52 125
52 129
52 135
52 145
52 153
52 154
52 158
52 159
52 173
52 180
52 193
52 202
52 215
52 218
52 221
52 222
52 228
52 229
52 238
52 245
52 248
52 252
52 253
52 259
52 264
52 269
52 270
52 286
52 308
52 309
52 310
52 337
52 347
52 350
52 351
52 354
52 357
52 370
52 372
52 400
52 403
52 450
52 456
52 460
52 480
52 491
52 493
52 496
52 59
52 261
53 56
53 65
53 77
53 82
53 90
53 91
53 98
53 99
53 104
53 111
53 140
53 147
53 149
53 182
53 230
53 252
53 257
53 266
53 308
53 356
53 371
53 399
53 418
53 431
53 456
53 458
53 476
53 213
54 61
54 62
54 63
54 64
54 68
54 69
54 83
54 85
54 88
54 96
54 101
54 104
54 105
54 108
54 112
54 115
54 116
54 121
54 126
54 128
54 132
54 144
54 146
54 147
54 155
54 169
54 178
54 188
54 192
54 200
54 202
54 214
54 217
54 253
54 262
54 286
54 302
54 318
54 327
54 341
54 366
54 372
54 378
54 391
54 397
54 401
54 409
54 436
54 443
54 447
54 450
54 455
54 458
54 469
54 479
54 487
54 208
55 56
55 58
55 59
55 63
55 65
55 67
55 77
55 80
55 84
55 85
55 118
55 120
55 121
55 122
55 130
55 135
55 145
55 154
55 179
55 186
55 204
55 225
55 229
55 235
55 237
55 270
55 308
55 311
55 313
55 319
55 323
55 329
55 336
55 342
55 373
55 375
55 383
55 390
55 391
55 409
55 416
55 417
55 420
55 421
55 439
55 441
55 445
55 452
55 456
55 458
55 472
55 487
55 497
56 61
56 66
56 68
56 70
56 72
56 73
56 80
56 82
56 83
56 85
56 86
56 97
56 98
56 99
56 108
56 111
56 112
56 114
56 119
56 121
56 123
56 136
56 140
56 142
56 145
56 161
56 162
56 176
56 177
56 179
56 183
56 195
56 201
56 206
56 218
56 223
56 240
56 242
56 250
56 252
56 253
56 267
56 275
56 276
56 277
56 287
56 288
56 291
56 312
56 319
56 321
56 323
56 348
56 354
56 355
56 366
56 372
56 391
56 399
56 402
56 410
56 422
56 479
56 484
56 386
56 445
57 70
57 74
57 77
57 91
57 92
57 98
57 102
57 107
57 108
57 112
57 126
57 129
57 137
57 147
57 157
57 170
57 178
57 183
57 190
57 200
57 203
57 240
57 249
57 255
57 277
57 278
57 285
57 286
57 295
57 300
57 308
57 314
57 339
57 354
57 359
57 360
57 379
57 383
57 411
57 415
57 432
57 472
57 474
57 189
57 302
57 375
58 73
58 76
58 79
58 82
58 84
58 89
58 95
58 104
58 112
58 116
58 117
58 139
58 150
58 154
58 157
58 204
58 207
58 215
58 247
58 249
58 266
58 268
58 284
58 309
58 314
58 317
58 319
58 323
58 376
58 392
58 403
58 420
58 429
58 447
58 463
58 483
58 118
58 386
59 63
59 69
59 71
59 72
59 77
59 78
59 81
59 85
59 89
59 92
59 94
59 98
59 104
59 105
59 113
59 122
59 135
59 145
59 148
59 152
59 156
59 160
59 161
59 170
59 176
59 178
59 181
59 182
59 183
59 186
59 191
59 205
59 212
59 216
59 218
59 234
59 241
59 268
59 270
59 276
59 285
59 286
59 296
59 304
59 338
59 339
59 346
59 358
59 367
59 379
59 386
59 406
59 408
59 437
59 438
59 461
59 468
59 486
59 496
59 164
59 239
59 364
59 473
60 70
60 71
60 75
60 82
60 92
60 94
60 101
60 105
60 106
60 109
60 115
60 118
60 125
60 126
60 155
60 157
60 180
60 185
60 193
60 197
60 211
60 219
60 250
60 255
60 260
60 265
60 267
60 268
60 288
60 291
60 312
60 314
60 326
60 331
60 337
60 356
60 360
60 381
60 413
60 428
60 431
60 441
60 465
60 477
60 498
60 171
61 64
61 65
61 81
61 87
61 89
61 90
61 94
61 95
61 96
61 99
61 102
61 105
61 113
61 117
61 136
61 144
61 157
61 158
61 171
61 185
61 186
61 190
61 212
61 220
61 236
61 254
61 287
61 305
61 311
61 334
61 347
61 358
61 370
61 375
61 377
61 391
61 394
61 403
61 426
61 455
61 465
61 124
62 63
62 64
62 68
62 74
62 84
62 95
62 100
62 101
62 102
62 104
62 113
62 115
62 120
62 124
62 134
62 140
62 148
62 160
62 166
62 168
62 178
62 179
62 181
62 184
62 192
62 193
62 197
62 198
62 199
62 205
62 208
62 211
62 213
62 228
62 230
62 250
62 264
62 267
62 269
62 280
62 288
62 290
62 293
62 305
62 320
62 338
62 347
62 348
62 349
62 351
62 364
62 372
62 375
62 382
62 387
62 430
62 446
62 448
62 450
62 451
62 457
62 462
62 477
62 478
62 482
62 307
62 470
63 67
63 69
63 79
63 84
63 86
63 91
63 96
63 97
63 112
63 114
63 124
63 129
63 130
63 133
63 135
63 137
63 138
63 153
63 160
63 171
63 185
63 189
63 192
63 217
63 239
63 240
63 254
63 257
63 269
63 304
63 311
63 339
63 432
63 440
63 444
64 79
64 82
64 87
64 99
64 116
64 117
64 132
64 136
64 139
64 155
64 183
64 198
64 209
64 216
64 220
64 221
64 222
64 231
64 237
64 265
64 267
64 304
64 316
64 319
64 333
64 335
64 346
64 353
64 357
64 359
64 388
64 420
64 440
64 443
64 455
64 176
64 235
65 70
65 72
65 78
65 85
65 90
65 105
65 119
65 134
65 137
65 140
65 149
65 171
65 174
65 177
65 184
65 187
65 199
65 206
65 215
65 218
65 243
65 256
65 257
65 258
65 272
65 284
65 298
65 300
65 315
65 330
65 336
65 354
65 381
65 402
65 410
65 446
65 448
65 454
66 78
66 92
66 111
66 114
66 119
66 124
66 125
66 130
66 137
66 142
66 153
66 170
66 171
66 181
66 185
66 187
66 193
66 194
66 207
66 208
66 214
66 254
66 273
66 275
66 308
66 341
66 343
66 347
66 352
66 364
66 385
66 398
66 406
66 430
66 434
66 444
66 464
66 473
66 483
66 487
66 489
66 490
66 495
66 232
66 325
66 478
67 71
67 72
67 77
67 79
67 91
67 95
67 108
67 117
67 130
67 131
67 134
67 136
67 141
67 147
67 149
67 169
67 177
67 191
67 200
67 205
67 208
67 209
67 211
67 324
67 345
67 358
67 371
67 384
67 386
67 426
67 441
67 449
67 457
67 464
67 480
67 485
67 490
67 171
68 80
68 83
68 84
68 90
68 97
68 109
68 113
68 114
68 120
68 130
68 137
68 138
68 142
68 144
68 151
68 154
68 155
68 174
68 188
68 189
68 200
68 217
68 226
68 228
68 229
68 242
68 245
68 246
68 251
68 270
68 277
68 290
68 312
68 328
68 351
68 366
68 412
68 438
68 442
68 467
68 475
68 227
69 76
69 88
69 103
69 118
69 124
69 128
69 148
69 166
69 176
69 194
69 195
69 200
69 202
69 224
69 228
69 251
69 261
69 264
69 280
69 286
69 314
69 395
69 411
69 431
69 436
69 473
69 480
70 72
70 75
70 76
70 81
70 88
70 97
70 98
70 116
70 122
70 134
70 148
70 157
70 162
70 165
70 170
70 177
70 178
70 194
70 198
70 213
70 220
70 227
70 233
70 248
70 263
70 281
70 283
70 288
70 295
70 315
70 342
70 398
70 423
70 445
70 450
70 471
70 199
71 72
71 73
71 74
71 78
71 80
71 82
71 86
71 90
71 104
71 107
71 117
71 121
71 127
71 131
71 144
71 145
71 164
71 167
71 171
71 178
71 179
71 180
71 182
71 198
71 201
71 216
71 223
71 224
71 239
71 240
71 259
71 265
71 273
71 276
71 277
71 300
71 331
71 334
71 346
71 365
71 366
71 369
71 374
71 417
71 421
71 423
71 425
71 438
71 463
71 484
71 207
71 295
72 82
72 93
72 103
72 108
72 114
72 130
72 135
72 138
72 144
72 147
72 153
72 157
72 162
72 185
72 186
72 206
72 208
72 234
72 236
72 242
72 249
72 254
72 259
72 278
72 296
72 319
72 332
72 360
72 370
72 389
72 391
72 393
72 408
72 428
72 455
72 456
72 461
72 465
72 486
72 419
73 75
73 77
73 82
73 83
73 86
73 103
73 104
73 107
73 108
73 123
73 139
73 145
73 147
73 150
73 155
73 185
73 197
73 209
73 214
73 236
73 249
73 254
73 258
73 264
73 293
73 295
73 331
73 332
73 343
73 353
73 381
73 389
73 416
73 448
73 450
73 479
73 481
73 485
73 106
74 79
74 87
74 88
74 111
74 113
74 152
74 163
74 172
74 199
74 217
74 221
74 223
74 232
74 238
74 249
74 272
74 275
74 281
74 319
74 335
74 343
74 365
74 380
74 427
74 446
74 447
74 450
74 470
74 484
74 492
75 83
75 88
75 89
75 99
75 112
75 136
75 172
75 245
75 252
75 290
75 292
75 296
75 308
75 312
75 329
75 338
75 350
75 353
75 373
75 399
75 403
75 442
75 478
75 162
75 362
76 86
76 89
76 100
76 101
76 108
76 119
76 137
76 140
76 144
76 159
76 166
76 174
76 183
76 192
76 196
76 206
76 232
76 244
76 254
76 256
76 258
76 260
76 261
76 274
76 275
76 276
76 277
76 295
76 333
76 334
76 363
76 385
76 401
76 407
76 408
76 428
76 438
76 439
76 457
76 467
76 469
76 470
76 480
76 482
76 484
76 485
76 489
76 491
76 492
77 78
77 81
77 101
77 105
77 111
77 120
77 123
77 126
77 136
77 137
77 157
77 161
77 163
77 172
77 175
77 177
77 180
77 184
77 187
77 209
77 234
77 240
77 241
77 269
77 292
77 293
77 295
77 296
77 312
77 324
77 332
77 337
77 358
77 371
77 388
77 405
77 411
77 429
77 431
77 464
77 340
77 434
78 79
78 80
78 84
78 89
78 92
78 104
78 114
78 123
78 126
78 141
78 142
78 172
78 188
78 196
78 200
78 206
78 223
78 232
78 254
78 255
78 261
78 263
78 282
78 287
78 299
78 309
78 325
78 385
78 401
78 417
78 430
78 439
78 464
78 473
78 491
78 125
79 80
79 84
79 93
79 94
79 97
79 102
79 106
79 115
79 120
79 126
79 134
79 140
79 147
79 154
79 156
79 166
79 169
79 170
79 177
79 189
79 206
79 213
79 219
79 226
79 238
79 247
79 251
79 293
79 299
79 317
79 336
79 397
79 445
79 449
79 450
79 456
79 457
79 494
79 313
79 465
80 85
80 86
80 91
80 97
80 101
80 115
80 118
80 127
80 133
80 134
80 146
80 147
80 152
80 163
80 180
80 183
80 192
80 238
80 240
80 260
80 264
80 282
80 295
80 300
80 322
80 331
80 351
80 353
80 397
80 408
80 419
80 456
80 462
80 483
80 492
81 103
81 110
81 119
81 139
81 155
81 162
81 198
81 206
81 219
81 280
81 315
81 316
81 339
81 345
81 401
81 411
81 418
81 422
81 466
81 474
81 453
82 86
82 93
82 97
82 102
82 113
82 127
82 134
82 146
82 149
82 151
82 152
82 161
82 178
82 187
82 205
82 212
82 214
82 232
82 257
82 280
82 284
82 294
82 302
82 308
82 317
82 322
82 332
82 337
82 338
82 357
82 376
82 377
82 387
82 395
82 429
82 439
82 440
82 448
82 459
82 460
82 490
82 491
82 497
82 105
82 366
83 98
83 111
83 170
83 196
83 206
83 218
83 219
83 221
83 226
83 227
83 252
83 253
83 259
83 276
83 279
83 320
83 326
83 349
83 351
83 375
83 376
83 379
83 413
83 421
83 431
83 432
83 491
83 492
83 104
83 321
84 86
84 96
84 106
84 129
84 131
84 150
84 212
84 221
84 237
84 238
84 240
84 300
84 304
84 322
84 333
84 348
84 351
84 362
84 372
84 406
84 412
85 110
85 127
85 131
85 142
85 154
85 156
85 171
85 181
85 229
85 238
85 274
85 287
85 294
85 355
85 366
85 387
85 408
85 437
85 470
85 478
85 233
86 90
86 107
86 129
86 141
86 142
86 159
86 184
86 193
86 194
86 211
86 216
86 219
86 228
86 258
86 270
86 271
86 289
86 300
86 372
86 419
86 447
86 455
86 91
87 88
87 90
87 113
87 114
87 115
87 170
87 178
87 198
87 202
87 238
87 251
87 266
87 313
87 318
87 333
87 351
87 357
87 362
87 365
87 499
87 284
88 89
88 94
88 96
88 97
88 120
88 144
88 147
88 152
88 168
88 181
88 198
88 200
88 210
88 235
88 256
88 270
88 296
88 303
88 310
88 311
88 341
88 355
88 374
88 390
88 392
88 414
89 96
89 106
89 107
89 123
89 132
89 140
89 145
89 149
89 150
89 180
89 183
89 217
89 225
89 236
89 248
89 260
89 280
89 283
89 288
89 298
89 324
89 330
89 341
89 342
89 344
89 346
89 350
89 380
89 400
89 404
89 434
89 441
89 453
89 470
89 486
89 245
90 93
90 94
90 118
90 150
90 155
90 170
90 198
90 216
90 236
90 243
90 257
90 297
90 315
90 461
90 468
90 479
90 404
90 476
91 123
91 126
91 175
91 177
91 182
91 206
91 208
91 211
91 281
91 298
91 301
91 308
91 349
91 355
91 367
91 395
91 401
91 408
91 411
91 420
91 428
91 450
91 452
91 490
91 493
91 233
91 388
91 498
92 99
92 103
92 111
92 124
92 128
92 129
92 130
92 135
92 142
92 155
92 175
92 179
92 182
92 186
92 189
92 197
92 199
92 217
92 233
92 261
92 273
92 281
92 297
92 314
92 315
92 317
92 323
92 332
92 333
92 342
92 421
92 466
92 474
92 488
93 96
93 106
93 110
93 118
93 120
93 128
93 132
93 137
93 157
93 175
93 184
93 196
93 206
93 237
93 274
93 336
93 342
93 346
93 362
93 373
93 375
93 392
93 438
93 467
93 351
93 457
94 98
94 103
94 115
94 118
94 151
94 153
94 165
94 176
94 256
94 265
94 273
94 291
94 300
94 343
94 344
94 350
94 351
94 366
94 370
94 431
94 432
94 441
94 443
94 444
94 447
94 451
94 469
94 489
94 491
94 493
94 414
95 108
95 125
95 138
95 173
95 178
95 180
95 184
95 188
95 190
95 212
95 222
95 229
95 243
95 245
95 246
95 275
95 279
95 282
95 303
95 304
95 309
95 320
95 325
95 332
95 335
95 358
95 376
95 388
95 433
95 435
95 483
95 114
96 104
96 105
96 112
96 116
96 117
96 145
96 157
96 164
96 168
96 197
96 227
96 235
96 258
96 272
96 277
96 280
96 283
96 304
96 318
96 320
96 331
96 335
96 358
96 364
96 368
96 378
96 419
96 462
96 490
96 493
96 495
96 189
97 98
97 120
97 125
97 129
97 130
97 138
97 143
97 162
97 176
97 227
97 278
97 299
97 346
97 384
97 420
97 472
97 475
98 115
98 123
98 143
98 164
98 169
98 179
98 188
98 220
98 230
98 237
98 296
98 340
98 347
98 423
98 464
98 234
99 113
99 117
99 136
99 140
99 143
99 153
99 172
99 211
99 230
99 241
99 250
99 263
99 268
99 286
99 297
99 310
99 323
99 328
99 335
99 419
99 449
99 482
99 99
100 106
100 132
100 134
100 138
100 150
100 156
100 169
100 195
100 213
100 224
100 239
100 278
100 296
100 297
100 301
100 306
100 333
100 343
100 348
100 360
100 381
100 392
100 401
100 408
100 425
100 444
100 448
100 461
100 435
100 201
101 105
101 114
101 117
101 121
101 127
101 132
101 137
101 138
101 143
101 146
101 153
101 157
101 184
101 192
101 196
101 197
101 200
101 225
101 228
101 244
101 249
101 275
101 287
101 304
101 312
101 320
101 386
101 401
101 404
101 491
101 161
101 306
102 117
102 152
102 168
102 175
102 184
102 224
102 259
102 267
102 296
102 312
102 345
102 373
102 375
102 393
102 418
102 423
102 451
102 477
102 268
102 274
103 109
103 117
103 119
103 121
103 122
103 124
103 125
103 137
103 138
103 140
103 152
103 153
103 169
103 182
103 186
103 187
103 194
103 196
103 211
103 228
103 231
103 269
103 270
103 275
103 295
103 302
103 307
103 354
103 364
103 376
103 396
103 479
103 480
103 215
103 497
104 114
104 120
104 125
104 129
104 146
104 147
104 173
104 191
104 199
104 215
104 218
104 222
104 230
104 234
104 242
104 245
104 247
104 258
104 263
104 266
104 281
104 325
104 331
104 360
104 395
104 434
104 463
104 117
104 141
105 133
105 138
105 143
105 156
105 158
105 199
105 200
105 213
105 231
105 236
105 245
105 253
105 258
105 271
105 289
105 295
105 330
105 338
105 351
105 374
105 388
105 463
105 476
105 495
106 115
106 141
106 148
106 155
106 167
106 191
106 221
106 252
106 282
106 296
106 320
106 354
106 386
106 401
106 422
106 429
107 109
107 116
107 119
107 125
107 128
107 131
107 139
107 141
107 158
107 165
107 177
107 182
107 187
107 190
107 194
107 198
107 201
107 204
107 211
107 219
107 224
107 249
107 255
107 266
107 307
107 355
107 375
107 401
107 460
107 467
107 472
107 484
107 494
108 119
108 123
108 138
108 160
108 161
108 166
108 219
108 226
108 242
108 244
108 322
108 341
108 351
108 360
108 378
108 379
108 385
108 403
108 453
108 474
108 485
108 262
108 276
109 110
109 117
109 149
109 156
109 166
109 168
109 181
109 194
109 195
109 215
109 233
109 237
109 238
109 242
109 245
109 247
109 273
109 286
109 294
109 295
109 309
109 313
109 322
109 329
109 342
109 348
109 353
109 358
109 366
109 370
109 407
109 412
109 425
109 119
110 119
110 124
110 125
110 127
110 133
110 134
110 139
110 144
110 148
110 151
110 170
110 173
110 179
110 241
110 259
110 289
110 290
110 292
110 305
110 327
110 347
110 348
110 371
110 390
110 392
110 424
110 449
110 463
110 469
110 474
110 475
110 481
110 492
110 493
110 412
111 114
111 132
111 133
111 151
111 157
111 158
111 166
111 172
111 174
111 182
111 207
111 221
111 235
111 239
111 241
111 263
111 275
111 281
111 294
111 333
111 339
111 344
111 346
111 357
111 367
111 373
111 470
111 307
111 328
112 127
112 128
112 165
112 213
112 222
112 226
112 242
112 276
112 295
112 345
112 352
112 432
112 476
112 159
112 131
113 116
113 161
113 163
113 179
113 190
113 216
113 236
113 247
113 262
113 279
113 307
113 313
113 314
113 315
113 333
113 410
113 433
113 446
113 417
114 154
114 171
114 173
114 234
114 239
114 256
114 271
114 295
114 324
114 328
114 338
114 415
114 422
114 436
114 442
114 452
114 454
114 459
114 132
114 267
115 122
115 123
115 163
115 166
115 173
115 203
115 235
115 250
115 287
115 289
115 291
115 319
115 352
115 384
115 413
115 426
115 453
115 463
115 269
115 272
116 170
116 176
116 183
116 185
116 225
116 240
116 253
116 264
116 291
116 309
116 311
116 331
116 448
116 461
117 131
117 154
117 159
117 161
117 169
117 180
117 203
117 206
117 211
117 218
117 227
117 254
117 279
117 293
117 328
117 340
117 352
117 353
117 384
117 386
117 387
117 389
117 405
117 436
117 497
118 151
118 175
118 190
118 195
118 203
118 214
118 253
118 255
118 325
118 376
118 381
118 393
118 404
118 419
118 430
118 440
118 448
118 482
119 120
119 128
119 133
119 143
119 154
119 164
119 165
119 166
119 214
119 219
119 228
119 230
119 244
119 245
119 268
119 274
119 306
119 331
119 332
119 342
119 344
119 352
119 371
119 426
119 449
119 290
119 350
120 126
120 132
120 143
120 163
120 169
120 176
120 207
120 210
120 225
120 241
120 252
120 256
120 266
120 267
120 269
120 280
120 314
120 324
120 331
120 339
120 374
120 436
120 494
121 124
121 128
121 162
121 167
121 172
121 180
121 224
121 233
121 238
121 246
121 249
121 293
121 297
121 302
121 335
121 378
121 401
121 158
122 128
122 140
122 167
122 175
122 245
122 248
122 262
122 264
122 265
122 320
122 326
122 334
122 339
122 374
122 448
122 468
122 483
123 133
123 164
123 212
123 225
123 231
123 243
123 257
123 278
123 323
123 338
123 368
123 389
123 415
123 440
123 157
124 127
124 133
124 147
124 151
124 162
124 165
124 167
124 186
124 209
124 213
124 217
124 251
124 252
124 264
124 281
124 287
124 292
124 310
124 341
124 364
124 375
124 391
124 393
124 415
124 430
124 431
124 444
124 445
124 447
124 453
124 459
124 465
124 474
124 205
124 285
124 317
124 372
124 484
125 132
125 151
125 161
125 172
125 186
125 188
125 208
125 223
125 229
125 278
125 289
125 302
125 311
125 313
125 367
125 404
125 459
125 468
125 480
125 481
125 486
125 432
126 131
126 133
126 169
126 171
126 231
126 286
126 288
126 303
126 339
126 352
126 368
126 400
126 408
126 434
126 455
126 457
127 177
127 196
127 201
127 204
127 220
127 239
127 276
127 281
127 313
127 320
127 332
127 350
127 360
127 368
127 382
127 425
127 437
127 458
127 466
127 472
127 494
127 130
127 188
128 134
128 165
128 174
128 259
128 272
128 287
128 296
128 319
128 323
128 357
128 449
129 133
129 161
129 174
129 183
129 213
129 298
129 301
129 328
129 352
129 367
129 380
129 402
129 407
129 420
129 425
129 479
129 132
130 142
130 159
130 167
130 174
130 181
130 199
130 215
130 262
130 276
130 279
130 297
130 298
130 306
130 329
130 335
130 346
130 354
130 356
130 367
130 379
130 393
130 462
130 472
130 474
130 443
131 135
131 137
131 140
131 158
131 162
131 165
131 187
131 202
131 203
131 224
131 229
131 241
131 247
131 250
131 251
131 258
131 264
131 297
131 312
131 325
131 327
131 331
131 348
131 365
131 386
131 392
131 393
131 462
131 464
131 478
131 486
132 134
132 145
132 148
132 151
132 165
132 175
132 180
132 209
132 212
132 243
132 244
132 248
132 251
132 255
132 273
132 276
132 288
132 298
132 301
132 306
132 308
132 340
132 345
132 349
132 400
132 412
132 416
132 471
132 339
133 141
133 149
133 162
133 165
133 182
133 187
133 198
133 211
133 220
133 239
133 267
133 322
133 345
133 353
133 356
133 357
133 369
133 371
133 380
133 388
133 403
133 411
133 413
133 419
133 420
133 434
133 435
133 454
133 455
133 476
133 479
133 269
133 315
133 490
134 141
134 158
134 170
134 171
134 192
134 193
134 206
134 228
134 257
134 289
134 314
134 317
134 320
134 343
134 355
134 357
134 399
134 406
134 424
134 428
134 434
134 464
134 473
134 474
134 354
135 148
135 179
135 190
135 214
135 216
135 219
135 250
135 253
135 256
135 262
135 265
135 273
135 283
135 287
135 292
135 301
135 340
135 373
135 410
135 431
135 489
135 204
136 140
136 149
136 155
136 171
136 188
136 227
136 243
136 259
136 282
136 358
136 373
136 490
136 496
137 138
137 139
137 145
137 150
137 218
137 234
137 274
137 278
137 294
137 309
137 312
137 330
137 365
137 387
137 426
137 434
138 146
138 148
138 151
138 152
138 212
138 226
138 246
138 305
138 339
138 344
138 355
138 379
138 445
139 140
139 142
139 143
139 155
139 159
139 174
139 184
139 210
139 289
139 348
139 384
139 404
139 408
139 411
139 419
139 433
139 437
139 445
139 446
139 477
139 485
139 204
139 221
139 450
139 468
140 161
140 170
140 172
140 181
140 194
140 199
140 205
140 220
140 231
140 289
140 340
140 401
140 453
140 486
140 498
140 357
141 146
141 193
141 204
141 213
141 229
141 397
141 421
141 476
142 150
142 158
142 194
142 196
142 287
142 331
142 353
142 367
142 494
143 195
143 209
143 214
143 240
143 267
143 271
143 313
143 337
143 343
143 381
143 410
143 417
143 439
143 443
143 487
144 153
144 172
144 177
144 184
144 193
144 207
144 221
144 222
144 344
144 396
144 415
144 434
144 442
144 453
144 460
144 462
144 464
144 466
144 491
144 209
145 169
145 214
145 223
145 236
145 249
145 250
145 260
145 273
145 284
145 289
145 310
145 336
145 365
145 400
145 405
145 406
145 438
145 445
145 463
145 470
145 357
145 493
146 151
146 160
146 174
146 188
146 193
146 205
146 214
146 243
146 244
146 316
146 317
146 323
146 332
146 352
146 427
146 441
146 462
146 495
146 497
146 168
146 402
147 151
147 162
147 197
147 218
147 231
147 243
147 272
147 274
147 276
147 298
147 299
147 319
147 321
147 336
147 341
147 377
147 397
147 402
147 427
147 467
147 468
148 167
148 176
148 177
148 178
148 217
148 239
148 274
148 347
148 366
148 372
148 377
148 427
148 451
148 461
148 485
149 181
149 188
149 201
149 222
149 231
149 243
149 253
149 259
149 302
149 318
149 438
149 451
149 461
149 321
150 152
150 156
150 163
150 169
150 173
150 220
150 233
150 297
150 306
150 351
150 360
150 374
150 384
150 444
150 467
150 474
150 475
150 482
151 188
151 205
151 210
151 212
151 215
151 230
151 283
151 285
151 317
151 364
151 367
151 376
151 382
151 385
151 386
151 275
151 345
152 153
152 155
152 159
152 164
152 169
152 170
152 179
152 201
152 221
152 245
152 252
152 276
152 307
152 321
152 350
152 365
152 368
152 374
152 410
152 429
152 451
152 480
152 156
152 187
152 210
153 164
153 169
153 181
153 191
153 195
153 201
153 203
153 207
153 208
153 223
153 224
153 237
153 267
153 276
153 280
153 285
153 321
153 338
153 349
153 368
153 415
153 453
153 455
153 480
153 481
153 377
154 187
154 193
154 196
154 210
154 224
154 238
154 248
154 255
154 259
154 270
154 271
154 272
154 291
154 292
154 302
154 366
154 372
154 394
154 397
154 400
154 402
154 403
154 438
154 450
154 451
154 476
154 489
154 499
154 423
155 173
155 179
155 210
155 228
155 230
155 231
155 248
155 268
155 292
155 305
155 335
155 353
155 361
155 369
155 376
155 380
155 396
155 418
155 450
155 452
155 478
155 486
156 158
156 160
156 176
156 192
156 204
156 211
156 216
156 244
156 267
156 312
156 361
156 416
156 485
157 171
157 178
157 188
157 199
157 200
157 219
157 297
157 331
157 342
157 419
157 423
157 477
157 430
157 485
158 162
158 165
158 166
158 173
158 178
158 192
158 195
158 199
158 211
158 215
158 316
158 344
158 345
158 398
158 464
159 163
159 185
159 196
159 203
159 208
159 232
159 259
159 271
159 302
159 373
159 379
159 419
159 270
160 162
160 164
160 184
160 199
160 202
160 233
160 237
160 240
160 268
160 361
160 457
160 390
161 175
161 189
161 209
161 224
161 234
161 237
161 277
161 301
161 326
161 327
161 349
161 356
161 389
161 407
161 444
161 448
161 499
161 297
161 371
162 214
162 292
162 314
162 347
162 369
162 448
162 475
162 319
163 178
163 195
163 231
163 243
163 270
163 271
163 282
163 289
163 290
163 305
163 309
163 313
163 339
163 370
163 428
163 429
163 453
164 165
164 184
164 202
164 210
164 216
164 270
164 299
164 302
164 344
164 346
164 387
164 412
164 414
164 427
164 490
165 167
165 198
165 205
165 225
165 235
165 251
165 259
165 299
165 336
165 349
165 418
165 421
165 447
165 456
165 458
165 472
165 488
165 224
165 454
166 215
166 279
166 285
166 345
166 374
166 404
166 409
166 429
166 484
166 488
166 493
166 222
167 172
167 212
167 283
167 333
167 342
167 391
167 399
168 204
168 229
168 241
168 258
168 262
168 317
168 323
168 333
168 356
168 373
168 380
168 402
168 413
168 466
169 171
169 181
169 210
169 233
169 242
169 247
169 260
169 279
169 292
169 303
169 307
169 308
169 310
169 316
169 321
169 327
169 328
169 330
169 343
169 360
169 382
169 435
169 470
169 471
169 494
169 499
170 176
170 192
170 238
170 263
170 290
170 293
170 305
170 319
170 335
170 390
170 397
170 407
170 412
170 421
170 438
170 450
170 468
170 487
170 494
170 222
171 173
171 188
171 208
171 231
171 234
171 244
171 245
171 304
171 317
171 318
171 323
171 359
171 377
171 379
171 409
171 419
171 445
171 484
171 485
171 441
172 176
172 250
172 261
172 267
172 294
172 325
172 328
172 370
172 391
172 399
172 413
172 437
172 449
172 451
172 475
172 489
172 493
172 208
173 180
173 183
173 216
173 235
173 258
173 289
173 301
173 304
173 311
173 315
173 317
173 323
173 387
173 417
173 437
173 491
174 177
174 190
174 194
174 203
174 229
174 238
174 305
174 331
174 336
174 339
174 341
174 342
174 347
174 365
174 388
174 440
174 455
174 488
174 495
174 429
175 193
175 195
175 220
175 299
175 321
175 335
175 374
175 389
175 436
175 454
175 457
175 465
175 475
175 271
175 382
176 181
176 186
176 190
176 202
176 205
176 233
176 252
176 277
176 341
176 352
176 359
176 405
176 425
176 427
176 437
176 455
176 456
176 496
176 411
177 180
177 275
177 327
177 427
177 204
178 179
178 184
178 190
178 197
178 202
178 244
178 253
178 298
178 329
178 356
178 427
178 465
178 365
179 213
179 228
179 250
179 296
179 298
179 309
179 408
179 429
179 452
179 256
180 236
180 246
180 254
180 264
180 272
180 275
180 298
180 361
180 390
180 393
180 422
181 204
181 210
181 216
181 253
181 263
181 275
181 279
181 292
181 313
181 369
181 415
181 435
181 421
182 199
182 207
182 222
182 243
182 247
182 285
182 304
182 339
182 341
182 357
182 362
182 377
182 397
182 426
182 478
182 197
182 392
183 185
183 207
183 230
183 265
183 270
183 273
183 274
183 313
183 386
183 448
183 201
183 396
184 232
184 243
184 250
184 255
184 329
184 408
184 456
184 487
185 197
185 232
185 236
185 254
185 303
185 309
185 337
185 362
185 395
185 432
185 465
185 487
185 208
186 223
186 258
186 281
186 303
186 322
186 330
186 338
186 357
186 370
186 383
186 394
186 428
186 474
186 485
187 217
187 220
187 295
187 341
187 377
187 383
187 389
187 390
187 423
187 440
187 458
187 496
188 203
188 247
188 277
188 287
188 308
188 317
188 328
188 333
188 378
188 382
188 387
188 398
188 429
188 491
189 263
189 265
189 266
189 267
189 283
189 284
189 325
189 372
189 376
189 383
189 448
189 460
189 224
189 223
189 273
189 353
190 195
190 231
190 232
190 235
190 350
190 351
190 362
190 383
190 399
190 410
190 438
190 444
190 457
190 482
190 484
190 425
190 487
191 195
191 257
191 262
191 271
191 314
191 319
191 380
191 470
191 475
191 440
191 400
192 208
192 227
192 230
192 233
192 269
192 299
192 342
192 370
192 383
192 387
192 487
192 419
193 197
193 218
193 224
193 225
193 270
193 328
193 354
193 365
193 369
193 435
193 454
193 464
193 201
194 208
194 215
194 219
194 233
194 235
194 238
194 242
194 243
194 271
194 293
194 339
194 360
194 364
194 365
194 394
194 410
194 417
194 429
194 451
194 240
195 301
195 313
195 367
195 492
195 496
195 454
196 242
196 258
196 281
196 293
196 301
196 361
196 414
196 428
196 441
196 475
196 478
196 443
197 198
197 204
197 241
197 246
197 263
197 273
197 315
197 350
197 384
197 387
197 422
197 443
197 457
197 462
197 473
197 488
197 490
197 365
198 209
198 255
198 286
198 311
198 327
198 342
198 350
198 374
198 384
198 389
198 391
198 430
198 238
198 456
199 201
199 204
199 255
199 263
199 468
199 471
199 491
199 497
199 277
200 212
200 226
200 256
200 320
200 323
200 329
200 334
200 391
200 403
200 486
200 241
200 418
201 222
201 246
201 284
201 325
201 331
201 338
201 356
201 361
201 372
201 387
201 395
201 438
201 457
201 468
201 394
202 206
202 217
202 234
202 260
202 324
202 379
202 398
202 417
202 435
202 468
202 469
202 488
203 282
203 286
203 310
203 340
203 381
203 464
203 478
203 283
204 223
204 235
204 236
204 239
204 246
204 249
204 259
204 263
204 265
204 271
204 280
204 314
204 318
204 326
204 362
204 368
204 390
204 404
204 411
204 420
204 433
204 439
204 456
204 484
204 385
204 449
205 214
205 241
205 261
205 276
205 330
205 340
206 234
206 264
206 274
206 332
206 340
206 369
206 392
206 408
206 434
207 243
207 262
207 265
207 271
207 314
207 332
207 359
207 363
207 395
207 431
207 439
207 458
207 467
207 499
207 293
207 286
207 417
208 242
208 326
208 407
208 429
208 464
208 497
209 226
209 229
209 284
209 293
209 310
209 336
209 343
209 347
209 359
209 382
209 402
209 403
209 446
209 466
209 498
209 252
210 226
210 232
210 257
210 302
210 324
210 357
210 399
210 441
210 483
211 221
211 251
211 315
211 319
211 327
211 340
211 344
211 355
211 370
211 389
211 407
211 409
211 486
211 487
212 213
212 221
212 222
212 268
212 276
212 283
212 309
212 326
212 338
212 375
212 382
212 390
212 400
212 416
212 437
212 455
212 459
213 229
213 232
213 233
213 245
213 254
213 264
213 266
213 300
213 341
213 386
213 429
213 459
213 491
213 499
214 216
214 238
214 274
214 290
214 295
214 305
214 329
214 330
214 351
214 356
214 415
214 420
215 257
215 284
215 313
215 322
215 327
215 385
215 389
215 408
215 413
215 417
215 429
215 446
215 459
215 468
215 310
216 222
216 234
216 253
216 260
216 261
216 291
216 320
216 331
216 439
216 443
216 450
216 485
217 228
217 239
217 272
217 282
217 309
217 313
217 323
217 353
217 378
217 382
217 417
217 428
217 458
217 349
218 227
218 236
218 266
218 280
218 283
218 294
218 298
218 303
218 334
218 343
218 361
218 372
218 376
218 393
218 461
218 465
218 496
218 363
219 222
219 227
219 252
219 306
219 379
219 388
219 407
219 435
219 465
219 492
220 259
220 282
220 324
220 387
220 442
220 270
221 233
221 260
221 266
221 306
221 316
221 348
221 375
221 421
222 267
222 363
222 373
222 388
222 431
222 484
222 486
222 499
222 440
223 225
223 363
223 436
223 356
224 257
224 281
224 290
224 315
224 356
224 363
224 407
224 482
225 246
225 247
225 254
225 291
225 300
225 340
225 354
225 395
225 418
225 428
225 494
226 248
226 333
226 373
226 378
226 449
226 471
226 483
226 430
227 236
227 302
227 337
227 364
227 386
227 467
228 230
228 284
228 320
228 325
228 374
228 405
228 422
228 432
228 297
228 256
229 233
229 286
229 339
229 440
229 448
229 467
229 473
229 477
229 347
230 305
230 350
230 384
230 409
230 461
230 462
231 237
231 241
231 251
231 260
231 262
231 311
231 319
231 326
231 368
231 400
231 410
231 341
232 245
232 288
232 312
232 352
232 365
232 471
233 273
233 282
233 292
233 295
233 328
233 365
233 377
233 382
233 419
233 453
233 459
233 466
233 428
234 421
234 427
234 449
234 476
234 453
234 447
235 268
235 270
235 292
235 340
235 370
235 442
235 465
236 252
236 253
236 271
236 294
236 297
236 311
236 377
236 399
236 409
236 426
236 444
236 428
237 261
237 274
237 282
237 303
237 316
237 350
237 360
237 405
237 481
238 248
238 257
238 261
238 289
238 290
238 313
238 326
238 341
238 347
238 383
238 384
238 391
238 418
238 440
238 468
238 481
238 485
239 263
239 269
239 337
239 401
239 431
239 445
239 469
239 496
240 242
240 268
240 301
240 319
240 320
240 363
240 371
240 376
240 383
240 384
240 399
240 443
240 487
240 489
241 248
241 318
241 343
241 346
241 350
241 371
241 395
241 397
241 411
241 482
242 359
242 363
242 382
242 406
242 416
242 422
242 426
242 457
242 415
242 409
243 247
243 277
243 355
243 388
243 399
243 449
243 484
244 302
244 323
244 347
244 350
244 352
244 385
244 398
244 427
244 449
244 467
244 499
244 282
245 251
245 301
245 338
245 364
245 394
245 322
246 276
246 307
246 335
246 371
246 389
246 415
246 424
246 436
246 460
246 479
247 266
247 328
247 392
247 394
247 462
247 467
247 499
247 375
248 256
248 316
248 392
248 403
248 428
248 443
248 455
248 331
249 267
249 368
249 449
250 264
250 283
250 296
250 307
250 346
250 358
250 393
250 499
251 299
251 323
251 379
251 411
251 478
252 255
252 321
252 405
252 413
252 414
253 312
253 342
253 395
253 451
253 496
254 255
254 263
254 288
254 324
254 340
254 348
254 357
254 368
254 381
254 419
254 461
254 478
254 490
254 498
254 369
254 260
255 270
255 303
255 306
255 318
255 360
255 380
255 385
255 394
255 404
255 409
255 464
256 346
256 349
256 374
256 388
256 406
256 498
257 289
257 462
257 422
258 317
258 393
258 420
258 446
259 306
259 321
259 400
259 419
259 424
259 437
260 307
260 358
260 361
260 493
260 498
261 303
261 320
261 396
261 412
261 440
261 457
262 268
262 270
262 272
262 351
262 371
262 387
262 418
262 442
262 446
262 479
262 483
262 498
263 274
263 289
263 322
263 353
263 358
264 272
264 279
264 282
264 301
264 315
264 391
264 399
265 268
265 317
265 337
265 363
265 460
265 465
265 479
266 310
266 327
266 344
266 346
266 413
266 442
266 454
266 486
266 494
267 268
267 273
267 290
267 304
267 306
267 337
267 361
267 449
268 303
268 308
268 325
268 330
268 350
268 354
268 356
268 379
268 380
268 385
268 404
268 409
268 417
268 441
268 457
269 274
269 285
269 330
269 359
269 421
269 442
269 464
270 277
270 285
270 300
270 302
270 307
270 360
270 396
270 443
270 484
270 499
271 294
271 300
271 327
271 332
271 363
271 406
271 422
271 314
271 467
272 280
272 310
272 368
272 396
272 400
272 410
272 430
272 490
273 405
273 414
273 471
274 307
274 321
274 336
274 358
274 398
274 400
274 463
275 278
275 293
275 294
275 318
275 424
275 494
276 285
276 291
276 297
276 311
276 424
276 437
276 497
276 472
277 281
277 317
277 320
277 324
277 329
277 342
277 361
277 363
277 378
277 403
277 486
277 374
278 327
278 342
278 362
278 391
278 396
279 289
279 314
279 315
279 326
279 408
279 413
279 435
279 442
279 493
279 425
280 310
280 427
280 479
281 321
281 353
281 368
281 369
281 381
281 428
281 441
281 493
281 497
281 346
282 310
282 355
282 361
282 368
282 406
282 432
282 471
283 306
283 492
284 308
284 329
284 378
284 412
284 484
284 379
285 378
285 495
285 496
286 302
286 306
286 364
286 387
286 398
286 411
286 418
286 426
286 432
286 462
286 470
286 486
287 290
287 300
287 311
287 329
287 372
287 417
287 473
287 495
288 300
288 374
288 410
288 460
288 301
290 315
290 401
290 406
290 453
290 458
291 306
291 317
291 335
291 357
291 366
291 377
291 399
291 472
291 495
292 312
292 344
292 360
292 382
292 385
292 389
292 401
292 421
292 444
292 479
293 327
293 336
293 373
293 472
293 478
294 316
294 346
294 377
294 392
294 396
294 404
294 431
294 452
294 469
295 299
295 303
295 336
295 339
295 385
295 402
295 440
295 480
296 392
296 454
296 317
297 299
297 305
297 313
297 338
297 344
297 365
297 389
297 399
297 428
298 325
298 343
298 369
298 391
298 427
299 313
299 315
299 322
299 394
299 423
299 440
299 447
299 451
299 463
299 472
299 474
299 343
300 309
300 319
300 327
300 328
300 353
300 381
300 430
300 433
300 473
301 379
301 398
301 424
302 326
302 370
302 407
302 409
302 436
303 336
303 343
303 368
303 406
303 407
304 381
304 400
304 404
304 493
304 475
305 359
305 370
305 395
305 432
305 453
306 358
306 423
306 470
306 482
306 499
307 442
307 463
308 310
308 341
308 383
308 426
308 492
309 334
309 357
309 414
310 340
310 407
310 414
310 429
310 431
310 457
310 460
311 328
311 361
311 416
311 496
311 371
311 461
312 439
312 447
312 454
312 462
313 318
313 326
313 384
313 398
313 405
313 425
313 478
314 324
314 329
314 368
314 375
314 497
315 345
315 346
315 444
316 345
316 369
316 408
316 415
316 445
316 448
316 468
316 397
317 332
317 333
317 348
317 388
317 436
317 413
318 321
318 371
318 390
318 400
318 324
319 321
319 344
319 359
319 363
319 381
319 390
319 463
319 475
320 422
320 425
320 436
320 443
320 489
321 335
321 364
321 433
321 458
321 474
322 357
322 369
322 393
322 412
322 434
322 439
322 490
322 493
322 494
323 359
323 364
323 373
323 380
323 425
323 434
324 339
324 388
324 411
324 451
324 452
324 479
324 486
325 355
325 393
325 398
325 424
326 334
326 359
326 385
326 405
326 428
326 480
327 440
327 458
327 463
328 352
328 358
328 446
329 337
329 385
329 388
329 404
330 347
330 362
330 369
330 405
330 478
330 493
330 360
331 349
331 367
331 383
331 402
331 404
331 415
331 456
331 459
331 466
331 489
332 363
332 472
332 427
333 390
333 414
333 425
333 432
333 438
333 439
333 445
333 468
333 481
333 490
333 492
333 405
334 365
334 377
334 394
334 407
334 416
334 428
334 483
334 492
334 488
335 361
335 375
335 401
335 406
335 414
335 416
336 364
336 375
336 461
336 498
336 401
337 354
337 371
337 415
338 347
338 348
338 357
338 365
338 366
338 393
338 409
338 425
339 450
339 492
340 365
340 369
340 414
340 421
340 427
340 454
341 390
341 476
342 345
342 373
342 410
342 430
342 458
342 484
343 352
343 384
343 396
343 397
343 450
343 461
344 352
344 358
344 373
344 380
344 416
344 435
344 451
344 476
344 489
344 499
345 355
345 385
345 403
345 451
346 381
346 424
347 383
347 414
347 471
348 435
348 443
348 477
348 487
349 395
349 439
350 396
350 415
351 380
351 413
351 436
351 449
352 355
352 392
352 400
352 412
352 421
352 452
353 448
354 406
354 445
354 477
355 373
355 376
355 382
356 491
357 392
357 420
357 422
357 487
358 430
358 450
359 377
359 423
359 427
359 435
359 478
360 406
360 440
360 480
360 403
361 413
361 430
361 475
361 494
362 397
362 405
362 413
362 480
363 411
363 417
363 433
363 440
363 443
364 472
364 422
365 404
366 420
366 442
367 413
367 417
367 469
367 380
368 416
368 446
368 467
368 486
368 383
369 416
369 465
369 489
370 382
370 437
371 411
371 423
371 492
372 387
372 395
372 455
372 469
373 382
373 396
373 424
373 499
375 394
375 424
375 435
375 491
375 497
375 429
376 410
376 426
376 454
376 492
377 384
377 481
379 459
380 398
380 432
380 436
380 444
381 400
381 462
381 495
381 469
382 389
382 396
382 409
382 411
382 493
383 420
383 434
383 487
383 488
384 459
384 494
385 402
385 416
385 432
386 481
386 493
387 452
387 455
387 460
387 477
388 407
388 442
388 489
389 409
389 499
391 422
391 459
391 473
392 459
392 471
393 445
393 471
394 460
395 476
395 489
396 398
396 466
396 482
398 433
398 470
398 473
399 435
399 460
399 467
400 453
400 468
400 475
401 410
401 473
402 404
402 415
402 424
402 441
402 465
403 414
403 430
403 446
403 456
403 466
404 433
404 471
405 467
406 419
407 447
410 454
410 424
411 454
411 476
411 481
411 499
413 427
413 432
413 498
414 420
414 424
414 473
415 416
415 465
416 487
417 442
418 437
419 421
419 456
419 463
419 474
419 479
420 452
420 459
421 489
422 445
422 493
422 498
422 448
423 434
423 457
423 466
423 481
424 441
424 454
425 443
427 451
427 485
427 446
428 460
429 463
430 488
430 497
432 490
434 449
434 455
434 482
435 455
435 463
435 476
437 439
437 449
437 469
437 488
438 459
438 463
439 466
439 477
440 445
440 477
441 495
441 496
442 453
443 472
444 450
445 485
445 494
445 497
447 457
447 496
447 499
448 456
449 453
449 488
450 481
451 472
451 475
452 482
454 470
454 497
459 476
460 474
462 479
463 472
463 482
463 496
464 490
465 482
468 476
469 486
471 473
471 479
471 494
471 498
472 488
473 475
474 488
476 480
476 484
476 485
481 482
483 498
485 488
485 496
494 497