413032857
14
500
6913
0 14
0 15
0 16
0 17
0 18
0 19
0 20
0 22
0 25
0 29
0 34
0 37
0 55
0 70
0 73
0 83
0 102
0 105
0 136
0 151
0 160
0 164
0 172
0 181
0 187
0 211
0 219
0 228
0 261
0 263
0 325
0 328
0 392
0 400
0 413
0 417
0 423
0 443
0 459
0 472
1 14
1 15
1 16
1 17
1 22
1 24
1 28
1 29
1 36
1 38
1 41
1 44
1 45
1 48
1 55
1 56
1 62
1 63
1 81
1 87
1 99
1 103
1 121
1 143
1 157
1 167
1 173
1 177
1 178
1 187
1 200
1 205
1 211
1 229
1 250
1 377
1 382
1 385
1 405
1 430
1 444
1 446
2 14
2 15
2 16
2 24
2 25
2 26
2 28
2 31
2 34
2 35
2 38
2 41
2 50
2 65
2 67
2 72
2 73
2 86
2 91
2 98
2 99
2 114
2 119
2 121
2 136
2 142
2 155
2 166
2 185
2 210
2 222
2 250
2 279
2 300
2 304
2 310
2 337
2 341
2 355
2 380
2 386
2 387
2 441
2 451
2 464
2 486
3 14
3 15
3 16
3 17
3 18
3 20
3 21
3 27
3 37
3 39
3 40
3 41
3 44
3 53
3 55
3 56
3 59
3 60
3 62
3 65
3 74
3 75
3 76
3 77
3 78
3 81
3 82
3 85
3 89
3 99
3 100
3 107
3 108
3 112
3 115
3 117
3 123
3 143
3 145
3 154
3 172
3 178
3 186
3 204
3 239
3 240
3 242
3 254
3 281
3 287
3 296
3 312
3 313
3 316
3 318
3 352
3 353
3 361
3 368
3 379
3 412
3 418
3 423
3 426
3 436
3 437
3 441
3 450
3 460
3 462
3 466
3 469
3 478
3 498
3 121
4 14
4 15
4 16
4 18
4 19
4 20
4 21
4 22
4 25
4 27
4 29
4 34
4 35
4 36
4 40
4 49
4 53
4 54
4 67
4 69
4 93
4 96
4 97
4 107
4 119
4 141
4 146
4 147
4 161
4 167
4 185
4 187
4 189
4 214
4 230
4 237
4 252
4 270
4 283
4 305
4 308
4 353
4 362
4 367
4 383
4 384
4 390
4 393
4 395
4 402
4 422
4 463
4 468
4 483
4 495
4 497
4 307
5 14
5 15
5 16
5 17
5 20
5 23
5 24
5 27
5 29
5 32
5 36
5 37
5 39
5 42
5 45
5 54
5 65
5 66
5 70
5 71
5 75
5 78
5 79
5 83
5 84
5 89
5 96
5 98
5 113
5 125
5 129
5 132
5 141
5 145
5 160
5 162
5 166
5 177
5 185
5 186
5 189
5 194
5 211
5 215
5 217
5 221
5 224
5 228
5 232
5 247
5 250
5 258
5 259
5 260
5 267
5 273
5 274
5 275
5 292
5 294
5 298
5 303
5 304
5 308
5 325
5 327
5 331
5 336
5 342
5 344
5 346
5 359
5 363
5 385
5 395
5 411
5 423
5 425
5 444
5 447
5 470
5 482
5 484
5 491
5 499
6 14
6 15
6 16
6 17
6 18
6 19
6 21
6 22
6 23
6 25
6 29
6 30
6 32
6 34
6 38
6 40
6 41
6 48
6 52
6 56
6 62
6 67
6 77
6 83
6 90
6 101
6 107
6 113
6 132
6 134
6 142
6 143
6 149
6 154
6 163
6 168
6 171
6 173
6 174
6 177
6 191
6 196
6 201
6 215
6 217
6 227
6 241
6 243
6 274
6 287
6 315
6 322
6 324
6 333
6 350
6 378
6 408
6 413
6 426
6 427
6 436
6 447
6 454
6 471
6 475
6 476
6 481
7 14
7 15
7 16
7 17
7 18
7 19
7 20
7 21
7 24
7 25
7 26
7 28
7 31
7 32
7 33
7 35
7 42
7 43
7 45
7 50
7 51
7 54
7 61
7 70
7 85
7 95
7 97
7 100
7 102
7 104
7 110
7 117
7 126
7 128
7 139
7 142
7 144
7 147
7 153
7 162
7 182
7 186
7 189
7 196
7 200
7 226
7 235
7 237
7 255
7 256
7 257
7 267
7 272
7 273
7 291
7 303
7 305
7 314
7 320
7 332
7 336
7 378
7 402
7 416
7 427
7 463
8 14
8 15
8 16
8 17
8 18
8 19
8 20
8 21
8 22
8 23
8 26
8 27
8 28
8 30
8 31
8 36
8 39
8 42
8 44
8 47
8 53
8 54
8 64
8 65
8 68
8 75
8 80
8 87
8 88
8 108
8 111
8 127
8 135
8 138
8 158
8 159
8 165
8 171
8 180
8 191
8 202
8 204
8 208
8 210
8 228
8 245
8 249
8 255
8 268
8 276
8 277
8 283
8 303
8 325
8 327
8 350
8 373
8 377
8 391
8 406
8 440
8 477
8 492
9 14
9 15
9 17
9 18
9 19
9 21
9 23
9 24
9 29
9 30
9 37
9 41
9 45
9 55
9 60
9 65
9 75
9 90
9 91
9 121
9 130
9 160
9 184
9 190
9 200
9 213
9 214
9 217
9 220
9 225
9 226
9 231
9 232
9 261
9 273
9 289
9 317
9 381
9 399
9 402
9 420
9 175
9 173
10 14
10 15
10 16
10 17
10 18
10 20
10 22
10 23
10 26
10 29
10 30
10 32
10 33
10 34
10 37
10 39
10 44
10 50
10 56
10 57
10 63
10 76
10 77
10 113
10 120
10 122
10 170
10 176
10 181
10 191
10 194
10 209
10 215
10 245
10 285
10 289
10 303
10 332
10 347
10 348
10 366
10 390
10 397
10 414
10 421
10 427
10 450
10 455
10 457
10 461
10 479
11 14
11 15
11 17
11 18
11 19
11 21
11 22
11 23
11 24
11 26
11 27
11 28
11 30
11 31
11 32
11 33
11 34
11 38
11 41
11 44
11 45
11 46
11 47
11 49
11 51
11 53
11 57
11 65
11 68
11 72
11 74
11 78
11 83
11 84
11 91
11 92
11 94
11 106
11 109
11 114
11 118
11 119
11 120
11 123
11 126
11 139
11 142
11 160
11 163
11 165
11 168
11 175
11 178
11 189
11 212
11 222
11 228
11 234
11 243
11 246
11 247
11 248
11 249
11 263
11 265
11 267
11 270
11 284
11 286
11 292
11 295
11 296
11 301
11 308
11 315
11 331
11 340
11 346
11 349
11 363
11 371
11 380
11 390
11 413
11 451
11 452
11 472
11 483
11 487
11 496
11 497
11 345
11 426
12 14
12 15
12 16
12 18
12 19
12 24
12 25
12 27
12 28
12 31
12 35
12 37
12 38
12 39
12 51
12 52
12 55
12 66
12 70
12 98
12 115
12 118
12 122
12 133
12 136
12 171
12 179
12 207
12 213
12 218
12 232
12 246
12 251
12 264
12 266
12 282
12 356
12 357
12 384
12 390
12 421
12 422
12 438
12 444
12 455
12 473
12 486
12 33
13 14
13 16
13 17
13 19
13 20
13 24
13 27
13 32
13 33
13 42
13 60
13 126
13 143
13 152
13 175
13 184
13 186
13 194
13 215
13 237
13 268
13 281
13 302
13 310
13 328
13 367
13 373
13 375
13 476
13 485
14 15
14 16
14 17
14 18
14 19
14 20
14 21
14 22
14 23
14 24
14 25
14 26
14 27
14 28
14 29
14 30
14 35
14 37
14 39
14 42
14 43
14 45
14 47
14 48
14 50
14 52
14 53
14 54
14 56
14 57
14 60
14 62
14 64
14 66
14 68
14 71
14 74
14 75
14 76
14 80
14 82
14 88
14 90
14 92
14 98
14 99
14 106
14 109
14 111
14 112
14 113
14 116
14 121
14 122
14 123
14 124
14 125
14 127
14 130
14 131
14 135
14 140
14 146
14 148
14 153
14 154
14 160
14 167
14 184
14 185
14 197
14 199
14 208
14 213
14 217
14 218
14 220
14 221
14 229
14 231
14 241
14 249
14 255
14 262
14 263
14 268
14 286
14 296
14 302
14 303
14 305
14 310
14 311
14 312
14 318
14 321
14 325
14 331
14 332
14 343
14 345
14 347
14 354
14 359
14 365
14 381
14 384
14 390
14 392
14 398
14 399
14 407
14 413
14 417
14 418
14 424
14 430
14 436
14 437
14 443
14 451
14 457
14 487
14 493
14 129
15 16
15 17
15 18
15 19
15 20
15 21
15 22
15 23
15 24
15 25
15 26
15 27
15 28
15 29
15 30
15 32
15 34
15 35
15 36
15 37
15 39
15 40
15 42
15 56
15 57
15 58
15 59
15 60
15 61
15 64
15 66
15 69
15 73
15 74
15 75
15 77
15 78
15 79
15 81
15 82
15 85
15 86
15 87
15 88
15 89
15 95
15 97
15 100
15 102
15 110
15 112
15 114
15 115
15 117
15 120
15 123
15 125
15 129
15 135
15 139
15 146
15 149
15 157
15 161
15 164
15 169
15 171
15 174
15 177
15 181
15 182
15 187
15 189
15 192
15 194
15 197
15 199
15 201
15 203
15 204
15 209
15 215
15 216
15 217
15 221
15 227
15 230
15 236
15 242
15 245
15 253
15 256
15 259
15 263
15 270
15 271
15 273
15 278
15 282
15 285
15 290
15 291
15 294
15 295
15 304
15 309
15 318
15 331
15 335
15 341
15 346
15 348
15 351
15 355
15 358
15 361
15 369
15 373
15 378
15 380
15 386
15 394
15 396
15 412
15 414
15 421
15 429
15 438
15 447
15 454
15 456
15 458
15 464
15 478
15 482
15 488
15 495
15 498
16 17
16 18
16 19
16 20
16 21
16 22
16 23
16 24
16 25
16 26
16 27
16 31
16 32
16 33
16 39
16 40
16 43
16 46
16 48
16 49
16 51
16 53
16 56
16 58
16 59
16 66
16 67
16 70
16 76
16 78
16 79
16 82
16 85
16 87
16 89
16 90
16 101
16 105
16 110
16 111
16 116
16 128
16 129
16 133
16 137
16 152
16 153
16 187
16 188
16 193
16 194
16 196
16 199
16 203
16 205
16 211
16 224
16 232
16 235
16 237
16 240
16 242
16 245
16 253
16 258
16 264
16 265
16 267
16 272
16 287
16 299
16 304
16 324
16 333
16 337
16 343
16 349
16 351
16 359
16 363
16 365
16 370
16 375
16 404
16 406
16 429
16 435
16 437
16 439
16 440
16 444
16 445
16 452
16 456
16 465
16 468
16 470
16 473
16 478
16 487
16 494
16 447
17 18
17 19
17 20
17 21
17 22
17 23
17 25
17 26
17 27
17 28
17 31
17 33
17 34
17 36
17 38
17 39
17 40
17 41
17 43
17 44
17 46
17 49
17 50
17 51
17 54
17 56
17 59
17 61
17 62
17 66
17 72
17 75
17 78
17 81
17 85
17 89
17 92
17 102
17 103
17 110
17 115
17 116
17 121
17 122
17 124
17 133
17 134
17 135
17 140
17 147
17 148
17 149
17 158
17 159
17 178
17 181
17 183
17 195
17 196
17 201
17 206
17 211
17 217
17 219
17 222
17 223
17 224
17 225
17 227
17 238
17 243
17 245
17 247
17 263
17 272
17 280
17 290
17 293
17 298
17 317
17 325
17 329
17 333
17 342
17 354
17 359
17 362
17 377
17 382
17 404
17 405
17 420
17 426
17 430
17 444
17 446
17 449
17 457
17 478
17 479
17 229
17 391
18 19
18 20
18 21
18 22
18 23
18 24
18 25
18 26
18 30
18 31
18 32
18 33
18 35
18 41
18 43
18 46
18 48
18 51
18 52
18 58
18 60
18 61
18 62
18 67
18 69
18 70
18 75
18 76
18 79
18 82
18 83
18 87
18 88
18 89
18 91
18 94
18 97
18 99
18 101
18 105
18 113
18 114
18 122
18 128
18 137
18 141
18 144
18 146
18 152
18 155
18 164
18 173
18 175
18 187
18 192
18 200
18 202
18 206
18 208
18 215
18 222
18 224
18 231
18 234
18 248
18 252
18 256
18 261
18 269
18 274
18 279
18 296
18 314
18 320
18 321
18 336
18 341
18 347
18 353
18 374
18 376
18 406
18 409
18 431
18 435
18 452
18 459
18 469
18 473
18 479
18 482
18 496
18 498
18 161
19 20
19 21
19 23
19 25
19 26
19 28
19 29
19 30
19 31
19 38
19 39
19 41
19 42
19 47
19 50
19 51
19 53
19 54
19 64
19 68
19 70
19 72
19 83
19 90
19 92
19 94
19 96
19 97
19 99
19 100
19 103
19 109
19 123
19 124
19 131
19 133
19 143
19 146
19 149
19 155
19 159
19 170
19 172
19 183
19 185
19 186
19 217
19 223
19 224
19 229
19 232
19 235
19 240
19 241
19 251
19 255
19 256
19 294
19 296
19 302
19 310
19 311
19 312
19 319
19 332
19 336
19 343
19 346
19 350
19 354
19 359
19 360
19 363
19 385
19 386
19 388
19 390
19 410
19 412
19 414
19 432
19 438
19 440
19 444
19 476
19 490
19 494
19 496
19 499
19 244
20 21
20 22
20 23
20 26
20 28
20 30
20 31
20 34
20 35
20 36
20 38
20 45
20 48
20 56
20 58
20 67
20 82
20 85
20 88
20 91
20 92
20 102
20 105
20 106
20 121
20 126
20 135
20 144
20 146
20 148
20 156
20 163
20 172
20 187
20 193
20 210
20 251
20 253
20 257
20 276
20 282
20 283
20 284
20 302
20 324
20 328
20 332
20 341
20 348
20 358
20 364
20 365
20 392
20 396
20 414
20 427
20 435
20 440
20 453
20 455
20 459
20 465
20 468
20 473
20 334
20 484
21 22
21 24
21 27
21 28
21 32
21 34
21 35
21 36
21 43
21 45
21 46
21 49
21 51
21 52
21 57
21 59
21 60
21 62
21 63
21 64
21 66
21 68
21 69
21 73
21 78
21 82
21 85
21 89
21 90
21 91
21 96
21 97
21 98
21 99
21 100
21 102
21 103
21 104
21 108
21 114
21 118
21 126
21 132
21 153
21 159
21 166
21 167
21 173
21 175
21 184
21 194
21 207
21 208
21 220
21 221
21 228
21 229
21 232
21 233
21 235
21 241
21 242
21 248
21 253
21 262
21 269
21 281
21 283
21 285
21 286
21 288
21 293
21 305
21 306
21 308
21 312
21 313
21 316
21 317
21 324
21 329
21 331
21 342
21 346
21 351
21 373
21 374
21 379
21 413
21 418
21 424
21 430
21 434
21 438
21 440
21 442
21 446
21 455
21 467
21 474
21 481
21 485
21 487
22 23
22 26
22 28
22 32
22 33
22 35
22 39
22 40
22 43
22 44
22 45
22 46
22 47
22 51
22 53
22 59
22 62
22 67
22 71
22 81
22 83
22 98
22 100
22 101
22 107
22 108
22 112
22 126
22 135
22 136
22 139
22 146
22 148
22 152
22 156
22 161
22 169
22 171
22 177
22 179
22 183
22 188
22 189
22 195
22 196
22 197
22 212
22 213
22 221
22 225
22 230
22 237
22 239
22 244
22 248
22 252
22 259
22 267
22 273
22 275
22 280
22 287
22 288
22 289
22 293
22 299
22 301
22 345
22 351
22 352
22 358
22 360
22 362
22 365
22 369
22 400
22 401
22 424
22 425
22 426
22 452
22 454
22 474
22 486
23 24
23 25
23 28
23 29
23 34
23 36
23 43
23 44
23 45
23 49
23 50
23 51
23 52
23 53
23 55
23 59
23 63
23 64
23 65
23 68
23 73
23 76
23 77
23 82
23 84
23 85
23 86
23 93
23 94
23 96
23 101
23 104
23 105
23 106
23 110
23 111
23 112
23 113
23 122
23 124
23 125
23 129
23 131
23 134
23 138
23 147
23 148
23 152
23 167
23 168
23 177
23 180
23 185
23 191
23 195
23 197
23 198
23 199
23 207
23 209
23 213
23 216
23 219
23 222
23 223
23 227
23 240
23 249
23 252
23 259
23 261
23 265
23 267
23 275
23 283
23 287
23 291
23 297
23 301
23 304
23 308
23 314
23 319
23 322
23 325
23 329
23 330
23 344
23 345
23 371
23 374
23 394
23 400
23 405
23 408
23 409
23 413
23 433
23 437
23 471
23 481
23 484
23 498
23 499
24 25
24 26
24 27
24 30
24 32
24 34
24 35
24 36
24 37
24 42
24 44
24 49
24 52
24 59
24 63
24 68
24 71
24 72
24 73
24 74
24 80
24 81
24 86
24 92
24 101
24 102
24 103
24 118
24 121
24 123
24 132
24 136
24 153
24 158
24 169
24 171
24 178
24 182
24 198
24 202
24 205
24 220
24 231
24 237
24 240
24 245
24 246
24 251
24 253
24 263
24 265
24 276
24 279
24 282
24 283
24 284
24 292
24 307
24 327
24 341
24 347
24 353
24 354
24 358
24 359
24 366
24 367
24 369
24 376
24 379
24 381
24 383
24 398
24 423
24 434
24 443
24 449
24 450
24 452
24 457
24 466
24 470
24 472
25 27
25 29
25 30
25 31
25 33
25 36
25 37
25 39
25 40
25 42
25 43
25 47
25 48
25 49
25 50
25 52
25 53
25 56
25 69
25 74
25 84
25 94
25 97
25 98
25 107
25 108
25 110
25 116
25 124
25 126
25 134
25 138
25 142
25 145
25 153
25 158
25 161
25 164
25 168
25 176
25 177
25 181
25 183
25 187
25 190
25 192
25 195
25 199
25 201
25 202
25 207
25 211
25 217
25 226
25 231
25 235
25 236
25 237
25 241
25 254
25 268
25 297
25 310
25 315
25 335
25 337
25 338
25 340
25 342
25 347
25 372
25 375
25 376
25 394
25 398
25 407
25 409
25 428
25 443
25 461
25 480
25 481
26 29
26 30
26 33
26 41
26 45
26 46
26 47
26 48
26 51
26 59
26 63
26 74
26 78
26 83
26 84
26 87
26 90
26 97
26 99
26 115
26 119
26 136
26 138
26 141
26 145
26 149
26 151
26 163
26 165
26 166
26 172
26 173
26 179
26 187
26 198
26 201
26 203
26 223
26 236
26 238
26 249
26 261
26 265
26 269
26 275
26 276
26 283
26 291
26 311
26 330
26 350
26 358
26 365
26 372
26 394
26 395
26 397
26 398
26 403
26 407
26 422
26 438
26 441
26 460
26 462
26 475
26 485
26 491
26 174
26 433
27 29
27 31
27 32
27 33
27 37
27 39
27 40
27 41
27 43
27 44
27 45
27 50
27 55
27 57
27 64
27 65
27 66
27 68
27 71
27 72
27 73
27 77
27 88
27 93
27 96
27 98
27 103
27 112
27 116
27 117
27 126
27 128
27 130
27 140
27 141
27 152
27 155
27 158
27 160
27 162
27 168
27 175
27 176
27 188
27 194
27 197
27 198
27 201
27 207
27 236
27 244
27 258
27 264
27 277
27 286
27 302
27 319
27 330
27 333
27 335
27 337
27 352
27 361
27 362
27 363
27 374
27 390
27 391
27 408
27 416
27 417
27 426
27 436
27 446
27 449
27 466
27 469
27 470
27 477
27 483
27 489
27 490
28 30
28 31
28 33
28 37
28 40
28 46
28 49
28 50
28 51
28 59
28 60
28 64
28 66
28 68
28 73
28 77
28 92
28 93
28 96
28 104
28 114
28 121
28 133
28 138
28 139
28 148
28 149
28 150
28 160
28 173
28 181
28 188
28 193
28 203
28 214
28 223
28 228
28 232
28 235
28 244
28 255
28 274
28 306
28 317
28 322
28 324
28 333
28 343
28 353
28 367
28 368
28 371
28 378
28 391
28 402
28 403
28 431
28 433
28 441
28 449
28 467
28 469
29 31
29 32
29 34
29 35
29 36
29 37
29 41
29 42
29 49
29 53
29 54
29 58
29 63
29 64
29 66
29 70
29 71
29 72
29 74
29 77
29 79
29 81
29 83
29 95
29 101
29 103
29 104
29 105
29 110
29 111
29 112
29 113
29 116
29 119
29 123
29 131
29 149
29 151
29 180
29 189
29 198
29 200
29 213
29 215
29 225
29 238
29 285
29 288
29 290
29 297
29 314
29 315
29 340
29 347
29 366
29 373
29 400
29 406
29 422
29 428
29 439
29 449
29 464
29 468
29 473
29 480
29 484
29 492
29 499
29 99
29 329
30 34
30 35
30 37
30 38
30 44
30 54
30 60
30 61
30 62
30 69
30 73
30 75
30 84
30 90
30 94
30 110
30 123
30 130
30 132
30 142
30 144
30 147
30 154
30 166
30 169
30 205
30 207
30 208
30 218
30 250
30 253
30 254
30 270
30 295
30 322
30 332
30 389
30 406
30 414
30 421
30 431
30 433
30 435
30 497
30 311
31 33
31 35
31 43
31 46
31 47
31 52
31 58
31 59
31 61
31 62
31 66
31 78
31 79
31 97
31 101
31 105
31 117
31 131
31 133
31 155
31 170
31 183
31 204
31 205
31 222
31 236
31 243
31 248
31 255
31 257
31 274
31 327
31 330
31 336
31 349
31 351
31 359
31 362
31 385
31 387
31 420
31 434
31 438
31 461
31 477
31 147
32 33
32 36
32 38
32 39
32 51
32 52
32 54
32 56
32 65
32 67
32 69
32 71
32 73
32 79
32 83
32 91
32 93
32 95
32 103
32 104
32 108
32 114
32 115
32 120
32 121
32 124
32 128
32 137
32 145
32 150
32 153
32 156
32 163
32 165
32 166
32 168
32 170
32 176
32 180
32 185
32 187
32 193
32 200
32 211
32 212
32 214
32 215
32 218
32 219
32 222
32 225
32 234
32 240
32 242
32 260
32 269
32 278
32 289
32 301
32 320
32 336
32 339
32 344
32 353
32 356
32 369
32 378
32 379
32 382
32 385
32 397
32 411
32 412
32 445
32 458
32 461
32 479
32 482
32 484
32 495
32 63
32 110
33 36
33 38
33 40
33 42
33 43
33 46
33 47
33 48
33 52
33 59
33 61
33 79
33 91
33 102
33 108
33 111
33 118
33 120
33 126
33 130
33 138
33 161
33 204
33 216
33 217
33 219
33 220
33 235
33 241
33 254
33 260
33 263
33 275
33 281
33 282
33 283
33 287
33 290
33 294
33 306
33 314
33 328
33 335
33 338
33 342
33 348
33 357
33 372
33 389
33 400
33 412
33 426
33 430
33 431
33 432
33 447
33 451
33 491
33 492
33 493
33 496
33 498
34 40
34 41
34 46
34 48
34 54
34 55
34 57
34 60
34 63
34 69
34 78
34 80
34 85
34 100
34 103
34 116
34 118
34 119
34 122
34 134
34 140
34 152
34 158
34 160
34 161
34 165
34 167
34 175
34 180
34 184
34 194
34 209
34 257
34 259
34 280
34 285
34 297
34 301
34 306
34 324
34 329
34 353
34 372
34 406
34 422
34 429
34 445
35 38
35 45
35 56
35 60
35 69
35 71
35 72
35 82
35 107
35 130
35 168
35 176
35 197
35 251
35 272
35 280
35 319
35 326
35 334
35 357
35 375
35 434
35 439
35 441
35 442
36 38
36 40
36 42
36 44
36 45
36 49
36 57
36 58
36 61
36 63
36 64
36 65
36 68
36 70
36 77
36 87
36 135
36 139
36 147
36 171
36 183
36 189
36 192
36 193
36 208
36 240
36 242
36 251
36 269
36 329
36 340
36 351
36 353
36 386
36 387
36 392
36 420
36 431
36 432
36 463
36 475
36 476
36 494
36 265
36 247
36 310
37 38
37 43
37 47
37 49
37 55
37 58
37 60
37 70
37 81
37 83
37 84
37 86
37 87
37 88
37 93
37 97
37 111
37 128
37 162
37 165
37 184
37 187
37 188
37 191
37 197
37 200
37 206
37 214
37 253
37 258
37 277
37 293
37 298
37 301
37 315
37 329
37 331
37 334
37 340
37 345
37 394
37 423
37 436
37 472
37 482
37 483
37 487
38 40
38 55
38 58
38 67
38 80
38 81
38 106
38 150
38 153
38 164
38 178
38 197
38 204
38 213
38 216
38 278
38 286
38 311
38 327
38 341
38 369
38 402
38 443
38 452
39 41
39 42
39 44
39 48
39 66
39 75
39 82
39 84
39 86
39 87
39 95
39 96
39 104
39 120
39 125
39 131
39 143
39 151
39 166
39 175
39 180
39 191
39 214
39 223
39 233
39 236
39 246
39 250
39 265
39 275
39 282
39 284
39 300
39 310
39 319
39 352
39 372
39 386
39 387
39 403
39 408
39 414
39 426
39 446
39 470
39 483
40 43
40 44
40 46
40 48
40 49
40 63
40 65
40 90
40 111
40 130
40 196
40 199
40 216
40 221
40 226
40 236
40 246
40 247
40 250
40 271
40 316
40 345
40 349
40 360
40 383
40 385
40 392
40 406
40 411
40 442
40 51
41 42
41 48
41 53
41 69
41 80
41 87
41 90
41 93
41 94
41 95
41 96
41 109
41 116
41 118
41 122
41 130
41 134
41 144
41 151
41 167
41 169
41 181
41 193
41 215
41 216
41 218
41 225
41 230
41 231
41 235
41 243
41 244
41 247
41 251
41 259
41 260
41 290
41 308
41 326
41 343
41 347
41 352
41 407
41 419
41 445
41 451
41 456
41 187
41 254
42 46
42 47
42 48
42 50
42 52
42 55
42 59
42 68
42 71
42 74
42 75
42 79
42 83
42 92
42 95
42 98
42 105
42 106
42 107
42 109
42 112
42 124
42 144
42 145
42 156
42 157
42 162
42 181
42 182
42 191
42 198
42 210
42 227
42 229
42 252
42 253
42 261
42 300
42 317
42 331
42 334
42 345
42 368
42 399
42 407
42 419
42 425
42 430
42 433
42 440
42 443
42 450
42 461
42 464
42 489
43 47
43 50
43 52
43 69
43 74
43 86
43 95
43 96
43 98
43 99
43 109
43 115
43 117
43 122
43 125
43 126
43 128
43 141
43 155
43 158
43 176
43 179
43 180
43 183
43 196
43 205
43 206
43 219
43 223
43 226
43 241
43 256
43 260
43 267
43 273
43 309
43 313
43 342
43 351
43 368
43 381
43 398
43 415
43 446
43 456
43 459
43 467
43 477
43 499
43 490
44 46
44 53
44 54
44 56
44 57
44 58
44 61
44 67
44 80
44 104
44 106
44 107
44 119
44 128
44 133
44 134
44 136
44 142
44 149
44 152
44 180
44 185
44 186
44 208
44 227
44 258
44 322
44 339
44 370
44 385
44 394
44 415
44 423
44 429
44 462
44 470
44 499
45 47
45 49
45 50
45 56
45 67
45 70
45 71
45 72
45 73
45 79
45 99
45 100
45 102
45 106
45 107
45 111
45 112
45 124
45 136
45 144
45 146
45 154
45 188
45 210
45 234
45 280
45 291
45 297
45 298
45 311
45 338
45 344
45 350
45 352
45 369
45 371
45 390
45 397
45 445
45 467
45 491
45 493
46 47
46 53
46 54
46 59
46 72
46 79
46 84
46 89
46 94
46 108
46 123
46 145
46 161
46 162
46 164
46 167
46 169
46 172
46 190
46 193
46 195
46 200
46 214
46 227
46 233
46 244
46 255
46 261
46 266
46 290
46 308
46 312
46 318
46 323
46 326
46 338
46 339
46 362
46 367
46 372
46 402
46 434
46 439
46 448
46 449
46 455
46 465
46 471
46 480
46 495
46 365
46 438
46 461
47 50
47 54
47 57
47 70
47 71
47 72
47 74
47 88
47 99
47 102
47 115
47 125
47 140
47 163
47 170
47 180
47 181
47 185
47 190
47 207
47 214
47 230
47 231
47 252
47 309
47 329
47 337
47 340
47 349
47 353
47 378
47 396
47 399
47 407
47 419
47 432
47 433
47 439
47 445
47 448
47 498
48 58
48 60
48 63
48 65
48 75
48 91
48 93
48 105
48 107
48 113
48 115
48 118
48 124
48 140
48 150
48 151
48 157
48 180
48 192
48 203
48 205
48 216
48 217
48 219
48 243
48 255
48 256
48 276
48 292
48 300
48 323
48 335
48 344
48 364
48 366
48 367
48 381
48 391
48 393
48 395
48 431
48 456
48 475
49 52
49 55
49 63
49 66
49 67
49 69
49 78
49 79
49 86
49 91
49 104
49 106
49 107
49 109
49 112
49 118
49 122
49 133
49 138
49 147
49 154
49 161
49 178
49 179
49 189
49 192
49 196
49 205
49 208
49 214
49 216
49 220
49 224
49 235
49 239
49 249
49 251
49 261
49 273
49 286
49 297
49 298
49 303
49 313
49 316
49 325
49 332
49 338
49 350
49 359
49 375
49 403
49 407
49 409
49 425
49 440
49 459
49 473
49 475
50 51
50 55
50 57
50 58
50 62
50 64
50 82
50 108
50 109
50 121
50 123
50 127
50 136
50 145
50 148
50 184
50 191
50 202
50 205
50 206
50 224
50 244
50 247
50 277
50 293
50 304
50 317
50 322
50 323
50 331
50 335
50 339
50 356
50 360
50 371
50 404
50 413
50 419
50 438
50 456
50 474
50 163
51 55
51 60
51 61
51 68
51 70
51 86
51 94
51 96
51 101
51 106
51 109
51 111
51 114
51 140
51 171
51 172
51 177
51 183
51 206
51 227
51 228
51 239
51 242
51 258
51 268
51 275
51 282
51 288
51 310
51 318
51 356
51 370
51 383
51 393
51 412
51 422
51 479
51 488
51 493
52 62
52 67
52 69
52 74
52 76
52 80
52 88
52 136
52 147
52 154
52 169
52 170
52 174
52 175
52 195
52 205
52 207
52 219
52 238
52 246
52 250
52 279
52 296
52 344
52 347
52 366
52 384
52 394
52 395
52 426
52 52
53 58
53 63
53 64
53 65
53 72
53 76
53 77
53 90
53 100
53 101
53 102
53 122
53 124
53 129
53 136
53 142
53 150
53 157
53 194
53 196
53 206
53 213
53 220
53 247
53 282
53 287
53 289
53 309
53 310
53 349
53 384
53 399
53 454
53 457
53 458
53 471
53 474
53 84
54 57
54 61
54 78
54 87
54 95
54 98
54 100
54 104
54 140
54 150
54 155
54 157
54 165
54 173
54 203
54 213
54 226
54 240
54 245
54 254
54 259
54 264
54 270
54 291
54 300
54 324
54 392
54 450
54 482
54 70
55 57
55 58
55 61
55 64
55 71
55 72
55 80
55 112
55 117
55 119
55 120
55 127
55 139
55 141
55 143
55 147
55 151
55 153
55 161
55 164
55 178
55 179
55 193
55 208
55 222
55 226
55 230
55 245
55 249
55 252
55 270
55 271
55 272
55 279
55 319
55 325
55 360
55 365
55 368
55 397
55 405
55 411
55 424
55 496
56 57
56 67
56 73
56 80
56 82
56 92
56 94
56 99
56 101
56 103
56 108
56 111
56 134
56 166
56 174
56 176
56 181
56 191
56 198
56 201
56 227
56 232
56 245
56 256
56 273
56 293
56 295
56 302
56 306
56 307
56 313
56 360
56 384
56 393
56 402
56 404
56 408
56 437
56 453
56 481
57 61
57 74
57 80
57 93
57 95
57 97
57 101
57 109
57 110
57 124
57 125
57 141
57 155
57 182
57 186
57 207
57 216
57 227
57 247
57 248
57 255
57 270
57 282
57 290
57 291
57 302
57 303
57 329
57 336
57 339
57 343
57 356
57 366
57 389
57 395
57 426
57 476
57 478
57 480
57 483
57 162
58 118
58 141
58 148
58 155
58 159
58 178
58 182
58 212
58 335
58 355
58 368
58 370
58 373
58 407
58 418
58 469
58 476
58 487
59 62
59 66
59 68
59 84
59 94
59 113
59 114
59 125
59 154
59 156
59 179
59 191
59 192
59 194
59 227
59 229
59 253
59 265
59 285
59 309
59 322
59 392
59 419
59 426
59 73
59 359
60 61
60 76
60 77
60 82
60 95
60 109
60 118
60 124
60 147
60 148
60 177
60 182
60 293
60 310
60 313
60 328
60 334
60 385
60 419
60 428
60 470
61 62
61 65
61 73
61 77
61 86
61 92
61 98
61 101
61 102
61 131
61 139
61 140
61 142
61 155
61 184
61 206
61 218
61 229
61 234
61 244
61 257
61 260
61 300
61 316
61 378
61 402
61 419
61 451
61 465
61 480
61 117
61 332
62 63
62 69
62 86
62 89
62 103
62 105
62 108
62 112
62 115
62 119
62 131
62 143
62 144
62 153
62 158
62 160
62 170
62 220
62 237
62 239
62 246
62 250
62 253
62 254
62 265
62 273
62 286
62 288
62 293
62 294
62 297
62 301
62 305
62 320
62 341
62 346
62 348
62 352
62 357
62 376
62 387
62 389
62 392
62 401
62 410
62 427
62 433
62 435
62 447
62 450
62 462
62 464
62 466
62 489
62 499
63 64
63 78
63 79
63 81
63 89
63 96
63 112
63 113
63 126
63 137
63 156
63 174
63 192
63 194
63 206
63 216
63 217
63 220
63 238
63 248
63 252
63 253
63 271
63 275
63 316
63 317
63 321
63 328
63 346
63 352
63 377
63 391
63 405
63 423
63 424
63 428
63 429
63 432
63 444
63 448
63 492
64 71
64 76
64 79
64 83
64 84
64 85
64 86
64 92
64 100
64 111
64 115
64 117
64 121
64 127
64 131
64 145
64 157
64 182
64 193
64 198
64 202
64 229
64 230
64 249
64 250
64 253
64 259
64 341
64 343
64 347
64 367
64 376
64 382
64 386
64 387
64 412
64 454
64 286
65 72
65 75
65 77
65 92
65 94
65 103
65 119
65 156
65 202
65 213
65 238
65 264
65 290
65 299
65 364
65 410
65 411
65 412
65 428
66 70
66 73
66 76
66 80
66 85
66 97
66 99
66 104
66 105
66 129
66 166
66 188
66 224
66 237
66 244
66 259
66 306
66 315
66 320
66 334
66 369
66 388
66 499
66 149
67 68
67 83
67 87
67 93
67 114
67 117
67 120
67 123
67 131
67 132
67 136
67 137
67 139
67 152
67 184
67 190
67 192
67 205
67 232
67 242
67 277
67 281
67 282
67 292
67 296
67 314
67 322
67 325
67 326
67 334
67 336
67 354
67 365
67 369
67 370
67 407
67 421
67 432
67 444
67 460
67 466
67 488
67 495
67 154
68 78
68 88
68 89
68 145
68 200
68 225
68 238
68 260
68 278
68 307
68 308
68 312
68 316
68 322
68 362
68 392
68 418
68 474
69 74
69 86
69 92
69 126
69 132
69 137
69 140
69 141
69 166
69 202
69 247
69 271
69 331
69 338
69 355
69 409
69 438
69 491
69 242
70 71
70 76
70 77
70 80
70 84
70 89
70 91
70 109
70 115
70 119
70 137
70 138
70 139
70 147
70 163
70 165
70 169
70 173
70 190
70 202
70 203
70 232
70 244
70 248
70 284
70 289
70 290
70 312
70 321
70 328
70 329
70 344
70 359
70 369
70 472
70 489
70 126
71 82
71 88
71 110
71 121
71 132
71 148
71 159
71 226
71 245
71 269
71 313
71 393
71 403
71 408
71 443
71 480
71 449
72 76
72 80
72 81
72 85
72 87
72 93
72 110
72 113
72 115
72 120
72 122
72 128
72 130
72 133
72 147
72 157
72 160
72 163
72 168
72 172
72 180
72 182
72 212
72 219
72 233
72 236
72 245
72 267
72 270
72 271
72 273
72 315
72 316
72 326
72 332
72 343
72 356
72 368
72 378
72 385
72 386
72 401
72 410
72 417
72 420
72 421
72 424
72 443
72 463
72 465
72 467
72 469
72 477
72 488
73 81
73 84
73 89
73 107
73 116
73 123
73 128
73 132
73 142
73 143
73 154
73 156
73 171
73 173
73 174
73 176
73 179
73 183
73 190
73 197
73 209
73 221
73 225
73 252
73 270
73 271
73 276
73 279
73 285
73 289
73 305
73 323
73 327
73 340
73 354
73 356
73 366
73 376
73 380
73 395
73 416
73 427
73 481
73 491
73 497
73 264
74 75
74 76
74 81
74 85
74 88
74 98
74 100
74 114
74 116
74 118
74 125
74 130
74 135
74 137
74 145
74 160
74 174
74 237
74 238
74 244
74 266
74 271
74 272
74 274
74 311
74 314
74 317
74 322
74 324
74 329
74 348
74 360
74 369
74 404
74 410
74 419
74 433
74 447
74 487
74 481
75 81
75 89
75 91
75 99
75 114
75 120
75 123
75 129
75 132
75 133
75 163
75 176
75 198
75 213
75 214
75 239
75 269
75 276
75 279
75 280
75 283
75 306
75 316
75 342
75 359
75 360
75 386
75 421
75 462
75 474
75 496
76 94
76 95
76 97
76 98
76 104
76 107
76 128
76 143
76 150
76 173
76 195
76 209
76 210
76 223
76 236
76 242
76 261
76 267
76 271
76 274
76 281
76 293
76 298
76 322
76 333
76 349
76 415
76 420
76 460
76 461
76 488
76 495
76 256
77 88
77 90
77 113
77 115
77 138
77 169
77 172
77 174
77 176
77 189
77 192
77 202
77 204
77 212
77 218
77 247
77 256
77 275
77 329
77 335
77 349
77 360
77 364
77 387
77 395
77 404
77 412
77 416
77 425
77 432
77 444
77 455
77 492
78 86
78 91
78 105
78 114
78 117
78 119
78 137
78 169
78 175
78 177
78 204
78 212
78 215
78 276
78 284
78 319
78 323
78 327
78 356
78 381
78 415
78 435
79 87
79 90
79 96
79 132
79 137
79 142
79 149
79 150
79 152
79 155
79 162
79 181
79 188
79 217
79 257
79 262
79 273
79 274
79 299
79 302
79 318
79 347
79 370
79 383
79 441
79 458
79 497
79 417
80 100
80 118
80 130
80 137
80 170
80 221
80 254
80 365
80 367
80 370
80 437
80 456
80 175
80 81
81 85
81 113
81 135
81 142
81 150
81 160
81 175
81 190
81 195
81 212
81 233
81 244
81 250
81 257
81 258
81 306
81 321
81 343
81 410
81 412
81 417
81 435
81 436
82 88
82 94
82 106
82 127
82 146
82 151
82 164
82 168
82 195
82 198
82 201
82 210
82 223
82 228
82 229
82 240
82 245
82 254
82 255
82 260
82 264
82 284
82 288
82 290
82 298
82 338
82 363
82 368
82 376
82 388
82 396
82 429
82 447
82 487
82 494
83 84
83 105
83 138
83 149
83 168
83 188
83 199
83 208
83 235
83 259
83 291
83 294
83 302
83 304
83 310
83 331
83 332
83 378
83 409
83 422
84 95
84 96
84 97
84 103
84 120
84 132
84 134
84 140
84 143
84 154
84 173
84 180
84 182
84 188
84 198
84 219
84 225
84 230
84 241
84 266
84 290
84 326
84 337
84 346
84 353
84 423
85 90
85 91
85 127
85 140
85 150
85 170
85 195
85 226
85 243
85 279
85 286
85 306
85 332
85 362
85 374
85 417
85 434
85 439
86 92
86 93
86 104
86 112
86 137
86 168
86 190
86 234
86 265
86 276
86 279
86 296
86 349
86 459
86 463
87 101
87 114
87 151
87 201
87 242
87 248
87 254
87 260
87 284
87 331
87 383
87 397
87 404
87 409
88 110
88 159
88 166
88 204
88 229
88 239
88 240
88 256
88 280
88 292
88 301
88 334
88 351
88 377
88 441
88 447
88 453
88 463
89 95
89 104
89 105
89 122
89 131
89 138
89 144
89 148
89 162
89 174
89 207
89 230
89 241
89 255
89 262
89 266
89 294
89 297
89 327
89 358
89 428
89 483
89 265
90 93
90 102
90 106
90 109
90 129
90 140
90 158
90 160
90 161
90 179
90 190
90 202
90 215
90 237
90 261
90 306
90 308
90 389
90 402
90 410
90 428
90 445
90 447
90 450
90 470
90 471
90 478
90 466
91 109
91 131
91 139
91 141
91 149
91 154
91 179
91 184
91 212
91 220
91 234
91 270
91 271
91 287
91 299
91 305
91 319
91 355
91 414
91 452
91 496
91 142
91 396
92 93
92 128
92 155
92 176
92 186
92 189
92 194
92 235
92 238
92 241
92 285
92 321
92 330
92 389
92 402
92 413
92 420
92 422
92 429
92 453
92 467
92 481
92 249
92 341
93 119
93 127
93 141
93 143
93 162
93 170
93 171
93 183
93 184
93 199
93 212
93 223
93 236
93 250
93 259
93 281
93 288
93 299
93 306
93 308
93 323
93 358
93 361
93 367
93 395
93 401
93 414
93 432
93 440
93 123
94 103
94 111
94 117
94 161
94 171
94 196
94 206
94 233
94 241
94 263
94 264
94 278
94 307
94 317
94 331
94 336
94 355
94 370
94 391
94 398
94 405
94 433
94 462
94 466
94 467
94 478
94 493
95 102
95 116
95 125
95 133
95 135
95 166
95 234
95 265
95 334
95 353
95 368
95 383
95 404
95 408
95 420
96 110
96 126
96 127
96 137
96 152
96 155
96 167
96 185
96 191
96 192
96 207
96 209
96 216
96 231
96 242
96 251
96 258
96 270
96 287
96 305
96 367
96 418
96 445
96 453
96 460
96 494
97 120
97 127
97 139
97 145
97 147
97 158
97 264
97 305
97 321
97 353
97 373
97 466
97 486
97 490
98 107
98 117
98 164
98 177
98 182
98 221
98 222
98 231
98 238
98 262
98 264
98 266
98 275
98 277
98 323
98 326
98 334
98 342
98 352
98 358
98 411
98 439
98 448
98 471
98 475
98 492
99 100
99 108
99 113
99 131
99 148
99 157
99 168
99 181
99 213
99 215
99 226
99 249
99 327
99 378
99 389
99 433
99 438
99 464
99 479
99 358
100 121
100 139
100 144
100 211
100 217
100 223
100 228
100 250
100 262
100 266
100 272
100 276
100 300
100 382
100 386
100 393
100 400
100 451
101 119
101 121
101 127
101 129
101 133
101 188
101 197
101 203
101 219
101 237
101 277
101 286
101 292
101 359
101 377
101 401
101 402
101 415
101 416
101 428
101 442
101 453
101 456
101 484
101 489
102 106
102 144
102 162
102 165
102 193
102 200
102 209
102 266
102 268
102 278
102 288
102 289
102 309
102 323
102 372
102 414
102 447
102 448
102 467
102 471
102 475
102 476
102 494
102 496
103 125
103 129
103 135
103 142
103 157
103 164
103 167
103 168
103 175
103 185
103 243
103 269
103 270
103 331
103 333
103 355
103 364
103 388
103 425
103 434
103 475
103 490
104 108
104 128
104 129
104 130
104 134
104 153
104 168
104 195
104 199
104 213
104 216
104 219
104 272
104 277
104 287
104 306
104 307
104 335
104 361
104 373
104 395
104 437
104 455
104 490
104 246
105 106
105 108
105 110
105 111
105 127
105 140
105 159
105 165
105 170
105 196
105 203
105 206
105 207
105 211
105 247
105 275
105 284
105 295
105 320
105 321
105 346
105 351
105 352
105 372
105 410
105 424
105 431
105 467
105 475
106 122
106 127
106 222
106 225
106 262
106 314
106 386
106 400
106 454
106 460
107 116
107 136
107 223
107 228
107 246
107 278
107 297
107 308
107 318
107 366
107 399
107 446
107 464
107 382
108 144
108 152
108 159
108 179
108 259
108 288
108 300
108 305
108 341
108 346
108 444
108 453
108 457
109 120
109 138
109 172
109 204
109 226
109 246
109 274
109 302
109 345
109 348
109 370
109 413
109 465
109 482
109 495
110 118
110 133
110 165
110 166
110 206
110 238
110 248
110 288
110 305
110 333
110 342
110 366
110 411
110 417
110 422
111 116
111 125
111 127
111 129
111 151
111 153
111 163
111 164
111 172
111 173
111 179
111 197
111 203
111 254
111 262
111 273
111 303
111 304
111 369
111 384
111 484
111 494
111 498
112 116
112 123
112 138
112 139
112 143
112 146
112 154
112 160
112 184
112 196
112 211
112 214
112 217
112 225
112 276
112 288
112 302
112 303
112 307
112 362
112 418
112 476
112 478
112 490
112 496
113 117
113 159
113 237
113 274
113 295
113 318
113 333
113 371
113 378
113 385
113 461
114 124
114 129
114 137
114 148
114 153
114 167
114 225
114 226
114 256
114 267
114 313
114 327
114 329
114 389
114 411
114 422
114 446
114 450
114 455
114 490
114 496
114 426
115 117
115 120
115 141
115 151
115 170
115 221
115 281
115 286
115 301
115 330
115 373
115 405
115 416
115 426
115 428
115 443
116 144
116 196
116 220
116 234
116 252
116 256
116 258
116 277
116 293
116 294
116 298
116 355
116 363
116 397
117 124
117 128
117 163
117 188
117 208
117 216
117 221
117 232
117 235
117 249
117 252
117 388
117 393
117 401
117 403
117 431
117 438
117 462
117 463
117 468
117 486
118 126
118 138
118 156
118 169
118 178
118 197
118 249
118 366
118 376
118 394
118 426
118 486
118 488
119 129
119 131
119 163
119 164
119 170
119 183
119 210
119 214
119 230
119 269
119 296
119 322
119 364
119 381
119 387
119 400
120 130
120 132
120 135
120 144
120 148
120 149
120 158
120 159
120 177
120 188
120 212
120 239
120 320
120 337
120 380
120 398
120 411
120 414
120 460
120 473
120 483
121 134
121 135
121 149
121 176
121 191
121 234
121 266
121 275
121 281
121 319
121 384
121 388
121 391
121 430
121 474
121 145
121 294
122 150
122 157
122 175
122 178
122 210
122 214
122 282
122 369
122 400
122 448
122 449
123 134
123 136
123 156
123 167
123 173
123 209
123 220
123 243
123 291
123 295
123 307
123 320
123 408
123 434
123 468
124 125
124 133
124 157
124 164
124 175
124 190
124 191
124 210
124 239
124 240
124 254
124 257
124 258
124 302
124 304
124 309
124 320
124 337
124 374
124 376
124 393
124 403
124 410
124 427
124 462
124 463
124 493
124 494
125 150
125 186
125 190
125 261
125 317
126 152
126 154
126 183
126 207
126 241
126 280
126 286
126 377
126 403
126 409
127 132
127 166
127 169
127 179
127 185
127 186
127 224
127 234
127 312
127 378
127 462
127 463
127 471
127 480
127 487
128 141
128 193
128 212
128 233
128 234
128 243
128 311
128 319
128 484
129 130
129 134
129 167
129 169
129 173
129 174
129 200
129 240
129 296
129 329
129 338
129 349
129 363
129 437
129 448
129 474
129 495
130 134
130 163
130 177
130 178
130 192
130 203
130 231
130 272
130 300
130 321
130 378
130 416
130 448
130 454
130 466
130 489
131 135
131 149
131 162
131 202
131 208
131 219
131 272
131 278
131 310
131 353
131 356
131 380
131 406
131 449
131 457
131 474
131 476
131 493
132 158
132 161
132 174
132 186
132 198
132 201
132 250
132 256
132 264
132 267
132 279
132 289
132 292
132 360
132 379
132 407
132 435
132 459
132 470
133 145
133 157
133 178
133 186
133 233
133 285
133 287
133 307
133 317
133 335
133 388
133 404
133 435
133 469
133 470
133 471
133 484
133 485
134 176
134 178
134 203
134 231
134 239
134 301
134 303
134 309
134 315
134 339
134 401
135 152
135 153
135 165
135 180
135 226
135 248
135 278
135 297
135 298
135 394
135 480
135 486
136 163
136 171
136 172
136 189
136 199
136 228
136 233
136 244
136 305
136 339
136 345
136 354
136 365
136 379
136 416
136 434
136 472
137 142
137 146
137 147
137 161
137 200
137 201
137 255
137 289
137 294
137 337
137 341
137 381
137 385
137 389
137 458
137 470
137 499
138 146
138 161
138 205
138 233
138 250
138 263
138 278
138 297
138 380
139 145
139 151
139 156
139 209
139 258
139 263
139 306
139 335
139 355
139 385
139 450
139 478
140 146
140 154
140 162
140 201
140 235
140 254
140 313
140 321
140 328
140 348
140 353
140 355
140 385
140 389
140 422
140 432
141 170
141 442
142 143
142 156
142 159
142 171
142 174
142 187
142 192
142 194
142 251
142 264
142 294
142 295
142 321
142 358
142 372
142 407
142 417
142 430
142 462
142 468
142 498
143 146
143 150
143 162
143 165
143 174
143 175
143 186
143 262
143 315
143 320
143 352
143 357
143 413
143 459
143 486
143 498
143 499
144 150
144 159
144 162
144 167
144 184
144 246
144 247
144 281
144 323
144 328
144 359
144 394
144 411
144 417
144 418
144 419
144 436
144 484
144 495
144 153
145 151
145 187
145 193
145 280
145 285
145 335
145 338
145 350
145 410
145 427
145 439
146 243
146 245
146 261
146 278
146 294
146 462
146 498
147 156
147 158
147 203
147 211
147 262
147 270
147 272
147 284
147 311
147 321
147 347
147 348
147 356
147 367
147 376
147 382
147 396
147 457
147 463
147 487
147 494
148 181
148 202
148 239
148 242
148 244
148 253
148 263
148 269
148 293
148 327
148 375
148 383
148 398
148 419
149 151
149 157
149 204
149 207
149 211
149 234
149 277
149 306
149 342
149 406
149 420
149 422
149 423
149 440
149 454
149 201
150 165
150 182
150 186
150 200
150 209
150 281
150 360
150 418
150 472
150 480
151 177
151 190
151 268
151 287
151 299
151 301
151 322
151 324
151 327
151 360
151 374
151 381
151 390
151 391
151 402
151 409
152 159
152 292
152 307
152 374
152 376
152 420
152 457
153 183
153 212
153 240
153 361
153 468
153 495
154 155
154 230
154 280
154 295
154 390
154 443
155 156
155 158
155 226
155 228
155 239
155 246
155 251
155 314
155 372
155 380
155 409
155 452
155 499
156 179
156 195
156 210
156 267
156 302
156 325
156 341
156 476
157 185
157 251
157 277
157 334
157 411
157 468
157 479
157 498
157 357
158 176
158 195
158 221
158 260
158 285
158 296
158 323
158 356
158 414
159 164
159 189
159 199
159 218
159 266
159 343
159 367
159 370
159 448
160 268
160 295
160 381
160 401
160 426
161 261
161 275
161 350
161 352
161 377
162 222
162 280
162 360
162 403
162 404
162 443
162 467
162 489
163 169
163 182
163 198
163 201
163 223
163 230
163 245
163 268
163 321
163 357
163 371
163 425
163 428
163 219
164 185
164 204
164 211
164 235
164 266
164 274
164 328
164 345
164 373
164 374
164 375
164 397
164 406
164 415
164 427
164 463
164 457
165 174
165 244
165 257
165 313
165 364
165 464
166 187
166 210
166 248
166 277
166 296
166 332
166 352
166 366
166 399
166 408
166 482
167 191
167 205
167 224
167 243
167 249
167 252
167 262
167 264
167 290
167 330
167 332
167 335
167 361
167 397
167 417
167 433
167 434
167 436
167 496
168 172
168 227
168 286
168 307
168 467
168 478
169 171
169 199
169 206
169 208
169 213
169 218
169 222
169 238
169 253
169 350
169 373
169 396
169 480
170 172
170 211
170 234
170 289
170 290
170 312
170 315
170 326
170 354
170 357
170 390
170 436
170 455
170 458
171 193
171 195
171 361
171 363
172 200
172 219
172 242
172 363
172 365
172 448
173 274
173 424
173 476
173 484
174 193
174 222
174 232
174 270
174 285
174 324
174 333
174 344
174 347
174 376
174 420
174 457
174 466
175 182
175 183
175 199
175 269
175 319
175 364
175 396
175 469
175 315
176 203
176 214
176 228
176 229
176 232
176 236
176 266
176 268
176 292
176 300
176 332
176 359
176 372
176 388
176 403
176 475
176 477
176 483
177 259
177 281
177 300
177 313
177 315
177 439
177 479
177 489
177 493
177 496
178 180
178 194
178 246
178 271
178 326
178 458
178 462
179 262
179 288
179 395
179 407
179 408
179 430
180 181
180 190
180 238
180 239
180 380
180 399
180 419
180 441
180 445
180 465
181 215
181 227
181 236
181 237
181 291
181 314
181 351
181 389
181 428
181 433
181 448
182 215
182 222
182 224
182 257
182 260
182 312
182 336
182 349
182 364
182 391
182 433
182 461
183 184
183 188
183 204
183 262
183 277
183 294
183 345
183 382
183 384
183 430
184 224
184 233
184 262
184 276
184 291
184 412
184 421
184 458
184 475
185 199
185 229
185 268
185 297
185 310
185 336
185 362
185 401
185 426
185 431
185 448
186 202
186 220
186 228
186 289
186 312
186 355
186 380
186 388
186 428
186 434
186 487
187 218
187 224
187 225
187 233
187 238
187 265
187 272
187 284
187 326
187 343
187 354
187 436
187 442
187 454
187 488
188 189
188 201
188 221
188 292
188 399
188 441
188 460
188 289
189 315
189 349
189 388
189 450
189 452
189 495
190 263
190 312
190 323
191 192
191 233
191 258
191 326
191 356
191 371
191 406
191 445
192 206
192 210
192 264
192 314
192 326
192 374
192 394
192 396
192 414
192 427
192 460
192 468
193 197
193 209
193 273
193 289
193 311
193 368
193 440
193 485
193 323
194 196
194 198
194 240
194 477
195 197
195 259
195 383
195 445
195 470
195 491
196 212
196 273
196 276
196 281
196 316
196 355
196 388
196 430
196 489
196 492
197 272
197 280
197 311
197 340
197 348
197 460
198 218
198 241
198 311
198 333
198 405
198 413
198 420
198 451
199 204
199 205
199 210
199 349
199 388
199 398
199 449
200 257
200 271
200 274
200 302
200 372
200 379
200 410
200 485
201 218
201 252
201 254
201 266
201 295
201 309
201 406
201 427
201 454
201 470
202 301
202 305
202 357
202 358
202 365
202 429
202 449
202 464
202 492
203 209
203 233
203 269
203 310
203 379
203 382
203 419
203 483
203 486
204 208
204 209
204 230
204 283
204 297
204 357
204 393
204 433
204 476
204 243
205 236
205 315
205 319
205 379
205 392
205 397
205 407
205 429
205 438
205 450
206 223
206 303
206 387
206 411
206 482
206 444
207 276
207 409
207 429
207 442
207 226
208 218
208 249
208 251
208 452
208 497
209 295
209 354
209 390
209 450
210 231
210 293
210 296
210 304
210 318
210 395
210 440
210 446
210 478
211 299
211 318
211 325
211 358
211 370
212 216
212 227
212 229
212 248
212 257
212 260
212 346
212 360
212 385
212 446
212 279
213 218
213 225
213 254
213 255
213 267
213 308
213 330
213 451
214 221
214 307
214 325
214 338
214 352
215 311
215 314
215 351
215 401
215 421
215 437
216 220
216 231
216 265
216 274
216 277
216 290
216 291
216 311
216 320
216 343
216 369
216 456
216 473
217 241
217 282
217 307
217 337
217 431
217 463
218 316
218 351
218 375
218 471
218 498
219 300
219 308
219 359
219 379
220 224
220 251
220 260
220 267
220 299
220 420
220 434
220 454
220 262
221 303
221 307
221 441
221 269
222 229
222 285
222 291
222 301
222 367
222 382
222 390
222 481
222 302
223 248
223 338
223 344
223 350
223 358
223 362
223 376
223 410
223 456
223 469
223 267
224 438
224 480
225 230
225 247
225 279
225 304
225 323
225 335
225 375
225 387
225 398
225 485
226 260
226 361
226 396
226 449
227 255
227 257
227 291
227 303
227 339
227 340
227 355
227 357
227 361
227 381
227 401
227 438
228 285
228 354
228 467
228 376
229 231
229 268
229 372
230 242
230 366
230 419
230 457
231 232
231 265
231 268
231 340
231 351
231 366
231 384
231 389
231 408
231 478
232 309
232 380
233 282
233 348
233 350
233 427
233 428
234 281
234 311
234 313
234 347
234 391
234 397
234 404
234 418
234 442
234 453
235 236
235 328
235 348
235 350
235 497
236 307
236 405
237 239
237 243
237 396
237 403
237 497
237 350
238 243
238 298
238 323
238 434
238 456
239 249
239 265
239 269
239 292
239 336
239 340
239 345
239 430
239 473
240 258
240 330
240 331
240 347
240 386
240 391
240 418
241 263
241 280
241 318
241 369
241 396
241 458
242 247
242 256
242 261
242 304
242 368
242 380
242 409
242 431
242 486
243 246
243 268
243 298
243 303
243 338
243 339
243 350
243 429
244 256
244 295
244 327
244 337
244 383
244 415
244 455
244 461
244 476
245 246
245 258
245 283
245 292
245 337
245 340
245 341
245 446
245 487
246 287
246 363
246 442
246 490
247 272
247 389
247 429
247 453
248 264
248 283
248 286
248 446
248 467
249 252
249 279
249 284
249 330
249 364
250 263
250 283
250 287
250 365
250 444
250 463
250 473
250 492
251 271
251 282
251 305
251 325
251 375
251 401
251 424
251 454
252 320
252 321
252 357
252 467
253 284
253 292
253 324
253 370
253 485
253 495
253 497
254 257
254 283
254 294
254 322
254 328
254 342
254 344
254 425
254 458
254 493
255 389
255 392
255 394
255 421
255 424
255 449
255 452
256 286
257 340
257 438
257 450
257 471
257 486
257 337
257 394
258 327
259 397
259 452
259 458
259 491
260 298
260 309
260 416
260 499
260 282
261 314
261 339
261 442
262 269
262 299
262 304
262 334
262 383
262 421
262 463
262 465
262 466
262 498
263 266
263 280
263 284
263 324
263 435
263 437
264 293
264 361
264 371
264 387
264 432
264 459
264 460
265 278
265 383
265 408
265 436
265 478
266 312
266 373
266 377
266 382
266 397
266 412
266 415
267 278
267 288
267 417
267 472
268 381
268 384
268 440
269 345
269 416
269 496
270 271
270 275
270 301
270 315
270 341
270 346
270 390
270 392
270 398
270 413
270 445
270 452
270 466
271 328
271 345
271 381
271 394
271 416
271 444
271 447
271 453
272 297
273 382
273 448
274 278
274 330
274 363
274 425
275 316
275 324
275 404
276 279
276 293
276 294
276 295
276 299
276 300
276 318
276 319
276 375
276 377
276 387
276 388
276 429
276 432
276 466
276 479
277 279
277 288
277 319
277 379
277 400
277 403
277 424
277 442
277 465
278 317
278 325
278 386
278 487
279 423
279 454
279 321
280 299
280 364
280 371
281 299
281 310
281 333
281 337
281 345
281 371
281 431
282 333
282 372
282 425
282 496
283 298
283 309
283 348
283 396
283 439
283 440
284 320
284 418
284 437
284 445
285 309
285 338
285 344
286 289
286 354
286 402
286 405
286 422
286 444
286 479
287 336
287 340
287 348
287 362
287 411
287 492
288 443
288 488
289 298
289 328
289 388
289 393
289 439
289 455
289 488
289 312
290 317
290 391
290 417
290 455
291 334
291 344
291 358
291 377
291 386
291 409
291 415
291 431
291 476
291 491
291 292
293 300
293 313
293 316
293 346
293 382
293 384
294 429
294 490
294 499
295 296
295 336
295 472
296 312
296 313
296 344
296 429
296 464
296 488
297 299
297 338
297 362
297 405
297 451
297 477
297 462
298 314
299 316
299 333
299 342
299 364
299 451
299 453
300 304
300 318
300 365
300 371
300 473
301 357
301 364
301 370
301 453
302 458
303 363
303 398
303 416
303 459
303 474
305 309
305 365
305 381
305 451
305 454
305 477
305 484
305 494
306 308
306 406
306 407
306 415
306 432
307 318
307 330
307 379
308 356
308 361
308 383
308 393
308 396
310 367
311 317
311 343
311 439
311 449
312 392
312 423
313 326
314 339
314 342
314 350
314 379
314 391
314 395
314 461
314 489
315 374
315 422
316 320
316 358
316 380
316 393
316 418
316 424
316 436
316 442
317 440
318 324
318 373
318 409
318 479
318 485
319 375
319 441
319 468
320 380
320 493
321 330
321 339
321 436
321 472
322 323
322 326
322 329
322 341
322 342
322 399
322 437
323 346
323 368
323 435
323 477
324 349
324 354
324 376
324 474
324 485
324 372
325 334
325 375
325 377
325 451
325 478
326 330
326 339
326 356
326 374
326 393
326 428
326 461
326 478
327 332
327 354
327 377
327 410
327 420
327 425
327 492
329 343
329 402
329 492
330 334
330 361
330 404
330 468
331 400
331 347
332 449
333 337
333 373
333 387
333 469
333 470
334 412
334 423
335 351
335 398
335 433
335 453
335 469
335 491
336 382
336 486
336 493
336 498
336 499
337 339
337 405
337 415
338 344
338 377
338 413
338 419
339 398
339 421
339 444
340 355
340 362
340 432
340 435
340 445
341 368
341 379
341 453
342 403
342 485
343 490
344 363
344 364
344 417
345 366
345 392
346 481
346 485
346 414
347 483
348 458
350 361
350 378
350 400
350 417
350 457
351 374
351 437
351 442
351 465
352 357
352 368
352 397
352 425
352 474
352 491
353 384
353 455
353 462
353 469
353 497
354 357
354 424
354 480
355 430
356 370
356 386
356 432
356 446
356 451
357 410
357 456
357 464
357 477
357 488
358 469
358 473
358 484
358 497
359 471
359 487
360 371
360 375
360 482
360 492
361 374
361 404
361 475
361 484
361 490
362 387
362 439
363 371
363 401
363 421
364 382
364 474
365 383
365 421
365 435
365 477
366 414
366 441
366 480
367 442
367 461
368 400
368 460
368 473
369 414
369 422
370 411
370 415
370 425
370 464
371 464
371 472
371 481
371 490
372 405
373 461
374 475
375 399
375 403
375 441
375 456
375 482
376 416
377 384
377 497
378 395
379 415
379 431
379 458
380 462
380 465
381 405
381 459
382 391
382 394
382 434
384 416
384 439
384 443
385 408
386 460
386 494
387 393
388 400
388 482
390 446
391 459
392 466
393 399
393 466
393 489
393 398
394 412
395 396
395 399
395 455
395 464
395 488
395 490
396 399
396 401
396 430
396 468
398 460
399 465
401 408
401 415
402 406
402 472
404 423
404 483
404 492
405 441
406 425
406 469
406 479
406 482
407 418
407 424
407 437
408 467
408 477
408 494
409 413
409 423
409 459
410 450
410 497
411 427
411 447
414 436
414 457
414 495
415 430
417 488
419 486
419 489
420 427
420 486
420 498
420 452
421 493
422 489
422 490
423 489
423 494
425 481
425 484
427 435
427 465
429 483
431 443
432 489
433 485
434 481
436 475
437 447
437 448
439 447
439 456
443 465
443 468
443 493
445 482
446 452
446 477
447 491
448 459
448 471
449 457
449 497
451 471
451 495
452 460
453 461
456 494
457 481
458 474
459 472
459 473
459 493
461 473
461 483
461 491
462 472
464 468
464 479
465 488
468 481
469 480
470 479
470 485
472 491
486 495
492 497