600284338
5
500
2637
0 5
0 7
0 8
0 12
0 20
0 39
0 55
0 59
0 64
0 90
0 126
0 133
0 150
0 174
0 201
0 231
0 236
0 243
0 262
0 270
0 292
0 320
0 342
0 353
0 325
0 444
1 5
1 6
1 8
1 9
1 11
1 13
1 23
1 25
1 26
1 31
1 63
1 68
1 74
1 84
1 104
1 107
1 134
1 152
1 164
1 192
1 204
1 215
1 227
1 263
1 268
1 290
1 294
1 295
1 296
1 308
1 312
1 313
1 325
1 366
1 410
1 433
1 349
2 5
2 6
2 9
2 10
2 28
2 45
2 50
2 60
2 62
2 105
2 117
2 136
2 279
2 280
2 293
2 343
2 385
2 388
2 389
2 423
2 395
3 5
3 6
3 7
3 8
3 9
3 11
3 12
3 13
3 14
3 16
3 18
3 19
3 23
3 46
3 48
3 60
3 66
3 73
3 74
3 77
3 106
3 111
3 118
3 122
3 131
3 140
3 144
3 164
3 166
3 170
3 172
3 184
3 206
3 220
3 237
3 242
3 264
3 278
3 340
3 356
3 367
3 376
3 395
3 410
3 419
3 428
3 431
3 460
3 467
3 484
3 258
4 5
4 6
4 7
4 9
4 11
4 15
4 16
4 17
4 18
4 22
4 24
4 27
4 35
4 50
4 64
4 73
4 75
4 76
4 87
4 91
4 95
4 96
4 103
4 146
4 210
4 226
4 229
4 252
4 317
4 326
4 329
4 336
4 357
4 373
4 383
4 396
5 6
5 7
5 8
5 9
5 10
5 12
5 14
5 15
5 17
5 20
5 21
5 22
5 23
5 28
5 29
5 32
5 33
5 38
5 40
5 44
5 48
5 53
5 59
5 68
5 69
5 90
5 98
5 102
5 107
5 123
5 134
5 135
5 142
5 176
5 184
5 185
5 191
5 211
5 213
5 230
5 258
5 295
5 335
5 341
5 356
5 363
5 373
5 375
5 384
5 388
5 393
5 398
5 419
5 429
5 432
5 433
5 442
5 463
5 479
5 483
5 493
5 112
5 339
6 7
6 8
6 10
6 19
6 25
6 29
6 31
6 33
6 37
6 44
6 45
6 49
6 51
6 61
6 72
6 78
6 86
6 99
6 102
6 106
6 107
6 109
6 124
6 125
6 131
6 134
6 135
6 141
6 143
6 151
6 155
6 157
6 159
6 162
6 163
6 167
6 174
6 175
6 183
6 197
6 202
6 206
6 214
6 217
6 235
6 237
6 247
6 250
6 257
6 261
6 266
6 267
6 273
6 278
6 280
6 287
6 295
6 301
6 312
6 314
6 317
6 320
6 330
6 341
6 374
6 386
6 399
6 420
6 443
6 447
6 485
6 493
6 497
6 222
6 379
7 11
7 12
7 13
7 15
7 17
7 19
7 20
7 21
7 22
7 26
7 28
7 33
7 37
7 38
7 39
7 43
7 56
7 89
7 93
7 99
7 116
7 118
7 124
7 131
7 132
7 149
7 153
7 158
7 160
7 165
7 178
7 190
7 208
7 221
7 225
7 242
7 271
7 280
7 290
7 297
7 318
7 323
7 347
7 359
7 390
7 399
7 401
7 402
7 429
7 458
7 466
7 333
8 10
8 11
8 14
8 19
8 21
8 27
8 32
8 43
8 45
8 56
8 67
8 68
8 100
8 108
8 115
8 130
8 135
8 138
8 168
8 173
8 180
8 183
8 185
8 197
8 215
8 243
8 248
8 258
8 259
8 303
8 314
8 335
8 336
8 339
8 412
8 425
8 447
8 452
8 472
8 206
9 10
9 15
9 32
9 40
9 57
9 79
9 84
9 90
9 120
9 149
9 150
9 169
9 192
9 235
9 237
9 254
9 262
9 313
9 333
9 350
9 379
9 391
9 394
9 460
9 463
9 473
9 165
9 163
9 204
9 446
10 12
10 13
10 16
10 18
10 20
10 27
10 30
10 34
10 35
10 36
10 39
10 50
10 52
10 54
10 60
10 62
10 63
10 75
10 78
10 83
10 91
10 96
10 103
10 138
10 147
10 159
10 162
10 185
10 193
10 194
10 207
10 211
10 213
10 227
10 230
10 235
10 246
10 260
10 266
10 272
10 289
10 290
10 295
10 298
10 307
10 310
10 354
10 378
10 405
10 428
10 430
10 432
10 438
10 459
10 471
10 476
10 485
10 237
11 13
11 14
11 15
11 30
11 41
11 49
11 60
11 71
11 105
11 115
11 125
11 128
11 214
11 218
11 235
11 248
11 288
11 326
11 369
11 396
11 403
11 449
11 466
11 468
11 482
11 376
12 24
12 25
12 33
12 53
12 58
12 83
12 89
12 100
12 108
12 112
12 114
12 126
12 189
12 213
12 265
12 268
12 275
12 304
12 339
12 359
12 365
12 384
12 385
12 403
12 416
12 15
12 214
13 14
13 17
13 18
13 19
13 21
13 26
13 27
13 29
13 36
13 41
13 65
13 70
13 73
13 79
13 81
13 118
13 128
13 147
13 168
13 171
13 195
13 203
13 287
13 309
13 449
14 16
14 20
14 22
14 23
14 25
14 28
14 30
14 31
14 40
14 59
14 64
14 69
14 74
14 77
14 83
14 92
14 93
14 95
14 96
14 105
14 111
14 115
14 117
14 127
14 130
14 132
14 133
14 143
14 148
14 153
14 155
14 156
14 157
14 163
14 167
14 172
14 174
14 186
14 189
14 194
14 203
14 209
14 226
14 227
14 233
14 238
14 244
14 245
14 260
14 269
14 274
14 282
14 289
14 293
14 306
14 310
14 311
14 314
14 321
14 325
14 338
14 365
14 390
14 401
14 406
14 408
14 414
14 416
14 421
14 425
14 428
14 434
14 439
14 443
14 451
14 457
14 471
14 477
14 480
14 499
14 107
14 301
15 16
15 17
15 18
15 22
15 37
15 48
15 52
15 53
15 55
15 94
15 98
15 103
15 106
15 110
15 112
15 123
15 153
15 202
15 212
15 214
15 225
15 227
15 233
15 248
15 258
15 271
15 292
15 314
15 315
15 340
15 364
15 411
15 457
15 197
15 77
15 447
15 480
16 21
16 24
16 34
16 35
16 37
16 43
16 44
16 45
16 52
16 53
16 56
16 61
16 62
16 75
16 83
16 94
16 114
16 116
16 127
16 137
16 162
16 171
16 174
16 179
16 225
16 274
16 323
16 427
16 431
16 464
17 29
17 43
17 46
17 51
17 58
17 59
17 79
17 81
17 85
17 86
17 99
17 104
17 107
17 115
17 138
17 157
17 167
17 175
17 198
17 200
17 207
17 234
17 242
17 255
17 257
17 258
17 261
17 346
17 439
17 455
17 482
17 496
17 499
17 272
18 32
18 47
18 48
18 55
18 66
18 71
18 83
18 96
18 101
18 104
18 118
18 123
18 151
18 159
18 188
18 207
18 227
18 273
18 307
18 318
18 338
18 414
18 448
18 490
18 495
18 168
19 24
19 26
19 28
19 30
19 31
19 35
19 36
19 63
19 70
19 78
19 97
19 100
19 101
19 122
19 133
19 137
19 143
19 154
19 162
19 180
19 181
19 187
19 211
19 213
19 222
19 229
19 249
19 251
19 259
19 272
19 294
19 354
19 361
19 370
19 395
19 407
19 415
19 439
19 476
19 484
19 19
20 30
20 36
20 51
20 186
20 299
20 367
20 491
20 255
21 23
21 32
21 33
21 38
21 39
21 42
21 46
21 47
21 49
21 52
21 65
21 75
21 77
21 85
21 99
21 101
21 120
21 121
21 122
21 129
21 142
21 144
21 147
21 149
21 154
21 156
21 206
21 277
21 280
21 300
21 302
21 312
21 313
21 369
21 381
21 399
21 408
21 409
21 418
21 432
21 435
21 467
21 486
21 487
21 208
21 118
21 226
22 24
22 31
22 34
22 44
22 54
22 57
22 67
22 93
22 139
22 144
22 196
22 197
22 253
22 300
22 320
22 413
22 450
22 473
22 146
22 179
22 246
23 25
23 29
23 34
23 40
23 41
23 52
23 56
23 61
23 64
23 69
23 82
23 87
23 90
23 98
23 107
23 119
23 129
23 145
23 161
23 222
23 228
23 297
23 325
23 333
23 389
23 427
23 430
23 453
23 470
23 117
24 38
24 47
24 55
24 65
24 94
24 95
24 98
24 110
24 139
24 141
24 172
24 212
24 241
24 252
24 294
24 300
24 318
24 374
25 26
25 46
25 49
25 69
25 79
25 108
25 121
25 125
25 137
25 166
25 199
25 209
25 257
25 329
26 27
26 39
26 42
26 54
26 57
26 62
26 87
26 101
26 108
26 117
26 119
26 132
26 134
26 148
26 152
26 160
26 176
26 183
26 195
26 214
26 218
26 219
26 232
26 320
26 323
26 336
26 341
26 343
26 350
26 466
26 497
27 34
27 43
27 50
27 70
27 76
27 89
27 92
27 103
27 137
27 293
27 383
27 491
27 493
28 42
28 51
28 75
28 88
28 91
28 116
28 169
28 180
28 185
28 224
28 283
28 303
28 304
28 404
28 438
28 496
28 182
29 102
29 141
29 210
29 327
29 332
29 412
29 492
29 391
30 66
30 79
30 81
30 108
30 133
30 141
30 158
30 169
30 187
30 209
30 260
30 291
30 302
30 357
30 371
30 403
30 415
30 479
30 191
30 345
31 35
31 38
31 40
31 41
31 57
31 76
31 85
31 103
31 126
31 135
31 136
31 148
31 162
31 163
31 188
31 193
31 194
31 247
31 249
31 271
31 294
31 301
31 312
31 346
31 347
31 350
31 409
31 418
31 425
31 437
31 444
31 461
31 462
31 310
32 36
32 41
32 47
32 54
32 66
32 72
32 73
32 81
32 82
32 98
32 124
32 136
32 138
32 158
32 165
32 221
32 235
32 269
32 276
32 315
32 452
32 453
32 177
33 42
33 90
33 93
33 95
33 97
33 156
33 159
33 188
33 196
33 205
33 211
33 232
33 276
33 308
33 327
33 337
33 347
33 352
33 362
33 413
33 420
33 434
33 469
34 37
34 42
34 57
34 70
34 74
34 80
34 86
34 102
34 110
34 160
34 219
34 254
34 286
34 316
34 369
34 377
34 392
34 441
34 454
34 483
34 497
35 46
35 56
35 58
35 64
35 72
35 97
35 132
35 138
35 143
35 145
35 164
35 170
35 179
35 193
35 216
35 232
35 245
35 297
35 380
35 449
36 58
36 109
36 124
36 133
36 152
36 155
36 173
36 208
36 224
36 225
36 284
36 310
36 369
36 399
36 407
36 441
37 60
37 94
37 104
37 113
37 168
37 200
37 252
37 260
37 265
37 296
37 356
37 359
37 45
38 71
38 76
38 88
38 151
38 189
38 217
38 257
38 306
38 377
38 419
38 422
38 442
38 460
38 476
38 480
38 491
38 122
39 49
39 65
39 86
39 165
39 259
39 289
39 424
39 450
40 66
40 91
40 287
40 383
40 400
40 451
40 462
41 99
41 113
41 114
41 175
41 273
41 432
42 44
42 51
42 53
42 179
42 186
42 228
42 278
42 317
42 377
42 394
42 429
42 442
42 448
43 45
43 65
43 68
43 80
43 97
43 100
43 106
43 122
43 137
43 146
43 165
43 176
43 200
43 252
43 332
43 337
43 339
43 347
43 350
43 365
43 405
43 418
43 431
43 372
44 47
44 55
44 68
44 76
44 121
44 130
44 140
44 145
44 148
44 150
44 187
44 219
44 270
44 292
44 304
44 350
44 370
44 479
44 50
45 80
45 120
45 134
45 186
45 190
45 199
45 248
45 474
45 277
46 59
46 61
46 110
46 127
46 146
46 177
46 261
46 290
46 405
46 468
46 475
46 488
46 498
47 48
47 50
47 54
47 67
47 77
47 111
47 178
47 196
47 251
47 277
47 284
47 299
47 323
47 331
48 61
48 72
48 81
48 181
48 246
48 261
48 281
48 305
48 348
48 478
48 173
48 183
49 67
49 95
49 129
49 180
49 186
49 195
49 230
49 237
49 246
49 249
49 343
49 381
49 421
49 439
49 455
49 469
50 116
50 122
50 155
50 175
50 340
50 366
50 59
51 71
51 180
51 191
51 243
51 397
52 88
52 141
52 331
52 338
52 355
52 391
52 497
53 58
53 142
53 196
53 239
53 255
53 419
53 355
53 459
54 82
54 88
54 220
54 270
54 286
54 199
55 62
55 74
55 84
55 156
55 201
55 217
55 263
55 264
55 339
55 372
55 395
55 278
56 85
56 92
56 117
56 151
56 160
56 220
56 411
56 438
56 255
57 70
57 115
57 193
57 204
57 279
57 283
57 340
57 396
58 92
58 105
58 139
58 147
58 161
58 182
58 191
58 192
58 215
58 220
58 224
58 242
58 250
58 252
58 267
58 306
58 311
58 330
58 338
58 362
58 378
58 402
58 452
58 478
58 481
58 128
58 368
59 84
59 85
59 88
59 89
59 109
59 161
59 178
59 237
59 281
59 325
60 63
60 67
60 80
60 172
60 190
60 247
60 263
60 265
60 269
60 363
60 409
60 423
60 432
60 451
60 474
60 488
60 424
61 82
61 120
61 125
61 222
61 224
61 271
61 272
61 343
61 417
61 434
61 443
62 63
62 71
62 73
62 80
62 84
62 117
62 161
62 168
62 199
62 212
62 240
62 282
62 327
62 332
62 361
62 375
62 405
62 413
62 426
62 496
62 236
63 72
63 89
63 100
63 106
63 170
63 206
63 258
63 276
63 458
63 477
63 491
64 69
64 78
64 86
64 128
64 146
64 152
64 153
64 173
64 184
64 198
64 205
64 233
64 271
64 301
64 316
64 355
64 358
64 431
65 94
65 152
65 451
66 101
66 216
66 226
66 259
66 266
66 325
66 373
66 396
66 416
66 367
66 414
67 87
67 91
67 112
67 259
67 311
67 398
67 446
67 496
68 113
68 150
68 244
68 298
68 386
68 401
68 481
69 132
69 164
69 167
69 217
69 247
69 255
69 274
69 282
69 299
69 470
69 202
70 87
70 285
70 463
71 78
71 104
71 125
71 142
71 158
71 159
71 200
71 206
71 277
71 309
71 367
71 445
71 451
71 463
71 488
71 211
71 396
72 102
72 111
72 149
72 170
72 191
72 266
72 328
72 333
72 348
72 430
73 109
73 166
73 229
73 318
73 378
73 382
73 205
74 256
74 303
74 374
74 411
74 316
75 77
75 288
75 347
76 226
76 286
77 154
77 178
77 215
77 231
77 376
77 382
77 389
77 430
77 459
78 119
78 204
78 272
78 380
78 400
78 448
78 462
80 82
80 123
80 143
80 144
80 197
80 395
81 113
81 144
81 200
81 205
81 238
81 273
81 309
81 312
81 322
81 388
81 477
81 170
82 112
82 131
82 157
82 205
82 316
82 437
82 482
82 473
82 321
82 338
83 93
83 96
83 128
83 129
83 140
83 146
83 149
83 171
83 177
83 228
83 251
83 273
83 353
83 492
84 92
84 120
84 147
84 176
84 363
84 367
84 405
85 300
85 461
85 166
86 124
86 130
86 204
86 233
86 246
86 324
86 390
86 455
86 342
86 406
87 267
87 375
87 223
88 181
88 196
88 301
88 311
88 345
88 406
88 460
88 476
88 494
89 268
89 336
89 371
89 465
90 97
90 119
90 158
90 177
90 240
90 321
90 334
90 409
90 431
90 457
91 194
91 215
91 377
92 157
92 160
92 223
92 233
92 265
92 385
92 421
92 425
93 109
93 114
93 154
93 244
93 322
93 402
93 436
93 443
93 499
94 111
94 154
94 181
94 221
94 255
94 281
94 335
94 344
94 373
94 460
94 486
95 164
95 202
95 275
95 322
95 392
95 408
95 463
95 367
96 127
96 195
96 197
96 254
96 279
96 352
97 199
97 310
97 480
97 352
97 306
98 231
98 453
98 494
98 181
99 167
99 256
99 284
99 308
99 402
99 483
100 139
100 448
101 113
101 121
101 129
101 168
101 187
101 253
101 285
102 105
102 135
102 171
102 202
102 207
102 394
102 445
102 496
102 467
103 114
103 130
103 209
103 319
103 344
103 366
103 388
103 493
103 315
104 145
104 217
104 337
104 470
105 384
105 392
105 404
105 436
105 445
106 127
106 128
106 250
106 332
106 344
106 407
106 469
106 110
107 110
107 112
107 126
107 136
107 142
107 181
107 182
107 203
107 239
107 251
107 253
107 257
107 263
107 264
107 278
107 289
107 317
107 352
107 397
107 427
107 474
107 433
108 236
108 288
108 342
108 422
109 148
109 156
109 192
109 210
109 221
109 228
109 272
109 278
109 316
109 385
109 485
110 121
110 226
110 303
110 417
110 422
110 433
110 491
111 176
111 210
111 224
111 361
112 119
112 192
112 246
112 283
112 387
112 486
113 116
113 123
113 184
113 216
113 368
113 439
113 126
113 248
113 401
114 118
114 145
114 208
114 341
114 161
115 126
115 136
115 155
115 165
115 175
115 189
115 204
115 285
115 303
115 353
115 425
115 198
116 239
116 280
116 455
117 170
117 201
117 356
117 401
118 212
118 171
118 477
119 361
119 447
120 140
120 182
120 188
120 245
120 249
120 294
120 478
121 139
121 177
121 242
121 319
121 378
122 131
122 360
122 362
122 413
122 427
122 478
123 220
123 245
123 308
123 417
123 498
124 187
124 201
124 248
124 262
124 287
124 353
124 453
125 140
125 188
125 208
125 228
125 238
125 240
125 268
125 269
125 491
127 329
127 409
127 159
128 179
128 212
128 234
128 298
128 359
128 396
128 459
128 475
129 201
129 334
129 402
129 424
132 166
132 184
132 398
133 231
133 331
133 426
133 487
133 173
134 306
134 436
135 191
135 243
135 262
135 410
136 205
136 491
137 171
137 288
137 406
137 442
138 189
138 256
138 322
138 358
138 408
138 449
139 169
139 307
139 404
140 151
140 393
140 456
140 458
140 387
141 150
141 153
141 214
141 231
141 282
141 364
141 368
141 384
141 390
141 411
141 330
142 261
142 499
142 159
143 163
143 366
143 181
144 199
144 223
144 230
144 234
144 253
144 394
145 178
145 183
145 243
145 431
145 168
147 299
147 360
147 414
147 418
147 426
147 433
147 234
148 198
148 285
148 380
148 383
148 444
148 289
149 161
149 173
149 319
149 324
149 386
151 177
151 182
151 240
151 251
151 283
152 264
152 275
153 270
153 332
153 352
153 423
153 434
154 166
154 179
154 324
154 330
154 357
154 358
154 484
155 182
155 216
155 241
155 277
155 314
155 455
156 202
156 241
156 270
156 465
156 421
157 190
157 218
157 219
157 223
157 296
157 307
157 315
157 446
157 471
159 284
160 336
160 337
160 342
160 471
161 163
161 190
161 193
161 207
161 236
161 290
161 292
161 378
161 391
161 393
162 297
162 469
163 241
163 267
163 281
163 282
163 349
163 351
163 392
163 398
163 415
163 454
164 172
164 269
164 289
164 305
164 321
164 326
164 395
164 397
165 254
165 372
165 375
165 400
165 457
165 478
166 169
166 185
166 276
166 450
167 213
167 481
168 173
168 239
168 275
168 310
168 328
168 364
169 174
169 183
169 203
169 345
169 467
170 223
170 232
170 256
170 358
170 489
171 198
171 208
171 222
171 357
171 482
171 458
172 244
172 368
172 469
173 195
173 274
173 422
174 239
174 250
174 299
174 316
175 317
176 229
176 276
176 320
176 326
176 358
176 433
176 314
176 445
178 355
178 364
179 388
180 218
180 277
180 305
180 306
180 348
180 456
180 363
181 285
181 293
181 313
181 338
181 354
181 252
182 210
182 244
182 249
182 298
182 398
182 404
182 428
182 429
184 194
184 288
184 435
184 423
185 225
185 274
185 281
185 334
185 422
185 446
186 241
186 263
186 366
188 238
188 317
188 351
188 435
188 419
188 471
189 304
189 386
189 423
189 462
189 487
189 418
190 415
191 284
191 291
191 333
191 382
192 198
192 311
192 329
192 368
192 376
192 424
192 437
192 441
192 443
193 240
195 219
195 229
195 458
196 381
196 386
196 473
197 209
197 221
197 262
197 267
197 296
197 298
197 324
197 387
197 364
197 437
198 372
199 253
199 264
200 222
200 307
200 346
200 384
201 236
201 291
201 440
202 203
202 265
202 328
202 476
203 211
203 268
203 275
203 365
203 407
203 463
203 483
205 321
205 371
205 423
205 229
206 218
206 390
206 480
208 355
208 420
208 446
209 291
209 337
209 351
209 368
209 464
210 234
210 254
210 376
212 232
212 234
212 236
212 245
212 381
212 420
212 429
212 495
212 389
213 302
213 330
214 216
214 302
214 380
215 230
215 371
216 379
216 387
217 339
218 374
218 437
218 440
218 355
219 250
219 295
220 266
220 279
220 417
220 492
221 300
221 457
222 223
222 287
222 344
222 420
222 455
222 456
222 473
223 238
223 286
223 331
223 334
223 421
223 464
223 273
223 499
224 260
224 283
224 441
225 292
225 389
225 478
226 279
226 304
226 326
226 348
227 393
227 406
228 328
229 451
231 286
231 407
232 342
232 462
233 247
233 346
234 369
235 256
236 481
237 255
237 302
237 400
238 313
238 382
238 449
238 452
239 406
240 305
240 395
241 293
241 333
242 377
242 466
242 482
244 352
245 344
245 487
245 488
245 284
246 323
246 498
247 328
247 340
247 370
247 467
247 289
248 353
248 360
248 464
249 372
249 403
249 428
249 439
249 252
250 297
250 315
250 472
250 494
252 322
253 379
253 412
254 309
254 437
254 477
255 321
255 354
256 305
256 411
256 489
256 269
260 438
261 315
261 385
261 404
261 435
261 444
261 446
261 484
263 424
263 494
263 308
265 372
266 319
266 349
266 414
267 331
267 370
267 387
267 412
269 342
269 346
269 372
269 492
271 327
272 309
273 308
273 391
273 410
273 426
273 440
273 447
273 475
276 389
278 485
279 393
279 415
279 468
279 357
280 459
280 407
281 318
281 351
282 413
282 427
282 454
283 324
287 291
287 410
287 445
288 375
288 448
289 296
289 345
290 334
290 345
290 397
290 297
290 488
291 398
292 472
293 341
293 376
293 414
294 343
294 379
294 484
294 394
295 301
295 351
295 354
295 394
295 436
295 452
297 481
298 327
298 349
298 438
301 393
302 345
302 356
302 387
304 335
304 362
305 319
305 335
306 355
308 426
309 399
310 329
310 360
310 363
311 374
311 489
313 444
313 461
314 349
317 470
318 458
318 497
319 380
319 418
320 370
320 467
320 474
322 435
323 381
323 408
324 349
324 357
324 492
324 497
324 422
325 389
325 477
326 364
326 367
326 416
326 373
327 392
327 400
328 371
328 456
329 330
329 346
330 361
331 363
332 382
333 468
335 452
335 475
335 495
336 417
336 419
337 391
337 434
337 441
338 359
338 365
339 456
343 362
344 479
346 348
347 450
347 495
348 401
350 373
357 466
359 360
359 394
360 403
361 487
361 373
364 387
365 383
366 493
367 454
368 459
369 448
371 412
371 421
371 440
373 406
373 490
374 490
374 499
375 480
375 488
376 450
378 379
379 472
381 430
383 479
387 424
389 479
390 445
391 444
394 397
397 424
397 429
398 442
398 465
398 495
402 454
404 466
406 486
408 416
408 459
409 456
413 453
413 494
416 484
417 495
417 439
420 490
425 461
425 475
426 436
430 476
431 464
437 440
437 447
437 468
440 486
441 498
442 470
442 490
450 458
451 461
451 474
453 484
454 471
455 472
456 465
457 465
457 473
471 473
471 489
475 485
477 483
482 489
494 498