665638104
28
500
13327
0 28
0 29
0 30
0 31
0 32
0 33
0 34
0 35
0 36
0 37
0 38
0 39
0 40
0 42
0 44
0 45
0 46
0 48
0 49
0 50
0 51
0 52
0 55
0 56
0 59
0 61
0 62
0 63
0 65
0 73
0 82
0 84
0 87
0 89
0 103
0 108
0 119
0 127
0 128
0 138
0 142
0 146
0 148
0 152
0 157
0 164
0 167
0 178
0 179
0 180
0 182
0 220
0 223
0 249
0 277
0 279
0 285
0 288
0 291
0 303
0 307
0 323
0 351
0 363
0 369
0 371
0 382
0 390
0 394
0 420
0 425
0 443
0 454
0 461
1 28
1 29
1 30
1 31
1 32
1 34
1 35
1 36
1 37
1 40
1 41
1 43
1 45
1 46
1 47
1 49
1 55
1 62
1 64
1 69
1 70
1 74
1 76
1 79
1 82
1 86
1 90
1 95
1 96
1 98
1 100
1 105
1 115
1 119
1 120
1 130
1 135
1 139
1 141
1 153
1 154
1 162
1 165
1 168
1 186
1 192
1 198
1 233
1 235
1 245
1 249
1 251
1 253
1 278
1 294
1 306
1 327
1 329
1 342
1 360
1 401
1 405
1 409
1 430
1 441
1 495
1 314
2 28
2 29
2 30
2 31
2 32
2 34
2 35
2 36
2 37
2 38
2 39
2 40
2 41
2 47
2 49
2 51
2 52
2 54
2 56
2 57
2 58
2 70
2 72
2 74
2 79
2 86
2 88
2 90
2 91
2 104
2 111
2 113
2 120
2 124
2 125
2 131
2 132
2 140
2 144
2 146
2 155
2 162
2 163
2 169
2 172
2 177
2 180
2 190
2 193
2 197
2 204
2 207
2 210
2 223
2 226
2 232
2 238
2 247
2 259
2 291
2 310
2 311
2 329
2 330
2 333
2 337
2 359
2 383
2 384
2 394
2 402
2 437
2 452
2 459
2 482
2 491
2 492
2 499
3 28
3 29
3 30
3 31
3 32
3 33
3 34
3 35
3 36
3 38
3 40
3 42
3 44
3 45
3 48
3 50
3 51
3 55
3 59
3 60
3 71
3 73
3 77
3 96
3 99
3 100
3 101
3 102
3 109
3 115
3 118
3 129
3 131
3 134
3 137
3 138
3 145
3 146
3 147
3 152
3 161
3 163
3 168
3 169
3 171
3 174
3 181
3 183
3 189
3 192
3 199
3 205
3 212
3 232
3 239
3 241
3 253
3 267
3 278
3 286
3 297
3 336
3 351
3 368
3 372
3 389
3 395
3 402
3 403
3 404
3 408
3 409
3 418
3 424
3 441
3 476
3 480
3 482
3 494
4 28
4 29
4 30
4 31
4 32
4 33
4 34
4 36
4 37
4 38
4 39
4 40
4 45
4 46
4 47
4 48
4 49
4 52
4 53
4 54
4 58
4 61
4 62
4 64
4 72
4 73
4 78
4 79
4 80
4 85
4 96
4 99
4 103
4 106
4 108
4 129
4 132
4 135
4 144
4 154
4 170
4 173
4 177
4 182
4 189
4 211
4 213
4 236
4 244
4 246
4 272
4 278
4 280
4 282
4 284
4 286
4 296
4 303
4 333
4 342
4 343
4 363
4 396
4 399
4 413
4 423
4 433
4 438
4 449
4 480
5 28
5 29
5 30
5 31
5 32
5 33
5 35
5 36
5 37
5 38
5 39
5 41
5 42
5 43
5 44
5 45
5 47
5 48
5 54
5 56
5 57
5 62
5 63
5 66
5 68
5 72
5 77
5 79
5 81
5 84
5 88
5 90
5 95
5 98
5 110
5 112
5 115
5 122
5 126
5 127
5 129
5 131
5 136
5 143
5 144
5 145
5 151
5 152
5 160
5 164
5 174
5 179
5 186
5 187
5 189
5 192
5 198
5 213
5 216
5 217
5 224
5 227
5 234
5 241
5 244
5 255
5 266
5 277
5 291
5 301
5 310
5 325
5 328
5 333
5 346
5 347
5 351
5 361
5 376
5 377
5 381
5 383
5 392
5 398
5 405
5 414
5 415
5 419
5 423
5 424
5 428
5 433
5 434
5 438
5 444
5 445
5 448
5 473
5 483
5 487
5 40
5 171
6 28
6 29
6 30
6 31
6 32
6 34
6 35
6 36
6 37
6 39
6 43
6 46
6 52
6 55
6 56
6 66
6 71
6 73
6 75
6 78
6 80
6 84
6 87
6 90
6 93
6 99
6 101
6 106
6 107
6 108
6 109
6 111
6 114
6 117
6 120
6 130
6 132
6 142
6 144
6 150
6 154
6 155
6 190
6 194
6 199
6 222
6 232
6 233
6 237
6 238
6 239
6 244
6 251
6 256
6 267
6 269
6 271
6 280
6 282
6 294
6 313
6 318
6 338
6 340
6 346
6 366
6 373
6 390
6 391
6 396
6 397
6 442
6 450
6 464
6 499
7 28
7 29
7 30
7 31
7 33
7 34
7 37
7 38
7 40
7 41
7 45
7 49
7 51
7 52
7 55
7 57
7 58
7 60
7 64
7 66
7 67
7 68
7 76
7 84
7 90
7 98
7 122
7 127
7 131
7 136
7 147
7 158
7 161
7 195
7 210
7 213
7 220
7 229
7 230
7 240
7 265
7 275
7 296
7 305
7 311
7 320
7 324
7 327
7 331
7 337
7 383
7 395
7 402
7 422
7 427
7 472
7 485
8 28
8 29
8 31
8 32
8 34
8 39
8 42
8 47
8 49
8 50
8 51
8 54
8 57
8 58
8 59
8 75
8 78
8 83
8 85
8 89
8 90
8 92
8 94
8 99
8 102
8 103
8 104
8 113
8 118
8 120
8 128
8 136
8 155
8 159
8 166
8 173
8 190
8 197
8 198
8 199
8 203
8 204
8 206
8 221
8 225
8 233
8 254
8 260
8 265
8 275
8 282
8 283
8 302
8 304
8 308
8 312
8 317
8 319
8 328
8 335
8 338
8 354
8 355
8 365
8 386
8 389
8 396
8 410
8 418
8 426
8 427
8 428
8 435
8 454
8 499
9 28
9 29
9 30
9 31
9 32
9 33
9 34
9 35
9 36
9 37
9 39
9 40
9 41
9 43
9 45
9 46
9 47
9 48
9 49
9 50
9 51
9 52
9 53
9 59
9 60
9 68
9 70
9 82
9 83
9 84
9 86
9 87
9 97
9 99
9 100
9 111
9 113
9 115
9 117
9 120
9 121
9 123
9 130
9 136
9 144
9 147
9 150
9 154
9 161
9 164
9 166
9 168
9 169
9 189
9 192
9 196
9 214
9 227
9 230
9 243
9 262
9 291
9 302
9 311
9 321
9 322
9 327
9 340
9 353
9 359
9 375
9 389
9 402
9 404
9 455
9 472
9 487
9 490
9 498
9 42
10 28
10 30
10 31
10 32
10 33
10 34
10 35
10 36
10 37
10 38
10 40
10 41
10 42
10 43
10 46
10 47
10 61
10 63
10 64
10 67
10 68
10 82
10 86
10 91
10 92
10 93
10 94
10 98
10 112
10 118
10 126
10 151
10 155
10 161
10 169
10 174
10 187
10 188
10 206
10 221
10 223
10 264
10 266
10 279
10 307
10 308
10 311
10 331
10 332
10 341
10 347
10 382
10 392
10 395
10 438
10 452
10 465
10 469
10 486
10 491
10 495
10 79
11 28
11 29
11 30
11 32
11 33
11 34
11 35
11 37
11 38
11 39
11 43
11 44
11 49
11 51
11 65
11 69
11 71
11 76
11 83
11 86
11 97
11 102
11 104
11 122
11 157
11 163
11 165
11 181
11 188
11 195
11 198
11 200
11 217
11 229
11 233
11 240
11 244
11 251
11 267
11 302
11 328
11 330
11 331
11 358
11 375
11 394
11 406
11 419
11 433
11 477
11 479
11 497
11 130
12 28
12 29
12 30
12 31
12 32
12 33
12 34
12 35
12 36
12 37
12 38
12 39
12 40
12 41
12 44
12 48
12 50
12 51
12 52
12 53
12 54
12 56
12 57
12 60
12 61
12 64
12 66
12 70
12 76
12 80
12 85
12 86
12 87
12 88
12 89
12 96
12 97
12 100
12 102
12 109
12 113
12 115
12 116
12 126
12 130
12 133
12 134
12 136
12 137
12 138
12 143
12 165
12 180
12 181
12 187
12 189
12 191
12 192
12 207
12 215
12 220
12 222
12 225
12 228
12 230
12 236
12 247
12 267
12 271
12 278
12 295
12 300
12 302
12 331
12 337
12 338
12 347
12 359
12 367
12 369
12 375
12 376
12 386
12 396
12 404
12 418
12 421
12 422
12 429
12 432
12 437
12 441
12 457
12 470
12 475
12 493
13 28
13 29
13 30
13 31
13 32
13 33
13 35
13 38
13 39
13 41
13 42
13 43
13 44
13 47
13 50
13 56
13 57
13 64
13 65
13 68
13 69
13 72
13 88
13 89
13 91
13 92
13 98
13 99
13 106
13 107
13 108
13 109
13 111
13 116
13 119
13 121
13 123
13 124
13 128
13 129
13 130
13 133
13 134
13 138
13 139
13 140
13 148
13 158
13 163
13 169
13 174
13 176
13 179
13 184
13 189
13 201
13 207
13 216
13 220
13 222
13 238
13 245
13 250
13 257
13 268
13 275
13 285
13 293
13 299
13 302
13 320
13 321
13 322
13 331
13 343
13 353
13 371
13 405
13 416
13 418
13 444
13 469
13 470
13 473
13 480
13 487
13 491
13 499
14 28
14 29
14 30
14 31
14 32
14 33
14 35
14 36
14 37
14 38
14 40
14 41
14 42
14 43
14 46
14 47
14 48
14 52
14 56
14 59
14 60
14 62
14 70
14 81
14 89
14 90
14 102
14 108
14 129
14 143
14 145
14 161
14 166
14 171
14 195
14 200
14 201
14 209
14 212
14 221
14 231
14 237
14 251
14 255
14 256
14 269
14 272
14 274
14 281
14 299
14 308
14 318
14 346
14 350
14 365
14 372
14 373
14 394
14 400
14 408
14 410
14 453
14 459
14 467
14 468
14 493
14 50
15 28
15 29
15 30
15 33
15 40
15 41
15 42
15 49
15 58
15 59
15 65
15 66
15 67
15 68
15 74
15 77
15 89
15 90
15 96
15 106
15 143
15 149
15 158
15 165
15 178
15 199
15 214
15 233
15 258
15 264
15 337
15 355
15 378
16 28
16 29
16 30
16 31
16 32
16 33
16 34
16 35
16 37
16 38
16 39
16 41
16 42
16 43
16 44
16 46
16 48
16 49
16 52
16 53
16 57
16 59
16 60
16 67
16 68
16 70
16 72
16 73
16 74
16 79
16 84
16 90
16 93
16 94
16 97
16 99
16 100
16 101
16 104
16 108
16 111
16 112
16 115
16 117
16 118
16 119
16 121
16 122
16 123
16 125
16 128
16 129
16 134
16 135
16 144
16 152
16 157
16 158
16 167
16 169
16 180
16 189
16 201
16 202
16 205
16 208
16 214
16 227
16 231
16 240
16 247
16 254
16 255
16 259
16 268
16 271
16 276
16 278
16 279
16 280
16 297
16 304
16 308
16 312
16 313
16 326
16 329
16 333
16 338
16 339
16 348
16 349
16 351
16 352
16 370
16 372
16 380
16 392
16 398
16 400
16 417
16 435
16 438
16 443
16 444
16 445
16 448
16 472
16 485
17 28
17 29
17 30
17 31
17 32
17 33
17 34
17 35
17 36
17 37
17 38
17 42
17 43
17 44
17 46
17 47
17 48
17 49
17 55
17 60
17 62
17 63
17 69
17 72
17 76
17 83
17 96
17 98
17 103
17 106
17 108
17 120
17 123
17 125
17 126
17 136
17 140
17 151
17 153
17 156
17 159
17 160
17 162
17 175
17 176
17 181
17 196
17 200
17 201
17 202
17 208
17 226
17 240
17 267
17 276
17 291
17 306
17 311
17 314
17 351
17 356
17 358
17 373
17 374
17 386
17 396
17 409
17 411
17 427
17 429
17 433
17 439
17 454
17 484
17 496
17 194
18 28
18 29
18 30
18 33
18 35
18 36
18 39
18 45
18 54
18 67
18 72
18 101
18 103
18 118
18 119
18 139
18 191
18 220
18 235
18 256
18 268
18 299
18 319
18 371
18 467
18 481
18 485
19 28
19 29
19 30
19 31
19 32
19 33
19 34
19 35
19 36
19 37
19 38
19 40
19 41
19 43
19 44
19 45
19 47
19 50
19 52
19 54
19 57
19 61
19 63
19 64
19 67
19 74
19 75
19 79
19 81
19 82
19 88
19 91
19 94
19 95
19 97
19 99
19 105
19 106
19 107
19 111
19 122
19 124
19 126
19 127
19 131
19 133
19 137
19 149
19 152
19 155
19 163
19 179
19 182
19 185
19 188
19 198
19 202
19 210
19 212
19 216
19 220
19 227
19 232
19 241
19 245
19 249
19 254
19 262
19 271
19 280
19 299
19 300
19 302
19 307
19 314
19 318
19 325
19 343
19 345
19 359
19 374
19 383
19 384
19 393
19 395
19 399
19 413
19 415
19 417
19 425
19 463
19 478
19 486
20 28
20 29
20 30
20 31
20 32
20 33
20 34
20 35
20 36
20 38
20 39
20 42
20 45
20 46
20 52
20 53
20 56
20 60
20 70
20 76
20 81
20 82
20 83
20 84
20 89
20 92
20 100
20 128
20 130
20 137
20 139
20 143
20 145
20 146
20 161
20 163
20 166
20 178
20 181
20 207
20 216
20 229
20 254
20 257
20 265
20 272
20 276
20 281
20 288
20 289
20 298
20 299
20 310
20 318
20 340
20 343
20 346
20 349
20 352
20 359
20 368
20 375
20 377
20 392
20 420
20 431
20 442
20 467
20 475
20 480
20 484
20 487
20 489
20 93
21 28
21 29
21 30
21 31
21 32
21 33
21 35
21 36
21 37
21 38
21 39
21 40
21 41
21 42
21 43
21 44
21 45
21 47
21 50
21 52
21 54
21 56
21 57
21 58
21 60
21 62
21 66
21 67
21 69
21 75
21 80
21 85
21 87
21 88
21 89
21 92
21 94
21 95
21 97
21 98
21 101
21 112
21 114
21 119
21 128
21 129
21 134
21 137
21 139
21 142
21 150
21 152
21 158
21 159
21 188
21 190
21 191
21 193
21 206
21 207
21 209
21 220
21 222
21 225
21 226
21 233
21 235
21 238
21 242
21 246
21 250
21 252
21 254
21 256
21 257
21 258
21 260
21 272
21 275
21 276
21 287
21 296
21 305
21 316
21 320
21 327
21 355
21 360
21 362
21 386
21 387
21 400
21 408
21 415
21 419
21 424
21 436
21 445
21 450
21 451
21 459
21 469
21 474
21 484
21 492
21 499
21 59
22 28
22 29
22 30
22 31
22 32
22 33
22 34
22 35
22 36
22 39
22 40
22 42
22 44
22 45
22 46
22 50
22 51
22 56
22 58
22 61
22 62
22 63
22 68
22 71
22 72
22 73
22 74
22 78
22 88
22 108
22 113
22 118
22 120
22 121
22 129
22 133
22 140
22 144
22 151
22 152
22 164
22 167
22 169
22 171
22 172
22 178
22 179
22 184
22 185
22 192
22 200
22 215
22 219
22 226
22 231
22 239
22 241
22 259
22 261
22 270
22 271
22 274
22 276
22 277
22 283
22 295
22 311
22 351
22 353
22 354
22 356
22 366
22 390
22 403
22 427
22 431
22 442
22 448
22 460
22 475
22 490
23 28
23 29
23 30
23 31
23 32
23 33
23 34
23 40
23 46
23 48
23 51
23 53
23 54
23 63
23 71
23 72
23 73
23 74
23 79
23 81
23 83
23 87
23 91
23 99
23 107
23 124
23 139
23 143
23 156
23 158
23 174
23 182
23 184
23 186
23 191
23 193
23 201
23 225
23 238
23 239
23 269
23 287
23 294
23 298
23 299
23 325
23 355
23 357
23 366
23 389
23 392
23 405
23 409
23 425
23 431
23 466
23 490
23 494
23 499
24 28
24 29
24 30
24 31
24 33
24 34
24 36
24 37
24 38
24 39
24 42
24 43
24 44
24 47
24 48
24 55
24 68
24 70
24 75
24 77
24 78
24 80
24 91
24 92
24 93
24 96
24 104
24 117
24 118
24 124
24 125
24 142
24 153
24 163
24 175
24 193
24 197
24 212
24 215
24 217
24 219
24 223
24 229
24 235
24 243
24 249
24 252
24 267
24 273
24 278
24 306
24 322
24 323
24 328
24 340
24 342
24 349
24 354
24 369
24 375
24 379
24 392
24 406
24 408
24 415
24 442
24 444
24 448
24 456
24 466
24 468
24 486
25 28
25 29
25 31
25 32
25 33
25 34
25 35
25 36
25 37
25 38
25 41
25 42
25 44
25 45
25 46
25 50
25 51
25 52
25 58
25 59
25 62
25 67
25 77
25 81
25 87
25 97
25 104
25 105
25 119
25 131
25 135
25 142
25 149
25 161
25 165
25 166
25 169
25 175
25 179
25 184
25 185
25 196
25 206
25 210
25 226
25 236
25 265
25 272
25 283
25 333
25 336
25 355
25 363
25 366
25 368
25 370
25 393
25 431
25 446
25 452
25 453
25 456
25 463
25 469
25 493
25 454
26 28
26 29
26 30
26 31
26 32
26 33
26 34
26 35
26 36
26 38
26 40
26 41
26 43
26 44
26 45
26 47
26 50
26 52
26 53
26 55
26 57
26 58
26 59
26 62
26 63
26 64
26 65
26 66
26 69
26 70
26 72
26 73
26 74
26 75
26 82
26 83
26 86
26 90
26 93
26 97
26 98
26 100
26 102
26 103
26 107
26 108
26 111
26 112
26 114
26 116
26 117
26 118
26 119
26 120
26 122
26 125
26 127
26 134
26 154
26 162
26 166
26 167
26 176
26 178
26 191
26 194
26 201
26 207
26 209
26 212
26 226
26 227
26 242
26 253
26 255
26 259
26 262
26 264
26 266
26 271
26 274
26 285
26 293
26 296
26 298
26 304
26 309
26 322
26 326
26 338
26 342
26 348
26 350
26 357
26 358
26 362
26 364
26 367
26 370
26 374
26 383
26 408
26 440
26 451
26 455
26 462
26 488
26 497
26 160
27 28
27 29
27 30
27 31
27 32
27 33
27 34
27 37
27 39
27 43
27 44
27 48
27 49
27 50
27 53
27 67
27 68
27 73
27 101
27 102
27 104
27 114
27 119
27 131
27 134
27 144
27 145
27 150
27 155
27 166
27 167
27 175
27 191
27 214
27 217
27 218
27 228
27 233
27 234
27 235
27 257
27 260
27 291
27 300
27 305
27 329
27 340
27 341
27 343
27 344
27 349
27 356
27 364
27 370
27 375
27 382
27 384
27 406
27 407
27 425
27 426
27 453
27 456
27 468
27 486
27 488
27 492
27 495
27 320
28 29
28 30
28 31
28 32
28 33
28 34
28 35
28 36
28 37
28 38
28 39
28 40
28 41
28 42
28 43
28 44
28 45
28 46
28 48
28 49
28 51
28 52
28 53
28 54
28 55
28 56
28 57
28 58
28 59
28 60
28 63
28 67
28 68
28 69
28 71
28 72
28 74
28 75
28 77
28 78
28 79
28 80
28 81
28 82
28 85
28 86
28 91
28 94
28 97
28 99
28 103
28 104
28 105
28 108
28 109
28 110
28 111
28 112
28 113
28 117
28 118
28 120
28 123
28 126
28 127
28 130
28 136
28 137
28 140
28 141
28 142
28 144
28 145
28 149
28 152
28 162
28 164
28 169
28 176
28 178
28 182
28 185
28 192
28 193
28 195
28 202
28 212
28 216
28 217
28 221
28 228
28 244
28 245
28 251
28 253
28 257
28 259
28 262
28 267
28 268
28 277
28 282
28 286
28 290
28 292
28 294
28 300
28 306
28 311
28 312
28 313
28 316
28 321
28 322
28 327
28 336
28 337
28 338
28 345
28 346
28 349
28 356
28 370
28 378
28 383
28 386
28 389
28 391
28 401
28 403
28 406
28 417
28 418
28 428
28 430
28 436
28 438
28 440
28 444
28 446
28 449
28 450
28 452
28 453
28 463
28 464
28 466
28 474
28 335
28 255
29 30
29 31
29 32
29 33
29 34
29 35
29 36
29 37
29 38
29 39
29 40
29 41
29 42
29 43
29 44
29 45
29 46
29 47
29 48
29 50
29 52
29 53
29 54
29 56
29 57
29 58
29 60
29 61
29 62
29 63
29 64
29 65
29 67
29 68
29 73
29 74
29 75
29 76
29 77
29 78
29 80
29 85
29 86
29 89
29 90
29 93
29 94
29 95
29 96
29 97
29 98
29 101
29 103
29 104
29 107
29 109
29 110
29 111
29 113
29 116
29 120
29 125
29 126
29 132
29 133
29 135
29 136
29 139
29 140
29 141
29 145
29 147
29 151
29 152
29 153
29 155
29 156
29 159
29 171
29 172
29 174
29 177
29 179
29 181
29 182
29 183
29 184
29 185
29 188
29 193
29 195
29 199
29 202
29 204
29 205
29 209
29 211
29 212
29 215
29 216
29 219
29 232
29 234
29 241
29 243
29 247
29 250
29 261
29 262
29 267
29 268
29 270
29 271
29 272
29 273
29 274
29 280
29 282
29 287
29 288
29 290
29 292
29 293
29 294
29 296
29 297
29 298
29 301
29 303
29 307
29 309
29 319
29 324
29 330
29 332
29 336
29 339
29 342
29 343
29 352
29 353
29 362
29 367
29 370
29 379
29 381
29 382
29 383
29 385
29 389
29 393
29 394
29 397
29 422
29 432
29 437
29 443
29 444
29 446
29 456
29 459
29 479
29 490
29 495
29 498
30 31
30 32
30 33
30 34
30 35
30 36
30 37
30 38
30 39
30 40
30 41
30 42
30 43
30 44
30 46
30 47
30 48
30 49
30 52
30 53
30 54
30 55
30 56
30 57
30 59
30 60
30 61
30 62
30 63
30 64
30 67
30 68
30 69
30 70
30 71
30 72
30 74
30 75
30 76
30 82
30 83
30 84
30 85
30 87
30 88
30 92
30 94
30 95
30 96
30 97
30 102
30 103
30 104
30 105
30 107
30 108
30 119
30 120
30 122
30 125
30 128
30 132
30 137
30 140
30 142
30 150
30 156
30 163
30 165
30 166
30 167
30 170
30 171
30 172
30 175
30 177
30 190
30 193
30 194
30 198
30 206
30 208
30 212
30 213
30 219
30 227
30 235
30 236
30 237
30 246
30 247
30 250
30 251
30 259
30 265
30 269
30 283
30 290
30 293
30 310
30 316
30 318
30 321
30 324
30 326
30 327
30 342
30 344
30 351
30 356
30 358
30 362
30 364
30 367
30 372
30 379
30 381
30 384
30 393
30 397
30 404
30 405
30 408
30 429
30 433
30 439
30 447
30 451
30 453
30 456
30 460
30 470
30 485
30 491
30 494
30 371
31 32
31 33
31 34
31 35
31 36
31 37
31 38
31 39
31 40
31 41
31 42
31 43
31 44
31 45
31 46
31 47
31 48
31 49
31 50
31 51
31 53
31 54
31 55
31 56
31 57
31 59
31 60
31 61
31 62
31 64
31 65
31 66
31 67
31 69
31 70
31 71
31 72
31 76
31 77
31 78
31 79
31 83
31 84
31 87
31 89
31 92
31 93
31 96
31 97
31 99
31 101
31 104
31 105
31 108
31 113
31 115
31 118
31 120
31 121
31 122
31 123
31 124
31 129
31 130
31 133
31 134
31 135
31 137
31 139
31 143
31 145
31 147
31 148
31 149
31 155
31 160
31 161
31 165
31 166
31 167
31 168
31 170
31 174
31 175
31 181
31 183
31 188
31 193
31 197
31 203
31 206
31 208
31 215
31 216
31 217
31 218
31 222
31 225
31 226
31 233
31 234
31 237
31 240
31 242
31 249
31 250
31 255
31 258
31 259
31 261
31 263
31 266
31 269
31 273
31 279
31 282
31 284
31 286
31 291
31 297
31 299
31 304
31 306
31 308
31 310
31 311
31 312
31 315
31 321
31 323
31 326
31 327
31 338
31 341
31 344
31 356
31 360
31 361
31 362
31 365
31 372
31 379
31 381
31 386
31 390
31 393
31 398
31 401
31 402
31 406
31 410
31 413
31 423
31 431
31 432
31 433
31 437
31 439
31 454
31 455
31 457
31 459
31 472
31 473
31 475
31 476
31 481
31 488
31 496
31 468
31 95
31 204
31 478
32 34
32 35
32 36
32 37
32 38
32 39
32 40
32 41
32 43
32 44
32 45
32 46
32 47
32 48
32 49
32 50
32 51
32 53
32 55
32 57
32 59
32 60
32 62
32 63
32 64
32 66
32 68
32 70
32 71
32 73
32 75
32 76
32 78
32 80
32 81
32 82
32 85
32 86
32 87
32 88
32 89
32 90
32 91
32 93
32 94
32 96
32 97
32 99
32 100
32 101
32 103
32 107
32 108
32 110
32 111
32 112
32 114
32 116
32 125
32 126
32 130
32 133
32 137
32 139
32 142
32 144
32 145
32 146
32 150
32 154
32 155
32 159
32 168
32 171
32 175
32 178
32 184
32 187
32 193
32 196
32 197
32 201
32 208
32 215
32 218
32 222
32 223
32 224
32 225
32 230
32 233
32 234
32 235
32 246
32 248
32 250
32 252
32 255
32 256
32 259
32 265
32 269
32 271
32 273
32 278
32 284
32 299
32 307
32 308
32 309
32 313
32 322
32 326
32 327
32 332
32 337
32 341
32 345
32 350
32 352
32 357
32 359
32 361
32 363
32 366
32 373
32 386
32 388
32 405
32 408
32 409
32 410
32 414
32 417
32 428
32 430
32 438
32 441
32 447
32 453
32 460
32 465
32 489
32 493
32 496
32 499
32 477
33 34
33 35
33 36
33 37
33 38
33 39
33 40
33 41
33 42
33 43
33 44
33 45
33 48
33 49
33 52
33 53
33 55
33 57
33 58
33 60
33 61
33 62
33 64
33 66
33 68
33 71
33 73
33 74
33 76
33 77
33 80
33 82
33 83
33 84
33 87
33 91
33 92
33 97
33 98
33 101
33 102
33 103
33 104
33 108
33 109
33 112
33 114
33 119
33 121
33 123
33 128
33 130
33 133
33 134
33 135
33 140
33 141
33 147
33 152
33 156
33 158
33 159
33 160
33 161
33 166
33 167
33 171
33 172
33 174
33 178
33 180
33 182
33 183
33 185
33 187
33 188
33 189
33 193
33 198
33 201
33 203
33 204
33 211
33 215
33 216
33 223
33 224
33 238
33 241
33 242
33 244
33 246
33 249
33 252
33 253
33 258
33 263
33 265
33 268
33 273
33 275
33 283
33 284
33 286
33 287
33 292
33 296
33 298
33 300
33 302
33 310
33 311
33 317
33 319
33 322
33 326
33 328
33 330
33 335
33 337
33 343
33 357
33 362
33 379
33 380
33 381
33 382
33 388
33 389
33 392
33 407
33 409
33 411
33 419
33 421
33 424
33 432
33 436
33 442
33 452
33 454
33 463
33 472
33 474
33 482
33 487
33 489
33 495
33 499
33 47
34 35
34 36
34 37
34 38
34 39
34 40
34 41
34 42
34 43
34 45
34 47
34 48
34 49
34 50
34 52
34 53
34 54
34 56
34 57
34 58
34 63
34 65
34 66
34 69
34 72
34 75
34 77
34 79
34 80
34 81
34 86
34 90
34 91
34 92
34 93
34 94
34 95
34 98
34 100
34 101
34 103
34 107
34 109
34 110
34 112
34 117
34 121
34 122
34 123
34 128
34 131
34 132
34 133
34 134
34 136
34 138
34 139
34 140
34 142
34 143
34 146
34 147
34 148
34 149
34 151
34 156
34 160
34 163
34 165
34 169
34 171
34 173
34 174
34 175
34 179
34 183
34 187
34 188
34 190
34 192
34 195
34 198
34 201
34 203
34 206
34 207
34 210
34 211
34 212
34 213
34 217
34 218
34 219
34 229
34 232
34 239
34 241
34 249
34 261
34 266
34 269
34 270
34 272
34 273
34 274
34 281
34 296
34 302
34 305
34 309
34 310
34 311
34 313
34 318
34 323
34 332
34 334
34 337
34 350
34 352
34 355
34 363
34 368
34 373
34 379
34 384
34 386
34 390
34 394
34 398
34 399
34 401
34 414
34 415
34 429
34 444
34 446
34 447
34 450
34 458
34 464
34 472
34 474
34 476
34 487
35 36
35 37
35 38
35 39
35 40
35 41
35 42
35 43
35 44
35 45
35 46
35 48
35 49
35 50
35 52
35 53
35 54
35 57
35 58
35 60
35 61
35 62
35 63
35 64
35 67
35 68
35 69
35 70
35 73
35 74
35 77
35 78
35 81
35 82
35 84
35 86
35 87
35 96
35 98
35 99
35 102
35 103
35 106
35 108
35 109
35 110
35 113
35 114
35 117
35 118
35 122
35 123
35 124
35 126
35 127
35 130
35 133
35 136
35 148
35 152
35 153
35 160
35 162
35 164
35 180
35 184
35 185
35 186
35 199
35 200
35 202
35 203
35 208
35 212
35 217
35 218
35 224
35 227
35 231
35 232
35 251
35 257
35 260
35 262
35 264
35 270
35 279
35 289
35 292
35 303
35 310
35 314
35 329
35 330
35 334
35 335
35 341
35 344
35 351
35 359
35 374
35 385
35 389
35 452
35 495
35 135
35 59
35 237
36 37
36 38
36 39
36 40
36 41
36 42
36 43
36 44
36 46
36 48
36 49
36 50
36 51
36 53
36 55
36 56
36 57
36 58
36 59
36 61
36 65
36 68
36 69
36 72
36 74
36 76
36 79
36 80
36 81
36 83
36 84
36 85
36 86
36 90
36 91
36 92
36 93
36 96
36 100
36 101
36 102
36 104
36 106
36 109
36 111
36 113
36 116
36 117
36 125
36 127
36 132
36 133
36 143
36 151
36 153
36 154
36 155
36 156
36 157
36 163
36 166
36 168
36 173
36 175
36 179
36 180
36 184
36 192
36 196
36 198
36 205
36 216
36 219
36 221
36 227
36 229
36 233
36 235
36 237
36 240
36 254
36 262
36 263
36 270
36 278
36 283
36 286
36 295
36 299
36 307
36 325
36 327
36 339
36 342
36 343
36 356
36 357
36 360
36 364
36 379
36 380
36 382
36 388
36 389
36 390
36 393
36 394
36 396
36 398
36 400
36 402
36 404
36 413
36 419
36 420
36 421
36 433
36 444
36 446
36 448
36 449
36 454
36 458
36 460
36 462
36 466
36 478
36 479
36 489
36 492
36 496
36 403
37 39
37 40
37 41
37 42
37 43
37 45
37 46
37 47
37 49
37 50
37 51
37 53
37 54
37 55
37 56
37 58
37 61
37 62
37 63
37 64
37 65
37 68
37 69
37 70
37 72
37 73
37 75
37 76
37 77
37 78
37 80
37 82
37 85
37 86
37 88
37 90
37 91
37 93
37 94
37 97
37 98
37 101
37 103
37 104
37 105
37 112
37 115
37 117
37 119
37 120
37 125
37 130
37 131
37 132
37 133
37 136
37 140
37 142
37 143
37 144
37 147
37 154
37 164
37 168
37 170
37 174
37 175
37 177
37 181
37 186
37 187
37 189
37 190
37 193
37 196
37 199
37 206
37 210
37 211
37 217
37 220
37 221
37 224
37 232
37 233
37 235
37 238
37 239
37 242
37 251
37 252
37 267
37 268
37 270
37 271
37 273
37 278
37 282
37 293
37 304
37 310
37 320
37 321
37 331
37 338
37 350
37 357
37 359
37 360
37 365
37 369
37 373
37 377
37 379
37 380
37 387
37 399
37 416
37 419
37 424
37 439
37 446
37 448
37 451
37 462
37 463
37 467
37 471
37 478
37 487
37 490
38 39
38 40
38 41
38 42
38 44
38 45
38 46
38 47
38 48
38 49
38 51
38 52
38 53
38 54
38 56
38 57
38 58
38 59
38 61
38 62
38 69
38 70
38 72
38 74
38 76
38 77
38 79
38 81
38 83
38 89
38 90
38 91
38 92
38 95
38 102
38 103
38 104
38 106
38 107
38 109
38 115
38 117
38 122
38 124
38 125
38 129
38 132
38 134
38 138
38 139
38 141
38 144
38 146
38 147
38 156
38 158
38 159
38 169
38 176
38 186
38 188
38 191
38 195
38 206
38 214
38 217
38 224
38 229
38 230
38 240
38 242
38 245
38 248
38 254
38 259
38 264
38 265
38 271
38 275
38 283
38 287
38 289
38 291
38 300
38 305
38 307
38 312
38 319
38 323
38 334
38 341
38 347
38 349
38 352
38 356
38 360
38 362
38 369
38 373
38 383
38 388
38 390
38 394
38 406
38 415
38 417
38 419
38 427
38 437
38 439
38 443
38 448
38 449
38 451
38 452
38 453
38 457
38 465
38 471
38 475
38 476
38 492
38 494
39 40
39 41
39 42
39 43
39 44
39 45
39 46
39 47
39 48
39 49
39 51
39 53
39 55
39 56
39 57
39 58
39 59
39 60
39 61
39 64
39 65
39 67
39 68
39 69
39 73
39 76
39 77
39 81
39 82
39 83
39 85
39 86
39 88
39 90
39 94
39 98
39 99
39 101
39 102
39 107
39 110
39 112
39 114
39 116
39 120
39 122
39 123
39 124
39 125
39 127
39 130
39 132
39 139
39 140
39 142
39 145
39 146
39 153
39 157
39 160
39 162
39 164
39 165
39 166
39 169
39 173
39 175
39 179
39 180
39 182
39 187
39 190
39 191
39 192
39 196
39 197
39 200
39 202
39 204
39 211
39 216
39 220
39 227
39 230
39 232
39 234
39 237
39 244
39 245
39 248
39 250
39 258
39 260
39 264
39 266
39 273
39 275
39 284
39 286
39 287
39 289
39 297
39 302
39 306
39 309
39 314
39 315
39 320
39 323
39 324
39 328
39 334
39 340
39 342
39 349
39 359
39 364
39 366
39 367
39 374
39 381
39 390
39 404
39 405
39 410
39 411
39 413
39 422
39 425
39 426
39 430
39 432
39 434
39 437
39 443
39 457
39 462
39 471
39 473
39 475
39 480
39 490
39 496
39 498
39 305
39 276
40 41
40 42
40 43
40 44
40 46
40 47
40 48
40 49
40 50
40 51
40 53
40 56
40 58
40 59
40 60
40 62
40 63
40 64
40 65
40 66
40 67
40 68
40 69
40 71
40 72
40 73
40 74
40 75
40 76
40 78
40 80
40 81
40 82
40 88
40 89
40 92
40 95
40 98
40 99
40 105
40 111
40 112
40 113
40 117
40 119
40 120
40 121
40 128
40 130
40 133
40 134
40 137
40 138
40 139
40 141
40 148
40 152
40 156
40 157
40 160
40 161
40 162
40 175
40 176
40 177
40 180
40 182
40 185
40 190
40 194
40 198
40 199
40 204
40 208
40 209
40 212
40 228
40 231
40 234
40 239
40 243
40 244
40 247
40 248
40 257
40 263
40 282
40 287
40 293
40 299
40 305
40 325
40 339
40 354
40 355
40 356
40 378
40 379
40 397
40 407
40 416
40 418
40 427
40 433
40 436
40 446
40 455
40 456
40 458
40 482
40 489
40 495
40 497
40 498
41 42
41 43
41 44
41 45
41 46
41 47
41 48
41 50
41 51
41 52
41 53
41 54
41 55
41 59
41 60
41 62
41 63
41 65
41 66
41 68
41 70
41 71
41 74
41 75
41 76
41 78
41 79
41 85
41 86
41 89
41 91
41 92
41 93
41 95
41 96
41 98
41 100
41 104
41 106
41 107
41 109
41 110
41 114
41 117
41 119
41 122
41 126
41 129
41 132
41 135
41 136
41 140
41 141
41 142
41 143
41 144
41 145
41 148
41 153
41 155
41 156
41 163
41 169
41 170
41 171
41 177
41 178
41 180
41 181
41 187
41 189
41 195
41 196
41 197
41 200
41 204
41 206
41 207
41 211
41 218
41 221
41 222
41 223
41 224
41 228
41 237
41 239
41 245
41 246
41 247
41 253
41 261
41 262
41 271
41 272
41 277
41 285
41 290
41 296
41 302
41 303
41 305
41 308
41 317
41 320
41 327
41 328
41 329
41 332
41 334
41 341
41 346
41 350
41 360
41 361
41 367
41 378
41 383
41 388
41 393
41 395
41 398
41 399
41 412
41 417
41 418
41 437
41 440
41 445
41 449
41 451
41 452
41 474
41 476
41 481
41 487
41 489
41 491
41 495
41 227
42 45
42 47
42 49
42 50
42 51
42 52
42 53
42 54
42 55
42 56
42 59
42 60
42 61
42 62
42 63
42 65
42 68
42 70
42 71
42 72
42 74
42 75
42 77
42 78
42 79
42 81
42 82
42 83
42 89
42 93
42 95
42 96
42 98
42 101
42 102
42 104
42 109
42 110
42 112
42 115
42 117
42 118
42 121
42 122
42 127
42 131
42 137
42 143
42 147
42 152
42 154
42 155
42 156
42 161
42 162
42 164
42 171
42 173
42 174
42 181
42 184
42 190
42 192
42 204
42 208
42 210
42 216
42 221
42 223
42 232
42 234
42 237
42 245
42 251
42 253
42 258
42 260
42 264
42 278
42 279
42 280
42 282
42 284
42 285
42 287
42 297
42 299
42 308
42 313
42 316
42 317
42 323
42 326
42 328
42 334
42 335
42 339
42 342
42 344
42 346
42 348
42 354
42 372
42 376
42 381
42 385
42 388
42 396
42 398
42 403
42 413
42 420
42 422
42 423
42 435
42 436
42 448
42 456
42 458
42 463
42 470
42 483
42 485
42 486
42 490
42 496
42 498
42 499
42 158
43 44
43 45
43 46
43 47
43 50
43 51
43 52
43 54
43 55
43 57
43 58
43 59
43 61
43 62
43 63
43 64
43 66
43 72
43 73
43 77
43 78
43 83
43 85
43 87
43 91
43 92
43 94
43 96
43 98
43 100
43 101
43 103
43 105
43 108
43 109
43 110
43 115
43 116
43 117
43 119
43 122
43 123
43 124
43 125
43 127
43 129
43 140
43 143
43 147
43 150
43 151
43 157
43 158
43 160
43 163
43 172
43 174
43 177
43 181
43 183
43 192
43 196
43 201
43 203
43 204
43 205
43 209
43 220
43 243
43 253
43 255
43 256
43 268
43 272
43 274
43 278
43 281
43 282
43 289
43 299
43 300
43 306
43 316
43 323
43 330
43 331
43 337
43 339
43 345
43 348
43 358
43 370
43 373
43 377
43 378
43 380
43 389
43 403
43 407
43 416
43 417
43 422
43 423
43 426
43 438
43 439
43 458
43 462
43 463
43 469
43 475
43 477
43 481
43 492
44 45
44 46
44 47
44 48
44 50
44 51
44 52
44 53
44 54
44 56
44 57
44 60
44 63
44 65
44 66
44 67
44 69
44 70
44 71
44 73
44 74
44 76
44 80
44 82
44 85
44 86
44 87
44 88
44 90
44 91
44 93
44 94
44 95
44 103
44 104
44 106
44 110
44 112
44 117
44 121
44 124
44 126
44 127
44 128
44 129
44 132
44 140
44 142
44 143
44 149
44 150
44 155
44 156
44 158
44 160
44 163
44 166
44 168
44 169
44 170
44 172
44 175
44 177
44 186
44 190
44 193
44 194
44 197
44 203
44 205
44 209
44 210
44 211
44 212
44 213
44 214
44 215
44 224
44 229
44 232
44 233
44 236
44 238
44 242
44 243
44 244
44 249
44 255
44 261
44 262
44 263
44 269
44 272
44 273
44 275
44 280
44 287
44 289
44 290
44 294
44 295
44 296
44 297
44 304
44 313
44 318
44 319
44 320
44 329
44 331
44 335
44 342
44 343
44 350
44 351
44 360
44 362
44 363
44 364
44 365
44 366
44 372
44 376
44 392
44 393
44 394
44 400
44 402
44 405
44 407
44 409
44 412
44 431
44 432
44 433
44 441
44 466
44 471
44 482
44 489
44 493
44 498
44 499
44 325
45 46
45 48
45 50
45 53
45 55
45 57
45 58
45 60
45 61
45 63
45 64
45 66
45 67
45 68
45 75
45 77
45 79
45 83
45 84
45 86
45 88
45 92
45 93
45 95
45 100
45 103
45 104
45 106
45 107
45 108
45 110
45 112
45 114
45 116
45 119
45 120
45 125
45 126
45 128
45 141
45 143
45 149
45 159
45 165
45 166
45 170
45 174
45 175
45 194
45 195
45 197
45 201
45 202
45 207
45 211
45 218
45 225
45 236
45 242
45 243
45 245
45 246
45 260
45 267
45 271
45 274
45 281
45 297
45 305
45 316
45 320
45 324
45 327
45 329
45 330
45 350
45 352
45 353
45 365
45 376
45 382
45 389
45 395
45 409
45 413
45 417
45 425
45 441
45 443
45 448
45 449
45 456
45 459
45 478
46 47
46 48
46 49
46 50
46 51
46 53
46 54
46 55
46 56
46 59
46 64
46 66
46 67
46 69
46 72
46 73
46 76
46 77
46 78
46 80
46 82
46 83
46 84
46 85
46 86
46 90
46 97
46 100
46 103
46 104
46 110
46 114
46 117
46 118
46 128
46 132
46 134
46 141
46 152
46 154
46 156
46 158
46 165
46 167
46 175
46 189
46 192
46 195
46 198
46 201
46 207
46 208
46 211
46 212
46 214
46 217
46 222
46 225
46 237
46 244
46 247
46 248
46 252
46 259
46 263
46 291
46 293
46 295
46 296
46 298
46 323
46 332
46 334
46 357
46 368
46 394
46 396
46 416
46 419
46 428
46 429
46 430
46 434
46 438
46 444
46 451
46 454
46 461
46 470
46 488
46 498
46 294
46 399
47 49
47 50
47 51
47 53
47 54
47 55
47 56
47 58
47 59
47 60
47 61
47 63
47 65
47 66
47 67
47 69
47 70
47 71
47 73
47 75
47 76
47 78
47 79
47 80
47 81
47 83
47 84
47 89
47 93
47 97
47 98
47 100
47 101
47 102
47 105
47 111
47 112
47 116
47 123
47 128
47 139
47 141
47 143
47 144
47 146
47 149
47 151
47 158
47 174
47 176
47 184
47 202
47 205
47 209
47 216
47 228
47 230
47 241
47 243
47 248
47 249
47 252
47 266
47 274
47 275
47 278
47 279
47 293
47 296
47 301
47 304
47 306
47 307
47 315
47 317
47 322
47 323
47 334
47 336
47 344
47 348
47 355
47 370
47 376
47 389
47 390
47 391
47 412
47 416
47 425
47 428
47 430
47 448
47 473
47 478
47 480
47 482
47 487
47 491
47 492
47 494
47 497
47 498
48 49
48 50
48 51
48 53
48 54
48 55
48 56
48 58
48 59
48 60
48 61
48 62
48 64
48 65
48 66
48 68
48 69
48 77
48 79
48 81
48 82
48 84
48 88
48 89
48 90
48 92
48 94
48 95
48 97
48 99
48 101
48 104
48 107
48 108
48 109
48 113
48 119
48 121
48 123
48 129
48 132
48 136
48 138
48 140
48 143
48 144
48 145
48 149
48 151
48 153
48 167
48 169
48 170
48 174
48 175
48 182
48 183
48 186
48 187
48 188
48 192
48 193
48 200
48 203
48 207
48 218
48 221
48 244
48 246
48 252
48 253
48 255
48 258
48 261
48 262
48 263
48 265
48 272
48 279
48 290
48 292
48 294
48 305
48 308
48 315
48 316
48 321
48 326
48 329
48 330
48 332
48 337
48 346
48 356
48 371
48 372
48 383
48 385
48 399
48 406
48 417
48 428
48 429
48 434
48 441
48 453
48 468
48 472
48 483
48 492
49 51
49 52
49 54
49 55
49 56
49 57
49 58
49 61
49 64
49 65
49 66
49 69
49 70
49 73
49 75
49 80
49 83
49 84
49 87
49 88
49 89
49 90
49 93
49 94
49 96
49 99
49 104
49 107
49 108
49 113
49 115
49 122
49 123
49 124
49 126
49 128
49 134
49 135
49 137
49 139
49 141
49 144
49 154
49 156
49 158
49 165
49 167
49 169
49 173
49 177
49 178
49 181
49 183
49 195
49 197
49 198
49 200
49 201
49 205
49 207
49 209
49 220
49 221
49 223
49 225
49 231
49 232
49 233
49 238
49 240
49 242
49 244
49 253
49 255
49 260
49 270
49 275
49 279
49 281
49 286
49 314
49 317
49 321
49 322
49 327
49 338
49 341
49 351
49 352
49 356
49 358
49 360
49 361
49 363
49 364
49 368
49 370
49 375
49 376
49 389
49 398
49 403
49 408
49 414
49 421
49 422
49 428
49 429
49 434
49 445
49 451
49 459
49 461
49 463
49 466
49 470
49 471
49 481
49 483
49 491
49 493
49 496
49 346
50 51
50 52
50 54
50 55
50 57
50 58
50 60
50 61
50 63
50 64
50 65
50 66
50 67
50 69
50 71
50 72
50 73
50 75
50 76
50 78
50 79
50 81
50 83
50 84
50 85
50 87
50 89
50 94
50 95
50 96
50 97
50 98
50 100
50 104
50 106
50 117
50 121
50 123
50 124
50 125
50 126
50 130
50 140
50 143
50 147
50 148
50 150
50 151
50 153
50 155
50 157
50 158
50 164
50 170
50 172
50 174
50 175
50 183
50 184
50 185
50 190
50 210
50 213
50 214
50 217
50 224
50 225
50 230
50 251
50 254
50 267
50 270
50 271
50 273
50 274
50 275
50 280
50 284
50 285
50 294
50 305
50 309
50 310
50 314
50 315
50 316
50 318
50 321
50 327
50 332
50 333
50 341
50 347
50 352
50 357
50 360
50 363
50 365
50 373
50 384
50 387
50 404
50 406
50 411
50 414
50 417
50 418
50 426
50 432
50 434
50 444
50 445
50 447
50 450
50 454
50 455
50 456
50 457
50 471
50 499
50 440
51 52
51 55
51 56
51 59
51 61
51 64
51 65
51 69
51 70
51 73
51 79
51 80
51 82
51 85
51 86
51 87
51 93
51 94
51 96
51 105
51 112
51 121
51 122
51 129
51 130
51 132
51 138
51 146
51 150
51 151
51 157
51 160
51 175
51 181
51 187
51 197
51 200
51 206
51 211
51 219
51 226
51 228
51 231
51 240
51 246
51 250
51 257
51 278
51 280
51 281
51 285
51 286
51 287
51 290
51 298
51 301
51 306
51 309
51 312
51 322
51 328
51 332
51 335
51 347
51 349
51 350
51 360
51 362
51 366
51 367
51 369
51 373
51 385
51 394
51 406
51 409
51 410
51 416
51 427
51 439
51 452
51 455
51 464
51 485
51 497
51 498
52 54
52 55
52 56
52 58
52 59
52 60
52 61
52 64
52 65
52 66
52 71
52 73
52 74
52 76
52 81
52 85
52 88
52 93
52 105
52 106
52 107
52 110
52 111
52 119
52 120
52 121
52 122
52 125
52 126
52 127
52 133
52 135
52 149
52 160
52 167
52 168
52 172
52 179
52 180
52 181
52 186
52 195
52 200
52 205
52 206
52 211
52 225
52 226
52 229
52 230
52 235
52 237
52 238
52 243
52 244
52 245
52 254
52 260
52 261
52 265
52 270
52 274
52 290
52 292
52 304
52 314
52 321
52 330
52 334
52 338
52 362
52 365
52 369
52 372
52 374
52 383
52 397
52 409
52 422
52 426
52 438
52 440
52 444
52 451
52 452
52 458
52 463
52 465
52 493
52 357
53 54
53 61
53 62
53 66
53 67
53 69
53 71
53 74
53 75
53 77
53 78
53 80
53 86
53 88
53 89
53 91
53 99
53 104
53 112
53 118
53 120
53 130
53 134
53 135
53 137
53 140
53 145
53 151
53 157
53 162
53 165
53 169
53 172
53 180
53 181
53 194
53 196
53 197
53 209
53 213
53 215
53 217
53 222
53 236
53 239
53 241
53 249
53 266
53 271
53 279
53 280
53 295
53 308
53 324
53 341
53 343
53 344
53 348
53 354
53 359
53 371
53 374
53 379
53 386
53 387
53 395
53 414
53 430
53 434
53 440
53 442
53 469
53 472
53 482
53 496
53 498
54 55
54 57
54 58
54 60
54 64
54 67
54 69
54 71
54 72
54 73
54 74
54 77
54 79
54 81
54 84
54 86
54 89
54 90
54 95
54 97
54 98
54 99
54 102
54 103
54 108
54 111
54 116
54 130
54 133
54 134
54 137
54 138
54 140
54 145
54 146
54 153
54 154
54 155
54 157
54 161
54 163
54 168
54 170
54 183
54 185
54 189
54 191
54 206
54 209
54 211
54 216
54 222
54 224
54 228
54 229
54 234
54 236
54 239
54 249
54 252
54 255
54 257
54 258
54 263
54 274
54 276
54 281
54 284
54 289
54 296
54 300
54 303
54 309
54 313
54 320
54 321
54 324
54 331
54 335
54 336
54 345
54 350
54 369
54 371
54 374
54 386
54 390
54 408
54 414
54 430
54 431
54 448
54 455
54 456
54 466
54 470
54 496
54 499
54 407
55 57
55 59
55 63
55 65
55 70
55 74
55 75
55 80
55 82
55 85
55 88
55 92
55 93
55 95
55 97
55 100
55 102
55 105
55 107
55 108
55 110
55 111
55 114
55 115
55 116
55 118
55 123
55 124
55 128
55 132
55 134
55 139
55 140
55 141
55 146
55 147
55 148
55 151
55 157
55 164
55 166
55 168
55 170
55 181
55 185
55 187
55 188
55 191
55 197
55 204
55 206
55 207
55 208
55 211
55 217
55 218
55 219
55 221
55 231
55 233
55 234
55 241
55 243
55 251
55 261
55 263
55 269
55 277
55 280
55 284
55 286
55 294
55 311
55 312
55 314
55 327
55 332
55 335
55 338
55 355
55 356
55 357
55 367
55 375
55 378
55 383
55 390
55 409
55 411
55 412
55 416
55 424
55 442
55 443
55 458
55 465
55 482
56 59
56 62
56 63
56 70
56 73
56 76
56 78
56 81
56 82
56 83
56 85
56 90
56 92
56 95
56 99
56 102
56 109
56 123
56 124
56 133
56 134
56 135
56 142
56 159
56 171
56 174
56 176
56 182
56 186
56 194
56 196
56 197
56 198
56 205
56 213
56 215
56 220
56 231
56 233
56 234
56 236
56 239
56 240
56 255
56 263
56 265
56 279
56 283
56 287
56 293
56 295
56 298
56 299
56 313
56 316
56 338
56 351
56 352
56 356
56 360
56 367
56 375
56 376
56 387
56 389
56 401
56 413
56 425
56 429
56 432
56 436
56 440
56 447
56 453
56 466
56 477
56 478
56 486
56 488
56 489
56 499
56 228
57 58
57 61
57 63
57 64
57 65
57 68
57 69
57 75
57 76
57 77
57 80
57 83
57 85
57 88
57 91
57 96
57 105
57 106
57 109
57 114
57 119
57 121
57 124
57 126
57 131
57 136
57 138
57 144
57 159
57 162
57 168
57 173
57 174
57 178
57 185
57 189
57 190
57 191
57 213
57 222
57 225
57 226
57 227
57 233
57 243
57 247
57 255
57 256
57 258
57 269
57 276
57 279
57 282
57 295
57 297
57 301
57 303
57 308
57 309
57 312
57 319
57 321
57 329
57 333
57 341
57 351
57 404
57 405
57 408
57 411
57 412
57 422
57 430
57 435
57 446
57 457
57 466
57 472
57 473
57 474
57 476
57 477
57 480
57 484
57 488
57 492
58 59
58 63
58 64
58 66
58 67
58 71
58 77
58 85
58 86
58 87
58 90
58 91
58 92
58 94
58 100
58 102
58 106
58 107
58 112
58 114
58 121
58 127
58 133
58 136
58 146
58 147
58 148
58 162
58 167
58 172
58 183
58 192
58 202
58 214
58 217
58 229
58 234
58 237
58 245
58 252
58 271
58 272
58 281
58 286
58 288
58 290
58 308
58 318
58 326
58 328
58 331
58 336
58 353
58 370
58 384
58 388
58 391
58 396
58 403
58 408
58 412
58 418
58 426
58 428
58 439
58 441
58 446
58 460
58 461
58 469
58 473
58 474
58 489
58 491
59 60
59 61
59 62
59 66
59 70
59 74
59 75
59 77
59 79
59 84
59 94
59 95
59 96
59 107
59 115
59 124
59 125
59 131
59 135
59 142
59 145
59 147
59 148
59 150
59 156
59 164
59 170
59 171
59 177
59 190
59 193
59 196
59 202
59 203
59 205
59 210
59 212
59 219
59 224
59 230
59 234
59 235
59 236
59 238
59 241
59 245
59 253
59 255
59 256
59 265
59 270
59 271
59 274
59 286
59 287
59 289
59 293
59 297
59 298
59 327
59 330
59 354
59 367
59 376
59 388
59 390
59 396
59 414
59 416
59 430
59 447
59 460
59 461
59 492
59 494
60 61
60 62
60 65
60 66
60 74
60 77
60 79
60 80
60 81
60 87
60 88
60 91
60 92
60 93
60 95
60 103
60 120
60 122
60 126
60 128
60 132
60 135
60 136
60 138
60 140
60 143
60 145
60 146
60 155
60 158
60 161
60 162
60 168
60 170
60 172
60 173
60 181
60 187
60 190
60 195
60 198
60 201
60 208
60 219
60 228
60 234
60 239
60 240
60 245
60 257
60 261
60 279
60 281
60 283
60 284
60 297
60 301
60 307
60 313
60 317
60 319
60 323
60 327
60 328
60 331
60 335
60 345
60 349
60 353
60 354
60 365
60 378
60 387
60 391
60 406
60 411
60 421
60 426
60 435
60 448
60 465
60 466
60 475
60 477
60 483
60 485
60 495
60 499
60 212
60 428
61 62
61 63
61 65
61 67
61 71
61 73
61 74
61 75
61 77
61 78
61 84
61 86
61 93
61 94
61 99
61 100
61 106
61 110
61 115
61 116
61 122
61 131
61 135
61 141
61 143
61 144
61 145
61 148
61 152
61 163
61 165
61 171
61 179
61 180
61 182
61 189
61 191
61 192
61 205
61 207
61 215
61 223
61 238
61 245
61 256
61 260
61 270
61 271
61 272
61 276
61 281
61 289
61 299
61 305
61 313
61 316
61 333
61 335
61 352
61 359
61 373
61 376
61 378
61 387
61 392
61 393
61 397
61 410
61 413
61 417
61 419
61 438
61 449
61 451
61 456
61 474
61 483
61 485
61 396
62 65
62 66
62 67
62 68
62 70
62 71
62 80
62 91
62 96
62 100
62 106
62 117
62 125
62 128
62 131
62 134
62 135
62 139
62 146
62 155
62 156
62 158
62 166
62 180
62 185
62 191
62 196
62 202
62 203
62 211
62 214
62 217
62 219
62 223
62 239
62 243
62 244
62 246
62 250
62 253
62 255
62 260
62 283
62 285
62 311
62 322
62 333
62 334
62 335
62 339
62 348
62 378
62 380
62 392
62 394
62 395
62 403
62 413
62 414
62 416
62 424
62 440
62 449
62 450
62 460
62 470
62 482
62 320
63 65
63 66
63 67
63 68
63 69
63 71
63 72
63 74
63 76
63 82
63 97
63 101
63 106
63 107
63 108
63 110
63 114
63 118
63 127
63 131
63 136
63 137
63 138
63 139
63 141
63 147
63 156
63 164
63 165
63 172
63 173
63 175
63 186
63 188
63 200
63 203
63 205
63 206
63 207
63 217
63 223
63 224
63 227
63 231
63 235
63 238
63 248
63 250
63 252
63 256
63 258
63 261
63 265
63 278
63 279
63 282
63 308
63 336
63 340
63 341
63 366
63 385
63 406
63 420
63 424
63 447
63 463
63 467
63 471
64 65
64 70
64 74
64 77
64 78
64 80
64 82
64 84
64 88
64 90
64 91
64 103
64 105
64 109
64 111
64 116
64 118
64 119
64 126
64 128
64 130
64 139
64 141
64 142
64 150
64 152
64 153
64 164
64 165
64 167
64 170
64 175
64 181
64 195
64 198
64 203
64 210
64 213
64 224
64 228
64 229
64 234
64 242
64 243
64 249
64 250
64 252
64 257
64 262
64 274
64 277
64 289
64 292
64 335
64 337
64 342
64 346
64 363
64 367
64 383
64 386
64 396
64 419
64 421
64 433
64 437
64 448
64 462
64 467
64 487
64 495
64 466
65 71
65 73
65 76
65 78
65 79
65 81
65 84
65 87
65 92
65 94
65 107
65 111
65 114
65 139
65 140
65 160
65 162
65 169
65 174
65 200
65 203
65 204
65 216
65 218
65 225
65 231
65 237
65 245
65 247
65 280
65 344
65 364
65 371
65 387
65 479
65 494
65 495
65 102
66 67
66 70
66 71
66 72
66 76
66 82
66 83
66 93
66 100
66 105
66 112
66 115
66 123
66 124
66 144
66 151
66 153
66 154
66 155
66 160
66 171
66 173
66 176
66 177
66 182
66 183
66 193
66 202
66 214
66 223
66 225
66 231
66 242
66 257
66 272
66 296
66 301
66 306
66 318
66 320
66 324
66 339
66 344
66 354
66 356
66 358
66 389
66 403
66 409
66 412
66 421
66 426
66 428
66 434
66 436
66 440
66 447
66 448
66 460
66 475
66 494
67 68
67 69
67 71
67 75
67 77
67 78
67 80
67 84
67 87
67 95
67 96
67 98
67 101
67 118
67 121
67 124
67 126
67 130
67 131
67 133
67 137
67 143
67 147
67 153
67 154
67 167
67 169
67 171
67 173
67 192
67 195
67 202
67 203
67 204
67 205
67 222
67 232
67 239
67 253
67 259
67 267
67 268
67 276
67 280
67 283
67 291
67 294
67 297
67 310
67 312
67 315
67 319
67 321
67 322
67 326
67 332
67 338
67 346
67 347
67 358
67 364
67 377
67 381
67 385
67 399
67 406
67 418
67 430
67 433
67 434
67 435
67 443
67 455
67 462
67 463
67 464
67 468
67 474
67 483
67 485
67 488
67 490
68 72
68 76
68 82
68 95
68 98
68 102
68 103
68 105
68 109
68 111
68 114
68 120
68 123
68 126
68 128
68 130
68 143
68 146
68 150
68 156
68 168
68 203
68 205
68 210
68 230
68 235
68 251
68 254
68 278
68 300
68 302
68 310
68 311
68 341
68 344
68 345
68 366
68 370
68 372
68 390
68 393
68 394
68 399
68 403
68 410
68 450
68 454
68 467
68 476
68 479
68 487
68 489
68 496
69 70
69 71
69 79
69 80
69 83
69 85
69 89
69 91
69 92
69 101
69 106
69 109
69 115
69 119
69 126
69 149
69 153
69 158
69 159
69 163
69 171
69 176
69 180
69 181
69 184
69 186
69 187
69 201
69 213
69 215
69 225
69 229
69 230
69 231
69 235
69 244
69 249
69 251
69 262
69 263
69 266
69 273
69 277
69 279
69 318
69 326
69 338
69 339
69 345
69 346
69 347
69 349
69 372
69 383
69 392
69 423
69 429
69 440
69 442
69 454
69 467
69 468
69 469
69 470
69 492
70 71
70 72
70 75
70 78
70 80
70 82
70 84
70 88
70 93
70 94
70 95
70 96
70 99
70 100
70 101
70 102
70 109
70 111
70 114
70 115
70 116
70 118
70 119
70 122
70 124
70 125
70 127
70 128
70 130
70 134
70 138
70 141
70 142
70 145
70 150
70 161
70 162
70 166
70 172
70 173
70 178
70 185
70 188
70 210
70 213
70 225
70 230
70 232
70 236
70 242
70 248
70 259
70 263
70 267
70 283
70 294
70 296
70 319
70 325
70 330
70 344
70 345
70 349
70 352
70 353
70 354
70 359
70 367
70 391
70 401
70 414
70 420
70 427
70 434
70 437
70 469
70 481
70 482
70 483
70 495
70 497
70 198
71 72
71 75
71 79
71 81
71 83
71 85
71 86
71 91
71 96
71 102
71 105
71 110
71 116
71 120
71 127
71 128
71 136
71 140
71 142
71 147
71 148
71 157
71 158
71 159
71 167
71 171
71 172
71 173
71 176
71 178
71 182
71 190
71 196
71 200
71 212
71 234
71 237
71 253
71 260
71 262
71 269
71 270
71 272
71 274
71 292
71 295
71 317
71 322
71 323
71 328
71 348
71 351
71 352
71 355
71 357
71 362
71 364
71 367
71 368
71 398
71 418
71 431
71 432
71 450
71 457
71 459
71 461
71 477
71 479
71 493
72 82
72 85
72 88
72 91
72 97
72 98
72 100
72 103
72 106
72 108
72 115
72 116
72 120
72 122
72 125
72 131
72 136
72 145
72 147
72 150
72 153
72 159
72 160
72 163
72 175
72 178
72 185
72 187
72 190
72 193
72 194
72 197
72 199
72 208
72 228
72 235
72 245
72 252
72 257
72 259
72 269
72 274
72 279
72 282
72 283
72 285
72 287
72 310
72 342
72 351
72 353
72 371
72 375
72 385
72 393
72 397
72 399
72 400
72 404
72 425
72 435
72 453
72 455
72 456
72 472
72 477
72 309
73 75
73 78
73 79
73 81
73 84
73 85
73 86
73 87
73 95
73 96
73 105
73 106
73 107
73 109
73 113
73 122
73 123
73 125
73 126
73 127
73 132
73 134
73 138
73 144
73 145
73 148
73 149
73 150
73 152
73 155
73 160
73 170
73 171
73 176
73 180
73 184
73 186
73 187
73 188
73 200
73 205
73 211
73 217
73 219
73 243
73 247
73 248
73 250
73 260
73 263
73 266
73 268
73 269
73 273
73 285
73 286
73 304
73 305
73 314
73 319
73 323
73 330
73 331
73 337
73 341
73 346
73 352
73 355
73 365
73 368
73 374
73 379
73 384
73 399
73 400
73 401
73 406
73 416
73 423
73 427
73 441
73 442
73 445
73 447
73 449
73 454
73 457
73 490
73 491
74 80
74 81
74 85
74 86
74 87
74 88
74 89
74 91
74 97
74 98
74 104
74 106
74 110
74 121
74 134
74 141
74 149
74 151
74 154
74 173
74 179
74 183
74 195
74 203
74 210
74 216
74 234
74 253
74 254
74 256
74 264
74 275
74 277
74 279
74 284
74 292
74 299
74 308
74 336
74 345
74 346
74 358
74 362
74 365
74 409
74 413
74 445
74 453
74 461
74 467
74 478
74 480
74 483
74 484
74 496
75 78
75 79
75 81
75 83
75 84
75 94
75 113
75 114
75 119
75 123
75 125
75 126
75 127
75 135
75 152
75 153
75 157
75 171
75 173
75 184
75 185
75 193
75 195
75 205
75 206
75 226
75 230
75 241
75 244
75 247
75 254
75 265
75 290
75 304
75 368
75 405
75 446
75 475
75 497
76 79
76 81
76 84
76 87
76 89
76 90
76 97
76 101
76 105
76 111
76 112
76 115
76 118
76 120
76 127
76 129
76 133
76 137
76 138
76 141
76 164
76 182
76 183
76 186
76 189
76 195
76 201
76 202
76 206
76 215
76 228
76 229
76 245
76 270
76 272
76 290
76 291
76 292
76 329
76 332
76 339
76 341
76 342
76 343
76 349
76 358
76 361
76 373
76 380
76 383
76 384
76 390
76 396
76 422
76 440
76 447
76 467
76 475
76 477
76 480
77 78
77 83
77 94
77 95
77 102
77 104
77 113
77 115
77 118
77 121
77 158
77 161
77 167
77 170
77 174
77 182
77 186
77 199
77 223
77 230
77 235
77 237
77 240
77 246
77 247
77 252
77 256
77 276
77 277
77 280
77 296
77 303
77 306
77 312
77 350
77 364
77 372
77 377
77 381
77 393
77 410
77 414
77 424
77 431
77 438
77 440
77 447
77 452
77 470
77 477
77 486
77 495
78 83
78 87
78 91
78 92
78 95
78 100
78 102
78 120
78 121
78 126
78 131
78 135
78 139
78 144
78 145
78 146
78 152
78 154
78 172
78 176
78 177
78 181
78 184
78 195
78 215
78 235
78 240
78 242
78 243
78 253
78 263
78 265
78 266
78 291
78 298
78 305
78 314
78 321
78 328
78 332
78 339
78 386
78 404
78 425
78 430
78 432
78 437
78 442
78 446
78 465
78 478
78 493
79 88
79 89
79 90
79 93
79 95
79 97
79 99
79 105
79 112
79 113
79 116
79 117
79 118
79 129
79 131
79 135
79 141
79 154
79 155
79 156
79 159
79 183
79 185
79 187
79 191
79 196
79 205
79 206
79 208
79 210
79 224
79 228
79 231
79 235
79 240
79 241
79 243
79 244
79 248
79 250
79 260
79 266
79 270
79 271
79 277
79 287
79 288
79 297
79 301
79 304
79 329
79 332
79 336
79 351
79 362
79 413
79 430
79 441
79 455
79 460
79 476
79 493
80 85
80 89
80 93
80 94
80 97
80 99
80 101
80 103
80 105
80 106
80 110
80 113
80 114
80 115
80 121
80 122
80 123
80 131
80 133
80 134
80 138
80 140
80 144
80 146
80 148
80 154
80 157
80 165
80 170
80 189
80 197
80 201
80 206
80 209
80 211
80 212
80 215
80 227
80 249
80 251
80 256
80 258
80 264
80 280
80 288
80 300
80 318
80 322
80 325
80 331
80 332
80 361
80 371
80 379
80 388
80 390
80 391
80 392
80 397
80 419
80 423
80 426
80 428
80 436
80 448
80 459
80 463
80 466
80 483
80 492
80 495
80 497
81 88
81 105
81 106
81 110
81 114
81 117
81 120
81 122
81 124
81 137
81 139
81 142
81 147
81 148
81 151
81 152
81 159
81 163
81 164
81 180
81 187
81 188
81 189
81 194
81 199
81 202
81 208
81 216
81 241
81 244
81 245
81 251
81 255
81 256
81 267
81 274
81 283
81 286
81 319
81 331
81 336
81 338
81 347
81 356
81 358
81 367
81 370
81 391
81 393
81 394
81 395
81 406
81 418
81 424
81 425
81 435
81 437
81 443
81 468
81 481
81 493
82 87
82 94
82 104
82 112
82 117
82 118
82 121
82 143
82 149
82 153
82 159
82 160
82 162
82 168
82 177
82 183
82 184
82 187
82 194
82 197
82 199
82 202
82 205
82 206
82 213
82 217
82 219
82 224
82 226
82 229
82 231
82 234
82 236
82 244
82 249
82 256
82 273
82 293
82 304
82 314
82 325
82 337
82 342
82 349
82 353
82 371
82 396
82 404
82 422
82 477
83 87
83 88
83 90
83 92
83 94
83 109
83 112
83 113
83 116
83 121
83 125
83 127
83 129
83 144
83 145
83 149
83 155
83 159
83 160
83 166
83 167
83 172
83 174
83 175
83 176
83 182
83 185
83 186
83 195
83 196
83 208
83 229
83 232
83 247
83 248
83 268
83 289
83 295
83 302
83 322
83 329
83 333
83 341
83 342
83 353
83 363
83 368
83 369
83 388
83 389
83 396
83 436
83 438
83 441
83 443
83 447
84 86
84 87
84 89
84 98
84 100
84 103
84 105
84 106
84 107
84 109
84 111
84 113
84 117
84 122
84 125
84 126
84 127
84 129
84 133
84 135
84 137
84 138
84 147
84 152
84 153
84 159
84 160
84 162
84 163
84 167
84 172
84 173
84 177
84 192
84 193
84 194
84 198
84 200
84 206
84 213
84 216
84 218
84 220
84 221
84 227
84 236
84 238
84 247
84 248
84 254
84 262
84 268
84 271
84 272
84 275
84 282
84 299
84 301
84 303
84 317
84 318
84 326
84 329
84 334
84 339
84 343
84 355
84 357
84 359
84 364
84 371
84 378
84 381
84 389
84 393
84 413
84 422
84 426
84 428
84 444
84 462
84 463
84 464
84 467
84 478
84 479
84 481
84 493
84 201
85 89
85 92
85 98
85 106
85 110
85 113
85 117
85 120
85 124
85 141
85 150
85 155
85 183
85 194
85 205
85 207
85 218
85 220
85 225
85 226
85 229
85 230
85 249
85 259
85 262
85 266
85 268
85 280
85 281
85 285
85 287
85 316
85 330
85 335
85 340
85 344
85 348
85 376
85 409
85 417
85 420
85 421
85 444
85 458
85 474
85 478
85 488
85 496
85 166
86 92
86 93
86 95
86 99
86 102
86 108
86 115
86 116
86 133
86 135
86 136
86 154
86 171
86 182
86 190
86 192
86 210
86 212
86 213
86 221
86 222
86 226
86 277
86 290
86 291
86 308
86 314
86 343
86 351
86 356
86 360
86 379
86 382
86 383
86 417
86 421
86 430
86 432
86 467
86 468
86 471
86 239
87 107
87 111
87 113
87 114
87 123
87 128
87 132
87 136
87 138
87 142
87 171
87 174
87 175
87 179
87 184
87 185
87 191
87 197
87 200
87 204
87 205
87 207
87 209
87 213
87 219
87 226
87 237
87 240
87 266
87 290
87 294
87 304
87 305
87 313
87 329
87 342
87 363
87 387
87 421
87 434
87 457
87 462
87 481
87 483
87 495
88 91
88 93
88 100
88 111
88 114
88 116
88 117
88 121
88 123
88 126
88 130
88 133
88 138
88 142
88 149
88 150
88 153
88 157
88 158
88 162
88 164
88 165
88 169
88 175
88 176
88 188
88 190
88 194
88 207
88 208
88 210
88 214
88 222
88 224
88 225
88 230
88 232
88 237
88 239
88 241
88 262
88 273
88 278
88 302
88 304
88 307
88 309
88 319
88 328
88 339
88 340
88 348
88 357
88 388
88 410
88 413
88 421
88 441
88 456
88 457
88 480
88 485
88 486
88 487
88 498
88 449
89 101
89 110
89 113
89 115
89 130
89 135
89 145
89 152
89 159
89 164
89 170
89 173
89 180
89 192
89 203
89 207
89 214
89 215
89 216
89 218
89 234
89 235
89 254
89 261
89 283
89 287
89 292
89 297
89 303
89 307
89 325
89 327
89 357
89 385
89 405
89 407
89 410
89 420
89 439
89 445
89 450
89 455
89 464
89 466
89 472
89 479
89 482
89 490
89 492
89 494
89 496
90 92
90 99
90 109
90 112
90 114
90 132
90 135
90 160
90 164
90 186
90 188
90 193
90 194
90 217
90 229
90 235
90 246
90 247
90 253
90 259
90 264
90 287
90 288
90 289
90 291
90 296
90 307
90 312
90 321
90 324
90 335
90 348
90 378
90 382
90 401
90 406
90 407
90 415
90 421
90 435
90 439
90 454
90 456
90 458
90 470
90 484
90 490
91 97
91 98
91 99
91 103
91 115
91 134
91 136
91 145
91 147
91 155
91 157
91 160
91 164
91 168
91 170
91 178
91 179
91 183
91 211
91 214
91 218
91 225
91 227
91 228
91 235
91 239
91 246
91 250
91 251
91 254
91 260
91 262
91 267
91 269
91 270
91 274
91 298
91 301
91 312
91 313
91 315
91 318
91 333
91 337
91 339
91 340
91 353
91 376
91 384
91 386
91 390
91 391
91 415
91 419
91 426
91 431
91 437
91 468
91 473
91 492
92 96
92 100
92 102
92 107
92 112
92 114
92 119
92 121
92 129
92 130
92 136
92 143
92 148
92 152
92 155
92 165
92 171
92 194
92 196
92 199
92 200
92 208
92 217
92 227
92 232
92 245
92 246
92 271
92 275
92 295
92 297
92 303
92 309
92 320
92 350
92 374
92 378
92 381
92 385
92 402
92 403
92 413
92 421
92 428
92 454
92 459
92 471
92 476
92 478
92 483
92 491
92 492
92 296
93 108
93 113
93 125
93 146
93 148
93 153
93 157
93 170
93 179
93 189
93 203
93 209
93 220
93 222
93 239
93 252
93 261
93 286
93 290
93 295
93 324
93 328
93 331
93 338
93 367
93 373
93 416
93 452
93 461
93 477
93 493
93 494
94 107
94 108
94 109
94 116
94 118
94 123
94 127
94 134
94 137
94 141
94 145
94 152
94 160
94 166
94 173
94 178
94 184
94 205
94 219
94 228
94 241
94 243
94 248
94 268
94 277
94 285
94 291
94 295
94 314
94 330
94 336
94 345
94 378
94 385
94 415
94 417
94 427
94 480
94 101
95 96
95 105
95 107
95 114
95 115
95 116
95 117
95 118
95 132
95 133
95 147
95 161
95 168
95 169
95 178
95 186
95 195
95 197
95 201
95 206
95 240
95 241
95 249
95 265
95 276
95 280
95 284
95 298
95 299
95 306
95 314
95 316
95 326
95 328
95 332
95 348
95 352
95 355
95 371
95 377
95 397
95 401
95 404
95 407
95 422
95 441
95 444
95 447
95 473
95 479
95 485
95 494
96 99
96 100
96 105
96 111
96 122
96 137
96 139
96 146
96 172
96 174
96 194
96 198
96 202
96 238
96 255
96 268
96 286
96 288
96 292
96 299
96 303
96 313
96 315
96 317
96 318
96 326
96 331
96 335
96 352
96 356
96 395
96 398
96 400
96 412
96 419
96 427
96 432
96 438
96 446
96 450
96 456
96 471
96 478
96 479
96 480
96 484
96 489
97 101
97 110
97 113
97 116
97 137
97 151
97 164
97 176
97 200
97 203
97 206
97 214
97 221
97 233
97 241
97 242
97 245
97 269
97 270
97 280
97 307
97 318
97 323
97 324
97 330
97 336
97 376
97 383
97 392
97 394
97 399
97 400
97 463
97 467
98 105
98 108
98 116
98 126
98 131
98 141
98 151
98 160
98 178
98 185
98 210
98 216
98 239
98 247
98 254
98 280
98 297
98 333
98 366
98 372
98 378
98 416
98 419
99 101
99 102
99 105
99 111
99 122
99 123
99 124
99 130
99 137
99 141
99 146
99 150
99 168
99 176
99 179
99 186
99 204
99 211
99 221
99 231
99 233
99 240
99 243
99 248
99 249
99 253
99 260
99 264
99 272
99 284
99 287
99 288
99 291
99 292
99 294
99 306
99 328
99 329
99 334
99 349
99 351
99 360
99 361
99 380
99 384
99 395
99 412
99 418
99 427
99 440
99 449
99 467
99 469
99 478
99 486
100 101
100 102
100 104
100 108
100 110
100 115
100 116
100 120
100 127
100 140
100 141
100 149
100 165
100 171
100 172
100 185
100 191
100 204
100 211
100 217
100 219
100 227
100 251
100 252
100 260
100 272
100 273
100 275
100 282
100 283
100 292
100 299
100 306
100 310
100 314
100 326
100 348
100 353
100 361
100 370
100 375
100 376
100 380
100 415
100 420
100 429
100 453
100 455
100 464
100 466
100 474
100 490
101 103
101 110
101 112
101 113
101 115
101 116
101 118
101 119
101 120
101 125
101 131
101 146
101 150
101 157
101 158
101 159
101 160
101 167
101 173
101 178
101 189
101 204
101 223
101 231
101 234
101 245
101 255
101 258
101 259
101 273
101 284
101 288
101 294
101 297
101 306
101 313
101 316
101 317
101 321
101 322
101 332
101 334
101 350
101 357
101 361
101 365
101 374
101 376
101 381
101 389
101 403
101 406
101 425
101 434
101 441
101 442
101 443
101 459
101 477
101 444
102 109
102 128
102 151
102 162
102 168
102 173
102 177
102 180
102 203
102 219
102 220
102 231
102 248
102 253
102 256
102 266
102 267
102 270
102 290
102 300
102 303
102 328
102 359
102 362
102 365
102 369
102 387
102 394
102 397
102 402
102 418
102 434
102 449
103 106
103 129
103 132
103 133
103 142
103 162
103 163
103 164
103 166
103 170
103 212
103 222
103 227
103 228
103 244
103 250
103 274
103 280
103 292
103 293
103 297
103 300
103 301
103 350
103 355
103 366
103 368
103 383
103 401
103 402
103 411
103 413
103 423
103 445
103 466
103 471
103 472
103 475
103 485
103 498
103 499
104 110
104 123
104 124
104 129
104 150
104 151
104 158
104 164
104 172
104 176
104 177
104 182
104 198
104 203
104 207
104 211
104 214
104 228
104 248
104 250
104 268
104 296
104 339
104 350
104 358
104 367
104 415
104 420
104 426
104 457
104 462
104 470
104 471
104 486
104 141
105 112
105 114
105 116
105 124
105 131
105 135
105 143
105 152
105 156
105 159
105 161
105 163
105 168
105 169
105 183
105 185
105 191
105 196
105 199
105 202
105 212
105 213
105 218
105 231
105 253
105 271
105 310
105 319
105 320
105 321
105 353
105 361
105 367
105 369
105 373
105 377
105 384
105 397
105 403
105 411
105 416
105 426
105 428
105 435
105 445
105 463
105 470
105 471
105 481
106 107
106 110
106 111
106 113
106 121
106 134
106 144
106 146
106 154
106 167
106 177
106 178
106 198
106 225
106 228
106 234
106 244
106 247
106 263
106 281
106 288
106 295
106 298
106 310
106 318
106 336
106 338
106 382
106 401
106 403
106 410
106 411
106 430
106 460
106 487
106 491
107 109
107 123
107 129
107 135
107 151
107 154
107 155
107 156
107 164
107 169
107 176
107 186
107 194
107 209
107 234
107 235
107 245
107 260
107 264
107 271
107 295
107 319
107 328
107 342
107 369
107 371
107 373
107 379
107 380
107 385
107 387
107 389
107 395
107 412
107 473
107 475
107 477
107 497
108 113
108 138
108 164
108 168
108 221
108 222
108 248
108 260
108 269
108 279
108 285
108 348
108 352
108 354
108 361
108 367
108 376
108 402
108 411
108 415
108 420
108 472
109 118
109 124
109 128
109 139
109 142
109 148
109 149
109 161
109 172
109 175
109 176
109 190
109 201
109 208
109 212
109 213
109 215
109 220
109 229
109 261
109 267
109 274
109 277
109 282
109 289
109 301
109 307
109 309
109 354
109 362
109 370
109 381
109 400
109 404
109 406
109 420
109 427
109 430
109 432
109 456
109 463
109 474
109 499
110 111
110 127
110 129
110 147
110 148
110 149
110 163
110 176
110 181
110 187
110 189
110 191
110 228
110 233
110 237
110 238
110 244
110 248
110 252
110 253
110 257
110 264
110 275
110 276
110 284
110 334
110 337
110 360
110 366
110 370
110 377
110 396
110 397
110 415
110 428
110 435
110 440
110 452
110 461
110 463
110 469
110 472
110 480
110 487
110 489
111 133
111 148
111 159
111 161
111 164
111 168
111 173
111 180
111 182
111 185
111 186
111 188
111 190
111 191
111 192
111 202
111 207
111 208
111 231
111 244
111 252
111 269
111 274
111 302
111 310
111 313
111 323
111 332
111 336
111 357
111 360
111 370
111 375
111 391
111 427
111 432
111 441
111 459
111 499
112 117
112 127
112 131
112 134
112 135
112 138
112 141
112 151
112 165
112 166
112 167
112 172
112 173
112 178
112 182
112 186
112 198
112 200
112 207
112 214
112 215
112 220
112 222
112 230
112 239
112 247
112 261
112 293
112 310
112 314
112 330
112 343
112 365
112 366
112 381
112 385
112 401
112 412
112 435
112 454
112 463
112 483
112 486
112 488
112 493
112 218
113 114
113 127
113 139
113 140
113 145
113 157
113 159
113 181
113 183
113 184
113 199
113 213
113 215
113 216
113 217
113 223
113 238
113 258
113 284
113 295
113 300
113 309
113 320
113 336
113 349
113 350
113 363
113 366
113 392
113 395
113 405
113 424
113 439
113 446
113 449
113 482
114 117
114 131
114 132
114 133
114 136
114 142
114 153
114 158
114 163
114 165
114 174
114 176
114 204
114 218
114 223
114 234
114 236
114 248
114 274
114 282
114 284
114 309
114 318
114 324
114 345
114 356
114 377
114 385
114 392
114 402
114 403
114 405
114 406
114 409
114 424
114 434
114 450
114 488
115 118
115 119
115 124
115 126
115 128
115 133
115 137
115 143
115 147
115 149
115 150
115 159
115 165
115 177
115 184
115 193
115 200
115 204
115 210
115 213
115 214
115 231
115 234
115 240
115 262
115 265
115 269
115 277
115 279
115 291
115 307
115 312
115 313
115 333
115 343
115 366
115 377
115 380
115 383
115 401
115 403
115 424
115 434
115 438
115 446
115 447
115 449
115 452
115 461
115 474
115 477
115 497
116 119
116 129
116 137
116 138
116 141
116 150
116 153
116 156
116 163
116 178
116 183
116 187
116 206
116 224
116 229
116 250
116 251
116 268
116 269
116 281
116 293
116 294
116 312
116 313
116 329
116 340
116 342
116 344
116 357
116 397
116 403
116 434
116 474
116 477
116 483
116 318
117 125
117 135
117 137
117 143
117 145
117 157
117 159
117 177
117 192
117 212
117 214
117 227
117 236
117 242
117 249
117 258
117 261
117 277
117 286
117 305
117 314
117 325
117 334
117 350
117 363
117 388
117 402
117 404
117 411
117 423
117 460
117 477
117 487
118 119
118 121
118 129
118 132
118 139
118 162
118 166
118 167
118 184
118 186
118 189
118 192
118 195
118 202
118 204
118 207
118 215
118 216
118 227
118 228
118 231
118 236
118 237
118 243
118 252
118 258
118 261
118 265
118 276
118 287
118 299
118 311
118 319
118 326
118 341
118 379
118 398
118 405
118 413
118 415
118 419
118 450
118 459
118 462
118 268
118 136
118 498
119 124
119 149
119 156
119 164
119 165
119 166
119 170
119 172
119 179
119 186
119 228
119 254
119 256
119 264
119 276
119 300
119 302
119 316
119 324
119 330
119 332
119 352
119 353
119 358
119 362
119 376
119 387
119 406
119 432
119 441
119 485
119 489
120 121
120 130
120 131
120 142
120 145
120 146
120 153
120 166
120 176
120 179
120 187
120 189
120 191
120 213
120 215
120 220
120 223
120 224
120 258
120 265
120 276
120 277
120 280
120 283
120 296
120 307
120 310
120 316
120 325
120 345
120 348
120 356
120 364
120 372
120 376
120 396
120 402
120 410
120 444
120 474
120 498
121 125
121 129
121 138
121 150
121 151
121 157
121 160
121 163
121 167
121 168
121 172
121 180
121 193
121 208
121 212
121 217
121 218
121 227
121 238
121 239
121 259
121 263
121 270
121 288
121 302
121 304
121 320
121 321
121 324
121 362
121 364
121 373
121 375
121 397
121 400
121 408
121 439
121 448
121 473
121 486
121 413
122 128
122 130
122 136
122 137
122 138
122 139
122 140
122 141
122 161
122 165
122 176
122 177
122 179
122 181
122 184
122 186
122 191
122 196
122 198
122 202
122 218
122 224
122 226
122 242
122 261
122 263
122 264
122 266
122 276
122 317
122 323
122 325
122 328
122 337
122 339
122 345
122 357
122 361
122 363
122 365
122 376
122 382
122 404
122 426
122 442
122 453
122 463
122 490
123 128
123 131
123 132
123 138
123 158
123 161
123 165
123 174
123 183
123 189
123 192
123 203
123 205
123 210
123 218
123 221
123 243
123 247
123 262
123 264
123 290
123 315
123 317
123 323
123 327
123 336
123 337
123 341
123 343
123 349
123 350
123 364
123 374
123 382
123 403
123 404
123 410
123 418
123 449
123 453
123 229
124 129
124 131
124 132
124 147
124 149
124 161
124 184
124 193
124 199
124 206
124 208
124 219
124 229
124 240
124 248
124 249
124 255
124 269
124 288
124 326
124 327
124 343
124 372
124 374
124 394
124 401
124 418
124 423
124 448
124 451
124 465
124 489
124 252
125 127
125 140
125 142
125 146
125 149
125 158
125 167
125 179
125 182
125 185
125 186
125 192
125 195
125 198
125 202
125 204
125 209
125 213
125 218
125 222
125 225
125 233
125 237
125 272
125 281
125 285
125 298
125 317
125 324
125 331
125 333
125 337
125 338
125 344
125 355
125 356
125 365
125 374
125 382
125 383
125 386
125 391
125 395
125 403
125 413
125 431
125 432
125 433
125 453
125 455
125 470
125 474
125 477
125 485
125 496
126 134
126 136
126 140
126 141
126 143
126 146
126 151
126 157
126 161
126 203
126 210
126 215
126 216
126 220
126 228
126 232
126 235
126 245
126 263
126 267
126 268
126 271
126 283
126 292
126 319
126 330
126 344
126 349
126 372
126 399
126 406
126 407
126 463
126 468
126 471
126 477
126 490
126 491
127 132
127 136
127 153
127 154
127 158
127 161
127 173
127 179
127 182
127 183
127 194
127 205
127 210
127 241
127 242
127 249
127 262
127 295
127 318
127 326
127 332
127 340
127 371
127 375
127 377
127 381
127 388
127 390
127 455
127 475
127 478
127 298
127 279
128 136
128 137
128 166
128 176
128 181
128 183
128 196
128 197
128 202
128 209
128 212
128 221
128 224
128 230
128 240
128 253
128 273
128 275
128 312
128 320
128 322
128 337
128 344
128 358
128 361
128 379
128 396
128 399
128 417
128 418
128 421
128 438
128 448
128 453
128 458
128 266
129 132
129 138
129 154
129 159
129 162
129 181
129 226
129 229
129 240
129 243
129 248
129 249
129 286
129 298
129 322
129 338
129 339
129 346
129 362
129 380
129 384
129 403
129 426
129 442
129 446
129 453
129 465
130 142
130 144
130 150
130 153
130 154
130 156
130 157
130 159
130 162
130 172
130 177
130 184
130 217
130 220
130 221
130 222
130 237
130 250
130 254
130 269
130 273
130 275
130 281
130 284
130 286
130 307
130 320
130 337
130 346
130 347
130 357
130 385
130 397
130 407
130 428
130 434
130 440
130 445
130 450
130 486
131 138
131 147
131 148
131 154
131 155
131 166
131 171
131 195
131 202
131 208
131 220
131 240
131 262
131 275
131 280
131 291
131 297
131 302
131 311
131 317
131 351
131 353
131 391
131 430
131 462
131 487
131 497
132 149
132 155
132 157
132 169
132 184
132 189
132 199
132 211
132 237
132 247
132 261
132 279
132 298
132 300
132 301
132 316
132 335
132 357
132 367
132 392
132 408
132 455
132 459
132 475
132 490
132 354
133 135
133 147
133 148
133 149
133 168
133 170
133 173
133 187
133 199
133 219
133 224
133 243
133 248
133 272
133 274
133 286
133 288
133 316
133 372
133 384
133 385
133 389
133 426
133 433
133 457
133 458
133 463
133 464
133 468
133 469
133 290
134 139
134 144
134 150
134 156
134 162
134 166
134 168
134 180
134 190
134 194
134 207
134 216
134 230
134 231
134 242
134 255
134 256
134 265
134 267
134 268
134 274
134 276
134 285
134 305
134 310
134 331
134 343
134 346
134 351
134 355
134 364
134 369
134 386
134 399
134 403
134 417
134 433
134 475
134 484
135 150
135 170
135 182
135 191
135 204
135 210
135 216
135 218
135 223
135 231
135 235
135 258
135 286
135 299
135 307
135 315
135 318
135 322
135 378
135 395
135 399
135 417
135 420
135 439
135 445
135 452
135 455
135 490
136 151
136 152
136 155
136 156
136 157
136 169
136 171
136 178
136 183
136 186
136 188
136 197
136 209
136 211
136 214
136 216
136 219
136 222
136 236
136 254
136 255
136 266
136 271
136 277
136 288
136 306
136 317
136 323
136 345
136 382
136 398
136 406
136 416
136 437
136 442
136 457
136 461
136 475
136 486
136 493
136 429
137 144
137 146
137 149
137 154
137 162
137 165
137 170
137 174
137 177
137 189
137 191
137 194
137 197
137 200
137 201
137 218
137 241
137 243
137 249
137 265
137 272
137 279
137 282
137 290
137 295
137 313
137 322
137 337
137 348
137 360
137 364
137 366
137 373
137 378
137 397
137 405
137 406
137 436
137 458
137 472
137 483
137 494
137 498
137 358
138 148
138 153
138 156
138 157
138 163
138 169
138 173
138 183
138 205
138 220
138 221
138 255
138 262
138 263
138 278
138 285
138 290
138 307
138 315
138 333
138 347
138 355
138 359
138 370
138 378
138 386
138 398
138 404
138 415
138 449
138 451
138 479
138 494
139 142
139 148
139 154
139 177
139 188
139 192
139 201
139 222
139 225
139 226
139 247
139 251
139 261
139 268
139 278
139 279
139 319
139 320
139 358
139 390
139 394
139 403
139 408
139 412
139 422
139 492
140 144
140 148
140 151
140 162
140 184
140 201
140 204
140 223
140 224
140 225
140 235
140 247
140 267
140 273
140 276
140 289
140 300
140 305
140 309
140 317
140 320
140 324
140 326
140 330
140 334
140 335
140 338
140 349
140 354
140 361
140 369
140 413
140 431
140 433
140 450
140 453
140 469
140 476
140 484
141 148
141 160
141 163
141 182
141 187
141 188
141 204
141 211
141 221
141 229
141 236
141 251
141 292
141 293
141 299
141 334
141 351
141 365
141 367
141 374
141 408
141 414
141 446
141 458
141 459
141 465
141 469
141 486
141 490
142 160
142 175
142 189
142 190
142 191
142 199
142 207
142 208
142 212
142 216
142 222
142 223
142 257
142 258
142 268
142 281
142 282
142 283
142 290
142 292
142 297
142 304
142 309
142 315
142 316
142 317
142 319
142 332
142 334
142 341
142 368
142 381
142 424
142 441
142 448
142 453
142 462
142 467
142 487
142 488
142 496
142 238
143 146
143 152
143 167
143 169
143 171
143 179
143 188
143 191
143 200
143 225
143 228
143 229
143 230
143 247
143 255
143 256
143 272
143 280
143 292
143 293
143 298
143 304
143 308
143 323
143 340
143 343
143 374
143 388
143 398
143 410
143 420
143 427
143 445
143 468
143 478
143 484
143 481
144 148
144 162
144 176
144 180
144 182
144 187
144 199
144 200
144 202
144 218
144 226
144 227
144 230
144 231
144 238
144 251
144 253
144 277
144 284
144 300
144 322
144 325
144 335
144 350
144 357
144 398
144 407
144 414
144 425
144 460
144 469
144 478
144 491
144 391
144 299
145 160
145 194
145 196
145 200
145 218
145 222
145 224
145 235
145 257
145 262
145 266
145 270
145 271
145 288
145 295
145 334
145 352
145 354
145 391
145 396
145 397
145 429
145 432
145 434
145 446
145 465
145 484
146 151
146 153
146 161
146 215
146 219
146 266
146 302
146 305
146 307
146 318
146 321
146 325
146 345
146 347
146 358
146 360
146 373
146 380
146 391
146 402
146 410
146 461
146 477
146 323
147 150
147 154
147 161
147 170
147 198
147 208
147 221
147 228
147 231
147 232
147 239
147 257
147 269
147 270
147 274
147 278
147 285
147 301
147 306
147 309
147 315
147 324
147 327
147 344
147 346
147 348
147 354
147 372
147 384
147 397
147 398
147 414
147 432
147 436
147 440
147 442
147 446
147 451
147 454
147 489
148 149
148 157
148 165
148 173
148 176
148 201
148 206
148 216
148 257
148 269
148 277
148 300
148 359
148 378
148 385
148 386
148 395
148 419
148 423
148 444
148 455
149 156
149 186
149 187
149 188
149 191
149 196
149 208
149 234
149 235
149 239
149 242
149 249
149 276
149 283
149 285
149 300
149 301
149 321
149 327
149 364
149 388
149 412
149 432
149 435
149 440
149 443
149 456
149 465
149 468
149 480
149 400
150 174
150 194
150 196
150 198
150 213
150 275
150 289
150 314
150 388
150 422
150 433
150 437
150 443
150 458
150 474
150 259
151 152
151 159
151 163
151 179
151 182
151 185
151 190
151 193
151 197
151 203
151 222
151 226
151 227
151 229
151 241
151 254
151 270
151 278
151 304
151 324
151 334
151 358
151 362
151 392
151 426
151 445
151 470
151 471
151 492
151 361
151 205
152 158
152 164
152 166
152 175
152 179
152 180
152 192
152 193
152 194
152 196
152 200
152 201
152 212
152 214
152 238
152 242
152 258
152 260
152 267
152 281
152 282
152 286
152 290
152 292
152 339
152 343
152 355
152 361
152 365
152 383
152 414
152 420
152 469
152 480
152 443
153 173
153 209
153 213
153 221
153 225
153 236
153 240
153 246
153 256
153 318
153 360
153 363
153 367
153 374
153 381
153 393
153 414
153 423
153 471
153 488
153 159
153 185
154 161
154 169
154 178
154 181
154 190
154 195
154 217
154 221
154 246
154 250
154 251
154 253
154 256
154 261
154 280
154 289
154 309
154 320
154 328
154 329
154 333
154 336
154 349
154 388
154 396
154 426
154 471
154 473
154 480
154 496
155 158
155 170
155 171
155 172
155 199
155 211
155 220
155 223
155 239
155 255
155 266
155 269
155 273
155 289
155 293
155 300
155 303
155 305
155 309
155 315
155 343
155 346
155 358
155 363
155 380
155 381
155 428
155 449
155 457
155 465
155 468
155 482
155 491
155 423
156 161
156 209
156 246
156 283
156 287
156 319
156 335
156 346
156 389
156 407
156 408
156 420
156 431
156 442
156 460
157 168
157 177
157 180
157 181
157 193
157 213
157 215
157 221
157 247
157 248
157 257
157 260
157 269
157 320
157 324
157 328
157 338
157 339
157 347
157 350
157 362
157 363
157 388
157 392
157 403
157 421
157 448
157 449
157 454
158 162
158 168
158 187
158 203
158 214
158 216
158 219
158 252
158 259
158 260
158 263
158 285
158 300
158 318
158 343
158 347
158 353
158 361
158 377
158 405
158 425
158 459
158 468
158 469
158 473
158 484
158 487
158 494
158 497
159 167
159 174
159 179
159 180
159 220
159 238
159 248
159 260
159 262
159 291
159 302
159 309
159 311
159 312
159 316
159 326
159 341
159 351
159 356
159 377
159 381
159 406
159 449
159 468
159 473
159 474
160 167
160 168
160 209
160 244
160 246
160 254
160 261
160 293
160 311
160 335
160 402
160 437
160 490
161 170
161 171
161 178
161 180
161 189
161 192
161 196
161 210
161 219
161 221
161 241
161 258
161 263
161 285
161 304
161 310
161 338
161 372
161 382
161 408
161 420
161 427
161 451
161 472
161 474
161 475
161 491
162 179
162 185
162 189
162 203
162 239
162 242
162 289
162 318
162 332
162 355
162 360
162 411
162 415
162 223
162 230
163 177
163 179
163 180
163 195
163 210
163 226
163 246
163 254
163 257
163 258
163 263
163 275
163 303
163 311
163 338
163 347
163 393
163 394
163 416
163 423
163 433
163 452
163 468
164 209
164 210
164 220
164 222
164 239
164 249
164 257
164 266
164 272
164 282
164 290
164 314
164 345
164 346
164 384
164 406
164 429
164 479
164 270
165 245
165 258
165 264
165 274
165 275
165 297
165 315
165 317
165 373
165 396
165 405
165 419
165 421
165 478
165 491
165 499
166 196
166 199
166 201
166 204
166 221
166 246
166 250
166 259
166 299
166 314
166 358
166 380
166 409
166 415
166 418
166 429
166 448
166 454
166 458
166 464
166 472
166 484
166 491
167 176
167 188
167 197
167 204
167 218
167 224
167 227
167 258
167 265
167 270
167 290
167 301
167 316
167 344
167 348
167 364
167 371
167 380
167 385
167 411
167 429
167 457
167 464
167 470
167 485
168 185
168 198
168 214
168 219
168 227
168 233
168 245
168 254
168 280
168 307
168 318
168 337
168 340
168 342
168 355
168 363
168 368
168 383
168 392
168 400
168 407
168 441
168 445
168 449
168 464
168 469
168 474
169 172
169 243
169 289
169 290
169 291
169 312
169 334
169 354
169 357
169 365
169 375
169 377
169 378
169 396
169 404
169 407
169 472
169 435
170 177
170 184
170 199
170 241
170 283
170 294
170 296
170 303
170 337
170 367
170 439
170 450
170 458
170 494
171 188
171 199
171 222
171 224
171 242
171 267
171 288
171 293
171 296
171 305
171 326
171 341
171 347
171 378
171 388
171 393
171 400
171 423
171 443
171 445
171 460
171 488
172 181
172 182
172 213
172 255
172 294
172 305
172 316
172 330
172 411
172 413
172 425
173 175
173 178
173 188
173 196
173 214
173 221
173 228
173 242
173 245
173 261
173 297
173 299
173 304
173 324
173 352
173 363
173 381
173 382
173 384
173 471
173 497
173 419
174 178
174 250
174 259
174 264
174 277
174 288
174 292
174 304
174 331
174 338
174 347
174 385
174 386
174 395
174 403
174 404
174 411
174 434
174 450
174 452
174 472
175 185
175 188
175 194
175 199
175 205
175 217
175 237
175 238
175 250
175 264
175 266
175 293
175 297
175 301
175 303
175 306
175 309
175 315
175 322
175 331
175 345
175 373
175 380
175 409
175 414
175 420
175 422
175 441
175 455
175 464
175 469
175 473
175 479
176 177
176 178
176 183
176 195
176 197
176 199
176 200
176 241
176 251
176 265
176 275
176 281
176 334
176 341
176 359
176 361
176 375
176 377
176 379
176 389
176 399
176 497
176 499
177 190
177 204
177 232
177 264
177 266
177 294
177 303
177 340
177 392
177 398
177 185
178 187
178 194
178 237
178 270
178 296
178 306
178 326
178 341
178 350
178 360
178 372
178 386
178 422
178 438
178 443
178 459
178 491
179 184
179 199
179 204
179 208
179 223
179 230
179 242
179 252
179 263
179 273
179 278
179 285
179 289
179 293
179 301
179 312
179 316
179 317
179 322
179 333
179 354
179 378
179 385
179 393
179 409
179 423
179 435
179 438
179 442
179 444
179 448
179 472
179 461
180 197
180 205
180 209
180 219
180 256
180 264
180 291
180 303
180 325
180 329
180 330
180 335
180 354
180 401
180 417
180 419
180 421
180 454
180 481
180 483
180 485
180 497
181 196
181 202
181 204
181 220
181 257
181 270
181 311
181 316
181 327
181 353
181 358
181 364
181 387
181 416
181 424
181 452
181 486
181 491
182 183
182 190
182 197
182 198
182 207
182 209
182 219
182 224
182 225
182 228
182 230
182 232
182 258
182 263
182 275
182 312
182 338
182 347
182 351
182 387
182 400
182 428
182 431
182 433
182 443
182 455
182 460
182 476
182 479
182 485
182 489
182 499
183 203
183 209
183 223
183 232
183 238
183 240
183 243
183 266
183 267
183 284
183 297
183 304
183 346
183 366
183 368
183 386
183 410
183 411
183 458
183 479
184 188
184 193
184 202
184 206
184 207
184 218
184 223
184 238
184 243
184 258
184 272
184 284
184 295
184 334
184 392
184 414
184 458
184 473
184 481
185 193
185 194
185 198
185 223
185 226
185 236
185 238
185 252
185 268
185 299
185 306
185 332
185 345
185 349
185 358
185 366
185 383
185 390
185 400
185 464
185 493
186 190
186 197
186 218
186 233
186 237
186 242
186 283
186 285
186 288
186 295
186 312
186 362
186 366
186 368
186 369
186 370
186 393
186 422
186 451
186 453
186 455
186 480
186 497
187 195
187 209
187 232
187 247
187 253
187 258
187 259
187 287
187 289
187 294
187 302
187 321
187 332
187 333
187 344
187 359
187 372
187 377
187 390
187 436
187 439
187 464
187 490
188 194
188 229
188 231
188 252
188 264
188 284
188 287
188 324
188 364
188 368
188 371
188 374
188 378
188 386
188 411
188 474
188 488
188 495
188 497
189 191
189 198
189 226
189 254
189 258
189 277
189 281
189 288
189 291
189 292
189 315
189 336
189 340
189 344
189 352
189 357
189 383
189 399
189 404
189 430
189 445
189 447
189 449
189 461
189 483
189 490
190 191
190 193
190 200
190 201
190 212
190 230
190 231
190 241
190 243
190 246
190 257
190 260
190 281
190 288
190 292
190 293
190 294
190 320
190 327
190 332
190 334
190 337
190 340
190 355
190 365
190 374
190 379
190 407
190 422
190 459
190 465
190 483
190 494
191 215
191 223
191 225
191 237
191 272
191 279
191 293
191 296
191 302
191 374
191 380
191 388
191 434
191 442
191 444
191 455
191 462
191 473
191 480
192 199
192 224
192 240
192 246
192 268
192 287
192 298
192 301
192 310
192 330
192 345
192 360
192 385
192 387
192 417
192 424
192 425
192 426
192 431
192 464
192 468
192 477
192 497
193 211
193 227
193 229
193 235
193 249
193 260
193 267
193 270
193 285
193 302
193 330
193 333
193 338
193 340
193 347
193 354
193 363
193 364
193 381
193 396
193 414
193 439
193 442
193 452
194 217
194 227
194 232
194 256
194 284
194 315
194 324
194 372
194 375
194 397
194 398
194 453
194 462
195 232
195 233
195 254
195 276
195 292
195 308
195 324
195 348
195 359
195 371
195 444
195 473
195 399
196 229
196 267
196 322
196 327
196 341
196 375
196 394
196 400
197 203
197 208
197 211
197 215
197 233
197 248
197 312
197 313
197 315
197 364
197 370
197 391
197 400
197 413
197 429
197 439
197 471
198 201
198 205
198 212
198 215
198 227
198 230
198 246
198 255
198 260
198 264
198 265
198 273
198 275
198 277
198 300
198 315
198 400
198 404
198 411
198 415
198 430
198 447
198 450
198 486
198 498
199 201
199 211
199 236
199 246
199 248
199 253
199 264
199 297
199 310
199 324
199 326
199 359
199 363
199 400
199 407
199 421
199 428
199 438
199 453
199 468
199 475
199 478
199 485
199 491
199 492
200 223
200 233
200 238
200 250
200 259
200 267
200 282
200 288
200 289
200 291
200 294
200 326
200 347
200 348
200 361
200 391
200 428
200 472
200 489
201 208
201 210
201 212
201 214
201 219
201 250
201 288
201 301
201 315
201 330
201 333
201 365
201 382
201 389
201 390
201 418
201 435
201 456
201 470
201 474
201 477
201 489
201 495
201 496
202 236
202 256
202 267
202 273
202 275
202 306
202 318
202 331
202 348
202 382
202 401
202 404
202 416
203 210
203 213
203 214
203 246
203 247
203 279
203 283
203 286
203 294
203 344
203 376
203 380
203 385
203 387
203 394
203 396
203 452
203 460
203 480
203 495
204 207
204 209
204 233
204 238
204 245
204 253
204 262
204 269
204 274
204 287
204 290
204 361
204 365
204 366
204 369
204 370
204 378
204 384
204 391
204 412
204 437
204 475
204 485
204 499
205 206
205 214
205 225
205 226
205 228
205 234
205 236
205 252
205 264
205 275
205 278
205 284
205 305
205 324
205 325
205 329
205 343
205 344
205 347
205 353
205 354
205 355
205 370
205 373
205 382
205 409
205 416
205 418
205 423
205 424
205 432
205 442
205 458
205 466
205 474
205 476
205 488
206 214
206 219
206 252
206 253
206 282
206 302
206 304
206 342
206 350
206 398
206 421
206 425
206 439
206 475
206 484
206 492
207 209
207 220
207 272
207 290
207 298
207 315
207 319
207 359
207 363
207 375
207 405
207 412
207 416
207 418
207 429
207 437
207 484
207 487
208 222
208 226
208 248
208 251
208 255
208 260
208 296
208 300
208 303
208 319
208 323
208 325
208 327
208 328
208 348
208 354
208 380
208 383
208 396
208 417
208 436
208 441
208 445
208 452
208 457
208 464
208 489
208 495
208 496
208 482
209 226
209 230
209 244
209 276
209 277
209 289
209 295
209 302
209 305
209 312
209 352
209 354
209 379
209 422
209 443
209 451
209 454
209 493
210 236
210 241
210 262
210 269
210 290
210 294
210 306
210 312
210 339
210 349
210 368
210 398
210 412
210 416
210 456
210 479
210 480
210 484
210 499
211 232
211 242
211 257
211 281
211 290
211 309
211 400
211 440
211 481
212 265
212 304
212 308
212 314
212 334
212 336
212 341
212 344
212 353
212 368
212 375
212 385
212 397
212 437
212 460
212 488
212 472
213 215
213 226
213 233
213 240
213 268
213 278
213 284
213 293
213 302
213 304
213 309
213 323
213 344
213 353
213 360
213 380
213 385
213 398
213 402
213 414
213 434
213 247
214 226
214 244
214 260
214 274
214 277
214 279
214 289
214 304
214 306
214 307
214 310
214 336
214 343
214 348
214 364
214 366
214 376
214 377
214 380
214 392
214 398
214 407
214 409
214 437
214 465
214 486
214 327
215 218
215 244
215 255
215 266
215 276
215 308
215 311
215 319
215 320
215 321
215 348
215 387
215 412
215 415
215 426
215 427
215 428
215 439
215 444
215 456
215 473
215 478
215 496
216 236
216 239
216 249
216 264
216 270
216 292
216 320
216 336
216 339
216 376
216 396
216 422
216 425
216 462
216 469
217 224
217 254
217 265
217 273
217 295
217 306
217 317
217 348
217 372
217 381
217 390
217 399
217 419
217 432
217 451
217 486
217 491
218 308
218 314
218 333
218 353
218 354
218 366
218 369
218 382
218 394
218 422
219 228
219 238
219 242
219 245
219 246
219 263
219 265
219 288
219 300
219 339
219 340
219 342
219 356
219 377
219 421
219 445
219 479
219 484
220 256
220 259
220 270
220 292
220 301
220 306
220 338
220 345
220 359
220 425
220 443
220 444
220 483
220 498
221 234
221 250
221 306
221 317
221 325
221 340
221 343
221 369
221 416
221 445
221 498
222 227
222 251
222 293
222 306
222 340
222 405
222 408
222 435
222 445
222 494
223 252
223 257
223 261
223 262
223 266
223 284
223 295
223 310
223 318
223 322
223 409
223 429
223 464
223 467
223 481
224 239
224 241
224 268
224 273
224 281
224 289
224 302
224 303
224 340
224 414
224 429
224 440
224 442
224 450
224 462
224 473
224 497
225 230
225 234
225 240
225 261
225 280
225 298
225 305
225 333
225 350
225 355
225 366
225 369
225 424
225 429
225 435
225 438
225 445
225 459
225 464
225 475
225 494
225 497
226 232
226 250
226 254
226 257
226 268
226 299
226 322
226 367
226 369
226 373
226 387
226 395
226 397
226 399
226 409
226 412
226 418
226 425
226 436
226 440
226 455
226 490
226 333
226 476
227 246
227 251
227 261
227 278
227 307
227 308
227 309
227 313
227 337
227 351
227 355
227 365
227 367
227 404
227 416
227 491
227 492
228 232
228 236
228 237
228 297
228 314
228 328
228 348
228 384
228 401
228 412
228 438
228 442
228 462
228 467
228 470
228 488
229 247
229 251
229 257
229 259
229 271
229 273
229 281
229 283
229 290
229 331
229 335
229 340
229 384
229 395
229 405
229 424
229 439
229 468
229 487
229 488
229 489
230 264
230 282
230 287
230 398
231 237
231 265
231 301
231 305
231 326
231 337
231 339
231 356
231 408
231 411
231 432
231 434
231 455
232 233
232 241
232 250
232 259
232 270
232 274
232 293
232 313
232 331
232 336
232 346
232 361
232 380
232 482
232 487
233 236
233 237
233 242
233 264
233 267
233 282
233 298
233 311
233 319
233 328
233 350
233 354
233 358
233 406
233 423
233 476
233 482
234 288
234 317
234 369
234 378
234 391
234 414
234 423
234 457
234 494
235 236
235 243
235 244
235 250
235 281
235 282
235 287
235 291
235 320
235 321
235 325
235 336
235 342
235 368
235 369
235 371
235 417
235 418
235 429
235 436
235 437
235 438
235 450
235 465
235 475
235 476
236 239
236 278
236 320
236 377
236 401
236 402
236 407
236 420
236 481
237 240
237 263
237 273
237 278
237 298
237 301
237 339
237 358
237 369
237 379
237 429
237 440
237 443
237 445
237 459
237 460
237 478
237 481
237 483
238 252
238 268
238 277
238 303
238 305
238 315
238 323
238 325
238 329
238 345
238 349
238 380
238 384
238 390
238 401
238 426
238 428
239 248
239 284
239 289
239 291
239 298
239 340
239 342
239 382
239 390
239 393
239 410
239 418
239 428
239 440
239 447
239 454
239 478
239 488
240 256
240 279
240 287
240 307
240 309
240 314
240 323
240 391
240 395
240 396
240 425
240 430
240 436
240 444
240 473
240 349
241 280
241 307
241 329
241 336
241 387
241 404
241 409
241 424
241 426
241 495
242 276
242 317
242 327
242 339
242 358
242 376
242 390
242 393
242 402
242 422
242 424
242 450
242 457
242 489
243 263
243 286
243 305
243 330
243 334
243 335
243 346
243 369
243 375
243 379
243 457
243 482
244 246
244 251
244 258
244 292
244 311
244 339
244 384
244 398
244 399
244 405
244 412
244 416
244 424
244 436
244 451
244 462
244 476
244 494
244 499
245 249
245 259
245 278
245 311
245 347
245 362
245 381
245 385
245 387
245 395
245 410
245 417
245 442
245 470
246 252
246 254
246 266
246 277
246 289
246 301
246 305
246 306
246 308
246 311
246 316
246 333
246 340
246 345
246 351
246 352
246 393
246 410
246 416
246 433
246 482
246 491
246 493
247 282
247 321
247 355
247 358
247 378
247 388
247 401
247 435
247 468
247 473
247 475
248 266
248 276
248 292
248 420
248 424
248 447
249 283
249 296
249 300
249 310
249 317
249 333
249 372
249 391
249 457
250 261
250 289
250 291
250 308
250 319
250 325
250 337
250 372
250 385
250 392
250 412
250 430
250 440
250 452
250 464
250 467
250 469
250 485
251 256
251 280
251 322
251 370
251 461
252 259
252 281
252 286
252 314
252 328
252 340
252 361
252 363
252 365
252 384
252 390
252 400
252 416
252 428
252 433
252 467
252 474
252 481
252 482
252 486
252 489
253 256
253 276
253 299
253 316
253 325
253 329
253 333
253 335
253 341
253 401
253 403
253 420
253 436
253 438
253 457
253 461
253 465
253 487
253 492
254 285
254 339
254 340
254 362
254 364
254 382
254 489
255 257
255 261
255 262
255 285
255 313
255 320
255 343
255 376
255 423
255 437
255 458
255 474
255 481
256 281
256 283
256 286
256 294
256 301
256 328
256 355
256 359
256 368
257 272
257 287
257 312
257 319
257 330
257 342
257 352
257 382
257 416
257 417
257 420
257 473
257 475
257 493
258 259
258 263
258 276
258 311
258 335
258 383
258 465
258 479
259 271
259 284
259 311
259 375
259 433
259 443
259 466
259 481
259 487
260 271
260 276
260 295
260 299
260 308
260 313
260 351
260 352
260 379
260 391
260 431
260 451
260 462
260 469
260 487
260 384
261 303
261 323
261 347
261 348
261 366
261 373
261 401
261 424
261 447
262 295
262 324
262 332
262 377
262 397
262 399
262 401
262 407
262 408
262 424
262 426
262 441
263 288
263 343
263 356
263 363
263 372
263 387
263 410
263 415
263 430
263 442
263 456
263 498
264 277
264 353
264 360
264 361
264 381
264 418
264 473
264 477
264 484
265 269
265 273
265 278
265 279
265 303
265 314
265 323
265 359
265 385
265 431
265 449
265 460
265 489
266 268
266 282
266 360
266 365
266 369
266 388
266 414
266 435
266 493
267 275
267 309
267 311
267 313
267 315
267 320
267 345
267 379
267 389
267 399
267 438
267 442
267 481
267 484
268 293
268 307
268 374
268 401
268 408
268 444
268 462
269 355
269 364
269 367
269 371
269 386
269 396
269 410
269 429
269 432
269 476
270 285
270 294
270 303
270 304
270 336
270 370
270 399
270 405
270 407
270 425
270 428
270 460
270 467
270 492
271 279
271 301
271 313
271 321
271 322
271 331
271 388
271 398
271 419
271 430
271 476
272 276
272 286
272 296
272 315
272 325
272 329
272 337
272 350
272 368
272 381
272 412
272 442
272 443
272 448
272 456
272 468
272 478
272 481
273 294
273 304
273 315
273 325
273 374
273 376
273 395
273 412
273 426
273 435
273 457
273 466
273 353
274 283
274 316
274 352
274 429
275 298
275 357
275 359
275 362
275 368
275 371
275 375
275 400
275 447
275 451
275 455
275 477
276 285
276 298
276 308
276 342
276 421
276 431
276 465
276 470
276 488
277 303
277 350
277 354
277 369
277 374
277 377
277 420
277 431
277 440
277 458
277 466
278 312
278 377
278 397
278 439
278 463
278 466
278 472
279 351
279 353
279 406
279 469
279 499
280 281
280 285
280 288
280 300
280 301
280 310
280 316
280 329
280 371
280 409
280 429
280 443
280 444
280 450
280 478
280 483
280 492
280 495
280 487
281 286
281 288
281 319
281 333
281 351
281 377
281 386
281 395
281 418
281 435
281 441
281 453
281 457
281 486
281 488
281 318
282 291
282 298
282 302
282 335
282 361
282 367
282 394
282 438
282 441
283 308
283 315
283 335
283 386
283 408
283 454
283 456
283 466
283 486
284 291
284 294
284 328
284 347
284 387
284 410
284 415
284 449
284 458
284 462
284 464
284 471
284 481
284 488
284 491
284 493
285 300
285 371
285 384
285 392
285 394
285 459
285 479
286 295
286 342
286 348
286 357
286 414
286 425
286 447
286 494
286 304
287 293
287 294
287 296
287 297
287 300
287 346
287 354
287 368
287 377
287 384
287 415
288 296
288 302
288 303
288 307
288 310
288 331
288 353
288 394
288 410
288 450
288 457
288 485
289 301
289 308
289 321
289 323
289 326
289 327
289 346
289 349
289 350
289 386
289 395
289 400
289 421
289 445
289 455
289 489
290 297
290 327
290 334
290 369
290 378
290 468
291 349
291 355
291 382
291 387
291 423
291 430
291 434
291 473
292 313
292 411
292 474
292 475
293 295
293 351
293 356
293 374
293 431
293 439
293 463
294 314
294 342
294 345
294 352
294 366
294 419
294 443
294 498
295 296
295 298
295 311
295 317
295 323
295 340
295 379
295 395
295 419
295 447
295 452
295 487
295 418
296 324
296 341
296 369
296 389
296 411
296 436
296 461
296 465
296 487
296 488
296 498
297 298
297 303
297 379
297 387
297 413
297 466
297 473
297 482
298 316
298 344
298 359
298 387
298 394
298 417
298 433
298 490
299 317
299 319
299 363
299 373
299 402
299 406
300 309
300 336
300 347
300 353
300 360
300 361
300 373
300 387
300 401
300 409
300 420
300 422
300 437
300 460
300 476
300 479
301 320
301 402
301 413
301 442
301 470
301 476
301 486
302 308
302 321
302 362
302 364
302 371
302 374
302 407
302 420
302 425
302 434
302 465
302 356
303 307
303 309
303 313
303 371
303 402
303 404
303 438
304 357
304 368
304 374
304 389
304 410
304 439
304 451
304 461
304 483
304 492
305 330
305 352
305 379
305 382
305 400
305 411
305 414
306 385
306 402
306 405
306 419
306 427
306 436
306 468
307 312
307 321
307 343
307 356
307 380
307 466
307 488
308 315
308 325
308 331
308 341
308 391
308 435
308 464
308 476
309 312
309 339
309 356
309 363
309 397
309 400
309 405
309 427
309 461
309 488
310 318
310 325
310 349
310 358
310 368
310 372
310 378
310 388
310 410
310 415
310 424
310 430
310 459
310 460
310 466
310 467
311 312
311 314
311 338
311 361
311 370
311 393
311 400
311 426
311 439
311 452
311 453
311 471
311 472
311 473
311 477
312 323
312 334
312 347
312 375
312 382
312 393
312 401
312 411
312 465
312 466
312 469
312 479
312 482
312 493
312 495
312 498
313 326
313 332
313 344
313 349
313 386
313 410
313 417
313 427
313 441
313 472
313 479
314 317
314 357
314 361
314 379
314 394
314 414
314 431
314 478
314 479
314 483
314 493
315 324
315 359
315 429
315 459
315 482
315 497
315 420
316 325
316 331
316 371
316 454
316 466
317 349
317 384
317 391
317 393
317 402
317 414
317 423
317 446
317 447
318 335
318 413
318 433
318 434
318 447
318 482
319 376
319 403
319 439
319 440
319 442
319 459
320 325
320 363
320 408
320 417
320 444
320 450
321 360
321 388
321 406
321 443
321 454
321 459
321 462
321 464
321 481
322 365
322 373
322 390
322 393
322 405
322 407
322 429
322 446
322 466
322 470
322 496
323 333
323 346
323 347
323 349
323 367
323 408
323 435
323 447
323 488
323 497
324 358
324 387
324 405
324 426
324 441
324 444
324 476
324 493
325 326
325 371
325 391
325 410
325 411
325 450
325 463
326 329
326 345
326 384
326 395
326 403
326 448
326 479
326 494
327 329
327 331
327 336
327 354
327 430
327 433
327 454
327 491
328 329
328 333
328 345
328 434
329 330
329 350
329 353
329 373
329 376
329 399
329 461
330 393
330 397
330 402
330 447
330 461
330 492
331 332
331 346
331 353
331 392
331 399
331 417
331 436
331 445
331 462
332 365
332 366
332 388
332 457
332 460
333 342
333 346
333 356
333 413
333 451
334 376
334 407
334 417
334 444
334 457
334 485
334 371
335 360
335 371
335 379
335 437
335 494
336 375
336 397
336 405
336 411
337 344
337 357
337 363
337 415
337 437
337 461
338 373
338 465
338 498
339 347
339 354
339 357
339 397
339 435
339 464
339 476
339 479
340 382
340 415
340 484
340 485
340 489
341 366
341 368
341 388
341 403
341 425
341 431
341 437
341 470
341 493
342 345
342 398
342 427
342 428
342 432
342 437
342 449
342 459
342 489
343 344
343 362
343 375
343 405
343 412
343 431
343 465
343 480
343 496
344 358
344 368
344 413
344 427
345 375
345 422
345 423
345 456
345 463
345 466
345 492
346 371
346 381
346 386
346 401
346 423
346 427
346 446
346 449
346 460
346 470
347 391
347 398
347 407
347 412
347 468
347 471
348 359
348 374
348 413
348 451
349 386
349 402
349 440
349 449
349 479
350 362
350 370
350 438
351 361
351 368
351 382
351 409
351 423
351 484
352 364
352 394
352 401
352 436
352 441
352 447
352 460
353 370
353 429
353 448
353 456
353 470
353 484
354 362
354 381
354 408
354 454
354 456
354 485
355 399
355 408
355 415
355 435
355 436
355 472
356 393
356 396
356 400
356 433
356 434
357 402
357 455
357 468
357 494
358 372
358 377
358 419
358 443
358 476
358 481
359 426
359 431
359 443
360 397
360 407
360 421
360 437
360 462
360 466
360 492
361 370
361 395
361 425
361 451
361 469
361 480
361 498
361 482
362 421
362 452
362 457
362 485
363 367
363 370
363 378
363 390
363 411
363 432
363 450
363 464
363 470
363 476
364 365
364 412
364 422
364 424
364 436
364 450
364 481
364 482
364 488
365 389
365 498
366 463
367 383
367 384
367 409
367 451
367 498
367 499
368 493
369 380
369 399
369 415
369 435
369 472
369 477
369 484
370 381
370 391
370 420
370 468
371 411
371 422
371 465
371 472
372 374
372 377
372 473
372 483
373 375
373 391
373 399
373 446
373 457
374 392
374 419
374 467
374 482
375 392
375 431
375 440
375 452
375 470
375 496
376 377
376 380
376 389
376 400
376 433
376 438
377 419
377 461
377 495
378 428
378 456
378 480
378 486
378 496
379 380
379 383
379 432
379 449
379 482
379 497
380 395
380 409
380 446
380 458
380 499
381 387
381 388
381 421
381 480
381 497
382 407
382 408
383 407
383 428
383 472
383 479
383 485
384 448
384 449
384 461
384 467
384 498
385 431
386 453
387 391
387 404
387 433
387 468
387 471
388 423
388 493
389 402
389 432
390 392
390 398
390 412
390 495
391 404
391 440
391 491
392 455
392 491
393 408
393 423
393 443
393 463
393 471
393 481
393 484
394 415
394 441
394 448
394 496
395 418
395 430
395 434
395 444
395 451
395 458
395 479
396 420
396 435
396 453
396 478
396 494
397 412
397 425
397 458
397 460
397 461
398 494
399 429
399 431
399 452
399 491
400 413
400 414
400 431
400 446
401 441
401 477
402 461
402 480
402 483
403 404
403 407
403 422
403 427
404 420
404 483
404 496
405 416
405 462
405 483
406 421
406 432
406 439
406 454
407 419
407 439
407 448
407 490
408 452
408 499
409 446
409 488
410 427
410 490
411 495
412 421
412 427
412 436
413 445
413 454
413 477
413 493
414 436
414 440
415 421
415 424
415 482
415 484
416 418
417 423
417 447
417 459
417 480
417 482
418 419
418 430
418 435
418 436
418 443
418 449
419 496
420 427
420 436
421 427
421 467
422 460
423 450
423 497
424 425
424 437
424 471
425 439
425 445
425 474
425 490
426 462
428 433
429 455
429 460
429 487
430 478
430 480
431 461
431 467
431 485
431 499
432 446
433 458
433 464
433 497
434 438
434 475
434 489
436 446
436 450
436 469
437 453
437 457
437 497
438 451
438 464
438 471
438 476
439 453
439 474
439 481
439 492
439 497
442 476
442 481
442 485
443 465
444 446
444 462
444 471
444 484
444 490
446 463
446 467
446 482
447 451
447 458
449 461
449 478
450 454
450 456
450 487
451 458
451 465
451 484
452 459
453 470
453 475
454 461
454 486
454 498
455 486
456 483
456 484
457 476
457 496
458 467
459 464
459 469
459 494
460 490
461 469
462 465
462 495
464 467
466 476
466 493
468 477
468 478
468 484
468 490
469 471
473 480
476 494
477 486
480 495
482 486
485 499
486 498
487 495
495 496