447006431
23
500
11189
0 23
0 24
0 25
0 26
0 27
0 28
0 29
0 30
0 31
0 34
0 36
0 37
0 42
0 44
0 45
0 48
0 53
0 59
0 63
0 68
0 71
0 72
0 74
0 76
0 80
0 82
0 88
0 91
0 94
0 95
0 103
0 110
0 130
0 148
0 186
0 189
0 196
0 201
0 206
0 226
0 243
0 262
0 270
0 274
0 280
0 287
0 293
0 294
0 297
0 301
0 313
0 322
0 338
0 352
0 355
0 356
0 376
0 391
0 399
0 404
0 413
0 418
0 420
0 436
0 443
0 458
0 460
0 463
0 477
0 480
0 491
0 451
1 23
1 24
1 25
1 26
1 27
1 28
1 29
1 30
1 31
1 32
1 34
1 35
1 36
1 38
1 39
1 43
1 48
1 50
1 51
1 53
1 54
1 55
1 57
1 60
1 61
1 63
1 69
1 71
1 80
1 86
1 95
1 103
1 105
1 108
1 114
1 119
1 120
1 121
1 122
1 123
1 125
1 127
1 133
1 168
1 170
1 172
1 173
1 174
1 186
1 192
1 200
1 203
1 212
1 213
1 214
1 221
1 222
1 229
1 230
1 232
1 236
1 247
1 254
1 262
1 272
1 277
1 280
1 293
1 294
1 301
1 308
1 314
1 318
1 321
1 346
1 361
1 363
1 364
1 381
1 390
1 396
1 400
1 406
1 410
1 434
1 448
1 457
1 484
1 489
1 491
1 401
2 23
2 24
2 25
2 26
2 27
2 29
2 31
2 32
2 33
2 34
2 35
2 39
2 41
2 44
2 45
2 46
2 51
2 53
2 56
2 59
2 60
2 61
2 63
2 65
2 66
2 67
2 68
2 69
2 70
2 81
2 83
2 85
2 102
2 103
2 105
2 108
2 110
2 114
2 115
2 121
2 138
2 139
2 159
2 161
2 177
2 178
2 202
2 204
2 225
2 236
2 246
2 250
2 251
2 254
2 261
2 264
2 266
2 292
2 293
2 297
2 299
2 303
2 307
2 313
2 319
2 327
2 334
2 338
2 340
2 341
2 342
2 358
2 362
2 366
2 374
2 386
2 389
2 399
2 414
2 415
2 430
2 433
2 449
2 457
2 469
2 476
2 487
2 398
3 23
3 24
3 27
3 28
3 29
3 30
3 32
3 33
3 34
3 35
3 37
3 39
3 41
3 43
3 44
3 51
3 52
3 53
3 54
3 55
3 58
3 63
3 64
3 65
3 66
3 67
3 74
3 75
3 78
3 87
3 88
3 98
3 99
3 104
3 109
3 112
3 125
3 130
3 137
3 144
3 149
3 150
3 164
3 170
3 178
3 179
3 180
3 197
3 207
3 209
3 211
3 215
3 229
3 236
3 249
3 250
3 254
3 258
3 263
3 267
3 268
3 272
3 277
3 281
3 286
3 296
3 298
3 300
3 302
3 312
3 321
3 333
3 337
3 350
3 365
3 387
3 389
3 443
3 445
3 463
3 468
3 485
3 492
3 498
3 119
4 23
4 24
4 25
4 26
4 28
4 29
4 30
4 31
4 33
4 34
4 35
4 38
4 39
4 44
4 46
4 48
4 49
4 52
4 53
4 59
4 64
4 68
4 70
4 75
4 79
4 82
4 83
4 85
4 86
4 94
4 97
4 105
4 110
4 115
4 117
4 129
4 140
4 149
4 150
4 152
4 163
4 169
4 172
4 177
4 201
4 212
4 216
4 220
4 232
4 233
4 236
4 251
4 257
4 261
4 276
4 282
4 283
4 304
4 305
4 315
4 325
4 369
4 372
4 382
4 396
4 411
4 416
4 419
4 422
4 440
4 476
5 23
5 24
5 25
5 26
5 27
5 29
5 30
5 31
5 33
5 34
5 36
5 37
5 38
5 40
5 41
5 42
5 43
5 45
5 46
5 47
5 50
5 55
5 56
5 58
5 61
5 63
5 65
5 84
5 85
5 86
5 90
5 97
5 102
5 109
5 111
5 114
5 124
5 129
5 134
5 142
5 143
5 146
5 154
5 156
5 161
5 164
5 179
5 187
5 188
5 197
5 203
5 205
5 229
5 230
5 231
5 234
5 237
5 242
5 251
5 262
5 267
5 268
5 272
5 275
5 277
5 284
5 331
5 334
5 348
5 354
5 356
5 359
5 360
5 369
5 382
5 383
5 388
5 389
5 400
5 406
5 409
5 419
5 423
5 428
5 429
5 430
5 446
5 457
5 462
5 479
5 498
5 48
5 123
5 410
6 23
6 24
6 25
6 26
6 27
6 28
6 29
6 30
6 31
6 32
6 33
6 34
6 35
6 36
6 39
6 40
6 42
6 43
6 45
6 49
6 52
6 55
6 57
6 58
6 59
6 64
6 71
6 76
6 78
6 80
6 84
6 87
6 95
6 104
6 109
6 114
6 116
6 123
6 126
6 136
6 142
6 147
6 148
6 153
6 160
6 163
6 180
6 183
6 196
6 200
6 211
6 233
6 234
6 237
6 242
6 278
6 287
6 311
6 319
6 324
6 327
6 330
6 332
6 338
6 342
6 353
6 384
6 400
6 422
6 435
6 464
6 474
7 23
7 24
7 25
7 27
7 28
7 29
7 31
7 32
7 33
7 35
7 36
7 38
7 39
7 40
7 41
7 48
7 49
7 50
7 52
7 55
7 58
7 64
7 66
7 67
7 69
7 70
7 72
7 77
7 78
7 87
7 89
7 92
7 93
7 97
7 98
7 102
7 106
7 120
7 129
7 130
7 133
7 138
7 139
7 145
7 154
7 156
7 158
7 171
7 174
7 184
7 189
7 195
7 196
7 197
7 222
7 228
7 237
7 240
7 247
7 253
7 267
7 268
7 276
7 277
7 280
7 281
7 283
7 298
7 303
7 323
7 338
7 341
7 346
7 369
7 371
7 374
7 376
7 403
7 408
7 409
7 427
7 460
7 464
7 474
7 476
7 484
8 23
8 24
8 27
8 28
8 30
8 31
8 32
8 33
8 44
8 46
8 47
8 49
8 53
8 54
8 60
8 63
8 64
8 65
8 84
8 86
8 94
8 96
8 98
8 101
8 110
8 122
8 130
8 135
8 164
8 169
8 174
8 175
8 200
8 212
8 231
8 237
8 239
8 245
8 249
8 259
8 271
8 273
8 294
8 309
8 311
8 313
8 324
8 336
8 361
8 368
8 403
8 404
8 410
8 446
8 462
8 463
8 476
8 303
9 23
9 24
9 25
9 26
9 27
9 28
9 29
9 31
9 32
9 36
9 39
9 40
9 41
9 47
9 55
9 56
9 58
9 61
9 68
9 70
9 79
9 82
9 87
9 90
9 102
9 107
9 119
9 140
9 160
9 162
9 170
9 187
9 188
9 189
9 194
9 208
9 213
9 220
9 226
9 239
9 247
9 276
9 329
9 347
9 349
9 350
9 354
9 365
9 378
9 380
9 499
9 86
10 23
10 24
10 25
10 26
10 27
10 28
10 29
10 30
10 32
10 34
10 35
10 36
10 37
10 40
10 42
10 43
10 45
10 46
10 47
10 50
10 52
10 55
10 57
10 60
10 61
10 63
10 65
10 71
10 75
10 77
10 83
10 86
10 99
10 108
10 113
10 116
10 117
10 126
10 137
10 142
10 143
10 147
10 149
10 150
10 159
10 163
10 178
10 182
10 184
10 188
10 189
10 190
10 196
10 218
10 233
10 235
10 238
10 242
10 256
10 260
10 265
10 271
10 292
10 294
10 300
10 307
10 344
10 348
10 354
10 355
10 365
10 375
10 384
10 391
10 412
10 415
10 434
10 437
10 446
10 450
10 464
10 468
10 475
10 493
10 200
11 23
11 24
11 25
11 26
11 27
11 28
11 33
11 34
11 38
11 44
11 45
11 58
11 63
11 72
11 78
11 92
11 100
11 108
11 109
11 111
11 120
11 131
11 139
11 155
11 172
11 184
11 185
11 197
11 217
11 227
11 233
11 252
11 292
11 316
11 317
11 330
11 345
11 379
11 428
11 441
11 457
11 482
11 483
11 210
12 23
12 24
12 25
12 26
12 27
12 28
12 29
12 30
12 32
12 33
12 35
12 36
12 38
12 39
12 44
12 48
12 49
12 55
12 58
12 76
12 78
12 80
12 85
12 104
12 110
12 112
12 114
12 127
12 132
12 134
12 137
12 140
12 146
12 152
12 156
12 169
12 176
12 182
12 187
12 195
12 198
12 211
12 226
12 245
12 260
12 274
12 275
12 287
12 288
12 304
12 328
12 329
12 333
12 340
12 346
12 368
12 373
12 374
12 408
12 412
12 417
12 421
12 424
12 425
12 444
12 462
12 466
12 467
12 471
12 474
12 490
13 23
13 24
13 25
13 26
13 27
13 29
13 32
13 33
13 34
13 36
13 37
13 40
13 41
13 42
13 46
13 47
13 48
13 49
13 51
13 52
13 56
13 62
13 65
13 68
13 70
13 72
13 74
13 78
13 93
13 99
13 103
13 105
13 116
13 119
13 120
13 121
13 126
13 129
13 134
13 145
13 150
13 154
13 155
13 177
13 179
13 188
13 202
13 207
13 217
13 221
13 225
13 226
13 228
13 233
13 240
13 244
13 253
13 254
13 295
13 297
13 303
13 310
13 318
13 322
13 326
13 378
13 381
13 382
13 397
13 412
13 419
13 473
13 478
13 377
14 23
14 24
14 25
14 26
14 29
14 30
14 35
14 37
14 41
14 43
14 44
14 76
14 79
14 81
14 212
14 213
14 231
14 284
14 315
14 327
14 329
14 369
14 384
14 420
14 468
14 177
15 23
15 24
15 25
15 26
15 27
15 28
15 30
15 31
15 32
15 33
15 36
15 39
15 43
15 45
15 48
15 49
15 51
15 55
15 72
15 75
15 77
15 80
15 89
15 91
15 112
15 126
15 129
15 137
15 138
15 147
15 148
15 173
15 184
15 200
15 201
15 211
15 213
15 214
15 223
15 226
15 235
15 251
15 262
15 273
15 285
15 287
15 296
15 301
15 304
15 310
15 323
15 335
15 343
15 350
15 368
15 373
15 386
15 388
15 400
15 402
15 404
15 408
15 412
15 422
15 425
15 447
15 470
15 485
16 23
16 25
16 26
16 27
16 28
16 29
16 31
16 44
16 50
16 57
16 60
16 61
16 81
16 82
16 83
16 85
16 94
16 98
16 104
16 141
16 157
16 159
16 181
16 184
16 188
16 189
16 192
16 204
16 234
16 235
16 240
16 247
16 250
16 260
16 306
16 309
16 330
16 345
16 398
16 408
16 416
16 462
16 483
16 495
16 197
16 136
17 23
17 24
17 25
17 26
17 27
17 28
17 30
17 32
17 33
17 35
17 37
17 42
17 57
17 61
17 62
17 63
17 76
17 98
17 105
17 123
17 132
17 149
17 162
17 174
17 230
17 324
17 328
17 376
17 396
17 442
17 445
17 450
17 457
17 491
17 17
17 56
17 141
18 23
18 24
18 25
18 26
18 27
18 28
18 29
18 30
18 31
18 32
18 34
18 35
18 38
18 41
18 47
18 54
18 66
18 67
18 70
18 75
18 84
18 85
18 98
18 107
18 117
18 118
18 124
18 126
18 129
18 131
18 132
18 133
18 149
18 151
18 158
18 164
18 182
18 186
18 194
18 201
18 215
18 236
18 246
18 272
18 293
18 301
18 318
18 338
18 339
18 388
18 395
18 424
18 434
18 444
18 463
18 464
18 386
18 305
19 23
19 24
19 25
19 26
19 28
19 29
19 31
19 33
19 34
19 35
19 36
19 37
19 38
19 39
19 40
19 41
19 42
19 43
19 46
19 50
19 51
19 59
19 61
19 62
19 66
19 69
19 71
19 79
19 80
19 82
19 84
19 95
19 97
19 102
19 103
19 114
19 120
19 122
19 127
19 136
19 138
19 144
19 145
19 148
19 150
19 182
19 187
19 191
19 207
19 214
19 221
19 238
19 239
19 259
19 275
19 297
19 325
19 331
19 333
19 364
19 369
19 373
19 377
19 385
19 447
19 469
19 477
19 478
19 492
19 139
19 398
20 23
20 24
20 25
20 26
20 27
20 29
20 30
20 31
20 33
20 34
20 37
20 38
20 41
20 42
20 48
20 54
20 58
20 59
20 67
20 73
20 77
20 79
20 85
20 93
20 101
20 106
20 109
20 115
20 122
20 124
20 139
20 141
20 148
20 152
20 168
20 214
20 239
20 249
20 302
20 307
20 308
20 323
20 445
20 499
20 21
21 23
21 24
21 25
21 26
21 28
21 30
21 31
21 37
21 39
21 40
21 44
21 48
21 50
21 51
21 52
21 54
21 56
21 62
21 63
21 80
21 81
21 87
21 88
21 95
21 100
21 103
21 105
21 122
21 127
21 132
21 133
21 141
21 146
21 157
21 168
21 189
21 190
21 191
21 206
21 227
21 232
21 250
21 252
21 257
21 265
21 269
21 294
21 317
21 325
21 372
21 387
21 398
21 427
21 431
21 454
21 455
21 474
21 480
21 485
21 492
21 218
22 23
22 24
22 25
22 26
22 27
22 28
22 30
22 32
22 35
22 45
22 46
22 53
22 58
22 59
22 62
22 71
22 85
22 89
22 99
22 100
22 124
22 125
22 143
22 144
22 153
22 191
22 192
22 194
22 198
22 236
22 252
22 255
22 258
22 261
22 272
22 276
22 296
22 347
22 353
22 383
22 419
22 435
22 449
22 460
22 483
22 493
22 152
23 24
23 25
23 26
23 27
23 28
23 29
23 30
23 31
23 32
23 33
23 34
23 35
23 36
23 37
23 38
23 39
23 40
23 41
23 42
23 43
23 45
23 46
23 47
23 48
23 49
23 50
23 52
23 53
23 54
23 55
23 57
23 59
23 61
23 62
23 63
23 64
23 65
23 66
23 69
23 73
23 75
23 80
23 81
23 86
23 89
23 90
23 91
23 92
23 98
23 107
23 109
23 110
23 112
23 116
23 121
23 122
23 123
23 125
23 126
23 129
23 132
23 134
23 135
23 136
23 141
23 148
23 149
23 150
23 151
23 158
23 159
23 161
23 165
23 166
23 171
23 175
23 178
23 180
23 182
23 191
23 197
23 205
23 206
23 211
23 212
23 218
23 220
23 224
23 227
23 229
23 233
23 234
23 238
23 239
23 240
23 248
23 250
23 254
23 257
23 259
23 262
23 263
23 271
23 276
23 279
23 281
23 285
23 291
23 293
23 300
23 306
23 311
23 315
23 320
23 326
23 330
23 335
23 339
23 340
23 341
23 342
23 343
23 346
23 349
23 356
23 366
23 378
23 380
23 385
23 401
23 408
23 410
23 413
23 415
23 422
23 431
23 447
23 453
23 462
23 463
23 472
23 484
23 490
23 494
23 295
23 152
23 359
24 25
24 26
24 27
24 28
24 29
24 30
24 31
24 32
24 33
24 34
24 35
24 36
24 37
24 38
24 39
24 40
24 42
24 43
24 44
24 45
24 46
24 47
24 48
24 49
24 51
24 54
24 55
24 56
24 57
24 58
24 59
24 61
24 63
24 66
24 69
24 71
24 72
24 74
24 75
24 76
24 77
24 79
24 82
24 83
24 84
24 85
24 91
24 96
24 97
24 98
24 99
24 103
24 104
24 106
24 108
24 115
24 116
24 118
24 123
24 124
24 127
24 128
24 129
24 130
24 132
24 146
24 147
24 155
24 156
24 162
24 167
24 170
24 171
24 173
24 174
24 175
24 178
24 179
24 181
24 182
24 187
24 190
24 196
24 205
24 207
24 209
24 211
24 212
24 216
24 218
24 229
24 238
24 243
24 249
24 254
24 257
24 260
24 264
24 265
24 267
24 269
24 271
24 290
24 293
24 295
24 297
24 312
24 315
24 317
24 318
24 324
24 328
24 329
24 331
24 334
24 337
24 340
24 345
24 348
24 349
24 352
24 361
24 372
24 374
24 377
24 382
24 387
24 393
24 397
24 400
24 414
24 439
24 441
24 446
24 449
24 453
24 455
24 457
24 459
24 464
24 475
24 476
24 484
24 492
24 494
24 138
24 193
25 26
25 27
25 28
25 29
25 30
25 31
25 32
25 35
25 36
25 37
25 39
25 40
25 42
25 43
25 45
25 47
25 48
25 49
25 50
25 51
25 53
25 54
25 55
25 56
25 57
25 58
25 59
25 61
25 62
25 63
25 64
25 65
25 66
25 67
25 68
25 70
25 73
25 74
25 75
25 76
25 78
25 79
25 81
25 82
25 83
25 84
25 85
25 87
25 88
25 89
25 91
25 92
25 93
25 94
25 95
25 96
25 98
25 101
25 102
25 103
25 104
25 106
25 108
25 109
25 110
25 111
25 112
25 115
25 116
25 117
25 119
25 127
25 129
25 130
25 133
25 134
25 136
25 137
25 138
25 139
25 141
25 142
25 143
25 144
25 145
25 147
25 149
25 150
25 156
25 161
25 163
25 171
25 173
25 174
25 177
25 181
25 182
25 191
25 193
25 195
25 203
25 205
25 206
25 208
25 221
25 222
25 227
25 229
25 230
25 231
25 232
25 234
25 246
25 252
25 257
25 264
25 266
25 269
25 271
25 272
25 275
25 285
25 286
25 291
25 294
25 295
25 301
25 309
25 311
25 318
25 328
25 343
25 348
25 355
25 356
25 360
25 362
25 363
25 367
25 370
25 372
25 375
25 382
25 383
25 390
25 401
25 411
25 413
25 416
25 420
25 421
25 424
25 425
25 426
25 428
25 430
25 431
25 433
25 435
25 436
25 437
25 438
25 439
25 447
25 464
25 466
25 481
25 486
25 490
25 491
25 497
25 186
25 280
26 27
26 28
26 29
26 30
26 31
26 32
26 33
26 34
26 35
26 36
26 37
26 38
26 39
26 40
26 41
26 42
26 43
26 44
26 45
26 46
26 47
26 48
26 49
26 50
26 52
26 53
26 55
26 56
26 57
26 60
26 61
26 62
26 64
26 65
26 67
26 69
26 70
26 71
26 72
26 73
26 74
26 75
26 77
26 84
26 87
26 91
26 94
26 98
26 99
26 101
26 105
26 106
26 107
26 109
26 112
26 113
26 118
26 120
26 121
26 125
26 126
26 131
26 133
26 134
26 135
26 138
26 141
26 146
26 147
26 152
26 153
26 154
26 158
26 159
26 162
26 165
26 167
26 169
26 170
26 172
26 174
26 178
26 184
26 185
26 186
26 191
26 192
26 193
26 200
26 202
26 204
26 205
26 211
26 212
26 215
26 217
26 218
26 219
26 220
26 221
26 223
26 224
26 226
26 234
26 237
26 246
26 247
26 248
26 259
26 264
26 268
26 271
26 272
26 274
26 277
26 280
26 283
26 284
26 289
26 291
26 299
26 304
26 305
26 310
26 315
26 328
26 329
26 332
26 340
26 343
26 347
26 350
26 352
26 354
26 357
26 362
26 369
26 370
26 373
26 381
26 394
26 395
26 396
26 401
26 415
26 417
26 420
26 425
26 427
26 430
26 434
26 437
26 442
26 444
26 450
26 466
26 468
26 473
26 477
26 478
26 486
26 494
26 140
26 262
26 379
26 455
27 28
27 29
27 30
27 31
27 32
27 33
27 34
27 35
27 36
27 37
27 38
27 40
27 42
27 43
27 44
27 45
27 46
27 49
27 50
27 52
27 55
27 57
27 60
27 61
27 66
27 68
27 73
27 79
27 81
27 83
27 84
27 88
27 92
27 93
27 95
27 97
27 100
27 102
27 104
27 105
27 110
27 130
27 131
27 139
27 143
27 144
27 146
27 147
27 151
27 157
27 159
27 160
27 167
27 181
27 184
27 194
27 195
27 196
27 200
27 207
27 210
27 216
27 219
27 220
27 223
27 232
27 236
27 239
27 241
27 248
27 256
27 263
27 267
27 268
27 271
27 284
27 291
27 293
27 295
27 299
27 310
27 312
27 318
27 325
27 328
27 334
27 335
27 336
27 338
27 342
27 347
27 351
27 358
27 363
27 367
27 375
27 385
27 395
27 397
27 403
27 404
27 418
27 419
27 423
27 428
27 429
27 432
27 434
27 446
27 454
27 462
27 472
27 477
27 480
27 496
27 254
27 345
28 29
28 30
28 31
28 32
28 33
28 34
28 35
28 36
28 37
28 38
28 39
28 40
28 44
28 45
28 47
28 50
28 51
28 53
28 55
28 57
28 58
28 59
28 62
28 65
28 69
28 70
28 71
28 73
28 75
28 79
28 84
28 86
28 87
28 88
28 90
28 92
28 95
28 96
28 106
28 108
28 110
28 111
28 117
28 119
28 125
28 128
28 131
28 135
28 138
28 141
28 144
28 145
28 146
28 148
28 151
28 153
28 154
28 159
28 162
28 165
28 168
28 169
28 170
28 171
28 175
28 176
28 179
28 180
28 185
28 191
28 192
28 193
28 199
28 200
28 203
28 204
28 205
28 208
28 211
28 212
28 217
28 221
28 231
28 237
28 241
28 242
28 244
28 256
28 258
28 269
28 275
28 279
28 290
28 297
28 305
28 311
28 313
28 329
28 334
28 339
28 344
28 345
28 358
28 362
28 368
28 370
28 371
28 397
28 399
28 407
28 408
28 412
28 418
28 419
28 428
28 438
28 444
28 453
28 455
28 456
28 460
28 475
28 489
28 98
28 42
28 134
29 30
29 31
29 32
29 33
29 34
29 35
29 36
29 37
29 38
29 41
29 42
29 43
29 44
29 45
29 46
29 48
29 49
29 50
29 51
29 52
29 53
29 56
29 57
29 58
29 59
29 63
29 65
29 66
29 67
29 68
29 69
29 71
29 72
29 75
29 79
29 80
29 88
29 94
29 95
29 102
29 103
29 113
29 118
29 119
29 124
29 125
29 135
29 138
29 145
29 147
29 148
29 151
29 153
29 154
29 157
29 158
29 166
29 169
29 171
29 174
29 176
29 178
29 180
29 202
29 206
29 208
29 216
29 218
29 219
29 221
29 222
29 238
29 240
29 245
29 254
29 258
29 262
29 263
29 271
29 274
29 275
29 284
29 296
29 304
29 306
29 308
29 318
29 320
29 342
29 346
29 388
29 396
29 406
29 407
29 411
29 414
29 416
29 422
29 434
29 435
29 442
29 447
29 457
29 459
29 464
29 465
29 475
29 482
29 484
29 490
29 499
30 31
30 32
30 33
30 34
30 36
30 38
30 39
30 40
30 41
30 42
30 46
30 47
30 49
30 50
30 51
30 52
30 55
30 56
30 58
30 59
30 67
30 72
30 73
30 74
30 75
30 79
30 83
30 86
30 91
30 94
30 96
30 103
30 110
30 117
30 118
30 129
30 130
30 134
30 136
30 137
30 139
30 148
30 151
30 155
30 160
30 161
30 163
30 166
30 175
30 181
30 190
30 192
30 195
30 199
30 204
30 216
30 218
30 219
30 223
30 224
30 227
30 233
30 240
30 243
30 244
30 261
30 263
30 271
30 277
30 285
30 295
30 306
30 311
30 312
30 315
30 319
30 322
30 323
30 324
30 325
30 337
30 345
30 351
30 352
30 353
30 354
30 356
30 358
30 374
30 382
30 383
30 398
30 415
30 418
30 430
30 436
30 438
30 443
30 450
30 457
30 461
30 464
30 478
30 496
30 281
30 463
30 477
31 32
31 33
31 34
31 36
31 37
31 38
31 39
31 41
31 42
31 43
31 44
31 46
31 47
31 48
31 50
31 51
31 54
31 56
31 60
31 62
31 67
31 68
31 69
31 70
31 72
31 73
31 74
31 76
31 81
31 84
31 85
31 87
31 90
31 91
31 94
31 101
31 113
31 114
31 116
31 117
31 123
31 124
31 127
31 134
31 135
31 142
31 143
31 145
31 150
31 153
31 159
31 163
31 167
31 169
31 171
31 173
31 175
31 177
31 179
31 184
31 200
31 202
31 210
31 211
31 225
31 243
31 246
31 248
31 250
31 257
31 268
31 270
31 277
31 278
31 279
31 281
31 283
31 288
31 293
31 299
31 300
31 312
31 321
31 322
31 323
31 335
31 341
31 345
31 365
31 372
31 375
31 380
31 384
31 403
31 404
31 413
31 441
31 444
31 448
31 456
31 457
31 458
31 465
31 476
31 482
31 485
31 490
31 496
31 271
31 99
31 362
32 33
32 34
32 35
32 36
32 37
32 38
32 39
32 40
32 41
32 42
32 43
32 44
32 45
32 46
32 47
32 52
32 53
32 56
32 57
32 58
32 60
32 61
32 62
32 64
32 65
32 66
32 68
32 71
32 76
32 77
32 79
32 81
32 86
32 89
32 96
32 98
32 100
32 104
32 113
32 114
32 115
32 117
32 122
32 124
32 128
32 133
32 134
32 137
32 139
32 142
32 144
32 148
32 154
32 159
32 161
32 168
32 170
32 172
32 175
32 179
32 181
32 182
32 183
32 185
32 191
32 192
32 198
32 200
32 203
32 213
32 215
32 217
32 230
32 240
32 244
32 248
32 256
32 258
32 261
32 270
32 278
32 279
32 280
32 281
32 283
32 287
32 290
32 291
32 293
32 308
32 317
32 320
32 321
32 322
32 329
32 334
32 338
32 339
32 345
32 347
32 351
32 353
32 368
32 397
32 400
32 405
32 406
32 408
32 409
32 438
32 445
32 448
32 452
32 476
32 496
32 371
32 387
33 34
33 35
33 36
33 37
33 38
33 39
33 40
33 41
33 42
33 44
33 45
33 46
33 48
33 49
33 52
33 54
33 56
33 59
33 60
33 61
33 62
33 64
33 68
33 69
33 73
33 74
33 78
33 79
33 81
33 83
33 89
33 95
33 96
33 98
33 101
33 102
33 106
33 107
33 108
33 109
33 110
33 111
33 115
33 116
33 117
33 120
33 128
33 129
33 132
33 133
33 134
33 136
33 142
33 143
33 145
33 148
33 150
33 155
33 158
33 164
33 168
33 170
33 173
33 177
33 178
33 182
33 184
33 185
33 186
33 190
33 193
33 199
33 205
33 211
33 224
33 229
33 230
33 232
33 239
33 245
33 248
33 255
33 257
33 260
33 266
33 274
33 279
33 284
33 291
33 292
33 297
33 298
33 300
33 318
33 319
33 320
33 324
33 331
33 333
33 334
33 337
33 340
33 341
33 342
33 343
33 363
33 364
33 367
33 376
33 384
33 386
33 388
33 390
33 392
33 398
33 403
33 404
33 406
33 411
33 417
33 420
33 422
33 423
33 427
33 429
33 432
33 439
33 445
33 447
33 449
33 450
33 454
33 456
33 460
33 462
33 465
33 468
33 470
33 481
33 485
33 488
33 495
33 496
33 499
33 355
34 35
34 36
34 37
34 38
34 39
34 40
34 41
34 43
34 44
34 46
34 49
34 50
34 51
34 52
34 54
34 56
34 58
34 60
34 62
34 63
34 64
34 67
34 70
34 71
34 74
34 85
34 87
34 89
34 91
34 98
34 100
34 103
34 105
34 108
34 109
34 110
34 119
34 120
34 124
34 126
34 127
34 131
34 140
34 142
34 147
34 152
34 155
34 157
34 160
34 166
34 167
34 173
34 178
34 179
34 181
34 184
34 186
34 187
34 191
34 193
34 194
34 195
34 196
34 199
34 203
34 204
34 210
34 217
34 218
34 220
34 221
34 230
34 231
34 238
34 240
34 241
34 242
34 247
34 249
34 258
34 261
34 262
34 268
34 271
34 272
34 274
34 278
34 286
34 296
34 302
34 307
34 309
34 321
34 327
34 334
34 352
34 353
34 361
34 367
34 370
34 378
34 380
34 384
34 392
34 400
34 401
34 403
34 406
34 410
34 412
34 415
34 424
34 425
34 429
34 438
34 441
34 444
34 458
34 459
34 483
34 494
34 497
34 81
34 188
35 37
35 38
35 39
35 40
35 41
35 44
35 49
35 51
35 52
35 54
35 55
35 58
35 62
35 63
35 65
35 66
35 67
35 76
35 77
35 80
35 86
35 91
35 92
35 93
35 94
35 95
35 96
35 101
35 102
35 105
35 114
35 115
35 116
35 118
35 128
35 134
35 142
35 145
35 159
35 160
35 162
35 164
35 173
35 180
35 181
35 182
35 187
35 188
35 192
35 197
35 202
35 203
35 212
35 215
35 217
35 229
35 232
35 239
35 256
35 259
35 266
35 278
35 279
35 282
35 297
35 298
35 301
35 306
35 310
35 313
35 327
35 328
35 332
35 339
35 371
35 377
35 383
35 387
35 393
35 407
35 436
35 447
35 451
35 458
35 468
35 481
35 110
36 37
36 38
36 39
36 40
36 41
36 42
36 43
36 44
36 45
36 47
36 48
36 49
36 51
36 53
36 56
36 60
36 61
36 71
36 73
36 74
36 82
36 84
36 90
36 94
36 96
36 102
36 105
36 106
36 107
36 112
36 114
36 115
36 118
36 121
36 123
36 125
36 126
36 128
36 129
36 132
36 133
36 138
36 155
36 162
36 163
36 168
36 171
36 180
36 185
36 190
36 193
36 197
36 207
36 214
36 215
36 221
36 226
36 228
36 237
36 250
36 251
36 253
36 254
36 257
36 261
36 266
36 267
36 271
36 278
36 281
36 283
36 301
36 309
36 310
36 320
36 321
36 323
36 330
36 332
36 333
36 338
36 346
36 348
36 356
36 362
36 365
36 378
36 389
36 391
36 393
36 404
36 406
36 419
36 424
36 426
36 432
36 436
36 442
36 451
36 461
36 463
36 464
36 477
36 483
36 92
36 372
37 38
37 40
37 41
37 42
37 44
37 45
37 47
37 48
37 50
37 51
37 52
37 53
37 58
37 59
37 60
37 61
37 63
37 64
37 65
37 69
37 82
37 85
37 87
37 92
37 101
37 106
37 112
37 115
37 118
37 124
37 126
37 135
37 141
37 142
37 144
37 146
37 149
37 151
37 157
37 159
37 162
37 165
37 166
37 175
37 177
37 181
37 182
37 186
37 198
37 210
37 211
37 212
37 216
37 222
37 233
37 240
37 244
37 251
37 253
37 262
37 263
37 264
37 266
37 276
37 278
37 286
37 289
37 292
37 315
37 317
37 323
37 324
37 331
37 337
37 339
37 343
37 354
37 362
37 366
37 370
37 373
37 379
37 381
37 384
37 392
37 399
37 405
37 415
37 418
37 422
37 423
37 426
37 433
37 437
37 439
37 463
37 479
37 481
37 138
37 71
37 206
38 40
38 41
38 42
38 43
38 46
38 47
38 48
38 50
38 51
38 52
38 54
38 57
38 58
38 60
38 63
38 64
38 65
38 67
38 73
38 74
38 75
38 76
38 78
38 81
38 88
38 90
38 95
38 96
38 100
38 102
38 103
38 110
38 112
38 124
38 128
38 131
38 133
38 137
38 138
38 148
38 151
38 152
38 157
38 163
38 167
38 173
38 177
38 178
38 179
38 186
38 190
38 196
38 214
38 220
38 224
38 229
38 240
38 243
38 244
38 250
38 260
38 267
38 271
38 290
38 291
38 296
38 299
38 300
38 306
38 307
38 325
38 331
38 348
38 350
38 355
38 361
38 371
38 379
38 385
38 387
38 411
38 429
38 431
38 432
38 435
38 438
38 439
38 440
38 442
38 448
38 454
38 456
38 458
38 464
38 469
38 474
38 477
38 480
38 485
38 490
38 499
38 66
38 349
39 40
39 42
39 43
39 45
39 46
39 47
39 48
39 53
39 54
39 57
39 58
39 59
39 60
39 62
39 66
39 68
39 70
39 72
39 75
39 77
39 79
39 81
39 82
39 84
39 85
39 87
39 89
39 91
39 98
39 99
39 100
39 102
39 106
39 107
39 108
39 109
39 117
39 131
39 136
39 139
39 146
39 150
39 155
39 157
39 159
39 160
39 166
39 174
39 176
39 181
39 189
39 193
39 195
39 201
39 202
39 209
39 214
39 218
39 220
39 224
39 232
39 235
39 236
39 245
39 252
39 255
39 266
39 269
39 271
39 284
39 288
39 290
39 300
39 304
39 306
39 313
39 314
39 330
39 341
39 348
39 349
39 359
39 376
39 390
39 391
39 394
39 398
39 409
39 414
39 416
39 424
39 433
39 440
39 446
39 456
39 458
39 466
39 475
39 476
39 481
39 489
39 494
39 93
40 41
40 42
40 43
40 45
40 47
40 48
40 49
40 50
40 51
40 52
40 54
40 55
40 56
40 57
40 58
40 60
40 62
40 64
40 65
40 68
40 69
40 70
40 71
40 73
40 75
40 76
40 78
40 80
40 81
40 86
40 89
40 92
40 93
40 97
40 102
40 104
40 118
40 120
40 126
40 131
40 134
40 135
40 136
40 137
40 145
40 149
40 158
40 171
40 173
40 177
40 183
40 191
40 194
40 199
40 201
40 209
40 215
40 217
40 228
40 231
40 238
40 239
40 242
40 246
40 253
40 254
40 259
40 260
40 261
40 277
40 279
40 280
40 287
40 289
40 295
40 300
40 308
40 310
40 315
40 317
40 320
40 332
40 337
40 346
40 350
40 352
40 355
40 360
40 366
40 381
40 385
40 394
40 401
40 408
40 426
40 437
40 448
40 463
40 477
40 497
40 422
41 43
41 45
41 46
41 47
41 49
41 54
41 58
41 60
41 61
41 62
41 65
41 67
41 68
41 70
41 72
41 76
41 83
41 87
41 88
41 94
41 97
41 98
41 99
41 102
41 105
41 106
41 108
41 113
41 119
41 125
41 127
41 132
41 136
41 138
41 139
41 141
41 144
41 153
41 168
41 171
41 172
41 177
41 180
41 190
41 192
41 204
41 210
41 224
41 226
41 234
41 242
41 245
41 253
41 254
41 255
41 263
41 266
41 269
41 274
41 297
41 300
41 302
41 303
41 308
41 310
41 313
41 314
41 320
41 321
41 329
41 331
41 333
41 335
41 336
41 337
41 350
41 370
41 379
41 381
41 394
41 397
41 405
41 410
41 412
41 421
41 425
41 457
41 458
41 465
41 469
41 471
41 475
41 486
41 493
41 499
41 167
41 361
42 43
42 44
42 48
42 52
42 53
42 55
42 59
42 62
42 63
42 67
42 68
42 69
42 70
42 71
42 72
42 74
42 77
42 78
42 79
42 82
42 86
42 87
42 95
42 96
42 97
42 99
42 100
42 102
42 107
42 108
42 113
42 117
42 118
42 122
42 123
42 125
42 127
42 130
42 141
42 145
42 155
42 157
42 167
42 170
42 172
42 178
42 182
42 185
42 190
42 192
42 200
42 202
42 219
42 223
42 227
42 235
42 236
42 240
42 248
42 257
42 258
42 264
42 273
42 281
42 284
42 285
42 293
42 295
42 299
42 314
42 341
42 349
42 350
42 366
42 372
42 374
42 377
42 380
42 385
42 396
42 400
42 407
42 409
42 414
42 435
42 448
42 461
42 467
42 479
42 485
42 498
42 321
43 46
43 50
43 51
43 53
43 55
43 56
43 57
43 61
43 63
43 66
43 69
43 70
43 71
43 75
43 76
43 77
43 79
43 85
43 88
43 91
43 106
43 118
43 122
43 123
43 140
43 145
43 147
43 148
43 151
43 156
43 166
43 173
43 181
43 186
43 193
43 200
43 205
43 207
43 216
43 219
43 227
43 231
43 232
43 234
43 246
43 247
43 251
43 267
43 271
43 272
43 275
43 282
43 288
43 294
43 302
43 307
43 316
43 321
43 335
43 345
43 351
43 353
43 358
43 361
43 362
43 376
43 377
43 382
43 384
43 389
43 396
43 399
43 402
43 420
43 421
43 425
43 428
43 435
43 453
43 473
43 474
43 484
43 487
43 488
43 491
43 332
44 45
44 46
44 47
44 48
44 49
44 50
44 51
44 52
44 53
44 54
44 56
44 66
44 72
44 77
44 79
44 85
44 91
44 92
44 93
44 94
44 95
44 105
44 107
44 108
44 111
44 115
44 116
44 118
44 120
44 122
44 123
44 128
44 136
44 137
44 143
44 153
44 157
44 160
44 168
44 173
44 174
44 176
44 178
44 184
44 185
44 189
44 190
44 193
44 201
44 203
44 207
44 225
44 226
44 231
44 238
44 243
44 248
44 252
44 260
44 263
44 264
44 265
44 267
44 269
44 289
44 291
44 292
44 298
44 303
44 314
44 316
44 317
44 325
44 333
44 342
44 346
44 348
44 365
44 372
44 375
44 388
44 397
44 421
44 423
44 436
44 439
44 440
44 463
44 464
44 471
44 473
44 480
44 483
44 488
44 489
44 496
44 499
44 97
44 448
45 47
45 49
45 51
45 53
45 55
45 56
45 59
45 61
45 67
45 73
45 75
45 77
45 84
45 86
45 97
45 103
45 104
45 111
45 118
45 128
45 130
45 135
45 140
45 144
45 150
45 154
45 158
45 161
45 163
45 172
45 175
45 177
45 184
45 188
45 189
45 205
45 207
45 210
45 214
45 223
45 226
45 234
45 264
45 277
45 289
45 297
45 305
45 319
45 322
45 324
45 347
45 359
45 371
45 378
45 381
45 382
45 395
45 414
45 420
45 426
45 444
45 451
45 482
45 490
45 275
46 47
46 50
46 57
46 60
46 68
46 70
46 71
46 73
46 87
46 88
46 90
46 91
46 92
46 94
46 96
46 99
46 106
46 113
46 119
46 121
46 128
46 136
46 143
46 150
46 152
46 155
46 158
46 160
46 173
46 190
46 192
46 193
46 194
46 197
46 209
46 210
46 213
46 222
46 223
46 236
46 251
46 267
46 268
46 269
46 276
46 280
46 289
46 293
46 299
46 300
46 314
46 320
46 331
46 333
46 339
46 348
46 354
46 362
46 385
46 387
46 413
46 420
46 430
46 456
46 221
46 479
47 49
47 50
47 51
47 53
47 59
47 60
47 62
47 66
47 72
47 76
47 78
47 81
47 85
47 86
47 87
47 89
47 90
47 93
47 101
47 102
47 103
47 104
47 111
47 113
47 115
47 120
47 125
47 129
47 130
47 134
47 135
47 136
47 140
47 142
47 146
47 150
47 156
47 158
47 160
47 161
47 165
47 171
47 174
47 176
47 177
47 205
47 209
47 215
47 220
47 221
47 232
47 249
47 251
47 253
47 259
47 269
47 270
47 283
47 287
47 296
47 297
47 298
47 299
47 303
47 307
47 327
47 331
47 335
47 358
47 373
47 376
47 386
47 388
47 390
47 392
47 398
47 413
47 414
47 418
47 429
47 432
47 437
47 438
47 446
47 449
47 452
47 460
47 478
47 489
47 163
48 53
48 54
48 55
48 56
48 57
48 58
48 60
48 64
48 65
48 67
48 70
48 71
48 74
48 76
48 77
48 78
48 79
48 80
48 81
48 83
48 84
48 86
48 87
48 94
48 100
48 101
48 102
48 103
48 104
48 107
48 116
48 117
48 119
48 120
48 121
48 123
48 125
48 128
48 141
48 154
48 156
48 164
48 166
48 168
48 171
48 172
48 174
48 180
48 187
48 196
48 201
48 206
48 212
48 224
48 229
48 235
48 238
48 239
48 241
48 242
48 243
48 244
48 256
48 260
48 266
48 268
48 273
48 277
48 283
48 287
48 292
48 301
48 303
48 316
48 333
48 340
48 342
48 347
48 348
48 356
48 357
48 359
48 364
48 365
48 378
48 379
48 390
48 413
48 420
48 422
48 424
48 425
48 429
48 430
48 437
48 442
48 457
48 460
48 462
48 471
48 476
48 495
48 216
49 52
49 53
49 54
49 61
49 64
49 65
49 74
49 77
49 80
49 82
49 83
49 86
49 88
49 90
49 92
49 99
49 108
49 116
49 119
49 126
49 128
49 131
49 133
49 140
49 142
49 143
49 152
49 169
49 172
49 182
49 188
49 190
49 191
49 210
49 214
49 215
49 234
49 252
49 271
49 274
49 284
49 285
49 287
49 292
49 294
49 308
49 309
49 313
49 322
49 341
49 347
49 349
49 356
49 362
49 364
49 367
49 368
49 372
49 373
49 380
49 390
49 392
49 405
49 413
49 426
49 433
49 439
49 443
49 445
49 448
49 453
49 469
49 470
49 471
49 473
49 479
49 487
49 495
50 52
50 54
50 57
50 64
50 65
50 67
50 69
50 71
50 72
50 76
50 78
50 81
50 92
50 105
50 106
50 115
50 116
50 123
50 146
50 151
50 153
50 159
50 163
50 169
50 175
50 182
50 183
50 185
50 187
50 201
50 202
50 204
50 205
50 214
50 216
50 221
50 225
50 236
50 244
50 247
50 255
50 276
50 282
50 285
50 294
50 304
50 308
50 322
50 335
50 338
50 345
50 346
50 354
50 356
50 365
50 372
50 377
50 380
50 387
50 389
50 395
50 406
50 408
50 423
50 427
50 442
50 450
50 451
50 460
50 464
50 476
50 479
50 486
50 487
50 465
50 333
51 54
51 56
51 59
51 60
51 61
51 64
51 66
51 72
51 84
51 85
51 86
51 87
51 90
51 91
51 92
51 96
51 106
51 107
51 108
51 110
51 115
51 120
51 126
51 127
51 149
51 163
51 167
51 184
51 188
51 204
51 208
51 212
51 223
51 237
51 241
51 252
51 259
51 262
51 275
51 281
51 283
51 284
51 290
51 292
51 310
51 322
51 328
51 354
51 381
51 425
51 450
51 470
51 471
51 472
51 485
51 496
51 251
52 54
52 55
52 57
52 59
52 62
52 66
52 67
52 70
52 73
52 74
52 77
52 79
52 83
52 89
52 90
52 93
52 96
52 100
52 106
52 107
52 109
52 111
52 112
52 120
52 131
52 133
52 134
52 140
52 142
52 145
52 149
52 151
52 152
52 154
52 155
52 160
52 161
52 166
52 171
52 191
52 195
52 204
52 208
52 209
52 222
52 223
52 226
52 233
52 248
52 255
52 265
52 266
52 278
52 279
52 281
52 285
52 288
52 289
52 290
52 315
52 318
52 320
52 329
52 332
52 334
52 336
52 348
52 353
52 385
52 386
52 414
52 416
52 423
52 438
52 453
52 460
52 462
52 469
52 495
52 497
53 57
53 59
53 62
53 63
53 64
53 66
53 69
53 70
53 72
53 78
53 79
53 84
53 86
53 87
53 88
53 89
53 91
53 93
53 95
53 97
53 103
53 110
53 112
53 114
53 117
53 121
53 129
53 130
53 131
53 132
53 133
53 137
53 146
53 153
53 157
53 160
53 185
53 187
53 192
53 193
53 194
53 197
53 208
53 210
53 212
53 215
53 225
53 234
53 237
53 240
53 241
53 245
53 247
53 248
53 253
53 257
53 269
53 273
53 278
53 291
53 293
53 308
53 309
53 319
53 320
53 339
53 340
53 346
53 349
53 350
53 354
53 384
53 400
53 410
53 427
53 483
54 56
54 57
54 60
54 65
54 68
54 69
54 72
54 73
54 79
54 80
54 82
54 83
54 84
54 92
54 93
54 96
54 99
54 104
54 111
54 112
54 115
54 127
54 140
54 148
54 151
54 152
54 162
54 164
54 176
54 183
54 186
54 189
54 198
54 201
54 207
54 209
54 215
54 217
54 218
54 223
54 225
54 235
54 237
54 239
54 246
54 253
54 263
54 298
54 299
54 309
54 314
54 326
54 357
54 360
54 365
54 374
54 384
54 391
54 394
54 402
54 405
54 419
54 426
54 445
54 448
54 452
54 478
55 56
55 59
55 66
55 69
55 74
55 88
55 93
55 97
55 104
55 107
55 110
55 111
55 112
55 113
55 136
55 138
55 140
55 143
55 145
55 150
55 164
55 171
55 187
55 188
55 198
55 200
55 219
55 221
55 224
55 225
55 240
55 244
55 263
55 270
55 282
55 288
55 295
55 296
55 297
55 302
55 308
55 312
55 332
55 335
55 337
55 338
55 341
55 342
55 343
55 362
55 377
55 388
55 392
55 404
55 417
55 438
55 449
55 458
55 471
55 487
55 496
56 60
56 63
56 64
56 67
56 68
56 70
56 72
56 73
56 74
56 77
56 80
56 84
56 86
56 88
56 93
56 94
56 95
56 99
56 100
56 106
56 107
56 110
56 111
56 113
56 116
56 117
56 118
56 121
56 122
56 125
56 128
56 136
56 143
56 150
56 151
56 152
56 160
56 193
56 194
56 195
56 198
56 199
56 205
56 223
56 225
56 235
56 237
56 240
56 252
56 278
56 279
56 292
56 315
56 321
56 332
56 334
56 341
56 358
56 360
56 361
56 380
56 411
56 422
56 425
56 433
56 442
56 443
56 451
56 452
56 457
56 460
56 465
56 466
56 474
56 481
56 496
56 497
57 62
57 64
57 67
57 68
57 70
57 71
57 72
57 80
57 82
57 86
57 88
57 90
57 95
57 98
57 101
57 105
57 113
57 114
57 119
57 120
57 128
57 134
57 139
57 142
57 143
57 151
57 152
57 158
57 162
57 166
57 174
57 176
57 187
57 189
57 195
57 199
57 208
57 217
57 231
57 233
57 243
57 245
57 252
57 264
57 271
57 273
57 287
57 289
57 316
57 317
57 325
57 330
57 334
57 338
57 357
57 362
57 367
57 391
57 417
57 418
57 420
57 430
57 449
57 452
57 459
57 494
57 499
57 91
58 61
58 66
58 69
58 73
58 74
58 75
58 78
58 81
58 88
58 90
58 91
58 95
58 101
58 102
58 107
58 108
58 112
58 115
58 118
58 124
58 129
58 133
58 140
58 150
58 153
58 155
58 157
58 165
58 170
58 177
58 196
58 202
58 203
58 210
58 212
58 224
58 245
58 250
58 253
58 260
58 269
58 282
58 284
58 297
58 304
58 314
58 316
58 323
58 324
58 345
58 349
58 351
58 356
58 390
58 398
58 400
58 406
58 418
58 421
58 448
58 453
58 458
58 477
58 497
59 66
59 69
59 73
59 81
59 82
59 88
59 93
59 99
59 114
59 117
59 124
59 130
59 132
59 136
59 138
59 140
59 153
59 168
59 171
59 172
59 179
59 187
59 189
59 194
59 206
59 210
59 244
59 246
59 260
59 283
59 310
59 311
59 317
59 327
59 331
59 337
59 375
59 378
59 392
59 408
59 420
59 429
59 431
59 435
59 462
59 472
59 477
60 62
60 64
60 68
60 82
60 88
60 89
60 91
60 100
60 102
60 106
60 112
60 115
60 123
60 128
60 133
60 136
60 138
60 142
60 145
60 147
60 151
60 154
60 156
60 158
60 169
60 170
60 175
60 176
60 178
60 200
60 207
60 217
60 218
60 219
60 227
60 242
60 243
60 266
60 276
60 300
60 301
60 303
60 317
60 332
60 334
60 339
60 360
60 374
60 387
60 398
60 400
60 403
60 412
60 421
60 452
60 472
60 485
60 402
61 64
61 66
61 67
61 68
61 74
61 76
61 77
61 79
61 83
61 86
61 88
61 97
61 98
61 100
61 109
61 127
61 135
61 140
61 141
61 155
61 156
61 165
61 183
61 184
61 195
61 210
61 227
61 229
61 258
61 261
61 266
61 274
61 282
61 289
61 295
61 300
61 303
61 312
61 322
61 327
61 329
61 341
61 352
61 356
61 361
61 370
61 371
61 378
61 405
61 407
61 416
61 421
61 424
61 425
61 439
61 455
61 468
61 479
61 481
61 492
61 497
61 189
61 457
62 63
62 70
62 72
62 74
62 75
62 78
62 80
62 82
62 83
62 84
62 87
62 89
62 91
62 92
62 95
62 96
62 97
62 99
62 104
62 112
62 113
62 116
62 117
62 119
62 120
62 122
62 124
62 130
62 139
62 146
62 153
62 159
62 163
62 170
62 174
62 181
62 183
62 185
62 191
62 192
62 197
62 199
62 201
62 204
62 218
62 220
62 223
62 228
62 229
62 237
62 243
62 268
62 273
62 282
62 294
62 309
62 310
62 311
62 312
62 315
62 329
62 331
62 354
62 359
62 361
62 378
62 384
62 385
62 395
62 398
62 403
62 412
62 419
62 438
62 439
62 449
62 454
62 455
62 467
62 478
62 479
62 486
62 489
62 497
62 499
62 64
63 65
63 68
63 71
63 75
63 76
63 81
63 83
63 84
63 89
63 90
63 91
63 93
63 94
63 96
63 97
63 98
63 107
63 108
63 114
63 117
63 121
63 123
63 125
63 132
63 143
63 159
63 164
63 200
63 216
63 220
63 222
63 228
63 235
63 239
63 241
63 245
63 247
63 270
63 275
63 293
63 294
63 307
63 309
63 313
63 335
63 336
63 337
63 370
63 395
63 397
63 398
63 423
63 425
63 453
63 459
63 470
63 474
63 484
63 487
63 492
63 497
63 499
63 254
63 344
64 65
64 73
64 87
64 95
64 98
64 101
64 113
64 119
64 120
64 122
64 126
64 127
64 131
64 136
64 138
64 144
64 155
64 160
64 164
64 179
64 180
64 183
64 186
64 207
64 233
64 242
64 247
64 249
64 266
64 279
64 291
64 293
64 298
64 304
64 306
64 310
64 312
64 314
64 331
64 334
64 335
64 347
64 348
64 371
64 384
64 418
64 437
64 448
64 449
64 450
64 452
64 453
64 463
64 464
64 465
64 487
65 67
65 69
65 73
65 75
65 76
65 78
65 80
65 82
65 83
65 90
65 93
65 108
65 113
65 130
65 133
65 134
65 135
65 158
65 169
65 183
65 198
65 199
65 201
65 202
65 203
65 207
65 208
65 238
65 242
65 280
65 286
65 296
65 298
65 299
65 305
65 336
65 345
65 353
65 360
65 367
65 387
65 443
65 452
65 472
65 499
66 69
66 76
66 77
66 88
66 94
66 95
66 96
66 97
66 99
66 100
66 101
66 103
66 105
66 113
66 114
66 115
66 118
66 119
66 120
66 121
66 123
66 124
66 127
66 135
66 137
66 148
66 150
66 151
66 152
66 153
66 156
66 159
66 160
66 162
66 166
66 172
66 181
66 182
66 188
66 190
66 208
66 209
66 210
66 220
66 223
66 225
66 226
66 236
66 242
66 245
66 251
66 265
66 275
66 277
66 286
66 294
66 301
66 307
66 311
66 325
66 340
66 345
66 362
66 367
66 369
66 382
66 399
66 401
66 402
66 407
66 414
66 430
66 431
66 435
66 440
66 443
66 459
66 470
66 473
66 475
66 481
66 484
66 487
66 490
66 74
66 142
66 187
67 68
67 73
67 74
67 78
67 83
67 90
67 92
67 109
67 111
67 118
67 121
67 133
67 135
67 136
67 145
67 165
67 168
67 172
67 179
67 181
67 183
67 225
67 232
67 248
67 257
67 267
67 283
67 285
67 287
67 309
67 314
67 315
67 322
67 327
67 333
67 350
67 355
67 364
67 381
67 399
67 406
67 413
67 458
67 462
67 469
67 475
67 495
67 497
67 498
67 149
67 169
68 71
68 72
68 74
68 77
68 85
68 98
68 100
68 101
68 103
68 104
68 107
68 111
68 126
68 129
68 131
68 132
68 134
68 135
68 137
68 141
68 142
68 149
68 156
68 162
68 166
68 167
68 171
68 175
68 197
68 204
68 205
68 214
68 219
68 230
68 235
68 236
68 237
68 240
68 241
68 254
68 265
68 287
68 296
68 320
68 321
68 329
68 332
68 347
68 386
68 391
68 409
68 412
68 425
68 461
68 484
68 485
68 488
68 499
68 489
68 406
69 71
69 77
69 80
69 97
69 107
69 109
69 114
69 121
69 127
69 133
69 138
69 159
69 174
69 186
69 196
69 228
69 230
69 231
69 234
69 260
69 282
69 287
69 293
69 295
69 296
69 300
69 304
69 308
69 313
69 343
69 345
69 378
69 424
69 425
69 458
69 460
69 473
69 495
69 360
69 397
70 83
70 89
70 93
70 96
70 106
70 107
70 112
70 128
70 131
70 133
70 145
70 149
70 155
70 163
70 169
70 171
70 188
70 207
70 213
70 221
70 232
70 241
70 245
70 290
70 300
70 318
70 343
70 344
70 352
70 359
70 360
70 387
70 394
70 404
70 406
70 467
70 492
70 217
71 73
71 75
71 81
71 82
71 83
71 85
71 93
71 98
71 99
71 100
71 107
71 110
71 112
71 125
71 128
71 129
71 135
71 140
71 145
71 153
71 184
71 185
71 189
71 190
71 200
71 201
71 203
71 210
71 213
71 226
71 231
71 232
71 238
71 241
71 242
71 243
71 246
71 250
71 261
71 262
71 269
71 274
71 292
71 341
71 366
71 407
71 416
71 431
71 432
71 439
71 441
72 82
72 86
72 89
72 91
72 99
72 104
72 106
72 109
72 121
72 129
72 132
72 133
72 137
72 140
72 146
72 154
72 158
72 165
72 168
72 187
72 197
72 200
72 203
72 206
72 209
72 232
72 234
72 250
72 254
72 255
72 264
72 283
72 286
72 300
72 304
72 312
72 315
72 367
72 389
72 397
72 474
73 75
73 76
73 77
73 78
73 83
73 89
73 91
73 92
73 95
73 97
73 114
73 116
73 128
73 131
73 137
73 140
73 148
73 151
73 152
73 156
73 160
73 164
73 166
73 170
73 172
73 175
73 176
73 179
73 183
73 186
73 192
73 194
73 206
73 207
73 209
73 219
73 220
73 224
73 227
73 228
73 229
73 230
73 239
73 245
73 254
73 266
73 267
73 270
73 272
73 280
73 315
73 317
73 321
73 328
73 329
73 331
73 336
73 338
73 359
73 367
73 375
73 380
73 393
73 403
73 431
73 432
73 433
73 451
73 456
73 472
73 486
73 495
73 469
74 76
74 78
74 81
74 100
74 102
74 116
74 118
74 121
74 123
74 126
74 130
74 140
74 144
74 145
74 154
74 155
74 170
74 178
74 194
74 196
74 201
74 206
74 218
74 231
74 233
74 237
74 241
74 275
74 280
74 283
74 284
74 288
74 294
74 295
74 302
74 307
74 325
74 344
74 346
74 359
74 381
74 391
74 397
74 411
74 416
74 422
74 432
74 459
74 463
74 475
74 479
74 132
74 139
74 259
74 353
75 78
75 79
75 80
75 82
75 90
75 92
75 94
75 97
75 98
75 99
75 102
75 111
75 116
75 119
75 122
75 125
75 129
75 133
75 143
75 172
75 181
75 192
75 207
75 209
75 212
75 218
75 222
75 225
75 262
75 263
75 264
75 268
75 273
75 300
75 307
75 311
75 329
75 341
75 347
75 361
75 364
75 381
75 383
75 385
75 387
75 402
75 404
75 422
75 432
75 462
75 474
75 478
75 483
75 494
76 77
76 80
76 86
76 90
76 92
76 96
76 101
76 111
76 113
76 116
76 124
76 125
76 126
76 127
76 130
76 140
76 142
76 143
76 148
76 152
76 153
76 154
76 160
76 177
76 184
76 193
76 203
76 205
76 210
76 211
76 219
76 227
76 231
76 233
76 239
76 244
76 245
76 250
76 257
76 259
76 272
76 274
76 275
76 294
76 302
76 312
76 323
76 324
76 327
76 330
76 353
76 356
76 364
76 372
76 373
76 393
76 395
76 403
76 405
76 423
76 432
76 448
76 450
76 486
77 78
77 80
77 81
77 84
77 85
77 88
77 90
77 98
77 99
77 101
77 112
77 119
77 121
77 122
77 123
77 126
77 131
77 150
77 156
77 159
77 165
77 167
77 173
77 174
77 196
77 200
77 206
77 219
77 235
77 241
77 256
77 257
77 276
77 288
77 293
77 302
77 313
77 328
77 346
77 354
77 374
77 377
77 385
77 388
77 399
77 400
77 404
77 405
77 414
77 423
77 429
77 438
77 456
77 466
77 469
77 472
77 481
77 424
77 462
78 80
78 82
78 83
78 89
78 105
78 108
78 109
78 122
78 129
78 132
78 137
78 140
78 149
78 152
78 157
78 159
78 161
78 167
78 171
78 178
78 180
78 187
78 190
78 191
78 195
78 202
78 203
78 210
78 213
78 236
78 244
78 246
78 256
78 258
78 260
78 262
78 265
78 273
78 277
78 286
78 289
78 296
78 302
78 304
78 310
78 313
78 329
78 336
78 342
78 343
78 344
78 360
78 364
78 372
78 383
78 392
78 401
78 404
78 406
78 409
78 410
78 418
78 420
78 427
78 437
78 442
78 443
78 446
78 455
78 456
78 467
78 472
78 474
78 127
79 82
79 85
79 88
79 90
79 93
79 94
79 96
79 101
79 103
79 104
79 114
79 123
79 162
79 165
79 177
79 183
79 186
79 188
79 224
79 232
79 267
79 270
79 303
79 307
79 314
79 323
79 326
79 330
79 337
79 370
79 389
79 394
79 399
79 417
79 439
79 441
79 455
79 456
79 461
79 470
79 476
79 483
79 485
79 488
79 149
79 317
79 338
80 81
80 93
80 105
80 107
80 119
80 139
80 140
80 145
80 146
80 150
80 167
80 201
80 218
80 220
80 231
80 235
80 245
80 249
80 255
80 258
80 260
80 275
80 280
80 282
80 303
80 305
80 306
80 326
80 355
80 359
80 369
80 371
80 373
80 374
80 376
80 388
80 398
80 459
80 477
80 486
80 489
80 384
81 87
81 92
81 94
81 102
81 123
81 125
81 126
81 132
81 154
81 157
81 163
81 165
81 166
81 185
81 195
81 198
81 218
81 222
81 246
81 256
81 259
81 262
81 284
81 285
81 311
81 312
81 319
81 331
81 360
81 374
81 388
81 402
81 409
81 413
81 451
81 460
81 479
81 490
81 497
81 499
81 144
82 84
82 85
82 94
82 100
82 105
82 110
82 125
82 147
82 149
82 155
82 170
82 175
82 188
82 190
82 195
82 198
82 201
82 203
82 220
82 221
82 228
82 230
82 238
82 247
82 254
82 255
82 258
82 279
82 291
82 299
82 310
82 311
82 312
82 320
82 321
82 334
82 335
82 338
82 357
82 364
82 369
82 388
82 397
82 409
82 421
82 432
82 437
82 463
82 469
82 322
82 153
82 330
83 87
83 101
83 104
83 122
83 134
83 139
83 147
83 150
83 151
83 177
83 180
83 186
83 187
83 200
83 207
83 209
83 226
83 253
83 257
83 265
83 272
83 280
83 285
83 286
83 295
83 324
83 333
83 340
83 350
83 353
83 372
83 379
83 390
83 401
83 417
83 433
83 453
83 485
83 488
84 90
84 93
84 94
84 96
84 103
84 110
84 114
84 120
84 134
84 139
84 172
84 176
84 187
84 194
84 199
84 213
84 232
84 236
84 294
84 324
84 328
84 339
84 346
84 349
84 363
84 367
84 370
84 390
84 392
84 438
84 443
84 454
84 477
84 470
85 89
85 91
85 108
85 116
85 118
85 129
85 130
85 141
85 142
85 143
85 145
85 155
85 157
85 159
85 161
85 164
85 165
85 171
85 175
85 185
85 189
85 194
85 197
85 204
85 211
85 215
85 217
85 226
85 242
85 244
85 248
85 251
85 253
85 255
85 259
85 261
85 263
85 265
85 278
85 286
85 313
85 319
85 330
85 345
85 351
85 362
85 364
85 381
85 386
85 405
85 407
85 421
85 423
85 428
85 433
85 446
85 449
85 475
85 489
85 432
86 90
86 92
86 95
86 105
86 109
86 143
86 149
86 167
86 168
86 169
86 175
86 178
86 181
86 201
86 224
86 277
86 282
86 290
86 296
86 317
86 339
86 377
86 379
86 397
86 403
86 430
86 440
86 450
86 477
86 223
86 113
87 89
87 99
87 106
87 109
87 111
87 113
87 114
87 117
87 121
87 123
87 137
87 146
87 154
87 168
87 181
87 190
87 193
87 212
87 222
87 227
87 228
87 240
87 244
87 245
87 258
87 303
87 317
87 321
87 358
87 367
87 369
87 374
87 376
87 392
87 415
87 422
87 448
87 481
87 492
88 89
88 96
88 97
88 100
88 104
88 105
88 110
88 115
88 120
88 121
88 124
88 125
88 129
88 130
88 141
88 143
88 163
88 199
88 202
88 204
88 210
88 212
88 217
88 218
88 239
88 243
88 254
88 264
88 275
88 300
88 301
88 302
88 319
88 326
88 343
88 351
88 365
88 378
88 379
88 384
88 394
88 407
88 420
88 424
88 458
88 472
88 484
88 496
88 497
88 490
89 106
89 109
89 121
89 135
89 144
89 157
89 161
89 166
89 173
89 193
89 198
89 209
89 216
89 224
89 250
89 254
89 267
89 270
89 279
89 285
89 288
89 292
89 295
89 301
89 306
89 322
89 323
89 330
89 360
89 365
89 388
89 394
89 399
89 412
89 413
89 433
89 441
89 442
89 445
89 449
89 462
89 468
89 469
89 480
89 492
90 92
90 107
90 128
90 139
90 144
90 153
90 160
90 185
90 188
90 195
90 200
90 202
90 238
90 252
90 259
90 286
90 302
90 333
90 354
90 406
90 416
90 446
90 468
90 474
90 485
90 489
90 497
91 100
91 103
91 109
91 110
91 111
91 113
91 115
91 116
91 117
91 119
91 127
91 128
91 139
91 144
91 163
91 175
91 188
91 194
91 196
91 197
91 200
91 205
91 219
91 232
91 239
91 265
91 268
91 271
91 275
91 277
91 284
91 288
91 289
91 297
91 301
91 302
91 306
91 320
91 324
91 332
91 338
91 342
91 349
91 369
91 372
91 373
91 376
91 378
91 380
91 382
91 387
91 390
91 417
91 420
91 447
91 464
91 482
91 488
91 494
91 327
92 93
92 97
92 108
92 112
92 113
92 119
92 121
92 134
92 139
92 140
92 142
92 176
92 179
92 184
92 187
92 189
92 190
92 196
92 204
92 215
92 235
92 238
92 244
92 276
92 284
92 307
92 342
92 344
92 352
92 409
92 456
92 466
92 467
92 478
92 496
93 97
93 99
93 100
93 119
93 122
93 149
93 154
93 164
93 167
93 168
93 188
93 202
93 211
93 226
93 243
93 246
93 268
93 273
93 351
93 367
93 371
93 376
93 386
93 394
93 443
93 467
93 491
94 97
94 101
94 119
94 123
94 124
94 125
94 127
94 130
94 152
94 160
94 170
94 172
94 177
94 193
94 194
94 200
94 210
94 219
94 227
94 230
94 249
94 257
94 268
94 270
94 275
94 318
94 329
94 331
94 358
94 394
94 398
94 425
94 430
94 443
94 446
94 473
94 484
94 218
95 100
95 101
95 108
95 122
95 124
95 135
95 139
95 157
95 158
95 162
95 168
95 169
95 185
95 219
95 227
95 256
95 259
95 278
95 324
95 326
95 345
95 354
95 366
95 386
95 400
95 431
95 459
95 473
95 482
95 435
96 101
96 105
96 107
96 111
96 113
96 130
96 133
96 136
96 145
96 148
96 149
96 162
96 192
96 195
96 206
96 297
96 317
96 327
96 346
96 352
96 372
96 393
96 421
96 422
96 438
96 482
96 375
97 99
97 109
97 111
97 112
97 114
97 118
97 120
97 126
97 132
97 135
97 138
97 142
97 159
97 174
97 177
97 190
97 199
97 217
97 220
97 222
97 227
97 235
97 270
97 306
97 308
97 318
97 320
97 328
97 336
97 349
97 371
97 375
97 387
97 396
97 432
97 437
97 465
98 101
98 103
98 116
98 117
98 119
98 128
98 141
98 159
98 182
98 188
98 193
98 229
98 231
98 235
98 248
98 258
98 272
98 273
98 274
98 294
98 302
98 304
98 311
98 319
98 337
98 341
98 360
98 361
98 404
98 406
98 416
98 418
98 439
98 444
98 451
98 463
98 470
98 156
99 104
99 113
99 132
99 137
99 138
99 143
99 147
99 154
99 164
99 165
99 167
99 176
99 178
99 180
99 188
99 194
99 196
99 203
99 205
99 207
99 216
99 236
99 238
99 251
99 267
99 284
99 297
99 308
99 316
99 322
99 326
99 340
99 358
99 375
99 377
99 388
99 398
99 428
99 437
99 442
99 475
99 486
99 493
99 496
99 117
99 258
100 124
100 126
100 127
100 130
100 132
100 143
100 148
100 173
100 178
100 194
100 236
100 240
100 242
100 259
100 266
100 273
100 284
100 294
100 299
100 305
100 311
100 351
100 361
100 441
100 493
100 310
101 104
101 116
101 117
101 120
101 121
101 141
101 154
101 161
101 162
101 169
101 175
101 180
101 182
101 185
101 196
101 211
101 233
101 235
101 253
101 273
101 281
101 291
101 296
101 304
101 306
101 307
101 329
101 336
101 354
101 368
101 393
101 394
101 405
101 410
101 429
101 430
101 494
101 346
101 284
102 103
102 104
102 105
102 106
102 114
102 123
102 128
102 131
102 135
102 145
102 146
102 147
102 148
102 150
102 164
102 169
102 177
102 179
102 197
102 219
102 221
102 229
102 230
102 240
102 242
102 249
102 252
102 262
102 263
102 265
102 266
102 277
102 282
102 289
102 293
102 299
102 302
102 316
102 321
102 327
102 331
102 339
102 358
102 363
102 372
102 375
102 380
102 391
102 401
102 406
102 410
102 433
102 442
102 451
102 463
102 466
102 474
102 482
102 484
102 497
102 133
103 114
103 124
103 136
103 138
103 144
103 150
103 156
103 174
103 184
103 186
103 208
103 220
103 228
103 238
103 244
103 246
103 250
103 283
103 290
103 292
103 306
103 309
103 319
103 338
103 344
103 361
103 369
103 374
103 391
103 393
103 420
103 423
103 426
103 433
103 435
103 477
104 115
104 149
104 152
104 177
104 179
104 180
104 183
104 185
104 186
104 193
104 202
104 230
104 241
104 272
104 291
104 294
104 299
104 338
104 351
104 353
104 355
104 371
104 373
104 376
104 379
104 399
104 408
104 414
104 417
104 423
104 446
104 452
104 463
104 476
104 494
105 108
105 110
105 111
105 115
105 132
105 142
105 149
105 156
105 157
105 162
105 166
105 170
105 173
105 180
105 183
105 186
105 191
105 205
105 220
105 224
105 231
105 239
105 257
105 268
105 275
105 291
105 314
105 317
105 327
105 331
105 353
105 359
105 362
105 368
105 374
105 384
105 402
105 431
105 444
105 451
105 460
105 468
105 470
105 280
105 481
106 111
106 123
106 137
106 139
106 144
106 147
106 163
106 170
106 173
106 176
106 185
106 191
106 192
106 195
106 198
106 199
106 205
106 217
106 219
106 236
106 241
106 259
106 267
106 276
106 280
106 284
106 286
106 308
106 339
106 354
106 398
106 464
106 482
106 306
106 342
107 109
107 112
107 113
107 124
107 127
107 142
107 147
107 171
107 178
107 191
107 209
107 211
107 215
107 227
107 271
107 273
107 277
107 280
107 285
107 328
107 342
107 404
107 424
107 455
107 461
107 464
107 472
107 475
107 479
108 125
108 131
108 133
108 151
108 162
108 171
108 176
108 178
108 180
108 181
108 189
108 193
108 196
108 223
108 240
108 250
108 255
108 265
108 277
108 280
108 289
108 313
108 319
108 320
108 325
108 327
108 346
108 355
108 369
108 386
108 388
108 391
108 421
108 428
108 435
108 444
108 467
108 480
108 493
109 111
109 112
109 118
109 132
109 137
109 152
109 154
109 156
109 187
109 205
109 231
109 243
109 254
109 276
109 310
109 339
109 358
109 361
109 376
109 388
109 406
109 434
109 440
109 470
109 472
109 483
109 485
109 491
109 492
109 496
110 118
110 126
110 130
110 140
110 141
110 152
110 161
110 168
110 180
110 183
110 213
110 241
110 264
110 303
110 331
110 370
110 384
110 403
110 423
110 425
110 431
110 442
110 458
111 118
111 131
111 137
111 144
111 146
111 152
111 163
111 165
111 167
111 174
111 176
111 179
111 183
111 184
111 189
111 252
111 256
111 268
111 290
111 308
111 319
111 324
111 337
111 349
111 386
111 411
111 422
111 428
111 448
111 457
111 465
111 487
111 498
112 126
112 127
112 131
112 157
112 158
112 167
112 169
112 172
112 174
112 209
112 222
112 249
112 253
112 254
112 255
112 259
112 288
112 322
112 323
112 368
112 387
112 399
112 404
112 409
112 480
112 483
113 122
113 125
113 127
113 135
113 137
113 139
113 160
113 165
113 172
113 199
113 208
113 214
113 228
113 232
113 242
113 254
113 280
113 316
113 336
113 337
113 344
113 355
113 381
113 386
113 407
113 418
113 431
113 492
114 115
114 117
114 120
114 121
114 144
114 147
114 153
114 160
114 161
114 162
114 163
114 165
114 176
114 183
114 185
114 206
114 215
114 216
114 217
114 220
114 244
114 248
114 252
114 259
114 283
114 287
114 316
114 352
114 356
114 365
114 370
114 380
114 407
114 411
114 430
114 459
114 460
114 467
114 482
115 117
115 142
115 163
115 164
115 167
115 172
115 182
115 202
115 205
115 206
115 211
115 213
115 217
115 232
115 236
115 238
115 247
115 261
115 262
115 263
115 266
115 271
115 274
115 297
115 300
115 311
115 316
115 352
115 381
115 395
115 399
115 402
115 415
115 416
115 422
115 431
115 454
115 471
115 476
115 413
116 122
116 139
116 151
116 155
116 156
116 161
116 167
116 184
116 195
116 209
116 213
116 218
116 222
116 261
116 272
116 284
116 291
116 294
116 308
116 323
116 325
116 332
116 334
116 344
116 345
116 352
116 365
116 408
116 416
116 417
116 450
116 452
116 465
116 492
116 495
117 147
117 169
117 180
117 188
117 196
117 198
117 261
117 296
117 301
117 328
117 350
117 371
117 375
117 407
117 416
117 422
117 442
117 451
117 482
117 489
117 490
118 124
118 136
118 147
118 153
118 156
118 166
118 182
118 246
118 248
118 254
118 265
118 267
118 286
118 296
118 306
118 308
118 314
118 395
118 449
118 479
118 489
119 132
119 146
119 154
119 170
119 202
119 214
119 228
119 241
119 246
119 256
119 288
119 304
119 310
119 357
119 358
119 366
119 368
119 440
119 457
119 495
119 290
120 122
120 137
120 138
120 141
120 146
120 162
120 173
120 196
120 208
120 211
120 217
120 223
120 234
120 309
120 318
120 321
120 334
120 353
120 367
120 372
120 374
120 397
120 411
120 417
120 439
120 441
120 459
120 495
120 336
121 122
121 129
121 138
121 154
121 164
121 176
121 213
121 216
121 222
121 224
121 229
121 231
121 235
121 247
121 282
121 297
121 316
121 356
121 371
121 382
121 397
121 486
122 134
122 143
122 160
122 162
122 193
122 204
122 214
122 216
122 230
122 233
122 238
122 267
122 269
122 274
122 278
122 288
122 309
122 349
122 361
122 383
122 394
122 415
122 428
122 473
122 483
122 487
123 147
123 169
123 170
123 183
123 204
123 210
123 225
123 233
123 263
123 270
123 308
123 323
123 336
123 358
123 365
123 410
123 442
123 443
123 458
123 492
124 132
124 135
124 147
124 156
124 166
124 169
124 173
124 176
124 179
124 182
124 192
124 203
124 208
124 215
124 290
124 321
124 324
124 358
124 361
124 367
124 371
124 372
124 426
124 430
124 478
125 141
125 151
125 165
125 173
125 178
125 180
125 184
125 198
125 241
125 253
125 257
125 264
125 305
125 316
125 322
125 328
125 329
125 336
125 345
125 364
125 381
125 463
125 471
125 484
125 486
125 491
125 339
126 135
126 152
126 197
126 214
126 230
126 232
126 252
126 279
126 289
126 291
126 320
126 326
126 385
126 409
126 437
126 445
126 466
126 481
126 425
127 128
127 131
127 146
127 157
127 163
127 164
127 166
127 170
127 180
127 194
127 196
127 199
127 206
127 215
127 218
127 228
127 245
127 248
127 265
127 274
127 284
127 289
127 315
127 320
127 327
127 333
127 357
127 390
127 419
127 443
127 471
127 484
127 488
127 328
127 394
128 134
128 136
128 141
128 143
128 162
128 164
128 167
128 221
128 229
128 243
128 249
128 262
128 264
128 273
128 292
128 303
128 320
128 341
128 348
128 352
128 353
128 357
128 359
128 365
128 387
128 417
128 431
128 443
128 489
129 141
129 165
129 175
129 177
129 192
129 194
129 202
129 262
129 282
129 309
129 324
129 328
129 346
129 387
129 405
129 462
129 483
130 131
130 138
130 139
130 148
130 154
130 179
130 183
130 187
130 192
130 199
130 223
130 225
130 255
130 269
130 274
130 281
130 291
130 372
130 383
130 394
130 397
130 402
130 463
130 469
130 483
131 134
131 146
131 153
131 171
131 196
131 200
131 203
131 214
131 215
131 223
131 233
131 291
131 349
131 373
131 378
131 395
131 410
131 464
131 477
131 480
131 489
131 491
131 234
132 148
132 151
132 166
132 181
132 185
132 210
132 215
132 220
132 222
132 234
132 279
132 288
132 316
132 321
132 335
132 351
132 379
132 401
132 408
132 315
133 138
133 144
133 153
133 159
133 175
133 194
133 210
133 230
133 238
133 253
133 397
133 498
133 178
134 141
134 149
134 161
134 175
134 229
134 233
134 234
134 238
134 256
134 260
134 263
134 269
134 295
134 310
134 317
134 342
134 348
134 352
134 356
134 382
134 387
134 394
134 407
134 418
134 419
134 428
134 432
134 454
134 455
134 462
134 466
134 474
134 486
135 136
135 158
135 161
135 181
135 190
135 206
135 214
135 223
135 230
135 244
135 276
135 286
135 306
135 331
135 344
135 345
135 361
135 362
135 378
135 391
135 396
135 412
135 417
135 419
135 427
135 436
135 456
135 466
135 160
135 243
136 150
136 175
136 177
136 201
136 247
136 269
136 273
136 332
136 350
136 354
136 368
136 383
136 413
136 463
137 149
137 155
137 158
137 161
137 185
137 199
137 237
137 286
137 360
137 426
137 445
137 446
138 147
138 161
138 163
138 167
138 168
138 193
138 194
138 197
138 199
138 221
138 225
138 249
138 255
138 256
138 292
138 315
138 326
138 327
138 331
138 375
138 407
138 413
138 421
138 425
138 447
138 449
139 144
139 146
139 153
139 208
139 222
139 229
139 244
139 248
139 249
139 270
139 275
139 278
139 280
139 281
139 286
139 297
139 298
139 304
139 313
139 323
139 328
139 333
139 351
139 357
139 372
139 412
139 421
139 446
139 467
139 482
139 493
140 144
140 164
140 186
140 195
140 207
140 230
140 234
140 246
140 259
140 267
140 273
140 280
140 281
140 315
140 354
140 363
140 375
140 401
140 403
140 411
140 478
140 294
141 152
141 156
141 157
141 161
141 174
141 179
141 187
141 191
141 197
141 209
141 211
141 235
141 242
141 247
141 275
141 287
141 293
141 298
141 338
141 367
141 384
141 392
141 414
141 429
141 449
141 484
141 488
141 495
142 144
142 151
142 153
142 158
142 176
142 178
142 204
142 205
142 216
142 222
142 247
142 249
142 264
142 270
142 285
142 307
142 335
142 337
142 341
142 351
142 389
142 405
142 429
142 433
142 444
142 449
142 240
142 340
143 166
143 168
143 193
143 202
143 219
143 224
143 230
143 278
143 292
143 301
143 309
143 310
143 312
143 316
143 346
143 352
143 353
143 435
143 452
143 460
143 477
143 226
144 148
144 149
144 179
144 187
144 189
144 199
144 206
144 207
144 208
144 212
144 228
144 251
144 259
144 262
144 298
144 300
144 314
144 326
144 331
144 342
144 355
144 366
144 369
144 389
144 437
144 499
145 158
145 166
145 177
145 183
145 190
145 198
145 208
145 227
145 236
145 266
145 276
145 295
145 324
145 326
145 330
145 345
145 366
145 404
145 407
145 433
145 445
146 179
146 181
146 198
146 205
146 212
146 220
146 224
146 226
146 233
146 253
146 270
146 272
146 273
146 313
146 330
146 363
146 409
146 424
146 425
146 427
146 431
146 447
146 448
146 460
146 336
147 158
147 160
147 199
147 201
147 217
147 236
147 255
147 256
147 273
147 307
147 310
147 410
147 439
147 445
147 453
147 457
147 467
148 165
148 169
148 170
148 180
148 183
148 195
148 198
148 201
148 204
148 208
148 217
148 218
148 223
148 225
148 230
148 250
148 268
148 280
148 310
148 317
148 321
148 344
148 353
148 355
148 372
148 377
148 395
148 398
148 454
148 477
148 489
149 155
149 156
149 157
149 168
149 175
149 181
149 221
149 235
149 279
149 287
149 317
149 363
149 386
149 402
149 419
149 423
149 456
149 471
149 248
149 382
150 157
150 187
150 237
150 238
150 245
150 248
150 275
150 299
150 305
150 308
150 311
150 316
150 319
150 329
150 344
150 368
150 419
150 429
150 431
150 486
151 155
151 156
151 165
151 169
151 191
151 206
151 217
151 219
151 229
151 251
151 255
151 285
151 302
151 347
151 357
151 365
151 388
151 461
151 479
152 155
152 188
152 191
152 196
152 206
152 209
152 218
152 225
152 238
152 256
152 262
152 269
152 279
152 298
152 327
152 341
152 352
152 356
152 364
152 371
152 375
152 379
152 407
152 412
152 417
152 418
152 437
152 451
152 469
152 474
152 491
153 161
153 169
153 172
153 174
153 204
153 222
153 223
153 276
153 281
153 299
153 323
153 330
153 335
153 345
153 395
153 428
153 443
153 447
153 456
153 461
153 232
153 486
154 158
154 198
154 203
154 213
154 254
154 265
154 271
154 314
154 357
154 373
154 389
154 432
154 465
154 497
155 164
155 166
155 221
155 228
155 246
155 251
155 264
155 285
155 298
155 299
155 300
155 309
155 326
155 369
155 381
155 383
155 436
155 462
155 465
156 158
156 168
156 188
156 204
156 228
156 230
156 234
156 241
156 245
156 253
156 265
156 274
156 297
156 306
156 357
156 375
156 387
156 404
156 412
156 414
156 423
156 425
156 429
156 434
156 453
156 492
156 493
157 161
157 162
157 164
157 186
157 189
157 208
157 213
157 215
157 216
157 247
157 256
157 286
157 287
157 298
157 323
157 325
157 335
157 343
157 380
157 410
157 445
158 199
158 208
158 219
158 222
158 227
158 252
158 316
158 329
158 339
158 340
158 357
158 375
158 392
158 415
158 433
158 445
158 450
158 456
158 459
158 469
158 489
158 498
159 163
159 178
159 182
159 190
159 200
159 209
159 233
159 240
159 258
159 260
159 261
159 276
159 288
159 289
159 303
159 312
159 326
159 336
159 358
159 363
159 381
159 387
159 487
159 428
159 272
159 435
160 165
160 182
160 202
160 203
160 204
160 212
160 213
160 221
160 232
160 233
160 234
160 237
160 258
160 272
160 280
160 305
160 308
160 312
160 365
160 411
160 418
160 444
160 463
160 476
160 496
161 170
161 173
161 174
161 176
161 179
161 191
161 201
161 221
161 225
161 237
161 296
161 330
161 332
161 350
161 360
161 381
161 390
161 398
161 401
161 403
161 428
161 439
161 449
161 474
161 495
161 310
162 165
162 172
162 191
162 197
162 213
162 218
162 224
162 249
162 371
162 432
162 461
162 486
162 498
162 201
163 167
163 168
163 186
163 189
163 202
163 244
163 250
163 256
163 265
163 270
163 283
163 319
163 359
163 365
163 379
163 419
163 421
163 427
163 438
163 445
163 471
163 474
164 220
164 225
164 226
164 227
164 242
164 257
164 260
164 263
164 279
164 289
164 308
164 311
164 350
164 351
164 356
164 358
164 359
164 371
164 383
164 396
164 414
164 433
164 434
164 458
164 461
164 469
164 485
164 490
165 198
165 201
165 208
165 216
165 262
165 277
165 281
165 292
165 346
165 355
165 381
165 395
165 416
165 427
165 471
165 207
166 167
166 277
166 298
166 314
166 359
166 378
166 425
166 432
166 438
166 452
166 453
166 455
166 468
166 474
166 498
167 173
167 185
167 192
167 194
167 203
167 216
167 221
167 272
167 276
167 284
167 290
167 309
167 340
167 350
167 403
167 413
167 426
167 429
167 435
167 479
168 176
168 195
168 198
168 224
168 226
168 228
168 232
168 242
168 243
168 256
168 288
168 322
168 333
168 344
168 360
168 393
168 497
168 246
169 181
169 189
169 191
169 209
169 215
169 219
169 231
169 243
169 283
169 323
169 392
169 428
169 433
169 457
169 461
169 492
170 171
170 172
170 192
170 268
170 281
170 286
170 307
170 342
170 353
170 373
170 390
170 404
170 430
170 434
170 453
170 454
170 462
170 471
170 478
171 180
171 197
171 228
171 279
171 301
171 345
171 348
171 488
171 318
172 188
172 210
172 225
172 252
172 257
172 261
172 274
172 305
172 311
172 319
172 343
172 352
172 353
172 368
172 377
172 412
172 466
172 476
172 499
173 183
173 198
173 199
173 211
173 218
173 242
173 258
173 264
173 282
173 287
173 295
173 314
173 319
173 336
173 353
173 383
173 402
173 406
173 412
173 447
173 481
173 499
174 176
174 182
174 184
174 186
174 189
174 251
174 254
174 262
174 266
174 272
174 278
174 291
174 320
174 402
174 427
174 435
174 473
174 476
174 237
175 197
175 244
175 325
175 370
175 379
175 446
175 448
175 452
175 460
176 186
176 199
176 223
176 225
176 228
176 248
176 296
176 306
176 318
176 321
176 354
176 366
176 375
176 376
176 377
176 406
176 416
176 461
176 491
176 443
177 195
177 266
177 280
177 295
177 335
177 346
177 349
177 365
177 382
177 388
177 389
177 396
177 412
177 417
177 488
177 185
178 192
178 195
178 248
178 264
178 279
178 288
178 301
178 302
178 307
178 312
178 319
178 326
178 337
178 351
178 366
178 374
178 407
178 421
178 423
178 490
178 494
178 300
179 206
179 219
179 227
179 247
179 255
179 257
179 280
179 290
179 291
179 292
179 295
179 296
179 312
179 343
179 367
179 391
179 399
179 427
179 432
179 446
179 470
179 437
180 184
180 211
180 224
180 229
180 261
180 292
180 328
180 336
180 358
180 368
180 373
180 382
180 392
180 394
180 402
180 417
180 441
180 450
181 183
181 193
181 197
181 204
181 214
181 234
181 243
181 255
181 274
181 283
181 307
181 313
181 356
181 362
181 364
181 368
181 392
181 396
181 426
181 445
181 452
181 484
181 349
182 189
182 251
182 328
182 394
183 203
183 225
183 231
183 237
183 241
183 250
183 279
183 281
183 299
183 332
183 363
183 369
183 405
183 406
183 413
183 432
183 451
183 490
184 206
184 221
184 222
184 243
184 259
184 264
184 276
184 301
184 311
184 336
184 408
184 433
184 450
184 455
184 476
185 211
185 251
185 256
185 273
185 282
185 330
185 355
185 357
185 368
185 382
185 415
185 445
186 207
186 212
186 216
186 231
186 249
186 317
186 326
186 333
186 353
186 363
186 370
186 379
186 380
186 394
186 396
186 401
186 438
186 494
187 214
187 222
187 252
187 270
187 287
187 298
187 305
187 328
187 337
187 339
187 343
187 392
187 401
187 413
187 419
188 190
188 210
188 218
188 303
188 320
188 335
188 361
188 366
188 381
188 393
188 394
188 437
188 461
189 213
189 225
189 226
189 257
189 279
189 353
189 469
189 473
189 494
190 203
190 213
190 215
190 226
190 239
190 240
190 262
190 272
190 287
190 292
190 293
190 314
190 326
190 333
190 356
190 357
190 360
190 368
190 454
190 473
190 498
191 207
191 237
191 296
191 323
191 376
191 445
191 458
191 213
192 208
192 236
192 310
192 315
192 355
192 385
192 386
192 412
192 486
193 198
193 202
193 205
193 206
193 213
193 232
193 236
193 251
193 259
193 261
193 268
193 278
193 293
193 302
193 305
193 314
193 317
193 319
193 324
193 326
193 336
193 340
193 342
193 343
193 344
193 356
193 360
193 390
193 437
193 442
193 444
193 453
193 480
193 481
193 491
193 494
194 206
194 209
194 255
194 260
194 277
194 290
194 305
194 309
194 315
194 396
194 409
194 410
194 420
194 447
194 493
194 310
195 197
195 198
195 216
195 224
195 227
195 228
195 233
195 270
195 298
195 306
195 309
195 360
195 364
195 374
195 375
195 376
195 383
195 405
195 406
195 435
195 438
196 201
196 222
196 242
196 245
196 250
196 267
196 273
196 302
196 308
196 326
196 330
196 358
196 389
196 391
196 422
196 470
196 499
197 212
197 214
197 217
197 238
197 259
197 293
197 300
197 303
197 305
197 344
197 357
197 363
197 405
197 444
197 447
197 255
197 482
198 217
198 237
198 241
198 246
198 247
198 250
198 255
198 325
198 332
198 350
198 357
198 382
198 410
198 421
198 473
198 484
198 487
198 499
198 408
198 311
199 216
199 229
199 239
199 260
199 269
199 274
199 300
199 305
199 318
199 328
199 352
199 378
199 388
199 403
199 415
199 278
200 212
200 214
200 226
200 258
200 260
200 275
200 378
200 407
200 415
200 454
200 472
200 473
201 207
201 251
201 253
201 257
201 279
201 303
201 318
201 335
201 356
201 359
201 407
201 468
201 478
202 209
202 214
202 283
202 302
202 313
202 320
202 354
202 384
202 420
202 424
202 437
202 442
202 448
202 454
202 467
202 443
203 228
203 240
203 258
203 259
203 278
203 319
203 334
203 340
203 430
203 434
203 435
203 457
204 208
204 211
204 214
204 247
204 255
204 268
204 276
204 294
204 325
204 330
204 337
204 340
204 343
204 352
204 354
204 374
204 387
204 390
204 398
204 415
204 427
204 437
204 452
204 470
204 480
205 213
205 227
205 229
205 249
205 270
205 305
205 316
205 317
205 335
205 347
205 349
205 351
205 362
205 376
205 383
205 434
205 443
205 444
205 459
205 365
206 213
206 242
206 245
206 249
206 273
206 304
206 322
206 340
206 346
206 369
206 370
206 396
206 408
206 438
206 466
206 484
206 497
207 216
207 274
207 338
207 344
207 349
207 351
207 352
207 358
207 391
207 400
207 411
207 459
207 496
208 227
208 234
208 239
208 249
208 254
208 258
208 261
208 265
208 267
208 290
208 311
208 318
208 347
208 360
208 391
208 393
208 444
208 492
208 498
209 220
209 235
209 245
209 248
209 261
209 269
209 272
209 286
209 296
209 351
209 386
209 413
209 427
209 437
209 464
209 473
209 483
210 223
210 241
210 244
210 245
210 247
210 265
210 276
210 282
210 285
210 317
210 328
210 397
210 420
210 453
210 486
210 497
211 246
211 260
211 279
211 283
211 286
211 290
211 340
211 359
211 363
211 366
211 383
211 389
211 401
211 477
211 483
212 239
212 243
212 251
212 261
212 263
212 310
212 311
212 351
212 436
212 468
213 233
213 243
213 248
213 253
213 266
213 277
213 310
213 342
213 360
213 423
213 474
213 487
214 215
214 219
214 234
214 246
214 253
214 256
214 270
214 277
214 281
214 318
214 325
214 347
214 351
214 380
214 480
214 387
215 216
215 223
215 257
215 277
215 329
215 342
215 344
215 374
215 398
215 400
215 462
215 472
215 496
216 234
216 253
216 284
216 372
216 396
216 400
216 408
216 412
216 441
216 447
216 493
217 239
217 249
217 292
217 293
217 294
217 302
217 309
217 315
217 320
217 338
217 405
217 410
217 418
217 421
217 436
217 453
217 465
217 352
218 224
218 296
218 396
218 430
218 434
218 437
218 449
218 455
218 474
218 496
219 239
219 268
219 288
219 299
219 334
219 341
219 403
219 417
219 462
220 226
220 230
220 290
220 291
220 301
220 313
220 349
220 376
220 385
220 389
220 419
220 433
220 440
220 497
220 252
220 374
221 241
221 250
221 252
221 258
221 261
221 285
221 287
221 295
221 305
221 322
221 333
221 377
221 384
221 386
221 417
221 429
221 431
221 464
221 476
221 487
221 494
222 235
222 258
222 261
222 285
222 327
222 332
222 365
222 379
222 415
222 468
222 494
223 265
223 273
223 285
223 286
223 290
223 306
223 316
223 348
223 361
223 379
223 417
223 420
223 482
223 484
223 486
223 493
224 228
224 274
224 290
224 298
224 303
224 333
224 426
224 498
224 261
225 301
225 342
225 350
225 355
225 357
225 367
225 408
225 413
225 472
226 255
226 302
226 348
226 349
226 359
226 365
226 424
226 404
227 235
227 250
227 276
227 286
227 332
227 350
227 402
227 462
228 246
228 248
228 270
228 297
228 298
228 322
228 344
228 364
228 374
228 424
228 431
228 445
228 447
228 467
228 480
228 484
229 231
229 235
229 237
229 250
229 252
229 295
229 365
229 371
229 392
229 398
229 408
229 460
229 479
229 487
229 495
229 278
230 241
230 258
230 271
230 294
230 318
230 330
230 394
230 399
230 428
230 436
230 469
230 496
230 498
231 252
231 267
231 299
231 304
231 329
231 335
231 339
231 343
231 363
231 416
231 467
231 481
231 483
231 492
231 498
232 237
232 244
232 282
232 371
232 382
232 387
232 390
232 392
232 412
232 428
232 442
232 458
232 479
232 492
232 499
233 243
233 247
233 327
233 373
233 385
233 488
233 493
234 240
234 246
234 288
234 293
234 306
234 346
234 370
234 376
234 390
234 402
234 404
234 422
234 451
234 459
235 264
235 269
235 275
235 281
235 337
235 339
235 367
235 381
235 423
236 243
236 303
236 311
236 351
236 409
236 451
236 479
237 251
237 334
237 386
237 389
237 394
237 402
237 403
237 452
237 483
237 491
238 249
238 252
238 262
238 306
238 309
238 326
238 327
238 340
238 342
238 443
238 471
238 482
238 485
238 499
238 387
239 263
239 264
239 281
239 350
239 421
239 432
239 434
240 313
240 327
240 335
240 385
240 398
240 478
241 249
241 264
241 278
241 281
241 308
241 347
241 384
241 411
241 436
241 451
241 466
241 420
242 278
242 282
242 295
242 334
242 380
242 391
242 436
242 470
242 486
243 256
243 296
243 304
243 336
243 375
243 380
243 390
243 439
243 470
243 492
243 495
244 252
244 253
244 383
244 397
244 408
244 448
245 260
245 282
245 286
245 298
245 304
245 334
245 359
245 364
245 430
245 445
246 268
246 289
246 418
246 439
246 481
247 258
247 266
247 270
247 271
247 289
247 312
247 316
247 331
247 369
247 379
247 383
247 415
247 421
247 438
247 450
247 467
247 469
248 251
248 263
248 266
248 270
248 278
248 294
248 312
248 328
248 332
248 369
248 393
248 395
248 415
248 440
249 268
249 347
249 349
249 362
249 395
249 417
249 430
249 438
250 260
250 288
250 291
250 336
250 414
250 420
250 467
250 478
251 265
251 304
251 305
251 316
251 351
251 376
251 381
251 417
251 450
252 255
252 263
252 285
252 301
252 302
252 303
252 312
252 340
252 357
252 364
252 442
252 451
252 456
252 475
252 498
253 272
253 282
253 295
253 444
253 449
253 455
253 469
253 488
254 256
254 292
254 303
254 399
254 469
255 265
255 269
255 272
255 285
255 304
255 314
255 379
255 439
255 489
255 499
256 280
256 298
256 299
256 330
256 342
256 344
256 389
256 394
256 426
256 427
256 431
256 436
256 441
256 453
256 471
256 477
257 267
257 269
257 324
257 349
257 373
257 383
257 414
257 424
257 428
257 462
257 477
258 263
258 275
258 291
258 315
258 316
258 339
258 372
258 411
258 414
258 446
258 473
258 478
258 486
259 269
259 288
259 289
259 303
259 313
259 315
259 326
259 362
259 400
259 429
259 468
260 281
260 337
260 371
260 392
260 366
261 263
261 301
261 307
261 325
261 337
261 344
261 368
261 389
261 418
261 443
261 289
261 347
262 274
262 283
262 288
262 385
262 446
262 455
262 474
263 299
263 399
263 403
263 427
264 282
264 323
264 326
264 354
264 425
264 428
264 434
264 452
264 396
265 276
265 283
265 312
265 321
265 343
265 347
265 364
265 374
265 389
265 410
265 475
266 281
266 289
266 323
266 332
266 339
266 352
266 370
266 393
266 413
266 414
266 428
266 490
267 271
267 289
267 307
267 366
267 404
267 464
267 479
267 483
267 493
268 319
268 427
268 435
268 438
268 456
268 465
268 473
269 292
269 319
269 325
269 343
269 361
269 367
269 374
269 377
269 451
270 284
270 297
270 309
270 325
270 355
270 359
270 390
270 400
270 408
270 411
270 481
270 498
270 384
271 278
271 312
271 339
271 341
271 355
271 416
271 447
271 466
271 484
271 493
271 495
272 287
272 318
272 327
272 341
272 354
272 358
272 364
272 366
272 409
272 440
272 459
272 493
272 483
273 289
273 305
273 384
273 386
273 392
273 410
273 433
273 496
274 278
274 287
274 290
274 321
274 346
274 393
274 415
274 427
274 429
274 440
274 470
275 295
275 318
275 326
275 332
275 338
275 393
275 397
275 409
275 419
275 429
275 440
275 441
275 459
275 491
276 357
276 371
276 442
276 447
276 486
276 468
277 324
277 341
277 395
277 399
277 419
277 472
278 290
278 307
278 363
278 368
278 396
278 402
278 409
279 282
279 300
279 331
279 355
279 357
279 360
279 366
279 419
279 446
279 458
279 470
279 495
280 288
280 338
280 376
280 436
280 447
280 458
281 283
281 285
281 305
281 320
281 323
281 329
281 337
281 342
281 363
281 373
281 400
281 434
281 452
281 454
282 307
282 322
282 339
282 344
282 391
282 410
282 414
282 427
282 453
282 457
282 459
282 491
283 305
283 352
283 379
283 409
283 454
283 459
283 487
284 314
284 330
284 393
284 444
284 466
284 494
285 347
285 390
285 422
285 491
285 492
285 494
286 340
286 364
286 376
286 389
286 456
286 465
286 452
287 304
287 314
287 322
287 332
287 395
287 413
287 424
287 461
287 480
287 489
288 298
288 305
288 315
288 336
288 339
288 393
288 436
288 439
288 445
289 290
289 297
289 325
289 327
289 359
289 369
289 371
289 384
289 387
289 392
289 415
289 480
289 481
289 488
289 490
290 313
290 318
290 324
290 363
290 379
290 396
290 400
290 420
290 434
290 436
290 479
290 483
291 333
291 391
291 419
291 452
291 461
291 488
292 299
292 301
292 332
292 333
292 395
292 461
293 317
293 358
293 380
293 385
293 388
293 400
293 406
293 436
293 490
294 313
294 349
294 369
294 370
294 433
294 440
295 319
295 323
295 375
295 388
296 351
296 362
296 405
296 409
296 477
297 377
297 403
297 440
297 327
298 375
298 380
298 408
299 322
299 340
299 391
299 395
299 405
299 413
299 429
299 455
299 465
299 472
299 488
300 333
300 377
300 382
300 432
300 489
301 330
301 383
301 401
301 495
302 316
302 346
302 360
302 370
302 376
302 377
302 382
302 426
302 448
302 480
303 306
303 357
303 399
303 421
303 426
303 444
303 445
303 449
303 465
303 469
303 495
304 321
304 359
304 386
304 397
304 398
304 401
304 435
304 443
304 449
304 471
304 336
305 348
305 355
305 379
305 384
305 409
305 462
306 311
306 322
306 330
306 349
306 353
306 358
306 366
306 369
306 401
306 435
306 478
306 480
306 489
306 419
307 348
307 366
307 386
307 395
307 397
307 461
307 489
307 428
308 345
308 367
308 373
308 407
309 387
309 435
309 481
310 341
310 361
310 362
310 399
310 411
310 431
310 454
310 460
311 366
311 369
311 400
311 402
311 415
311 420
311 467
311 488
312 314
312 324
312 341
312 347
312 370
312 395
312 405
312 386
313 364
313 372
313 393
313 408
313 416
313 424
313 467
313 486
313 494
314 336
314 337
314 344
314 373
314 383
314 393
314 444
314 478
314 483
314 489
315 318
315 356
315 405
315 408
315 419
315 423
315 460
316 321
316 345
316 350
316 356
316 361
316 390
316 440
316 481
316 496
317 375
317 378
318 385
318 407
318 451
318 473
318 475
318 488
318 494
320 343
320 363
320 366
320 423
320 444
320 479
320 487
321 381
321 402
321 469
322 325
322 334
322 336
322 357
322 370
322 377
322 391
322 455
322 456
322 496
323 325
323 340
323 350
323 389
323 410
323 461
323 478
323 484
324 347
324 348
324 390
324 411
324 416
324 426
324 452
324 458
324 461
325 333
325 355
325 366
325 373
325 386
325 440
325 441
325 443
325 445
325 472
325 494
325 498
326 382
326 472
327 355
327 363
327 410
327 414
327 418
327 448
327 490
327 439
328 347
328 403
328 434
328 440
328 452
328 474
328 477
328 482
329 363
329 368
329 407
329 463
330 377
330 378
330 385
330 396
330 397
330 405
330 426
330 438
330 439
330 482
331 334
331 430
331 435
331 436
331 442
331 457
332 335
332 338
332 347
332 360
332 388
332 488
333 338
333 364
333 367
333 383
333 402
333 411
333 434
333 436
333 441
333 455
333 456
333 460
334 344
334 378
334 382
334 385
334 388
334 470
334 491
335 399
335 416
335 425
335 441
335 459
335 465
335 467
335 479
336 382
336 414
336 422
336 455
336 473
336 475
337 348
337 366
337 398
337 451
338 348
338 350
338 378
338 427
338 430
338 441
338 448
338 461
338 468
338 477
338 480
340 343
340 398
340 434
340 440
340 464
341 370
341 412
341 453
341 454
341 468
341 471
341 485
341 487
342 343
342 377
342 406
342 454
342 356
342 491
343 348
343 362
343 380
343 386
343 420
343 447
343 450
343 455
344 362
344 384
344 411
344 432
344 471
344 497
344 499
345 367
345 379
345 424
345 444
345 451
345 497
346 370
346 396
346 463
347 355
347 361
347 365
347 373
347 394
347 422
347 466
348 404
348 439
348 468
348 471
348 497
349 359
349 373
349 440
349 458
349 467
349 469
349 417
350 393
350 455
350 473
351 353
351 359
351 363
351 405
351 410
351 442
351 465
351 476
351 484
351 462
352 385
352 401
352 421
352 451
352 408
353 455
353 471
353 498
354 371
354 395
354 417
354 463
354 490
354 498
355 374
355 399
355 437
356 368
356 389
356 392
356 409
356 414
356 424
356 427
356 434
356 466
357 380
357 383
357 431
357 476
357 486
358 393
358 402
358 416
358 455
358 475
358 494
358 433
359 379
359 439
359 447
359 454
359 476
360 377
360 393
360 436
360 488
361 432
361 482
362 363
362 386
362 393
362 401
362 450
362 367
363 368
363 410
363 416
363 426
363 436
363 447
363 491
363 498
364 368
364 378
364 430
364 461
364 470
364 493
365 422
365 442
365 498
366 389
366 423
366 448
366 466
366 468
367 434
367 485
368 375
368 428
368 459
368 486
369 396
369 426
369 429
369 449
370 377
370 380
370 385
370 440
370 473
370 493
371 391
371 457
371 490
372 399
372 404
372 429
372 444
372 464
372 496
372 470
373 448
373 481
374 464
374 465
374 418
376 479
377 382
378 396
379 380
379 401
379 402
379 419
379 443
379 465
380 461
380 480
381 422
381 441
381 472
382 404
382 441
382 480
382 498
383 403
383 431
383 439
383 470
383 456
384 391
384 450
384 453
384 491
385 392
385 433
385 446
386 413
386 424
387 397
387 478
388 412
388 415
388 418
388 460
389 401
389 403
389 491
390 402
390 411
390 454
390 499
391 411
391 413
391 436
391 449
391 459
392 465
392 485
393 400
393 414
393 428
393 430
393 432
393 481
393 490
394 407
394 453
396 441
397 401
397 406
397 411
397 418
397 435
398 409
398 466
398 472
398 487
398 490
398 492
398 493
399 417
399 426
399 454
399 468
399 427
401 405
401 418
401 425
401 454
401 456
401 482
401 495
402 456
403 479
404 433
404 454
404 471
405 453
405 467
405 475
405 468
406 418
406 452
406 487
407 423
407 441
407 446
407 450
407 457
407 478
408 448
408 458
408 488
408 492
409 495
410 427
410 429
410 431
410 449
410 455
410 469
411 440
411 443
411 468
411 493
412 437
412 460
412 485
412 491
413 421
413 447
413 450
413 456
413 472
414 415
414 457
414 467
414 480
414 482
415 450
415 485
415 490
416 424
417 480
417 481
417 496
418 493
418 495
420 426
420 440
420 467
420 485
421 424
421 438
421 473
422 426
422 457
423 491
423 497
424 466
424 492
425 428
425 441
425 460
426 450
426 478
427 468
427 489
427 476
428 459
428 483
428 488
428 498
429 462
429 480
431 435
431 474
431 480
432 434
432 441
432 451
432 476
432 482
432 449
433 465
433 494
434 497
436 495
437 465
437 495
438 446
438 475
438 491
439 443
441 446
441 458
445 482
447 472
448 463
448 479
448 493
450 452
450 478
451 475
451 476
455 475
456 483
456 488
456 490
457 477
458 482
459 482
460 461
460 481
462 468
462 470
463 470
463 487
464 466
464 475
465 466
467 471
467 488
468 470
472 487
473 475
474 493
475 489
478 498
480 499
484 485
484 487
484 493
488 493