466111959
2
50
129
0 2
0 3
0 5
0 6
0 13
0 18
1 2
1 13
1 5
1 35
1 36
2 3
2 4
2 5
2 6
2 10
2 16
2 17
2 20
2 27
2 30
2 33
2 41
2 42
2 45
2 48
2 7
2 19
3 4
3 7
3 8
3 12
3 14
3 15
3 16
3 22
3 28
3 32
3 33
3 43
3 6
3 27
3 31
3 49
4 7
4 8
4 9
4 10
4 11
4 15
4 30
4 31
4 34
4 36
4 47
4 23
4 41
5 47
6 9
6 14
6 18
6 22
6 23
6 24
6 31
6 35
6 37
6 38
6 39
6 40
6 34
6 42
7 11
7 17
7 26
7 29
7 32
7 37
7 41
7 7
7 15
7 16
8 12
8 26
9 23
9 49
9 11
9 17
10 24
11 34
11 21
11 22
11 32
12 21
12 46
13 28
13 40
14 29
14 20
15 27
15 35
15 46
15 40
16 33
17 19
17 20
17 39
18 19
18 25
18 18
18 48
19 21
19 48
21 25
23 25
27 43
28 34
30 42
31 44
32 43
33 38
33 45
34 36
36 45
37 40
37 44
39 45
40 47
43 49