963952505
2
50
109
0 2
0 3
0 4
0 23
1 2
1 26
2 3
2 6
2 7
2 8
2 11
2 12
2 13
2 15
2 16
2 17
2 21
2 22
2 23
2 25
2 29
2 35
2 9
3 4
3 5
3 9
4 5
4 7
4 9
4 10
4 11
4 12
4 14
4 18
4 22
4 32
4 17
4 20
5 6
5 8
5 18
5 21
5 27
5 28
5 36
5 48
6 14
6 25
6 39
6 43
6 31
7 9
7 24
7 34
7 40
7 44
7 45
7 46
7 47
9 10
9 13
9 26
9 37
9 38
10 41
10 27
11 26
11 30
11 38
12 16
12 35
13 19
13 31
13 42
14 15
14 17
14 20
14 28
14 32
14 48
15 42
16 34
16 43
16 47
17 20
18 19
18 41
20 44
20 46
21 27
22 24
23 33
24 29
24 37
24 46
26 30
26 31
26 49
27 35
28 40
28 46
31 33
34 39
34 45
35 36
39 42
40 40
43 49
43 43