63089997
4
50
189
0 4
0 5
0 6
0 7
0 10
0 14
0 17
0 18
0 21
0 23
0 28
0 32
0 40
0 41
0 44
0 49
1 4
1 16
1 48
1 18
2 4
2 5
2 6
2 11
2 20
3 4
3 5
3 11
3 16
3 29
3 33
3 43
4 5
4 6
4 7
4 8
4 9
4 12
4 13
4 17
4 30
4 16
5 6
5 7
5 8
5 9
5 12
5 19
5 22
5 23
5 31
5 33
5 45
5 46
6 7
6 8
6 19
6 20
6 25
6 26
6 30
6 31
6 35
6 36
6 37
6 41
6 42
6 45
7 8
7 9
7 10
7 12
7 14
7 15
7 17
7 19
7 25
7 26
7 33
7 35
7 36
7 39
7 48
8 9
8 10
8 11
8 15
8 16
8 21
8 24
8 27
8 41
9 10
9 13
9 15
9 20
9 26
9 29
9 37
9 43
10 11
10 12
10 13
10 14
10 16
10 17
10 21
10 26
10 35
10 40
10 42
10 44
11 14
11 24
11 27
11 36
11 38
11 47
12 13
12 28
12 31
12 34
12 37
12 42
12 44
13 15
13 18
13 25
13 49
14 18
14 22
14 23
14 34
14 38
14 41
15 22
15 27
15 30
15 33
15 39
16 23
16 24
16 28
16 34
16 35
17 18
17 19
17 21
17 27
17 32
18 25
18 28
18 31
18 39
18 46
19 20
19 24
19 39
19 40
19 21
20 22
21 40
21 47
22 47
23 34
23 36
23 45
24 44
25 30
26 29
26 45
27 29
27 32
28 46
30 37
30 38
31 32
31 43
32 49
34 49
36 40
36 48
37 38
38 42
38 43
38 49
43 46
44 47
45 48