28481109
3
50
149
0 3
0 5
0 6
0 18
0 19
0 20
0 22
0 23
0 29
0 31
0 32
0 34
0 41
0 46
1 3
1 4
1 7
1 9
1 14
1 15
1 25
1 39
1 44
2 3
2 4
2 6
2 7
2 11
2 12
2 13
2 43
2 49
2 45
2 44
3 4
3 5
3 8
3 9
3 10
3 13
3 14
3 15
3 17
3 20
3 25
3 26
3 28
3 30
3 31
3 35
3 37
3 39
3 42
3 43
3 46
3 34
4 5
4 7
4 8
4 9
4 11
4 24
4 33
4 36
4 40
5 6
5 8
5 10
5 12
5 16
5 36
5 37
5 45
5 48
6 21
7 16
7 17
7 20
7 22
7 33
7 34
7 21
8 11
8 13
8 14
8 16
8 26
8 32
8 44
8 37
9 10
9 12
9 18
9 25
9 37
9 42
9 44
10 26
10 34
11 28
11 30
11 40
13 15
13 29
13 35
14 21
14 36
14 46
14 18
15 29
15 39
16 17
16 19
16 45
17 18
17 27
17 44
17 47
17 49
18 19
18 21
18 23
18 24
19 27
20 22
20 24
20 33
20 38
20 45
21 27
22 23
22 31
23 35
23 47
23 48
24 42
25 30
27 28
28 38
29 38
30 32
30 41
30 48
33 41
35 38
35 43
35 49
37 40
40 47