713953329
5
50
248
0 5
0 7
0 8
0 10
0 12
0 13
0 17
0 20
0 22
0 23
0 26
0 38
0 29
1 5
1 6
1 7
1 9
1 12
1 17
1 18
1 19
1 21
1 45
1 31
1 11
2 5
2 6
2 7
2 8
2 9
2 10
2 16
2 21
2 29
2 37
2 40
2 44
3 5
3 6
3 8
3 10
3 17
3 21
3 27
3 34
3 36
3 18
4 5
4 6
4 11
4 13
4 15
4 16
4 18
4 27
4 34
4 36
4 39
4 41
4 42
4 44
5 6
5 7
5 8
5 9
5 11
5 14
5 19
5 21
5 30
5 33
5 34
5 40
5 49
5 20
6 7
6 13
6 14
6 18
6 24
6 25
6 26
6 28
6 30
6 31
6 39
6 40
6 43
6 47
6 49
7 8
7 9
7 10
7 11
7 12
7 13
7 14
7 15
7 17
7 19
7 20
7 23
7 25
7 30
7 34
7 36
7 38
7 46
7 47
7 49
7 7
7 37
8 9
8 10
8 11
8 12
8 15
8 16
8 17
8 24
8 28
8 31
8 38
8 46
9 11
9 15
9 16
9 18
9 19
9 20
9 23
9 24
9 26
9 27
9 31
9 40
9 44
9 45
9 49
9 10
9 36
10 16
10 18
10 20
10 23
10 26
10 33
10 37
10 39
11 12
11 14
11 22
11 25
11 27
11 28
11 29
11 30
11 42
11 43
11 23
12 13
12 15
12 21
12 22
12 25
12 26
12 27
12 28
12 29
12 32
12 38
12 39
12 44
12 49
13 14
13 27
14 19
14 33
15 42
16 22
16 44
16 48
16 40
16 32
17 23
18 20
18 31
19 28
19 39
19 40
19 43
19 46
19 38
19 33
20 24
20 32
20 36
20 44
20 45
20 47
20 48
21 22
21 25
21 32
21 24
22 24
22 35
22 39
22 25
23 48
24 35
24 36
24 37
24 41
24 42
25 30
25 32
25 33
25 35
25 37
25 38
25 43
26 29
26 33
26 34
26 35
27 35
28 29
28 45
29 32
29 36
30 31
30 41
30 46
30 33
31 37
31 41
33 47
35 41
35 42
35 43
36 48
37 45
39 46
40 48
41 45
41 47
42 42