671762999
4
50
208
0 4
0 5
0 6
0 12
0 17
0 18
0 28
0 38
1 4
1 5
1 6
1 7
1 8
1 9
1 10
1 16
1 20
1 46
1 24
2 4
2 5
2 6
2 8
2 9
2 11
2 13
2 14
2 16
2 18
2 19
2 20
2 21
2 23
2 30
2 37
2 39
2 41
2 44
2 48
2 7
2 26
2 38
3 4
3 9
3 6
4 5
4 7
4 8
4 10
4 14
4 15
4 18
4 20
4 22
4 24
4 35
4 36
4 37
4 38
4 44
4 6
4 39
5 6
5 7
5 8
5 9
5 11
5 15
5 18
5 19
5 21
5 22
5 25
5 26
5 28
5 31
5 34
5 36
5 39
5 42
5 17
5 45
6 7
6 12
6 16
6 19
6 25
6 29
6 30
6 35
6 37
6 42
6 17
7 10
7 11
7 12
7 13
7 22
7 25
7 26
7 33
7 34
7 35
7 36
7 43
7 46
7 21
7 30
7 41
8 12
8 17
8 24
8 26
8 33
8 42
8 47
9 10
9 13
9 14
9 15
9 16
9 17
9 20
9 31
9 39
9 46
9 49
10 11
10 15
10 36
10 41
10 49
10 10
11 23
11 31
11 40
12 13
12 14
12 17
12 23
12 29
12 39
12 41
12 48
13 19
13 21
13 27
14 27
14 29
14 30
14 32
14 33
14 34
14 40
14 49
14 15
14 18
15 24
15 27
15 33
15 47
15 48
16 30
16 38
16 46
17 24
17 25
17 26
17 38
17 40
18 21
19 28
19 32
19 45
20 22
20 47
21 23
21 27
21 28
21 32
21 46
22 44
22 32
24 29
24 32
24 35
24 40
24 43
26 31
26 34
27 49
28 48
28 42
29 43
30 47
31 44
32 42
32 34
33 37
33 41
34 45
37 49
38 44
42 43
42 45
44 45
44 48
47 49