432927295
5
50
228
0 5
0 6
0 8
0 11
0 14
0 16
0 21
0 32
0 36
0 37
0 43
0 48
1 5
1 6
1 7
1 8
1 10
1 12
1 13
1 15
1 21
1 25
1 26
1 32
1 38
1 42
1 46
2 5
2 6
2 7
2 8
2 9
2 10
2 11
2 12
2 13
2 14
2 15
2 16
2 17
2 18
2 19
2 20
2 21
2 24
2 29
2 30
2 31
2 32
2 35
2 39
2 40
2 42
3 5
3 18
4 5
4 6
4 7
4 13
4 14
4 16
4 20
4 24
4 40
5 6
5 7
5 9
5 13
5 20
5 21
5 22
5 23
5 26
5 27
5 28
5 29
5 31
5 32
5 33
5 37
5 43
5 44
5 47
6 7
6 8
6 9
6 10
6 12
6 14
6 18
6 20
6 23
6 25
6 28
6 29
6 37
6 43
7 8
7 9
7 10
7 12
7 13
7 14
7 15
7 16
7 17
7 21
7 24
7 34
7 39
7 41
7 45
7 27
8 9
8 11
8 19
8 20
8 24
8 28
8 33
8 45
9 10
9 11
9 17
9 19
9 24
9 30
9 34
9 41
9 49
10 11
10 12
10 15
10 17
10 19
10 27
10 31
10 32
10 33
10 38
10 47
11 15
11 27
11 36
11 44
11 38
12 19
12 22
12 27
12 30
13 16
13 22
13 45
13 46
13 47
14 29
14 33
14 40
15 37
16 17
16 18
16 22
16 42
16 34
17 18
17 23
17 25
17 28
17 42
18 38
19 33
19 36
19 44
19 45
19 47
20 22
20 25
20 26
20 27
20 31
20 34
20 35
20 44
20 46
20 49
21 23
21 25
21 26
21 30
22 23
22 26
22 28
22 34
22 35
23 43
23 48
24 41
24 42
25 34
25 37
25 41
25 49
26 35
27 31
27 35
27 38
28 29
28 30
28 41
28 43
29 36
29 44
29 46
29 49
32 39
32 40
34 36
34 40
35 39
35 48
35 49
36 38
37 39
37 45
37 46
37 48
44 47
46 48