77473844
7
50
308
0 7
0 8
0 9
0 10
0 11
0 12
0 14
0 15
0 18
0 20
0 21
0 22
0 27
0 35
0 47
1 7
1 8
1 9
1 10
1 11
1 14
1 20
1 21
1 22
1 23
1 24
1 25
1 26
1 27
1 28
1 31
1 32
1 34
1 42
1 47
2 7
2 9
2 10
2 19
2 22
2 42
3 7
3 8
3 9
3 13
3 18
3 19
3 26
3 30
3 37
3 39
3 48
4 7
4 8
4 9
4 11
4 12
4 13
4 14
4 16
4 21
4 36
4 45
5 7
5 8
5 10
5 12
5 15
5 18
5 23
6 7
6 8
6 10
6 12
6 16
6 21
6 32
6 36
6 38
6 39
6 48
6 22
7 8
7 9
7 10
7 11
7 13
7 14
7 15
7 16
7 18
7 19
7 20
7 22
7 23
7 24
7 26
7 30
7 34
7 39
7 41
7 45
7 46
7 47
7 48
8 9
8 11
8 12
8 13
8 14
8 15
8 16
8 17
8 18
8 19
8 21
8 22
8 23
8 26
8 27
8 29
8 32
8 40
8 41
8 49
9 10
9 11
9 12
9 13
9 14
9 15
9 17
9 18
9 20
9 23
9 24
9 25
9 26
9 28
9 29
9 30
9 32
9 42
9 43
9 44
9 45
10 11
10 13
10 15
10 16
10 17
10 20
10 21
10 24
10 27
10 31
10 33
10 34
10 38
10 47
11 12
11 13
11 17
11 19
11 22
11 29
11 30
11 31
11 40
11 44
11 48
12 14
12 21
12 30
12 36
12 44
12 22
13 16
13 17
13 19
13 20
13 23
13 25
13 30
13 32
13 40
13 41
13 46
13 49
14 15
14 16
14 23
14 25
14 31
14 33
14 34
14 35
14 46
14 47
14 49
14 22
15 17
15 20
15 22
15 27
15 28
15 33
15 34
15 35
15 39
15 42
16 17
16 18
16 19
16 25
16 28
16 31
16 33
16 34
16 37
16 41
16 46
16 49
17 24
17 25
17 30
17 37
17 38
17 41
17 44
17 39
18 27
18 28
18 29
18 33
18 36
18 37
18 40
18 43
18 47
18 48
19 29
19 39
19 48
20 24
20 28
20 31
20 35
20 39
20 44
20 45
20 47
21 24
21 26
21 34
21 41
21 43
21 49
22 25
22 26
22 27
22 29
23 33
23 35
23 40
23 48
24 33
24 38
24 40
24 45
25 36
25 38
25 46
25 42
26 28
26 41
26 42
27 31
27 32
27 36
27 38
27 46
28 29
28 45
29 32
29 36
29 42
29 44
30 35
30 37
31 38
31 39
31 43
31 45
31 49
32 35
33 37
34 43
34 48
36 37
36 43
38 44
39 40
40 42
40 43
42 46
42 49
44 49