370606335
8
50
367
0 8
0 9
0 10
0 13
0 15
0 17
0 19
0 22
0 27
0 29
0 35
0 5
1 8
1 9
1 15
1 19
1 20
1 26
1 32
1 38
2 8
2 9
2 10
2 11
2 12
2 13
2 14
2 15
2 16
2 18
2 25
2 27
2 33
2 28
2 24
3 8
3 9
3 10
3 11
3 12
3 13
3 14
3 15
3 17
3 19
3 21
3 23
3 27
3 31
3 33
3 36
3 37
3 38
3 39
3 4
3 30
3 44
4 8
4 9
4 11
4 14
4 17
4 20
4 30
4 40
4 42
4 43
4 44
4 15
4 49
5 8
5 9
5 10
5 11
5 12
5 13
5 16
5 18
5 19
5 24
5 27
5 36
5 39
5 42
5 46
5 49
5 26
6 8
6 9
6 10
6 12
6 20
6 23
6 24
6 31
6 35
6 36
6 38
6 41
6 47
6 37
7 8
7 10
7 11
7 18
7 37
7 35
8 9
8 10
8 11
8 12
8 13
8 14
8 16
8 18
8 19
8 21
8 22
8 24
8 25
8 28
8 30
8 34
8 38
8 39
8 41
8 42
8 43
8 45
8 49
8 8
8 31
8 33
9 10
9 11
9 12
9 13
9 15
9 17
9 18
9 20
9 21
9 22
9 23
9 25
9 26
9 29
9 31
9 36
9 37
9 38
9 41
9 43
9 44
9 45
9 46
9 35
9 27
10 11
10 12
10 14
10 15
10 16
10 17
10 22
10 24
10 26
10 27
10 28
10 29
10 33
10 34
10 37
10 38
10 39
10 40
10 42
10 43
10 44
10 48
10 47
11 12
11 13
11 14
11 15
11 16
11 18
11 20
11 22
11 25
11 26
11 28
11 34
11 38
11 17
12 13
12 14
12 16
12 17
12 20
12 24
12 25
12 28
12 35
12 36
12 37
12 40
12 45
12 39
13 14
13 15
13 16
13 17
13 19
13 23
13 33
13 34
13 40
13 45
13 48
13 18
14 16
14 19
14 20
14 22
14 26
14 29
14 30
14 31
14 32
14 33
14 35
14 36
14 43
14 46
14 47
15 18
15 20
15 21
15 24
15 25
15 26
15 27
15 28
15 30
15 31
15 32
15 33
15 34
15 35
15 36
15 41
15 43
15 46
16 17
16 21
16 22
16 24
16 29
16 31
16 32
16 40
16 41
16 44
16 45
16 47
16 49
17 18
17 23
17 35
17 48
17 41
18 19
18 21
18 22
18 26
18 28
18 29
18 30
18 31
18 33
18 37
18 38
18 40
18 42
18 46
18 23
19 21
19 23
19 27
19 28
19 34
19 41
19 43
19 48
19 35
20 21
20 23
20 26
20 28
20 30
20 34
20 35
20 37
20 39
20 40
20 43
20 45
20 47
20 49
20 31
21 23
21 24
21 32
21 42
22 25
22 30
22 47
24 25
24 32
24 38
24 40
24 44
24 29
25 29
25 32
25 36
25 39
26 27
26 30
26 31
26 37
27 29
27 32
27 48
27 34
27 35
28 47
28 49
30 39
30 44
30 49
31 33
31 44
31 47
32 42
32 45
33 34
33 35
35 42
35 44
35 46
35 48
36 39
36 49
37 41
37 46
37 47
37 48
37 49
38 45
40 41
40 46
43 48
46 47
47 49
47 48