787370448
9
50
387
0 9
0 10
0 11
0 13
0 14
0 17
0 20
0 21
0 25
0 28
0 41
0 42
0 49
1 9
1 10
1 11
1 12
1 16
1 23
1 48
2 9
2 10
2 11
2 12
2 13
2 16
2 17
2 18
2 19
2 20
2 21
2 35
2 37
2 45
2 49
2 32
3 9
3 10
3 12
3 13
3 14
3 16
3 19
3 23
3 24
3 26
3 32
3 34
3 36
3 38
3 42
3 44
3 11
4 9
4 11
4 12
4 14
4 15
4 16
4 40
5 9
5 10
5 13
5 15
5 21
5 27
5 29
5 30
5 32
5 33
5 40
5 11
6 9
6 10
6 11
6 12
6 13
6 14
6 15
6 17
6 18
6 19
6 21
6 23
6 25
6 27
6 31
6 34
6 38
6 39
6 46
6 47
7 9
7 10
7 11
7 20
7 22
7 48
7 45
8 9
8 10
8 11
8 12
8 14
8 21
8 24
8 27
8 28
8 33
8 40
8 48
9 10
9 11
9 12
9 13
9 14
9 15
9 16
9 17
9 18
9 19
9 20
9 21
9 22
9 23
9 25
9 30
9 31
9 34
9 37
9 38
9 40
9 41
9 42
9 44
9 45
9 46
9 49
10 11
10 12
10 13
10 14
10 15
10 16
10 17
10 19
10 20
10 21
10 22
10 24
10 26
10 28
10 29
10 36
10 38
10 40
10 47
10 48
10 25
11 12
11 13
11 15
11 16
11 17
11 18
11 19
11 20
11 22
11 24
11 25
11 26
11 27
11 28
11 29
11 30
11 32
11 34
11 35
11 36
11 37
11 39
11 45
11 47
11 21
12 13
12 14
12 15
12 16
12 17
12 18
12 20
12 22
12 23
12 24
12 26
12 29
12 31
12 33
12 38
12 39
12 40
12 48
12 25
13 14
13 15
13 17
13 21
13 26
13 28
13 30
13 31
13 34
13 42
13 44
13 45
13 33
14 15
14 16
14 17
14 18
14 19
14 22
14 26
14 30
14 31
14 35
14 39
14 21
15 18
15 22
15 23
15 24
15 27
15 29
15 32
15 33
15 41
15 43
15 49
16 18
16 19
16 21
16 23
16 25
16 32
16 33
16 42
16 43
16 44
16 45
16 48
17 18
17 19
17 22
17 23
17 24
17 25
17 26
17 28
17 29
17 33
17 34
17 36
17 38
17 39
17 41
17 47
17 27
18 20
18 24
18 31
18 32
18 34
18 35
18 37
18 38
18 40
18 42
18 47
19 20
19 23
19 25
19 27
19 33
19 35
19 39
19 43
19 44
19 46
19 38
20 22
20 26
20 27
20 31
20 36
20 37
20 48
21 25
21 26
21 28
21 34
21 42
21 43
21 44
21 46
21 37
22 27
22 28
22 29
22 31
22 33
22 35
22 36
22 41
22 46
22 47
22 24
23 24
23 27
23 30
23 32
23 34
23 36
23 37
23 43
23 45
23 47
23 49
23 38
24 25
24 30
24 39
24 44
25 31
25 39
25 48
26 29
26 30
26 38
26 46
27 28
27 29
27 32
27 35
27 39
27 41
27 44
27 45
27 48
28 30
28 33
28 36
28 43
29 38
30 32
30 37
30 49
31 35
31 36
31 37
31 41
32 41
32 43
32 48
32 49
33 35
33 40
33 41
33 42
33 45
34 39
34 43
34 46
36 37
36 46
37 40
37 43
38 42
38 43
38 46
38 49
39 44
41 45
43 47
44 47
44 48
44 49