149961499
7
50
328
0 7
0 8
0 9
0 10
0 12
0 16
0 18
0 19
0 20
0 25
0 27
0 31
0 35
0 14
1 7
1 8
1 15
1 28
1 44
1 4
2 7
2 8
2 9
2 10
2 11
2 14
2 45
2 46
3 7
3 8
3 9
3 10
3 11
3 12
3 13
3 15
3 17
3 18
3 28
3 30
3 34
3 42
3 43
3 48
3 49
3 19
3 26
3 32
3 35
4 7
4 8
4 11
4 14
5 7
5 8
5 9
5 10
5 12
5 19
5 26
5 32
5 33
5 35
5 44
5 27
6 7
6 9
6 10
6 45
6 48
6 33
7 8
7 9
7 10
7 11
7 12
7 13
7 14
7 16
7 17
7 18
7 19
7 20
7 22
7 23
7 24
7 25
7 26
7 27
7 29
7 38
7 41
7 45
7 46
7 35
7 36
8 9
8 10
8 11
8 12
8 13
8 14
8 15
8 16
8 17
8 18
8 19
8 20
8 21
8 24
8 27
8 28
8 29
8 30
8 32
8 35
8 36
8 37
8 38
8 39
8 40
8 42
8 47
8 49
8 22
8 48
9 11
9 13
9 16
9 19
9 24
9 26
9 31
9 32
9 33
9 36
9 37
9 46
9 14
9 28
10 11
10 12
10 13
10 14
10 15
10 16
10 17
10 18
10 21
10 22
10 23
10 28
10 29
10 30
10 36
10 38
10 40
10 43
10 44
10 45
10 34
10 33
10 49
11 12
11 13
11 14
11 15
11 21
11 22
11 25
11 26
11 27
11 28
11 33
11 34
11 40
11 43
11 45
12 13
12 14
12 18
12 21
12 22
12 30
12 34
12 40
12 41
12 43
12 46
12 47
12 49
12 25
13 15
13 21
13 25
13 27
13 31
13 35
14 15
14 16
14 17
14 18
14 19
14 20
14 21
14 23
14 28
14 29
14 30
14 34
14 36
14 37
14 47
15 16
15 17
15 20
15 23
15 26
15 27
15 29
15 33
15 34
15 46
15 48
15 49
16 17
16 19
16 22
16 23
16 34
16 42
16 48
16 46
17 21
17 22
17 24
17 32
17 35
17 37
17 38
17 19
18 20
18 22
18 23
18 24
18 25
18 32
18 33
18 34
18 37
18 39
19 20
19 23
19 25
19 29
19 30
19 31
19 32
19 36
19 37
19 38
19 41
19 46
20 24
20 28
20 29
20 30
20 33
20 38
20 39
20 42
20 44
20 49
21 24
21 25
21 32
21 48
22 39
22 47
22 25
22 42
23 26
23 40
24 44
25 26
25 27
25 31
25 37
25 38
25 42
25 47
25 48
26 31
26 36
26 41
27 39
27 43
27 47
28 35
28 46
29 31
29 36
29 40
29 44
29 42
30 48
31 42
31 45
32 33
32 35
32 39
32 40
32 42
33 41
34 41
35 39
35 41
35 43
35 47
35 48
37 40
37 38
38 49
38 47
39 49
40 45
41 43
41 44