159503702
10
50
427
0 10
0 11
0 12
0 13
0 15
0 19
0 24
0 29
0 32
0 36
0 43
0 45
0 47
0 49
0 8
1 10
1 11
1 13
1 16
1 23
1 24
1 26
1 28
1 30
1 33
1 34
1 35
1 37
1 40
1 46
2 10
2 11
2 12
2 13
2 15
2 16
2 17
2 19
2 20
2 21
2 22
2 24
2 25
2 27
2 28
2 29
2 30
2 32
2 33
2 38
2 42
2 43
2 44
2 48
2 14
3 10
3 11
3 12
3 13
3 14
3 16
3 17
3 18
3 20
3 23
3 24
3 27
3 28
3 33
3 36
3 40
3 41
3 45
3 49
3 31
4 10
4 11
4 12
4 13
4 14
4 15
4 17
4 18
4 20
4 22
4 23
4 25
4 26
4 28
4 31
4 34
4 35
4 39
4 40
4 41
4 42
4 43
4 46
4 47
4 48
4 38
5 10
5 11
5 12
5 14
5 17
5 18
5 24
5 27
5 49
5 20
6 10
6 11
6 14
6 15
6 18
6 21
6 23
6 27
6 28
6 38
6 40
6 44
6 47
6 34
7 10
7 11
7 12
7 13
7 14
7 15
7 16
7 18
7 20
7 30
7 34
7 43
7 9
8 10
8 11
8 12
8 13
8 14
8 15
8 16
8 19
8 22
8 25
8 35
8 36
8 41
8 48
8 26
8 38
9 10
9 12
9 29
10 11
10 12
10 13
10 14
10 15
10 16
10 17
10 19
10 20
10 21
10 22
10 25
10 26
10 32
10 37
10 39
10 40
10 41
10 42
10 46
10 48
10 10
10 43
11 12
11 13
11 14
11 15
11 16
11 19
11 20
11 21
11 25
11 27
11 29
11 30
11 31
11 32
11 35
11 36
11 37
11 41
11 43
11 44
11 45
11 47
12 13
12 14
12 15
12 17
12 18
12 21
12 24
12 25
12 28
12 31
12 35
12 36
12 38
12 39
12 46
12 48
12 49
12 22
13 14
13 15
13 16
13 17
13 18
13 19
13 21
13 22
13 23
13 24
13 26
13 28
13 36
13 39
13 41
13 42
13 43
13 44
13 45
13 46
13 47
13 48
13 34
13 37
14 16
14 17
14 18
14 19
14 20
14 22
14 23
14 26
14 27
14 29
14 33
14 34
14 35
14 38
14 39
14 42
14 43
14 44
14 45
14 48
14 49
14 15
14 36
15 16
15 17
15 19
15 21
15 22
15 28
15 30
15 31
15 35
15 37
15 44
15 46
15 47
15 20
15 29
16 17
16 18
16 19
16 20
16 21
16 23
16 24
16 25
16 26
16 35
16 37
16 38
16 40
16 45
16 46
17 18
17 19
17 20
17 22
17 23
17 26
17 30
17 31
17 33
17 34
17 38
17 42
17 43
17 49
18 20
18 21
18 26
18 33
18 36
18 37
18 41
18 42
18 45
19 21
19 23
19 30
19 33
19 35
19 36
19 44
19 45
19 47
20 22
20 24
20 25
20 26
20 27
20 30
20 31
20 34
20 37
20 39
20 42
20 44
20 46
20 48
21 22
21 23
21 24
21 25
21 29
21 31
21 32
21 40
21 45
22 27
22 28
22 31
22 32
22 33
22 37
22 43
22 45
22 38
23 25
23 27
23 29
23 47
24 26
24 27
24 29
24 32
24 36
24 40
24 48
24 28
25 30
25 36
25 38
25 28
25 41
26 28
26 29
26 30
26 31
26 32
26 46
27 29
27 32
27 33
27 34
27 39
28 31
28 32
28 34
28 38
28 39
28 41
28 46
29 38
29 39
30 39
30 47
31 34
31 35
31 37
31 44
32 33
32 41
32 48
32 37
33 34
33 41
33 42
33 49
34 39
35 37
35 43
35 41
36 38
36 40
36 47
37 47
38 40
39 48
40 42
42 44
43 49
44 49
46 49