833649263
12
50
467
0 12
0 13
0 14
0 15
0 16
0 17
0 20
0 25
0 27
0 35
1 12
1 13
1 14
1 15
1 17
1 18
1 19
1 20
1 22
1 23
1 24
1 31
1 32
1 33
1 42
1 43
1 44
1 46
1 47
1 48
1 49
2 12
2 13
2 14
2 16
2 18
2 21
2 25
2 26
2 31
2 38
2 48
3 12
3 14
3 15
3 16
3 18
3 19
3 26
3 27
3 46
3 29
4 12
4 13
4 14
4 15
4 16
4 17
4 18
4 21
4 22
4 24
4 27
4 29
4 36
4 37
4 38
4 40
4 42
4 45
5 12
5 13
5 14
5 15
5 16
5 17
5 18
5 21
5 22
5 23
5 24
5 26
5 35
6 12
6 13
6 15
6 19
6 24
6 28
6 36
6 37
6 41
6 44
7 12
7 13
7 14
7 15
7 16
7 17
7 19
7 20
7 25
7 27
7 32
7 33
7 37
7 39
7 47
8 12
8 13
8 14
8 15
8 16
8 20
8 24
8 25
8 26
8 27
8 40
9 12
9 13
9 14
9 15
9 16
9 17
9 18
9 19
9 24
9 27
9 28
9 31
9 32
9 34
9 37
9 38
9 40
9 42
9 43
9 44
9 47
10 12
10 13
10 18
10 20
10 26
10 30
10 32
10 33
10 37
10 40
10 42
10 43
10 45
10 48
10 24
11 12
11 13
11 14
11 17
11 18
11 19
11 21
11 23
11 28
11 30
11 37
11 41
11 15
12 13
12 14
12 15
12 16
12 17
12 19
12 20
12 21
12 22
12 23
12 24
12 27
12 28
12 29
12 30
12 34
12 36
12 38
12 39
12 44
12 45
12 46
12 47
13 14
13 15
13 16
13 17
13 18
13 19
13 20
13 21
13 22
13 23
13 28
13 30
13 31
13 32
13 35
13 36
13 37
13 40
13 42
13 43
13 45
13 48
13 39
14 15
14 16
14 17
14 18
14 20
14 21
14 22
14 23
14 26
14 27
14 28
14 29
14 30
14 32
14 37
14 38
14 41
14 42
14 44
14 45
15 16
15 17
15 18
15 19
15 21
15 22
15 23
15 24
15 25
15 26
15 28
15 29
15 31
15 32
15 33
15 35
15 38
15 39
15 45
15 46
15 48
16 17
16 18
16 19
16 20
16 21
16 23
16 24
16 25
16 27
16 29
16 30
16 31
16 32
16 33
16 34
16 35
16 38
16 41
16 42
16 43
16 44
16 45
16 47
16 48
17 19
17 20
17 21
17 22
17 23
17 25
17 29
17 32
17 34
17 35
17 39
17 40
17 46
17 48
17 49
18 19
18 20
18 22
18 24
18 26
18 28
18 39
18 40
18 41
18 32
19 20
19 21
19 22
19 23
19 25
19 26
19 28
19 29
19 30
19 32
19 35
19 36
19 39
19 41
19 42
19 43
19 47
20 21
20 22
20 23
20 29
20 30
20 32
20 34
20 36
20 40
20 41
20 42
20 44
20 28
21 22
21 23
21 24
21 25
21 26
21 27
21 28
21 31
21 33
21 34
21 35
21 36
21 37
21 43
22 24
22 25
22 27
22 30
22 31
22 33
22 36
22 39
22 41
22 44
22 45
22 48
23 25
23 26
23 28
23 29
23 34
23 36
23 44
23 47
23 23
24 25
24 26
24 29
24 31
24 32
24 33
24 34
24 35
24 36
24 37
24 46
25 30
25 31
25 34
25 35
25 37
25 38
25 43
25 44
25 47
25 48
25 49
26 27
26 29
26 31
26 35
26 38
26 39
26 43
26 47
26 49
27 28
27 29
27 30
27 33
27 34
27 35
27 36
27 41
27 42
27 46
27 48
28 33
28 34
28 36
28 38
28 39
28 45
28 47
29 30
29 33
29 34
29 39
29 43
29 46
29 49
30 31
30 37
30 38
30 39
30 40
30 41
30 42
30 43
30 45
30 49
31 33
32 40
32 49
33 41
33 44
33 47
34 35
34 39
34 46
34 49
35 38
35 40
35 45
35 48
35 49
36 40
36 43
36 44
36 45
36 47
36 49
38 46
38 49
39 41
39 42
39 44
39 49
40 46
43 46
44 49
45 48
46 49