355047986
10
50
407
0 10
0 11
0 12
0 13
0 14
0 15
0 16
0 20
0 21
0 23
0 30
0 32
0 42
0 48
0 5
1 10
1 13
1 20
1 22
1 23
1 24
1 25
1 29
1 31
1 47
2 10
2 11
2 12
2 13
2 15
2 16
2 26
2 27
2 40
2 48
3 10
3 11
3 24
3 26
3 44
4 10
4 11
4 12
4 13
4 14
4 15
4 17
4 26
4 27
4 28
4 29
4 32
4 36
4 37
4 40
4 43
4 48
4 49
5 10
5 11
5 12
5 13
5 14
5 15
5 16
5 17
5 19
5 21
5 22
5 24
5 25
5 27
5 28
5 29
5 32
5 33
5 34
5 39
5 42
5 44
5 46
5 49
6 10
6 11
6 12
6 14
6 16
6 17
6 18
6 31
6 33
6 37
6 39
6 42
6 49
7 10
7 11
7 12
7 14
7 16
7 19
7 20
7 22
7 23
7 25
7 29
7 43
7 44
8 10
8 11
8 12
8 13
8 14
8 15
8 20
8 21
8 22
8 26
8 27
8 38
8 45
9 10
9 11
9 12
9 13
9 15
9 16
9 17
9 18
9 19
9 21
9 22
9 27
9 28
9 29
9 30
9 32
9 38
9 39
9 41
9 42
9 44
9 46
9 49
10 11
10 12
10 13
10 14
10 15
10 17
10 18
10 19
10 20
10 22
10 24
10 25
10 28
10 30
10 31
10 32
10 34
10 36
10 37
10 42
10 45
11 12
11 13
11 14
11 15
11 16
11 17
11 18
11 19
11 22
11 23
11 25
11 30
11 32
11 33
11 34
11 37
11 40
11 47
11 49
11 26
11 20
12 13
12 14
12 16
12 17
12 18
12 19
12 20
12 21
12 22
12 24
12 25
12 27
12 29
12 32
12 34
12 35
12 40
12 44
12 45
12 47
12 15
13 14
13 15
13 16
13 17
13 18
13 19
13 20
13 21
13 23
13 28
13 29
13 30
13 31
13 33
13 34
13 35
13 36
13 37
13 38
13 42
13 43
13 44
13 45
13 46
13 49
14 15
14 16
14 17
14 18
14 19
14 23
14 25
14 26
14 28
14 29
14 31
14 32
14 35
14 37
14 38
14 47
14 49
15 17
15 18
15 19
15 20
15 21
15 22
15 23
15 24
15 26
15 27
15 28
15 30
15 31
15 37
15 39
15 45
15 47
15 49
15 42
15 46
16 18
16 19
16 20
16 21
16 22
16 23
16 33
16 36
16 39
16 48
17 18
17 21
17 26
17 31
17 34
17 36
17 37
17 41
17 46
17 47
18 21
18 24
18 28
18 29
18 30
18 31
18 33
18 34
18 35
18 39
18 40
18 41
18 43
18 44
18 48
18 49
19 20
19 23
19 28
20 25
20 33
20 34
20 43
21 23
21 24
21 25
21 26
21 35
21 38
21 44
21 45
22 24
22 25
22 26
22 31
22 36
22 40
22 43
22 46
23 24
23 30
23 31
23 33
23 35
23 39
23 43
23 47
23 48
24 26
24 27
24 30
24 38
24 41
24 43
24 45
24 46
24 47
25 27
25 33
25 37
25 38
25 41
25 42
25 43
25 45
26 27
26 32
26 34
26 35
26 36
26 41
26 42
27 28
27 34
28 29
28 40
29 30
29 33
29 35
29 36
29 38
29 39
29 40
29 44
29 48
30 35
30 48
31 32
31 38
31 40
31 41
31 46
32 41
33 35
33 36
33 39
34 37
34 41
34 42
35 36
35 43
36 38
36 40
36 47
37 39
37 41
37 42
37 46
38 45
41 45
41 46
41 47
42 48
43 44
43 49
44 46
46 48
48 48