452931866
13
50
486
0 13
0 16
0 18
0 20
0 28
0 30
1 13
1 14
1 15
1 16
1 17
1 18
1 23
1 26
1 27
1 29
1 30
1 35
1 37
1 38
1 39
1 44
1 48
2 13
2 14
2 15
2 16
2 17
2 18
2 19
2 24
2 25
2 26
2 35
2 37
2 43
2 44
2 49
3 13
3 14
3 15
3 17
3 19
3 22
3 29
3 31
3 40
3 42
3 43
3 47
4 13
4 14
4 15
4 16
4 17
4 19
4 20
4 23
4 24
4 26
4 27
4 28
4 29
4 30
4 37
4 38
4 46
5 13
5 14
5 15
5 16
5 21
5 31
6 13
6 14
6 15
6 16
6 18
6 21
6 28
6 30
6 47
7 13
7 14
7 15
7 18
7 19
7 20
7 22
7 27
7 28
7 29
7 31
7 34
7 38
7 43
7 46
7 49
8 13
8 14
8 15
8 16
8 17
8 18
8 19
8 21
8 22
8 24
8 29
8 30
8 31
8 37
8 41
8 45
8 48
9 13
9 14
9 15
9 16
9 17
9 18
9 19
9 20
9 21
9 23
9 25
9 30
9 33
9 34
9 35
9 36
9 37
9 39
9 40
9 45
9 48
10 13
10 14
10 15
10 17
10 19
10 20
10 21
10 22
10 23
10 25
10 32
10 37
10 44
11 13
11 14
11 15
11 16
11 17
11 18
11 20
11 21
11 22
11 23
11 26
11 29
11 30
11 31
11 34
11 36
11 38
11 39
11 40
11 41
11 44
11 46
11 49
12 13
12 14
12 16
12 17
12 19
12 21
12 22
12 23
12 24
12 25
12 27
12 30
12 31
12 32
12 33
12 35
12 40
12 46
13 14
13 15
13 16
13 17
13 18
13 19
13 20
13 21
13 24
13 25
13 26
13 27
13 28
13 30
13 32
13 33
13 34
13 37
13 40
13 41
13 44
13 48
13 49
14 15
14 16
14 17
14 18
14 19
14 20
14 21
14 22
14 23
14 24
14 25
14 26
14 27
14 28
14 31
14 32
14 33
14 34
14 38
14 39
14 40
14 43
14 44
14 49
15 16
15 17
15 18
15 20
15 22
15 23
15 24
15 25
15 27
15 30
15 32
15 33
15 34
15 36
15 39
15 40
15 43
15 46
16 17
16 18
16 19
16 20
16 21
16 22
16 23
16 24
16 25
16 26
16 27
16 28
16 30
16 33
16 34
16 37
16 39
16 40
16 42
16 43
16 44
16 46
16 48
16 49
17 18
17 19
17 20
17 21
17 22
17 23
17 24
17 25
17 27
17 29
17 31
17 32
17 33
17 35
17 36
17 38
17 39
17 41
17 43
17 44
17 45
17 46
18 19
18 20
18 22
18 25
18 26
18 28
18 29
18 31
18 33
18 36
18 40
18 41
18 43
18 49
19 20
19 21
19 22
19 23
19 24
19 26
19 28
19 30
19 31
19 32
19 33
19 35
19 36
19 37
19 41
19 42
19 43
19 44
19 45
19 46
19 47
19 48
20 21
20 23
20 24
20 26
20 27
20 28
20 29
20 31
20 33
20 34
20 35
20 36
20 38
20 45
20 46
20 32
21 22
21 24
21 25
21 26
21 33
21 35
21 38
21 41
21 42
21 46
21 47
22 23
22 24
22 26
22 28
22 29
22 35
22 36
22 39
22 45
22 49
22 31
23 25
23 27
23 32
23 36
23 37
23 38
23 39
23 41
23 42
23 47
24 25
24 26
24 27
24 28
24 29
24 32
24 33
24 35
24 38
24 39
24 40
24 43
24 49
25 30
25 33
25 35
25 39
25 42
25 46
26 27
26 28
26 29
26 31
26 32
26 34
26 36
26 37
26 40
26 41
26 42
26 46
26 47
27 34
27 36
27 39
27 40
27 41
27 42
27 45
27 46
27 47
28 29
28 32
28 34
28 35
28 41
28 42
28 43
28 44
28 47
29 31
29 32
29 35
29 45
30 34
30 43
31 32
31 38
31 39
31 40
31 41
31 42
31 49
32 34
32 42
32 47
32 48
33 38
33 44
34 36
34 37
34 38
34 42
34 45
34 47
34 40
35 36
35 48
36 37
36 48
37 41
37 42
37 45
37 47
37 48
38 43
38 44
38 45
38 48
38 49
39 45
39 47
40 49
41 45
41 47
41 48
42 44
43 46
44 47
46 48
47 49