180052678
15
50
526
0 15
0 16
0 17
0 18
0 21
0 25
0 33
0 34
0 35
0 49
1 15
1 16
1 17
1 18
1 19
1 20
1 23
1 27
1 29
1 30
1 31
1 32
1 38
2 15
2 16
2 17
2 18
2 19
2 20
2 21
2 30
2 31
2 36
2 42
2 43
2 46
3 15
3 16
3 17
3 18
3 19
3 20
3 21
3 22
3 26
3 28
3 29
3 32
3 34
3 39
3 41
3 43
3 46
4 15
4 16
4 17
4 18
4 19
4 20
4 21
4 22
4 23
4 24
4 28
4 31
4 32
4 33
4 34
4 35
4 36
4 37
4 40
4 43
4 48
5 15
5 16
5 17
5 19
5 21
5 22
5 23
5 30
5 32
5 37
6 15
6 16
6 17
6 18
6 19
6 20
6 21
6 22
6 25
6 29
6 34
6 36
6 38
6 47
6 48
7 15
7 16
7 17
7 18
7 19
7 23
7 24
7 27
7 28
7 30
7 31
7 32
7 42
7 46
8 15
8 16
8 19
8 20
8 22
8 24
8 25
8 26
8 27
8 28
8 31
8 36
8 38
8 41
8 42
8 43
9 15
9 16
9 17
9 18
9 20
9 21
9 22
9 23
9 24
9 25
9 26
9 29
9 32
9 36
9 40
9 41
9 45
9 48
10 15
10 22
10 23
10 24
10 26
10 33
10 35
10 41
10 45
11 15
11 16
11 17
11 18
11 20
11 21
11 22
11 24
11 26
11 28
11 30
11 35
11 37
11 38
11 40
11 43
11 46
12 15
12 16
12 17
12 18
12 19
12 25
12 27
12 28
12 29
12 30
12 37
12 38
12 39
12 46
12 49
13 15
13 16
13 17
13 18
13 19
13 20
13 21
13 22
13 24
13 25
13 29
13 30
13 31
13 34
13 36
13 39
13 41
13 42
13 49
13 32
14 15
14 16
14 17
14 18
14 19
14 20
14 23
14 27
14 31
14 33
14 35
14 36
14 39
14 44
14 47
15 16
15 17
15 18
15 19
15 20
15 21
15 22
15 23
15 24
15 25
15 26
15 27
15 28
15 29
15 30
15 32
15 33
15 34
15 35
15 36
15 37
15 39
15 41
15 42
15 44
15 46
15 48
16 17
16 18
16 19
16 20
16 21
16 22
16 23
16 24
16 25
16 26
16 27
16 31
16 33
16 35
16 37
16 38
16 39
16 40
16 41
16 42
17 18
17 19
17 20
17 21
17 22
17 23
17 24
17 25
17 26
17 27
17 28
17 29
17 30
17 31
17 33
17 34
17 36
17 38
17 40
17 41
17 44
17 46
17 47
17 48
17 49
18 19
18 20
18 21
18 22
18 23
18 24
18 25
18 26
18 27
18 28
18 29
18 30
18 31
18 32
18 37
18 42
18 44
18 45
18 47
18 48
19 20
19 21
19 23
19 24
19 25
19 26
19 28
19 29
19 30
19 31
19 32
19 33
19 35
19 37
19 39
19 44
19 47
19 48
19 49
20 21
20 22
20 23
20 26
20 27
20 32
20 34
20 38
20 39
20 40
20 43
20 45
21 22
21 23
21 24
21 25
21 27
21 28
21 33
21 39
21 43
21 44
21 45
21 47
22 23
22 24
22 25
22 26
22 27
22 28
22 30
22 31
22 34
22 35
22 37
22 39
22 40
22 42
22 43
22 45
23 24
23 25
23 26
23 27
23 28
23 29
23 30
23 33
23 35
23 36
23 38
23 40
23 42
23 43
23 44
23 46
23 47
23 48
23 49
24 25
24 26
24 27
24 28
24 31
24 32
24 34
24 35
24 36
24 37
24 41
24 44
24 45
24 47
25 26
25 27
25 29
25 33
25 34
25 38
25 39
25 41
25 42
25 45
25 47
26 29
26 32
26 33
26 34
26 35
26 38
26 41
26 46
26 48
26 49
27 28
27 29
27 30
27 31
27 32
27 33
27 35
27 37
27 39
27 40
27 41
27 42
27 44
27 45
27 49
28 29
28 30
28 31
28 32
28 33
28 34
28 35
28 36
28 39
28 40
28 44
28 45
28 46
28 47
29 34
29 38
29 39
29 45
29 46
29 49
30 36
30 43
30 46
30 47
31 32
31 33
31 34
31 35
31 37
31 38
31 40
31 42
31 44
31 47
31 49
32 36
32 37
32 38
32 40
32 42
32 45
32 49
33 36
33 41
34 38
34 42
34 43
35 37
35 39
35 40
35 43
35 48
36 37
36 40
36 44
36 45
36 46
36 48
37 40
37 45
37 48
38 43
38 44
38 47
38 49
39 41
39 43
39 47
39 49
40 41
40 42
40 46
42 43
42 44
42 45
42 48
43 44
43 48
43 49
44 47
45 46
46 48
47 49