517853919
14
50
506
0 14
0 15
0 17
0 18
0 19
0 20
0 21
0 23
0 26
0 27
0 29
0 31
0 35
0 40
0 45
1 14
1 15
1 16
1 17
1 18
1 19
1 20
1 21
1 23
1 26
1 28
1 43
1 44
1 45
1 46
1 49
2 14
2 15
2 16
2 17
2 19
2 20
2 25
2 26
2 29
2 35
2 43
2 46
3 14
3 15
3 16
3 22
3 24
3 34
3 37
3 43
4 14
4 15
4 16
4 17
4 18
4 20
4 21
4 23
4 24
4 29
4 33
4 35
4 36
5 14
5 15
5 16
5 17
5 18
5 19
5 20
5 21
5 23
5 25
5 28
5 29
5 34
5 41
5 42
5 47
6 14
6 33
7 14
7 15
7 16
7 17
7 19
7 24
7 25
7 26
7 27
7 37
7 38
7 42
7 44
8 14
8 15
8 16
8 17
8 18
8 20
8 21
8 22
8 23
8 24
8 27
8 28
8 30
8 31
8 36
8 48
9 14
9 15
9 16
9 17
9 18
9 20
9 21
9 22
9 23
9 25
9 28
9 30
9 32
9 35
9 40
9 41
9 42
9 45
9 46
9 49
10 14
10 15
10 16
10 17
10 18
10 19
10 20
10 21
10 22
10 24
10 25
10 26
10 27
10 34
10 37
10 38
10 39
10 40
10 42
10 46
10 47
11 14
11 15
11 16
11 18
11 19
11 22
11 23
11 24
11 25
11 27
11 28
11 30
11 32
11 33
11 41
11 42
12 14
12 15
12 16
12 17
12 18
12 19
12 20
12 24
12 26
12 27
12 30
12 34
12 35
12 36
12 39
12 47
12 48
13 14
13 15
13 16
13 17
13 18
13 19
13 21
13 22
13 32
13 41
13 42
13 48
14 15
14 16
14 17
14 18
14 19
14 20
14 21
14 22
14 23
14 24
14 25
14 29
14 31
14 32
14 33
14 37
14 38
14 39
14 40
14 42
14 43
14 48
14 49
15 16
15 17
15 18
15 19
15 20
15 21
15 22
15 23
15 25
15 26
15 27
15 30
15 31
15 32
15 34
15 36
15 37
15 39
15 41
15 43
15 46
15 49
16 17
16 18
16 19
16 20
16 21
16 22
16 23
16 24
16 25
16 26
16 27
16 28
16 29
16 30
16 31
16 34
16 35
16 36
16 38
16 40
16 41
16 42
16 43
16 44
16 46
16 49
17 18
17 19
17 20
17 21
17 22
17 23
17 24
17 25
17 26
17 27
17 28
17 29
17 30
17 32
17 33
17 34
17 35
17 37
17 38
17 42
17 44
17 45
17 48
18 19
18 20
18 21
18 22
18 23
18 24
18 25
18 26
18 27
18 29
18 32
18 33
18 35
18 36
18 37
18 38
18 41
18 43
18 44
18 45
19 21
19 22
19 23
19 24
19 25
19 28
19 29
19 31
19 32
19 35
19 36
19 39
19 44
19 48
19 49
20 22
20 24
20 26
20 28
20 31
20 32
20 34
20 37
20 38
20 39
20 41
20 43
20 44
20 45
20 47
20 48
20 49
21 22
21 24
21 25
21 26
21 27
21 29
21 30
21 31
21 32
21 33
21 36
21 37
21 38
21 40
21 43
21 44
21 45
21 46
22 23
22 26
22 27
22 28
22 29
22 30
22 31
22 32
22 33
22 34
22 35
22 45
22 46
22 39
23 28
23 29
23 30
23 34
23 40
23 41
23 46
23 47
23 48
23 25
24 25
24 26
24 27
24 28
24 31
24 32
24 33
24 35
24 38
24 40
24 45
24 46
24 47
24 48
24 49
25 28
25 30
25 33
25 34
25 36
25 39
25 44
26 27
26 33
26 36
26 38
26 39
26 41
26 42
27 28
27 29
27 30
27 31
27 32
27 33
27 34
27 39
27 40
27 41
27 46
27 47
28 29
28 30
28 31
28 32
28 34
28 36
28 37
28 38
28 47
28 48
28 49
29 30
29 31
29 33
29 35
29 36
29 41
29 43
29 45
29 47
29 48
30 31
30 33
30 35
30 40
30 43
30 45
30 48
31 37
31 39
31 40
31 43
32 36
32 38
32 42
32 46
32 47
32 49
33 34
33 35
33 36
33 37
33 39
33 40
33 41
33 42
33 46
34 37
34 38
34 49
35 39
36 37
36 38
36 39
36 40
36 44
36 45
36 49
37 47
37 48
38 39
38 40
38 42
38 43
38 44
39 42
39 44
39 45
40 41
41 47
41 49
42 43
42 44
42 48
43 44
44 45
44 46
44 47
44 49
45 47