149050197
18
50
586
0 18
0 19
0 20
0 21
0 22
0 23
0 24
0 25
0 26
0 27
0 28
0 31
0 36
0 37
0 38
0 42
0 44
0 45
1 18
1 19
1 20
1 21
1 27
1 31
1 34
1 39
1 40
1 46
1 47
1 23
2 18
2 19
2 20
2 21
2 22
2 23
2 28
2 29
2 30
2 31
2 33
2 36
2 37
2 39
2 45
2 47
3 18
3 19
3 20
3 21
3 22
3 23
3 24
3 26
3 27
3 28
3 30
3 32
3 37
3 41
3 42
3 43
3 47
4 18
4 19
4 21
4 22
4 23
4 24
4 25
4 26
4 27
4 30
4 31
4 34
4 35
4 37
4 38
4 43
4 47
4 49
5 18
5 19
5 20
5 21
5 22
5 23
5 24
5 26
5 31
5 32
5 34
5 44
5 46
6 18
6 19
6 20
6 21
6 22
6 23
6 24
6 25
6 27
6 29
6 33
6 36
6 37
6 38
6 39
6 40
6 43
6 46
7 18
7 19
7 20
7 21
7 22
7 23
7 25
7 26
7 27
7 29
7 33
7 35
7 39
7 40
7 43
7 45
7 47
7 48
7 17
8 18
8 19
8 20
8 21
8 22
8 23
8 24
8 25
8 26
8 27
8 28
8 29
8 30
8 31
8 38
8 39
8 42
9 18
9 19
9 20
9 21
9 22
9 23
9 24
9 25
9 26
9 29
9 30
9 32
9 33
9 34
9 35
9 36
9 39
9 40
9 44
9 49
10 18
10 27
10 34
10 38
10 40
10 44
10 45
11 18
11 19
11 20
11 21
11 22
11 23
11 24
11 25
11 26
11 28
11 29
11 31
11 32
11 35
11 39
11 40
11 43
11 46
11 47
11 48
12 18
12 19
12 20
12 22
12 23
12 24
12 25
12 26
12 28
12 29
12 32
12 36
12 37
12 42
12 45
13 18
13 19
13 20
13 21
13 22
13 26
13 30
13 32
13 36
13 45
13 49
13 48
14 18
14 19
14 20
14 21
14 24
14 27
14 29
14 35
14 38
14 41
14 43
14 44
14 46
14 49
14 30
15 18
15 19
15 20
15 22
15 25
15 28
15 31
15 33
15 34
15 35
15 36
15 38
15 41
15 42
15 47
16 18
16 19
16 20
16 21
16 23
16 24
16 25
16 28
16 30
16 34
16 37
16 46
16 48
17 18
17 19
17 20
17 21
17 22
17 23
17 24
17 25
17 26
17 28
17 30
17 31
17 35
17 49
18 19
18 20
18 21
18 22
18 23
18 24
18 25
18 26
18 27
18 28
18 29
18 30
18 31
18 32
18 33
18 34
18 35
18 36
18 37
18 39
18 40
18 41
18 43
18 44
18 45
18 46
18 47
18 48
19 20
19 21
19 22
19 23
19 24
19 25
19 26
19 27
19 28
19 29
19 30
19 32
19 33
19 34
19 35
19 37
19 40
19 43
19 44
19 46
19 47
19 48
19 49
20 21
20 22
20 23
20 24
20 25
20 26
20 27
20 28
20 29
20 30
20 31
20 32
20 33
20 34
20 35
20 37
20 41
20 42
20 43
20 47
20 49
21 22
21 23
21 24
21 25
21 26
21 27
21 28
21 29
21 31
21 32
21 36
21 37
21 38
21 39
21 41
21 42
21 43
21 45
21 46
21 48
21 49
22 23
22 24
22 25
22 26
22 27
22 29
22 30
22 31
22 33
22 34
22 35
22 38
22 41
22 42
22 43
22 46
22 48
22 36
23 24
23 25
23 26
23 27
23 28
23 29
23 30
23 31
23 32
23 34
23 35
23 36
23 40
23 41
23 43
23 45
23 48
23 49
23 42
24 25
24 26
24 27
24 28
24 29
24 30
24 31
24 32
24 33
24 34
24 35
24 36
24 40
24 41
24 42
24 43
24 44
24 45
24 46
25 27
25 28
25 29
25 32
25 33
25 34
25 35
25 36
25 38
25 39
25 40
25 41
25 42
25 44
25 46
25 48
25 49
26 27
26 28
26 30
26 32
26 33
26 38
26 42
26 44
26 47
27 28
27 29
27 30
27 31
27 32
27 33
27 35
27 37
27 38
27 39
27 40
27 41
27 44
27 46
27 47
27 48
27 49
28 29
28 30
28 31
28 32
28 33
28 35
28 36
28 37
28 38
28 39
28 40
28 41
28 42
28 44
28 45
28 46
28 47
28 48
28 49
28 43
29 30
29 31
29 32
29 33
29 34
29 35
29 36
29 37
29 38
29 39
29 40
29 45
29 48
30 33
30 34
30 36
30 37
30 38
30 44
30 45
30 48
31 32
31 33
31 34
31 36
31 38
31 39
31 41
31 45
31 47
31 48
32 33
32 35
32 36
32 37
32 39
32 41
32 42
32 43
32 48
33 34
33 37
33 40
33 42
33 44
33 48
33 49
34 36
34 38
34 41
34 43
34 44
35 37
35 38
35 39
35 40
35 41
35 43
35 45
35 47
36 40
36 42
36 45
36 46
36 43
37 39
37 44
37 46
37 49
38 39
38 40
38 41
38 42
38 43
39 44
39 45
39 47
39 48
39 49
40 41
40 42
40 44
40 46
40 48
40 49
41 42
41 47
42 43
43 45
44 46
45 47
45 48
45 49
46 49
47 49