453484891
25
50
625
0 25
0 26
0 27
0 28
0 29
0 30
0 31
0 32
0 33
0 34
0 36
0 37
0 39
0 41
0 42
0 44
0 45
0 46
0 48
0 49
1 25
1 26
1 27
1 30
1 37
1 39
1 40
1 45
1 48
2 25
2 26
2 27
2 28
2 29
2 31
2 32
2 34
2 35
2 37
2 40
2 41
2 48
3 25
3 26
3 27
3 28
3 29
3 30
3 32
3 33
3 34
3 35
3 36
3 37
3 38
3 40
3 41
3 42
3 43
3 44
3 45
3 48
3 49
4 25
4 26
4 27
4 28
4 29
4 30
4 31
4 32
4 33
4 34
4 35
4 37
4 39
4 41
4 42
4 44
4 47
5 25
5 26
5 27
5 28
5 29
5 30
5 31
5 32
5 33
5 34
5 35
5 39
5 44
5 46
6 25
6 26
6 27
6 28
6 29
6 30
6 31
6 33
6 36
6 37
6 38
6 39
6 41
6 44
6 46
6 47
7 25
7 26
7 27
7 28
7 29
7 30
7 31
7 34
7 35
7 36
7 39
7 40
7 43
7 44
7 45
8 25
8 26
8 27
8 28
8 29
8 30
8 31
8 32
8 37
8 40
8 41
8 42
9 25
9 26
9 27
9 28
9 29
9 30
9 31
9 32
9 36
9 38
9 42
9 44
9 46
9 47
9 48
10 25
10 27
10 28
10 29
10 30
10 31
10 32
10 35
10 36
10 37
10 39
10 41
10 42
10 43
10 45
11 25
11 26
11 27
11 28
11 29
11 31
11 33
11 34
11 36
11 37
11 38
11 39
11 42
11 43
11 46
11 49
12 25
12 26
12 27
12 28
12 29
12 30
12 31
12 32
12 33
12 34
12 35
12 37
12 38
12 39
12 40
12 42
12 45
12 48
12 49
13 25
13 26
13 27
13 28
13 29
13 30
13 31
13 32
13 33
13 35
13 36
13 40
13 42
13 44
13 45
13 46
13 47
13 49
14 25
14 26
14 27
14 28
14 29
14 30
14 31
14 32
14 33
14 34
14 35
14 38
14 39
14 40
14 41
14 46
15 25
15 26
15 27
15 28
15 29
15 30
15 32
15 33
15 38
15 40
15 43
16 25
16 26
16 27
16 28
16 29
16 31
16 33
16 34
16 35
16 36
16 37
16 41
16 42
16 44
16 45
16 48
17 25
17 26
17 31
17 32
17 34
17 35
17 39
17 40
17 43
17 49
18 25
18 26
18 27
18 28
18 32
18 33
18 36
18 37
18 39
18 41
18 43
18 45
18 49
19 25
19 26
19 27
19 28
19 29
19 30
19 32
19 33
19 34
19 35
19 37
19 38
19 40
19 43
19 45
19 46
19 47
20 25
20 26
20 30
20 31
20 32
20 33
20 34
20 36
20 38
20 40
20 43
20 44
21 25
21 26
21 27
21 28
21 29
21 30
21 31
21 32
21 33
21 34
21 36
21 37
21 38
21 39
21 41
21 42
21 48
21 49
22 25
22 26
22 27
22 28
22 29
22 30
22 33
22 34
22 35
22 38
22 39
22 43
22 48
22 49
23 25
23 26
23 27
23 28
23 29
23 30
23 31
23 32
23 33
23 35
23 36
23 38
23 40
23 44
23 47
23 48
24 25
24 26
24 27
24 28
24 29
24 30
24 31
24 34
24 35
24 36
24 38
24 40
24 44
24 46
25 26
25 27
25 28
25 29
25 30
25 31
25 32
25 33
25 34
25 35
25 36
25 37
25 38
25 39
25 41
25 42
25 43
25 44
25 45
25 47
25 49
26 27
26 28
26 29
26 30
26 31
26 32
26 33
26 34
26 35
26 36
26 37
26 38
26 39
26 40
26 41
26 42
26 43
26 44
26 47
26 48
26 49
27 28
27 29
27 30
27 31
27 32
27 33
27 34
27 35
27 36
27 37
27 38
27 39
27 41
27 42
27 45
27 46
27 47
27 48
27 49
28 29
28 30
28 31
28 32
28 33
28 34
28 35
28 36
28 37
28 38
28 40
28 41
28 42
28 43
28 44
28 45
28 46
28 47
28 48
28 49
29 30
29 31
29 32
29 33
29 34
29 35
29 36
29 37
29 38
29 39
29 40
29 42
29 45
29 46
29 47
29 48
29 49
30 31
30 32
30 33
30 34
30 35
30 36
30 37
30 38
30 39
30 40
30 41
30 42
30 43
30 44
30 45
30 46
30 47
30 48
31 32
31 33
31 34
31 35
31 36
31 37
31 38
31 39
31 41
31 42
31 43
31 46
31 47
32 33
32 34
32 35
32 36
32 37
32 38
32 39
32 40
32 41
32 42
32 43
32 44
32 45
32 46
33 34
33 35
33 36
33 37
33 38
33 40
33 41
33 43
33 44
33 45
33 46
33 47
33 48
34 35
34 36
34 37
34 41
34 42
34 43
34 45
34 46
34 47
34 48
34 49
35 36
35 37
35 38
35 39
35 40
35 43
35 44
35 45
35 46
35 49
36 38
36 39
36 40
36 41
36 42
36 43
36 44
36 45
36 46
36 47
36 48
36 49
37 38
37 39
37 40
37 41
37 42
37 43
37 44
37 45
37 46
37 47
37 48
37 49
38 39
38 40
38 41
38 42
38 43
38 46
38 47
38 48
39 40
39 41
39 42
39 43
39 44
39 47
39 49
40 41
40 44
40 46
40 47
40 48
40 49
41 42
41 43
41 45
41 46
41 47
41 48
42 43
42 44
42 45
42 47
43 44
43 45
43 46
43 48
43 49
44 45
44 47
44 48
45 46
45 47
45 49
46 47
46 49
47 48
47 49
48 49