770640274
3
55
176
0 3
0 10
0 11
0 14
0 15
0 20
0 24
0 30
0 31
0 40
0 0
0 34
1 3
1 4
1 5
1 7
1 22
1 48
1 38
2 3
2 4
2 8
2 10
2 13
2 23
2 29
3 4
3 5
3 6
3 7
3 12
3 14
3 15
3 23
3 25
3 26
3 28
3 32
3 37
3 38
3 41
3 42
3 43
3 52
3 54
3 34
4 5
4 6
4 13
4 25
4 29
4 34
4 39
4 43
4 45
5 6
5 8
5 9
5 11
5 21
5 26
5 27
5 30
5 34
5 37
5 47
5 49
5 52
5 54
5 51
6 7
6 8
6 9
7 17
7 35
7 42
7 49
8 9
8 10
8 16
8 17
8 19
8 29
8 33
8 44
8 52
9 12
9 13
9 14
9 20
9 22
9 32
9 36
9 40
9 15
10 11
10 12
10 19
10 31
10 39
10 47
10 10
11 17
11 18
11 25
11 50
12 18
13 16
13 18
13 23
13 24
13 26
13 33
13 43
13 54
14 15
14 20
14 22
14 24
14 27
14 28
14 32
14 33
14 35
14 36
14 40
14 45
14 53
14 31
15 16
15 31
15 38
15 47
15 48
15 27
17 33
18 19
18 21
18 28
18 34
18 36
18 49
18 50
19 21
20 21
20 38
20 35
21 27
21 46
21 22
21 50
22 30
23 35
23 37
24 45
24 51
25 42
26 44
29 48
29 49
30 41
31 39
31 41
34 42
34 53
35 41
36 46
38 44
40 45
41 45
43 46
43 51
44 53
45 50
47 51
50 54