42696665
1
55
103
0 1
0 37
1 2
1 3
1 4
1 7
1 23
1 33
1 36
1 37
1 43
1 51
1 22
1 29
1 30
1 31
1 34
1 50
2 5
2 16
2 22
2 25
2 47
2 48
2 36
2 27
3 4
3 46
4 6
4 8
4 10
4 15
4 52
4 20
4 35
4 39
4 51
5 11
5 26
5 23
5 6
5 7
5 13
5 17
5 18
5 48
6 9
6 47
8 9
8 12
8 14
8 18
8 20
8 29
8 42
8 50
8 37
8 16
10 13
10 34
10 53
10 37
10 14
11 38
12 37
14 17
15 24
15 33
17 19
17 38
17 39
17 37
17 41
18 21
18 28
18 30
18 31
18 54
18 38
19 32
19 24
19 42
19 44
20 35
21 25
23 46
23 50
23 36
25 32
26 27
26 44
26 49
29 32
32 51
32 54
35 40
37 41
37 49
38 43
40 48
43 45
44 52
52 54