343453845
2
55
151
0 2
0 3
0 5
0 9
0 11
0 15
0 17
0 21
0 25
0 36
0 47
0 53
0 33
0 8
0 23
0 45
1 2
1 3
1 8
1 13
1 19
1 28
1 34
1 31
1 29
2 4
2 6
2 9
2 10
2 11
2 17
2 33
2 35
2 53
2 54
3 4
3 5
3 12
3 23
3 40
3 53
3 20
3 32
4 7
4 15
4 10
5 6
5 7
5 10
5 12
5 21
5 25
6 8
6 14
6 16
6 19
6 20
6 33
6 37
6 41
6 7
6 10
6 49
7 23
7 26
7 29
7 52
7 13
7 38
8 14
8 18
8 22
8 28
8 30
8 43
9 18
9 20
9 29
9 30
9 50
9 11
10 13
10 24
10 36
10 38
10 48
10 49
10 54
10 14
10 17
10 21
10 25
10 39
10 52
11 16
11 34
11 35
12 26
12 41
12 46
12 51
12 38
13 22
13 27
13 39
14 44
15 34
16 31
16 34
17 54
17 22
18 20
19 37
19 40
19 43
20 24
20 35
20 50
21 44
21 46
22 51
22 44
23 48
23 40
24 27
24 36
24 54
25 33
26 43
26 27
27 42
28 41
28 48
30 31
30 32
31 32
31 39
31 41
33 45
33 49
33 37
34 38
34 35
34 36
35 47
36 42
38 52
41 45
42 45
43 53
45 50