440363017
2
55
127
0 2
0 3
0 4
0 7
0 10
0 11
0 14
0 45
0 19
0 52
1 2
1 19
1 9
2 3
2 5
2 7
2 8
2 14
2 16
2 20
2 24
2 25
2 31
2 32
2 36
2 50
2 54
3 4
3 6
3 12
3 19
3 20
3 31
3 38
3 44
3 47
3 53
3 34
4 5
4 24
5 6
5 9
5 19
5 22
5 27
5 29
5 34
5 49
5 21
5 28
6 8
6 13
6 15
6 22
6 30
6 39
7 10
7 11
7 18
7 33
7 43
7 52
8 9
8 13
8 17
8 24
8 27
8 40
9 23
9 30
9 34
9 41
9 43
10 12
10 18
10 21
10 25
11 15
11 37
11 16
11 31
11 50
12 16
12 17
13 51
14 15
15 23
15 35
16 21
16 52
17 39
18 48
19 26
19 29
19 36
19 51
20 37
21 26
21 28
21 46
22 40
23 35
24 28
24 35
24 37
24 42
24 47
24 48
24 52
25 38
26 33
26 38
26 42
27 41
27 54
27 39
28 32
29 46
29 50
31 45
32 43
34 49
37 45
42 44
43 44
48 52
52 53