798706148
4
55
248
0 4
0 5
0 6
0 7
0 8
0 9
0 11
0 15
0 17
0 18
0 19
0 23
0 24
0 26
0 28
0 30
0 31
0 32
0 34
0 46
0 50
0 54
0 29
0 13
0 36
1 4
1 5
1 6
1 7
1 8
1 10
1 12
1 16
1 17
1 18
1 19
1 22
1 26
1 28
1 32
1 33
1 37
1 38
1 48
1 51
1 50
1 45
2 4
2 6
2 9
2 11
2 12
2 22
2 30
2 16
3 4
3 5
3 8
3 13
3 15
3 20
3 26
3 31
3 34
3 39
3 45
3 35
4 5
4 10
4 11
4 16
4 17
4 20
4 28
4 30
4 31
4 39
4 45
4 48
4 49
4 35
4 9
4 44
5 6
5 7
5 12
5 13
5 14
5 20
5 21
5 25
5 27
5 36
5 48
5 52
5 26
5 23
5 33
5 41
6 7
6 10
6 13
6 14
6 28
6 37
6 38
6 40
6 42
6 15
6 39
7 8
7 9
7 10
7 11
7 21
7 27
7 29
7 36
7 43
7 45
7 50
7 17
7 53
8 9
8 16
8 18
8 25
8 27
8 33
8 35
8 37
8 40
8 41
8 44
8 54
8 24
8 12
9 12
9 13
9 14
9 15
9 17
9 18
9 20
9 23
9 24
9 25
9 26
9 29
9 31
9 34
9 39
9 43
9 53
9 54
9 11
9 22
9 27
9 32
10 14
10 23
10 24
10 32
10 35
10 52
10 15
11 16
11 42
11 19
12 21
12 51
13 35
13 43
14 15
14 44
14 46
14 53
15 30
15 35
15 39
15 45
15 47
15 51
15 53
16 22
16 29
17 19
17 29
17 46
17 48
17 52
17 49
17 54
18 19
18 27
18 36
18 37
18 40
18 41
18 43
18 54
18 44
19 23
19 30
20 21
20 22
20 24
21 33
21 28
22 25
22 36
22 42
22 50
22 52
24 47
24 49
24 33
24 38
26 42
26 44
26 30
28 47
29 41
29 31
29 30
30 40
30 49
30 42
31 32
31 33
31 34
31 38
31 44
31 46
31 49
31 50
31 52
33 48
35 53
37 38
37 41
37 53
37 54
39 50
40 50
43 47
43 54
47 51