7945910
5
55
272
0 5
0 6
0 7
0 8
0 12
0 14
0 21
0 25
0 29
0 37
0 46
0 22
0 41
1 5
1 6
1 7
1 9
1 10
1 12
1 15
1 21
1 24
1 28
1 31
1 41
1 43
1 47
1 50
1 52
1 3
2 5
2 6
2 7
2 8
2 10
2 11
2 12
2 15
2 18
2 19
2 20
2 24
2 32
2 35
2 39
2 41
2 42
2 53
3 5
3 6
3 11
3 13
3 16
3 17
3 18
3 27
3 40
4 5
4 7
4 22
4 25
4 29
4 30
5 6
5 7
5 8
5 9
5 10
5 11
5 12
5 15
5 19
5 23
5 26
5 28
5 37
5 39
5 42
5 48
5 49
6 8
6 9
6 10
6 11
6 13
6 16
6 20
6 21
6 24
6 26
6 30
6 34
6 38
6 44
6 45
6 49
6 50
6 52
6 27
7 8
7 9
7 11
7 13
7 15
7 16
7 18
7 19
7 22
7 27
7 28
7 29
7 35
7 36
7 38
7 40
7 46
8 9
8 13
8 17
8 20
8 24
8 29
8 31
8 33
8 42
8 45
8 47
8 49
8 51
8 53
8 54
8 21
8 30
9 10
9 16
9 17
9 20
9 23
9 28
9 30
9 31
9 34
9 36
9 38
9 41
9 54
10 12
10 13
10 14
10 15
10 16
10 17
10 18
10 21
10 27
10 33
10 34
10 35
10 36
10 37
10 39
10 41
10 46
10 48
10 52
11 14
11 19
11 21
11 24
11 26
11 43
11 48
11 13
12 14
12 25
12 32
12 37
12 17
12 36
13 14
13 22
14 22
14 30
14 36
14 45
14 43
15 17
15 19
15 23
15 25
15 28
15 33
15 37
15 52
15 53
15 54
16 18
16 23
16 32
16 34
16 36
16 44
17 35
17 39
17 42
17 47
17 50
18 20
18 32
18 43
19 26
19 40
19 49
20 51
21 22
21 23
21 25
21 26
21 27
21 30
21 35
21 41
21 51
21 54
21 52
22 33
22 40
22 43
23 38
23 40
23 53
24 29
24 31
24 34
24 52
25 52
26 27
26 31
26 33
26 38
26 47
26 50
27 39
27 45
28 32
28 44
29 40
29 43
29 44
30 42
30 45
30 48
30 49
31 49
31 40
32 44
33 46
35 45
35 51
35 35
37 41
38 39
38 47
39 46
39 53
45 52
46 48
47 50
48 51
48 52
48 54
49 50