877496981
3
55
200
0 3
0 4
0 5
0 6
0 7
0 8
0 10
0 11
0 14
0 18
0 20
0 21
0 22
0 23
0 25
0 27
0 44
0 49
0 29
1 3
1 4
1 5
1 7
1 12
1 24
1 29
1 39
1 47
1 52
1 45
1 23
2 3
2 39
3 4
3 5
3 6
3 7
3 8
3 13
3 17
3 22
3 30
3 31
3 35
3 36
3 49
3 10
3 45
4 6
4 9
4 10
4 11
4 12
4 13
4 18
4 26
4 29
4 33
4 38
4 41
4 43
4 46
4 49
4 52
4 32
5 16
5 42
5 53
5 6
5 14
6 9
6 10
6 19
6 20
6 21
6 23
6 49
6 51
7 8
7 9
7 15
7 19
7 24
7 32
7 37
7 39
7 48
7 54
8 15
8 17
8 33
8 51
8 52
8 54
8 49
8 9
8 18
8 28
8 53
9 12
9 13
9 15
9 16
9 27
9 32
9 43
9 45
9 17
9 25
9 38
10 11
10 14
10 19
10 31
10 42
10 45
10 46
11 14
11 35
11 36
11 39
11 43
11 38
12 24
12 30
12 47
12 15
12 43
13 34
13 18
14 16
14 38
14 20
15 18
15 20
15 26
15 34
15 44
15 31
16 17
16 22
16 38
16 53
17 21
17 27
17 34
17 49
18 25
18 50
18 33
19 23
19 28
19 48
19 52
19 22
19 34
20 30
20 40
21 49
22 45
23 29
23 39
23 50
24 25
24 26
24 28
24 40
24 42
24 44
24 50
24 54
25 36
25 41
26 28
26 33
26 45
27 41
27 35
28 31
28 51
28 37
29 37
29 48
30 48
30 52
31 32
31 36
32 35
32 53
34 37
34 46
35 41
38 44
38 50
39 40
39 39
40 48
40 42
45 47
48 54