363696986
6
55
297
0 6
0 7
0 10
0 14
0 17
0 18
0 23
0 30
0 32
0 37
0 38
0 39
0 41
0 42
0 45
0 47
0 50
0 46
1 6
1 7
1 8
1 9
1 10
1 11
1 12
1 13
1 15
1 16
1 17
1 24
1 28
1 29
1 31
1 33
1 34
1 36
1 39
1 45
1 46
1 50
1 51
2 6
2 7
2 8
2 10
2 11
2 12
2 14
2 15
2 18
2 20
2 23
2 30
3 6
3 7
3 8
3 9
3 12
3 15
3 19
3 20
3 28
3 39
3 40
3 42
3 44
4 6
4 8
4 9
4 15
4 17
4 19
4 20
4 21
4 25
4 27
4 30
4 39
5 6
5 7
5 53
6 7
6 8
6 9
6 10
6 11
6 12
6 13
6 14
6 15
6 17
6 19
6 20
6 21
6 23
6 24
6 25
6 28
6 30
6 32
6 35
6 40
6 43
6 47
6 48
7 8
7 9
7 10
7 16
7 22
7 26
7 46
7 53
7 18
8 9
8 10
8 11
8 12
8 14
8 16
8 17
8 18
8 19
8 20
8 34
8 37
8 43
8 44
9 11
9 12
9 13
9 17
9 18
9 21
9 23
9 25
9 26
9 28
9 29
9 35
9 36
9 42
9 46
9 49
9 53
9 34
10 11
10 13
10 16
10 20
10 22
10 24
10 26
10 29
10 35
10 49
10 50
10 52
10 54
11 13
11 14
11 19
11 29
11 31
11 38
11 47
11 53
12 13
12 14
12 15
12 16
12 18
12 21
12 22
12 25
12 27
12 28
12 29
12 31
12 39
12 41
12 52
12 54
13 25
13 26
13 28
13 32
13 33
13 40
13 46
14 21
14 32
14 34
14 37
14 43
14 51
14 52
15 16
15 24
15 27
15 29
15 31
15 33
15 37
15 43
16 18
16 22
16 25
16 31
16 35
16 38
16 44
16 47
16 48
16 52
17 33
17 36
17 37
17 38
17 54
18 19
18 21
18 40
18 45
18 48
19 22
19 23
19 26
19 27
19 32
19 35
19 39
19 40
19 41
19 47
19 52
20 22
20 31
20 45
20 52
20 54
21 24
21 33
21 36
22 23
22 26
22 27
22 32
22 34
22 38
22 49
23 24
23 27
24 30
24 47
25 33
25 37
25 41
25 43
25 45
25 49
25 50
25 51
25 54
26 30
26 46
27 34
27 36
27 42
28 49
28 53
29 34
31 35
33 38
33 43
33 48
34 36
34 41
35 40
35 44
35 45
35 54
36 53
37 41
37 48
38 44
38 48
39 44
40 42
40 51
41 42
43 50
43 51
45 46
45 50
47 49
48 51