95158958
4
55
224
0 4
0 5
0 6
0 7
0 10
0 11
0 12
0 13
0 15
0 17
0 24
0 38
0 50
0 54
1 4
1 5
1 8
1 9
1 10
1 11
1 13
1 16
1 19
1 23
1 28
1 30
1 37
1 38
1 42
1 33
1 6
1 25
2 4
2 9
3 4
3 5
3 6
3 7
3 8
3 15
3 16
3 17
3 19
3 25
3 26
3 27
3 28
3 29
3 32
3 34
3 35
3 36
3 39
3 42
3 43
3 49
3 54
4 5
4 6
4 7
4 8
4 9
4 11
4 12
4 13
4 15
4 17
4 18
4 20
4 21
4 23
4 24
4 28
4 29
4 30
4 32
4 35
4 36
4 39
4 40
4 47
4 50
4 49
4 46
4 16
5 6
5 7
5 27
5 31
5 34
5 35
5 41
5 45
5 49
5 39
5 53
6 9
6 14
6 16
6 23
6 26
6 30
6 37
6 39
6 46
6 51
6 53
6 49
6 20
7 8
7 10
7 11
7 18
7 25
7 28
7 29
7 34
7 40
7 43
7 44
7 46
7 54
7 12
8 10
8 12
8 13
8 20
8 21
8 27
8 31
8 32
8 39
8 54
9 12
9 16
9 22
9 37
9 46
9 50
10 14
10 15
10 19
10 20
10 33
10 36
10 41
10 43
10 44
10 45
10 48
10 34
11 14
11 17
11 45
12 20
12 21
12 22
12 26
12 31
12 41
13 14
13 18
13 22
13 23
13 25
13 44
13 45
13 54
14 18
14 24
14 37
15 26
16 19
16 40
17 24
17 31
17 33
17 43
17 53
19 21
19 25
19 52
20 54
21 22
21 27
21 29
21 33
21 38
21 40
21 45
21 47
21 48
21 52
22 48
22 50
22 51
23 30
23 44
23 47
24 32
24 34
24 47
25 46
27 49
27 37
27 30
28 49
29 41
30 35
31 48
31 53
32 33
33 38
33 42
34 36
36 47
38 42
38 51
39 51
39 52
42 53
46 49
48 52
48 49