487403114
7
55
369
0 7
0 8
0 10
0 11
0 12
0 13
0 15
0 17
0 18
0 20
0 23
0 41
0 44
0 45
0 47
0 22
0 37
1 7
1 9
1 10
1 12
1 15
1 17
1 30
1 31
1 36
1 39
1 46
1 49
1 47
2 7
2 8
2 9
2 10
2 11
2 20
2 22
2 25
2 40
2 47
2 51
2 36
2 54
3 7
3 8
3 11
3 12
3 15
3 33
3 35
3 43
3 44
3 9
3 42
4 7
4 8
4 9
4 11
4 13
4 14
4 16
4 18
4 19
4 23
4 28
4 31
4 35
4 37
4 39
4 42
4 46
4 48
4 51
4 52
4 24
5 7
5 8
5 9
5 12
5 13
5 14
5 16
5 17
5 21
5 28
5 33
5 42
5 45
5 48
5 43
5 46
6 7
6 8
6 9
6 10
6 11
6 19
6 23
6 30
6 32
6 34
6 39
6 46
7 8
7 9
7 10
7 11
7 12
7 13
7 16
7 17
7 21
7 23
7 26
7 27
7 32
7 33
7 43
7 45
7 47
7 50
7 53
7 15
7 41
8 9
8 10
8 11
8 12
8 14
8 15
8 16
8 17
8 18
8 19
8 20
8 22
8 24
8 25
8 26
8 27
8 28
8 29
8 30
8 39
8 41
8 42
8 47
8 50
8 53
8 54
8 40
8 44
9 10
9 15
9 16
9 17
9 18
9 19
9 21
9 23
9 37
9 38
9 45
9 46
10 13
10 14
10 15
10 20
10 24
10 25
10 26
10 29
10 30
10 31
10 34
10 39
10 48
10 52
10 54
10 27
11 12
11 13
11 14
11 16
11 17
11 20
11 25
11 27
11 30
11 32
11 33
11 35
11 36
11 37
11 38
11 39
11 41
11 49
11 26
12 13
12 14
12 18
12 19
12 21
12 22
12 24
12 27
12 28
12 29
12 34
12 35
12 36
12 38
12 47
12 50
12 53
12 15
13 14
13 15
13 18
13 19
13 21
13 22
13 24
13 26
13 27
13 31
13 44
13 46
13 49
13 50
13 51
13 54
13 45
14 16
14 21
14 22
14 23
14 25
14 27
14 32
14 35
14 36
14 38
14 45
14 17
15 18
15 19
15 20
15 21
15 24
15 26
15 32
15 33
15 37
15 46
15 48
15 54
15 34
16 22
16 24
16 30
16 33
16 46
17 20
17 24
17 25
17 34
17 36
17 41
17 44
17 45
17 18
18 22
18 27
18 28
18 33
18 40
18 43
19 25
19 29
19 31
19 35
19 38
19 48
19 52
19 32
20 23
20 28
20 29
20 42
20 26
21 26
21 34
21 36
21 51
21 52
22 26
22 29
23 28
23 29
23 30
23 40
23 41
23 47
24 32
24 35
24 44
25 40
26 31
26 41
26 43
26 49
26 38
27 54
27 27
28 40
28 49
28 50
29 47
29 51
30 31
30 34
30 36
30 37
30 38
30 40
30 42
30 43
30 51
31 32
31 44
31 52
32 34
32 42
32 49
32 50
32 33
33 43
34 37
34 47
34 48
35 42
35 53
36 37
37 38
37 39
37 40
37 48
37 51
37 54
39 45
39 52
40 41
40 43
41 53
42 54
43 44
43 50
43 52
43 53
43 46
44 53
46 48
46 49
47 53
50 52
50 51
51 52