854801430
8
55
393
0 8
0 9
0 11
0 12
0 13
0 14
0 21
0 23
0 35
0 36
0 39
0 40
0 41
0 43
0 53
1 8
1 9
1 10
1 11
1 15
1 16
1 17
1 21
1 24
1 25
1 27
1 28
1 29
1 37
1 39
1 42
2 8
2 9
2 10
2 12
2 14
2 15
2 17
2 22
2 24
2 49
2 54
3 8
3 9
3 10
3 11
3 12
3 20
3 23
3 24
3 28
3 33
3 45
3 47
4 8
5 8
5 9
5 10
5 12
5 13
5 14
5 17
5 18
5 19
5 20
5 29
5 30
5 51
6 8
6 9
6 10
6 11
6 12
6 16
6 18
6 21
6 22
6 24
6 32
6 38
6 44
6 28
7 8
7 9
7 10
7 11
7 13
7 14
7 16
7 17
7 18
7 21
7 22
7 23
7 26
7 29
7 32
7 33
7 43
7 53
7 54
7 49
8 9
8 10
8 11
8 12
8 13
8 14
8 15
8 16
8 18
8 19
8 20
8 25
8 26
8 29
8 30
8 33
8 34
8 40
8 41
8 42
8 44
8 46
8 47
8 49
8 51
8 50
9 10
9 11
9 12
9 13
9 15
9 16
9 18
9 20
9 22
9 24
9 26
9 27
9 30
9 31
9 33
9 35
9 36
9 37
9 39
9 46
9 47
9 49
9 50
9 52
9 54
10 11
10 13
10 14
10 15
10 16
10 17
10 19
10 20
10 23
10 25
10 27
10 28
10 29
10 31
10 35
10 39
10 41
10 42
10 44
10 45
10 48
10 51
10 54
10 10
11 12
11 13
11 14
11 15
11 16
11 19
11 21
11 22
11 27
11 28
11 32
11 36
11 37
11 44
11 47
11 48
12 13
12 15
12 16
12 21
12 25
12 26
12 28
12 30
12 33
12 35
12 38
12 42
12 46
12 50
12 52
12 53
12 17
13 14
13 15
13 17
13 23
13 24
13 27
13 31
13 34
13 40
13 43
13 46
13 49
14 17
14 18
14 19
14 21
14 24
14 29
14 34
14 40
14 41
14 42
14 52
14 15
15 18
15 19
15 22
15 25
15 31
15 34
15 37
15 41
15 43
15 44
15 45
15 46
15 47
15 50
15 42
15 36
16 17
16 20
16 25
16 26
16 33
16 40
16 44
16 50
16 52
17 18
17 19
17 20
17 22
17 23
17 24
17 25
17 27
17 28
17 30
17 33
17 34
17 35
17 37
18 19
18 21
18 23
18 26
18 27
18 28
18 29
18 30
18 34
18 36
18 39
18 43
18 44
18 49
18 52
18 53
19 20
19 27
19 35
19 36
19 41
20 22
20 30
20 32
20 52
20 53
20 24
21 51
21 54
22 23
22 25
22 26
22 29
22 31
22 32
22 33
22 36
22 38
22 40
22 42
22 43
22 44
22 49
22 52
22 35
23 26
23 30
23 32
23 46
24 28
24 36
24 37
24 39
24 41
24 48
24 51
25 31
25 45
26 31
26 38
26 40
26 50
26 52
26 53
27 36
27 38
27 45
27 37
27 39
27 30
28 32
28 42
28 43
28 46
28 47
29 31
29 35
29 38
29 45
29 47
29 48
29 50
29 53
30 32
30 34
30 35
30 48
31 34
31 41
32 37
32 38
33 39
34 48
34 50
34 54
35 37
35 39
35 48
35 41
36 38
36 42
36 49
36 45
37 51
37 54
38 43
38 47
39 40
39 46
39 50
40 45
40 54
40 44
44 45
44 53
45 48
45 53
46 51
48 49
50 51