8015885
6
55
321
0 6
0 7
0 8
0 14
0 16
0 24
0 30
0 52
1 6
1 7
1 8
1 12
1 14
1 19
1 20
1 23
1 27
1 28
1 30
1 32
1 42
1 49
1 13
2 6
2 7
2 9
2 10
2 11
2 20
2 21
2 26
2 29
2 33
2 36
2 40
2 41
2 43
2 44
2 49
2 50
2 51
2 17
2 47
3 6
3 7
3 8
3 13
3 15
3 19
3 24
3 31
3 43
3 25
4 6
4 7
4 8
4 9
4 10
4 11
4 12
4 13
4 14
4 16
4 17
4 18
4 21
4 22
4 23
4 24
4 27
4 28
4 30
4 34
4 36
4 42
4 44
4 45
4 46
4 50
4 51
4 52
4 53
5 6
5 9
5 11
5 13
5 18
5 22
5 28
5 36
5 39
5 47
5 53
5 25
6 7
6 8
6 9
6 10
6 11
6 14
6 15
6 17
6 18
6 19
6 20
6 23
6 24
6 25
6 31
6 32
6 33
6 34
6 36
6 38
6 39
6 43
6 45
6 48
6 49
6 51
6 53
6 6
6 22
6 27
7 8
7 9
7 10
7 11
7 12
7 14
7 15
7 16
7 21
7 24
7 27
7 28
7 29
7 31
7 32
7 37
7 38
7 43
7 46
7 48
7 52
7 18
7 19
8 9
8 10
8 11
8 12
8 13
8 16
8 17
8 19
8 25
8 26
8 28
8 29
8 34
8 36
8 37
8 47
8 51
8 54
8 52
9 10
9 12
9 15
9 21
9 22
9 33
9 41
9 42
9 45
9 53
9 43
10 13
10 16
10 17
10 18
10 26
10 29
10 33
10 42
10 45
10 49
10 50
10 21
10 20
11 12
11 13
11 25
11 26
11 32
11 35
11 40
11 45
11 50
11 24
12 14
12 15
12 20
12 23
12 27
12 29
12 35
12 37
12 38
12 47
13 15
13 16
13 17
13 18
13 21
13 25
13 27
13 31
13 47
13 52
13 29
13 42
14 37
14 40
14 41
15 19
15 34
15 37
15 39
15 49
15 17
16 17
16 18
16 20
16 25
16 27
16 30
16 31
16 32
16 34
16 38
17 19
17 22
17 38
17 42
17 48
17 53
17 21
18 21
18 22
18 23
18 33
18 34
18 41
18 53
18 30
19 20
19 28
19 32
19 36
19 40
19 44
19 52
19 54
20 22
20 23
20 26
20 43
21 24
21 35
21 40
21 47
21 54
22 25
22 31
22 49
22 52
23 26
24 30
24 46
24 47
25 30
25 33
25 41
25 48
25 25
26 29
26 35
26 39
27 38
27 39
27 46
28 37
28 43
28 38
30 35
30 48
32 35
32 42
33 52
33 49
34 46
34 48
35 44
36 39
36 41
37 50
37 51
39 40
39 41
39 44
40 44
40 54
40 47
41 54
43 45
44 46
45 50
47 54
49 51
52 54