989545719
9
55
442
0 9
0 10
0 11
0 12
0 13
0 15
0 21
0 24
0 26
0 32
0 34
0 39
0 40
0 47
0 53
1 9
1 10
1 11
1 12
1 13
1 14
1 15
1 16
1 17
1 18
1 19
1 20
1 23
1 25
1 27
1 28
1 30
1 31
1 35
1 38
1 44
1 45
1 48
1 50
1 54
1 8
2 9
2 10
2 11
2 12
2 14
2 18
2 20
2 28
2 29
2 36
2 45
2 48
2 52
2 53
2 54
2 44
3 9
3 11
3 12
3 13
3 26
3 30
3 31
3 33
3 41
3 49
3 52
3 28
3 45
4 9
4 10
4 29
4 36
4 34
5 9
5 10
5 12
5 13
5 14
5 16
5 17
5 18
5 36
5 43
5 46
5 47
6 9
6 10
6 11
6 14
6 16
6 17
6 18
6 29
6 40
6 47
6 31
7 9
7 10
7 11
7 14
7 15
7 17
7 19
7 23
7 30
7 31
7 32
7 34
7 37
7 38
7 41
7 42
7 49
7 50
7 54
8 9
8 10
8 11
8 12
8 13
8 15
8 16
8 20
8 21
8 25
8 28
8 42
8 49
9 10
9 11
9 12
9 13
9 14
9 15
9 18
9 20
9 22
9 23
9 25
9 26
9 27
9 28
9 37
9 38
9 42
9 44
9 53
9 36
10 11
10 12
10 13
10 14
10 15
10 16
10 17
10 18
10 19
10 21
10 23
10 28
10 29
10 31
10 32
10 33
10 34
10 35
10 36
10 39
10 40
10 47
10 50
10 53
10 20
10 48
11 12
11 13
11 14
11 15
11 16
11 17
11 18
11 19
11 21
11 22
11 23
11 26
11 27
11 28
11 31
11 35
11 36
11 39
11 40
11 42
11 45
11 50
11 54
12 13
12 14
12 15
12 16
12 18
12 19
12 21
12 22
12 24
12 25
12 26
12 27
12 29
12 30
12 31
12 35
12 39
12 43
12 44
12 46
12 47
12 48
12 50
12 51
12 53
13 17
13 20
13 21
13 22
13 23
13 24
13 25
13 27
13 31
13 33
13 34
13 35
13 36
13 37
13 38
13 41
13 43
13 44
13 48
13 51
13 39
13 15
14 15
14 16
14 17
14 18
14 19
14 20
14 22
14 23
14 30
14 31
14 32
14 38
14 45
14 49
14 53
14 28
14 26
15 16
15 19
15 20
15 25
15 26
15 30
15 41
15 45
15 46
15 52
15 49
16 17
16 24
16 32
16 37
16 39
16 52
16 28
17 19
17 20
17 21
17 24
17 25
17 32
17 43
17 51
17 52
17 54
17 27
17 53
18 19
18 20
18 22
18 24
18 27
18 30
18 34
18 36
18 37
18 38
18 40
18 43
18 44
18 46
18 47
18 35
18 21
19 21
19 22
19 24
19 30
19 33
19 34
19 42
19 53
19 41
19 46
20 21
20 22
20 23
20 25
20 27
20 28
20 29
20 32
20 42
20 51
21 22
21 23
21 24
21 25
21 26
21 28
21 33
21 34
21 38
21 32
22 24
22 26
22 27
22 29
22 34
22 37
22 42
22 46
22 48
23 26
23 29
23 36
23 37
23 39
23 45
23 48
24 28
24 32
24 33
24 35
24 37
24 38
24 45
24 46
25 27
25 33
25 35
25 52
26 31
26 34
26 40
26 41
27 33
27 35
27 41
27 47
27 52
27 53
28 29
28 30
28 32
28 35
28 42
28 44
28 45
28 51
28 53
29 37
29 32
30 41
30 43
30 48
30 49
30 50
30 54
30 45
31 39
31 40
31 42
31 43
31 51
31 52
32 33
32 38
32 44
32 45
32 49
32 52
33 36
33 43
33 46
33 49
34 39
34 41
34 44
34 48
34 47
35 40
35 47
35 48
35 49
35 51
36 39
36 40
36 49
37 46
37 51
38 43
39 41
39 50
40 44
40 47
40 50
41 46
41 51
44 51
45 50
46 54
48 50
51 52
52 54
53 54