180943263
11
55
490
0 11
0 12
0 13
0 15
0 21
0 30
0 38
0 40
0 41
0 46
0 48
1 11
1 12
1 13
1 14
1 16
1 17
1 18
1 19
1 20
1 21
1 24
1 28
1 29
1 33
1 38
1 39
1 42
1 45
1 47
1 52
1 53
2 11
2 12
2 13
2 14
2 16
2 17
2 18
2 19
2 21
2 22
2 23
2 24
2 25
2 27
2 30
2 34
2 35
2 38
2 41
2 42
2 43
2 44
2 48
2 50
2 54
3 11
3 12
3 13
3 14
3 17
3 20
3 28
3 33
3 39
3 40
3 44
3 46
3 48
3 52
3 6
4 11
4 12
4 13
4 14
4 15
4 22
4 25
4 27
4 30
4 33
4 34
4 40
4 41
4 49
4 50
5 11
5 12
5 13
5 15
5 16
5 21
5 25
5 32
5 41
6 11
6 12
6 14
6 15
6 16
6 19
6 25
6 31
6 37
6 39
7 11
7 12
7 13
7 14
7 15
7 16
7 17
7 19
7 20
7 22
7 24
7 25
7 27
7 28
7 29
7 31
7 32
7 36
7 38
7 39
7 41
7 42
7 43
7 44
7 45
7 47
7 48
7 49
7 51
7 53
8 11
8 12
8 13
8 14
8 15
8 17
8 18
8 19
8 25
8 26
8 31
8 39
9 11
9 12
9 13
9 14
9 16
9 17
9 18
9 19
9 20
9 23
9 24
9 31
9 35
9 37
9 44
9 50
10 11
10 15
10 16
10 18
10 23
10 32
10 51
11 12
11 13
11 14
11 15
11 16
11 17
11 18
11 20
11 21
11 22
11 23
11 24
11 26
11 28
11 29
11 31
11 37
11 43
11 44
11 46
11 49
11 52
12 13
12 14
12 15
12 16
12 17
12 18
12 19
12 20
12 21
12 22
12 23
12 30
12 31
12 32
12 33
12 37
12 41
12 42
12 43
12 44
12 45
12 47
12 48
12 49
12 50
12 51
12 52
12 53
12 54
12 27
13 14
13 15
13 16
13 18
13 20
13 21
13 22
13 23
13 24
13 25
13 27
13 28
13 29
13 31
13 32
13 33
13 34
13 36
13 37
13 38
13 40
13 41
13 45
13 47
13 48
13 50
13 54
14 15
14 17
14 18
14 19
14 21
14 22
14 24
14 26
14 27
14 32
14 34
14 35
14 37
14 38
14 41
14 43
14 44
14 48
14 49
14 54
15 16
15 17
15 19
15 25
15 26
15 28
15 30
15 31
15 34
15 35
15 46
15 48
16 17
16 18
16 19
16 20
16 22
16 23
16 26
16 27
16 28
16 29
16 30
16 31
16 34
16 36
16 40
16 42
16 52
17 18
17 20
17 21
17 22
17 23
17 25
17 26
17 28
17 31
17 32
17 33
17 34
17 36
17 44
17 45
17 47
17 48
17 51
17 53
17 19
18 19
18 20
18 21
18 22
18 24
18 25
18 26
18 27
18 39
18 40
18 43
18 45
18 47
18 49
18 50
18 51
18 54
19 20
19 23
19 29
19 30
19 33
19 36
19 38
19 39
19 40
19 49
19 50
19 51
19 53
20 21
20 23
20 24
20 26
20 27
20 28
20 30
20 31
20 35
20 36
20 38
20 43
20 45
20 51
20 52
21 22
21 24
21 26
21 32
21 37
21 39
21 40
21 43
21 44
21 45
21 46
21 50
21 53
21 54
22 23
22 24
22 26
22 27
22 28
22 29
22 30
22 33
22 35
22 37
22 40
22 42
22 47
22 50
22 25
23 25
23 27
23 29
23 32
23 33
23 34
23 35
23 45
24 26
24 29
24 34
24 36
24 37
24 38
24 40
24 45
24 52
24 53
24 47
25 30
25 32
25 34
25 41
25 42
25 47
25 54
26 27
26 30
26 35
26 46
27 28
27 29
27 34
27 43
27 49
27 53
27 54
28 29
28 33
28 36
28 41
28 45
28 46
28 47
28 49
28 50
28 54
29 36
29 44
29 53
30 32
30 35
30 42
30 43
30 47
31 35
31 51
32 33
32 35
32 38
32 42
32 52
32 53
33 36
33 37
33 39
33 46
33 52
34 36
34 41
34 42
34 43
34 44
34 49
34 51
35 48
36 37
36 38
36 39
36 46
36 50
37 39
37 40
37 42
37 51
39 46
42 51
43 47
43 54
44 53
44 49
45 46
45 48
45 52
46 52
47 49
51 54