58757560
13
55
563
0 13
0 14
0 15
0 17
0 20
0 28
0 30
0 37
0 54
1 13
1 14
1 15
1 16
1 17
1 18
1 22
1 23
1 27
1 30
1 32
1 36
1 37
1 49
2 13
2 14
2 15
2 16
2 17
2 19
2 20
2 23
2 27
2 28
2 33
2 38
2 39
2 51
2 46
3 13
3 14
3 15
3 17
3 18
3 20
3 21
3 51
3 25
4 13
4 14
4 15
4 16
4 17
4 21
4 22
4 23
4 37
4 48
4 51
5 13
5 14
5 18
5 20
5 22
5 24
5 29
5 30
5 31
5 37
5 5
6 13
6 14
6 15
6 16
6 17
6 18
6 19
6 22
6 26
6 29
6 34
6 37
6 39
6 41
6 46
6 47
6 51
7 13
7 14
7 15
7 16
7 18
7 19
7 20
7 22
7 25
7 28
7 31
7 39
7 41
7 44
7 48
7 52
7 53
7 54
8 13
8 15
8 16
8 17
8 19
8 20
8 21
8 23
8 24
8 26
8 29
8 33
8 35
8 37
8 38
8 46
8 47
8 48
8 49
8 51
8 53
8 52
9 13
9 14
9 15
9 16
9 19
9 21
9 26
9 27
9 30
9 32
9 33
9 36
9 39
9 41
9 44
9 51
9 40
10 13
10 14
10 15
10 16
10 17
10 18
10 19
10 21
10 22
10 23
10 24
10 25
10 27
10 32
10 34
10 36
10 42
10 44
10 46
10 51
10 52
11 13
11 14
11 15
11 16
11 18
11 20
11 21
11 24
11 25
11 27
11 29
11 33
11 35
11 41
11 44
11 46
11 47
11 48
11 52
11 54
11 51
12 13
12 14
12 16
12 17
12 18
12 19
12 21
12 26
12 27
12 28
12 31
12 35
12 36
12 39
12 42
12 52
12 15
13 14
13 15
13 16
13 17
13 18
13 19
13 20
13 22
13 23
13 24
13 25
13 26
13 28
13 31
13 32
13 33
13 37
13 40
13 42
13 44
13 48
13 50
13 52
13 53
14 15
14 16
14 17
14 18
14 19
14 20
14 21
14 22
14 23
14 24
14 25
14 26
14 28
14 30
14 33
14 34
14 38
14 40
14 41
14 43
14 47
14 49
14 54
15 16
15 17
15 18
15 19
15 20
15 21
15 22
15 23
15 24
15 25
15 29
15 31
15 38
15 42
15 43
15 44
15 45
15 49
15 50
15 54
16 17
16 18
16 19
16 20
16 21
16 22
16 23
16 24
16 26
16 27
16 30
16 33
16 39
16 40
16 42
16 43
16 44
16 45
16 49
16 51
16 52
17 18
17 19
17 21
17 23
17 24
17 25
17 27
17 28
17 29
17 30
17 31
17 32
17 34
17 35
17 36
17 38
17 42
17 43
17 46
17 47
17 50
17 54
18 19
18 20
18 22
18 23
18 24
18 25
18 27
18 28
18 29
18 31
18 33
18 36
18 40
18 43
18 44
18 48
18 51
18 53
19 20
19 21
19 22
19 23
19 24
19 25
19 26
19 27
19 29
19 32
19 33
19 35
19 38
19 49
19 50
19 51
19 54
19 41
20 21
20 26
20 28
20 29
20 30
20 31
20 32
20 33
20 34
20 35
20 36
20 38
20 39
20 40
20 41
20 43
20 45
20 49
20 52
20 53
21 22
21 25
21 26
21 28
21 29
21 32
21 35
21 38
21 40
21 41
21 45
21 48
21 51
21 53
21 24
22 23
22 24
22 25
22 26
22 27
22 28
22 29
22 30
22 31
22 34
22 37
22 38
22 40
22 42
22 46
22 54
23 24
23 25
23 26
23 27
23 29
23 30
23 31
23 32
23 34
23 36
23 37
23 38
23 39
23 42
23 43
23 44
23 47
23 48
23 49
23 50
23 52
23 53
23 54
23 35
24 25
24 26
24 27
24 29
24 31
24 32
24 33
24 34
24 35
24 36
24 39
24 41
24 45
24 52
25 30
25 33
25 37
25 40
25 42
25 45
25 27
26 28
26 32
26 34
26 43
26 45
26 51
26 53
27 28
27 30
27 32
27 35
27 38
27 46
27 48
27 54
28 34
28 35
28 39
28 43
28 44
28 46
28 54
28 32
29 30
29 31
29 32
29 33
29 34
29 35
29 36
29 37
29 40
29 41
29 45
29 47
29 48
29 50
30 31
30 35
30 36
30 37
30 39
30 41
30 42
30 44
30 49
30 50
30 52
31 34
31 35
31 41
31 45
31 47
31 50
32 37
32 41
32 43
32 45
32 46
32 49
32 53
32 48
33 34
33 38
33 39
33 40
33 45
33 46
33 48
34 36
34 40
34 43
34 48
35 36
35 40
35 47
35 49
35 51
36 39
36 41
36 42
36 45
36 46
36 47
36 54
37 38
37 40
37 45
37 47
37 50
37 37
38 43
39 42
39 48
39 52
40 43
40 44
40 47
40 53
41 42
41 46
41 50
41 52
42 44
42 46
42 51
43 47
43 49
44 49
44 50
44 53
45 50
46 50
47 54
47 48
48 53
48 54
50 52
52 53