835391824
12
55
539
0 12
0 13
0 15
0 16
0 17
0 27
0 34
0 39
0 41
0 45
0 47
0 48
0 54
0 2
1 12
1 13
1 14
1 15
1 16
1 17
1 18
1 19
1 21
1 22
1 24
1 25
1 26
1 33
1 34
1 45
1 46
1 47
2 12
2 13
2 14
2 15
2 16
2 18
2 19
2 20
2 28
2 29
2 43
2 45
2 50
2 40
2 25
3 12
3 13
3 14
3 15
3 16
3 18
3 20
3 21
3 25
3 27
3 29
3 32
3 33
3 37
3 38
3 40
3 48
3 3
4 12
4 13
4 14
4 15
4 21
4 22
4 23
4 39
4 40
4 41
5 12
5 13
5 14
5 18
5 20
5 21
5 22
5 24
5 32
5 33
5 34
5 38
5 43
5 50
6 12
6 14
6 16
6 17
6 18
6 19
6 23
6 24
6 25
6 29
6 30
6 33
6 34
6 36
6 37
6 42
6 49
6 51
6 52
6 53
6 32
6 47
7 12
7 13
7 14
7 15
7 17
7 20
7 21
7 22
7 23
7 24
7 26
7 27
7 28
7 30
7 34
7 35
7 10
8 12
8 13
8 14
8 15
8 16
8 18
8 19
8 20
8 23
8 27
8 28
8 29
8 30
8 31
8 34
8 35
8 37
8 43
8 45
8 46
8 48
8 54
8 11
8 33
9 12
9 13
9 16
9 17
9 21
9 24
9 28
9 31
9 47
9 48
10 12
10 13
10 14
10 15
10 17
10 19
10 22
10 23
10 24
10 25
10 26
10 31
10 33
11 12
11 13
11 14
11 15
11 16
11 17
11 20
11 27
11 28
11 30
11 31
11 36
11 46
11 48
11 49
11 51
11 23
12 13
12 14
12 15
12 16
12 17
12 18
12 19
12 22
12 23
12 24
12 25
12 26
12 27
12 31
12 32
12 36
12 37
12 39
12 42
12 44
12 45
12 48
12 51
12 52
13 14
13 15
13 16
13 17
13 18
13 19
13 20
13 21
13 22
13 23
13 24
13 26
13 27
13 28
13 32
13 35
13 36
13 37
13 39
13 40
13 42
13 43
13 51
14 15
14 16
14 17
14 18
14 19
14 21
14 23
14 25
14 28
14 29
14 30
14 35
14 36
14 42
14 43
14 44
14 47
14 48
14 53
15 16
15 17
15 18
15 19
15 20
15 22
15 23
15 25
15 26
15 29
15 30
15 33
15 35
15 36
15 37
15 39
15 40
15 41
15 44
15 46
15 47
15 50
15 53
15 54
16 17
16 18
16 19
16 20
16 21
16 22
16 24
16 26
16 27
16 30
16 37
16 39
16 43
16 44
16 46
16 48
16 50
16 31
17 18
17 19
17 20
17 21
17 22
17 23
17 25
17 26
17 27
17 28
17 29
17 30
17 31
17 32
17 33
17 34
17 35
17 40
17 41
17 44
17 45
17 47
17 48
17 49
17 52
17 54
18 19
18 20
18 21
18 23
18 24
18 25
18 27
18 28
18 29
18 30
18 31
18 32
18 38
18 40
18 41
18 48
18 49
18 53
19 20
19 22
19 26
19 27
19 31
19 35
19 36
19 38
19 44
19 46
19 49
20 21
20 23
20 25
20 26
20 33
20 34
20 35
20 38
20 42
20 45
20 46
20 48
20 49
20 52
20 53
20 54
20 29
20 27
20 32
21 22
21 24
21 26
21 28
21 29
21 30
21 31
21 32
21 33
21 39
21 40
21 42
21 43
21 46
21 50
22 30
22 32
22 34
22 37
22 40
22 49
22 52
22 53
22 54
22 31
23 24
23 25
23 32
23 35
23 41
23 49
23 50
23 51
23 52
23 54
23 53
23 34
24 25
24 27
24 29
24 31
24 32
24 33
24 34
24 35
24 36
24 37
24 40
24 42
24 47
24 49
24 52
24 53
25 26
25 28
25 36
25 37
25 38
25 42
25 43
25 44
26 29
26 30
26 34
26 35
26 36
26 38
26 41
26 43
26 46
26 53
27 28
27 33
27 35
27 37
27 38
27 39
27 40
27 44
27 45
27 53
27 54
28 29
28 31
28 35
28 39
28 43
28 46
28 47
28 50
28 52
28 34
29 31
29 32
29 36
29 39
29 45
29 47
29 50
30 32
30 38
30 39
30 33
31 33
31 34
31 36
31 38
31 41
31 47
31 51
32 38
32 40
32 42
32 47
32 49
32 52
32 53
33 42
33 43
33 47
33 52
33 53
34 50
34 44
35 46
35 50
36 37
36 41
36 46
36 50
36 53
37 38
37 40
37 41
37 42
37 43
37 44
37 45
37 50
37 54
38 39
38 45
39 41
39 44
39 49
39 51
40 41
40 44
40 45
40 48
40 51
41 42
41 51
42 49
42 51
42 52
43 44
45 54
46 51
48 54
49 52
50 51
50 54
51 52
53 54