522516655
14
55
587
0 14
0 15
0 16
0 17
0 18
0 19
0 25
0 26
0 29
0 31
0 34
0 38
0 39
0 41
0 49
0 33
1 14
1 15
1 16
1 19
1 22
1 25
1 26
1 29
1 30
1 31
1 34
1 37
1 38
1 39
1 41
1 50
1 52
1 53
2 14
2 15
2 16
2 17
2 18
2 19
2 24
2 33
2 34
2 37
2 40
2 42
2 44
2 46
2 47
2 53
2 54
3 14
3 15
3 18
3 20
3 21
3 22
3 27
3 30
3 37
3 39
3 40
3 41
3 43
3 44
3 50
3 7
4 14
4 15
4 16
4 17
4 18
4 19
4 20
4 21
4 22
4 23
4 24
4 26
4 28
4 29
4 30
4 31
4 36
4 38
4 41
4 43
4 47
4 50
4 52
5 14
5 15
5 16
5 17
5 18
5 22
5 26
5 36
5 41
5 54
6 14
6 15
6 16
6 17
6 20
6 21
6 25
6 29
6 30
6 32
6 38
6 41
6 44
6 48
6 49
6 53
7 14
7 15
7 16
7 17
7 18
7 19
7 20
7 21
7 23
7 24
7 25
7 26
7 27
7 29
7 33
7 35
7 36
7 37
7 38
7 39
7 40
7 45
7 46
7 48
7 49
7 51
8 14
8 15
8 16
8 17
8 18
8 19
8 20
8 21
8 23
8 26
8 27
8 28
8 29
8 32
8 35
8 53
8 54
8 41
9 14
9 15
9 16
9 17
9 18
9 19
9 20
9 24
9 25
9 27
9 28
9 30
9 41
9 43
9 44
9 48
9 50
9 51
9 54
10 14
10 15
10 16
10 17
10 18
10 21
10 22
10 23
10 27
10 28
10 29
10 31
10 39
10 40
10 42
10 46
10 47
10 32
10 20
11 14
11 16
11 17
11 18
11 19
11 20
11 21
11 23
11 27
11 29
11 30
11 35
11 37
11 42
11 47
11 50
11 51
11 52
12 14
12 15
12 20
12 22
12 24
12 25
12 30
12 33
12 34
12 35
12 37
12 46
13 14
13 15
13 16
13 17
13 19
13 20
13 22
13 23
13 24
13 25
13 28
13 30
13 32
13 35
13 52
13 53
13 54
14 15
14 16
14 17
14 18
14 19
14 20
14 21
14 22
14 23
14 25
14 26
14 27
14 28
14 31
14 33
14 35
14 38
14 39
14 40
14 42
14 43
14 44
14 45
14 46
14 47
14 48
14 49
14 52
14 53
14 54
14 32
15 16
15 17
15 18
15 19
15 20
15 21
15 22
15 23
15 24
15 25
15 26
15 27
15 28
15 29
15 30
15 32
15 33
15 34
15 36
15 37
15 38
15 40
15 41
15 42
15 43
15 45
15 47
15 48
15 54
16 17
16 18
16 19
16 21
16 22
16 23
16 24
16 26
16 27
16 28
16 32
16 34
16 35
16 36
16 39
16 41
16 45
16 54
16 43
17 18
17 19
17 20
17 21
17 22
17 23
17 24
17 25
17 29
17 30
17 36
17 37
17 38
17 42
17 44
17 45
17 49
18 19
18 20
18 21
18 22
18 23
18 24
18 27
18 28
18 29
18 30
18 32
18 33
18 35
18 36
18 43
18 46
18 47
18 52
18 54
18 49
19 20
19 21
19 23
19 24
19 25
19 26
19 31
19 33
19 34
19 37
19 38
19 41
19 43
19 44
19 45
19 46
19 51
19 54
19 47
19 49
20 21
20 22
20 23
20 27
20 28
20 29
20 31
20 34
20 36
20 37
20 38
20 39
20 40
20 42
20 48
20 51
20 52
20 53
21 22
21 24
21 26
21 29
21 30
21 31
21 33
21 36
21 40
21 43
21 45
21 46
21 49
21 53
22 23
22 24
22 25
22 27
22 28
22 31
22 32
22 36
22 39
22 40
22 44
22 45
22 48
22 50
22 51
23 24
23 25
23 26
23 28
23 29
23 31
23 32
23 34
23 36
23 37
23 38
23 40
23 41
23 42
23 43
23 44
23 45
23 46
23 49
23 50
23 52
23 53
24 25
24 26
24 27
24 28
24 32
24 33
24 34
24 35
24 36
24 40
24 44
24 46
24 51
25 26
25 31
25 40
25 48
25 51
25 53
26 27
26 28
26 31
26 32
26 33
26 34
26 35
26 37
26 38
26 39
26 44
26 48
26 50
27 30
27 32
27 33
27 35
27 36
27 47
27 49
27 54
28 30
28 31
28 32
28 35
28 36
28 38
28 39
28 41
28 42
28 47
28 54
29 32
29 33
29 34
29 37
29 39
29 42
29 46
29 48
29 49
29 51
30 31
30 32
30 33
30 34
30 35
30 38
30 43
30 49
30 50
30 51
31 33
31 42
31 51
31 54
32 42
32 45
32 47
32 49
32 38
33 34
33 35
33 40
33 42
33 47
33 48
33 50
34 39
34 43
34 44
34 45
34 46
34 47
34 50
35 44
35 48
35 50
36 37
36 40
36 43
36 44
36 45
36 46
36 49
37 39
38 41
38 42
38 47
38 48
38 54
39 41
39 43
39 45
41 43
41 45
41 51
41 52
42 46
42 47
43 49
43 51
43 52
43 53
44 48
44 52
44 53
44 54
45 49
45 50
45 51
45 52
46 50
46 53
50 52
51 52
52 53
52 54