708833325
15
55
611
0 15
0 16
0 17
0 18
0 20
0 21
0 22
0 23
0 24
0 25
0 26
0 29
0 31
0 34
0 35
0 39
0 41
0 42
0 44
0 45
1 15
1 16
1 17
1 18
1 19
1 20
1 21
1 24
1 29
1 31
1 32
1 33
1 46
1 48
1 28
1 13
2 15
2 16
2 17
2 18
2 19
2 20
2 21
2 23
2 25
2 28
2 29
2 30
2 31
2 32
2 33
2 34
2 35
2 37
2 38
2 44
2 46
2 54
3 15
3 16
3 17
3 18
3 20
3 23
3 26
3 28
3 29
3 30
3 32
3 33
3 34
3 38
4 15
4 16
4 17
4 18
4 21
4 22
4 25
4 27
4 30
4 39
4 41
4 42
4 44
4 48
4 50
4 51
4 53
4 54
4 28
5 15
5 16
5 18
5 19
5 22
5 23
5 25
5 31
5 32
5 35
5 37
5 38
5 43
5 44
6 15
6 16
6 17
6 18
6 19
6 20
6 21
6 22
6 24
6 26
6 27
6 29
6 30
6 31
6 36
6 43
6 46
7 15
7 16
7 17
7 18
7 19
7 21
7 22
7 25
7 26
7 28
7 29
7 35
7 40
7 45
7 51
7 53
8 15
8 16
8 17
8 18
8 19
8 20
8 21
8 25
8 27
8 35
8 37
8 45
8 49
8 50
9 15
9 16
9 17
9 18
9 19
9 20
9 23
9 24
9 29
9 30
9 40
9 42
9 46
9 52
9 53
9 54
9 37
10 15
10 19
10 20
10 21
10 23
10 26
10 28
10 29
10 36
10 41
11 15
11 16
11 17
11 19
11 20
11 22
11 24
11 40
11 44
11 47
11 48
11 18
12 15
12 16
12 17
12 18
12 19
12 22
12 27
12 33
12 34
12 36
12 38
12 40
12 41
12 42
12 43
12 45
12 46
12 48
12 50
12 54
12 52
13 15
13 16
13 17
13 24
13 25
13 26
13 27
13 29
13 31
13 32
13 33
13 34
13 36
13 39
13 40
13 53
13 47
14 15
14 16
14 17
14 18
14 19
14 20
14 21
14 22
14 23
14 24
14 25
14 32
14 34
14 35
14 38
14 39
14 42
14 47
14 49
14 51
14 52
15 16
15 17
15 18
15 19
15 20
15 21
15 22
15 23
15 24
15 25
15 27
15 28
15 30
15 31
15 36
15 39
15 40
15 41
15 43
15 44
15 45
15 47
15 49
15 50
15 51
16 17
16 18
16 19
16 20
16 21
16 22
16 23
16 24
16 25
16 26
16 27
16 28
16 29
16 31
16 32
16 33
16 34
16 35
16 37
16 41
16 42
16 43
16 44
16 45
16 46
16 49
16 50
16 52
16 54
17 18
17 19
17 20
17 21
17 22
17 23
17 24
17 25
17 26
17 27
17 28
17 29
17 30
17 31
17 32
17 34
17 36
17 37
17 39
17 40
17 41
17 42
17 47
17 49
17 50
17 51
17 52
17 53
17 54
18 19
18 20
18 21
18 22
18 23
18 25
18 26
18 28
18 30
18 32
18 34
18 35
18 37
18 38
18 40
18 42
18 46
18 48
18 49
18 51
18 52
18 54
19 20
19 21
19 22
19 23
19 24
19 26
19 27
19 28
19 30
19 31
19 33
19 36
19 38
19 39
19 40
19 46
19 49
19 51
19 52
19 53
20 21
20 22
20 23
20 24
20 26
20 28
20 29
20 30
20 33
20 37
20 39
20 44
20 46
20 47
20 48
20 49
20 50
20 52
21 22
21 23
21 24
21 25
21 27
21 30
21 32
21 34
21 35
21 37
21 40
21 41
21 47
21 49
22 23
22 24
22 25
22 26
22 27
22 28
22 29
22 30
22 31
22 32
22 33
22 34
22 35
22 37
22 38
22 39
22 40
22 41
22 42
22 45
22 46
22 48
22 49
22 50
22 51
22 52
22 53
23 24
23 25
23 26
23 27
23 28
23 29
23 30
23 31
23 32
23 33
23 34
23 35
23 36
23 37
23 38
23 45
23 46
23 47
23 49
23 50
23 54
24 26
24 27
24 28
24 29
24 34
24 36
24 41
24 43
24 45
24 51
24 52
24 54
24 25
25 26
25 27
25 28
25 30
25 31
25 33
25 39
25 44
25 46
25 48
26 27
26 31
26 38
26 39
26 41
26 42
26 43
26 47
26 51
27 28
27 30
27 33
27 35
27 37
27 38
27 39
27 41
27 44
27 48
27 50
27 53
27 43
28 32
28 37
28 38
28 45
28 48
28 50
29 32
29 33
29 36
29 37
29 40
29 41
29 42
29 44
29 53
29 54
29 50
30 31
30 32
30 33
30 37
30 38
30 43
30 44
30 45
30 46
30 50
30 54
31 33
31 36
31 39
31 40
31 47
32 34
32 35
32 36
32 42
32 43
32 45
32 47
32 48
33 34
33 35
33 36
33 39
33 42
33 43
33 47
33 48
33 49
33 53
34 35
34 36
34 38
34 40
34 42
34 43
34 47
34 51
34 52
35 36
35 42
35 44
35 48
35 49
35 50
36 37
36 39
36 41
36 48
36 49
37 38
37 43
37 46
37 53
37 54
38 40
38 41
38 43
38 44
38 45
38 51
38 52
39 45
39 47
39 51
39 53
39 54
40 47
40 50
41 43
41 46
41 50
41 52
41 53
42 43
42 44
42 51
42 52
42 53
43 47
44 45
45 48
45 49
46 48
46 51
46 53
47 52
47 54
49 52
50 54