421180968
16
55
635
0 16
0 17
0 18
0 19
0 23
0 24
0 27
0 30
0 37
0 40
0 42
0 53
0 11
1 16
1 17
1 18
1 20
1 21
1 22
1 23
1 24
1 25
1 33
1 43
1 48
1 8
2 16
2 17
2 18
2 19
2 20
2 22
2 23
2 24
2 25
2 26
2 27
2 28
2 31
2 33
2 34
2 50
2 52
2 53
2 2
3 16
3 17
3 18
3 19
3 20
3 21
3 22
3 23
3 24
3 27
3 28
3 29
3 30
3 32
3 33
3 35
3 37
3 38
3 39
3 43
3 46
3 47
3 49
3 51
4 16
4 17
4 18
4 19
4 20
4 22
4 23
4 24
4 26
4 28
4 29
4 32
4 36
4 37
4 40
4 41
4 44
4 49
4 50
5 16
5 17
5 18
5 19
5 20
5 21
5 23
5 24
5 26
5 31
5 32
5 34
5 38
5 39
5 41
5 43
5 44
5 46
5 48
5 49
5 54
6 16
6 17
6 18
6 20
6 21
6 25
6 26
6 28
6 32
6 35
6 54
7 16
7 17
7 18
7 19
7 20
7 21
7 22
7 23
7 24
7 25
7 27
7 28
7 29
7 30
7 33
7 36
7 37
7 38
7 39
7 41
7 48
8 16
8 17
8 19
8 20
8 21
8 22
8 24
8 26
8 27
8 29
8 30
8 32
8 36
8 39
8 40
8 48
9 16
9 17
9 18
9 19
9 26
9 37
9 49
9 50
10 16
10 17
10 18
10 19
10 20
10 21
10 25
10 28
10 29
10 32
10 33
10 35
10 36
10 41
10 46
10 52
10 53
10 49
10 48
11 16
11 17
11 18
11 19
11 20
11 21
11 22
11 23
11 24
11 25
11 26
11 29
11 31
11 34
11 39
11 43
11 46
11 47
11 48
11 49
11 50
11 54
12 16
12 17
12 18
12 19
12 21
12 22
12 23
12 24
12 25
12 29
12 31
12 36
12 38
12 39
12 40
12 43
12 44
12 45
12 48
13 16
13 17
13 18
13 19
13 20
13 21
13 22
13 25
13 30
13 32
13 33
13 36
13 37
13 40
13 41
13 42
13 46
13 48
13 50
13 52
14 16
14 18
14 19
14 20
14 21
14 26
14 27
14 28
14 30
14 36
14 38
14 43
14 52
15 16
15 17
15 22
15 23
15 24
15 27
15 28
15 30
15 31
15 35
15 36
15 42
15 47
15 51
15 52
15 53
15 54
16 17
16 18
16 19
16 20
16 21
16 22
16 23
16 24
16 25
16 26
16 27
16 29
16 31
16 32
16 34
16 35
16 36
16 37
16 38
16 39
16 43
16 45
16 46
16 47
16 49
16 54
17 18
17 19
17 20
17 21
17 22
17 23
17 24
17 25
17 26
17 27
17 28
17 29
17 32
17 34
17 35
17 38
17 40
17 41
17 42
17 44
17 46
17 51
17 54
18 19
18 20
18 21
18 22
18 23
18 24
18 25
18 26
18 27
18 28
18 29
18 30
18 31
18 32
18 33
18 34
18 35
18 36
18 38
18 40
18 42
18 43
18 46
18 47
18 49
18 52
18 54
19 20
19 21
19 22
19 23
19 24
19 25
19 26
19 27
19 28
19 29
19 31
19 32
19 34
19 35
19 37
19 38
19 40
19 41
19 42
19 43
19 45
19 47
19 48
19 52
19 54
20 21
20 22
20 25
20 27
20 30
20 31
20 33
20 34
20 35
20 36
20 39
20 41
20 42
20 43
20 44
20 47
20 48
20 50
20 52
20 53
20 20
21 22
21 23
21 25
21 26
21 28
21 30
21 32
21 33
21 34
21 40
21 41
21 42
21 43
21 45
21 46
21 38
22 23
22 25
22 26
22 27
22 29
22 30
22 31
22 32
22 33
22 36
22 37
22 38
22 39
22 41
22 44
22 45
22 50
22 53
22 54
23 24
23 25
23 27
23 30
23 31
23 32
23 33
23 34
23 37
23 38
23 39
23 41
23 43
23 44
23 45
23 46
23 52
23 53
24 26
24 27
24 28
24 29
24 31
24 34
24 36
24 37
24 38
24 41
24 48
24 49
24 51
24 53
25 26
25 28
25 29
25 30
25 34
25 35
25 37
25 39
25 40
25 41
25 42
25 43
25 44
25 45
25 49
25 52
26 27
26 28
26 29
26 30
26 31
26 32
26 33
26 34
26 35
26 36
26 39
26 40
26 42
26 46
26 47
26 50
26 51
26 52
26 54
27 28
27 31
27 33
27 34
27 36
27 39
27 43
27 45
27 48
27 50
27 51
27 52
28 29
28 30
28 31
28 33
28 44
28 47
28 49
28 50
29 30
29 33
29 35
29 37
29 40
29 42
29 44
29 45
29 49
29 51
30 31
30 32
30 35
30 37
30 45
30 48
30 51
30 52
30 53
31 35
31 39
31 40
31 41
31 42
31 45
31 47
31 48
31 50
31 33
32 33
32 34
32 35
32 37
32 40
32 43
32 44
32 51
32 53
33 34
33 38
33 48
33 53
34 35
34 36
34 42
34 44
34 45
34 48
34 50
34 51
34 53
34 54
35 37
35 38
35 40
35 42
35 43
35 45
35 46
35 48
36 38
36 39
36 40
36 46
36 47
36 50
36 54
36 51
37 38
37 39
37 41
37 45
37 53
38 41
38 44
38 47
38 50
39 42
39 44
39 45
39 53
40 42
40 45
40 47
40 49
40 51
41 44
41 46
41 47
41 51
41 54
42 47
42 51
43 44
43 46
43 47
43 49
43 51
43 52
43 54
44 50
44 51
44 44
45 46
45 49
45 50
45 53
47 49
48 49
48 54
49 52
50 51
50 52
50 53
50 54
52 53