679897386
17
55
660
0 17
0 18
0 19
0 20
0 21
0 23
0 25
0 26
0 27
0 28
0 33
0 35
0 47
0 54
1 17
1 18
1 19
1 20
1 22
1 24
1 25
1 27
1 28
1 30
1 31
1 33
1 36
1 39
1 40
1 50
1 52
2 17
2 18
2 19
2 21
2 27
2 35
2 53
2 22
2 43
3 17
3 18
3 19
3 21
3 22
3 23
3 24
3 25
3 26
3 27
3 29
3 30
3 32
3 34
3 35
3 37
3 39
3 44
3 45
3 50
3 53
3 54
4 17
4 18
4 19
4 21
4 22
4 23
4 24
4 26
4 29
4 30
4 31
4 33
4 36
4 42
4 43
4 53
5 17
5 19
5 20
5 23
5 26
5 28
5 34
5 37
5 40
5 42
5 45
5 48
5 51
6 17
6 18
6 19
6 20
6 21
6 22
6 23
6 24
6 25
6 26
6 28
6 31
6 33
6 36
6 38
6 40
6 42
6 44
6 47
6 48
6 51
6 54
7 17
7 18
7 19
7 20
7 21
7 22
7 24
7 26
7 27
7 34
7 35
7 46
7 50
7 54
7 39
8 17
8 18
8 19
8 20
8 22
8 25
8 27
8 28
8 29
8 30
8 31
8 32
8 37
8 39
8 43
8 45
8 46
8 48
8 49
8 51
8 52
8 33
9 17
9 18
9 19
9 20
9 21
9 22
9 24
9 28
9 31
9 39
9 41
9 45
9 50
10 17
10 18
10 19
10 20
10 21
10 22
10 23
10 27
10 29
10 30
10 31
10 32
10 35
10 36
10 38
10 40
10 42
10 43
10 46
10 47
10 48
10 53
10 11
11 17
11 18
11 19
11 20
11 21
11 22
11 23
11 27
11 28
11 30
11 31
11 32
11 34
11 36
11 38
11 40
11 41
11 43
11 44
11 46
11 50
11 48
12 17
12 18
12 19
12 20
12 21
12 23
12 25
12 26
12 28
12 31
12 37
12 39
12 44
13 17
13 18
13 19
13 20
13 21
13 22
13 23
13 24
13 25
13 26
13 28
13 29
13 30
13 33
13 34
13 35
13 36
13 38
13 46
13 49
14 17
14 18
14 19
14 20
14 23
14 24
14 25
14 26
14 30
14 34
14 39
14 47
14 51
15 17
15 18
15 20
15 21
15 22
15 23
15 24
15 25
15 29
15 33
15 41
15 45
15 53
16 17
16 18
16 20
16 21
16 22
16 24
16 28
16 34
16 43
16 45
16 46
16 48
16 54
17 18
17 19
17 20
17 21
17 22
17 23
17 24
17 25
17 26
17 27
17 28
17 29
17 30
17 31
17 32
17 33
17 34
17 35
17 36
17 37
17 38
17 39
17 40
17 41
17 43
17 44
17 48
17 49
17 52
17 53
17 54
17 17
18 19
18 20
18 21
18 22
18 23
18 24
18 25
18 27
18 28
18 29
18 31
18 32
18 33
18 34
18 35
18 36
18 37
18 38
18 39
18 40
18 41
18 42
18 43
18 46
18 47
18 48
18 49
18 50
18 51
18 53
18 54
19 20
19 21
19 22
19 23
19 24
19 25
19 26
19 27
19 28
19 29
19 30
19 31
19 32
19 34
19 36
19 37
19 38
19 41
19 42
19 43
19 44
19 45
19 46
19 49
19 50
19 51
19 53
20 21
20 22
20 23
20 24
20 25
20 26
20 27
20 29
20 30
20 31
20 32
20 33
20 34
20 37
20 38
20 40
20 43
20 44
20 46
20 47
20 50
20 53
21 22
21 23
21 24
21 25
21 26
21 27
21 28
21 30
21 31
21 35
21 36
21 38
21 40
21 41
21 42
21 43
21 45
21 47
21 49
21 52
21 21
22 23
22 24
22 25
22 26
22 27
22 28
22 29
22 30
22 31
22 32
22 33
22 34
22 35
22 36
22 38
22 39
22 40
22 41
22 43
22 46
22 51
22 54
23 24
23 25
23 26
23 28
23 29
23 30
23 33
23 35
23 38
23 39
23 40
23 42
23 43
23 44
23 49
23 54
24 25
24 26
24 27
24 28
24 29
24 32
24 33
24 37
24 38
24 39
24 40
24 41
24 42
24 45
24 46
24 49
24 50
24 51
24 52
24 54
24 31
25 26
25 27
25 29
25 30
25 32
25 34
25 35
25 36
25 39
25 40
25 41
25 42
25 43
25 46
25 47
25 50
25 52
26 27
26 29
26 30
26 32
26 33
26 35
26 37
26 38
26 42
26 43
26 44
26 47
26 50
26 52
27 29
27 31
27 32
27 33
27 35
27 38
27 39
27 42
27 45
27 46
27 49
27 51
27 52
28 29
28 31
28 32
28 33
28 34
28 36
28 37
28 42
28 44
28 51
28 53
28 54
29 30
29 31
29 32
29 34
29 37
29 41
29 43
29 48
29 49
29 52
29 54
30 32
30 34
30 36
30 39
30 40
30 41
30 49
30 51
30 53
30 54
30 42
31 32
31 33
31 35
31 37
31 42
31 44
31 45
31 46
31 47
31 48
31 49
31 50
31 51
31 53
32 33
32 34
32 35
32 36
32 37
32 39
32 42
32 45
32 48
32 49
32 51
32 54
33 36
33 37
33 40
33 51
33 47
34 35
34 37
34 38
34 41
34 42
34 43
34 46
34 47
34 49
34 51
34 52
35 36
35 37
35 39
35 41
35 44
35 47
35 48
35 50
35 52
36 38
36 40
36 42
36 44
36 45
36 46
36 47
36 48
36 50
36 52
36 53
36 54
37 38
38 39
38 40
38 41
38 44
38 52
38 53
39 41
39 44
39 45
39 48
40 41
40 43
40 44
40 45
40 49
40 50
41 44
41 45
41 47
41 49
41 50
41 52
41 54
42 45
42 47
42 52
42 53
43 52
43 53
43 54
44 48
44 51
45 46
45 47
45 48
45 50
45 53
45 54
46 47
46 48
46 49
46 52
47 48
47 51
50 51
51 54