306820046
19
55
684
0 19
0 20
0 21
0 22
0 24
0 25
0 26
0 27
0 28
0 29
0 30
0 31
0 34
0 36
0 39
0 40
0 41
0 42
0 48
0 49
0 50
0 53
1 19
1 20
1 21
1 22
1 23
1 24
1 25
1 28
1 32
1 33
1 37
1 39
1 44
1 47
1 50
2 19
2 20
2 21
2 22
2 23
2 24
2 25
2 26
2 28
2 29
2 30
2 32
2 33
2 34
2 35
2 37
2 39
2 42
2 43
2 45
2 47
2 49
2 50
2 52
3 19
3 20
3 21
3 22
3 23
3 25
3 26
3 27
3 28
3 29
3 30
3 31
3 32
3 33
3 36
3 37
3 38
3 41
3 42
3 45
3 46
3 47
3 51
3 52
4 19
4 20
4 21
4 23
4 24
4 25
4 27
4 28
4 30
4 31
4 32
4 34
4 35
4 39
4 40
4 41
4 42
4 50
4 51
4 53
5 19
5 20
5 22
5 23
5 24
5 25
5 26
5 27
5 30
5 39
5 46
5 47
5 48
6 19
6 20
6 21
6 26
6 27
6 28
6 40
7 19
7 20
7 21
7 22
7 23
7 24
7 25
7 29
7 30
7 34
7 37
7 38
7 40
7 42
7 43
7 44
7 46
7 49
7 54
8 19
8 20
8 22
8 23
8 26
8 27
8 28
8 44
8 51
9 19
9 20
9 21
9 22
9 23
9 24
9 27
9 29
9 33
9 36
9 37
9 39
9 45
9 49
9 51
9 52
9 54
10 19
10 20
10 21
10 22
10 23
10 26
10 35
10 43
10 47
10 49
11 19
11 20
11 21
11 23
11 26
11 29
11 30
11 31
11 32
11 33
11 34
11 35
11 36
11 38
11 40
11 41
11 43
11 44
11 48
11 51
11 54
12 19
12 20
12 21
12 22
12 24
12 25
12 26
12 28
12 29
12 31
12 32
12 33
12 35
12 38
12 41
12 42
12 43
12 45
12 46
12 48
12 49
13 19
13 20
13 21
13 22
13 23
13 24
13 25
13 28
13 29
13 30
13 31
13 34
13 36
13 37
13 38
13 39
13 41
13 44
13 47
14 19
14 20
14 21
14 22
14 23
14 24
14 26
14 27
14 30
14 32
14 33
14 34
14 35
14 37
14 40
14 41
14 43
15 19
15 21
15 22
15 23
15 24
15 25
15 26
15 27
15 28
15 29
15 30
15 31
15 41
15 43
15 44
15 52
15 54
16 19
16 20
16 21
16 22
16 23
16 24
16 25
16 26
16 27
16 31
16 32
16 37
16 40
16 49
16 51
16 52
16 53
16 54
17 19
17 20
17 21
17 22
17 24
17 25
17 29
17 33
17 44
17 49
18 19
18 20
18 21
18 22
18 23
18 24
18 25
18 26
18 27
18 28
18 31
18 33
18 35
18 40
18 42
18 52
18 54
19 20
19 21
19 22
19 23
19 24
19 25
19 26
19 27
19 28
19 29
19 31
19 32
19 33
19 34
19 35
19 36
19 37
19 38
19 40
19 44
19 47
19 48
19 50
19 51
20 21
20 22
20 23
20 24
20 25
20 26
20 27
20 28
20 29
20 30
20 31
20 32
20 34
20 35
20 37
20 38
20 39
20 40
20 41
20 43
20 45
20 46
20 47
20 48
20 49
20 50
20 53
20 54
21 22
21 23
21 24
21 25
21 26
21 27
21 28
21 29
21 30
21 32
21 33
21 34
21 36
21 37
21 38
21 40
21 41
21 45
21 46
21 48
22 23
22 24
22 25
22 26
22 27
22 28
22 29
22 30
22 31
22 32
22 34
22 35
22 36
22 40
22 41
22 43
22 45
22 46
22 47
22 48
22 50
22 51
22 52
22 54
23 24
23 25
23 26
23 27
23 28
23 29
23 30
23 31
23 32
23 33
23 34
23 35
23 36
23 38
23 39
23 40
23 41
23 42
23 43
23 48
23 50
23 52
23 54
24 25
24 27
24 29
24 30
24 31
24 32
24 33
24 34
24 35
24 36
24 37
24 38
24 39
24 41
24 45
24 46
24 47
24 49
24 50
24 52
24 53
25 26
25 27
25 28
25 29
25 32
25 33
25 35
25 36
25 37
25 38
25 39
25 40
25 41
25 42
25 43
25 44
25 47
25 50
25 53
26 27
26 28
26 29
26 30
26 31
26 33
26 34
26 35
26 36
26 38
26 40
26 42
26 43
26 44
26 46
26 47
26 49
26 51
26 52
26 54
27 28
27 30
27 31
27 33
27 35
27 36
27 37
27 38
27 39
27 40
27 42
27 44
27 49
27 50
27 51
27 53
27 54
28 29
28 30
28 31
28 32
28 34
28 36
28 37
28 38
28 39
28 42
28 43
28 45
28 46
28 47
28 48
28 49
28 50
28 52
28 53
29 30
29 31
29 32
29 33
29 34
29 35
29 36
29 38
29 42
29 45
29 46
29 51
29 52
29 54
30 31
30 32
30 33
30 34
30 35
30 36
30 39
30 40
30 41
30 42
30 43
30 44
30 45
30 48
30 50
30 52
30 53
31 32
31 34
31 35
31 36
31 37
31 38
31 39
31 42
31 43
31 44
31 45
31 46
31 50
31 51
31 53
32 33
32 40
32 43
32 44
32 49
32 50
32 52
32 53
32 54
33 34
33 36
33 37
33 38
33 39
33 40
33 41
33 42
33 43
33 44
33 45
33 48
33 52
34 35
34 36
34 37
34 44
34 45
34 46
34 47
34 49
34 52
35 37
35 38
35 39
35 41
35 46
35 48
35 49
35 51
35 53
36 38
36 43
36 45
36 46
36 54
37 39
37 41
37 44
37 45
37 47
37 48
37 51
37 53
37 54
38 39
38 41
38 42
38 45
38 47
38 50
38 53
38 54
39 42
39 47
39 49
39 51
40 42
40 44
40 46
40 48
40 51
41 47
41 49
41 51
42 43
42 44
42 45
42 48
42 52
42 53
43 45
43 46
43 48
43 52
43 53
44 46
44 48
44 50
45 46
45 51
45 53
46 47
46 48
46 50
46 54
47 49
48 50
48 53
49 51
50 53
51 52
51 54
53 54