415525972
27
55
756
0 27
0 28
0 30
0 32
0 34
0 35
0 36
0 37
0 39
0 40
0 42
0 43
0 45
0 47
0 48
0 49
0 50
0 54
1 27
1 28
1 29
1 30
1 31
1 32
1 33
1 35
1 36
1 37
1 39
1 40
1 41
1 42
1 43
1 45
1 46
1 47
1 52
1 53
2 27
2 28
2 29
2 30
2 31
2 32
2 33
2 34
2 35
2 36
2 37
2 38
2 40
2 41
2 42
2 43
2 44
2 45
2 48
2 50
2 52
2 53
3 27
3 28
3 29
3 30
3 31
3 33
3 34
3 35
3 36
3 38
3 40
3 41
3 44
3 49
4 27
4 29
4 30
4 35
4 37
4 38
4 43
4 44
4 51
4 54
5 27
5 28
5 29
5 30
5 31
5 32
5 33
5 34
5 36
5 41
5 42
5 43
5 44
5 45
5 46
5 47
5 50
5 51
5 53
5 54
6 27
6 28
6 29
6 31
6 32
6 33
6 34
6 35
6 37
6 38
6 39
6 41
6 42
6 43
6 47
6 49
7 27
7 28
7 29
7 30
7 31
7 32
7 33
7 34
7 35
7 36
7 38
7 40
7 41
7 43
7 44
7 45
7 46
7 49
7 50
7 51
7 54
8 27
8 28
8 29
8 30
8 31
8 32
8 33
8 34
8 35
8 36
8 37
8 38
8 39
8 40
8 44
8 45
8 46
8 49
9 27
9 28
9 29
9 30
9 32
9 33
9 34
9 35
9 36
9 37
9 38
9 39
9 40
9 41
9 44
9 45
9 47
9 48
9 50
9 51
9 53
10 27
10 28
10 31
10 34
10 39
10 44
10 46
10 49
10 51
10 52
11 27
11 28
11 29
11 30
11 31
11 32
11 33
11 34
11 35
11 38
11 39
11 40
11 42
11 46
11 47
11 48
11 51
11 53
12 27
12 28
12 29
12 30
12 31
12 32
12 33
12 37
12 39
12 42
12 47
13 27
13 28
13 29
13 31
13 34
13 35
13 37
13 39
13 40
13 42
13 45
13 46
14 27
14 28
14 29
14 30
14 31
14 32
14 33
14 36
14 37
14 38
14 39
14 42
14 44
14 46
14 50
14 51
14 53
15 27
15 28
15 29
15 30
15 31
15 32
15 33
15 36
15 38
15 39
15 41
15 44
15 48
16 27
16 28
16 29
16 30
16 31
16 32
16 33
16 34
16 35
16 36
16 37
16 38
16 40
16 46
16 48
16 50
16 51
16 52
17 27
17 28
17 29
17 30
17 31
17 32
17 33
17 35
17 36
17 37
17 39
17 40
17 41
17 42
17 44
17 45
17 48
17 50
17 52
17 53
17 54
18 27
18 28
18 29
18 30
18 31
18 32
18 33
18 34
18 35
18 36
18 37
18 38
18 41
18 42
18 43
18 45
18 46
18 48
18 50
18 53
19 27
19 28
19 29
19 30
19 32
19 37
19 38
19 40
19 41
19 43
19 45
19 47
19 48
19 49
19 50
19 51
20 27
20 28
20 29
20 30
20 31
20 32
20 34
20 35
20 39
20 43
20 44
20 47
20 52
21 27
21 28
21 29
21 30
21 31
21 32
21 33
21 34
21 36
21 40
21 41
21 44
21 46
21 48
21 50
21 51
21 54
22 27
22 28
22 29
22 30
22 31
22 32
22 33
22 34
22 35
22 36
22 37
22 38
22 39
22 40
22 41
22 42
22 43
22 45
22 47
22 49
22 53
22 54
23 27
23 28
23 29
23 30
23 31
23 32
23 33
23 34
23 35
23 36
23 38
23 42
23 43
23 45
23 46
23 47
23 48
23 49
23 51
23 54
24 27
24 28
24 29
24 30
24 31
24 33
24 34
24 35
24 36
24 37
24 38
24 51
24 52
25 27
25 28
25 29
25 30
25 31
25 32
25 33
25 34
25 37
25 39
25 40
25 42
25 43
25 49
25 53
25 54
26 27
26 28
26 29
26 30
26 31
26 32
26 33
26 34
26 35
26 36
26 38
26 39
26 41
26 42
26 43
26 44
26 46
26 49
26 52
26 53
27 28
27 29
27 30
27 31
27 32
27 33
27 34
27 35
27 36
27 37
27 38
27 39
27 40
27 41
27 42
27 43
27 44
27 45
27 46
27 47
27 48
27 49
27 50
27 51
27 52
27 53
27 54
28 29
28 30
28 31
28 32
28 33
28 34
28 35
28 36
28 37
28 39
28 40
28 42
28 43
28 44
28 45
28 46
28 47
28 48
28 49
28 51
28 52
29 30
29 31
29 32
29 33
29 34
29 35
29 36
29 37
29 38
29 39
29 40
29 41
29 42
29 43
29 44
29 45
29 47
29 48
29 50
29 51
29 52
29 54
30 31
30 32
30 33
30 34
30 35
30 36
30 37
30 38
30 39
30 40
30 41
30 42
30 43
30 45
30 46
30 47
30 48
30 49
30 50
30 51
30 52
30 53
30 54
31 32
31 33
31 34
31 35
31 36
31 37
31 38
31 39
31 40
31 41
31 42
31 43
31 44
31 46
31 47
31 48
31 49
31 50
31 51
31 52
31 53
31 54
32 33
32 34
32 35
32 36
32 37
32 38
32 39
32 40
32 41
32 42
32 43
32 44
32 45
32 46
32 47
32 48
32 49
32 50
32 51
32 53
32 54
33 34
33 35
33 36
33 37
33 38
33 40
33 41
33 42
33 43
33 44
33 45
33 46
33 47
33 48
33 49
33 50
33 52
33 54
34 35
34 36
34 37
34 38
34 39
34 40
34 41
34 42
34 43
34 44
34 46
34 47
34 50
34 51
34 52
34 54
35 36
35 37
35 38
35 39
35 40
35 41
35 42
35 43
35 44
35 45
35 46
35 47
35 49
35 52
35 53
35 54
36 37
36 38
36 39
36 40
36 41
36 42
36 44
36 45
36 46
36 47
36 48
36 50
36 51
36 52
36 53
36 54
37 38
37 39
37 40
37 41
37 42
37 44
37 45
37 46
37 47
37 48
37 49
37 50
37 51
37 52
37 53
38 39
38 40
38 41
38 43
38 45
38 47
38 48
39 41
39 43
39 47
39 48
39 49
39 52
39 54
40 41
40 42
40 43
40 44
40 45
40 46
40 49
40 51
40 52
40 53
40 54
41 44
41 48
41 50
41 51
41 52
41 53
42 43
42 45
42 46
42 48
42 49
42 51
42 52
43 44
43 45
43 46
43 47
43 49
43 50
43 51
43 52
43 53
43 54
44 45
44 48
44 49
44 50
44 51
44 53
44 54
45 46
45 47
45 49
45 50
45 52
46 47
46 48
46 50
46 53
47 48
47 49
47 50
47 52
47 53
47 54
48 49
48 53
48 54
49 50
49 52
49 53
50 51
51 52
51 54
52 53
52 54
53 54