537786303
22
55
732
0 22
0 23
0 24
0 25
0 26
0 28
0 31
0 32
0 35
0 42
0 51
1 22
1 23
1 24
1 25
1 27
1 28
1 29
1 30
1 31
1 32
1 33
1 36
1 37
1 38
1 39
1 43
1 44
1 48
1 34
2 22
2 23
2 26
2 27
2 28
2 30
2 32
2 33
2 34
2 35
2 36
2 39
2 41
2 44
2 46
2 47
2 48
2 50
2 51
2 11
3 22
3 23
3 24
3 25
3 26
3 27
3 28
3 29
3 31
3 32
3 33
3 44
3 46
3 53
4 22
4 23
4 24
4 25
4 26
4 27
4 28
4 30
4 31
4 34
4 35
4 37
4 38
4 39
4 42
4 44
4 47
4 49
4 50
4 51
4 52
5 22
5 23
5 24
5 25
5 27
5 28
5 29
5 30
5 31
5 33
5 34
5 36
5 38
5 39
5 40
5 41
5 46
5 48
5 49
5 54
5 26
6 22
6 23
6 24
6 25
6 26
6 28
6 29
6 30
6 37
6 38
6 39
6 40
6 44
6 49
6 54
7 22
7 23
7 24
7 25
7 26
7 27
7 28
7 30
7 31
7 33
7 35
7 36
7 37
7 38
7 40
7 41
7 42
7 44
7 45
7 46
7 50
7 53
7 54
8 22
8 24
8 25
8 26
8 27
8 28
8 29
8 30
8 34
8 36
8 37
8 42
8 45
8 51
8 52
9 22
9 23
9 24
9 26
9 27
9 29
9 32
9 39
9 45
9 48
10 22
10 23
10 24
10 25
10 26
10 27
10 30
10 32
10 33
10 34
10 35
10 37
10 39
10 40
10 42
10 43
10 44
10 46
10 50
10 52
10 53
11 22
11 23
11 24
11 25
11 26
11 27
11 28
11 29
11 31
11 34
11 37
11 38
11 47
12 22
12 23
12 24
12 25
12 27
12 28
12 30
12 31
12 32
12 33
12 34
12 35
12 36
12 38
12 40
12 43
12 44
12 45
12 47
12 49
12 50
12 54
13 22
13 23
13 24
13 25
13 26
13 27
13 28
13 29
13 30
13 32
13 33
13 34
13 35
13 36
13 37
13 39
13 40
13 43
13 45
13 46
13 47
13 48
13 50
13 51
13 52
13 53
14 22
14 23
14 24
14 25
14 26
14 27
14 28
14 29
14 31
14 32
14 33
14 36
14 41
14 42
14 45
14 46
14 49
14 53
15 22
15 23
15 24
15 25
15 26
15 27
15 29
15 31
15 32
15 33
15 35
15 36
15 37
15 38
15 39
15 40
15 41
15 42
15 44
15 48
15 54
16 22
16 23
16 24
16 25
16 30
16 31
16 32
16 33
16 40
16 41
16 43
16 44
16 47
16 54
17 22
17 23
17 24
17 25
17 26
17 27
17 28
17 29
17 31
17 32
17 33
17 35
17 36
17 37
17 39
17 41
17 43
17 45
17 51
17 52
17 54
18 22
18 23
18 25
18 26
18 27
18 28
18 29
18 30
18 33
18 34
18 38
18 40
18 43
18 44
18 45
18 49
19 22
19 23
19 24
19 25
19 26
19 28
19 29
19 31
19 37
19 38
19 41
19 50
19 52
20 22
20 23
20 24
20 26
20 27
20 29
20 30
20 35
20 40
20 41
20 45
20 48
20 49
20 51
20 54
21 22
21 23
21 24
21 25
21 26
21 28
21 29
21 30
21 32
21 34
21 35
21 39
21 40
21 44
21 45
21 46
21 48
21 50
21 54
22 23
22 24
22 25
22 26
22 27
22 28
22 29
22 30
22 31
22 32
22 33
22 34
22 35
22 36
22 37
22 38
22 39
22 40
22 42
22 43
22 44
22 45
22 46
22 47
22 49
22 50
22 53
22 54
23 24
23 25
23 26
23 27
23 28
23 29
23 30
23 31
23 32
23 33
23 34
23 35
23 37
23 38
23 39
23 40
23 41
23 44
23 45
23 47
23 48
23 50
23 51
23 52
23 53
23 54
24 25
24 26
24 27
24 28
24 29
24 30
24 31
24 33
24 34
24 35
24 36
24 37
24 39
24 40
24 41
24 42
24 43
24 44
24 45
24 46
24 47
24 49
24 51
24 52
24 53
25 26
25 27
25 28
25 29
25 30
25 31
25 32
25 33
25 34
25 35
25 36
25 37
25 39
25 41
25 42
25 44
25 46
25 47
25 48
25 49
25 52
25 53
25 54
26 27
26 28
26 29
26 30
26 31
26 32
26 33
26 34
26 35
26 36
26 37
26 38
26 40
26 42
26 43
26 44
26 45
26 49
26 50
26 51
26 52
26 53
26 54
27 29
27 30
27 31
27 32
27 33
27 34
27 35
27 36
27 37
27 38
27 39
27 40
27 41
27 42
27 44
27 45
27 46
27 47
27 48
27 49
27 52
27 53
28 29
28 30
28 31
28 32
28 33
28 34
28 35
28 36
28 39
28 41
28 42
28 43
28 44
28 48
28 49
28 52
28 54
29 30
29 31
29 32
29 33
29 34
29 36
29 38
29 39
29 40
29 41
29 42
29 43
29 46
29 47
29 48
29 51
29 52
29 54
30 31
30 32
30 34
30 36
30 37
30 39
30 40
30 41
30 42
30 43
30 44
30 46
30 47
30 49
30 50
30 52
31 32
31 33
31 34
31 35
31 36
31 37
31 38
31 40
31 41
31 42
31 43
31 46
31 48
31 51
31 53
32 34
32 35
32 37
32 38
32 41
32 43
32 45
32 47
32 51
32 52
32 53
33 34
33 35
33 36
33 37
33 38
33 39
33 42
33 43
33 45
33 46
33 49
33 50
33 53
34 35
34 36
34 38
34 41
34 43
34 45
34 46
34 47
34 48
34 49
34 52
34 53
34 54
35 36
35 38
35 39
35 40
35 42
35 49
35 51
35 53
35 54
36 37
36 38
36 39
36 41
36 43
36 46
36 47
36 50
36 54
36 48
37 38
37 40
37 41
37 42
37 43
37 45
37 47
37 48
37 49
37 50
37 51
37 52
37 54
38 44
38 45
38 48
39 40
39 41
39 42
39 51
40 42
40 43
40 45
40 46
40 47
40 48
40 50
40 51
40 52
40 53
41 42
41 43
41 44
41 46
41 48
41 49
41 50
41 51
41 52
41 53
41 54
42 43
42 46
42 50
42 51
42 52
43 47
43 48
43 49
43 52
43 53
43 54
44 45
44 47
44 48
44 51
44 53
45 46
45 47
45 49
45 50
45 53
46 47
46 50
46 52
46 53
47 48
47 49
47 50
47 51
48 50
48 54
50 51
50 53
52 54