566757222
22
600
12931
0 22
0 23
0 24
0 25
0 26
0 27
0 32
0 36
0 37
0 38
0 47
0 51
0 57
0 59
0 62
0 67
0 68
0 69
0 70
0 80
0 83
0 90
0 92
0 97
0 100
0 103
0 104
0 122
0 131
0 140
0 154
0 156
0 173
0 180
0 187
0 193
0 195
0 207
0 214
0 221
0 222
0 225
0 226
0 229
0 231
0 232
0 244
0 246
0 248
0 250
0 258
0 261
0 270
0 279
0 282
0 283
0 290
0 328
0 330
0 347
0 351
0 353
0 357
0 374
0 396
0 400
0 408
0 428
0 437
0 438
0 444
0 450
0 463
0 464
0 468
0 480
0 481
0 486
0 489
0 546
0 567
0 574
0 575
0 585
0 76
0 326
1 22
1 23
1 24
1 25
1 26
1 27
1 30
1 31
1 32
1 33
1 34
1 35
1 36
1 38
1 45
1 46
1 49
1 50
1 51
1 54
1 56
1 60
1 64
1 65
1 67
1 74
1 76
1 78
1 84
1 86
1 87
1 88
1 94
1 97
1 101
1 103
1 109
1 112
1 115
1 126
1 128
1 132
1 134
1 137
1 139
1 147
1 153
1 155
1 156
1 162
1 163
1 164
1 176
1 178
1 181
1 184
1 188
1 190
1 196
1 197
1 212
1 214
1 215
1 222
1 223
1 237
1 241
1 242
1 249
1 257
1 259
1 261
1 269
1 274
1 281
1 294
1 297
1 306
1 307
1 310
1 315
1 319
1 325
1 328
1 329
1 336
1 340
1 362
1 374
1 379
1 385
1 391
1 392
1 395
1 415
1 417
1 421
1 422
1 459
1 465
1 466
1 469
1 474
1 479
1 492
1 493
1 513
1 519
1 541
1 545
1 547
1 548
1 551
1 580
1 592
1 221
2 22
2 23
2 24
2 25
2 26
2 27
2 28
2 29
2 30
2 31
2 32
2 33
2 34
2 35
2 36
2 37
2 38
2 41
2 42
2 43
2 50
2 54
2 55
2 56
2 59
2 61
2 66
2 68
2 78
2 80
2 84
2 87
2 98
2 107
2 117
2 119
2 121
2 122
2 125
2 129
2 130
2 138
2 142
2 148
2 150
2 156
2 157
2 162
2 165
2 166
2 175
2 193
2 198
2 202
2 206
2 207
2 220
2 221
2 247
2 249
2 254
2 259
2 263
2 265
2 267
2 274
2 285
2 293
2 298
2 309
2 310
2 315
2 332
2 351
2 365
2 374
2 379
2 388
2 408
2 411
2 425
2 443
2 455
2 459
2 466
2 467
2 468
2 484
2 493
2 498
2 502
2 504
2 506
2 531
2 563
2 584
2 595
2 19
3 22
3 23
3 24
3 25
3 26
3 27
3 29
3 30
3 31
3 32
3 33
3 34
3 35
3 36
3 37
3 46
3 47
3 49
3 54
3 56
3 60
3 65
3 66
3 67
3 70
3 74
3 77
3 84
3 86
3 87
3 88
3 89
3 92
3 94
3 95
3 96
3 127
3 129
3 132
3 136
3 140
3 145
3 152
3 154
3 158
3 170
3 171
3 176
3 180
3 190
3 198
3 199
3 204
3 222
3 230
3 234
3 236
3 240
3 253
3 259
3 260
3 267
3 268
3 282
3 285
3 311
3 317
3 322
3 326
3 341
3 347
3 371
3 389
3 392
3 407
3 421
3 445
3 446
3 459
3 479
3 481
3 501
3 512
3 524
3 529
3 578
3 580
3 584
3 594
4 22
4 23
4 24
4 25
4 26
4 27
4 29
4 32
4 33
4 34
4 37
4 42
4 47
4 48
4 50
4 53
4 54
4 56
4 61
4 66
4 73
4 76
4 80
4 86
4 97
4 98
4 102
4 104
4 106
4 111
4 112
4 121
4 125
4 127
4 129
4 140
4 147
4 151
4 161
4 176
4 199
4 211
4 213
4 222
4 239
4 242
4 263
4 272
4 294
4 321
4 330
4 340
4 357
4 368
4 397
4 398
4 400
4 412
4 415
4 434
4 435
4 449
4 503
4 524
4 532
4 538
4 542
4 566
5 22
5 23
5 25
5 28
5 29
5 30
5 33
5 34
5 36
5 37
5 39
5 40
5 45
5 56
5 57
5 62
5 64
5 66
5 72
5 74
5 75
5 79
5 82
5 83
5 84
5 85
5 86
5 93
5 96
5 98
5 126
5 133
5 134
5 149
5 156
5 166
5 175
5 176
5 177
5 184
5 188
5 191
5 207
5 210
5 226
5 273
5 295
5 298
5 384
5 387
5 388
5 401
5 406
5 413
5 414
5 449
5 467
5 473
5 480
5 504
5 513
5 519
5 524
5 529
5 537
5 560
5 590
5 311
5 50
6 22
6 23
6 24
6 25
6 26
6 28
6 29
6 31
6 32
6 33
6 35
6 36
6 42
6 44
6 45
6 46
6 48
6 49
6 51
6 55
6 58
6 70
6 76
6 77
6 80
6 87
6 91
6 92
6 108
6 112
6 118
6 119
6 127
6 137
6 138
6 155
6 156
6 164
6 181
6 182
6 190
6 220
6 230
6 248
6 252
6 255
6 260
6 261
6 273
6 276
6 282
6 302
6 326
6 342
6 351
6 374
6 378
6 384
6 399
6 415
6 416
6 422
6 424
6 470
6 474
6 491
6 509
6 526
6 545
6 546
6 572
6 589
6 592
6 596
7 22
7 23
7 27
7 28
7 61
7 109
7 128
7 130
7 185
7 189
7 200
7 325
7 535
7 582
7 89
8 22
8 24
8 28
8 29
8 30
8 32
8 43
8 47
8 48
8 49
8 52
8 57
8 59
8 61
8 69
8 75
8 80
8 83
8 91
8 94
8 95
8 96
8 100
8 102
8 105
8 112
8 113
8 117
8 119
8 121
8 133
8 137
8 157
8 167
8 170
8 172
8 200
8 218
8 242
8 243
8 249
8 252
8 258
8 290
8 310
8 315
8 343
8 344
8 365
8 367
8 368
8 375
8 388
8 443
8 452
8 473
8 488
8 495
8 505
8 508
8 517
8 563
8 567
8 588
8 590
9 22
9 23
9 24
9 25
9 27
9 28
9 29
9 34
9 35
9 36
9 37
9 38
9 49
9 50
9 53
9 56
9 60
9 61
9 62
9 63
9 65
9 68
9 71
9 72
9 81
9 82
9 86
9 99
9 101
9 103
9 120
9 130
9 131
9 132
9 142
9 143
9 145
9 146
9 150
9 156
9 158
9 164
9 170
9 175
9 176
9 182
9 186
9 193
9 195
9 200
9 206
9 228
9 252
9 281
9 302
9 306
9 316
9 319
9 329
9 351
9 355
9 358
9 364
9 372
9 378
9 382
9 383
9 389
9 398
9 402
9 430
9 431
9 441
9 453
9 467
9 471
9 476
9 480
9 504
9 519
9 558
9 571
9 580
9 590
9 591
10 22
10 23
10 24
10 25
10 26
10 27
10 28
10 29
10 33
10 40
10 50
10 51
10 54
10 55
10 60
10 61
10 63
10 64
10 66
10 67
10 76
10 81
10 83
10 88
10 90
10 95
10 96
10 101
10 107
10 114
10 125
10 139
10 187
10 210
10 222
10 230
10 233
10 237
10 239
10 240
10 251
10 255
10 258
10 272
10 275
10 276
10 304
10 329
10 331
10 332
10 333
10 334
10 345
10 350
10 404
10 456
10 469
10 472
10 479
10 492
10 496
10 509
10 514
10 539
10 573
10 580
10 591
10 287
10 596
11 22
11 23
11 24
11 25
11 26
11 27
11 30
11 31
11 32
11 33
11 34
11 35
11 36
11 37
11 38
11 39
11 41
11 42
11 44
11 47
11 48
11 50
11 51
11 53
11 54
11 55
11 56
11 57
11 61
11 65
11 67
11 74
11 77
11 78
11 79
11 80
11 85
11 87
11 97
11 98
11 99
11 104
11 112
11 117
11 118
11 119
11 124
11 126
11 130
11 131
11 135
11 138
11 143
11 144
11 146
11 149
11 155
11 162
11 165
11 166
11 169
11 172
11 176
11 182
11 184
11 192
11 202
11 203
11 219
11 225
11 227
11 231
11 237
11 241
11 244
11 251
11 261
11 262
11 265
11 272
11 275
11 276
11 281
11 282
11 283
11 284
11 288
11 294
11 297
11 307
11 311
11 318
11 331
11 336
11 340
11 344
11 353
11 360
11 361
11 375
11 387
11 392
11 398
11 408
11 410
11 422
11 430
11 432
11 437
11 440
11 449
11 453
11 465
11 469
11 487
11 492
11 493
11 500
11 520
11 538
11 544
11 562
11 570
11 576
11 403
12 22
12 23
12 24
12 25
12 26
12 28
12 29
12 30
12 32
12 33
12 38
12 39
12 40
12 41
12 44
12 47
12 49
12 60
12 62
12 64
12 66
12 68
12 89
12 99
12 108
12 126
12 136
12 141
12 142
12 143
12 165
12 173
12 200
12 209
12 222
12 239
12 251
12 271
12 275
12 285
12 302
12 327
12 331
12 336
12 375
12 400
12 447
12 525
12 531
12 546
13 22
13 23
13 24
13 25
13 26
13 27
13 28
13 29
13 30
13 31
13 33
13 34
13 35
13 36
13 37
13 38
13 41
13 47
13 49
13 50
13 52
13 53
13 57
13 59
13 61
13 64
13 70
13 72
13 73
13 83
13 85
13 86
13 89
13 95
13 98
13 106
13 108
13 115
13 117
13 133
13 145
13 155
13 164
13 172
13 186
13 187
13 199
13 201
13 205
13 208
13 212
13 229
13 231
13 232
13 238
13 246
13 259
13 260
13 262
13 266
13 275
13 278
13 285
13 287
13 292
13 300
13 310
13 318
13 327
13 328
13 337
13 339
13 348
13 351
13 361
13 362
13 369
13 371
13 382
13 388
13 389
13 411
13 418
13 431
13 432
13 458
13 482
13 487
13 509
13 511
13 537
13 539
13 547
13 559
13 568
13 576
13 589
13 597
13 74
14 22
14 23
14 24
14 25
14 26
14 27
14 29
14 30
14 35
14 37
14 38
14 41
14 44
14 46
14 48
14 56
14 61
14 63
14 64
14 66
14 67
14 71
14 72
14 74
14 77
14 79
14 80
14 85
14 91
14 93
14 94
14 101
14 111
14 113
14 114
14 116
14 119
14 124
14 126
14 127
14 145
14 146
14 147
14 158
14 161
14 165
14 168
14 179
14 189
14 191
14 195
14 231
14 239
14 242
14 261
14 262
14 280
14 288
14 302
14 321
14 326
14 334
14 335
14 340
14 353
14 365
14 375
14 387
14 397
14 404
14 410
14 414
14 422
14 428
14 439
14 443
14 449
14 456
14 475
14 488
14 492
14 509
14 514
14 516
14 535
14 547
14 565
14 575
14 118
15 22
15 23
15 24
15 25
15 26
15 27
15 28
15 29
15 30
15 31
15 32
15 34
15 35
15 36
15 39
15 40
15 41
15 42
15 43
15 46
15 51
15 52
15 65
15 89
15 96
15 99
15 118
15 126
15 128
15 132
15 170
15 182
15 184
15 220
15 248
15 253
15 271
15 274
15 289
15 305
15 311
15 335
15 341
15 351
15 359
15 369
15 404
15 427
15 435
15 457
15 496
15 498
15 501
15 505
15 533
16 22
16 23
16 24
16 25
16 26
16 28
16 30
16 31
16 32
16 33
16 34
16 38
16 39
16 41
16 46
16 49
16 51
16 52
16 53
16 58
16 59
16 60
16 62
16 66
16 71
16 74
16 81
16 82
16 84
16 87
16 92
16 100
16 101
16 109
16 110
16 114
16 130
16 140
16 142
16 148
16 149
16 150
16 155
16 161
16 162
16 164
16 187
16 201
16 210
16 215
16 224
16 228
16 231
16 260
16 289
16 291
16 293
16 297
16 337
16 372
16 374
16 389
16 407
16 418
16 422
16 423
16 452
16 483
16 492
16 504
16 506
16 516
16 525
16 526
16 543
16 592
16 27
16 542
17 22
17 23
17 24
17 25
17 26
17 27
17 28
17 29
17 30
17 31
17 32
17 35
17 41
17 42
17 44
17 47
17 51
17 53
17 54
17 57
17 62
17 73
17 76
17 78
17 82
17 89
17 94
17 101
17 102
17 104
17 106
17 108
17 112
17 118
17 120
17 126
17 132
17 134
17 139
17 143
17 163
17 177
17 186
17 187
17 223
17 229
17 232
17 241
17 243
17 253
17 254
17 258
17 261
17 280
17 283
17 290
17 293
17 299
17 301
17 312
17 322
17 335
17 338
17 356
17 394
17 423
17 451
17 454
17 462
17 464
17 468
17 476
17 479
17 481
17 482
17 488
17 493
17 509
17 515
17 522
17 529
17 532
17 544
17 561
17 570
17 592
17 435
17 419
18 22
18 23
18 24
18 26
18 27
18 28
18 30
18 31
18 32
18 34
18 36
18 39
18 43
18 46
18 47
18 48
18 49
18 50
18 51
18 53
18 54
18 59
18 65
18 68
18 72
18 73
18 81
18 83
18 98
18 106
18 109
18 111
18 114
18 115
18 118
18 122
18 125
18 128
18 132
18 135
18 157
18 158
18 163
18 167
18 171
18 189
18 192
18 193
18 200
18 202
18 205
18 210
18 212
18 215
18 230
18 234
18 237
18 245
18 252
18 255
18 279
18 282
18 305
18 312
18 320
18 327
18 334
18 337
18 353
18 356
18 360
18 363
18 375
18 377
18 379
18 401
18 431
18 451
18 482
18 498
18 510
18 521
18 531
18 540
18 557
18 558
18 564
18 567
18 568
18 580
18 587
18 592
18 595
18 598
18 599
18 55
19 22
19 23
19 24
19 25
19 26
19 27
19 28
19 29
19 30
19 31
19 33
19 35
19 36
19 37
19 38
19 39
19 40
19 41
19 42
19 43
19 49
19 52
19 54
19 56
19 57
19 58
19 61
19 67
19 71
19 77
19 84
19 87
19 110
19 118
19 121
19 129
19 133
19 141
19 143
19 162
19 164
19 178
19 183
19 185
19 203
19 217
19 220
19 221
19 223
19 225
19 234
19 238
19 239
19 242
19 258
19 266
19 269
19 272
19 285
19 290
19 291
19 302
19 308
19 333
19 353
19 356
19 357
19 363
19 393
19 395
19 404
19 412
19 415
19 420
19 435
19 456
19 461
19 485
19 505
19 511
19 513
19 515
19 521
19 597
20 22
20 23
20 24
20 25
20 26
20 27
20 28
20 29
20 30
20 31
20 33
20 34
20 37
20 38
20 39
20 40
20 41
20 42
20 44
20 46
20 48
20 52
20 55
20 56
20 57
20 59
20 60
20 61
20 65
20 69
20 75
20 76
20 81
20 82
20 83
20 88
20 90
20 95
20 96
20 98
20 99
20 101
20 106
20 107
20 118
20 119
20 123
20 124
20 130
20 131
20 144
20 150
20 156
20 165
20 172
20 173
20 175
20 178
20 182
20 186
20 192
20 195
20 203
20 215
20 219
20 225
20 238
20 239
20 244
20 254
20 263
20 271
20 273
20 308
20 311
20 319
20 320
20 333
20 336
20 350
20 353
20 355
20 376
20 380
20 391
20 419
20 425
20 439
20 451
20 458
20 472
20 476
20 477
20 480
20 494
20 500
20 513
20 521
20 525
20 527
20 528
20 534
20 556
20 570
20 572
20 587
21 22
21 23
21 24
21 25
21 26
21 27
21 28
21 31
21 37
21 39
21 45
21 55
21 62
21 70
21 75
21 100
21 174
21 180
21 237
21 306
21 315
21 429
21 453
22 23
22 24
22 25
22 26
22 27
22 28
22 29
22 30
22 31
22 33
22 34
22 35
22 36
22 37
22 39
22 40
22 41
22 42
22 43
22 44
22 46
22 47
22 48
22 49
22 51
22 54
22 55
22 57
22 58
22 59
22 61
22 62
22 63
22 64
22 65
22 68
22 69
22 70
22 72
22 74
22 79
22 80
22 84
22 87
22 96
22 97
22 98
22 102
22 104
22 106
22 107
22 108
22 118
22 120
22 121
22 126
22 129
22 135
22 137
22 138
22 142
22 143
22 149
22 151
22 162
22 163
22 164
22 167
22 168
22 174
22 176
22 177
22 178
22 181
22 183
22 184
22 187
22 190
22 192
22 194
22 203
22 204
22 207
22 208
22 209
22 213
22 216
22 224
22 228
22 230
22 232
22 233
22 234
22 237
22 239
22 240
22 245
22 248
22 250
22 252
22 260
22 267
22 269
22 270
22 272
22 274
22 277
22 278
22 284
22 299
22 308
22 312
22 323
22 333
22 334
22 342
22 354
22 355
22 357
22 363
22 380
22 381
22 382
22 388
22 406
22 415
22 418
22 427
22 429
22 434
22 455
22 460
22 467
22 470
22 475
22 480
22 486
22 487
22 492
22 500
22 501
22 505
22 518
22 523
22 528
22 530
22 533
22 543
22 546
22 547
22 555
22 562
22 565
22 571
22 585
22 586
22 593
22 596
22 581
22 325
23 24
23 25
23 26
23 27
23 28
23 29
23 30
23 31
23 32
23 33
23 34
23 36
23 37
23 38
23 39
23 40
23 41
23 42
23 43
23 45
23 47
23 48
23 49
23 51
23 52
23 55
23 56
23 57
23 58
23 59
23 63
23 64
23 67
23 68
23 69
23 71
23 72
23 74
23 75
23 77
23 81
23 83
23 85
23 86
23 89
23 92
23 93
23 94
23 95
23 97
23 99
23 100
23 101
23 103
23 106
23 111
23 116
23 128
23 141
23 142
23 144
23 145
23 147
23 148
23 150
23 151
23 154
23 155
23 157
23 158
23 159
23 161
23 166
23 171
23 173
23 174
23 177
23 178
23 179
23 198
23 199
23 200
23 205
23 211
23 223
23 230
23 237
23 241
23 242
23 247
23 248
23 254
23 255
23 270
23 277
23 281
23 289
23 291
23 294
23 304
23 308
23 311
23 314
23 330
23 332
23 338
23 348
23 352
23 362
23 363
23 364
23 365
23 366
23 369
23 373
23 375
23 379
23 382
23 383
23 390
23 394
23 401
23 407
23 411
23 412
23 413
23 414
23 415
23 416
23 425
23 430
23 435
23 436
23 437
23 439
23 440
23 448
23 453
23 465
23 466
23 468
23 476
23 478
23 480
23 486
23 494
23 495
23 498
23 501
23 502
23 503
23 512
23 537
23 539
23 542
23 561
23 575
23 578
23 581
23 585
23 586
23 595
23 596
23 598
24 25
24 26
24 27
24 28
24 29
24 31
24 32
24 33
24 35
24 38
24 39
24 40
24 42
24 43
24 44
24 45
24 46
24 47
24 48
24 49
24 50
24 51
24 52
24 53
24 54
24 55
24 56
24 58
24 59
24 60
24 61
24 62
24 64
24 67
24 68
24 69
24 71
24 72
24 74
24 75
24 81
24 82
24 85
24 88
24 90
24 95
24 103
24 104
24 105
24 107
24 108
24 109
24 111
24 117
24 120
24 123
24 124
24 125
24 126
24 128
24 129
24 130
24 131
24 133
24 138
24 142
24 144
24 145
24 146
24 150
24 152
24 157
24 159
24 161
24 175
24 179
24 180
24 181
24 185
24 186
24 189
24 191
24 196
24 197
24 198
24 199
24 205
24 212
24 214
24 215
24 217
24 220
24 221
24 227
24 229
24 244
24 249
24 251
24 252
24 258
24 265
24 274
24 283
24 289
24 290
24 296
24 299
24 301
24 311
24 315
24 317
24 318
24 319
24 323
24 333
24 337
24 347
24 349
24 352
24 359
24 363
24 364
24 366
24 367
24 371
24 379
24 380
24 384
24 387
24 407
24 408
24 411
24 412
24 413
24 416
24 435
24 438
24 440
24 443
24 444
24 453
24 455
24 456
24 459
24 471
24 472
24 491
24 499
24 515
24 519
24 521
24 523
24 530
24 532
24 536
24 538
24 546
24 552
24 570
24 571
24 572
24 575
24 578
24 580
24 582
24 592
24 594
24 147
24 381
24 418
24 465
24 497
25 26
25 27
25 28
25 29
25 30
25 31
25 32
25 34
25 37
25 40
25 41
25 42
25 43
25 45
25 47
25 49
25 52
25 53
25 55
25 60
25 62
25 63
25 64
25 69
25 70
25 76
25 78
25 79
25 81
25 83
25 86
25 91
25 94
25 96
25 101
25 103
25 104
25 105
25 106
25 107
25 108
25 109
25 110
25 112
25 116
25 119
25 120
25 122
25 127
25 132
25 133
25 135
25 139
25 140
25 141
25 148
25 149
25 150
25 158
25 159
25 162
25 163
25 164
25 166
25 168
25 172
25 175
25 183
25 185
25 190
25 194
25 196
25 197
25 198
25 205
25 207
25 208
25 216
25 217
25 218
25 219
25 224
25 226
25 229
25 230
25 234
25 238
25 242
25 243
25 244
25 245
25 255
25 264
25 266
25 283
25 294
25 309
25 317
25 323
25 326
25 352
25 358
25 366
25 368
25 372
25 375
25 378
25 383
25 391
25 392
25 394
25 395
25 414
25 421
25 436
25 444
25 450
25 457
25 461
25 464
25 474
25 477
25 479
25 484
25 486
25 514
25 518
25 525
25 526
25 528
25 533
25 535
25 554
25 557
25 560
25 562
25 568
25 573
25 575
25 577
25 580
25 581
25 584
25 39
26 27
26 28
26 29
26 30
26 31
26 32
26 33
26 34
26 35
26 36
26 37
26 38
26 39
26 40
26 41
26 42
26 43
26 44
26 45
26 46
26 48
26 50
26 51
26 53
26 54
26 55
26 56
26 57
26 59
26 62
26 63
26 66
26 70
26 72
26 76
26 78
26 79
26 81
26 83
26 85
26 86
26 88
26 89
26 90
26 92
26 93
26 97
26 99
26 104
26 105
26 106
26 107
26 108
26 115
26 120
26 121
26 122
26 132
26 134
26 137
26 140
26 145
26 149
26 152
26 161
26 165
26 168
26 169
26 173
26 177
26 178
26 183
26 188
26 191
26 205
26 206
26 211
26 227
26 229
26 231
26 236
26 238
26 242
26 243
26 246
26 247
26 252
26 253
26 255
26 263
26 274
26 278
26 293
26 295
26 298
26 299
26 300
26 304
26 309
26 310
26 312
26 313
26 342
26 343
26 344
26 346
26 347
26 348
26 350
26 356
26 362
26 367
26 369
26 370
26 383
26 386
26 388
26 389
26 390
26 391
26 392
26 394
26 396
26 399
26 402
26 404
26 406
26 409
26 413
26 420
26 421
26 427
26 438
26 446
26 449
26 452
26 453
26 457
26 463
26 466
26 467
26 482
26 484
26 489
26 492
26 504
26 511
26 512
26 516
26 533
26 542
26 546
26 555
26 564
26 570
26 574
26 575
26 583
26 584
26 595
26 596
26 598
26 458
26 144
26 184
26 294
27 28
27 29
27 30
27 31
27 32
27 33
27 34
27 35
27 36
27 37
27 38
27 39
27 40
27 41
27 42
27 43
27 44
27 45
27 48
27 50
27 52
27 56
27 57
27 58
27 60
27 61
27 62
27 63
27 64
27 65
27 71
27 72
27 76
27 77
27 79
27 82
27 83
27 88
27 89
27 92
27 95
27 100
27 102
27 108
27 109
27 110
27 111
27 113
27 114
27 115
27 116
27 122
27 125
27 126
27 128
27 134
27 135
27 136
27 141
27 142
27 147
27 148
27 150
27 152
27 169
27 171
27 179
27 185
27 191
27 192
27 195
27 196
27 204
27 207
27 209
27 210
27 215
27 217
27 220
27 222
27 230
27 232
27 238
27 250
27 251
27 254
27 256
27 259
27 275
27 292
27 296
27 301
27 313
27 314
27 315
27 330
27 335
27 348
27 350
27 355
27 356
27 359
27 369
27 371
27 377
27 381
27 382
27 389
27 394
27 404
27 411
27 413
27 415
27 417
27 441
27 457
27 458
27 459
27 478
27 484
27 493
27 501
27 503
27 505
27 508
27 511
27 536
27 537
27 539
27 541
27 551
27 565
27 567
27 571
27 586
27 596
27 156
27 339
28 29
28 30
28 31
28 32
28 33
28 34
28 35
28 36
28 37
28 38
28 39
28 40
28 41
28 42
28 43
28 44
28 45
28 46
28 47
28 49
28 50
28 51
28 53
28 54
28 55
28 56
28 57
28 59
28 60
28 63
28 66
28 67
28 70
28 73
28 75
28 77
28 79
28 81
28 82
28 83
28 85
28 87
28 88
28 90
28 91
28 94
28 95
28 96
28 97
28 100
28 102
28 107
28 111
28 113
28 116
28 125
28 126
28 129
28 131
28 132
28 134
28 141
28 143
28 144
28 146
28 152
28 153
28 154
28 156
28 157
28 163
28 164
28 170
28 173
28 175
28 181
28 183
28 188
28 190
28 192
28 195
28 196
28 198
28 200
28 206
28 210
28 212
28 215
28 218
28 219
28 226
28 227
28 228
28 235
28 240
28 248
28 253
28 254
28 267
28 270
28 274
28 277
28 280
28 293
28 299
28 302
28 305
28 307
28 310
28 322
28 327
28 329
28 331
28 338
28 342
28 347
28 348
28 350
28 357
28 360
28 364
28 367
28 369
28 373
28 379
28 380
28 384
28 385
28 389
28 396
28 407
28 410
28 415
28 419
28 428
28 441
28 446
28 447
28 458
28 465
28 466
28 467
28 468
28 481
28 485
28 487
28 488
28 489
28 490
28 492
28 493
28 494
28 495
28 502
28 504
28 505
28 510
28 521
28 544
28 545
28 547
28 550
28 568
28 579
28 580
28 583
28 589
28 596
28 121
29 30
29 31
29 32
29 33
29 34
29 35
29 36
29 38
29 39
29 41
29 42
29 44
29 45
29 46
29 48
29 49
29 53
29 54
29 55
29 61
29 63
29 64
29 65
29 66
29 68
29 70
29 71
29 73
29 75
29 77
29 79
29 81
29 82
29 84
29 86
29 90
29 95
29 97
29 98
29 99
29 102
29 103
29 107
29 108
29 109
29 111
29 113
29 117
29 119
29 134
29 136
29 138
29 148
29 151
29 152
29 155
29 160
29 163
29 169
29 170
29 171
29 173
29 176
29 178
29 187
29 190
29 193
29 197
29 207
29 216
29 217
29 230
29 233
29 237
29 238
29 242
29 243
29 244
29 245
29 252
29 256
29 258
29 266
29 284
29 286
29 291
29 296
29 305
29 306
29 309
29 311
29 313
29 316
29 325
29 332
29 339
29 353
29 357
29 358
29 366
29 367
29 373
29 385
29 394
29 398
29 411
29 417
29 419
29 429
29 432
29 434
29 441
29 445
29 459
29 476
29 489
29 497
29 498
29 507
29 516
29 528
29 529
29 535
29 542
29 547
29 550
29 563
29 581
29 583
29 593
30 31
30 32
30 33
30 34
30 35
30 37
30 38
30 39
30 40
30 43
30 45
30 50
30 52
30 53
30 55
30 57
30 72
30 74
30 78
30 89
30 90
30 91
30 94
30 98
30 107
30 110
30 113
30 117
30 123
30 127
30 128
30 134
30 135
30 146
30 148
30 151
30 154
30 157
30 160
30 167
30 168
30 174
30 178
30 180
30 182
30 186
30 197
30 201
30 203
30 204
30 213
30 224
30 230
30 263
30 267
30 276
30 279
30 305
30 311
30 320
30 321
30 329
30 334
30 341
30 344
30 349
30 353
30 356
30 376
30 383
30 390
30 405
30 411
30 419
30 442
30 445
30 448
30 474
30 475
30 477
30 479
30 485
30 491
30 514
30 530
30 552
30 556
30 563
30 564
30 569
30 572
30 573
30 585
30 593
30 597
30 282
30 487
31 32
31 34
31 35
31 37
31 40
31 42
31 44
31 45
31 49
31 52
31 53
31 55
31 60
31 63
31 70
31 71
31 73
31 81
31 85
31 91
31 98
31 103
31 105
31 106
31 111
31 112
31 114
31 118
31 127
31 134
31 139
31 140
31 143
31 148
31 151
31 152
31 169
31 176
31 181
31 182
31 187
31 202
31 210
31 212
31 214
31 226
31 232
31 233
31 254
31 264
31 266
31 268
31 269
31 270
31 279
31 287
31 289
31 313
31 333
31 337
31 349
31 365
31 383
31 386
31 392
31 393
31 397
31 399
31 406
31 429
31 446
31 447
31 499
31 508
31 514
31 517
31 534
31 541
31 543
31 560
31 561
31 562
31 593
31 335
31 377
31 437
32 33
32 35
32 36
32 37
32 38
32 40
32 41
32 43
32 44
32 45
32 47
32 48
32 51
32 52
32 54
32 55
32 58
32 61
32 65
32 66
32 67
32 69
32 70
32 73
32 74
32 76
32 77
32 78
32 82
32 86
32 91
32 96
32 100
32 102
32 104
32 113
32 117
32 118
32 124
32 126
32 128
32 133
32 135
32 136
32 144
32 147
32 148
32 150
32 151
32 154
32 155
32 159
32 162
32 165
32 166
32 169
32 178
32 191
32 195
32 198
32 201
32 204
32 205
32 206
32 208
32 209
32 213
32 215
32 219
32 225
32 227
32 229
32 234
32 239
32 241
32 248
32 263
32 268
32 286
32 296
32 297
32 310
32 315
32 328
32 339
32 340
32 342
32 361
32 362
32 387
32 396
32 429
32 430
32 436
32 437
32 449
32 452
32 459
32 461
32 478
32 485
32 491
32 493
32 495
32 496
32 501
32 503
32 522
32 532
32 544
32 548
32 549
32 555
32 557
32 578
32 585
32 597
32 598
32 293
32 283
33 34
33 35
33 36
33 38
33 39
33 40
33 41
33 43
33 44
33 45
33 46
33 50
33 51
33 52
33 53
33 58
33 60
33 61
33 64
33 65
33 67
33 69
33 70
33 71
33 72
33 77
33 78
33 81
33 82
33 86
33 87
33 88
33 92
33 96
33 98
33 101
33 102
33 103
33 104
33 105
33 107
33 108
33 112
33 113
33 122
33 123
33 126
33 128
33 136
33 146
33 156
33 159
33 161
33 169
33 172
33 177
33 179
33 185
33 186
33 187
33 194
33 195
33 200
33 202
33 203
33 206
33 214
33 227
33 233
33 235
33 236
33 237
33 247
33 249
33 250
33 264
33 265
33 269
33 270
33 271
33 276
33 282
33 297
33 300
33 303
33 306
33 317
33 318
33 320
33 323
33 349
33 354
33 360
33 362
33 368
33 374
33 386
33 388
33 395
33 400
33 403
33 406
33 428
33 432
33 437
33 449
33 454
33 459
33 460
33 473
33 477
33 479
33 482
33 483
33 486
33 499
33 509
33 512
33 515
33 521
33 523
33 528
33 529
33 545
33 558
33 562
33 567
33 570
33 582
33 590
33 576
33 324
34 35
34 36
34 39
34 42
34 44
34 45
34 46
34 47
34 48
34 56
34 57
34 58
34 59
34 60
34 67
34 68
34 69
34 72
34 73
34 74
34 77
34 80
34 89
34 93
34 97
34 99
34 101
34 106
34 109
34 110
34 113
34 114
34 115
34 117
34 123
34 124
34 130
34 132
34 137
34 140
34 142
34 144
34 147
34 154
34 156
34 161
34 167
34 176
34 179
34 182
34 185
34 188
34 191
34 194
34 201
34 206
34 207
34 227
34 238
34 247
34 250
34 253
34 256
34 260
34 265
34 288
34 291
34 295
34 302
34 305
34 308
34 334
34 339
34 351
34 356
34 364
34 374
34 380
34 385
34 390
34 408
34 409
34 418
34 453
34 469
34 472
34 478
34 481
34 482
34 489
34 497
34 504
34 508
34 526
34 536
34 541
34 549
34 552
34 558
34 566
34 567
34 570
34 574
34 583
34 586
34 592
34 528
34 564
34 151
35 36
35 38
35 39
35 40
35 41
35 42
35 43
35 44
35 46
35 47
35 50
35 52
35 57
35 60
35 63
35 65
35 67
35 68
35 69
35 73
35 74
35 75
35 77
35 86
35 87
35 90
35 94
35 97
35 99
35 100
35 105
35 106
35 107
35 108
35 109
35 112
35 115
35 116
35 118
35 121
35 122
35 127
35 130
35 143
35 144
35 145
35 147
35 168
35 172
35 179
35 192
35 197
35 198
35 212
35 215
35 221
35 222
35 227
35 230
35 232
35 256
35 260
35 267
35 271
35 278
35 279
35 280
35 283
35 287
35 302
35 303
35 318
35 321
35 322
35 324
35 325
35 336
35 342
35 343
35 350
35 367
35 372
35 373
35 402
35 409
35 438
35 445
35 470
35 482
35 509
35 514
35 515
35 516
35 561
35 581
36 37
36 39
36 40
36 41
36 42
36 43
36 44
36 45
36 46
36 47
36 48
36 49
36 50
36 52
36 53
36 59
36 61
36 63
36 65
36 66
36 67
36 68
36 70
36 71
36 76
36 83
36 84
36 86
36 89
36 92
36 97
36 101
36 104
36 106
36 107
36 120
36 121
36 124
36 126
36 128
36 129
36 130
36 132
36 136
36 137
36 144
36 146
36 153
36 155
36 157
36 160
36 164
36 168
36 169
36 177
36 181
36 184
36 192
36 197
36 200
36 209
36 214
36 222
36 223
36 225
36 231
36 234
36 235
36 237
36 241
36 244
36 247
36 249
36 251
36 258
36 262
36 265
36 267
36 268
36 274
36 279
36 286
36 298
36 303
36 314
36 324
36 325
36 329
36 330
36 333
36 335
36 336
36 342
36 345
36 346
36 357
36 363
36 369
36 370
36 385
36 392
36 397
36 403
36 407
36 413
36 415
36 417
36 419
36 420
36 426
36 427
36 431
36 433
36 434
36 443
36 455
36 472
36 475
36 481
36 495
36 513
36 515
36 518
36 523
36 551
36 552
36 553
36 557
36 574
36 598
36 577
36 178
37 38
37 40
37 43
37 44
37 45
37 48
37 51
37 52
37 54
37 58
37 59
37 62
37 63
37 64
37 71
37 74
37 76
37 78
37 83
37 88
37 89
37 92
37 94
37 95
37 98
37 99
37 100
37 105
37 106
37 111
37 117
37 122
37 136
37 140
37 142
37 145
37 152
37 157
37 161
37 162
37 176
37 188
37 192
37 194
37 201
37 215
37 216
37 219
37 220
37 224
37 226
37 229
37 235
37 239
37 243
37 251
37 255
37 262
37 266
37 272
37 281
37 293
37 303
37 305
37 310
37 313
37 324
37 332
37 338
37 341
37 349
37 352
37 353
37 359
37 360
37 372
37 380
37 384
37 386
37 391
37 397
37 403
37 414
37 421
37 432
37 436
37 445
37 454
37 457
37 474
37 513
37 518
37 534
37 553
37 569
37 580
37 587
37 592
37 141
37 103
38 39
38 40
38 41
38 43
38 44
38 45
38 46
38 47
38 50
38 51
38 55
38 56
38 57
38 60
38 62
38 65
38 67
38 68
38 69
38 71
38 72
38 78
38 80
38 85
38 86
38 92
38 95
38 96
38 100
38 102
38 105
38 109
38 110
38 111
38 113
38 115
38 117
38 119
38 120
38 121
38 124
38 129
38 133
38 135
38 137
38 141
38 142
38 144
38 152
38 154
38 159
38 169
38 174
38 182
38 184
38 186
38 187
38 189
38 206
38 215
38 218
38 223
38 225
38 235
38 237
38 247
38 258
38 259
38 271
38 278
38 289
38 313
38 323
38 329
38 334
38 340
38 342
38 347
38 363
38 367
38 387
38 392
38 398
38 406
38 409
38 410
38 413
38 416
38 417
38 456
38 462
38 482
38 484
38 485
38 490
38 495
38 496
38 497
38 505
38 521
38 524
38 525
38 530
38 531
38 540
38 545
38 552
38 562
38 564
38 567
38 568
38 574
38 575
38 585
38 595
38 397
39 40
39 42
39 43
39 45
39 46
39 48
39 50
39 54
39 58
39 59
39 62
39 63
39 64
39 69
39 70
39 72
39 74
39 79
39 84
39 85
39 105
39 112
39 121
39 122
39 123
39 127
39 130
39 143
39 154
39 159
39 171
39 172
39 182
39 187
39 191
39 197
39 198
39 204
39 211
39 213
39 220
39 221
39 223
39 224
39 227
39 235
39 241
39 244
39 272
39 284
39 286
39 288
39 297
39 313
39 319
39 323
39 339
39 351
39 357
39 359
39 369
39 374
39 398
39 401
39 409
39 415
39 462
39 473
39 494
39 495
39 499
39 508
39 510
39 523
39 534
39 535
39 541
39 542
39 577
39 578
39 591
39 599
39 209
39 498
40 44
40 45
40 46
40 51
40 53
40 55
40 58
40 63
40 65
40 66
40 68
40 71
40 75
40 76
40 79
40 82
40 83
40 88
40 89
40 93
40 100
40 107
40 111
40 112
40 115
40 123
40 130
40 142
40 143
40 150
40 151
40 157
40 158
40 160
40 162
40 164
40 165
40 171
40 190
40 194
40 195
40 203
40 204
40 211
40 214
40 228
40 234
40 241
40 245
40 258
40 259
40 262
40 264
40 266
40 270
40 278
40 279
40 280
40 282
40 303
40 328
40 329
40 332
40 340
40 341
40 342
40 354
40 373
40 398
40 409
40 422
40 429
40 433
40 436
40 442
40 450
40 454
40 456
40 464
40 465
40 469
40 475
40 479
40 485
40 511
40 512
40 513
40 514
40 519
40 520
40 528
40 534
40 544
40 551
40 558
40 559
40 562
40 564
40 566
40 569
40 581
40 588
40 593
41 42
41 43
41 47
41 48
41 50
41 54
41 55
41 58
41 61
41 62
41 63
41 64
41 69
41 71
41 74
41 78
41 79
41 80
41 84
41 87
41 88
41 90
41 92
41 94
41 95
41 96
41 99
41 101
41 102
41 105
41 113
41 118
41 120
41 122
41 123
41 124
41 134
41 135
41 136
41 137
41 146
41 147
41 153
41 156
41 158
41 164
41 165
41 169
41 170
41 179
41 185
41 191
41 192
41 196
41 198
41 203
41 209
41 210
41 219
41 222
41 227
41 234
41 235
41 236
41 237
41 239
41 246
41 251
41 254
41 265
41 270
41 280
41 292
41 296
41 307
41 308
41 312
41 315
41 316
41 317
41 318
41 320
41 334
41 346
41 349
41 350
41 355
41 361
41 364
41 366
41 372
41 376
41 377
41 381
41 404
41 406
41 421
41 430
41 434
41 447
41 452
41 456
41 474
41 476
41 490
41 493
41 504
41 516
41 533
41 551
41 554
41 555
41 556
41 569
41 572
41 573
41 576
41 578
41 592
41 182
41 423
42 43
42 44
42 48
42 50
42 54
42 56
42 59
42 60
42 66
42 68
42 75
42 76
42 80
42 87
42 89
42 92
42 93
42 94
42 96
42 104
42 106
42 111
42 114
42 121
42 125
42 144
42 146
42 148
42 159
42 162
42 163
42 167
42 170
42 171
42 173
42 174
42 177
42 200
42 212
42 218
42 225
42 233
42 240
42 254
42 283
42 296
42 308
42 315
42 344
42 352
42 359
42 377
42 394
42 395
42 403
42 407
42 408
42 411
42 417
42 421
42 425
42 446
42 458
42 483
42 495
42 508
42 513
42 515
42 524
42 525
42 557
42 566
42 545
43 49
43 53
43 54
43 56
43 65
43 68
43 71
43 74
43 75
43 81
43 84
43 85
43 90
43 91
43 92
43 93
43 97
43 110
43 112
43 125
43 126
43 127
43 133
43 136
43 141
43 142
43 150
43 152
43 154
43 155
43 156
43 163
43 166
43 167
43 173
43 175
43 181
43 182
43 188
43 193
43 194
43 197
43 230
43 235
43 243
43 274
43 275
43 276
43 284
43 296
43 307
43 308
43 309
43 319
43 324
43 329
43 332
43 334
43 341
43 345
43 347
43 352
43 371
43 379
43 386
43 387
43 392
43 400
43 410
43 412
43 448
43 455
43 489
43 499
43 542
43 545
43 572
43 596
44 45
44 46
44 47
44 49
44 52
44 55
44 58
44 59
44 63
44 64
44 69
44 70
44 76
44 78
44 80
44 81
44 84
44 85
44 88
44 92
44 101
44 104
44 105
44 113
44 114
44 116
44 123
44 124
44 125
44 126
44 140
44 142
44 144
44 146
44 148
44 149
44 150
44 156
44 160
44 171
44 172
44 177
44 179
44 183
44 187
44 189
44 190
44 196
44 212
44 223
44 224
44 233
44 246
44 249
44 250
44 266
44 271
44 275
44 286
44 290
44 302
44 313
44 316
44 322
44 327
44 331
44 336
44 344
44 345
44 352
44 365
44 379
44 388
44 397
44 403
44 418
44 426
44 449
44 456
44 459
44 473
44 480
44 484
44 487
44 497
44 507
44 540
44 543
44 548
44 549
44 554
44 556
44 564
44 572
44 576
44 578
44 590
44 288
45 46
45 47
45 48
45 52
45 53
45 55
45 56
45 59
45 61
45 64
45 67
45 69
45 75
45 76
45 77
45 78
45 79
45 82
45 83
45 84
45 86
45 89
45 91
45 92
45 93
45 96
45 103
45 110
45 114
45 117
45 120
45 123
45 125
45 129
45 132
45 136
45 138
45 139
45 144
45 149
45 150
45 152
45 153
45 154
45 158
45 160
45 162
45 165
45 169
45 171
45 176
45 177
45 179
45 183
45 201
45 207
45 219
45 225
45 234
45 252
45 255
45 269
45 270
45 274
45 277
45 279
45 281
45 285
45 288
45 289
45 294
45 302
45 306
45 312
45 314
45 318
45 323
45 325
45 329
45 355
45 357
45 364
45 367
45 371
45 373
45 388
45 389
45 397
45 406
45 416
45 432
45 439
45 452
45 465
45 467
45 478
45 487
45 500
45 513
45 515
45 548
45 583
45 590
46 48
46 49
46 51
46 53
46 55
46 57
46 58
46 59
46 60
46 62
46 65
46 68
46 69
46 71
46 72
46 73
46 74
46 75
46 76
46 78
46 84
46 85
46 91
46 93
46 94
46 98
46 103
46 107
46 108
46 110
46 112
46 114
46 120
46 121
46 128
46 138
46 143
46 147
46 150
46 182
46 188
46 189
46 193
46 201
46 205
46 207
46 208
46 220
46 224
46 230
46 249
46 252
46 265
46 268
46 271
46 273
46 276
46 304
46 307
46 314
46 320
46 323
46 331
46 344
46 368
46 370
46 376
46 399
46 425
46 448
46 449
46 450
46 454
46 456
46 490
46 503
46 507
46 551
46 557
46 576
46 579
46 580
46 585
46 391
47 49
47 50
47 58
47 62
47 64
47 65
47 66
47 67
47 70
47 75
47 76
47 81
47 87
47 89
47 90
47 91
47 95
47 101
47 102
47 103
47 112
47 115
47 116
47 120
47 124
47 131
47 132
47 133
47 134
47 135
47 138
47 139
47 140
47 142
47 148
47 149
47 150
47 158
47 163
47 165
47 166
47 167
47 170
47 184
47 186
47 189
47 191
47 192
47 205
47 209
47 217
47 227
47 233
47 235
47 236
47 241
47 242
47 251
47 253
47 258
47 264
47 265
47 272
47 278
47 284
47 290
47 298
47 303
47 304
47 309
47 318
47 324
47 326
47 327
47 329
47 330
47 332
47 344
47 348
47 354
47 356
47 358
47 360
47 371
47 377
47 378
47 380
47 385
47 386
47 387
47 393
47 399
47 401
47 405
47 414
47 415
47 423
47 424
47 427
47 429
47 430
47 440
47 451
47 452
47 466
47 472
47 478
47 480
47 484
47 488
47 503
47 506
47 519
47 520
47 522
47 528
47 532
47 543
47 547
47 548
47 555
47 559
47 571
47 583
47 593
47 594
47 200
48 50
48 54
48 63
48 70
48 71
48 73
48 75
48 77
48 80
48 81
48 93
48 111
48 129
48 134
48 147
48 149
48 151
48 152
48 167
48 181
48 186
48 188
48 191
48 201
48 202
48 205
48 216
48 244
48 254
48 263
48 301
48 317
48 323
48 342
48 349
48 360
48 370
48 387
48 390
48 393
48 394
48 402
48 403
48 416
48 429
48 442
48 458
48 460
48 461
48 463
48 493
48 497
48 506
48 511
48 544
48 565
48 578
48 596
49 51
49 52
49 53
49 54
49 57
49 58
49 60
49 65
49 66
49 69
49 73
49 76
49 79
49 82
49 84
49 85
49 92
49 95
49 99
49 100
49 102
49 103
49 106
49 109
49 114
49 116
49 117
49 119
49 122
49 123
49 125
49 129
49 132
49 136
49 141
49 145
49 146
49 151
49 153
49 161
49 163
49 165
49 168
49 172
49 184
49 186
49 193
49 196
49 202
49 210
49 213
49 214
49 222
49 227
49 231
49 299
49 314
49 316
49 326
49 345
49 349
49 360
49 367
49 375
49 403
49 411
49 412
49 416
49 428
49 436
49 439
49 469
49 473
49 483
49 506
49 520
49 522
49 526
49 537
49 538
49 553
49 554
49 558
49 581
49 592
49 487
50 51
50 52
50 56
50 58
50 62
50 68
50 72
50 93
50 96
50 101
50 129
50 132
50 136
50 143
50 149
50 158
50 168
50 179
50 180
50 189
50 191
50 194
50 196
50 209
50 214
50 223
50 228
50 236
50 246
50 269
50 275
50 280
50 288
50 296
50 306
50 307
50 334
50 342
50 343
50 354
50 357
50 360
50 367
50 368
50 372
50 373
50 374
50 376
50 382
50 385
50 386
50 396
50 400
50 404
50 422
50 457
50 458
50 497
50 527
50 560
50 567
50 590
50 594
50 597
51 52
51 53
51 56
51 57
51 58
51 68
51 73
51 90
51 99
51 102
51 106
51 109
51 110
51 112
51 129
51 135
51 138
51 141
51 142
51 143
51 144
51 152
51 156
51 159
51 165
51 174
51 176
51 189
51 196
51 201
51 205
51 206
51 208
51 211
51 216
51 242
51 245
51 247
51 259
51 262
51 263
51 269
51 284
51 285
51 305
51 324
51 340
51 351
51 372
51 385
51 386
51 391
51 392
51 393
51 408
51 415
51 419
51 422
51 432
51 435
51 444
51 445
51 455
51 456
51 495
51 545
51 556
51 587
51 595
52 60
52 68
52 72
52 73
52 88
52 91
52 106
52 108
52 110
52 113
52 114
52 115
52 125
52 128
52 133
52 135
52 137
52 150
52 152
52 161
52 164
52 169
52 176
52 181
52 186
52 192
52 200
52 208
52 227
52 229
52 236
52 240
52 242
52 251
52 252
52 256
52 263
52 268
52 284
52 287
52 289
52 294
52 318
52 321
52 322
52 324
52 326
52 354
52 365
52 401
52 418
52 451
52 528
52 540
52 553
52 583
52 592
52 547
52 387
52 338
53 57
53 67
53 69
53 75
53 79
53 80
53 81
53 84
53 88
53 96
53 102
53 121
53 123
53 134
53 141
53 145
53 146
53 155
53 159
53 170
53 171
53 187
53 189
53 192
53 201
53 205
53 209
53 220
53 221
53 236
53 241
53 258
53 307
53 337
53 347
53 379
53 388
53 406
53 419
53 431
53 439
53 450
53 467
53 474
53 505
53 522
53 531
53 548
53 566
53 572
53 539
53 348
54 57
54 60
54 62
54 66
54 67
54 68
54 80
54 85
54 86
54 87
54 100
54 107
54 118
54 122
54 126
54 129
54 131
54 135
54 140
54 144
54 147
54 149
54 156
54 158
54 167
54 169
54 183
54 190
54 193
54 201
54 204
54 231
54 233
54 234
54 238
54 242
54 254
54 260
54 265
54 270
54 282
54 288
54 289
54 293
54 304
54 306
54 330
54 337
54 357
54 369
54 380
54 381
54 383
54 394
54 395
54 399
54 405
54 412
54 423
54 426
54 435
54 443
54 446
54 452
54 454
54 470
54 515
54 516
54 517
54 534
54 541
54 555
54 556
54 563
54 581
54 589
54 594
54 390
55 58
55 59
55 61
55 62
55 64
55 66
55 73
55 74
55 77
55 89
55 90
55 93
55 96
55 97
55 105
55 108
55 114
55 115
55 116
55 119
55 120
55 123
55 125
55 127
55 131
55 134
55 138
55 139
55 147
55 151
55 160
55 163
55 175
55 178
55 205
55 208
55 212
55 213
55 215
55 234
55 235
55 246
55 250
55 259
55 268
55 269
55 294
55 302
55 310
55 312
55 315
55 317
55 340
55 342
55 361
55 365
55 366
55 367
55 377
55 380
55 382
55 383
55 386
55 396
55 426
55 435
55 453
55 462
55 475
55 499
55 507
55 514
55 519
55 527
55 544
55 549
55 554
55 562
55 563
55 584
55 372
55 444
56 58
56 64
56 66
56 70
56 73
56 75
56 85
56 88
56 89
56 90
56 91
56 94
56 103
56 106
56 118
56 127
56 133
56 136
56 137
56 139
56 140
56 147
56 149
56 152
56 158
56 160
56 163
56 164
56 166
56 167
56 168
56 187
56 195
56 197
56 198
56 202
56 239
56 242
56 253
56 257
56 266
56 273
56 277
56 289
56 295
56 309
56 322
56 324
56 330
56 331
56 333
56 358
56 359
56 366
56 370
56 379
56 380
56 394
56 396
56 402
56 410
56 426
56 447
56 456
56 458
56 464
56 493
56 501
56 507
56 509
56 551
56 552
56 559
56 564
56 565
56 573
56 574
56 577
56 582
56 476
56 105
57 62
57 66
57 67
57 69
57 77
57 80
57 82
57 86
57 95
57 98
57 102
57 106
57 112
57 113
57 121
57 131
57 133
57 135
57 150
57 151
57 155
57 156
57 157
57 158
57 161
57 165
57 179
57 195
57 201
57 203
57 207
57 208
57 209
57 211
57 216
57 235
57 238
57 240
57 241
57 243
57 247
57 254
57 275
57 281
57 288
57 311
57 316
57 319
57 325
57 327
57 328
57 366
57 371
57 391
57 394
57 398
57 402
57 412
57 414
57 421
57 424
57 425
57 429
57 430
57 434
57 468
57 482
57 483
57 488
57 495
57 498
57 504
57 508
57 521
57 531
57 536
57 550
57 566
57 575
57 582
57 592
58 59
58 61
58 64
58 69
58 71
58 76
58 78
58 79
58 82
58 83
58 84
58 91
58 92
58 101
58 105
58 111
58 113
58 116
58 117
58 120
58 124
58 130
58 144
58 146
58 147
58 148
58 165
58 166
58 172
58 173
58 175
58 176
58 183
58 188
58 200
58 212
58 218
58 219
58 226
58 228
58 236
58 245
58 247
58 255
58 268
58 270
58 276
58 293
58 306
58 316
58 317
58 320
58 325
58 327
58 332
58 336
58 338
58 341
58 344
58 348
58 365
58 367
58 397
58 398
58 399
58 413
58 429
58 431
58 438
58 442
58 460
58 462
58 468
58 483
58 486
58 493
58 543
58 544
58 550
58 553
58 563
58 574
58 501
59 60
59 63
59 65
59 67
59 70
59 77
59 78
59 79
59 92
59 94
59 110
59 115
59 119
59 126
59 127
59 139
59 153
59 159
59 170
59 171
59 178
59 180
59 196
59 198
59 206
59 213
59 221
59 227
59 251
59 265
59 291
59 297
59 311
59 319
59 340
59 355
59 376
59 381
59 497
59 518
59 533
59 538
59 541
59 547
59 569
59 570
59 579
59 574
60 63
60 70
60 71
60 72
60 73
60 76
60 78
60 81
60 87
60 90
60 94
60 110
60 122
60 124
60 143
60 144
60 150
60 155
60 172
60 175
60 177
60 192
60 199
60 211
60 213
60 231
60 234
60 240
60 241
60 259
60 260
60 265
60 275
60 278
60 288
60 291
60 292
60 301
60 303
60 304
60 309
60 312
60 321
60 330
60 342
60 351
60 352
60 356
60 383
60 402
60 427
60 458
60 481
60 485
60 509
60 513
60 523
60 533
60 550
60 554
60 567
60 575
60 595
60 599
60 438
61 63
61 71
61 73
61 75
61 82
61 86
61 94
61 96
61 98
61 102
61 103
61 108
61 110
61 118
61 131
61 146
61 154
61 166
61 177
61 184
61 195
61 211
61 221
61 227
61 233
61 250
61 257
61 260
61 303
61 312
61 315
61 334
61 340
61 365
61 387
61 413
61 429
61 451
61 460
61 490
61 499
61 503
61 512
61 522
61 538
61 561
61 571
61 148
62 65
62 69
62 72
62 77
62 84
62 86
62 93
62 99
62 135
62 140
62 141
62 146
62 154
62 178
62 181
62 183
62 185
62 194
62 201
62 203
62 208
62 241
62 242
62 246
62 249
62 271
62 280
62 281
62 287
62 337
62 346
62 361
62 399
62 409
62 429
62 462
62 490
62 498
62 512
62 513
62 520
62 546
62 564
62 593
62 596
62 599
62 424
62 400
63 66
63 68
63 70
63 77
63 87
63 95
63 102
63 108
63 114
63 128
63 135
63 143
63 159
63 175
63 176
63 180
63 189
63 199
63 214
63 224
63 225
63 227
63 238
63 239
63 242
63 261
63 278
63 300
63 306
63 324
63 341
63 361
63 385
63 404
63 416
63 423
63 427
63 436
63 449
63 526
64 72
64 74
64 75
64 80
64 82
64 84
64 90
64 91
64 97
64 103
64 104
64 109
64 115
64 117
64 123
64 127
64 132
64 138
64 168
64 169
64 177
64 182
64 186
64 202
64 214
64 217
64 220
64 234
64 243
64 251
64 260
64 268
64 271
64 277
64 291
64 312
64 313
64 320
64 322
64 337
64 338
64 339
64 345
64 360
64 372
64 375
64 381
64 390
64 401
64 403
64 407
64 418
64 419
64 438
64 447
64 455
64 486
64 496
64 511
64 516
64 520
64 523
64 530
64 533
64 537
64 542
64 546
64 565
64 573
64 597
65 73
65 76
65 85
65 89
65 91
65 104
65 111
65 124
65 129
65 130
65 134
65 137
65 139
65 153
65 155
65 157
65 161
65 164
65 175
65 179
65 184
65 216
65 230
65 232
65 233
65 245
65 257
65 259
65 286
65 292
65 293
65 301
65 303
65 314
65 353
65 359
65 376
65 382
65 401
65 402
65 415
65 428
65 445
65 477
65 478
65 481
65 500
65 503
65 507
65 528
65 548
65 574
65 582
65 583
65 394
66 73
66 83
66 91
66 94
66 95
66 104
66 111
66 113
66 122
66 133
66 137
66 144
66 151
66 152
66 166
66 170
66 175
66 181
66 190
66 193
66 202
66 209
66 224
66 226
66 229
66 231
66 237
66 256
66 257
66 269
66 282
66 284
66 294
66 298
66 301
66 305
66 307
66 314
66 319
66 324
66 331
66 336
66 351
66 369
66 393
66 402
66 416
66 420
66 470
66 486
66 497
66 507
66 511
66 515
66 529
66 530
66 532
66 536
66 548
66 552
66 589
66 71
67 74
67 79
67 80
67 82
67 87
67 88
67 91
67 94
67 104
67 114
67 120
67 121
67 131
67 132
67 141
67 142
67 148
67 153
67 155
67 164
67 167
67 180
67 193
67 197
67 207
67 208
67 232
67 282
67 295
67 304
67 308
67 317
67 329
67 331
67 333
67 384
67 388
67 393
67 397
67 416
67 424
67 444
67 447
67 462
67 463
67 467
67 474
67 506
67 560
67 561
67 590
67 591
68 72
68 73
68 74
68 75
68 78
68 94
68 95
68 96
68 98
68 99
68 103
68 108
68 112
68 118
68 124
68 141
68 143
68 148
68 149
68 151
68 154
68 157
68 165
68 166
68 167
68 172
68 175
68 178
68 182
68 190
68 228
68 246
68 258
68 264
68 280
68 294
68 301
68 314
68 333
68 338
68 343
68 350
68 354
68 373
68 384
68 386
68 391
68 404
68 405
68 417
68 425
68 427
68 437
68 453
68 459
68 462
68 464
68 468
68 480
68 488
68 492
68 512
68 525
68 526
68 528
68 534
68 538
68 564
68 580
68 586
68 596
69 71
69 77
69 79
69 81
69 91
69 92
69 93
69 99
69 100
69 113
69 116
69 124
69 128
69 129
69 134
69 155
69 159
69 165
69 169
69 172
69 174
69 184
69 189
69 191
69 192
69 195
69 204
69 215
69 226
69 238
69 239
69 251
69 265
69 266
69 267
69 268
69 278
69 279
69 289
69 290
69 303
69 304
69 313
69 322
69 346
69 358
69 377
69 390
69 396
69 419
69 424
69 430
69 431
69 439
69 447
69 471
69 519
69 529
69 542
69 543
69 577
69 585
69 125
70 78
70 79
70 80
70 83
70 85
70 100
70 105
70 114
70 117
70 119
70 129
70 135
70 138
70 142
70 146
70 150
70 157
70 163
70 185
70 197
70 202
70 207
70 210
70 211
70 215
70 219
70 220
70 226
70 232
70 233
70 237
70 238
70 240
70 244
70 250
70 256
70 260
70 268
70 283
70 284
70 289
70 298
70 308
70 310
70 335
70 353
70 368
70 393
70 410
70 422
70 428
70 445
70 461
70 473
70 475
70 486
70 493
70 503
70 515
70 520
70 538
70 545
70 551
70 574
70 588
70 317
71 81
71 82
71 83
71 86
71 88
71 89
71 93
71 96
71 108
71 113
71 115
71 117
71 124
71 131
71 140
71 141
71 148
71 149
71 162
71 169
71 188
71 209
71 224
71 255
71 261
71 271
71 278
71 289
71 293
71 301
71 303
71 306
71 308
71 324
71 338
71 362
71 371
71 386
71 397
71 422
71 465
71 493
71 499
71 513
71 517
71 521
71 559
71 97
71 232
72 78
72 79
72 87
72 88
72 92
72 98
72 100
72 109
72 114
72 142
72 150
72 154
72 168
72 185
72 195
72 197
72 204
72 207
72 255
72 256
72 279
72 288
72 306
72 331
72 345
72 346
72 378
72 415
72 418
72 427
72 435
72 445
72 453
72 474
72 481
72 500
72 501
72 507
72 513
72 556
72 579
72 582
72 585
72 596
72 194
72 431
73 75
73 77
73 83
73 89
73 103
73 107
73 109
73 115
73 116
73 120
73 126
73 136
73 146
73 158
73 159
73 160
73 180
73 184
73 188
73 194
73 202
73 205
73 209
73 213
73 214
73 239
73 248
73 250
73 270
73 280
73 286
73 287
73 311
73 336
73 351
73 358
73 387
73 392
73 398
73 411
73 425
73 461
73 477
73 498
73 529
73 531
73 546
73 561
73 565
73 566
74 82
74 86
74 91
74 99
74 101
74 103
74 110
74 111
74 118
74 120
74 123
74 127
74 149
74 151
74 153
74 157
74 166
74 185
74 188
74 194
74 197
74 213
74 248
74 257
74 273
74 281
74 285
74 291
74 302
74 323
74 333
74 335
74 344
74 358
74 385
74 438
74 450
74 489
74 498
74 510
74 518
74 520
74 525
74 545
74 577
75 80
75 85
75 89
75 90
75 110
75 141
75 144
75 180
75 191
75 195
75 199
75 206
75 216
75 224
75 228
75 250
75 276
75 289
75 292
75 296
75 360
75 394
75 427
75 439
75 443
75 447
75 455
75 466
75 474
75 475
75 479
75 483
75 494
75 496
75 501
75 526
75 529
75 542
75 550
75 576
75 593
76 78
76 80
76 93
76 100
76 104
76 110
76 111
76 117
76 119
76 132
76 138
76 139
76 145
76 151
76 157
76 160
76 162
76 168
76 169
76 181
76 196
76 207
76 210
76 217
76 231
76 240
76 244
76 253
76 254
76 256
76 275
76 278
76 282
76 287
76 291
76 300
76 304
76 305
76 307
76 317
76 319
76 322
76 326
76 334
76 359
76 368
76 373
76 389
76 390
76 417
76 423
76 452
76 483
76 502
76 510
76 524
76 530
76 531
76 569
76 574
76 582
76 583
76 586
76 588
76 598
76 167
76 379
76 455
77 79
77 87
77 93
77 97
77 102
77 114
77 120
77 126
77 128
77 134
77 136
77 158
77 169
77 180
77 190
77 199
77 202
77 213
77 214
77 218
77 226
77 246
77 253
77 268
77 272
77 273
77 278
77 295
77 296
77 324
77 333
77 335
77 364
77 404
77 405
77 408
77 428
77 443
77 446
77 448
77 462
77 465
77 475
77 492
77 494
77 499
77 502
77 511
77 530
77 536
77 569
77 587
77 523
78 81
78 82
78 84
78 85
78 97
78 98
78 103
78 107
78 108
78 116
78 139
78 142
78 144
78 148
78 171
78 173
78 174
78 200
78 201
78 206
78 220
78 252
78 268
78 271
78 279
78 288
78 298
78 301
78 317
78 337
78 339
78 353
78 368
78 399
78 409
78 419
78 424
78 444
78 447
78 471
78 484
78 507
78 517
78 527
78 528
78 591
78 251
79 92
79 97
79 104
79 109
79 114
79 116
79 119
79 127
79 128
79 129
79 140
79 163
79 174
79 186
79 196
79 202
79 218
79 220
79 222
79 231
79 233
79 241
79 243
79 244
79 247
79 248
79 253
79 256
79 262
79 275
79 284
79 295
79 309
79 320
79 321
79 338
79 351
79 395
79 400
79 403
79 424
79 432
79 444
79 456
79 472
79 479
79 504
79 532
79 568
79 571
79 587
79 592
79 164
79 268
80 83
80 85
80 90
80 97
80 105
80 114
80 122
80 125
80 128
80 130
80 134
80 140
80 163
80 173
80 192
80 228
80 237
80 244
80 247
80 249
80 259
80 306
80 308
80 325
80 328
80 330
80 338
80 339
80 356
80 361
80 370
80 374
80 387
80 388
80 395
80 432
80 437
80 483
80 551
80 597
80 257
81 95
81 100
81 104
81 105
81 109
81 112
81 121
81 128
81 134
81 154
81 159
81 161
81 168
81 211
81 228
81 236
81 243
81 260
81 264
81 268
81 278
81 287
81 322
81 328
81 336
81 338
81 339
81 364
81 393
81 407
81 432
81 434
81 444
81 457
81 458
81 460
81 475
81 485
81 502
81 536
81 548
81 555
81 597
81 598
81 151
82 87
82 88
82 95
82 96
82 103
82 115
82 117
82 118
82 122
82 133
82 136
82 138
82 157
82 163
82 166
82 169
82 174
82 175
82 183
82 184
82 188
82 203
82 212
82 217
82 237
82 246
82 256
82 261
82 274
82 286
82 293
82 320
82 335
82 341
82 345
82 347
82 372
82 384
82 402
82 411
82 420
82 436
82 441
82 449
82 451
82 457
82 458
82 467
82 498
82 501
82 504
82 539
82 556
82 560
82 563
82 566
82 588
82 594
82 559
82 479
83 84
83 88
83 90
83 101
83 109
83 129
83 133
83 160
83 166
83 170
83 178
83 191
83 194
83 196
83 233
83 236
83 239
83 245
83 254
83 257
83 259
83 272
83 292
83 315
83 335
83 344
83 345
83 356
83 412
83 414
83 415
83 422
83 446
83 571
84 93
84 95
84 99
84 105
84 111
84 123
84 131
84 133
84 137
84 138
84 153
84 158
84 164
84 168
84 170
84 175
84 180
84 188
84 191
84 193
84 200
84 213
84 217
84 222
84 263
84 266
84 271
84 300
84 303
84 317
84 340
84 345
84 352
84 389
84 408
84 419
84 450
84 459
84 471
84 494
84 499
84 505
84 530
84 542
84 580
85 88
85 90
85 91
85 93
85 98
85 104
85 105
85 116
85 124
85 127
85 131
85 132
85 153
85 155
85 159
85 162
85 185
85 193
85 206
85 213
85 216
85 223
85 234
85 236
85 321
85 327
85 392
85 430
85 491
85 513
85 521
85 546
85 551
85 553
85 556
85 567
85 586
85 589
85 595
86 87
86 99
86 100
86 107
86 112
86 117
86 118
86 119
86 130
86 148
86 151
86 154
86 162
86 180
86 187
86 203
86 219
86 222
86 236
86 246
86 249
86 252
86 264
86 286
86 288
86 294
86 295
86 299
86 302
86 318
86 319
86 320
86 340
86 341
86 356
86 362
86 377
86 385
86 421
86 439
86 476
86 524
86 542
86 552
87 90
87 94
87 108
87 119
87 121
87 122
87 131
87 133
87 137
87 141
87 145
87 168
87 180
87 192
87 196
87 204
87 216
87 228
87 236
87 241
87 242
87 253
87 271
87 275
87 299
87 309
87 355
87 398
87 406
87 422
87 440
87 454
87 467
87 469
87 487
87 501
87 538
87 546
87 572
87 577
87 593
88 93
88 102
88 137
88 138
88 140
88 141
88 165
88 178
88 186
88 237
88 247
88 250
88 267
88 279
88 283
88 291
88 295
88 330
88 349
88 399
88 449
88 450
88 473
88 520
88 535
88 539
88 548
88 566
88 568
88 160
89 99
89 106
89 110
89 120
89 140
89 152
89 164
89 166
89 212
89 214
89 223
89 226
89 254
89 262
89 267
89 299
89 301
89 308
89 313
89 442
89 449
89 458
89 461
89 469
89 476
89 540
89 549
89 564
89 567
90 93
90 101
90 105
90 116
90 120
90 125
90 131
90 136
90 148
90 158
90 160
90 167
90 168
90 170
90 191
90 199
90 250
90 254
90 258
90 259
90 261
90 286
90 297
90 305
90 327
90 334
90 343
90 360
90 372
90 400
90 404
90 436
90 462
90 469
90 487
90 502
90 505
90 510
90 518
90 523
90 534
91 98
91 118
91 120
91 121
91 123
91 140
91 147
91 148
91 154
91 159
91 177
91 184
91 187
91 204
91 211
91 212
91 215
91 216
91 225
91 243
91 256
91 280
91 289
91 290
91 313
91 329
91 332
91 335
91 368
91 373
91 410
91 444
91 447
91 454
91 466
91 469
91 487
91 489
91 521
91 526
91 545
91 575
91 580
92 97
92 107
92 116
92 121
92 135
92 137
92 140
92 144
92 147
92 163
92 170
92 171
92 190
92 193
92 200
92 206
92 234
92 253
92 260
92 280
92 281
92 286
92 295
92 304
92 306
92 308
92 326
92 336
92 338
92 358
92 359
92 363
92 381
92 391
92 392
92 405
92 413
92 417
92 419
92 423
92 430
92 445
92 478
92 503
92 525
92 536
92 539
92 580
92 589
92 590
92 592
93 97
93 100
93 105
93 110
93 112
93 115
93 117
93 131
93 136
93 142
93 152
93 156
93 161
93 172
93 180
93 217
93 241
93 252
93 264
93 307
93 314
93 341
93 351
93 384
93 401
93 402
93 410
93 412
93 417
93 422
93 437
93 444
93 497
93 499
93 500
93 519
93 541
93 576
93 587
93 589
93 557
93 114
94 99
94 100
94 101
94 123
94 125
94 128
94 135
94 161
94 163
94 167
94 170
94 174
94 176
94 188
94 199
94 208
94 226
94 251
94 252
94 263
94 280
94 296
94 312
94 318
94 362
94 367
94 377
94 384
94 437
94 445
94 447
94 448
94 473
94 509
94 521
94 523
94 557
94 573
95 97
95 104
95 107
95 111
95 116
95 119
95 122
95 159
95 173
95 217
95 218
95 226
95 230
95 232
95 244
95 253
95 266
95 276
95 281
95 326
95 342
95 346
95 350
95 353
95 358
95 363
95 380
95 386
95 400
95 418
95 421
95 439
95 451
95 475
95 584
95 585
95 591
95 598
96 108
96 113
96 115
96 171
96 174
96 177
96 179
96 192
96 200
96 209
96 215
96 226
96 265
96 276
96 293
96 295
96 338
96 360
96 368
96 400
96 414
96 420
96 422
96 435
96 440
96 451
96 454
96 455
96 456
96 461
96 475
96 512
96 554
96 557
96 566
96 570
96 415
97 98
97 101
97 102
97 103
97 106
97 113
97 117
97 119
97 126
97 151
97 154
97 155
97 164
97 182
97 194
97 198
97 202
97 204
97 210
97 225
97 231
97 244
97 252
97 256
97 259
97 263
97 272
97 290
97 309
97 312
97 315
97 320
97 325
97 347
97 364
97 365
97 373
97 374
97 389
97 395
97 407
97 433
97 473
97 488
97 495
97 503
97 570
97 581
97 593
98 112
98 115
98 122
98 123
98 127
98 135
98 139
98 145
98 153
98 167
98 180
98 182
98 205
98 223
98 228
98 237
98 245
98 249
98 255
98 266
98 267
98 272
98 298
98 338
98 351
98 355
98 357
98 376
98 382
98 407
98 428
98 479
98 518
98 568
98 569
98 570
98 574
98 595
99 102
99 109
99 116
99 128
99 153
99 166
99 186
99 193
99 199
99 207
99 208
99 240
99 243
99 253
99 254
99 259
99 274
99 286
99 287
99 291
99 300
99 303
99 305
99 326
99 359
99 363
99 377
99 390
99 395
99 396
99 410
99 425
99 428
99 433
99 455
99 460
99 474
99 496
99 526
99 534
99 539
99 541
99 551
99 557
99 585
99 587
99 594
100 114
100 129
100 139
100 156
100 161
100 173
100 181
100 190
100 207
100 211
100 232
100 243
100 245
100 266
100 270
100 280
100 282
100 290
100 293
100 298
100 334
100 371
100 379
100 388
100 404
100 443
100 482
100 487
100 496
100 511
100 535
100 554
100 557
100 560
100 576
101 109
101 119
101 124
101 125
101 127
101 133
101 137
101 151
101 152
101 157
101 160
101 161
101 167
101 171
101 179
101 180
101 184
101 186
101 187
101 198
101 199
101 210
101 211
101 216
101 218
101 222
101 229
101 231
101 261
101 296
101 308
101 310
101 314
101 322
101 332
101 342
101 345
101 356
101 362
101 374
101 377
101 391
101 395
101 410
101 423
101 425
101 431
101 490
101 491
101 559
101 574
101 590
102 105
102 131
102 140
102 153
102 155
102 163
102 177
102 181
102 219
102 220
102 233
102 255
102 258
102 261
102 268
102 288
102 294
102 315
102 352
102 358
102 373
102 379
102 389
102 390
102 394
102 491
102 560
102 575
102 579
102 552
103 110
103 130
103 146
103 153
103 196
103 226
103 228
103 232
103 238
103 239
103 250
103 312
103 374
103 376
103 432
103 504
104 115
104 116
104 129
104 155
104 176
104 184
104 189
104 197
104 203
104 211
104 221
104 236
104 239
104 285
104 290
104 331
104 335
104 365
104 376
104 419
104 422
104 427
104 431
104 436
104 443
104 454
104 461
104 468
104 504
104 509
104 520
104 521
104 550
104 561
104 586
104 599
105 110
105 124
105 128
105 145
105 148
105 149
105 150
105 157
105 171
105 188
105 195
105 200
105 201
105 203
105 210
105 211
105 227
105 238
105 253
105 256
105 264
105 265
105 269
105 286
105 315
105 319
105 325
105 328
105 372
105 408
105 412
105 466
105 475
105 476
105 479
105 495
105 498
105 523
105 537
105 560
105 577
105 582
105 591
106 107
106 113
106 119
106 123
106 136
106 149
106 161
106 162
106 181
106 183
106 215
106 217
106 221
106 255
106 265
106 268
106 274
106 285
106 299
106 384
106 417
106 430
106 452
106 472
106 486
106 487
106 494
106 516
106 517
106 550
106 573
106 585
106 180
106 293
107 109
107 123
107 125
107 127
107 139
107 160
107 168
107 176
107 179
107 196
107 199
107 225
107 254
107 262
107 272
107 283
107 300
107 306
107 336
107 368
107 384
107 398
107 400
107 401
107 422
107 448
107 469
107 491
107 522
107 531
107 536
107 556
107 591
108 116
108 118
108 121
108 125
108 137
108 144
108 147
108 177
108 183
108 190
108 196
108 240
108 270
108 273
108 279
108 297
108 340
108 346
108 352
108 378
108 406
108 411
108 426
108 427
108 448
108 453
108 510
108 540
108 590
108 216
108 334
109 113
109 126
109 143
109 159
109 161
109 180
109 188
109 221
109 224
109 243
109 253
109 286
109 313
109 318
109 328
109 330
109 360
109 380
109 383
109 410
109 418
109 450
109 465
109 502
109 511
109 543
109 553
109 554
110 111
110 133
110 135
110 139
110 153
110 162
110 173
110 178
110 185
110 201
110 210
110 213
110 223
110 235
110 245
110 266
110 270
110 272
110 287
110 289
110 292
110 302
110 307
110 324
110 326
110 352
110 360
110 398
110 404
110 411
110 437
110 465
110 466
110 477
110 509
110 536
110 598
110 502
111 118
111 124
111 133
111 138
111 139
111 154
111 172
111 184
111 187
111 189
111 192
111 215
111 217
111 241
111 243
111 260
111 264
111 271
111 274
111 285
111 292
111 296
111 299
111 319
111 331
111 332
111 345
111 352
111 354
111 374
111 395
111 407
111 416
111 417
111 446
111 478
111 512
111 567
111 588
111 560
111 313
112 122
112 127
112 181
112 183
112 189
112 201
112 202
112 245
112 249
112 300
112 305
112 308
112 359
112 366
112 381
112 425
112 440
112 444
112 471
112 500
112 524
112 541
112 549
112 569
112 579
112 595
112 402
113 115
113 121
113 127
113 132
113 170
113 171
113 179
113 199
113 218
113 225
113 227
113 238
113 240
113 247
113 283
113 295
113 301
113 311
113 313
113 316
113 318
113 329
113 331
113 344
113 378
113 382
113 386
113 394
113 395
113 398
113 408
113 423
113 427
113 445
113 453
113 471
113 505
113 510
113 545
113 552
113 563
113 578
113 586
113 593
113 326
114 130
114 136
114 138
114 147
114 155
114 170
114 177
114 182
114 188
114 204
114 214
114 216
114 241
114 248
114 267
114 271
114 274
114 282
114 283
114 285
114 299
114 300
114 304
114 320
114 324
114 337
114 341
114 353
114 356
114 357
114 414
114 442
114 460
114 461
114 463
114 471
114 480
114 502
114 531
114 535
114 557
114 568
114 591
115 130
115 137
115 172
115 173
115 181
115 189
115 194
115 201
115 202
115 207
115 217
115 231
115 235
115 276
115 278
115 303
115 304
115 305
115 306
115 307
115 318
115 321
115 350
115 357
115 358
115 368
115 371
115 374
115 390
115 405
115 408
115 472
115 481
115 496
115 503
115 518
115 521
115 522
115 544
115 550
115 567
115 573
115 579
115 585
115 598
115 337
116 119
116 124
116 131
116 153
116 164
116 191
116 197
116 199
116 204
116 206
116 244
116 246
116 269
116 277
116 309
116 320
116 342
116 343
116 372
116 381
116 395
116 434
116 439
116 448
116 480
116 538
116 590
117 122
117 125
117 138
117 145
117 151
117 154
117 167
117 174
117 185
117 210
117 211
117 243
117 247
117 267
117 272
117 277
117 299
117 335
117 341
117 351
117 378
117 382
117 384
117 387
117 389
117 394
117 418
117 446
117 450
117 453
117 540
117 549
117 583
117 586
117 599
117 228
118 145
118 158
118 160
118 174
118 178
118 183
118 186
118 199
118 204
118 205
118 217
118 224
118 230
118 241
118 255
118 261
118 268
118 314
118 325
118 339
118 341
118 377
118 380
118 395
118 399
118 438
118 450
118 455
118 489
118 514
118 356
119 120
119 121
119 131
119 145
119 161
119 162
119 184
119 194
119 203
119 219
119 226
119 231
119 237
119 257
119 259
119 279
119 298
119 306
119 336
119 339
119 343
119 359
119 362
119 389
119 405
119 406
119 409
119 419
119 425
119 437
119 462
119 464
119 467
119 475
119 511
119 524
119 537
119 540
119 545
119 549
119 557
119 565
119 584
120 123
120 132
120 141
120 143
120 147
120 198
120 223
120 231
120 245
120 250
120 263
120 268
120 269
120 277
120 280
120 286
120 288
120 298
120 349
120 350
120 354
120 377
120 378
120 393
120 394
120 395
120 405
120 457
120 470
120 497
120 521
120 524
120 540
120 552
120 594
120 442
121 173
121 176
121 189
121 199
121 201
121 202
121 225
121 226
121 282
121 302
121 309
121 348
121 381
121 459
121 493
121 514
121 515
121 531
121 536
121 553
121 565
121 467
122 130
122 133
122 139
122 145
122 150
122 153
122 160
122 164
122 183
122 185
122 187
122 199
122 200
122 205
122 207
122 215
122 248
122 257
122 262
122 263
122 267
122 269
122 284
122 293
122 297
122 303
122 310
122 316
122 329
122 344
122 348
122 353
122 356
122 358
122 365
122 375
122 378
122 383
122 396
122 398
122 403
122 414
122 416
122 453
122 505
122 510
122 513
122 530
122 539
122 556
122 561
122 594
122 597
123 142
123 157
123 175
123 178
123 197
123 218
123 270
123 271
123 273
123 274
123 293
123 299
123 323
123 335
123 343
123 345
123 350
123 364
123 404
123 412
123 420
123 434
123 455
123 459
123 474
123 492
123 506
123 551
123 588
124 125
124 130
124 134
124 173
124 211
124 232
124 235
124 275
124 287
124 329
124 332
124 336
124 383
124 446
124 471
124 479
124 500
124 512
124 541
124 277
125 132
125 186
125 189
125 194
125 210
125 223
125 224
125 246
125 257
125 261
125 303
125 308
125 313
125 340
125 355
125 378
125 390
125 399
125 402
125 421
125 442
125 476
125 482
125 499
125 508
125 514
125 575
126 134
126 137
126 156
126 160
126 177
126 179
126 197
126 200
126 205
126 210
126 214
126 220
126 261
126 262
126 281
126 295
126 302
126 305
126 328
126 388
126 391
126 442
126 466
126 467
126 468
126 486
126 487
126 506
126 527
126 537
126 543
127 131
127 154
127 158
127 168
127 184
127 186
127 211
127 219
127 228
127 231
127 252
127 257
127 265
127 273
127 276
127 303
127 309
127 318
127 325
127 340
127 345
127 363
127 368
127 400
127 423
127 427
127 432
127 450
127 463
127 471
127 473
127 507
127 560
127 565
127 578
127 579
128 138
128 160
128 184
128 187
128 190
128 207
128 232
128 240
128 245
128 260
128 269
128 301
128 302
128 304
128 317
128 337
128 353
128 360
128 373
128 394
128 402
128 411
128 415
128 422
128 436
128 444
128 474
128 555
128 579
129 130
129 135
129 138
129 141
129 143
129 180
129 181
129 182
129 186
129 221
129 223
129 233
129 248
129 250
129 256
129 309
129 319
129 338
129 374
129 466
129 514
129 522
129 523
129 546
130 141
130 171
130 181
130 191
130 255
130 275
130 278
130 283
130 295
130 325
130 337
130 340
130 343
130 344
130 359
130 399
130 408
130 429
130 443
130 453
130 456
130 463
130 485
130 489
130 502
130 545
130 565
130 313
131 134
131 165
131 183
131 189
131 197
131 203
131 206
131 208
131 217
131 224
131 226
131 228
131 231
131 234
131 245
131 247
131 249
131 253
131 258
131 271
131 281
131 285
131 297
131 309
131 311
131 314
131 332
131 338
131 345
131 348
131 371
131 380
131 381
131 397
131 416
131 425
131 429
131 437
131 438
131 445
131 451
131 455
131 457
131 471
131 494
131 499
131 536
131 539
131 551
131 553
131 561
131 581
131 597
131 415
132 137
132 139
132 141
132 146
132 160
132 167
132 172
132 174
132 200
132 209
132 213
132 220
132 246
132 262
132 277
132 293
132 294
132 321
132 325
132 337
132 348
132 353
132 354
132 362
132 383
132 394
132 424
132 426
132 494
132 507
132 524
132 529
132 596
133 136
133 170
133 179
133 180
133 185
133 219
133 234
133 249
133 257
133 324
133 330
133 334
133 339
133 362
133 370
133 397
133 418
133 422
133 430
133 449
133 494
133 495
133 549
133 565
133 464
134 145
134 146
134 147
134 149
134 152
134 156
134 158
134 162
134 177
134 211
134 213
134 235
134 238
134 241
134 249
134 261
134 269
134 276
134 292
134 307
134 315
134 341
134 343
134 344
134 348
134 359
134 378
134 418
134 426
134 436
134 452
134 453
134 473
134 492
134 535
134 546
134 571
134 583
134 591
135 146
135 166
135 169
135 176
135 179
135 193
135 249
135 250
135 263
135 287
135 346
135 379
135 384
135 437
135 511
135 523
135 582
135 592
136 139
136 143
136 165
136 172
136 218
136 257
136 292
136 383
136 405
136 438
136 451
136 455
136 478
136 494
136 501
136 508
136 512
136 523
136 528
136 537
136 552
136 554
136 569
137 139
137 149
137 157
137 170
137 177
137 189
137 212
137 216
137 224
137 228
137 229
137 233
137 234
137 238
137 240
137 250
137 255
137 266
137 274
137 291
137 297
137 331
137 347
137 376
137 389
137 429
137 442
137 488
137 512
137 522
137 590
137 597
138 147
138 152
138 153
138 167
138 171
138 179
138 198
138 216
138 245
138 297
138 311
138 314
138 316
138 331
138 333
138 337
138 361
138 393
138 441
138 463
138 464
138 466
138 492
138 494
138 500
138 546
138 578
138 588
138 231
138 428
139 153
139 156
139 162
139 163
139 166
139 168
139 172
139 176
139 177
139 192
139 196
139 198
139 213
139 217
139 233
139 246
139 324
139 332
139 336
139 361
139 363
139 375
139 396
139 414
139 441
139 464
139 492
139 498
139 516
139 149
139 460
139 493
140 183
140 190
140 203
140 209
140 218
140 221
140 294
140 307
140 310
140 316
140 322
140 339
140 344
140 350
140 379
140 386
140 459
140 486
140 493
140 507
140 544
140 547
141 145
141 149
141 156
141 168
141 185
141 188
141 191
141 203
141 208
141 224
141 230
141 254
141 261
141 279
141 295
141 302
141 309
141 312
141 340
141 345
141 349
141 375
141 391
141 396
141 410
141 431
141 440
141 485
141 521
141 552
141 556
141 565
141 587
141 589
141 594
141 245
142 143
142 145
142 149
142 151
142 152
142 159
142 165
142 171
142 174
142 184
142 187
142 196
142 197
142 206
142 236
142 248
142 263
142 266
142 283
142 290
142 292
142 296
142 317
142 341
142 403
142 430
142 447
142 474
142 484
142 491
142 521
142 524
142 590
143 167
143 213
143 222
143 228
143 234
143 276
143 292
143 310
143 337
143 347
143 355
143 366
143 398
143 430
143 434
143 470
143 480
143 529
143 551
143 593
144 148
144 161
144 175
144 219
144 220
144 232
144 244
144 255
144 256
144 258
144 274
144 284
144 304
144 311
144 331
144 337
144 373
144 386
144 388
144 391
144 401
144 420
144 428
144 434
144 437
144 439
144 461
144 474
144 508
144 526
144 534
144 537
144 550
144 560
144 571
145 166
145 173
145 188
145 216
145 218
145 226
145 229
145 239
145 244
145 246
145 255
145 283
145 299
145 300
145 303
145 304
145 322
145 367
145 369
145 401
145 412
145 472
145 498
145 507
145 537
145 557
145 561
145 359
146 159
146 194
146 198
146 211
146 215
146 230
146 234
146 246
146 269
146 273
146 282
146 284
146 298
146 306
146 318
146 381
146 392
146 414
146 418
146 473
146 510
146 516
146 558
146 588
146 589
146 421
146 407
147 160
147 172
147 175
147 190
147 200
147 203
147 223
147 277
147 284
147 286
147 301
147 319
147 359
147 370
147 372
147 381
147 382
147 389
147 405
147 414
147 431
147 475
147 556
147 561
147 568
147 570
147 579
147 159
147 242
148 153
148 157
148 163
148 185
148 188
148 190
148 233
148 238
148 245
148 260
148 266
148 290
148 407
148 421
148 439
148 475
148 478
148 540
149 159
149 162
149 199
149 205
149 212
149 240
149 245
149 264
149 271
149 275
149 295
149 321
149 323
149 327
149 329
149 386
149 396
149 453
149 481
149 496
149 532
149 553
149 555
149 557
149 567
149 593
149 158
149 484
150 151
150 180
150 203
150 212
150 214
150 225
150 250
150 259
150 292
150 302
150 305
150 310
150 323
150 347
150 352
150 357
150 361
150 407
150 408
150 410
150 411
150 428
150 433
150 462
150 464
150 481
150 494
150 517
150 527
150 553
150 572
150 579
150 394
151 174
151 192
151 205
151 209
151 293
151 321
151 350
151 364
151 386
151 402
151 460
151 472
151 219
152 167
152 179
152 193
152 194
152 196
152 198
152 204
152 210
152 214
152 234
152 243
152 248
152 257
152 276
152 279
152 283
152 292
152 314
152 324
152 352
152 365
152 371
152 372
152 422
152 450
152 451
152 456
152 468
152 476
152 480
152 491
152 499
152 500
152 524
152 536
152 564
152 568
152 582
152 595
152 597
152 599
152 327
152 170
153 160
153 166
153 174
153 183
153 189
153 195
153 219
153 221
153 235
153 254
153 256
153 262
153 272
153 332
153 392
153 403
153 412
153 424
153 432
153 433
153 436
153 438
153 509
153 518
153 519
153 529
153 543
153 549
154 155
154 169
154 198
154 221
154 228
154 236
154 240
154 262
154 295
154 296
154 312
154 318
154 319
154 332
154 338
154 347
154 374
154 378
154 403
154 405
154 454
154 525
154 530
154 584
155 229
155 252
155 259
155 267
155 271
155 291
155 297
155 302
155 306
155 327
155 339
155 340
155 369
155 400
155 419
155 426
155 431
155 457
155 461
155 462
155 472
155 554
155 561
155 577
155 553
155 205
156 158
156 174
156 178
156 183
156 207
156 208
156 240
156 248
156 257
156 277
156 282
156 291
156 296
156 364
156 370
156 380
156 426
156 429
156 430
156 439
156 459
156 475
156 505
156 525
156 559
156 584
157 160
157 169
157 183
157 187
157 204
157 214
157 227
157 228
157 235
157 246
157 253
157 270
157 282
157 286
157 288
157 293
157 298
157 301
157 320
157 327
157 334
157 335
157 344
157 350
157 380
157 407
157 431
157 434
157 453
157 458
157 477
157 485
157 500
157 516
157 517
157 542
157 554
158 171
158 214
158 243
158 244
158 252
158 258
158 261
158 280
158 292
158 296
158 311
158 369
158 370
158 373
158 375
158 390
158 412
158 418
158 428
158 432
158 462
158 464
158 483
158 526
158 528
158 538
158 548
158 576
158 596
159 174
159 206
159 209
159 210
159 221
159 227
159 236
159 238
159 261
159 320
159 329
159 331
159 334
159 343
159 358
159 380
159 384
159 392
159 433
159 441
159 446
159 458
159 460
159 490
159 524
159 526
159 539
160 165
160 175
160 233
160 250
160 260
160 300
160 316
160 324
160 366
160 402
160 421
160 436
160 452
160 503
160 504
160 513
160 534
161 164
161 194
161 201
161 212
161 238
161 239
161 308
161 323
161 326
161 357
161 365
161 388
161 419
161 428
161 483
161 511
161 544
161 572
161 579
161 451
162 181
162 182
162 193
162 208
162 218
162 235
162 310
162 332
162 356
162 358
162 364
162 390
162 416
162 417
162 422
162 433
162 446
162 458
162 489
162 523
162 530
162 547
162 556
162 576
163 186
163 219
163 225
163 231
163 240
163 270
163 275
163 293
163 315
163 321
163 326
163 328
163 339
163 346
163 348
163 354
163 370
163 397
163 416
163 424
163 463
163 474
163 481
163 517
164 170
164 195
164 216
164 236
164 279
164 287
164 303
164 312
164 339
164 345
164 348
164 354
164 355
164 440
164 474
164 477
164 481
164 535
164 560
164 421
165 173
165 194
165 220
165 287
165 289
165 343
165 344
165 356
165 358
165 366
165 375
165 401
165 414
165 443
165 515
165 537
165 550
165 553
166 168
166 204
166 221
166 226
166 230
166 241
166 284
166 285
166 304
166 427
166 451
166 468
166 494
166 516
166 522
166 525
166 538
167 185
167 213
167 223
167 271
167 282
167 289
167 322
167 350
167 357
167 386
167 415
167 422
167 463
167 466
167 479
167 502
167 514
167 524
167 536
167 549
167 564
167 566
167 574
167 577
167 584
167 258
167 279
168 173
168 185
168 197
168 204
168 213
168 222
168 240
168 251
168 253
168 257
168 272
168 281
168 310
168 335
168 341
168 363
168 369
168 410
168 421
168 429
168 432
168 457
168 472
168 500
168 554
168 559
168 562
168 585
169 174
169 193
169 222
169 260
169 280
169 288
169 299
169 314
169 338
169 363
169 366
169 408
169 498
169 510
169 558
170 172
170 173
170 175
170 183
170 195
170 204
170 222
170 225
170 230
170 232
170 246
170 265
170 328
170 330
170 375
170 379
170 404
170 409
170 487
170 539
170 547
170 555
170 559
171 178
171 182
171 212
171 247
171 256
171 267
171 273
171 283
171 284
171 286
171 294
171 299
171 301
171 305
171 330
171 337
171 361
171 372
171 374
171 378
171 395
171 429
171 455
171 457
171 484
171 490
171 534
171 574
171 581
171 198
171 292
172 194
172 198
172 209
172 222
172 225
172 229
172 232
172 249
172 262
172 306
172 316
172 321
172 323
172 335
172 368
172 369
172 378
172 401
172 415
172 438
172 463
172 476
172 586
173 193
173 225
173 290
173 291
173 332
173 348
173 355
173 359
173 365
173 382
173 388
173 448
173 515
173 516
173 572
173 578
173 536
174 178
174 191
174 204
174 212
174 290
174 297
174 327
174 346
174 351
174 403
174 464
174 491
174 494
174 501
174 554
174 579
175 181
175 209
175 218
175 221
175 224
175 315
175 335
175 353
175 360
175 381
175 393
175 412
175 414
175 441
175 444
175 448
175 457
175 460
175 469
175 496
175 506
175 508
175 512
175 513
175 527
175 564
175 589
175 594
175 307
176 178
176 182
176 185
176 190
176 191
176 192
176 196
176 206
176 209
176 216
176 220
176 221
176 248
176 258
176 272
176 278
176 286
176 301
176 307
176 329
176 332
176 333
176 388
176 409
176 437
176 484
176 503
176 522
176 529
176 550
176 560
176 578
176 595
177 229
177 233
177 235
177 244
177 251
177 297
177 317
177 350
177 367
177 406
177 413
177 443
177 447
177 452
177 500
177 502
177 528
177 558
178 182
178 235
178 242
178 246
178 259
178 292
178 294
178 319
178 330
178 346
178 349
178 380
178 390
178 400
178 408
178 420
178 455
178 466
178 490
178 533
178 548
178 589
179 227
179 267
179 270
179 281
179 288
179 333
179 358
179 370
179 383
179 386
179 417
179 434
179 444
179 460
179 463
179 471
179 491
179 499
179 545
179 567
179 576
179 579
179 581
179 578
180 190
180 208
180 217
180 218
180 269
180 290
180 319
180 388
180 389
180 390
180 427
180 535
180 542
180 559
180 594
181 214
181 288
181 301
181 310
181 320
181 335
181 407
181 425
181 440
181 445
181 468
181 478
181 496
181 534
181 598
182 202
182 205
182 208
182 282
182 284
182 368
182 514
182 527
182 536
182 577
183 195
183 229
183 378
183 489
183 526
183 545
183 500
184 220
184 293
184 297
184 299
184 300
184 316
184 317
184 375
184 404
184 412
184 426
184 472
184 486
184 496
184 506
184 560
184 595
185 212
185 226
185 244
185 273
185 281
185 285
185 331
185 336
185 349
185 352
185 354
185 365
185 376
185 400
185 407
185 424
185 448
185 455
185 534
185 560
185 566
185 575
185 236
185 222
186 194
186 206
186 218
186 275
186 457
186 478
186 482
186 525
186 530
186 541
186 556
186 591
187 193
187 201
187 219
187 230
187 235
187 256
187 273
187 277
187 309
187 362
187 365
187 381
187 385
187 406
187 454
187 477
187 503
187 505
187 509
187 532
187 552
187 561
187 579
187 594
188 195
188 198
188 202
188 210
188 212
188 241
188 248
188 251
188 284
188 285
188 290
188 296
188 325
188 326
188 329
188 350
188 382
188 428
188 436
188 448
188 455
188 473
188 477
188 509
188 514
188 525
188 549
188 587
188 597
188 193
188 321
189 232
189 265
189 267
189 273
189 277
189 279
189 286
189 292
189 293
189 295
189 298
189 321
189 354
189 384
189 396
189 405
189 410
189 441
189 481
189 517
189 532
189 539
190 197
190 206
190 228
190 264
190 273
190 294
190 327
190 361
190 372
190 373
190 387
190 392
190 429
190 455
190 488
190 496
190 535
190 555
190 561
190 584
190 595
191 202
191 218
191 222
191 232
191 248
191 264
191 288
191 292
191 297
191 314
191 331
191 336
191 392
191 396
191 405
191 440
191 491
191 516
191 530
191 556
191 565
191 234
192 193
192 195
192 199
192 203
192 208
192 209
192 236
192 260
192 262
192 275
192 290
192 298
192 320
192 326
192 399
192 497
192 522
192 564
192 584
193 206
193 216
193 248
193 291
193 324
193 361
193 438
193 473
193 533
193 537
193 548
193 586
193 597
193 488
194 208
194 224
194 229
194 238
194 240
194 277
194 307
194 312
194 338
194 345
194 357
194 390
194 400
194 428
194 433
194 478
194 523
194 525
195 199
195 215
195 265
195 310
195 325
195 345
195 393
195 428
195 451
195 549
196 221
196 239
196 287
196 295
196 407
196 409
196 430
196 436
196 440
196 460
196 497
196 525
196 533
196 598
196 241
197 208
197 215
197 217
197 249
197 263
197 264
197 266
197 288
197 318
197 338
197 361
197 367
197 385
197 407
197 424
197 458
197 492
197 535
197 575
197 580
197 224
198 200
198 202
198 205
198 275
198 291
198 366
198 376
198 382
198 385
198 387
198 395
198 485
198 508
198 543
198 558
198 333
199 203
199 231
199 237
199 239
199 258
199 318
199 349
199 351
199 375
199 378
199 387
199 431
199 433
199 442
199 454
199 456
199 457
199 473
199 510
199 527
199 534
199 562
200 216
200 223
200 248
200 256
200 273
200 279
200 281
200 287
200 300
200 358
200 370
200 485
200 520
201 216
201 217
201 218
201 254
201 264
201 278
201 348
201 353
201 427
201 448
201 451
201 501
201 521
201 527
202 218
202 222
202 224
202 229
202 235
202 276
202 284
202 290
202 334
202 354
202 370
202 387
202 420
202 430
202 512
202 537
202 582
203 207
203 267
203 276
203 281
203 285
203 294
203 304
203 350
203 360
203 363
203 391
203 423
203 463
203 469
203 477
203 517
203 581
204 210
204 211
204 219
204 221
204 230
204 249
204 292
204 298
204 315
204 321
204 325
204 384
204 421
204 430
204 460
204 495
204 515
204 539
204 540
204 566
205 223
205 233
205 304
205 316
205 320
205 371
205 380
205 396
205 426
205 470
205 477
205 504
205 508
205 529
205 537
205 538
205 584
205 595
206 214
206 217
206 245
206 252
206 262
206 275
206 276
206 278
206 302
206 311
206 323
206 342
206 352
206 363
206 390
206 391
206 398
206 420
206 458
206 466
206 473
206 479
206 504
206 532
206 536
206 547
206 576
206 583
206 591
207 229
207 242
207 250
207 259
207 300
207 301
207 317
207 319
207 339
207 341
207 349
207 355
207 373
207 382
207 397
207 410
207 416
207 461
207 473
207 488
207 509
207 575
207 383
208 247
208 266
208 270
208 300
208 305
208 344
208 353
208 374
208 376
208 387
208 397
208 419
208 433
208 447
208 467
208 540
208 559
208 562
208 575
208 582
208 593
208 273
209 213
209 224
209 244
209 253
209 277
209 321
209 377
209 384
209 385
209 420
209 454
209 496
209 502
209 533
209 591
210 236
210 266
210 282
210 322
210 328
210 332
210 335
210 355
210 372
210 381
210 400
210 451
210 484
210 550
210 352
211 219
211 232
211 248
211 249
211 253
211 262
211 297
211 342
211 361
211 403
211 405
211 427
211 488
211 557
211 559
211 563
211 593
212 229
212 242
212 262
212 267
212 274
212 366
212 371
212 414
212 426
212 433
212 440
212 458
212 462
212 475
212 490
212 529
212 553
213 223
213 236
213 275
213 327
213 383
213 398
213 407
213 438
213 488
213 536
213 550
213 553
214 225
214 294
214 296
214 300
214 417
214 434
214 500
214 501
214 515
214 524
214 531
214 532
214 535
215 242
215 264
215 347
215 353
215 366
215 416
215 431
215 464
215 520
215 532
215 562
216 219
216 225
216 242
216 258
216 273
216 286
216 290
216 400
216 402
216 410
216 416
216 438
216 467
216 482
216 483
216 525
216 538
217 251
217 260
217 264
217 267
217 272
217 346
217 363
217 435
217 466
217 483
217 520
217 567
218 220
218 223
218 237
218 308
218 318
218 355
218 384
218 435
218 440
218 479
218 516
218 530
218 541
218 555
218 594
219 227
219 232
219 257
219 260
219 265
219 283
219 287
219 291
219 300
219 307
219 323
219 341
219 357
219 364
219 402
219 411
219 420
219 421
219 436
219 446
219 451
219 466
219 476
219 486
219 505
219 517
219 538
219 540
219 591
220 247
220 277
220 322
220 346
220 359
220 360
220 382
220 419
220 507
220 540
220 544
220 554
220 576
221 228
221 251
221 303
221 324
221 336
221 413
221 443
221 457
221 479
221 541
221 555
221 568
221 572
222 258
222 263
222 264
222 270
222 310
222 336
222 379
222 395
222 398
222 435
222 474
222 497
222 501
222 550
222 576
222 577
223 297
223 317
223 340
223 346
223 416
223 563
223 277
224 229
224 246
224 250
224 251
224 296
224 322
224 327
224 362
224 382
224 416
224 498
224 522
224 543
224 546
224 580
224 584
224 599
225 247
225 252
225 264
225 280
225 305
225 316
225 337
225 341
225 354
225 360
225 370
225 378
225 381
225 386
225 451
225 576
225 590
226 245
226 247
226 314
226 346
226 355
226 365
226 376
226 393
226 404
226 433
226 442
226 453
226 512
226 521
226 573
226 583
227 243
227 247
227 314
227 347
227 348
227 362
227 364
227 393
227 406
227 411
227 428
227 433
227 475
227 493
227 564
228 257
228 301
228 303
228 308
228 328
228 343
228 349
228 371
228 396
228 409
228 425
228 468
228 500
228 547
228 563
229 277
229 299
229 314
229 433
229 484
229 561
230 255
230 261
230 277
230 291
230 293
230 311
230 318
230 344
230 348
230 376
230 377
230 387
230 393
230 395
230 403
230 438
230 454
230 463
230 504
230 535
230 570
230 585
231 240
231 279
231 311
231 385
231 401
231 436
231 442
231 483
231 484
231 524
231 570
231 581
232 251
232 278
232 304
232 307
232 321
232 375
232 425
232 448
232 470
232 496
232 502
232 529
232 569
232 588
232 298
233 239
233 272
233 285
233 342
233 399
233 433
233 465
233 469
233 527
233 592
233 598
234 268
234 273
234 285
234 296
234 322
234 330
234 357
234 413
234 414
234 420
234 454
234 470
234 484
234 532
235 255
235 268
235 279
235 300
235 313
235 320
235 323
235 426
235 442
235 456
235 480
235 481
235 519
235 527
235 583
235 597
236 237
236 262
236 269
236 321
236 334
236 362
236 381
236 430
236 436
236 442
236 443
236 462
236 464
236 470
236 515
236 517
236 528
236 535
236 554
236 559
236 580
236 585
236 435
237 243
237 245
237 261
237 263
237 273
237 278
237 327
237 365
237 417
237 444
237 535
237 560
237 586
237 589
237 272
237 346
238 262
238 329
238 338
238 343
238 354
238 367
238 384
238 390
238 397
238 414
238 416
238 441
238 467
238 510
238 518
238 547
238 362
239 257
239 299
239 346
239 358
239 366
239 377
239 385
239 412
239 450
239 471
239 501
239 535
240 243
240 268
240 274
240 280
240 283
240 294
240 298
240 324
240 341
240 389
240 392
240 399
240 423
240 438
240 442
240 470
240 505
240 534
240 587
240 327
241 256
241 267
241 287
241 298
241 300
241 315
241 372
241 377
241 399
241 415
241 448
241 465
241 472
241 501
241 557
241 573
241 586
242 251
242 257
242 269
242 273
242 280
242 298
242 307
242 312
242 335
242 348
242 352
242 364
242 391
242 394
242 414
242 424
242 435
242 477
242 497
242 506
242 554
242 558
242 577
242 579
242 588
243 276
243 301
243 327
243 418
243 497
243 503
243 554
243 582
243 589
244 252
244 257
244 276
244 289
244 294
244 305
244 325
244 343
244 371
244 444
244 491
244 532
244 548
244 596
245 249
245 266
245 280
245 283
245 296
245 310
245 312
245 334
245 366
245 389
245 402
245 420
245 423
245 445
245 461
245 470
245 483
245 488
245 507
245 565
245 576
245 578
245 599
245 550
246 322
246 328
246 364
246 371
246 488
246 541
247 321
247 327
247 450
247 465
247 486
247 515
247 586
247 591
247 429
248 271
248 276
248 283
248 312
248 339
248 349
248 356
248 358
248 400
248 405
248 407
248 460
248 492
248 506
248 543
248 555
248 559
248 564
248 585
249 256
249 341
249 361
249 378
249 401
249 415
249 417
249 432
249 437
249 448
249 449
249 453
249 472
249 490
249 518
249 533
249 557
249 588
249 370
250 254
250 281
250 326
250 346
250 350
250 353
250 403
250 412
250 420
250 435
250 437
250 447
250 506
250 541
250 576
250 577
251 263
251 269
251 310
251 314
251 317
251 340
251 423
251 424
251 439
251 526
251 536
251 554
252 287
252 319
252 320
252 359
252 361
252 373
252 408
252 432
252 462
252 485
252 486
252 530
252 544
252 546
252 556
252 558
252 583
253 270
253 277
253 316
253 358
253 363
253 368
253 371
253 379
253 380
253 389
253 414
253 423
253 442
253 480
253 498
253 541
253 569
254 255
254 257
254 285
254 287
254 291
254 374
254 401
254 440
254 453
254 495
254 523
254 528
254 531
254 563
254 568
254 589
255 272
255 274
255 286
255 343
255 366
255 369
255 396
255 407
255 494
255 497
255 523
255 526
255 532
256 287
256 289
256 292
256 313
256 328
256 406
256 424
256 520
256 561
256 570
257 263
257 264
257 306
257 309
257 326
257 334
257 350
257 379
257 382
257 424
257 428
257 444
257 445
257 446
257 458
257 481
257 498
257 548
258 259
258 263
258 264
258 265
258 277
258 284
258 304
258 306
258 309
258 347
258 354
258 355
258 377
258 391
258 413
258 443
258 471
258 476
258 506
258 526
258 533
258 569
258 581
258 586
258 591
259 289
259 339
259 343
259 435
259 467
259 507
259 558
259 572
259 593
260 261
260 282
260 289
260 300
260 351
260 361
260 366
260 381
260 447
260 458
260 471
260 514
260 531
260 545
260 553
260 571
261 279
261 307
261 311
261 315
261 325
261 348
261 393
261 417
261 419
261 429
261 458
261 489
261 540
261 552
262 274
262 300
262 303
262 355
262 456
262 482
262 485
262 572
262 586
262 589
262 559
263 328
263 333
263 358
263 375
263 465
263 508
263 519
263 526
263 562
263 578
263 452
264 268
264 277
264 281
264 288
264 305
264 316
264 339
264 457
264 462
264 507
264 515
264 551
264 573
264 575
264 593
264 389
265 269
265 330
265 413
265 420
265 421
265 483
265 523
265 569
265 572
266 272
266 287
266 290
266 295
266 372
266 381
266 383
266 385
266 423
266 425
266 438
266 443
266 490
266 496
266 519
266 578
266 587
266 599
266 317
267 278
267 309
267 316
267 382
267 411
267 435
267 437
267 443
267 471
267 497
267 520
267 553
267 559
267 587
268 321
268 329
268 378
268 429
268 491
268 523
268 582
269 273
269 309
269 326
269 363
269 375
269 384
269 405
269 409
269 434
269 444
269 450
269 455
269 461
269 480
269 522
269 534
269 562
270 308
270 349
270 406
270 431
270 472
270 517
270 568
271 280
271 282
271 299
271 364
271 423
271 452
271 462
271 503
271 506
271 512
271 543
271 551
271 571
271 574
272 389
272 413
272 417
272 447
272 476
272 514
272 557
272 598
273 295
273 345
273 378
273 379
273 458
273 466
273 469
273 521
273 545
273 556
274 284
274 299
274 313
274 333
274 337
274 391
274 404
274 418
274 420
274 438
274 478
274 500
274 514
274 537
275 285
275 305
275 351
275 370
275 371
275 379
275 391
275 399
275 420
275 428
275 440
275 446
275 470
275 506
276 281
276 292
276 301
276 313
276 314
276 406
276 453
276 460
276 462
276 468
276 518
276 598
277 304
277 321
277 326
277 356
277 362
277 375
277 385
277 409
277 417
277 420
277 430
277 500
277 513
277 517
277 518
277 534
278 281
278 283
278 316
278 330
278 333
278 348
278 368
278 378
278 380
278 500
278 537
279 376
279 396
279 472
279 570
280 295
280 325
280 409
280 450
280 478
280 579
281 297
281 331
281 339
281 368
281 376
281 421
281 431
281 515
281 527
281 533
281 592
281 484
282 285
282 298
282 307
282 312
282 313
282 381
282 385
282 393
282 414
282 459
282 484
282 518
282 520
282 531
282 532
282 569
282 576
283 317
283 370
283 394
283 413
283 488
283 508
283 510
283 572
283 573
284 316
284 355
284 361
284 369
284 387
284 432
284 435
284 450
284 462
284 466
284 467
284 528
284 548
284 559
284 599
285 349
285 365
285 383
285 448
285 505
285 512
286 288
286 302
286 315
286 328
286 336
286 364
286 421
286 465
286 470
286 499
286 524
286 538
286 577
286 583
286 416
287 291
287 294
287 325
287 337
287 418
287 477
287 550
287 558
287 448
288 297
288 440
288 482
288 577
289 333
289 335
289 360
289 456
289 461
289 504
289 527
289 544
289 566
289 532
290 298
290 366
290 390
290 419
290 427
290 452
290 455
290 489
290 499
290 308
291 323
291 364
291 370
291 376
291 409
291 418
291 421
291 424
291 438
291 451
291 472
291 482
291 575
292 308
292 349
292 360
292 369
292 398
292 433
293 332
293 408
293 449
293 456
293 459
293 486
293 526
293 529
293 569
294 347
294 368
294 375
294 484
294 529
294 594
295 369
295 371
295 397
295 401
295 469
295 478
296 313
296 351
296 356
296 389
296 400
296 482
296 495
296 521
296 543
296 574
296 578
297 394
297 441
297 443
297 445
297 473
297 481
297 566
298 311
298 342
298 373
298 397
298 439
298 483
298 512
298 580
298 504
299 316
299 334
299 388
299 397
299 403
299 450
299 473
299 489
299 531
299 416
300 408
300 441
300 448
300 452
300 538
300 558
300 589
300 369
300 314
301 424
301 439
301 487
301 490
301 504
302 312
302 327
302 338
302 452
302 466
302 471
302 525
302 534
302 555
302 568
303 322
303 330
303 345
303 346
303 347
303 354
303 391
303 431
303 434
303 452
303 464
303 471
303 484
303 490
303 536
303 581
303 583
303 585
303 594
304 317
304 339
304 343
304 444
304 446
304 509
304 513
304 517
304 520
304 553
304 588
305 322
305 331
305 370
305 385
305 403
305 412
305 441
305 468
305 528
305 568
305 583
306 326
306 333
306 402
306 485
306 534
306 558
306 562
306 573
306 576
307 356
307 362
307 367
307 406
307 435
307 569
307 595
308 344
308 346
308 394
308 447
308 460
308 487
308 512
308 536
308 569
308 585
309 311
309 333
309 417
309 463
309 489
309 519
309 552
309 556
309 578
309 523
310 331
310 368
310 374
310 400
310 411
310 420
310 439
310 473
310 495
310 564
311 313
311 328
311 352
311 369
311 401
311 425
311 430
311 440
311 447
311 496
311 510
311 544
311 585
311 340
311 374
312 330
312 349
312 386
312 490
312 499
312 544
312 568
312 592
313 326
313 348
313 354
313 361
313 369
313 396
313 425
313 435
313 446
313 461
313 486
313 502
313 507
313 548
314 317
314 346
314 349
314 405
314 413
314 423
314 441
314 454
314 483
314 513
314 520
314 527
314 540
314 544
314 580
315 437
315 501
315 529
315 563
316 318
316 319
316 324
316 355
316 364
316 383
316 406
316 454
316 519
317 319
317 320
317 323
317 327
317 337
317 343
317 345
317 367
317 423
317 427
317 489
317 494
317 510
317 519
317 542
317 562
318 350
318 363
318 379
318 382
318 448
318 494
318 521
318 522
318 533
319 342
319 347
319 362
319 450
319 547
319 378
320 323
320 363
320 422
320 522
320 555
321 323
321 328
321 362
321 538
321 543
321 554
322 347
322 370
322 435
322 483
322 495
322 498
322 561
322 570
322 351
323 330
323 357
323 393
323 471
323 472
323 481
323 493
323 516
323 518
323 531
323 562
323 593
323 375
324 376
324 388
324 478
324 537
324 563
324 577
325 328
325 346
325 368
325 423
325 432
325 434
325 440
325 485
325 519
325 524
325 577
326 483
326 517
326 557
327 351
327 381
327 386
327 427
327 433
327 464
327 488
327 568
328 333
328 347
328 370
328 415
328 418
328 419
328 476
328 485
328 500
328 517
328 578
329 344
329 404
329 441
329 459
329 463
329 490
329 493
329 500
329 565
330 340
330 354
330 359
330 426
330 436
330 465
330 598
331 336
331 377
331 383
331 424
331 596
332 355
332 359
332 402
332 469
332 492
332 584
332 599
333 354
333 382
333 391
333 395
333 408
333 409
333 411
333 426
333 432
333 444
333 505
333 573
333 598
334 377
334 424
334 441
334 466
334 482
335 342
335 366
335 400
335 439
335 442
335 504
335 527
335 545
336 356
336 359
336 362
336 363
336 369
336 370
336 406
336 421
336 475
336 499
336 547
336 587
336 341
337 343
337 391
337 401
337 533
337 539
337 540
337 542
338 343
338 479
338 499
338 553
338 594
339 372
339 385
339 423
339 444
339 448
339 463
339 535
339 555
340 428
340 477
340 514
340 525
340 565
340 587
341 365
341 384
341 452
341 470
341 490
341 556
341 587
342 352
342 379
342 399
342 413
342 445
342 449
342 491
342 536
343 409
343 436
343 480
343 527
343 399
344 367
344 431
344 452
344 457
344 496
344 497
344 598
345 361
345 383
345 456
345 477
345 495
345 501
345 532
345 540
346 371
346 405
346 415
346 428
346 431
346 434
346 511
346 557
346 588
347 352
347 434
347 439
347 531
347 566
347 390
348 352
348 373
348 426
348 433
348 441
348 488
348 490
348 512
348 537
348 561
348 564
348 596
349 376
349 401
349 419
349 424
349 441
349 470
349 478
349 498
349 502
349 527
350 404
350 436
350 510
350 522
350 563
350 579
350 574
351 569
352 408
352 409
352 461
352 535
352 566
352 599
353 367
353 396
353 403
353 541
353 563
353 574
353 590
354 387
354 388
354 392
354 496
354 528
354 556
355 374
355 383
355 392
355 408
355 440
355 446
355 459
355 461
355 491
355 553
355 565
355 586
356 357
356 367
356 377
356 478
356 480
356 554
356 449
357 464
357 494
357 507
357 513
357 598
358 464
358 470
358 507
358 519
358 566
358 527
359 584
360 411
360 413
360 434
360 482
360 502
360 511
360 542
360 546
360 571
361 465
361 545
361 549
361 552
361 587
362 373
362 500
363 437
363 454
363 490
364 398
364 410
364 481
364 498
365 425
365 433
365 486
365 494
365 536
365 575
365 596
366 390
366 409
366 445
366 479
366 489
367 433
367 438
367 452
367 465
367 491
367 515
367 527
367 543
367 552
367 563
367 584
368 373
368 390
368 440
368 469
368 480
368 548
368 572
368 586
368 597
369 377
369 402
369 541
369 574
369 590
370 372
370 417
371 484
371 490
371 549
372 376
372 474
372 493
372 581
373 380
373 397
373 410
373 447
373 482
373 483
373 506
373 533
374 477
374 496
374 543
374 553
374 581
375 413
375 425
375 432
375 471
375 552
376 399
376 477
377 393
377 446
377 519
377 561
377 597
378 434
378 445
378 464
378 550
378 569
378 571
378 594
379 393
379 395
379 425
379 449
379 456
379 457
379 470
379 542
379 563
380 398
380 433
380 449
380 468
381 426
381 443
381 544
381 570
381 584
382 509
382 510
382 516
382 550
382 556
382 591
383 397
383 410
383 418
383 451
383 483
383 495
383 498
383 518
383 573
384 387
384 392
384 399
384 401
384 402
384 439
384 465
384 474
384 552
385 393
385 405
385 442
385 460
385 487
385 489
386 469
386 492
386 522
386 576
387 423
387 434
387 449
387 469
387 488
387 502
387 506
387 514
388 405
388 424
388 426
388 463
388 474
388 552
389 413
389 485
389 488
389 495
389 497
389 511
389 579
390 399
390 409
390 460
390 463
390 470
390 476
390 479
390 487
390 492
390 531
390 559
390 560
390 590
390 595
391 396
391 439
391 476
391 550
391 560
391 567
392 467
392 476
392 485
393 397
393 459
393 555
394 403
394 404
394 467
394 472
394 478
394 523
394 547
394 590
395 412
395 442
395 449
395 509
395 525
395 532
395 565
395 577
396 403
396 406
396 448
396 450
396 464
396 481
396 491
396 520
396 540
396 560
396 563
396 568
396 570
397 431
397 441
397 447
397 507
398 504
398 533
398 542
398 551
399 412
399 528
399 559
400 442
400 469
400 482
401 457
401 467
401 504
401 582
401 596
402 420
402 421
402 445
402 468
402 479
402 501
402 538
402 569
402 571
403 410
403 431
403 451
403 541
404 405
404 442
404 454
404 465
404 584
405 426
405 442
405 491
406 426
406 510
406 547
407 441
407 514
407 546
407 558
408 445
408 463
408 489
408 508
408 509
408 530
408 567
409 411
409 440
409 492
409 502
409 506
409 518
409 563
409 571
409 589
409 595
409 546
410 449
410 457
410 476
410 477
410 506
410 525
410 539
410 597
411 429
411 464
411 474
411 487
411 489
411 505
411 510
411 514
411 519
411 545
411 550
411 570
411 575
412 509
412 553
412 563
412 583
412 495
413 418
413 426
413 430
413 437
413 450
413 454
413 484
413 488
413 503
414 416
414 459
414 468
414 477
414 487
414 588
415 441
415 540
415 542
415 561
415 573
416 460
416 505
416 567
416 574
416 576
416 582
416 589
417 505
417 558
417 572
418 562
418 581
418 592
419 551
419 599
420 432
420 443
420 463
420 511
420 517
421 446
421 455
421 465
421 476
421 493
421 526
421 535
421 548
421 550
421 551
421 580
422 487
422 551
422 578
422 586
423 475
423 482
423 486
423 554
423 555
423 567
424 437
424 443
424 454
424 484
424 496
424 559
425 526
426 427
426 468
426 472
426 510
426 522
426 543
426 566
427 435
427 444
427 522
427 599
428 438
428 549
428 594
429 547
429 593
430 489
430 490
430 511
430 560
430 472
431 467
431 478
431 487
431 520
431 532
431 543
431 580
431 590
431 593
432 486
432 503
432 546
432 590
432 597
433 451
433 530
433 591
434 461
434 493
434 515
434 593
434 548
435 530
435 549
435 592
435 540
436 552
437 464
437 470
437 502
437 585
438 459
438 460
438 463
438 537
438 538
439 551
439 554
439 559
439 563
440 462
440 491
440 492
440 566
440 587
440 599
441 516
441 538
441 545
441 557
441 588
441 589
442 487
442 527
442 587
443 446
443 497
443 531
443 552
444 480
444 499
444 519
444 564
445 468
445 480
445 524
445 535
445 548
446 460
446 471
446 533
446 574
447 473
447 491
447 524
447 527
447 561
447 572
447 589
448 486
448 544
448 597
449 461
449 469
449 495
449 453
450 539
450 492
451 452
451 470
451 502
451 508
451 522
452 484
452 508
454 530
454 539
454 582
455 501
456 534
456 538
456 579
456 581
457 461
457 513
457 549
457 566
457 571
458 465
458 471
458 557
458 574
459 480
459 549
460 485
460 537
461 475
461 511
461 525
461 568
462 502
462 503
463 476
463 479
465 477
465 509
465 511
465 558
466 526
466 531
466 581
466 598
466 599
467 468
467 516
467 548
467 562
467 488
468 529
469 555
470 505
470 567
470 593
471 542
472 481
472 488
472 524
472 547
472 549
472 558
473 530
473 598
474 493
476 508
476 518
476 532
476 572
476 577
478 517
478 579
479 485
479 497
480 503
480 512
480 518
480 523
480 530
481 508
481 564
482 539
482 569
482 578
483 494
484 511
484 517
485 568
486 492
486 499
486 508
486 510
486 540
486 544
486 547
486 562
487 498
487 503
487 506
487 523
487 543
487 548
487 549
487 571
487 591
488 497
488 566
489 516
489 546
490 528
490 529
490 567
491 582
491 597
492 549
492 562
492 585
493 565
494 517
494 542
495 541
495 565
495 595
495 596
496 518
496 519
496 520
496 533
496 547
496 571
497 573
497 588
498 507
498 534
498 594
500 508
500 544
500 573
500 583
500 599
502 506
502 544
503 539
503 567
503 574
503 596
504 559
505 586
505 599
507 518
507 549
508 573
508 583
508 594
509 529
509 570
510 541
511 533
511 571
512 516
512 571
512 596
513 599
514 520
515 545
516 527
516 587
517 588
518 543
518 553
518 564
518 588
519 539
519 584
520 559
520 595
521 584
523 568
523 585
524 546
526 528
526 572
526 579
526 599
527 532
527 539
527 573
527 591
527 585
528 542
528 558
529 531
529 570
530 575
531 586
532 576
533 560
533 578
533 588
533 597
534 551
534 592
536 566
537 540
537 587
538 546
538 565
538 584
538 591
538 592
539 571
539 582
540 573
541 577
541 583
542 555
542 560
542 598
543 562
544 555
544 587
546 550
550 577
551 588
551 595
551 552
552 564
553 581
556 558
556 592
557 580
557 591
558 590
560 575
560 584
561 594
562 581
562 597
565 598
566 589
568 582
569 571
570 577
571 582
575 594
579 599
582 588
587 595
590 593
590 596