831645587
11
600
6765
0 11
0 12
0 13
0 14
0 15
0 16
0 17
0 18
0 21
0 22
0 24
0 25
0 26
0 29
0 40
0 51
0 57
0 61
0 62
0 64
0 70
0 71
0 78
0 83
0 87
0 101
0 102
0 113
0 131
0 134
0 141
0 148
0 157
0 171
0 181
0 182
0 183
0 196
0 203
0 207
0 214
0 220
0 226
0 228
0 232
0 245
0 247
0 263
0 265
0 273
0 280
0 293
0 297
0 325
0 329
0 356
0 362
0 391
0 395
0 417
0 422
0 433
0 474
0 510
0 532
0 557
0 585
0 130
0 282
1 11
1 12
1 16
1 18
1 21
1 24
1 26
1 27
1 31
1 40
1 43
1 59
1 61
1 70
1 73
1 76
1 78
1 80
1 96
1 101
1 103
1 107
1 110
1 116
1 127
1 129
1 133
1 143
1 173
1 192
1 199
1 216
1 219
1 245
1 256
1 263
1 356
1 366
1 371
1 374
1 380
1 398
1 400
1 430
1 448
1 460
1 477
1 478
1 479
1 563
1 568
1 19
2 11
2 20
2 54
2 98
2 99
2 272
2 308
2 577
2 10
3 11
3 12
3 13
3 14
3 15
3 17
3 19
3 20
3 23
3 26
3 29
3 36
3 38
3 39
3 43
3 44
3 49
3 50
3 51
3 54
3 55
3 58
3 59
3 62
3 68
3 74
3 81
3 86
3 89
3 95
3 128
3 131
3 143
3 148
3 149
3 159
3 163
3 176
3 190
3 204
3 206
3 229
3 234
3 240
3 245
3 261
3 277
3 281
3 284
3 308
3 331
3 345
3 346
3 351
3 423
3 425
3 433
3 443
3 448
3 453
3 485
3 494
3 520
3 543
3 555
3 560
3 567
3 265
4 11
4 12
4 13
4 14
4 15
4 18
4 19
4 20
4 21
4 22
4 23
4 24
4 27
4 31
4 44
4 45
4 47
4 50
4 54
4 58
4 66
4 70
4 94
4 97
4 100
4 107
4 111
4 116
4 134
4 140
4 151
4 153
4 159
4 162
4 164
4 181
4 182
4 209
4 213
4 227
4 230
4 234
4 248
4 252
4 255
4 266
4 289
4 301
4 321
4 335
4 348
4 360
4 361
4 377
4 406
4 457
4 464
4 485
4 503
4 509
4 562
4 416
5 11
5 12
5 13
5 14
5 17
5 18
5 21
5 30
5 32
5 34
5 46
5 47
5 59
5 81
5 111
5 112
5 120
5 136
5 158
5 162
5 172
5 178
5 179
5 189
5 205
5 207
5 211
5 218
5 235
5 236
5 242
5 253
5 264
5 269
5 332
5 333
5 341
5 370
5 372
5 380
5 394
5 401
5 414
5 418
5 422
5 427
5 431
5 451
5 466
5 525
5 542
5 544
5 555
5 574
5 597
5 432
5 320
6 11
6 12
6 13
6 14
6 15
6 16
6 17
6 19
6 20
6 21
6 22
6 23
6 24
6 25
6 28
6 31
6 32
6 34
6 36
6 40
6 41
6 57
6 59
6 66
6 67
6 68
6 69
6 71
6 76
6 85
6 88
6 91
6 95
6 96
6 97
6 101
6 115
6 127
6 133
6 151
6 156
6 167
6 197
6 216
6 247
6 257
6 305
6 318
6 349
6 366
6 392
6 398
6 402
6 406
6 410
6 436
6 461
6 506
6 507
6 523
6 540
6 550
6 568
6 576
6 581
6 586
6 598
6 143
6 577
6 585
6 425
7 11
7 12
7 13
7 14
7 15
7 16
7 17
7 22
7 25
7 28
7 38
7 41
7 43
7 44
7 56
7 70
7 75
7 76
7 78
7 84
7 90
7 96
7 116
7 122
7 123
7 124
7 128
7 152
7 161
7 162
7 165
7 171
7 176
7 190
7 217
7 293
7 305
7 315
7 320
7 322
7 352
7 354
7 378
7 398
7 413
7 439
7 451
7 463
7 571
7 573
7 52
7 139
8 11
8 12
8 13
8 46
8 97
8 124
8 129
8 154
8 158
8 166
8 168
8 178
8 195
8 223
8 464
8 495
9 11
9 12
9 13
9 14
9 15
9 16
9 17
9 18
9 19
9 20
9 21
9 23
9 29
9 30
9 33
9 38
9 42
9 43
9 45
9 46
9 50
9 52
9 53
9 58
9 60
9 65
9 66
9 70
9 72
9 73
9 78
9 83
9 89
9 90
9 96
9 97
9 117
9 119
9 120
9 123
9 130
9 141
9 146
9 149
9 157
9 172
9 174
9 179
9 193
9 194
9 213
9 218
9 230
9 236
9 237
9 240
9 260
9 262
9 276
9 283
9 287
9 293
9 301
9 305
9 314
9 320
9 328
9 336
9 345
9 353
9 377
9 382
9 383
9 388
9 394
9 402
9 405
9 407
9 410
9 423
9 428
9 435
9 438
9 439
9 450
9 469
9 476
9 497
9 522
9 524
9 543
9 549
9 596
9 597
9 374
9 378
10 11
10 12
10 13
10 14
10 15
10 16
10 17
10 19
10 20
10 21
10 22
10 23
10 24
10 27
10 29
10 30
10 31
10 32
10 34
10 36
10 37
10 38
10 39
10 41
10 43
10 44
10 48
10 50
10 51
10 54
10 55
10 57
10 58
10 61
10 62
10 63
10 69
10 71
10 73
10 79
10 81
10 82
10 85
10 86
10 87
10 91
10 93
10 95
10 97
10 101
10 102
10 103
10 104
10 113
10 115
10 117
10 118
10 123
10 124
10 130
10 134
10 142
10 146
10 150
10 151
10 152
10 159
10 161
10 170
10 171
10 175
10 190
10 195
10 196
10 204
10 211
10 212
10 226
10 233
10 245
10 249
10 253
10 265
10 267
10 271
10 283
10 297
10 298
10 301
10 316
10 319
10 333
10 335
10 344
10 345
10 347
10 353
10 354
10 360
10 362
10 368
10 376
10 379
10 398
10 400
10 410
10 414
10 423
10 424
10 429
10 438
10 444
10 452
10 458
10 476
10 485
10 525
10 528
10 530
10 537
10 551
10 553
10 556
10 558
10 559
10 566
10 568
10 588
10 589
10 598
10 304
10 542
10 105
10 120
10 389
11 12
11 13
11 14
11 15
11 16
11 18
11 19
11 21
11 22
11 26
11 27
11 30
11 31
11 33
11 35
11 36
11 37
11 39
11 40
11 41
11 45
11 48
11 49
11 50
11 51
11 55
11 56
11 57
11 60
11 61
11 62
11 67
11 68
11 73
11 74
11 84
11 86
11 87
11 88
11 91
11 93
11 98
11 103
11 104
11 105
11 109
11 115
11 117
11 118
11 135
11 137
11 140
11 142
11 146
11 147
11 155
11 163
11 165
11 167
11 168
11 169
11 172
11 176
11 178
11 195
11 196
11 214
11 223
11 224
11 226
11 228
11 265
11 278
11 287
11 294
11 304
11 330
11 331
11 346
11 351
11 352
11 354
11 358
11 369
11 376
11 392
11 404
11 406
11 419
11 424
11 430
11 440
11 441
11 450
11 456
11 458
11 487
11 511
11 512
11 532
11 547
11 554
11 563
11 581
11 597
11 355
11 482
12 13
12 14
12 15
12 16
12 17
12 18
12 19
12 21
12 22
12 24
12 25
12 26
12 30
12 31
12 33
12 37
12 45
12 47
12 52
12 53
12 54
12 55
12 56
12 59
12 62
12 66
12 67
12 68
12 71
12 72
12 74
12 77
12 82
12 87
12 88
12 90
12 92
12 94
12 95
12 100
12 105
12 107
12 108
12 110
12 113
12 118
12 123
12 124
12 125
12 126
12 130
12 133
12 138
12 139
12 141
12 153
12 157
12 158
12 176
12 178
12 180
12 181
12 184
12 188
12 210
12 212
12 229
12 236
12 239
12 241
12 249
12 252
12 266
12 271
12 272
12 281
12 294
12 295
12 304
12 306
12 307
12 308
12 321
12 322
12 330
12 344
12 346
12 348
12 379
12 380
12 384
12 388
12 394
12 400
12 401
12 412
12 414
12 419
12 447
12 448
12 450
12 477
12 486
12 491
12 521
12 538
12 541
12 550
12 560
12 577
12 587
12 590
12 593
12 137
12 333
13 14
13 15
13 16
13 18
13 19
13 20
13 23
13 24
13 26
13 27
13 28
13 30
13 31
13 33
13 35
13 36
13 38
13 39
13 42
13 44
13 47
13 49
13 50
13 51
13 53
13 56
13 59
13 60
13 63
13 66
13 74
13 75
13 76
13 81
13 83
13 85
13 93
13 100
13 101
13 103
13 108
13 113
13 120
13 123
13 125
13 134
13 139
13 141
13 149
13 153
13 154
13 157
13 161
13 162
13 163
13 171
13 186
13 191
13 200
13 203
13 206
13 208
13 209
13 218
13 220
13 225
13 235
13 239
13 241
13 245
13 247
13 250
13 257
13 259
13 262
13 265
13 279
13 282
13 283
13 302
13 303
13 305
13 306
13 329
13 336
13 348
13 349
13 355
13 376
13 381
13 385
13 391
13 397
13 404
13 405
13 413
13 415
13 416
13 441
13 447
13 448
13 451
13 458
13 462
13 472
13 482
13 489
13 497
13 501
13 509
13 512
13 527
13 528
13 547
13 560
13 564
13 571
13 575
13 589
14 15
14 16
14 17
14 19
14 21
14 22
14 27
14 29
14 30
14 31
14 34
14 35
14 37
14 42
14 50
14 52
14 55
14 57
14 58
14 60
14 61
14 67
14 70
14 75
14 84
14 89
14 92
14 101
14 117
14 118
14 127
14 129
14 154
14 158
14 165
14 176
14 189
14 194
14 198
14 202
14 208
14 212
14 215
14 223
14 225
14 236
14 237
14 242
14 246
14 255
14 265
14 268
14 275
14 282
14 299
14 310
14 314
14 315
14 323
14 325
14 329
14 335
14 342
14 358
14 367
14 369
14 370
14 373
14 381
14 399
14 403
14 414
14 422
14 426
14 428
14 431
14 467
14 480
14 545
14 548
14 554
14 560
14 584
14 591
14 357
14 534
14 592
14 485
15 16
15 17
15 18
15 20
15 22
15 23
15 26
15 28
15 29
15 30
15 34
15 36
15 37
15 38
15 40
15 41
15 44
15 46
15 47
15 58
15 67
15 69
15 71
15 80
15 81
15 99
15 101
15 108
15 119
15 128
15 135
15 144
15 147
15 152
15 153
15 174
15 189
15 193
15 202
15 212
15 213
15 216
15 224
15 226
15 227
15 237
15 239
15 258
15 260
15 267
15 280
15 287
15 290
15 296
15 307
15 329
15 334
15 336
15 349
15 363
15 364
15 366
15 377
15 381
15 401
15 412
15 426
15 429
15 466
15 473
15 524
15 529
15 560
15 579
15 584
16 17
16 18
16 19
16 20
16 24
16 25
16 26
16 27
16 28
16 31
16 32
16 33
16 36
16 37
16 39
16 42
16 47
16 48
16 49
16 51
16 63
16 65
16 70
16 72
16 77
16 84
16 87
16 89
16 93
16 94
16 95
16 97
16 102
16 105
16 121
16 125
16 149
16 152
16 161
16 167
16 170
16 191
16 192
16 199
16 211
16 213
16 239
16 251
16 258
16 272
16 273
16 292
16 299
16 300
16 312
16 313
16 339
16 340
16 342
16 343
16 350
16 358
16 364
16 375
16 387
16 409
16 423
16 457
16 470
16 484
16 492
16 542
16 544
16 548
16 550
16 588
17 18
17 20
17 22
17 23
17 27
17 28
17 29
17 30
17 35
17 37
17 52
17 63
17 68
17 75
17 81
17 84
17 96
17 98
17 104
17 115
17 116
17 117
17 127
17 131
17 140
17 145
17 156
17 159
17 164
17 177
17 187
17 189
17 196
17 197
17 211
17 215
17 216
17 218
17 220
17 238
17 256
17 260
17 265
17 283
17 287
17 289
17 309
17 313
17 315
17 323
17 340
17 342
17 345
17 356
17 369
17 382
17 384
17 393
17 400
17 416
17 419
17 420
17 444
17 450
17 456
17 470
17 472
17 480
17 488
17 493
17 518
17 521
17 543
17 545
17 556
17 563
17 577
17 591
17 42
17 564
17 56
17 569
17 394
17 503
18 19
18 25
18 28
18 29
18 32
18 33
18 34
18 35
18 38
18 39
18 40
18 42
18 45
18 48
18 49
18 54
18 56
18 61
18 65
18 67
18 68
18 73
18 93
18 100
18 102
18 110
18 120
18 124
18 125
18 153
18 160
18 163
18 164
18 168
18 172
18 175
18 241
18 262
18 292
18 299
18 308
18 315
18 320
18 322
18 347
18 362
18 368
18 370
18 381
18 385
18 396
18 404
18 406
18 408
18 427
18 473
18 474
18 475
18 486
18 489
18 492
18 531
18 566
18 567
18 584
18 585
18 77
18 595
18 245
18 437
19 20
19 23
19 24
19 25
19 26
19 27
19 32
19 34
19 35
19 39
19 41
19 48
19 50
19 51
19 52
19 53
19 59
19 66
19 71
19 88
19 94
19 96
19 100
19 108
19 119
19 121
19 128
19 129
19 130
19 131
19 141
19 142
19 151
19 164
19 165
19 183
19 189
19 208
19 210
19 219
19 231
19 242
19 255
19 264
19 267
19 268
19 269
19 279
19 307
19 309
19 321
19 331
19 345
19 352
19 365
19 374
19 378
19 393
19 452
19 462
19 464
19 480
19 482
19 504
19 505
19 528
19 168
19 541
19 304
19 472
20 21
20 22
20 24
20 25
20 26
20 28
20 32
20 33
20 39
20 46
20 53
20 56
20 57
20 89
20 99
20 103
20 110
20 111
20 114
20 115
20 121
20 127
20 139
20 142
20 144
20 148
20 155
20 158
20 162
20 164
20 173
20 179
20 188
20 197
20 234
20 235
20 238
20 246
20 248
20 253
20 254
20 260
20 267
20 294
20 295
20 296
20 303
20 307
20 309
20 310
20 337
20 358
20 359
20 361
20 362
20 365
20 374
20 376
20 384
20 387
20 388
20 389
20 407
20 417
20 418
20 419
20 437
20 445
20 453
20 460
20 463
20 467
20 499
20 528
20 531
20 542
20 546
20 549
20 557
20 559
20 580
20 264
20 317
20 461
20 462
21 23
21 25
21 26
21 29
21 33
21 34
21 35
21 42
21 46
21 55
21 59
21 63
21 67
21 72
21 75
21 76
21 83
21 88
21 122
21 127
21 148
21 149
21 172
21 178
21 186
21 192
21 201
21 206
21 215
21 217
21 221
21 222
21 223
21 228
21 230
21 251
21 259
21 260
21 281
21 289
21 298
21 300
21 309
21 318
21 336
21 343
21 344
21 350
21 361
21 372
21 394
21 417
21 428
21 463
21 496
21 511
21 514
21 518
21 522
21 571
21 572
21 38
21 99
21 396
22 23
22 24
22 25
22 27
22 35
22 36
22 41
22 44
22 46
22 49
22 50
22 55
22 59
22 62
22 66
22 67
22 70
22 73
22 74
22 79
22 87
22 89
22 90
22 95
22 111
22 112
22 129
22 131
22 133
22 137
22 139
22 142
22 143
22 144
22 156
22 164
22 189
22 191
22 203
22 230
22 247
22 263
22 266
22 267
22 298
22 304
22 306
22 311
22 340
22 356
22 375
22 381
22 409
22 426
22 454
22 455
22 463
22 468
22 475
22 478
22 501
22 512
22 520
22 530
22 531
22 562
22 599
22 218
22 97
22 497
23 25
23 28
23 36
23 39
23 46
23 48
23 50
23 64
23 73
23 78
23 86
23 95
23 96
23 98
23 103
23 107
23 146
23 158
23 159
23 165
23 167
23 169
23 170
23 173
23 180
23 195
23 201
23 210
23 225
23 227
23 237
23 240
23 246
23 255
23 272
23 317
23 337
23 427
23 439
23 466
23 494
23 576
23 198
24 29
24 31
24 37
24 42
24 48
24 56
24 57
24 65
24 69
24 77
24 107
24 114
24 115
24 119
24 134
24 159
24 166
24 203
24 238
24 250
24 264
24 295
24 301
24 303
24 320
24 325
24 343
24 370
24 374
24 397
24 420
24 424
24 528
24 561
24 199
24 349
25 28
25 29
25 31
25 34
25 41
25 45
25 54
25 55
25 56
25 65
25 66
25 75
25 78
25 80
25 83
25 84
25 86
25 90
25 99
25 102
25 103
25 105
25 106
25 108
25 117
25 119
25 122
25 142
25 147
25 148
25 156
25 169
25 172
25 177
25 179
25 181
25 184
25 187
25 193
25 199
25 203
25 211
25 216
25 220
25 232
25 233
25 244
25 252
25 271
25 286
25 287
25 310
25 324
25 336
25 374
25 384
25 385
25 400
25 452
25 475
25 479
25 500
25 524
25 534
25 590
25 219
26 27
26 28
26 30
26 33
26 38
26 40
26 47
26 54
26 61
26 78
26 83
26 88
26 89
26 90
26 91
26 104
26 106
26 107
26 108
26 109
26 113
26 120
26 121
26 122
26 132
26 134
26 157
26 180
26 191
26 207
26 219
26 255
26 289
26 310
26 313
26 314
26 341
26 354
26 362
26 369
26 390
26 408
26 460
26 472
26 485
26 504
26 517
26 519
26 571
26 223
27 30
27 32
27 37
27 38
27 43
27 44
27 53
27 60
27 64
27 83
27 84
27 85
27 89
27 91
27 112
27 114
27 125
27 134
27 135
27 137
27 144
27 149
27 150
27 157
27 187
27 188
27 192
27 207
27 210
27 221
27 232
27 241
27 244
27 260
27 261
27 266
27 270
27 274
27 293
27 298
27 322
27 336
27 353
27 355
27 369
27 377
27 394
27 411
27 415
27 418
27 435
27 443
27 459
27 466
27 491
27 518
27 536
27 561
27 570
27 598
27 427
28 32
28 35
28 36
28 41
28 44
28 47
28 51
28 58
28 59
28 66
28 69
28 71
28 76
28 79
28 83
28 89
28 94
28 106
28 120
28 129
28 139
28 147
28 152
28 193
28 218
28 243
28 278
28 284
28 293
28 303
28 330
28 342
28 355
28 359
28 367
28 388
28 398
28 409
28 456
28 493
28 540
28 549
28 589
28 595
29 32
29 35
29 39
29 40
29 45
29 50
29 55
29 59
29 67
29 72
29 74
29 77
29 80
29 102
29 119
29 132
29 146
29 159
29 165
29 169
29 175
29 179
29 181
29 185
29 191
29 205
29 213
29 224
29 245
29 265
29 278
29 280
29 285
29 295
29 312
29 326
29 337
29 344
29 357
29 366
29 373
29 379
29 386
29 408
29 424
29 444
29 445
29 457
29 458
29 461
29 481
29 485
29 488
29 490
29 497
29 549
29 595
29 217
29 414
30 34
30 40
30 52
30 55
30 63
30 64
30 73
30 74
30 77
30 81
30 82
30 91
30 92
30 95
30 98
30 99
30 140
30 143
30 145
30 157
30 160
30 175
30 176
30 185
30 187
30 204
30 211
30 216
30 218
30 235
30 242
30 262
30 276
30 309
30 311
30 314
30 322
30 339
30 341
30 342
30 353
30 389
30 412
30 420
30 425
30 459
30 549
30 567
30 573
30 581
30 196
30 101
30 152
30 287
31 32
31 33
31 34
31 35
31 38
31 42
31 43
31 44
31 63
31 70
31 77
31 90
31 95
31 106
31 122
31 133
31 136
31 140
31 144
31 145
31 150
31 151
31 153
31 154
31 162
31 185
31 190
31 192
31 200
31 220
31 224
31 238
31 240
31 250
31 255
31 264
31 275
31 281
31 283
31 300
31 331
31 338
31 340
31 353
31 354
31 355
31 356
31 365
31 369
31 380
31 398
31 402
31 415
31 420
31 428
31 431
31 444
31 453
31 467
31 475
31 490
31 498
31 512
31 523
31 536
31 553
31 562
31 569
31 582
31 307
31 125
32 33
32 42
32 48
32 77
32 80
32 104
32 124
32 129
32 130
32 132
32 144
32 167
32 170
32 174
32 197
32 198
32 209
32 215
32 219
32 220
32 235
32 275
32 290
32 296
32 302
32 325
32 335
32 338
32 381
32 384
32 387
32 398
32 403
32 419
32 425
32 440
32 442
32 451
32 495
32 498
32 554
32 561
32 573
32 582
32 466
33 53
33 68
33 69
33 85
33 87
33 99
33 126
33 138
33 148
33 154
33 176
33 231
33 248
33 256
33 291
33 304
33 315
33 353
33 379
33 390
33 418
33 470
33 513
33 518
33 530
33 532
33 571
34 37
34 43
34 46
34 47
34 49
34 54
34 62
34 88
34 91
34 128
34 154
34 156
34 158
34 181
34 183
34 185
34 198
34 200
34 201
34 214
34 219
34 246
34 261
34 270
34 296
34 304
34 351
34 357
34 358
34 385
34 403
34 435
34 487
34 490
34 501
34 527
34 544
34 556
34 582
34 590
34 281
34 224
34 449
35 36
35 37
35 40
35 45
35 46
35 63
35 67
35 71
35 74
35 76
35 80
35 82
35 87
35 108
35 113
35 127
35 155
35 157
35 159
35 216
35 217
35 219
35 222
35 227
35 228
35 231
35 233
35 255
35 263
35 279
35 288
35 305
35 322
35 354
35 383
35 395
35 405
35 407
35 427
35 471
35 474
35 482
35 489
35 494
35 508
35 521
35 539
35 546
35 560
35 570
35 571
35 285
35 406
36 41
36 42
36 43
36 44
36 52
36 64
36 71
36 90
36 94
36 105
36 110
36 116
36 131
36 134
36 135
36 160
36 232
36 276
36 303
36 311
36 321
36 326
36 356
36 463
36 464
36 525
36 545
36 554
36 566
36 599
36 567
37 38
37 39
37 45
37 47
37 49
37 57
37 66
37 69
37 70
37 100
37 138
37 149
37 176
37 194
37 197
37 200
37 221
37 226
37 247
37 273
37 284
37 315
37 344
37 388
37 396
37 408
37 426
37 464
37 504
37 505
37 567
37 573
37 595
37 521
37 86
38 45
38 52
38 60
38 79
38 85
38 153
38 225
38 234
38 235
38 254
38 294
38 298
38 360
38 456
38 542
38 544
38 362
38 95
38 434
39 40
39 41
39 45
39 48
39 49
39 52
39 53
39 57
39 63
39 64
39 68
39 74
39 80
39 82
39 83
39 85
39 86
39 87
39 90
39 91
39 98
39 104
39 105
39 109
39 113
39 121
39 124
39 126
39 128
39 129
39 132
39 138
39 141
39 144
39 145
39 149
39 151
39 153
39 154
39 166
39 172
39 189
39 190
39 200
39 209
39 225
39 229
39 231
39 233
39 237
39 243
39 251
39 255
39 259
39 264
39 273
39 275
39 285
39 291
39 292
39 310
39 312
39 328
39 343
39 350
39 378
39 394
39 414
39 415
39 432
39 434
39 437
39 448
39 492
39 501
39 515
39 522
39 534
39 540
39 543
39 561
39 576
39 589
39 514
39 186
40 42
40 43
40 52
40 53
40 55
40 58
40 64
40 69
40 72
40 84
40 94
40 95
40 98
40 106
40 110
40 125
40 147
40 149
40 150
40 160
40 165
40 174
40 182
40 185
40 192
40 213
40 230
40 259
40 264
40 333
40 334
40 339
40 360
40 368
40 387
40 444
40 465
40 514
40 525
40 566
41 48
41 56
41 58
41 60
41 98
41 99
41 109
41 115
41 133
41 154
41 171
41 177
41 179
41 181
41 193
41 198
41 221
41 235
41 294
41 303
41 308
41 355
41 390
41 434
41 478
41 514
41 517
41 565
41 584
41 588
41 233
41 93
41 305
42 43
42 47
42 65
42 69
42 76
42 96
42 104
42 117
42 121
42 123
42 130
42 160
42 170
42 180
42 193
42 194
42 222
42 227
42 230
42 233
42 252
42 256
42 274
42 280
42 281
42 293
42 323
42 327
42 391
42 398
42 399
42 444
42 446
42 461
42 466
42 491
42 506
42 522
42 526
42 324
43 61
43 63
43 72
43 79
43 82
43 87
43 97
43 112
43 138
43 152
43 155
43 163
43 195
43 221
43 233
43 235
43 242
43 255
43 258
43 294
43 297
43 353
43 362
43 401
43 421
43 485
43 491
43 558
43 576
43 111
43 412
44 49
44 53
44 57
44 58
44 71
44 80
44 85
44 100
44 107
44 108
44 111
44 126
44 135
44 136
44 138
44 139
44 148
44 160
44 186
44 200
44 207
44 211
44 222
44 246
44 249
44 256
44 272
44 277
44 280
44 293
44 333
44 363
44 372
44 373
44 388
44 396
44 401
44 428
44 477
44 546
44 587
44 221
44 169
44 262
45 46
45 54
45 56
45 61
45 72
45 75
45 82
45 85
45 96
45 99
45 105
45 114
45 118
45 137
45 142
45 157
45 186
45 194
45 220
45 221
45 251
45 253
45 292
45 330
45 378
45 403
45 468
45 470
45 479
45 497
45 530
45 537
45 558
45 597
46 49
46 66
46 78
46 108
46 164
46 191
46 215
46 237
46 239
46 248
46 257
46 298
46 302
46 309
46 312
46 345
46 361
46 371
46 409
46 446
46 447
46 449
46 454
46 458
46 502
46 511
46 529
46 551
46 578
46 114
46 403
47 48
47 53
47 54
47 61
47 71
47 81
47 82
47 104
47 109
47 116
47 120
47 133
47 155
47 158
47 160
47 164
47 174
47 176
47 199
47 208
47 218
47 231
47 244
47 245
47 257
47 277
47 279
47 289
47 317
47 328
47 335
47 347
47 349
47 361
47 367
47 377
47 443
47 453
47 458
47 483
47 515
48 51
48 52
48 60
48 79
48 81
48 101
48 117
48 140
48 145
48 157
48 198
48 201
48 205
48 223
48 246
48 263
48 280
48 369
48 489
48 493
48 495
48 505
48 509
48 514
48 526
48 534
48 581
48 478
49 51
49 60
49 75
49 123
49 156
49 166
49 168
49 174
49 181
49 193
49 215
49 260
49 268
49 329
49 340
49 361
49 412
49 417
49 438
49 492
49 505
49 529
49 565
49 242
50 51
50 60
50 62
50 73
50 93
50 104
50 119
50 131
50 139
50 150
50 155
50 164
50 178
50 181
50 209
50 213
50 214
50 216
50 236
50 279
50 303
50 306
50 316
50 331
50 349
50 375
50 382
50 392
50 401
50 428
50 438
50 447
50 474
50 505
50 514
50 573
50 365
51 62
51 88
51 89
51 98
51 118
51 119
51 130
51 144
51 147
51 151
51 159
51 174
51 177
51 182
51 187
51 189
51 215
51 217
51 252
51 275
51 288
51 298
51 302
51 367
51 402
51 421
51 427
51 437
51 451
51 481
51 492
51 525
52 57
52 60
52 63
52 77
52 81
52 88
52 121
52 128
52 134
52 137
52 144
52 145
52 170
52 182
52 209
52 214
52 217
52 219
52 233
52 251
52 275
52 281
52 326
52 333
52 407
52 412
52 420
52 450
52 466
52 510
52 580
52 593
53 56
53 62
53 64
53 65
53 67
53 69
53 72
53 92
53 99
53 100
53 102
53 119
53 126
53 136
53 141
53 142
53 161
53 170
53 180
53 200
53 223
53 224
53 229
53 240
53 251
53 253
53 263
53 273
53 276
53 286
53 331
53 334
53 356
53 395
53 396
53 400
53 402
53 432
53 455
53 477
53 478
53 494
53 571
53 578
53 588
53 214
53 424
53 487
54 72
54 76
54 77
54 79
54 103
54 106
54 111
54 122
54 124
54 125
54 150
54 170
54 186
54 187
54 218
54 253
54 278
54 404
54 440
54 442
54 461
54 490
54 496
54 506
54 512
54 514
54 517
54 565
54 578
54 591
54 199
54 350
54 382
54 398
55 62
55 82
55 83
55 106
55 122
55 143
55 147
55 162
55 174
55 204
55 236
55 238
55 250
55 256
55 271
55 288
55 306
55 314
55 359
55 370
55 382
55 402
55 423
55 475
55 484
55 531
55 552
55 558
55 585
56 58
56 61
56 64
56 65
56 79
56 92
56 135
56 160
56 165
56 190
56 217
56 224
56 227
56 231
56 235
56 239
56 264
56 269
56 338
56 371
56 372
56 387
56 389
56 393
56 524
56 558
56 569
56 587
56 546
57 65
57 68
57 77
57 78
57 86
57 93
57 98
57 118
57 136
57 147
57 195
57 206
57 209
57 248
57 275
57 283
57 316
57 334
57 338
57 409
57 415
57 431
57 464
57 468
57 477
57 481
57 538
57 575
57 593
57 388
57 75
58 76
58 79
58 91
58 120
58 132
58 138
58 141
58 146
58 167
58 284
58 301
58 304
58 322
58 392
58 419
58 442
58 454
58 479
58 543
58 547
58 584
58 599
58 88
59 79
59 86
59 89
59 125
59 134
59 137
59 138
59 156
59 179
59 188
59 350
59 355
59 389
59 418
59 483
59 503
59 523
59 538
59 553
59 96
59 158
60 64
60 70
60 81
60 82
60 90
60 94
60 99
60 110
60 114
60 118
60 128
60 132
60 142
60 164
60 167
60 175
60 202
60 208
60 243
60 259
60 267
60 283
60 304
60 315
60 316
60 352
60 358
60 372
60 377
60 385
60 395
60 397
60 428
60 452
60 468
60 485
60 496
60 539
60 547
60 565
60 568
60 578
60 470
61 65
61 85
61 88
61 92
61 107
61 113
61 128
61 137
61 140
61 150
61 162
61 178
61 184
61 209
61 211
61 254
61 265
61 277
61 287
61 324
61 348
61 353
61 361
61 386
61 400
61 421
61 424
61 446
61 452
61 454
61 471
61 480
61 525
61 567
61 576
61 586
61 157
62 85
62 101
62 160
62 175
62 177
62 180
62 215
62 254
62 261
62 311
62 330
62 361
62 471
62 556
62 569
62 133
62 486
63 64
63 73
63 74
63 76
63 80
63 86
63 111
63 112
63 137
63 154
63 161
63 166
63 180
63 199
63 225
63 237
63 242
63 251
63 291
63 306
63 320
63 325
63 376
63 389
63 429
63 435
63 437
63 439
63 494
63 506
63 529
63 543
63 546
63 547
64 65
64 72
64 73
64 75
64 77
64 92
64 115
64 126
64 135
64 156
64 185
64 208
64 235
64 241
64 258
64 265
64 288
64 301
64 318
64 321
64 326
64 408
64 442
64 472
64 481
64 482
64 140
64 194
65 69
65 78
65 98
65 102
65 110
65 118
65 119
65 121
65 145
65 161
65 162
65 193
65 196
65 200
65 203
65 204
65 210
65 212
65 215
65 227
65 237
65 246
65 255
65 260
65 261
65 267
65 268
65 271
65 273
65 279
65 280
65 284
65 286
65 290
65 296
65 297
65 312
65 319
65 320
65 328
65 334
65 339
65 368
65 390
65 401
65 407
65 411
65 420
65 429
65 430
65 449
65 450
65 453
65 463
65 471
65 473
65 474
65 479
65 486
65 538
65 549
65 574
65 596
65 536
66 68
66 83
66 103
66 112
66 140
66 147
66 151
66 171
66 173
66 203
66 214
66 245
66 276
66 308
66 311
66 326
66 385
66 421
66 432
66 437
66 491
66 535
66 546
66 547
66 560
66 596
67 68
67 107
67 111
67 114
67 138
67 195
67 270
67 273
67 281
67 318
67 327
67 330
67 340
67 346
67 347
67 366
67 377
67 397
67 412
67 444
67 478
67 498
67 515
67 522
67 523
67 548
67 569
67 597
68 82
68 84
68 96
68 101
68 109
68 110
68 111
68 122
68 129
68 151
68 152
68 163
68 177
68 197
68 224
68 236
68 239
68 249
68 264
68 272
68 275
68 309
68 323
68 332
68 350
68 384
68 413
68 427
68 440
68 445
68 517
68 539
68 540
68 542
68 583
68 211
68 367
69 108
69 139
69 155
69 221
69 274
69 275
69 277
69 278
69 285
69 307
69 311
69 328
69 338
69 409
69 451
69 471
69 519
69 522
69 533
69 540
69 554
69 101
70 100
70 117
70 153
70 176
70 193
70 199
70 205
70 214
70 218
70 224
70 238
70 296
70 327
70 336
70 370
70 397
70 410
70 416
70 488
71 74
71 75
71 80
71 94
71 122
71 127
71 158
71 161
71 163
71 167
71 169
71 171
71 175
71 193
71 194
71 196
71 198
71 204
71 207
71 221
71 241
71 283
71 285
71 290
71 333
71 366
71 397
71 420
71 473
71 474
71 496
71 540
71 594
71 206
72 75
72 93
72 109
72 110
72 112
72 114
72 133
72 137
72 170
72 182
72 206
72 213
72 215
72 251
72 252
72 258
72 266
72 298
72 309
72 358
72 447
72 508
72 520
72 524
72 531
72 534
72 552
72 561
72 591
72 124
72 442
73 91
73 92
73 93
73 97
73 107
73 117
73 136
73 145
73 181
73 197
73 232
73 240
73 278
73 281
73 287
73 308
73 320
73 346
73 354
73 357
73 412
73 417
73 426
73 433
73 465
73 506
73 507
73 559
73 454
74 78
74 79
74 105
74 111
74 123
74 126
74 132
74 135
74 155
74 183
74 192
74 211
74 224
74 229
74 233
74 259
74 275
74 277
74 300
74 319
74 338
74 350
74 355
74 382
74 396
74 411
74 414
74 442
74 459
74 567
74 570
74 577
74 593
74 239
75 80
75 87
75 121
75 135
75 145
75 167
75 173
75 185
75 188
75 220
75 242
75 254
75 269
75 284
75 300
75 323
75 325
75 361
75 386
75 407
75 438
75 445
75 452
75 457
75 483
75 497
75 536
75 544
75 596
75 230
76 93
76 155
76 161
76 168
76 179
76 196
76 204
76 222
76 258
76 334
76 357
76 391
76 504
76 519
76 527
76 555
76 594
77 86
77 88
77 97
77 173
77 189
77 219
77 261
77 278
77 310
77 357
77 368
77 513
78 97
78 106
78 112
78 118
78 120
78 131
78 141
78 163
78 188
78 228
78 240
78 281
78 296
78 308
78 320
78 347
78 352
78 363
78 370
78 388
78 392
78 410
78 438
78 441
78 473
78 486
78 493
78 499
78 330
79 92
79 99
79 114
79 117
79 118
79 191
79 230
79 252
79 261
79 302
79 342
79 390
79 442
79 459
79 509
79 525
79 544
79 598
80 84
80 94
80 109
80 165
80 205
80 243
80 247
80 305
80 330
80 335
80 360
80 370
80 444
80 455
80 513
80 93
81 104
81 114
81 115
81 122
81 135
81 143
81 172
81 173
81 183
81 225
81 232
81 269
81 286
81 299
81 311
81 356
81 367
81 416
81 432
81 434
81 474
81 568
81 594
82 105
82 129
82 136
82 150
82 188
82 196
82 278
82 282
82 292
82 299
82 313
82 332
82 357
82 396
82 420
82 441
82 445
82 457
82 483
82 502
82 535
82 578
82 593
82 596
82 135
83 84
83 91
83 92
83 96
83 116
83 149
83 151
83 223
83 277
83 352
83 386
83 400
83 435
83 445
83 482
83 492
83 526
83 556
84 95
84 106
84 126
84 156
84 175
84 182
84 210
84 264
84 282
84 285
84 297
84 312
84 328
84 342
84 344
84 347
84 419
84 447
84 466
84 538
84 548
84 564
84 566
84 229
84 225
85 86
85 90
85 102
85 111
85 124
85 132
85 146
85 180
85 200
85 205
85 208
85 235
85 241
85 313
85 319
85 380
85 389
85 416
85 429
85 430
85 454
85 461
85 471
85 493
85 496
85 502
85 521
85 536
85 545
85 591
85 144
86 92
86 100
86 106
86 122
86 123
86 150
86 190
86 202
86 241
86 282
86 313
86 324
86 330
86 383
86 430
86 440
86 516
86 585
87 104
87 109
87 234
87 292
87 307
87 350
88 142
88 175
88 187
88 202
88 238
88 242
88 295
88 367
88 392
88 510
88 519
88 523
88 576
88 586
88 594
89 105
89 125
89 140
89 146
89 166
89 170
89 194
89 219
89 224
89 231
89 239
89 251
89 257
89 262
89 263
89 327
89 372
89 441
89 443
89 456
89 462
89 498
89 503
89 531
89 539
89 553
89 555
89 579
89 521
89 314
90 97
90 103
90 129
90 130
90 147
90 156
90 171
90 179
90 204
90 247
90 255
90 266
90 291
90 300
90 334
90 339
90 359
90 373
90 424
90 480
90 489
90 533
90 576
90 578
90 582
91 109
91 112
91 156
91 163
91 177
91 200
91 213
91 244
91 245
91 250
91 251
91 273
91 333
91 346
91 354
91 376
91 395
91 465
91 499
91 330
92 93
92 102
92 121
92 183
92 186
92 229
92 240
92 261
92 279
92 319
92 370
92 374
92 394
92 477
92 594
92 423
93 94
93 103
93 109
93 115
93 130
93 172
93 193
93 203
93 206
93 221
93 227
93 244
93 269
93 338
93 362
93 363
93 384
93 387
93 390
93 396
93 434
93 469
93 521
93 527
93 543
93 554
93 563
93 569
94 113
94 182
94 225
94 238
94 241
94 333
94 445
94 490
94 499
94 511
94 582
95 107
95 132
95 133
95 137
95 139
95 142
95 207
95 212
95 246
95 294
95 388
95 399
95 495
95 535
95 563
95 578
95 594
96 132
96 159
96 173
96 189
96 197
96 207
96 208
96 241
96 285
96 369
96 388
96 473
96 515
96 530
96 535
96 598
96 451
97 101
97 110
97 130
97 149
97 188
97 190
97 263
97 285
97 301
97 325
97 343
97 344
97 365
97 373
97 379
97 386
97 397
97 411
97 414
97 427
97 506
97 524
97 540
98 100
98 126
98 172
98 195
98 201
98 205
98 217
98 229
98 257
98 314
98 363
98 408
98 451
98 523
98 556
98 559
98 575
98 589
98 414
99 102
99 106
99 116
99 131
99 148
99 185
99 187
99 210
99 231
99 232
99 254
99 298
99 325
99 327
99 344
99 360
99 401
99 415
99 453
99 473
99 546
99 567
100 116
100 234
100 246
100 299
100 324
100 337
100 381
100 384
100 580
101 113
101 115
101 120
101 125
101 143
101 152
101 153
101 157
101 162
101 168
101 175
101 253
101 280
101 293
101 297
101 302
101 310
101 322
101 325
101 345
101 346
101 347
101 389
101 407
101 417
101 420
101 421
101 434
101 441
101 480
101 481
101 491
101 563
101 565
101 584
102 105
102 114
102 128
102 160
102 198
102 318
102 325
102 365
102 375
102 387
102 418
102 499
102 508
102 512
102 582
103 116
103 136
103 146
103 183
103 208
103 270
103 292
103 332
103 393
103 449
103 554
103 563
104 136
104 138
104 146
104 158
104 168
104 204
104 217
104 286
104 287
104 328
104 329
104 373
104 393
104 411
104 519
104 593
104 115
104 450
105 108
105 136
105 184
105 192
105 201
105 212
105 243
105 250
105 268
105 269
105 300
105 351
105 371
105 395
105 434
105 436
105 439
105 485
105 502
105 552
106 113
106 123
106 125
106 130
106 140
106 171
106 188
106 199
106 201
106 206
106 214
106 239
106 302
106 348
106 363
106 374
106 417
106 420
106 457
106 552
106 142
107 183
107 198
107 219
107 262
107 267
107 276
107 437
107 487
107 598
107 490
107 263
108 114
108 169
108 186
108 207
108 243
108 250
108 260
108 286
108 317
108 354
108 364
108 383
108 391
108 412
108 439
108 452
108 462
108 469
108 493
108 537
108 566
108 575
108 589
109 112
109 116
109 119
109 136
109 152
109 159
109 183
109 184
109 215
109 222
109 228
109 309
109 319
109 378
109 414
109 436
109 454
109 500
109 515
109 531
109 542
109 245
110 143
110 183
110 194
110 209
110 238
110 287
110 290
110 294
110 305
110 314
110 316
110 338
110 353
110 364
110 444
110 474
110 505
110 543
110 588
110 336
111 112
111 120
111 123
111 182
111 205
111 214
111 223
111 274
111 323
111 343
111 375
111 404
111 411
111 418
111 488
111 499
111 501
111 525
111 530
111 558
111 565
111 583
112 167
112 296
112 311
112 375
112 404
112 442
112 488
112 533
112 542
112 552
112 579
112 223
112 323
113 127
113 131
113 176
113 195
113 199
113 220
113 231
113 297
113 352
113 402
113 411
113 550
113 583
113 213
113 452
114 144
114 147
114 223
114 241
114 260
114 299
114 365
114 398
114 405
114 416
114 473
114 500
115 124
115 134
115 228
115 288
115 306
115 326
115 336
115 368
115 377
115 425
115 507
115 531
115 546
115 583
115 579
115 375
115 325
116 126
116 172
116 182
116 230
116 238
116 261
116 267
116 269
116 313
116 324
116 326
116 363
116 433
116 439
116 449
116 475
116 491
116 543
117 124
117 286
117 305
117 495
117 569
117 583
118 171
118 179
118 197
118 242
118 244
118 245
118 274
118 292
118 317
118 342
118 524
118 590
119 121
119 126
119 177
119 210
119 216
119 290
119 294
119 341
119 346
119 371
119 373
119 380
119 435
119 473
119 572
120 185
120 204
120 234
120 256
120 258
120 305
120 354
121 128
121 132
121 148
121 153
121 174
121 187
121 203
121 214
121 223
121 234
121 284
121 359
121 390
121 449
121 470
121 479
121 509
121 510
121 547
121 556
121 574
121 579
121 584
121 426
122 127
122 133
122 138
122 194
122 210
122 242
122 243
122 246
122 271
122 276
122 291
122 335
122 356
122 389
122 441
122 472
122 500
122 511
122 548
122 562
122 573
122 577
122 586
123 127
123 139
123 148
123 165
123 184
123 185
123 204
123 212
123 225
123 230
123 262
123 291
123 307
123 324
123 337
123 338
123 341
123 346
123 359
123 371
123 376
123 377
123 391
123 394
123 409
123 427
123 431
123 456
123 457
123 526
123 535
123 553
123 573
123 578
123 590
123 149
123 216
124 145
124 169
124 196
124 201
124 212
124 267
124 274
124 305
124 314
124 315
124 348
124 376
124 408
124 440
124 475
124 518
124 553
124 559
124 592
124 599
124 576
124 202
125 133
125 158
125 167
125 169
125 211
125 223
125 248
125 252
125 277
125 280
125 294
125 364
125 449
125 460
125 518
125 541
126 137
126 148
126 173
126 186
126 194
126 202
126 229
126 248
126 268
126 269
126 278
126 316
126 323
126 333
126 339
126 359
126 365
126 495
126 499
126 526
126 534
126 467
127 131
127 155
127 166
127 190
127 224
127 249
127 271
127 320
127 379
127 423
127 424
127 447
127 481
127 489
127 506
127 516
127 534
128 166
128 201
128 259
128 314
128 402
128 413
128 532
129 150
129 151
129 152
129 307
129 327
129 572
130 154
130 207
130 217
130 230
130 243
130 329
130 350
130 364
130 371
130 388
130 409
130 410
130 419
130 494
130 502
130 559
131 139
131 140
131 143
131 171
131 186
131 222
131 240
131 285
131 316
131 517
131 534
131 562
131 154
132 146
132 155
132 168
132 199
132 298
132 321
132 375
132 380
132 381
132 470
132 487
132 566
132 407
132 136
132 328
133 221
133 226
133 263
133 276
133 311
133 313
133 413
133 421
133 430
133 443
133 501
133 533
133 580
134 135
134 154
134 165
134 226
134 272
134 295
134 345
134 359
134 381
134 523
134 542
134 357
135 143
135 214
135 218
135 237
135 243
135 247
135 332
135 335
135 347
135 355
135 368
135 487
135 500
135 520
135 551
135 570
136 174
136 180
136 183
136 187
136 196
136 337
136 348
136 351
136 389
136 393
136 510
136 518
136 597
137 141
137 184
137 202
137 228
137 248
137 252
137 258
137 270
137 288
137 316
137 361
137 405
137 474
137 492
137 503
137 570
137 572
138 160
138 184
138 199
138 205
138 259
138 266
138 268
138 352
138 364
138 400
138 428
138 525
138 599
139 144
139 150
139 168
139 184
139 188
139 195
139 249
139 258
139 332
139 344
139 413
139 422
139 459
139 484
139 505
139 553
139 565
139 576
139 589
139 599
140 141
140 145
140 181
140 239
140 330
140 334
140 421
140 518
141 143
141 178
141 197
141 198
141 227
141 243
141 289
141 327
141 344
141 407
141 481
141 523
141 527
141 528
141 530
141 559
141 572
141 585
142 166
142 229
142 234
142 257
142 259
142 295
142 321
142 340
142 369
142 378
142 393
142 405
142 428
142 517
142 520
142 547
142 577
142 582
142 583
143 162
143 280
143 295
143 355
143 484
143 528
143 552
143 562
143 357
144 166
144 170
144 177
144 198
144 206
144 254
144 266
144 282
144 351
144 364
144 448
144 574
144 588
144 545
145 349
145 391
145 598
146 169
146 201
146 270
146 282
146 302
146 327
146 394
146 423
146 471
146 489
146 582
146 581
147 289
147 467
147 495
148 179
148 226
148 228
148 256
148 312
148 317
148 321
148 338
148 358
148 375
148 577
148 483
149 184
149 186
149 192
149 198
149 210
149 249
149 253
149 543
149 257
150 213
150 332
150 370
150 433
151 152
151 168
151 195
151 197
151 237
151 285
151 376
151 438
151 439
151 534
151 545
151 553
151 532
151 330
152 174
152 216
152 227
152 256
152 257
152 288
152 313
152 318
152 413
152 472
153 190
153 222
153 236
153 237
153 323
153 379
153 386
153 399
153 526
153 527
153 539
153 597
153 478
153 380
154 164
154 169
154 173
154 222
154 230
154 243
154 284
154 285
154 418
154 456
154 465
154 487
154 594
154 387
155 184
155 226
155 257
155 273
155 443
155 460
155 503
155 573
156 168
156 185
156 234
156 257
156 266
156 331
156 335
156 188
157 282
157 287
157 304
157 442
157 506
157 528
157 554
158 163
158 166
158 187
158 192
158 232
158 363
158 384
158 401
158 408
158 572
158 575
158 592
159 161
159 199
159 240
159 278
159 282
159 324
159 326
159 355
159 425
159 430
159 465
159 480
159 499
159 561
159 599
160 161
160 169
160 191
160 202
160 256
160 284
160 301
160 342
160 387
160 425
160 458
160 469
160 535
160 351
160 308
161 163
161 180
161 206
161 207
161 216
161 220
161 261
161 262
161 279
161 297
161 313
161 317
161 360
161 364
161 392
161 416
161 437
161 456
161 541
161 552
161 555
161 588
162 178
162 244
162 285
162 304
162 314
162 365
162 383
162 509
162 578
163 203
163 247
163 250
163 271
163 283
163 292
163 312
163 378
163 383
163 422
163 508
163 599
163 309
164 177
164 178
164 254
164 268
164 279
164 289
164 291
164 356
164 371
164 387
164 395
164 516
164 536
164 550
164 556
164 204
165 178
165 202
165 236
165 289
165 301
165 319
165 417
165 420
165 484
165 540
165 561
165 581
166 293
166 366
166 378
166 422
166 539
166 334
167 180
167 201
167 254
167 259
167 274
167 309
167 382
167 403
167 414
167 476
167 532
167 544
167 597
167 337
168 196
168 244
168 250
168 319
168 354
168 383
168 430
168 433
168 463
168 491
168 508
168 527
168 552
169 191
169 209
169 328
169 329
169 446
169 479
169 512
169 585
170 173
170 175
170 190
170 226
170 266
170 270
170 296
170 307
170 332
170 349
170 357
170 362
170 364
170 379
170 436
170 443
170 468
170 476
170 530
170 555
170 557
170 324
170 251
171 232
171 234
171 258
171 288
171 303
171 324
171 357
171 431
171 454
171 488
171 520
171 533
171 555
171 579
171 586
171 597
171 598
171 322
172 220
172 231
172 272
172 304
172 328
172 341
172 401
172 413
172 429
172 471
172 514
172 547
173 256
173 277
173 315
173 448
173 458
173 513
173 551
173 599
174 177
174 182
174 250
174 252
174 424
174 490
174 532
175 219
175 225
175 253
175 340
175 398
175 433
175 448
175 470
175 523
176 186
176 229
176 254
176 290
176 386
176 526
177 208
177 217
177 244
177 269
177 295
177 351
177 353
177 446
177 455
177 459
177 480
177 509
177 524
178 206
178 228
178 286
178 486
178 512
178 593
179 191
179 203
179 222
179 244
179 385
179 404
179 410
179 457
179 465
179 488
179 503
179 516
179 205
179 508
180 188
180 210
180 333
180 303
181 233
181 374
181 400
182 328
182 449
182 484
182 510
183 457
183 460
183 417
183 331
184 209
184 212
184 271
184 317
184 327
184 404
184 418
184 471
184 497
184 579
184 202
185 236
185 409
185 460
186 189
186 211
186 286
186 335
186 344
186 347
186 385
186 390
186 412
186 498
186 505
186 508
186 529
186 561
187 258
187 272
187 338
187 400
187 425
187 473
187 520
188 191
188 232
188 239
188 240
188 257
188 274
188 291
188 347
188 360
188 392
188 394
188 464
188 476
188 515
188 550
188 592
189 206
189 270
189 300
189 363
189 365
189 374
189 407
189 444
189 460
189 466
189 504
189 542
189 590
189 193
190 271
190 275
190 276
190 339
190 388
190 399
190 430
190 469
190 530
191 192
191 194
191 202
191 213
191 262
191 263
191 281
191 330
191 411
191 416
191 460
191 500
191 507
192 208
192 253
192 297
192 308
192 390
192 469
192 537
193 247
193 248
193 269
193 281
193 283
193 331
193 349
193 369
193 443
193 316
194 202
194 318
194 346
194 363
194 416
194 422
194 423
194 439
194 581
195 217
195 479
195 487
195 545
196 265
196 329
197 205
197 323
197 375
197 450
197 267
198 205
198 231
198 249
198 359
198 393
198 446
198 526
198 552
198 591
199 200
199 248
199 277
199 369
199 372
199 380
199 406
199 437
199 442
199 451
199 489
199 498
199 513
199 564
199 566
199 568
199 249
200 229
200 261
200 277
200 300
200 301
200 317
200 345
200 432
200 443
200 496
200 509
200 512
200 425
201 233
201 467
201 480
201 502
201 516
201 546
201 584
202 222
202 232
202 333
202 429
202 468
202 551
202 402
203 359
203 367
203 390
203 411
203 433
203 501
203 507
203 258
204 212
204 221
204 227
204 228
204 268
204 316
204 379
204 431
204 447
204 482
204 493
204 498
204 501
204 537
205 280
205 288
205 301
205 308
205 319
205 348
205 380
205 431
205 441
205 448
205 466
205 494
205 586
205 588
206 249
206 262
206 314
206 318
206 542
206 589
207 262
207 306
207 307
207 330
207 366
207 368
207 426
207 434
207 442
207 483
207 486
207 564
207 568
207 574
208 260
208 286
208 294
208 318
208 427
208 438
208 538
208 272
209 374
209 417
209 505
209 549
209 554
209 557
209 575
209 587
209 238
210 287
210 328
210 489
210 565
211 278
212 291
212 305
212 317
212 320
212 326
212 372
212 469
212 478
212 531
212 569
212 526
212 407
213 284
213 319
213 382
213 445
213 548
214 225
214 238
214 362
214 379
214 438
214 488
214 514
214 551
214 572
215 267
215 331
215 349
215 350
215 459
215 482
215 549
216 218
216 245
216 290
216 310
216 327
216 351
216 410
216 516
217 233
217 317
217 403
217 406
217 445
217 448
217 457
217 483
217 532
217 577
217 591
217 498
218 270
218 295
218 299
218 326
218 336
218 530
218 536
218 551
219 226
219 349
219 428
220 319
220 366
220 436
220 575
220 271
221 352
221 386
221 402
221 433
221 446
221 450
221 453
221 467
221 473
221 476
221 500
221 537
221 565
222 251
222 253
222 271
222 286
222 310
222 322
222 341
222 379
222 497
222 506
222 509
222 575
222 584
222 411
222 511
223 259
223 367
223 411
223 427
223 435
223 472
223 486
223 501
223 595
224 236
224 311
224 316
224 348
224 378
224 386
224 403
224 526
224 557
225 244
225 405
225 431
225 444
225 528
225 557
225 559
225 571
226 350
226 357
226 385
226 421
226 456
226 462
226 476
226 523
226 551
226 589
227 265
227 415
227 442
227 545
228 302
228 324
228 343
228 348
228 587
228 599
229 247
229 264
229 270
229 307
229 321
229 337
229 378
229 409
229 455
229 536
229 585
230 340
230 371
230 409
230 432
230 542
231 248
231 315
231 343
231 513
231 580
231 306
231 420
232 331
232 340
232 375
232 410
232 459
232 464
232 477
232 481
232 497
232 523
232 539
233 321
233 395
233 432
233 484
233 500
234 279
234 300
234 365
234 425
234 477
234 492
234 506
234 545
234 564
234 587
234 310
235 263
235 339
235 395
235 470
235 496
235 507
236 274
236 288
236 405
236 461
236 580
237 325
237 337
237 595
238 250
238 289
238 304
238 332
238 384
238 413
238 422
238 576
238 587
238 592
239 291
239 297
239 324
239 337
239 402
239 406
239 421
239 486
239 538
239 581
239 241
240 242
240 246
240 249
240 264
240 268
240 292
240 365
240 368
240 372
240 446
240 529
240 539
240 586
240 595
240 598
241 283
241 380
242 318
242 548
243 432
243 497
243 507
244 249
244 252
244 254
244 270
244 329
244 351
244 382
244 406
244 413
244 449
244 483
244 518
244 594
245 366
245 434
245 565
245 578
245 581
246 397
247 326
247 546
248 289
248 290
248 296
248 403
248 432
248 523
249 282
249 318
249 446
249 528
249 556
249 593
250 284
250 303
250 385
250 499
250 595
250 410
251 276
251 295
251 297
251 306
251 461
251 469
251 499
251 580
252 575
253 323
253 438
253 463
253 554
253 564
254 362
254 489
255 310
255 406
255 425
255 486
255 330
256 396
256 436
256 492
256 552
257 272
257 437
257 535
257 552
258 290
258 418
258 435
258 448
258 504
258 574
258 584
258 597
259 310
259 370
259 477
259 510
259 516
259 521
259 551
260 298
260 378
260 383
260 449
260 464
260 511
260 512
260 538
261 272
261 327
261 452
261 455
261 482
261 510
261 534
262 266
262 268
262 359
262 498
262 505
262 541
262 544
263 288
263 453
263 545
263 579
264 419
264 472
264 483
264 522
264 372
264 429
265 274
265 282
265 302
265 449
265 599
266 273
266 292
266 345
266 524
266 595
266 490
267 343
267 348
267 353
267 396
267 464
267 540
267 313
268 274
268 276
268 471
268 586
269 302
269 312
269 373
269 493
269 520
269 526
269 563
269 573
269 591
270 291
270 303
270 334
270 339
270 393
270 404
270 426
270 430
270 502
270 507
270 535
270 592
270 599
270 578
271 273
271 366
271 458
271 507
271 508
272 358
272 363
273 332
273 391
273 551
273 585
273 593
273 314
273 443
274 309
274 312
274 336
274 371
274 402
274 419
274 503
274 558
274 571
274 289
275 293
275 361
275 372
275 468
275 488
275 491
275 572
275 541
275 312
276 375
276 511
276 541
277 279
277 339
277 401
277 408
277 512
277 327
278 306
278 408
278 450
278 454
279 299
279 322
279 467
279 503
279 572
279 465
279 400
280 303
280 455
280 589
281 306
281 342
281 399
281 537
281 553
282 290
282 337
282 490
282 516
282 570
282 595
283 482
283 518
283 529
283 548
284 392
284 406
284 465
284 596
285 395
285 426
286 426
286 497
286 504
287 293
287 311
287 421
287 519
287 549
287 567
287 595
288 296
288 299
288 317
288 339
288 385
288 465
288 484
288 490
288 570
288 580
289 313
289 352
289 407
289 424
289 472
289 544
289 583
290 312
290 332
290 397
290 436
290 509
290 515
290 527
290 404
291 316
291 356
291 386
291 432
291 445
291 538
291 310
292 308
292 362
292 468
292 478
292 342
293 299
293 300
293 367
293 399
293 463
293 511
293 524
293 557
294 373
294 349
294 493
295 340
295 380
295 393
295 440
295 445
295 453
295 470
295 567
295 569
295 580
296 389
296 417
297 580
298 322
298 428
298 515
298 521
298 538
298 572
298 593
298 595
298 377
299 331
299 367
299 396
299 544
299 581
300 320
300 341
300 351
300 559
300 561
300 575
300 315
301 337
301 373
301 412
302 329
302 381
302 339
303 508
303 527
303 529
303 535
303 579
303 586
303 431
304 477
304 517
304 530
305 343
305 422
305 427
305 456
305 483
305 491
305 494
305 590
306 425
306 492
306 498
306 596
307 321
307 335
307 376
307 416
307 440
307 516
307 341
308 399
308 417
309 341
309 481
309 570
309 436
310 504
310 511
310 539
310 541
310 591
311 334
311 476
311 503
311 557
312 324
312 436
312 493
312 568
313 315
313 341
313 389
313 494
313 547
313 568
314 522
315 343
315 368
315 421
315 490
315 584
316 440
316 508
316 550
317 360
317 384
317 455
317 459
317 570
318 461
319 346
319 357
319 382
319 415
319 436
320 360
320 403
320 472
321 323
321 345
321 349
321 447
321 510
321 404
322 355
322 377
322 429
322 432
322 511
323 352
323 360
323 394
323 481
324 351
324 483
324 502
324 555
325 342
325 347
325 447
325 522
325 525
325 553
325 590
326 387
326 392
326 399
326 437
326 467
327 341
327 364
327 429
327 537
327 557
327 580
327 441
328 374
328 390
328 429
328 480
328 483
328 501
328 555
329 413
329 491
329 496
330 433
330 441
330 533
330 569
330 591
331 334
331 350
331 519
331 566
332 336
332 371
332 557
333 596
334 469
334 566
334 337
335 377
335 437
335 465
335 470
336 423
336 430
336 434
336 450
336 520
337 447
337 462
337 536
337 581
338 541
338 495
339 358
339 368
339 410
339 436
339 467
339 505
339 511
339 562
340 376
340 424
340 431
340 438
340 446
340 458
340 515
340 596
341 382
341 486
341 522
341 372
342 395
342 589
343 410
343 416
343 539
343 550
343 570
344 415
344 429
344 521
344 560
344 558
345 415
345 419
345 508
346 366
347 393
347 538
347 513
347 576
348 391
348 464
349 440
349 460
349 568
350 523
351 358
351 397
351 441
351 484
351 494
351 531
351 454
352 581
352 547
353 357
353 541
353 567
354 383
354 467
354 507
354 515
354 534
354 548
354 550
355 455
355 495
355 520
355 564
355 575
355 586
356 400
356 504
356 561
356 599
357 405
357 418
357 449
357 454
357 587
358 408
358 434
358 480
358 495
359 367
359 396
359 398
359 439
359 500
360 399
360 441
360 472
360 496
361 403
361 479
361 557
361 568
362 381
362 415
362 452
362 484
362 533
362 556
362 431
363 422
363 463
363 469
363 502
363 525
363 572
363 596
364 372
364 469
364 487
364 549
365 373
365 575
366 368
366 421
367 391
368 458
368 496
368 535
368 547
370 404
370 492
371 383
371 386
371 531
371 541
371 592
372 434
372 499
372 584
372 516
373 397
373 475
373 584
373 481
374 478
374 583
375 478
375 521
375 528
375 538
375 548
376 382
376 494
376 519
376 548
377 461
378 424
378 502
378 524
378 533
379 475
380 383
380 514
381 411
381 503
381 590
382 387
382 453
382 456
382 513
382 532
383 452
383 563
384 487
384 537
384 544
385 414
385 451
385 486
385 533
385 539
385 531
386 399
386 405
386 426
386 436
386 479
386 588
386 580
387 431
387 439
388 391
388 450
388 588
388 465
389 423
389 435
389 541
390 392
390 583
390 590
391 487
391 594
392 462
392 489
393 406
393 454
393 493
393 569
394 569
395 475
395 482
395 536
396 403
396 504
396 532
397 405
397 426
397 440
397 514
398 404
398 407
398 435
398 540
399 467
400 492
401 590
403 510
404 461
405 422
405 470
405 513
405 533
405 564
407 443
407 474
407 554
408 412
408 414
408 460
408 555
409 446
409 468
409 496
411 519
412 534
412 592
412 438
413 454
413 455
413 587
414 451
414 564
414 593
415 427
416 476
416 517
416 549
416 553
416 592
419 561
420 423
420 451
420 476
420 533
421 453
421 462
422 425
422 500
423 513
424 488
425 461
425 462
425 546
425 559
425 564
425 598
426 433
426 474
426 517
426 562
426 592
427 457
427 521
427 548
428 466
428 497
430 435
430 485
430 556
430 568
431 466
432 459
433 481
433 509
433 502
435 443
435 592
436 543
436 588
438 455
439 465
440 476
440 485
440 550
440 482
441 535
442 468
442 527
443 459
443 545
444 557
444 587
445 495
445 537
445 565
445 574
446 479
446 508
446 516
447 507
448 468
448 485
448 501
448 513
448 579
450 452
450 465
450 504
450 515
450 527
451 475
453 462
453 463
453 488
453 518
453 586
454 489
454 578
455 513
456 487
456 557
457 490
457 576
457 560
458 498
458 555
458 591
459 493
459 517
459 520
459 563
460 462
460 532
460 571
462 551
462 558
463 490
463 574
465 484
465 582
466 471
467 478
467 500
467 545
467 582
468 477
468 536
470 478
471 498
472 527
473 532
474 503
474 562
475 507
475 570
476 502
476 596
478 482
479 514
481 517
482 519
482 572
482 585
483 594
484 590
490 533
491 529
491 566
492 558
493 495
494 581
495 558
496 548
497 567
497 594
498 521
498 526
498 529
501 506
502 519
502 563
503 516
503 560
503 562
505 577
506 517
506 577
507 510
507 540
507 550
508 546
508 577
508 585
510 522
510 579
511 537
515 574
517 574
518 592
520 574
521 573
522 541
522 560
522 530
524 529
524 573
524 576
524 541
526 559
530 560
535 536
541 579
544 585
547 562
547 563
553 574
556 558
561 564
562 582
566 571
568 597
572 594
574 583
575 578
577 582
580 598
581 587
582 583