595810508
1
600
599
0 1
0 4
0 8
0 10
0 11
0 18
0 21
0 28
0 36
0 40
0 43
0 47
0 49
0 59
0 74
0 78
0 86
0 135
0 144
0 171
0 190
0 219
0 258
0 284
0 313
0 323
0 325
0 353
0 457
0 532
1 2
1 3
1 15
1 55
1 71
1 107
1 115
1 204
1 257
1 270
1 345
1 395
1 459
1 527
1 576
2 30
2 118
2 501
3 5
3 6
3 7
3 13
3 20
3 25
3 29
3 42
3 48
3 50
3 66
3 79
3 82
3 113
3 131
3 148
3 153
3 155
3 159
3 167
3 170
3 176
3 182
3 183
3 260
3 263
3 264
3 279
3 300
3 366
3 377
3 392
3 416
3 523
3 567
3 569
3 571
4 41
4 116
4 160
4 280
4 319
4 506
5 9
5 14
5 22
5 70
5 89
5 93
5 101
5 104
5 196
5 198
5 199
5 210
5 233
5 239
5 254
5 269
5 350
5 430
5 439
5 461
5 467
5 497
6 34
6 53
6 97
6 98
6 147
6 220
6 286
6 291
6 314
6 371
6 599
7 16
7 51
7 76
7 105
7 179
7 200
7 216
7 252
7 290
7 298
7 315
7 412
7 574
7 582
8 12
8 228
8 268
9 27
9 173
9 229
9 456
10 39
10 64
10 84
10 140
10 389
13 26
13 38
13 45
13 109
13 195
13 322
13 470
13 543
14 17
14 318
14 339
14 385
14 464
14 499
14 511
14 566
15 58
15 85
15 133
15 136
15 161
15 184
15 206
15 218
15 261
15 302
15 342
15 347
15 381
16 19
16 32
16 33
16 46
16 61
16 65
16 67
16 123
16 164
16 202
16 255
16 265
16 316
16 515
16 573
17 24
18 429
19 203
19 348
19 378
19 597
21 57
21 111
21 415
22 23
22 35
22 100
22 122
22 214
22 294
22 331
22 340
22 386
22 451
22 476
22 505
22 526
22 529
24 52
24 307
24 434
25 31
25 129
26 180
26 236
26 301
26 450
26 579
26 596
28 583
29 251
30 37
30 56
30 157
30 189
30 393
30 473
30 533
31 409
32 108
32 125
32 299
32 309
32 428
32 548
32 584
33 60
33 73
33 106
33 137
33 472
34 150
35 88
35 142
35 247
36 271
36 304
36 403
37 44
37 169
37 364
37 433
37 480
38 87
38 138
38 379
38 452
38 485
38 557
39 83
39 145
39 191
39 448
39 517
39 572
40 69
40 174
40 194
40 211
40 232
40 249
40 296
42 512
43 54
43 151
43 165
43 225
43 242
43 293
43 295
43 320
43 479
44 130
45 77
45 250
45 590
46 537
48 496
49 63
49 72
51 68
51 75
51 213
51 388
51 419
51 552
52 449
53 95
53 208
53 354
53 478
53 524
54 217
55 333
55 474
56 80
56 81
56 90
56 166
56 281
56 404
57 62
57 91
57 128
57 266
57 303
57 306
57 312
57 380
59 158
59 440
61 127
61 436
62 586
62 589
63 317
65 120
65 146
65 178
65 253
69 110
69 518
70 92
70 278
71 156
72 102
72 162
72 186
72 418
72 445
72 542
74 117
74 285
74 356
74 359
74 405
77 96
77 205
78 99
79 114
79 463
80 201
80 376
80 486
82 94
82 406
82 507
82 565
83 494
85 177
85 197
85 212
85 327
85 334
89 305
90 119
92 134
92 152
92 332
92 336
92 365
92 391
93 103
93 112
95 401
98 121
98 425
98 471
99 335
99 349
100 475
101 362
102 181
102 288
103 504
105 328
105 441
106 226
109 149
109 369
109 394
111 141
111 222
111 352
112 132
112 330
112 358
112 426
113 126
113 143
113 244
113 534
116 139
116 238
118 230
120 490
121 154
122 431
123 124
126 519
128 209
128 346
129 193
129 540
129 558
131 593
132 234
132 477
133 188
135 283
136 163
136 172
137 341
138 227
138 539
138 577
138 587
141 324
143 187
144 482
145 287
145 420
148 417
148 446
149 231
149 443
149 460
149 468
149 541
149 550
152 168
152 466
152 521
157 272
157 407
157 410
157 509
158 185
158 454
160 175
164 559
165 192
168 368
168 438
168 535
169 223
169 237
169 422
170 207
170 235
170 243
170 248
170 282
170 357
170 360
170 502
172 292
174 224
174 245
176 531
177 275
177 361
177 402
177 413
178 274
178 398
178 465
179 277
184 267
186 525
186 546
187 411
188 384
188 503
191 329
191 447
192 262
192 396
192 484
196 240
197 241
197 514
199 326
199 424
203 374
204 414
205 427
206 453
209 487
211 289
212 215
213 221
214 256
216 585
221 522
222 308
225 276
227 399
228 246
233 570
242 259
243 510
247 343
247 408
247 495
249 310
251 337
253 351
253 578
256 311
256 363
256 423
260 344
260 500
261 551
261 598
264 372
265 458
266 382
269 273
276 355
281 297
289 547
292 421
294 554
297 553
301 383
303 338
304 321
304 437
304 462
306 375
309 442
311 545
313 397
315 516
323 492
324 367
328 520
328 592
330 387
337 513
343 491
343 580
343 591
343 594
344 400
350 469
350 483
351 370
356 390
356 444
358 538
365 432
370 373
373 481
377 595
380 455
380 544
385 435
394 549
395 488
396 560
433 556
446 489
450 528
452 555
453 568
464 536
465 498
472 563
480 493
505 561
506 508
509 575
514 530
533 562
541 581
553 564
575 588