100854299
16
600
9848
0 16
0 17
0 18
0 19
0 20
0 21
0 23
0 24
0 25
0 26
0 27
0 28
0 29
0 31
0 32
0 33
0 36
0 37
0 38
0 41
0 42
0 45
0 46
0 50
0 56
0 57
0 58
0 67
0 69
0 73
0 79
0 80
0 81
0 82
0 83
0 85
0 90
0 95
0 98
0 103
0 104
0 111
0 112
0 117
0 121
0 124
0 129
0 135
0 136
0 148
0 168
0 174
0 175
0 177
0 181
0 184
0 187
0 188
0 195
0 196
0 198
0 210
0 211
0 221
0 233
0 238
0 240
0 244
0 263
0 266
0 271
0 277
0 279
0 310
0 318
0 324
0 341
0 356
0 380
0 384
0 398
0 427
0 490
0 514
0 520
0 535
0 537
0 541
0 546
0 566
0 591
0 595
0 375
0 259
1 16
1 17
1 18
1 19
1 20
1 21
1 22
1 23
1 24
1 25
1 26
1 27
1 29
1 30
1 35
1 36
1 42
1 43
1 45
1 46
1 50
1 51
1 53
1 55
1 56
1 57
1 58
1 59
1 60
1 61
1 63
1 64
1 65
1 66
1 69
1 70
1 72
1 74
1 75
1 77
1 78
1 84
1 86
1 94
1 99
1 101
1 102
1 114
1 125
1 133
1 137
1 140
1 141
1 144
1 150
1 154
1 160
1 174
1 175
1 179
1 182
1 185
1 186
1 192
1 195
1 199
1 203
1 208
1 218
1 221
1 223
1 229
1 237
1 238
1 243
1 257
1 264
1 278
1 300
1 334
1 345
1 355
1 356
1 364
1 365
1 372
1 373
1 374
1 384
1 386
1 388
1 389
1 396
1 401
1 407
1 408
1 409
1 420
1 421
1 423
1 425
1 437
1 459
1 484
1 492
1 501
1 507
1 540
1 551
1 554
1 556
1 567
1 571
1 591
1 367
1 496
2 16
2 17
2 18
2 20
2 21
2 23
2 24
2 26
2 28
2 33
2 34
2 36
2 38
2 41
2 46
2 50
2 54
2 59
2 65
2 73
2 74
2 77
2 78
2 81
2 89
2 98
2 101
2 122
2 130
2 139
2 148
2 153
2 155
2 160
2 161
2 167
2 170
2 174
2 179
2 208
2 209
2 218
2 220
2 222
2 249
2 262
2 265
2 272
2 281
2 282
2 298
2 326
2 336
2 344
2 359
2 361
2 382
2 403
2 422
2 431
2 448
2 451
2 468
2 471
2 486
2 533
2 540
2 544
2 546
2 549
2 565
2 572
2 573
2 166
2 117
2 364
2 369
3 16
3 17
3 18
3 19
3 20
3 22
3 23
3 24
3 26
3 28
3 30
3 31
3 33
3 35
3 36
3 39
3 40
3 42
3 43
3 44
3 49
3 53
3 54
3 57
3 59
3 62
3 65
3 75
3 81
3 82
3 86
3 88
3 90
3 96
3 103
3 110
3 112
3 115
3 117
3 122
3 123
3 125
3 136
3 138
3 151
3 153
3 160
3 163
3 166
3 169
3 177
3 188
3 192
3 197
3 202
3 210
3 213
3 218
3 221
3 224
3 230
3 240
3 244
3 249
3 256
3 257
3 274
3 278
3 281
3 284
3 290
3 301
3 317
3 327
3 329
3 358
3 362
3 367
3 370
3 388
3 391
3 418
3 419
3 440
3 441
3 451
3 454
3 456
3 474
3 477
3 497
3 509
3 513
3 519
3 520
3 523
3 542
3 550
3 552
3 555
3 556
3 560
3 567
3 586
3 593
3 598
3 348
3 150
3 225
3 298
3 462
3 592
3 595
4 16
4 17
4 18
4 19
4 20
4 22
4 23
4 30
4 32
4 34
4 37
4 41
4 42
4 46
4 47
4 58
4 59
4 65
4 66
4 87
4 97
4 102
4 109
4 115
4 120
4 127
4 139
4 144
4 154
4 164
4 169
4 173
4 205
4 207
4 211
4 215
4 222
4 274
4 284
4 285
4 288
4 300
4 305
4 324
4 325
4 327
4 328
4 360
4 394
4 411
4 416
4 445
4 459
4 479
4 506
4 520
4 521
4 522
4 534
4 536
4 544
4 454
4 77
5 16
5 17
5 18
5 20
5 21
5 22
5 23
5 25
5 26
5 27
5 28
5 29
5 30
5 32
5 35
5 36
5 37
5 38
5 39
5 40
5 41
5 42
5 48
5 49
5 51
5 52
5 55
5 57
5 59
5 61
5 62
5 63
5 64
5 69
5 74
5 85
5 90
5 92
5 97
5 103
5 116
5 117
5 121
5 123
5 124
5 135
5 138
5 145
5 150
5 160
5 175
5 178
5 198
5 206
5 215
5 224
5 226
5 232
5 237
5 241
5 252
5 272
5 277
5 296
5 297
5 311
5 325
5 326
5 329
5 340
5 350
5 351
5 361
5 362
5 365
5 371
5 388
5 410
5 421
5 426
5 430
5 441
5 446
5 463
5 465
5 468
5 481
5 487
5 491
5 526
5 530
5 539
5 544
5 551
5 557
5 593
5 598
5 599
5 11
5 78
5 368
6 16
6 17
6 18
6 19
6 23
6 25
6 28
6 47
6 49
6 51
6 60
6 71
6 74
6 90
6 98
6 126
6 132
6 135
6 136
6 152
6 156
6 167
6 199
6 206
6 218
6 219
6 221
6 306
6 399
6 456
6 467
6 474
6 491
6 494
6 581
6 588
7 16
7 17
7 18
7 19
7 21
7 22
7 24
7 25
7 28
7 40
7 43
7 48
7 58
7 67
7 128
7 166
7 198
7 211
7 267
7 293
7 302
7 334
7 399
7 424
7 560
7 597
7 47
7 64
7 527
8 16
8 17
8 19
8 20
8 24
8 38
8 42
8 47
8 55
8 101
8 122
8 141
8 159
8 188
8 196
8 205
8 208
8 287
8 291
8 295
8 330
8 368
8 412
8 446
8 450
8 463
8 482
8 492
8 551
8 276
9 16
9 17
9 18
9 22
9 26
9 27
9 28
9 29
9 32
9 34
9 36
9 37
9 38
9 43
9 46
9 49
9 71
9 74
9 82
9 104
9 114
9 116
9 130
9 137
9 157
9 173
9 178
9 179
9 192
9 208
9 213
9 222
9 231
9 235
9 252
9 291
9 324
9 331
9 368
9 371
9 381
9 405
9 421
9 425
9 433
9 499
9 512
9 555
9 573
9 585
9 42
10 16
10 17
10 18
10 19
10 21
10 22
10 23
10 27
10 34
10 41
10 45
10 47
10 48
10 54
10 57
10 61
10 68
10 69
10 72
10 73
10 79
10 81
10 86
10 92
10 93
10 111
10 113
10 150
10 166
10 183
10 196
10 198
10 203
10 206
10 213
10 217
10 232
10 243
10 256
10 278
10 280
10 283
10 285
10 306
10 308
10 317
10 335
10 403
10 420
10 499
10 501
10 521
10 531
10 534
10 547
10 549
10 576
10 579
10 585
10 46
10 567
11 16
11 18
11 19
11 20
11 21
11 22
11 27
11 29
11 31
11 34
11 38
11 39
11 47
11 50
11 56
11 60
11 67
11 70
11 73
11 84
11 87
11 91
11 100
11 105
11 111
11 113
11 114
11 118
11 153
11 159
11 162
11 181
11 187
11 195
11 204
11 224
11 225
11 231
11 240
11 241
11 248
11 264
11 316
11 327
11 332
11 339
11 345
11 346
11 365
11 369
11 423
11 450
11 455
11 483
11 505
11 510
11 513
11 524
11 532
11 545
11 554
11 559
11 562
11 570
11 583
12 16
12 17
12 18
12 19
12 20
12 21
12 23
12 29
12 37
12 40
12 41
12 43
12 46
12 50
12 52
12 53
12 55
12 73
12 83
12 90
12 92
12 93
12 100
12 104
12 105
12 123
12 127
12 132
12 133
12 148
12 166
12 203
12 204
12 214
12 215
12 219
12 228
12 237
12 238
12 243
12 262
12 280
12 300
12 303
12 309
12 313
12 334
12 346
12 375
12 380
12 385
12 410
12 427
12 467
12 477
12 532
12 566
12 569
12 596
12 154
12 340
13 16
13 17
13 19
13 20
13 21
13 24
13 32
13 33
13 35
13 56
13 58
13 59
13 89
13 102
13 111
13 117
13 120
13 126
13 158
13 182
13 190
13 191
13 196
13 218
13 219
13 221
13 226
13 236
13 237
13 246
13 270
13 297
13 322
13 354
13 392
13 397
13 403
13 407
13 409
13 424
13 438
13 472
13 502
13 517
13 552
13 555
13 557
13 558
13 567
13 127
13 81
13 326
14 16
14 17
14 18
14 19
14 20
14 21
14 22
14 24
14 25
14 28
14 30
14 32
14 33
14 34
14 37
14 40
14 44
14 47
14 48
14 52
14 63
14 67
14 72
14 73
14 75
14 90
14 92
14 119
14 127
14 129
14 134
14 144
14 145
14 146
14 162
14 183
14 194
14 197
14 198
14 199
14 212
14 232
14 253
14 256
14 266
14 275
14 280
14 292
14 293
14 333
14 374
14 386
14 393
14 444
14 447
14 463
14 472
14 486
14 497
14 536
14 553
14 562
14 588
14 593
14 211
15 16
15 17
15 18
15 19
15 20
15 21
15 22
15 23
15 24
15 25
15 26
15 28
15 29
15 30
15 32
15 33
15 36
15 39
15 40
15 42
15 44
15 48
15 53
15 55
15 57
15 58
15 60
15 70
15 72
15 74
15 76
15 78
15 88
15 100
15 109
15 112
15 113
15 114
15 115
15 119
15 121
15 129
15 134
15 137
15 144
15 149
15 153
15 157
15 167
15 168
15 172
15 174
15 181
15 191
15 193
15 202
15 221
15 223
15 245
15 253
15 254
15 259
15 263
15 271
15 276
15 282
15 285
15 297
15 298
15 313
15 325
15 328
15 336
15 341
15 342
15 345
15 348
15 357
15 364
15 375
15 384
15 405
15 421
15 434
15 437
15 445
15 446
15 449
15 467
15 472
15 478
15 479
15 486
15 498
15 510
15 528
15 546
15 550
15 560
15 580
15 594
15 475
16 17
16 18
16 19
16 20
16 21
16 22
16 23
16 24
16 25
16 26
16 27
16 28
16 30
16 31
16 32
16 33
16 35
16 36
16 38
16 39
16 40
16 42
16 44
16 45
16 46
16 47
16 53
16 58
16 60
16 63
16 65
16 70
16 74
16 75
16 76
16 77
16 80
16 83
16 84
16 89
16 93
16 102
16 104
16 108
16 110
16 111
16 118
16 124
16 129
16 133
16 135
16 143
16 146
16 149
16 153
16 154
16 160
16 161
16 162
16 166
16 168
16 170
16 178
16 180
16 200
16 203
16 204
16 205
16 212
16 222
16 229
16 230
16 231
16 233
16 241
16 242
16 256
16 266
16 268
16 273
16 279
16 288
16 294
16 314
16 318
16 329
16 339
16 354
16 365
16 366
16 382
16 402
16 407
16 410
16 414
16 426
16 458
16 459
16 474
16 485
16 491
16 494
16 501
16 519
16 526
16 528
16 529
16 536
16 537
16 538
16 539
16 540
16 547
16 550
16 555
16 557
16 562
16 565
16 583
16 595
16 472
16 106
16 148
16 488
17 18
17 19
17 20
17 21
17 22
17 23
17 24
17 25
17 26
17 27
17 28
17 29
17 30
17 31
17 32
17 34
17 35
17 36
17 38
17 39
17 41
17 43
17 44
17 45
17 46
17 48
17 49
17 50
17 51
17 53
17 55
17 59
17 60
17 62
17 64
17 67
17 68
17 69
17 70
17 76
17 78
17 79
17 83
17 85
17 88
17 92
17 93
17 100
17 103
17 108
17 110
17 117
17 119
17 122
17 124
17 125
17 137
17 138
17 140
17 141
17 149
17 156
17 157
17 160
17 169
17 173
17 176
17 188
17 189
17 191
17 194
17 199
17 206
17 211
17 223
17 235
17 246
17 255
17 256
17 258
17 264
17 269
17 273
17 276
17 279
17 281
17 283
17 284
17 286
17 288
17 291
17 308
17 309
17 310
17 313
17 314
17 323
17 331
17 335
17 336
17 337
17 338
17 344
17 348
17 358
17 363
17 369
17 386
17 391
17 401
17 405
17 406
17 408
17 415
17 419
17 421
17 439
17 441
17 445
17 461
17 466
17 470
17 473
17 480
17 487
17 518
17 521
17 532
17 535
17 537
17 541
17 543
17 547
17 555
17 572
17 599
17 201
17 224
17 430
17 568
18 19
18 20
18 21
18 22
18 23
18 24
18 25
18 26
18 27
18 28
18 29
18 30
18 31
18 32
18 33
18 34
18 37
18 38
18 39
18 40
18 42
18 44
18 48
18 50
18 52
18 54
18 56
18 57
18 68
18 69
18 77
18 81
18 82
18 85
18 90
18 109
18 114
18 120
18 124
18 127
18 128
18 133
18 138
18 139
18 142
18 171
18 172
18 173
18 177
18 178
18 180
18 182
18 184
18 185
18 186
18 187
18 197
18 198
18 199
18 200
18 204
18 209
18 210
18 215
18 235
18 238
18 240
18 244
18 246
18 251
18 274
18 277
18 285
18 289
18 292
18 293
18 297
18 304
18 307
18 309
18 315
18 329
18 331
18 344
18 349
18 358
18 359
18 364
18 369
18 379
18 381
18 394
18 396
18 400
18 401
18 403
18 418
18 424
18 461
18 466
18 469
18 479
18 481
18 484
18 485
18 496
18 515
18 516
18 517
18 526
18 535
18 556
18 560
18 568
18 571
18 574
18 592
18 597
18 49
18 146
19 20
19 21
19 22
19 23
19 24
19 25
19 26
19 27
19 28
19 29
19 30
19 31
19 32
19 33
19 35
19 37
19 38
19 39
19 43
19 45
19 46
19 48
19 52
19 53
19 54
19 55
19 56
19 57
19 58
19 60
19 63
19 64
19 66
19 67
19 68
19 69
19 71
19 72
19 74
19 76
19 77
19 78
19 85
19 88
19 92
19 93
19 94
19 96
19 101
19 102
19 103
19 106
19 109
19 111
19 113
19 114
19 119
19 121
19 133
19 135
19 142
19 143
19 147
19 153
19 154
19 155
19 157
19 158
19 159
19 161
19 162
19 164
19 166
19 170
19 171
19 173
19 178
19 180
19 184
19 194
19 197
19 198
19 208
19 214
19 227
19 229
19 234
19 241
19 248
19 250
19 252
19 255
19 267
19 268
19 276
19 283
19 288
19 302
19 303
19 305
19 307
19 308
19 310
19 311
19 316
19 320
19 324
19 325
19 326
19 340
19 348
19 350
19 355
19 357
19 365
19 373
19 396
19 397
19 404
19 413
19 414
19 419
19 433
19 436
19 447
19 450
19 460
19 463
19 465
19 467
19 472
19 473
19 481
19 482
19 491
19 496
19 500
19 511
19 520
19 521
19 533
19 542
19 572
19 584
19 168
19 290
19 516
19 539
20 21
20 22
20 23
20 24
20 25
20 26
20 27
20 29
20 31
20 32
20 33
20 34
20 35
20 36
20 38
20 39
20 43
20 44
20 45
20 47
20 50
20 51
20 53
20 55
20 56
20 59
20 60
20 61
20 62
20 63
20 66
20 67
20 69
20 70
20 72
20 74
20 78
20 79
20 84
20 86
20 88
20 91
20 95
20 100
20 109
20 110
20 115
20 116
20 117
20 118
20 120
20 128
20 129
20 132
20 135
20 136
20 140
20 143
20 145
20 146
20 148
20 150
20 156
20 157
20 170
20 174
20 175
20 180
20 181
20 184
20 188
20 190
20 199
20 201
20 205
20 215
20 224
20 226
20 233
20 239
20 245
20 250
20 251
20 257
20 260
20 262
20 264
20 270
20 278
20 280
20 292
20 297
20 298
20 299
20 305
20 308
20 311
20 316
20 326
20 336
20 352
20 354
20 357
20 361
20 367
20 401
20 411
20 412
20 414
20 427
20 437
20 446
20 451
20 453
20 457
20 461
20 470
20 490
20 493
20 495
20 504
20 507
20 510
20 535
20 537
20 551
20 556
20 567
20 576
20 578
20 587
20 595
20 534
20 134
20 248
20 428
20 498
21 22
21 24
21 25
21 26
21 27
21 29
21 31
21 33
21 34
21 37
21 43
21 44
21 48
21 49
21 50
21 55
21 61
21 64
21 70
21 71
21 72
21 78
21 80
21 81
21 90
21 91
21 96
21 100
21 101
21 104
21 112
21 123
21 124
21 126
21 129
21 132
21 138
21 144
21 150
21 151
21 154
21 165
21 176
21 181
21 192
21 199
21 203
21 209
21 212
21 223
21 225
21 230
21 239
21 241
21 247
21 249
21 250
21 264
21 287
21 288
21 293
21 310
21 328
21 339
21 359
21 361
21 368
21 369
21 391
21 394
21 398
21 400
21 404
21 442
21 447
21 451
21 452
21 463
21 470
21 475
21 488
21 492
21 495
21 496
21 503
21 505
21 509
21 519
21 524
21 534
21 537
21 546
21 581
21 597
21 327
21 140
21 228
21 370
22 23
22 24
22 25
22 26
22 27
22 28
22 29
22 31
22 32
22 33
22 34
22 35
22 37
22 38
22 39
22 40
22 41
22 42
22 45
22 46
22 50
22 52
22 54
22 55
22 56
22 68
22 73
22 74
22 83
22 86
22 89
22 98
22 102
22 105
22 118
22 123
22 126
22 131
22 135
22 138
22 144
22 145
22 153
22 161
22 166
22 171
22 172
22 176
22 180
22 200
22 202
22 206
22 210
22 220
22 223
22 226
22 228
22 245
22 251
22 259
22 260
22 266
22 284
22 292
22 294
22 307
22 311
22 323
22 337
22 355
22 372
22 373
22 401
22 403
22 411
22 435
22 439
22 447
22 448
22 449
22 459
22 471
22 475
22 493
22 502
22 512
22 522
22 561
22 567
22 573
22 583
22 585
22 591
22 93
22 87
22 325
23 25
23 26
23 27
23 28
23 30
23 31
23 32
23 34
23 37
23 39
23 40
23 41
23 43
23 45
23 49
23 52
23 53
23 63
23 65
23 66
23 67
23 68
23 69
23 70
23 71
23 82
23 83
23 88
23 91
23 93
23 94
23 96
23 104
23 108
23 110
23 112
23 114
23 120
23 122
23 124
23 127
23 131
23 137
23 144
23 145
23 157
23 160
23 162
23 167
23 168
23 185
23 216
23 217
23 220
23 226
23 230
23 232
23 234
23 240
23 243
23 246
23 251
23 255
23 261
23 265
23 266
23 267
23 273
23 274
23 281
23 288
23 292
23 298
23 312
23 318
23 320
23 323
23 340
23 342
23 356
23 364
23 394
23 395
23 399
23 402
23 405
23 409
23 417
23 426
23 428
23 429
23 437
23 449
23 450
23 452
23 469
23 482
23 483
23 489
23 492
23 504
23 506
23 509
23 518
23 527
23 532
23 535
23 542
23 549
23 554
23 561
23 594
23 123
23 128
23 161
23 210
23 586
24 25
24 26
24 27
24 28
24 29
24 30
24 31
24 33
24 35
24 36
24 37
24 42
24 44
24 45
24 46
24 47
24 48
24 57
24 60
24 61
24 68
24 73
24 75
24 80
24 83
24 85
24 86
24 88
24 89
24 94
24 95
24 98
24 104
24 107
24 108
24 109
24 110
24 113
24 116
24 119
24 132
24 139
24 147
24 149
24 159
24 160
24 163
24 174
24 188
24 193
24 198
24 203
24 208
24 214
24 219
24 228
24 231
24 236
24 239
24 241
24 242
24 254
24 258
24 284
24 290
24 299
24 300
24 303
24 308
24 309
24 314
24 321
24 323
24 325
24 344
24 347
24 365
24 370
24 378
24 385
24 390
24 394
24 399
24 406
24 410
24 411
24 423
24 425
24 428
24 430
24 435
24 452
24 492
24 494
24 496
24 513
24 514
24 520
24 525
24 528
24 539
24 544
24 585
24 235
24 599
25 29
25 30
25 31
25 35
25 36
25 37
25 41
25 42
25 44
25 45
25 48
25 49
25 50
25 51
25 56
25 57
25 59
25 64
25 65
25 67
25 69
25 71
25 76
25 77
25 78
25 79
25 84
25 87
25 93
25 95
25 96
25 97
25 98
25 99
25 104
25 105
25 107
25 108
25 112
25 113
25 115
25 116
25 119
25 121
25 125
25 130
25 132
25 136
25 141
25 142
25 145
25 147
25 151
25 156
25 157
25 161
25 164
25 166
25 170
25 177
25 184
25 193
25 197
25 202
25 203
25 206
25 212
25 214
25 224
25 234
25 235
25 246
25 249
25 250
25 255
25 257
25 258
25 269
25 273
25 276
25 279
25 282
25 284
25 290
25 294
25 295
25 299
25 301
25 312
25 313
25 314
25 318
25 320
25 321
25 322
25 337
25 340
25 345
25 355
25 373
25 376
25 385
25 389
25 395
25 404
25 410
25 418
25 425
25 438
25 446
25 450
25 460
25 468
25 469
25 480
25 481
25 483
25 488
25 493
25 504
25 508
25 511
25 528
25 557
25 559
25 560
25 569
25 571
25 573
25 589
25 595
25 94
25 349
25 357
25 471
26 27
26 29
26 30
26 31
26 33
26 35
26 37
26 38
26 39
26 40
26 41
26 44
26 47
26 51
26 54
26 55
26 57
26 60
26 61
26 62
26 67
26 68
26 69
26 71
26 78
26 79
26 82
26 85
26 87
26 92
26 93
26 101
26 119
26 121
26 123
26 127
26 128
26 129
26 130
26 131
26 135
26 136
26 142
26 145
26 146
26 155
26 156
26 171
26 172
26 174
26 178
26 181
26 183
26 189
26 193
26 195
26 197
26 199
26 200
26 201
26 206
26 210
26 215
26 220
26 226
26 232
26 242
26 245
26 246
26 250
26 257
26 262
26 271
26 272
26 278
26 279
26 280
26 285
26 287
26 292
26 301
26 302
26 307
26 308
26 316
26 323
26 325
26 331
26 346
26 351
26 355
26 359
26 360
26 362
26 367
26 382
26 385
26 389
26 403
26 409
26 413
26 415
26 417
26 419
26 422
26 423
26 428
26 430
26 431
26 440
26 463
26 469
26 470
26 483
26 485
26 489
26 493
26 496
26 502
26 530
26 531
26 532
26 568
26 576
26 580
26 585
26 139
26 173
26 263
26 383
26 387
27 30
27 36
27 38
27 43
27 45
27 47
27 51
27 58
27 59
27 62
27 66
27 68
27 69
27 70
27 72
27 73
27 76
27 83
27 91
27 96
27 97
27 104
27 114
27 116
27 125
27 137
27 139
27 140
27 143
27 164
27 171
27 190
27 217
27 228
27 248
27 252
27 258
27 270
27 291
27 316
27 347
27 382
27 407
27 424
27 481
27 497
27 498
27 510
27 533
27 542
27 550
27 593
27 257
28 31
28 34
28 48
28 51
28 56
28 62
28 64
28 65
28 74
28 77
28 82
28 87
28 88
28 92
28 94
28 99
28 100
28 102
28 107
28 123
28 126
28 128
28 133
28 135
28 139
28 145
28 167
28 180
28 200
28 204
28 208
28 210
28 211
28 212
28 214
28 216
28 217
28 220
28 232
28 244
28 247
28 253
28 257
28 266
28 267
28 269
28 279
28 295
28 297
28 301
28 311
28 328
28 349
28 367
28 371
28 387
28 391
28 395
28 400
28 401
28 402
28 418
28 425
28 428
28 432
28 442
28 456
28 470
28 479
28 488
28 490
28 500
28 509
28 539
28 547
28 550
28 567
28 193
28 53
29 30
29 31
29 32
29 34
29 35
29 37
29 39
29 41
29 42
29 43
29 44
29 45
29 46
29 47
29 51
29 53
29 54
29 55
29 56
29 57
29 63
29 64
29 65
29 75
29 83
29 86
29 87
29 99
29 103
29 114
29 117
29 122
29 127
29 131
29 136
29 141
29 158
29 162
29 172
29 179
29 180
29 191
29 194
29 199
29 202
29 213
29 215
29 231
29 237
29 250
29 252
29 253
29 257
29 265
29 266
29 271
29 281
29 286
29 289
29 295
29 300
29 310
29 311
29 315
29 323
29 330
29 336
29 340
29 342
29 371
29 373
29 379
29 381
29 383
29 386
29 391
29 398
29 406
29 413
29 416
29 420
29 426
29 434
29 435
29 438
29 446
29 454
29 465
29 473
29 480
29 492
29 493
29 499
29 503
29 507
29 533
29 535
29 544
29 545
29 550
29 554
29 575
29 590
29 186
29 201
29 301
30 33
30 35
30 38
30 41
30 42
30 48
30 49
30 52
30 53
30 54
30 56
30 58
30 59
30 60
30 65
30 68
30 69
30 71
30 72
30 74
30 75
30 79
30 80
30 84
30 85
30 89
30 95
30 99
30 103
30 108
30 109
30 116
30 131
30 145
30 150
30 152
30 160
30 192
30 215
30 216
30 235
30 238
30 240
30 251
30 264
30 268
30 272
30 283
30 287
30 306
30 307
30 353
30 355
30 364
30 405
30 409
30 415
30 416
30 421
30 432
30 441
30 443
30 445
30 472
30 473
30 524
30 533
30 541
30 548
30 563
30 576
30 579
30 589
30 599
30 450
30 250
30 266
30 397
31 32
31 33
31 34
31 35
31 40
31 41
31 45
31 49
31 51
31 52
31 53
31 54
31 61
31 66
31 70
31 80
31 90
31 99
31 110
31 115
31 121
31 126
31 137
31 140
31 146
31 157
31 168
31 172
31 173
31 177
31 179
31 188
31 189
31 204
31 210
31 218
31 227
31 232
31 245
31 251
31 260
31 270
31 277
31 324
31 334
31 344
31 355
31 357
31 378
31 385
31 392
31 395
31 396
31 421
31 422
31 437
31 456
31 464
31 468
31 473
31 476
31 485
31 495
31 498
31 501
31 503
31 520
31 531
31 535
31 564
31 587
31 550
32 36
32 37
32 41
32 42
32 49
32 50
32 55
32 60
32 64
32 66
32 69
32 79
32 81
32 86
32 91
32 92
32 97
32 106
32 107
32 111
32 113
32 115
32 116
32 117
32 118
32 123
32 133
32 140
32 153
32 154
32 158
32 163
32 168
32 171
32 174
32 185
32 191
32 193
32 197
32 207
32 244
32 320
32 333
32 337
32 343
32 351
32 360
32 362
32 381
32 402
32 414
32 415
32 419
32 437
32 440
32 448
32 478
32 481
32 482
32 489
32 490
32 517
32 571
32 546
32 372
33 34
33 35
33 36
33 39
33 40
33 44
33 46
33 47
33 48
33 50
33 52
33 53
33 54
33 55
33 62
33 63
33 68
33 74
33 77
33 79
33 81
33 91
33 92
33 96
33 99
33 101
33 102
33 104
33 107
33 113
33 118
33 121
33 128
33 141
33 142
33 144
33 145
33 151
33 152
33 172
33 185
33 201
33 208
33 217
33 225
33 231
33 246
33 253
33 256
33 264
33 265
33 271
33 299
33 310
33 315
33 321
33 329
33 334
33 342
33 349
33 350
33 351
33 358
33 359
33 363
33 373
33 392
33 393
33 404
33 410
33 413
33 422
33 431
33 435
33 441
33 454
33 462
33 466
33 473
33 504
33 512
33 517
33 531
33 538
33 560
33 567
33 202
33 469
33 519
33 536
33 564
34 36
34 38
34 43
34 44
34 60
34 81
34 89
34 103
34 130
34 143
34 172
34 185
34 190
34 204
34 220
34 243
34 244
34 263
34 278
34 287
34 290
34 343
34 358
34 370
34 401
34 462
34 476
34 492
34 509
34 590
34 598
34 100
35 39
35 40
35 43
35 45
35 48
35 52
35 56
35 58
35 59
35 62
35 63
35 64
35 67
35 70
35 78
35 82
35 84
35 85
35 86
35 88
35 93
35 99
35 104
35 112
35 126
35 134
35 138
35 139
35 140
35 151
35 152
35 156
35 158
35 162
35 175
35 188
35 212
35 217
35 221
35 222
35 227
35 235
35 236
35 237
35 246
35 260
35 265
35 284
35 292
35 293
35 294
35 303
35 338
35 345
35 351
35 358
35 359
35 363
35 384
35 386
35 389
35 402
35 406
35 431
35 437
35 451
35 460
35 465
35 467
35 471
35 474
35 495
35 500
35 509
35 554
35 561
35 207
35 203
36 39
36 47
36 49
36 50
36 52
36 65
36 75
36 76
36 78
36 79
36 80
36 83
36 84
36 86
36 87
36 90
36 91
36 94
36 95
36 102
36 108
36 109
36 110
36 113
36 116
36 119
36 120
36 128
36 129
36 134
36 136
36 139
36 141
36 148
36 151
36 165
36 197
36 205
36 218
36 219
36 220
36 221
36 240
36 244
36 261
36 262
36 273
36 285
36 302
36 319
36 347
36 353
36 354
36 360
36 368
36 376
36 396
36 398
36 422
36 474
36 502
36 503
36 517
36 520
36 534
36 563
36 573
36 583
36 592
36 595
36 40
36 38
36 149
36 196
36 209
36 256
37 40
37 54
37 58
37 61
37 62
37 64
37 68
37 76
37 77
37 82
37 83
37 94
37 103
37 105
37 106
37 110
37 117
37 119
37 120
37 137
37 144
37 147
37 153
37 160
37 182
37 200
37 205
37 208
37 214
37 227
37 232
37 247
37 278
37 284
37 287
37 289
37 293
37 305
37 321
37 323
37 340
37 349
37 368
37 372
37 379
37 394
37 401
37 431
37 477
37 489
37 500
37 502
37 517
37 527
37 530
37 536
37 539
37 545
37 547
37 550
37 557
37 570
37 576
37 578
37 595
37 211
37 88
37 219
37 353
38 41
38 44
38 49
38 54
38 55
38 57
38 66
38 75
38 88
38 89
38 97
38 108
38 131
38 132
38 136
38 139
38 154
38 164
38 165
38 177
38 192
38 194
38 196
38 197
38 203
38 209
38 221
38 234
38 246
38 259
38 269
38 270
38 294
38 295
38 314
38 324
38 327
38 328
38 337
38 349
38 368
38 381
38 387
38 396
38 420
38 453
38 482
38 486
38 496
38 530
38 570
38 582
38 583
38 584
38 48
38 222
38 456
39 40
39 47
39 49
39 51
39 55
39 56
39 60
39 61
39 65
39 66
39 73
39 89
39 97
39 119
39 124
39 125
39 126
39 135
39 151
39 156
39 157
39 170
39 173
39 176
39 181
39 189
39 190
39 203
39 234
39 259
39 262
39 263
39 310
39 339
39 348
39 357
39 359
39 387
39 388
39 404
39 415
39 457
39 464
39 476
39 499
39 511
39 327
39 352
40 42
40 43
40 47
40 60
40 64
40 70
40 72
40 73
40 79
40 84
40 85
40 87
40 98
40 101
40 105
40 127
40 134
40 156
40 158
40 161
40 163
40 175
40 176
40 185
40 189
40 193
40 194
40 216
40 227
40 240
40 244
40 246
40 268
40 272
40 280
40 286
40 294
40 297
40 298
40 304
40 306
40 339
40 347
40 351
40 358
40 379
40 385
40 457
40 472
40 475
40 491
40 504
40 505
40 512
40 516
40 525
40 541
40 548
40 569
40 584
40 188
40 458
41 43
41 54
41 68
41 71
41 74
41 75
41 76
41 77
41 87
41 88
41 94
41 97
41 99
41 101
41 106
41 118
41 121
41 125
41 131
41 134
41 140
41 151
41 153
41 165
41 170
41 173
41 190
41 202
41 212
41 219
41 222
41 223
41 228
41 243
41 253
41 265
41 269
41 281
41 287
41 320
41 325
41 333
41 346
41 350
41 381
41 389
41 402
41 426
41 439
41 450
41 476
41 480
41 484
41 513
41 520
41 547
41 567
41 596
41 63
41 156
41 178
41 246
42 44
42 45
42 46
42 51
42 53
42 57
42 60
42 61
42 63
42 66
42 71
42 72
42 76
42 79
42 81
42 84
42 90
42 91
42 93
42 112
42 119
42 120
42 125
42 128
42 132
42 134
42 152
42 166
42 174
42 177
42 192
42 209
42 212
42 214
42 216
42 217
42 229
42 230
42 233
42 254
42 262
42 270
42 273
42 274
42 317
42 335
42 342
42 369
42 373
42 379
42 392
42 396
42 406
42 437
42 444
42 459
42 461
42 511
42 512
42 521
42 537
42 541
42 544
42 561
42 416
42 466
42 470
43 46
43 48
43 51
43 52
43 53
43 58
43 59
43 67
43 77
43 78
43 85
43 90
43 95
43 96
43 102
43 104
43 106
43 107
43 108
43 113
43 118
43 127
43 133
43 151
43 162
43 180
43 185
43 188
43 193
43 203
43 214
43 221
43 223
43 226
43 235
43 243
43 244
43 245
43 249
43 277
43 282
43 288
43 294
43 303
43 343
43 347
43 352
43 354
43 374
43 377
43 382
43 412
43 466
43 487
43 489
43 501
43 511
43 524
43 545
43 559
43 564
43 569
43 594
43 595
43 405
43 506
44 46
44 51
44 56
44 62
44 63
44 64
44 66
44 67
44 79
44 83
44 84
44 88
44 101
44 102
44 107
44 112
44 128
44 136
44 137
44 149
44 156
44 161
44 166
44 174
44 183
44 200
44 213
44 246
44 258
44 261
44 293
44 314
44 371
44 376
44 388
44 400
44 409
44 425
44 429
44 432
44 438
44 442
44 451
44 465
44 469
44 475
44 477
44 481
44 490
44 491
44 526
44 547
44 554
44 557
44 568
44 573
44 591
44 115
44 232
45 49
45 56
45 58
45 62
45 72
45 76
45 80
45 82
45 88
45 95
45 96
45 97
45 106
45 114
45 118
45 123
45 124
45 127
45 132
45 136
45 141
45 144
45 149
45 170
45 176
45 179
45 187
45 191
45 198
45 208
45 213
45 216
45 217
45 222
45 226
45 235
45 245
45 259
45 270
45 271
45 276
45 286
45 292
45 296
45 304
45 307
45 320
45 329
45 350
45 369
45 375
45 377
45 385
45 387
45 391
45 427
45 430
45 435
45 444
45 449
45 458
45 459
45 469
45 470
45 497
45 513
45 526
45 529
45 538
45 562
45 573
45 172
45 343
45 422
46 50
46 51
46 61
46 62
46 63
46 71
46 76
46 80
46 81
46 83
46 84
46 87
46 90
46 92
46 100
46 107
46 109
46 112
46 122
46 130
46 133
46 135
46 139
46 144
46 145
46 147
46 148
46 150
46 152
46 157
46 163
46 164
46 167
46 168
46 169
46 175
46 178
46 194
46 198
46 203
46 206
46 208
46 210
46 242
46 255
46 257
46 259
46 260
46 266
46 268
46 269
46 273
46 282
46 284
46 285
46 287
46 299
46 301
46 313
46 317
46 329
46 336
46 346
46 347
46 357
46 365
46 367
46 373
46 376
46 377
46 383
46 387
46 390
46 401
46 402
46 409
46 411
46 412
46 442
46 447
46 450
46 460
46 464
46 468
46 479
46 483
46 502
46 513
46 515
46 517
46 519
46 525
46 527
46 528
46 533
46 534
46 540
46 544
46 548
46 559
46 576
46 577
46 578
46 532
46 172
46 193
46 355
46 395
46 398
47 52
47 66
47 72
47 79
47 80
47 98
47 111
47 158
47 160
47 167
47 192
47 194
47 199
47 205
47 209
47 236
47 272
47 277
47 298
47 323
47 330
47 370
47 378
47 382
47 389
47 390
47 403
47 424
47 501
47 506
47 513
47 543
47 547
47 555
47 331
48 49
48 50
48 52
48 54
48 58
48 61
48 65
48 66
48 70
48 74
48 81
48 88
48 91
48 93
48 96
48 99
48 104
48 105
48 109
48 110
48 115
48 118
48 130
48 133
48 140
48 142
48 143
48 145
48 147
48 150
48 155
48 157
48 169
48 170
48 177
48 182
48 189
48 192
48 200
48 208
48 221
48 224
48 228
48 242
48 244
48 248
48 262
48 275
48 280
48 281
48 287
48 289
48 296
48 297
48 304
48 312
48 316
48 342
48 345
48 355
48 366
48 383
48 389
48 423
48 427
48 430
48 434
48 436
48 453
48 465
48 469
48 497
48 508
48 542
48 582
48 588
48 556
48 589
49 58
49 63
49 73
49 76
49 91
49 94
49 106
49 122
49 123
49 136
49 152
49 159
49 164
49 167
49 175
49 185
49 189
49 195
49 204
49 216
49 218
49 220
49 222
49 227
49 234
49 244
49 252
49 264
49 269
49 337
49 364
49 375
49 388
49 398
49 400
49 419
49 433
49 450
49 482
49 500
49 535
49 554
49 559
49 560
49 563
49 574
49 581
49 582
49 592
49 595
49 300
49 342
49 492
50 53
50 59
50 80
50 84
50 90
50 99
50 104
50 110
50 124
50 132
50 158
50 164
50 168
50 177
50 187
50 201
50 202
50 213
50 216
50 249
50 274
50 281
50 298
50 303
50 340
50 347
50 409
50 427
50 433
50 444
50 446
50 451
50 453
50 460
50 474
50 491
50 496
50 509
50 510
50 527
50 533
50 547
50 219
50 85
51 52
51 54
51 57
51 59
51 61
51 62
51 66
51 71
51 73
51 78
51 82
51 84
51 89
51 95
51 98
51 99
51 103
51 107
51 114
51 121
51 125
51 130
51 131
51 150
51 155
51 156
51 161
51 168
51 171
51 175
51 182
51 187
51 189
51 194
51 195
51 208
51 209
51 213
51 228
51 250
51 285
51 317
51 321
51 334
51 341
51 357
51 370
51 376
51 380
51 385
51 396
51 410
51 411
51 416
51 439
51 457
51 464
51 470
51 484
51 493
51 498
51 512
51 526
51 533
51 534
51 540
51 541
51 549
51 562
51 564
51 570
51 576
51 577
51 578
51 580
51 585
51 593
51 596
51 138
51 197
51 480
52 67
52 87
52 95
52 100
52 106
52 115
52 117
52 123
52 128
52 131
52 137
52 140
52 154
52 157
52 163
52 168
52 183
52 203
52 204
52 212
52 252
52 254
52 263
52 283
52 290
52 304
52 312
52 317
52 328
52 330
52 393
52 394
52 408
52 447
52 510
52 524
52 542
52 557
52 582
52 481
52 66
52 118
53 59
53 73
53 99
53 122
53 130
53 155
53 161
53 169
53 180
53 199
53 200
53 207
53 218
53 227
53 230
53 231
53 248
53 260
53 285
53 317
53 319
53 320
53 321
53 337
53 346
53 354
53 374
53 377
53 394
53 408
53 442
53 451
53 458
53 470
53 477
53 538
53 557
53 580
53 584
53 559
54 61
54 70
54 80
54 81
54 88
54 92
54 94
54 96
54 119
54 138
54 163
54 182
54 188
54 191
54 215
54 216
54 225
54 228
54 238
54 241
54 247
54 259
54 304
54 319
54 345
54 363
54 368
54 377
54 378
54 384
54 389
54 391
54 406
54 419
54 433
54 435
54 459
54 472
54 486
54 502
54 590
54 129
54 292
55 61
55 65
55 70
55 71
55 79
55 92
55 97
55 98
55 100
55 105
55 111
55 120
55 130
55 183
55 186
55 195
55 201
55 223
55 241
55 243
55 245
55 270
55 272
55 299
55 307
55 333
55 342
55 356
55 362
55 374
55 427
55 451
55 471
55 477
55 487
55 505
55 508
55 516
55 533
55 578
55 588
55 596
55 318
56 57
56 62
56 63
56 65
56 71
56 78
56 82
56 89
56 92
56 109
56 118
56 184
56 210
56 229
56 246
56 259
56 263
56 268
56 273
56 319
56 357
56 396
56 406
56 416
56 432
56 436
56 471
56 478
56 501
56 505
56 515
56 534
56 559
56 565
56 573
56 578
56 561
57 75
57 82
57 93
57 127
57 146
57 160
57 161
57 169
57 173
57 204
57 214
57 244
57 245
57 283
57 343
57 357
57 370
57 377
57 399
57 400
57 414
57 429
57 499
57 528
57 599
57 77
57 518
58 63
58 78
58 106
58 118
58 134
58 138
58 181
58 194
58 236
58 242
58 243
58 262
58 277
58 302
58 305
58 318
58 319
58 356
58 360
58 404
58 413
58 450
58 487
58 525
58 530
58 546
58 551
58 564
58 596
58 481
58 133
59 64
59 70
59 72
59 75
59 77
59 91
59 95
59 98
59 108
59 116
59 132
59 135
59 140
59 155
59 164
59 170
59 182
59 186
59 190
59 201
59 231
59 232
59 239
59 242
59 283
59 285
59 320
59 328
59 332
59 338
59 429
59 444
59 461
59 462
59 464
59 468
59 536
59 537
59 543
59 556
59 564
59 569
59 578
59 582
59 276
59 84
59 311
60 68
60 72
60 73
60 75
60 76
60 85
60 94
60 97
60 102
60 105
60 108
60 128
60 134
60 140
60 142
60 143
60 152
60 156
60 183
60 193
60 213
60 227
60 269
60 291
60 335
60 370
60 382
60 397
60 400
60 409
60 410
60 418
60 446
60 476
60 489
60 505
60 512
60 525
60 553
60 585
60 587
60 594
60 137
60 82
60 124
60 191
60 541
61 62
61 64
61 75
61 85
61 86
61 87
61 93
61 100
61 113
61 120
61 142
61 162
61 174
61 184
61 197
61 240
61 244
61 259
61 270
61 274
61 275
61 291
61 313
61 372
61 377
61 380
61 459
61 481
61 483
61 484
61 502
61 523
61 567
61 586
61 595
61 577
61 76
61 323
61 393
62 64
62 83
62 87
62 111
62 117
62 158
62 166
62 167
62 169
62 182
62 195
62 200
62 206
62 217
62 226
62 239
62 286
62 290
62 314
62 319
62 324
62 337
62 352
62 366
62 374
62 378
62 379
62 401
62 406
62 470
62 484
62 488
62 499
62 500
62 525
62 549
62 555
62 572
62 590
62 597
62 153
62 218
62 490
63 67
63 85
63 98
63 101
63 103
63 109
63 110
63 116
63 124
63 128
63 129
63 138
63 142
63 146
63 154
63 167
63 190
63 238
63 240
63 249
63 271
63 292
63 296
63 297
63 311
63 318
63 322
63 330
63 344
63 351
63 395
63 441
63 480
63 484
63 494
63 576
63 392
63 507
64 65
64 66
64 69
64 71
64 76
64 77
64 82
64 86
64 87
64 94
64 102
64 106
64 111
64 121
64 128
64 133
64 144
64 148
64 151
64 169
64 182
64 190
64 196
64 209
64 216
64 234
64 237
64 241
64 256
64 261
64 272
64 300
64 316
64 370
64 404
64 465
64 472
64 482
64 508
64 516
64 524
64 531
64 537
64 551
64 99
64 152
64 563
65 69
65 74
65 85
65 86
65 89
65 91
65 94
65 95
65 99
65 107
65 112
65 115
65 118
65 119
65 121
65 122
65 133
65 138
65 139
65 140
65 144
65 167
65 172
65 173
65 179
65 183
65 186
65 193
65 194
65 196
65 198
65 201
65 214
65 235
65 247
65 250
65 258
65 260
65 277
65 297
65 298
65 308
65 329
65 333
65 356
65 379
65 410
65 503
65 505
65 522
65 561
65 562
65 565
65 577
65 142
65 433
66 67
66 68
66 87
66 93
66 95
66 100
66 111
66 120
66 125
66 130
66 136
66 147
66 148
66 153
66 167
66 194
66 196
66 209
66 210
66 229
66 240
66 241
66 245
66 259
66 283
66 292
66 301
66 309
66 315
66 320
66 322
66 345
66 374
66 398
66 405
66 423
66 454
66 460
66 474
66 479
66 480
66 483
66 489
66 491
66 503
66 506
66 507
66 529
66 548
66 560
66 567
66 569
66 570
66 573
66 574
66 580
66 583
67 68
67 77
67 87
67 97
67 100
67 102
67 108
67 111
67 124
67 125
67 126
67 129
67 137
67 143
67 159
67 161
67 167
67 176
67 206
67 211
67 231
67 237
67 256
67 269
67 272
67 273
67 277
67 298
67 305
67 307
67 321
67 346
67 398
67 411
67 420
67 426
67 454
67 460
67 466
67 469
67 501
67 506
67 511
67 558
67 329
68 79
68 84
68 89
68 94
68 108
68 117
68 118
68 131
68 136
68 159
68 176
68 200
68 205
68 226
68 242
68 255
68 256
68 260
68 261
68 294
68 305
68 315
68 333
68 335
68 353
68 360
68 384
68 393
68 435
68 443
68 448
68 451
68 466
68 523
68 540
68 555
68 581
68 587
68 91
68 380
69 71
69 72
69 78
69 95
69 98
69 101
69 103
69 107
69 111
69 126
69 146
69 147
69 154
69 159
69 166
69 168
69 173
69 180
69 188
69 200
69 209
69 213
69 228
69 233
69 243
69 244
69 263
69 274
69 275
69 278
69 295
69 323
69 338
69 343
69 354
69 363
69 369
69 370
69 415
69 433
69 436
69 452
69 460
69 471
69 511
69 522
69 535
69 539
69 541
69 573
69 580
69 284
69 549
70 73
70 75
70 77
70 81
70 86
70 94
70 105
70 107
70 109
70 110
70 115
70 116
70 126
70 131
70 132
70 143
70 148
70 149
70 150
70 153
70 156
70 162
70 173
70 178
70 179
70 201
70 203
70 205
70 232
70 242
70 247
70 264
70 273
70 317
70 319
70 321
70 338
70 339
70 351
70 352
70 368
70 372
70 393
70 395
70 429
70 449
70 473
70 484
70 512
70 519
70 528
70 547
70 592
70 599
70 113
70 252
70 255
71 106
71 118
71 143
71 159
71 181
71 184
71 187
71 207
71 227
71 255
71 263
71 267
71 271
71 341
71 344
71 349
71 373
71 408
71 420
71 440
71 497
71 536
71 543
71 558
71 590
71 406
72 86
72 89
72 105
72 108
72 113
72 118
72 150
72 152
72 154
72 158
72 163
72 172
72 176
72 178
72 185
72 186
72 207
72 243
72 255
72 287
72 298
72 316
72 317
72 321
72 335
72 345
72 352
72 388
72 400
72 430
72 447
72 471
72 479
72 517
72 518
72 524
72 536
72 561
72 594
72 220
72 121
72 208
72 241
72 463
73 75
73 84
73 96
73 105
73 111
73 116
73 148
73 156
73 165
73 172
73 200
73 205
73 226
73 239
73 241
73 248
73 253
73 254
73 266
73 268
73 286
73 300
73 313
73 337
73 344
73 356
73 390
73 400
73 432
73 470
73 477
73 485
73 510
73 541
73 553
73 561
73 596
73 138
74 76
74 77
74 80
74 99
74 100
74 106
74 109
74 132
74 144
74 149
74 152
74 155
74 258
74 276
74 326
74 329
74 334
74 367
74 388
74 390
74 413
74 462
74 591
74 598
74 283
74 360
75 81
75 94
75 96
75 101
75 102
75 108
75 122
75 126
75 129
75 151
75 168
75 170
75 177
75 183
75 188
75 224
75 228
75 248
75 249
75 262
75 282
75 286
75 313
75 326
75 330
75 340
75 371
75 384
75 387
75 393
75 420
75 443
75 476
75 477
75 483
75 529
75 531
75 550
75 559
75 562
75 568
75 587
75 591
75 274
75 251
75 277
75 358
75 441
75 457
76 80
76 82
76 86
76 89
76 91
76 95
76 101
76 112
76 114
76 137
76 144
76 152
76 163
76 183
76 187
76 211
76 229
76 287
76 293
76 308
76 319
76 334
76 336
76 337
76 349
76 376
76 381
76 384
76 385
76 419
76 431
76 445
76 453
76 491
76 524
76 525
76 554
76 580
76 132
76 143
76 145
76 446
77 83
77 93
77 106
77 115
77 134
77 135
77 139
77 141
77 144
77 153
77 155
77 161
77 164
77 165
77 173
77 177
77 191
77 192
77 195
77 225
77 231
77 236
77 258
77 264
77 270
77 290
77 298
77 306
77 321
77 344
77 365
77 396
77 408
77 474
77 479
77 484
77 508
77 523
77 529
77 581
77 596
78 80
78 81
78 83
78 92
78 93
78 103
78 110
78 124
78 129
78 146
78 152
78 168
78 175
78 190
78 199
78 201
78 204
78 205
78 216
78 217
78 226
78 268
78 293
78 300
78 308
78 319
78 380
78 383
78 394
78 397
78 402
78 403
78 404
78 405
78 455
78 472
78 473
78 478
78 488
78 508
78 542
78 560
78 575
78 583
78 584
78 547
79 80
79 92
79 96
79 100
79 104
79 121
79 131
79 182
79 189
79 193
79 205
79 231
79 252
79 264
79 268
79 293
79 302
79 311
79 344
79 373
79 376
79 381
79 388
79 412
79 416
79 417
79 430
79 439
79 440
79 445
79 454
79 460
79 488
79 526
79 356
80 112
80 146
80 162
80 172
80 175
80 191
80 192
80 266
80 360
80 386
80 464
80 466
80 468
80 479
80 504
80 540
80 543
80 588
80 318
80 120
80 299
80 345
81 82
81 85
81 90
81 91
81 115
81 120
81 129
81 134
81 137
81 171
81 179
81 187
81 209
81 215
81 249
81 251
81 262
81 278
81 279
81 287
81 298
81 319
81 369
81 376
81 397
81 400
81 417
81 428
81 430
81 475
81 477
81 483
81 498
81 545
81 587
81 510
81 553
82 95
82 97
82 106
82 113
82 117
82 121
82 125
82 166
82 178
82 219
82 242
82 275
82 283
82 286
82 299
82 313
82 318
82 327
82 328
82 337
82 363
82 393
82 394
82 417
82 427
82 450
82 452
82 524
82 531
82 596
83 88
83 120
83 135
83 154
83 159
83 163
83 181
83 187
83 189
83 192
83 202
83 221
83 227
83 276
83 278
83 290
83 399
83 405
83 412
83 445
83 458
83 472
83 486
83 495
83 512
83 522
83 562
83 563
83 575
83 584
83 593
83 599
83 85
84 96
84 130
84 131
84 165
84 169
84 210
84 229
84 238
84 246
84 275
84 281
84 315
84 338
84 371
84 384
84 389
84 438
84 462
84 490
84 532
84 544
84 575
85 96
85 110
85 134
85 143
85 154
85 156
85 162
85 164
85 165
85 174
85 175
85 180
85 183
85 184
85 193
85 195
85 196
85 198
85 204
85 205
85 207
85 236
85 254
85 268
85 270
85 271
85 305
85 330
85 353
85 403
85 435
85 444
85 461
85 471
85 483
85 484
85 506
85 509
85 516
85 552
86 89
86 98
86 101
86 114
86 125
86 133
86 134
86 138
86 142
86 147
86 149
86 153
86 168
86 170
86 176
86 179
86 223
86 268
86 270
86 274
86 289
86 294
86 303
86 336
86 348
86 352
86 357
86 367
86 374
86 383
86 449
86 500
86 505
86 507
86 516
86 522
86 538
86 541
86 548
86 554
86 564
86 312
86 481
86 484
87 97
87 98
87 99
87 100
87 112
87 116
87 125
87 131
87 155
87 160
87 175
87 214
87 224
87 229
87 233
87 237
87 277
87 278
87 286
87 317
87 326
87 330
87 340
87 359
87 364
87 420
87 431
87 459
87 478
87 492
87 493
87 507
87 558
87 563
87 565
87 574
88 90
88 91
88 97
88 105
88 107
88 113
88 122
88 133
88 141
88 142
88 156
88 160
88 163
88 164
88 180
88 218
88 223
88 236
88 245
88 248
88 251
88 259
88 284
88 323
88 330
88 332
88 333
88 340
88 402
88 416
88 432
88 443
88 459
88 488
88 520
88 558
88 585
88 594
88 596
88 599
89 97
89 128
89 148
89 149
89 209
89 212
89 217
89 219
89 224
89 249
89 280
89 289
89 341
89 357
89 384
89 417
89 478
89 488
89 492
89 525
89 551
89 579
89 591
89 309
89 112
90 103
90 106
90 107
90 125
90 139
90 142
90 154
90 159
90 179
90 186
90 199
90 234
90 246
90 283
90 292
90 295
90 299
90 332
90 334
90 360
90 395
90 407
90 423
90 426
90 441
90 445
90 459
90 476
90 490
90 548
90 575
90 592
90 597
90 483
90 237
90 377
90 417
90 486
91 101
91 114
91 154
91 169
91 173
91 174
91 185
91 189
91 225
91 239
91 248
91 260
91 278
91 297
91 309
91 316
91 324
91 332
91 341
91 352
91 365
91 366
91 385
91 389
91 430
91 432
91 448
91 454
91 490
91 584
91 304
91 135
91 483
92 109
92 112
92 123
92 140
92 147
92 149
92 152
92 195
92 216
92 225
92 238
92 242
92 244
92 253
92 271
92 308
92 327
92 328
92 339
92 344
92 379
92 400
92 406
92 424
92 429
92 467
92 496
92 517
92 530
92 531
92 536
92 570
92 577
92 585
92 431
92 141
92 421
93 104
93 105
93 107
93 108
93 120
93 122
93 123
93 127
93 164
93 169
93 217
93 248
93 249
93 286
93 290
93 295
93 311
93 312
93 331
93 337
93 355
93 360
93 383
93 427
93 565
93 580
93 598
93 493
93 425
94 98
94 102
94 105
94 115
94 117
94 125
94 130
94 141
94 165
94 168
94 192
94 211
94 225
94 256
94 281
94 285
94 302
94 330
94 335
94 352
94 387
94 399
94 414
94 439
94 442
94 447
94 515
94 584
94 150
94 284
94 403
94 467
95 116
95 148
95 151
95 158
95 197
95 246
95 251
95 253
95 257
95 258
95 289
95 291
95 299
95 331
95 372
95 386
95 389
95 397
95 400
95 410
95 422
95 529
95 533
95 559
96 103
96 107
96 109
96 110
96 120
96 123
96 136
96 141
96 142
96 187
96 197
96 202
96 249
96 254
96 291
96 314
96 335
96 341
96 370
96 379
96 385
96 410
96 467
96 495
96 555
96 568
96 577
96 578
96 196
97 175
97 182
97 195
97 212
97 232
97 236
97 254
97 312
97 368
97 409
97 439
97 464
97 493
97 496
97 508
97 518
97 528
97 530
97 562
97 587
97 540
97 442
97 543
98 119
98 132
98 136
98 155
98 157
98 207
98 255
98 277
98 297
98 320
98 415
98 416
98 466
98 571
98 590
98 596
98 460
99 122
99 137
99 155
99 160
99 166
99 186
99 227
99 263
99 286
99 300
99 325
99 362
99 380
99 392
99 415
99 443
99 450
99 254
100 106
100 113
100 146
100 147
100 151
100 156
100 157
100 159
100 176
100 210
100 215
100 220
100 224
100 241
100 245
100 265
100 295
100 305
100 316
100 358
100 364
100 391
100 425
100 436
100 470
100 472
100 481
100 489
100 514
100 516
100 556
100 588
100 109
100 461
101 114
101 146
101 245
101 250
101 267
101 285
101 328
101 402
101 435
101 436
101 502
101 527
101 538
101 563
101 566
101 586
101 577
101 240
101 523
102 103
102 127
102 140
102 206
102 207
102 291
102 310
102 330
102 348
102 376
102 444
102 549
102 165
103 105
103 113
103 115
103 134
103 135
103 147
103 159
103 162
103 205
103 212
103 214
103 222
103 248
103 270
103 281
103 289
103 291
103 319
103 327
103 328
103 348
103 370
103 375
103 407
103 414
103 417
103 431
103 482
103 493
103 506
103 518
103 538
103 551
103 568
103 573
103 581
103 160
104 123
104 176
104 213
104 218
104 223
104 249
104 378
104 430
104 501
104 521
104 549
104 583
104 589
104 597
105 111
105 148
105 149
105 152
105 162
105 204
105 381
105 394
105 395
105 415
105 486
105 496
105 561
105 567
105 594
105 404
105 514
106 112
106 121
106 124
106 137
106 143
106 159
106 160
106 186
106 191
106 192
106 210
106 222
106 224
106 230
106 245
106 247
106 252
106 255
106 274
106 343
106 356
106 362
106 371
106 380
106 419
106 442
106 453
106 466
106 481
106 494
106 532
106 555
106 558
107 114
107 206
107 344
107 392
107 396
107 429
107 526
108 119
108 126
108 127
108 142
108 165
108 175
108 180
108 191
108 219
108 230
108 239
108 255
108 261
108 276
108 283
108 288
108 291
108 311
108 315
108 323
108 409
108 415
108 455
108 478
108 537
108 539
108 553
108 583
108 247
108 407
109 126
109 138
109 148
109 228
109 229
109 296
109 300
109 351
109 361
109 384
109 425
109 434
109 444
109 464
109 500
109 518
109 540
109 551
109 164
110 115
110 117
110 122
110 129
110 137
110 141
110 150
110 155
110 157
110 188
110 216
110 236
110 239
110 290
110 311
110 314
110 317
110 321
110 326
110 345
110 364
110 385
110 393
110 414
110 436
110 443
110 446
110 453
110 484
110 513
110 550
110 567
110 253
111 133
111 150
111 171
111 181
111 185
111 188
111 189
111 227
111 309
111 338
111 378
111 387
111 471
111 498
111 520
111 533
111 550
111 589
111 453
111 195
111 215
112 120
112 130
112 138
112 139
112 155
112 158
112 173
112 186
112 193
112 195
112 217
112 237
112 265
112 271
112 283
112 306
112 322
112 325
112 326
112 330
112 348
112 360
112 361
112 367
112 380
112 383
112 406
112 436
112 443
112 447
112 536
112 545
112 549
112 579
112 396
113 116
113 117
113 124
113 126
113 128
113 148
113 158
113 191
113 206
113 227
113 233
113 234
113 236
113 237
113 238
113 287
113 299
113 317
113 365
113 490
113 522
113 593
114 121
114 123
114 124
114 131
114 135
114 145
114 153
114 171
114 179
114 181
114 243
114 256
114 346
114 368
114 411
114 413
114 448
114 590
115 127
115 165
115 197
115 215
115 260
115 268
115 274
115 309
115 315
115 350
115 356
115 388
115 408
115 415
115 417
115 436
115 489
115 494
115 504
115 556
115 579
115 584
115 590
115 321
116 119
116 128
116 190
116 207
116 225
116 233
116 254
116 258
116 260
116 266
116 270
116 314
116 316
116 319
116 358
116 384
116 419
116 443
116 453
116 465
116 477
116 485
116 499
116 516
116 563
116 598
116 203
116 247
117 143
117 145
117 178
117 188
117 213
117 260
117 298
117 334
117 349
117 363
117 372
117 487
117 510
117 515
117 520
117 534
117 573
117 330
117 485
118 122
118 130
118 152
118 178
118 179
118 185
118 228
118 229
118 235
118 239
118 250
118 261
118 268
118 280
118 305
118 353
118 371
118 420
118 457
118 461
118 504
118 534
118 553
119 126
119 141
119 143
119 171
119 193
119 201
119 207
119 213
119 250
119 282
119 312
119 351
119 402
119 408
119 412
119 427
119 428
119 434
119 441
119 460
119 463
119 464
119 478
119 523
119 543
119 548
119 580
119 588
119 158
120 131
120 132
120 138
120 140
120 143
120 149
120 163
120 168
120 182
120 191
120 211
120 278
120 281
120 313
120 397
120 410
120 423
120 424
120 469
120 474
120 515
121 129
121 149
121 151
121 158
121 188
121 192
121 196
121 207
121 220
121 226
121 237
121 265
121 267
121 284
121 293
121 315
121 332
121 358
121 359
121 366
121 391
121 423
121 444
121 456
121 460
121 462
121 504
121 523
121 528
121 530
121 546
121 586
121 592
121 594
121 217
121 459
121 526
122 134
122 155
122 166
122 183
122 198
122 204
122 237
122 252
122 260
122 267
122 296
122 311
122 319
122 321
122 344
122 349
122 357
122 359
122 363
122 374
122 399
122 411
122 447
122 453
122 457
122 499
122 566
122 279
123 130
123 145
123 171
123 259
123 278
123 301
123 306
123 336
123 340
123 342
123 356
123 407
123 423
123 446
123 491
123 523
123 540
123 576
123 380
124 129
124 134
124 163
124 171
124 265
124 267
124 286
124 444
124 466
124 527
124 578
124 274
124 346
125 184
125 218
125 232
125 301
125 306
125 349
125 372
125 443
125 551
125 194
125 338
125 495
126 127
126 154
126 169
126 184
126 185
126 214
126 227
126 351
126 353
126 401
126 421
126 441
126 468
126 506
126 513
126 540
126 542
126 556
127 133
127 138
127 145
127 149
127 151
127 215
127 264
127 280
127 302
127 404
127 433
127 437
127 452
127 479
127 493
127 520
127 552
127 158
127 378
127 501
128 132
128 139
128 142
128 182
128 199
128 203
128 207
128 260
128 275
128 300
128 320
128 324
128 333
128 357
128 361
128 370
128 376
128 385
128 451
128 458
128 487
128 509
128 518
128 536
128 365
129 142
129 172
129 184
129 196
129 205
129 235
129 236
129 264
129 267
129 270
129 272
129 276
129 284
129 294
129 332
129 414
129 436
129 440
129 448
129 473
129 519
129 549
129 558
129 559
129 220
129 449
129 497
130 141
130 146
130 164
130 172
130 190
130 222
130 229
130 231
130 252
130 278
130 309
130 350
130 373
130 405
130 412
130 430
130 432
130 434
130 458
130 462
130 468
130 482
130 555
130 595
130 177
131 163
131 178
131 198
131 201
131 264
131 301
131 312
131 324
131 327
131 340
131 398
131 473
131 523
131 538
131 587
132 180
132 182
132 233
132 238
132 252
132 257
132 273
132 280
132 327
132 335
132 413
132 467
132 472
132 492
132 575
132 592
132 174
132 562
133 141
133 147
133 162
133 165
133 177
133 181
133 192
133 196
133 211
133 221
133 289
133 290
133 356
133 377
133 434
133 503
133 534
133 569
133 183
134 147
134 150
134 162
134 191
134 218
134 284
134 285
134 304
134 340
134 393
134 396
134 408
134 468
134 474
134 481
134 526
134 532
134 539
134 542
134 586
134 590
135 171
135 172
135 179
135 235
135 255
135 274
135 281
135 296
135 303
135 353
135 374
135 433
135 455
135 480
135 488
135 511
135 564
135 163
135 472
136 153
136 161
136 167
136 183
136 202
136 258
136 265
136 289
136 303
136 312
136 330
136 340
136 347
136 401
136 439
136 505
136 548
136 565
136 157
136 214
136 436
137 164
137 189
137 196
137 230
137 248
137 261
137 316
137 325
137 339
137 388
137 390
137 392
137 394
137 418
137 433
137 446
137 450
137 472
137 511
137 542
137 356
138 139
138 143
138 146
138 147
138 155
138 165
138 186
138 204
138 206
138 230
138 232
138 262
138 269
138 272
138 288
138 289
138 294
138 302
138 309
138 310
138 313
138 327
138 334
138 375
138 383
138 391
138 400
138 418
138 426
138 430
138 455
138 462
138 481
138 494
138 497
138 498
138 499
138 507
138 508
138 539
138 546
138 580
138 180
138 285
138 528
139 165
139 184
139 206
139 211
139 216
139 240
139 272
139 291
139 303
139 309
139 426
139 434
139 442
139 498
139 519
139 522
139 550
139 558
139 320
140 147
140 149
140 174
140 185
140 210
140 221
140 230
140 267
140 329
140 338
140 372
140 417
140 428
140 434
140 467
140 490
140 495
140 562
140 575
141 165
141 181
141 183
141 194
141 211
141 213
141 214
141 221
141 245
141 256
141 257
141 286
141 307
141 314
141 324
141 343
141 391
141 399
141 415
141 421
141 453
141 470
141 491
141 510
141 513
141 514
141 555
141 571
142 170
142 179
142 182
142 187
142 225
142 259
142 261
142 266
142 276
142 288
142 289
142 290
142 401
142 407
142 409
142 467
142 477
142 482
142 492
142 546
142 588
142 249
143 146
143 148
143 150
143 190
143 258
143 263
143 267
143 296
143 303
143 307
143 339
143 371
143 376
143 387
143 446
143 471
143 506
143 522
143 534
143 559
143 590
143 289
143 402
144 146
144 169
144 171
144 196
144 208
144 233
144 311
144 318
144 419
144 441
144 478
144 547
144 560
145 150
145 157
145 243
145 247
145 275
145 312
145 364
145 375
145 461
145 477
145 495
145 525
146 186
146 222
146 253
146 349
146 597
146 288
146 576
147 152
147 189
147 202
147 217
147 218
147 255
147 310
147 326
147 344
147 362
147 366
147 401
147 438
147 471
147 579
148 163
148 174
148 176
148 187
148 219
148 233
148 239
148 249
148 276
148 347
148 352
148 378
148 412
148 491
148 561
148 566
148 590
148 477
149 176
149 180
149 209
149 243
149 265
149 269
149 283
149 303
149 331
149 348
149 368
149 461
149 519
149 546
149 554
149 568
149 569
149 574
149 575
150 151
150 158
150 164
150 167
150 171
150 177
150 209
150 228
150 230
150 250
150 279
150 322
150 377
150 417
150 422
150 475
150 510
150 569
150 570
150 593
150 418
151 173
151 184
151 212
151 223
151 249
151 294
151 347
151 367
151 406
151 523
151 599
151 338
151 319
152 161
152 170
152 174
152 183
152 200
152 207
152 212
152 213
152 227
152 231
152 269
152 275
152 292
152 328
152 333
152 336
152 349
152 373
152 427
152 434
152 442
152 455
152 474
152 511
152 540
152 565
152 188
153 158
153 165
153 166
153 194
153 207
153 219
153 220
153 223
153 256
153 278
153 304
153 307
153 308
153 347
153 373
153 393
153 399
153 424
153 429
153 494
153 515
153 561
153 585
154 161
154 169
154 180
154 201
154 225
154 252
154 282
154 288
154 362
154 382
154 463
154 597
155 172
155 177
155 202
155 238
155 277
155 289
155 313
155 320
155 340
155 343
155 348
155 361
155 375
155 386
155 435
155 452
155 499
156 159
156 179
156 181
156 189
156 193
156 195
156 197
156 243
156 248
156 257
156 261
156 305
156 353
156 366
156 367
156 380
156 390
156 412
156 458
156 463
156 521
156 576
156 582
157 159
157 167
157 175
157 176
157 187
157 196
157 197
157 199
157 219
157 237
157 279
157 287
157 301
157 325
157 344
157 347
157 360
157 475
157 489
157 496
157 541
157 544
157 564
157 568
157 582
157 385
157 348
157 524
158 161
158 170
158 186
158 196
158 225
158 226
158 294
158 306
158 325
158 366
158 386
158 414
158 429
158 440
158 462
158 496
158 529
158 532
158 580
158 597
158 488
159 183
159 184
159 197
159 222
159 377
159 398
159 420
159 447
159 449
159 457
159 505
159 516
159 548
159 339
159 181
160 163
160 228
160 280
160 350
160 355
160 437
160 470
160 507
160 529
160 586
160 393
161 203
161 218
161 244
161 250
161 288
161 291
161 297
161 364
161 365
161 381
161 384
161 490
161 529
161 577
161 307
161 550
162 238
162 307
162 322
162 333
162 338
162 339
162 393
162 404
162 499
162 527
162 547
162 578
162 374
163 170
163 177
163 185
163 198
163 234
163 235
163 260
163 299
163 312
163 345
163 480
163 538
163 540
163 553
163 276
164 215
164 326
164 355
164 359
164 364
164 539
164 286
165 186
165 191
165 200
165 202
165 251
165 273
165 284
165 293
165 310
165 314
165 348
165 399
165 452
165 512
165 535
165 563
165 246
165 362
165 513
166 229
166 230
166 236
166 248
166 300
166 312
166 337
166 343
166 353
166 359
166 361
166 377
166 389
166 396
166 476
166 495
166 519
166 543
166 557
167 169
167 178
167 187
167 190
167 191
167 193
167 220
167 225
167 253
167 288
167 298
167 326
167 330
167 345
167 371
167 382
167 402
167 426
167 552
167 525
168 178
168 202
168 221
168 228
168 232
168 249
168 254
168 309
168 316
168 338
168 353
168 380
168 390
168 394
168 412
168 416
168 528
168 530
168 584
168 587
168 305
168 521
169 186
169 189
169 200
169 206
169 214
169 248
169 258
169 259
169 276
169 304
169 330
169 374
169 424
169 476
169 510
169 544
169 193
169 386
170 205
170 216
170 219
170 242
170 247
170 261
170 312
170 318
170 342
170 353
170 376
170 388
170 424
170 428
170 439
170 525
171 177
171 193
171 220
171 261
171 275
171 294
171 302
171 324
171 333
171 349
171 350
171 473
171 515
171 213
172 194
172 220
172 222
172 241
172 320
172 347
172 348
172 403
172 478
172 585
172 272
173 203
173 211
173 299
173 306
173 349
173 354
173 360
173 363
173 387
173 425
173 485
173 508
173 525
173 527
173 204
174 176
174 181
174 211
174 234
174 237
174 252
174 269
174 301
174 323
174 372
174 379
174 418
174 425
174 429
174 523
174 526
174 531
174 576
174 213
175 178
175 199
175 202
175 217
175 225
175 230
175 236
175 247
175 257
175 265
175 277
175 288
175 289
175 336
175 337
175 370
175 373
175 380
175 393
175 412
175 480
175 485
175 566
175 220
176 195
176 208
176 261
176 273
176 279
176 282
176 293
176 300
176 318
176 322
176 420
176 438
176 456
176 510
176 378
176 440
176 465
176 555
177 190
177 224
177 225
177 268
177 297
177 304
177 318
177 324
177 348
177 366
177 449
177 453
177 474
177 541
177 548
177 476
178 186
178 230
178 234
178 239
178 287
178 296
178 312
178 331
178 341
178 353
178 412
178 414
178 422
178 504
178 507
178 581
179 201
179 211
179 219
179 220
179 273
179 315
179 318
179 386
179 405
179 416
179 452
179 462
179 549
179 272
180 209
180 242
180 303
180 332
180 343
180 347
180 445
180 483
180 531
180 536
180 557
181 207
181 211
181 215
181 219
181 223
181 224
181 236
181 260
181 328
181 335
181 344
181 371
181 378
181 426
181 452
181 512
181 537
181 409
182 198
182 224
182 229
182 282
182 295
182 460
182 534
182 535
183 184
183 212
183 234
183 235
183 254
183 267
183 281
183 397
183 403
183 439
183 457
183 475
183 492
183 541
183 553
183 584
183 586
183 249
183 344
184 187
184 190
184 305
184 319
184 359
184 418
184 440
184 530
184 572
184 579
184 253
185 231
185 252
185 275
185 277
185 296
185 324
185 363
185 413
185 423
185 462
185 482
185 364
186 201
186 239
186 251
186 264
186 284
186 288
186 403
186 476
186 482
186 503
186 514
186 523
186 577
186 592
186 317
186 475
187 194
187 207
187 228
187 247
187 283
187 334
187 407
187 482
187 512
187 532
187 538
187 559
187 320
187 384
188 208
188 215
188 251
188 267
188 281
188 286
188 289
188 309
188 312
188 335
188 342
188 343
188 352
188 370
188 405
188 416
188 475
188 489
188 550
188 562
188 564
188 487
189 201
189 436
189 498
189 463
190 201
190 316
190 332
190 333
190 336
190 361
190 398
190 422
190 484
190 561
190 594
190 599
190 278
190 432
191 216
191 233
191 246
191 315
191 332
191 480
191 501
191 505
191 525
191 548
191 555
191 509
192 235
192 254
192 264
192 271
192 306
192 319
192 325
192 332
192 448
192 545
192 580
192 596
192 335
192 382
193 212
193 222
193 236
193 254
193 256
193 286
193 302
193 315
193 331
193 383
193 406
193 422
193 463
193 477
193 500
193 581
193 592
194 195
194 229
194 230
194 239
194 250
194 255
194 258
194 263
194 314
194 332
194 359
194 378
194 427
194 545
194 578
194 596
194 344
195 240
195 269
195 292
195 295
195 346
195 355
195 407
195 417
195 443
195 463
195 501
195 528
195 574
195 571
196 224
196 261
196 328
196 334
196 342
196 361
196 369
196 454
196 487
196 501
197 240
197 256
197 257
197 258
197 285
197 296
197 356
197 365
197 391
197 394
197 411
197 450
197 498
197 568
197 291
198 222
198 253
198 275
198 282
198 375
198 386
198 429
198 430
198 432
198 437
198 442
198 486
198 533
198 560
198 456
199 202
199 217
199 247
199 248
199 258
199 277
199 282
199 293
199 294
199 325
199 367
199 396
199 414
199 461
199 488
199 493
199 512
199 514
199 515
199 518
199 543
199 556
199 566
199 315
200 226
200 227
200 262
200 294
200 305
200 322
200 354
200 377
200 398
200 405
200 431
200 435
200 441
200 445
200 456
200 461
200 556
200 560
200 576
200 587
201 233
201 292
201 322
201 390
201 399
201 432
201 433
201 446
201 458
201 505
201 518
201 532
201 565
202 204
202 209
202 262
202 271
202 274
202 277
202 300
202 310
202 350
202 386
202 396
202 424
202 482
202 487
202 498
202 503
202 543
202 599
203 210
203 213
203 219
203 256
203 275
203 317
203 326
203 329
203 376
203 427
203 441
203 443
203 460
203 495
203 522
203 563
203 585
204 238
204 250
204 253
204 266
204 275
204 440
204 445
204 449
204 486
204 502
204 550
204 552
204 597
205 225
205 237
205 239
205 242
205 323
205 346
205 356
205 375
205 387
205 435
205 468
205 502
205 549
205 556
205 550
205 565
205 579
206 210
206 306
206 311
206 335
206 341
206 368
206 392
206 411
206 431
206 504
206 519
207 233
207 261
207 289
207 377
207 386
207 397
207 445
207 487
207 332
208 214
208 229
208 231
208 254
208 295
208 305
208 321
208 326
208 349
208 425
208 553
208 568
208 590
208 316
209 241
209 254
209 272
209 302
209 361
209 364
209 382
209 428
209 448
209 453
209 467
209 551
210 233
210 239
210 247
210 282
210 307
210 309
210 364
210 407
210 418
210 422
210 449
210 465
210 476
210 508
210 512
210 351
211 223
211 245
211 270
211 283
211 309
211 444
211 454
211 501
211 504
211 523
211 582
211 584
212 241
212 412
212 521
212 557
212 407
213 263
213 363
213 366
213 392
213 460
214 220
214 279
214 287
214 414
214 531
214 512
215 233
215 263
215 276
215 296
215 326
215 343
215 434
215 490
215 511
215 339
216 218
216 231
216 232
216 238
216 251
216 290
216 291
216 331
216 372
216 407
216 461
216 546
216 581
216 590
216 310
217 223
217 271
217 272
217 304
217 336
217 358
217 391
217 418
217 436
217 503
217 506
217 552
217 556
217 560
217 565
217 583
217 592
218 251
218 262
218 268
218 412
218 469
219 224
219 266
219 280
219 321
219 331
219 352
219 456
219 458
219 465
219 598
220 247
220 269
220 293
220 299
220 307
220 313
220 412
220 528
220 559
220 571
220 572
221 234
221 308
221 327
221 330
221 362
221 393
221 473
221 484
221 598
222 235
222 240
222 250
222 275
222 355
222 359
222 390
222 448
222 475
222 501
222 527
222 537
222 447
223 226
223 321
223 332
223 392
223 516
223 563
223 566
223 241
224 241
224 242
224 247
224 255
224 265
224 310
224 346
224 378
224 405
224 431
224 433
224 455
224 475
224 496
224 522
224 538
225 232
225 234
225 295
225 315
225 316
225 328
225 366
225 403
225 408
225 416
225 444
225 455
225 486
225 504
225 505
225 526
225 537
225 555
225 570
226 238
226 317
226 348
226 510
226 572
226 542
227 253
227 280
227 285
227 296
227 351
227 424
227 440
227 455
227 462
227 470
227 497
227 499
227 511
227 546
227 553
227 565
227 577
227 586
227 328
228 266
228 276
228 360
228 415
228 492
228 573
228 265
229 240
229 308
229 350
229 360
229 379
229 421
229 530
229 549
230 317
230 369
230 381
230 407
230 449
230 454
230 458
230 478
230 509
230 561
230 593
230 571
231 234
231 263
231 269
231 280
231 318
231 333
231 352
231 362
231 383
231 395
231 400
231 456
231 472
231 475
231 482
231 483
231 508
231 557
231 559
231 581
231 237
231 270
231 336
232 255
232 259
232 304
232 343
232 480
232 535
232 592
233 267
233 323
233 353
233 385
233 435
233 438
233 488
233 595
233 460
234 254
234 263
234 320
234 382
234 404
234 481
234 484
234 494
234 536
234 539
234 569
234 364
235 243
235 273
235 291
235 311
235 348
235 368
235 390
235 408
235 477
235 503
235 551
235 571
235 582
236 247
236 295
236 299
236 301
236 312
236 331
236 345
236 363
236 390
236 392
236 409
236 461
236 366
237 282
237 310
237 476
237 543
237 558
237 552
238 242
238 257
238 301
238 420
238 580
238 335
238 435
239 274
239 303
239 318
239 360
239 362
239 390
239 425
239 486
239 507
239 551
239 582
240 266
240 308
240 380
240 418
240 433
240 490
240 494
240 508
240 509
240 575
240 588
240 390
240 540
241 253
241 259
241 265
241 273
241 296
241 346
241 431
241 440
241 503
241 561
241 376
242 251
242 262
242 274
242 413
242 429
242 500
242 588
242 252
243 282
243 313
243 332
243 360
243 365
243 409
243 430
243 479
243 482
243 498
243 281
244 251
244 253
244 306
244 374
244 483
245 261
245 296
245 305
245 339
245 382
245 447
245 462
245 494
245 539
245 583
245 398
245 258
246 285
246 302
246 399
246 418
246 421
246 518
246 543
246 557
246 572
246 575
246 591
246 329
247 279
247 295
247 298
247 321
247 329
247 352
247 374
247 383
247 392
247 444
247 521
247 569
248 257
248 290
248 302
248 331
248 518
248 547
249 276
249 301
249 320
249 326
249 336
249 341
249 342
249 356
249 362
249 375
249 387
249 404
249 426
249 580
249 593
250 267
250 328
250 363
250 411
250 413
250 434
250 454
250 507
250 544
250 525
251 252
251 325
251 354
251 367
251 375
251 406
251 429
251 439
251 485
251 582
252 310
252 322
252 450
252 451
252 471
252 521
252 581
253 268
253 327
253 335
253 350
253 354
253 370
253 387
253 395
253 423
253 462
253 464
253 497
253 556
253 577
253 586
254 275
254 302
254 331
254 440
254 454
254 487
254 489
254 507
254 423
254 439
254 522
255 279
255 303
255 388
255 391
255 398
256 271
256 363
256 394
256 469
256 563
257 271
257 421
257 529
257 574
257 598
258 276
258 297
258 316
258 385
258 421
258 530
258 579
258 589
258 599
259 265
259 300
259 313
259 329
259 336
259 366
259 384
259 391
259 424
259 505
259 531
260 314
260 315
260 337
260 339
260 382
260 389
260 510
260 547
261 263
261 293
261 346
261 369
261 397
261 404
261 418
261 427
261 449
261 526
261 529
261 538
261 562
261 564
261 497
262 274
262 323
262 329
262 339
262 341
262 371
262 387
262 448
262 571
262 589
262 392
263 291
263 355
263 383
263 432
263 461
263 566
263 328
264 272
264 279
264 280
264 347
264 397
264 417
264 442
264 504
264 508
264 521
264 528
264 426
265 292
265 372
265 381
265 439
265 530
266 341
266 346
266 357
266 376
266 428
266 488
266 519
266 544
266 562
267 272
267 290
267 296
267 297
267 309
267 382
267 463
267 544
267 547
267 499
267 405
267 452
268 281
268 334
268 340
268 354
268 408
268 415
268 428
268 446
268 458
268 508
268 515
269 295
269 301
269 311
269 375
269 399
269 402
269 405
269 447
269 460
269 469
269 489
269 518
269 423
270 284
270 333
270 335
270 341
270 353
270 355
270 487
270 337
271 300
271 524
271 527
271 574
271 371
271 450
272 279
272 365
272 375
272 393
272 419
272 427
272 436
272 481
272 588
272 591
273 319
273 390
273 438
273 480
273 497
273 517
273 555
273 329
274 279
274 283
274 308
274 332
274 350
274 375
274 433
274 448
274 465
274 494
275 288
275 329
275 391
275 449
275 474
275 395
276 282
276 323
276 338
276 341
276 475
276 484
277 366
277 378
277 400
277 441
277 572
277 334
278 366
278 369
278 395
278 440
278 530
278 554
278 569
278 571
279 286
279 338
279 342
279 364
279 369
279 375
279 395
279 419
279 443
279 458
279 477
279 565
279 358
279 392
280 290
280 299
280 345
280 589
280 487
280 359
281 322
281 354
281 420
281 433
281 471
281 502
281 559
282 322
282 327
282 333
282 352
282 365
282 369
282 442
282 452
282 498
282 558
282 595
282 434
282 578
283 304
283 322
283 395
283 410
283 438
283 479
283 494
283 559
283 354
284 338
284 355
284 399
284 457
284 483
284 493
284 520
284 558
284 577
284 588
285 324
285 325
285 334
285 563
285 589
285 592
286 376
286 468
286 508
287 292
287 343
287 367
287 398
287 428
287 438
287 514
287 436
287 341
288 338
288 358
288 425
288 529
288 591
289 301
289 306
289 308
289 327
289 380
289 387
289 443
289 511
289 563
289 579
289 586
290 302
290 318
290 342
290 345
290 358
290 381
290 383
290 519
290 529
290 568
291 335
291 343
291 418
291 430
291 434
291 509
291 526
291 550
291 567
291 570
291 574
291 573
292 305
292 346
292 428
292 459
292 468
292 552
293 397
293 413
293 422
293 425
293 570
293 375
293 499
294 304
294 306
294 385
294 475
294 486
294 571
294 431
295 298
295 310
295 322
295 362
295 383
295 466
295 475
295 483
295 525
295 529
295 447
296 299
296 304
296 315
296 357
296 361
296 386
296 402
296 403
296 432
296 437
296 483
296 495
296 487
297 307
297 352
297 374
297 378
297 388
297 402
297 433
297 443
297 446
297 502
297 527
297 578
297 580
297 587
297 589
297 546
298 324
298 416
298 516
298 560
298 563
298 569
298 586
298 347
299 335
299 339
299 374
299 377
299 414
299 424
299 431
299 434
299 451
299 524
299 553
299 489
300 307
300 314
300 383
300 406
300 431
300 454
300 506
300 585
301 303
301 304
301 336
301 395
301 450
301 522
301 582
301 596
301 587
302 318
302 397
302 437
302 456
302 499
302 539
302 572
303 306
303 314
303 320
303 329
303 337
303 348
303 351
303 372
303 373
303 389
303 390
303 413
303 428
303 479
303 486
303 517
304 334
304 338
304 382
304 401
304 457
304 489
304 495
304 558
304 590
304 428
305 460
305 465
305 473
305 528
305 575
305 589
305 414
305 448
306 313
306 315
306 339
306 351
306 371
306 395
306 407
306 438
306 444
306 560
306 570
306 581
306 482
306 455
307 358
307 430
307 595
308 369
308 400
308 445
308 447
308 448
308 497
308 542
308 552
308 553
308 492
308 431
309 345
309 351
309 361
309 363
309 374
309 386
309 465
309 505
309 537
309 557
309 405
310 327
310 402
310 428
310 436
310 472
310 381
311 331
311 338
311 356
311 408
311 448
311 500
311 534
311 548
311 554
311 577
311 596
312 322
312 347
312 353
312 386
312 436
312 453
312 532
312 560
312 584
312 475
313 350
313 392
313 416
313 476
313 516
313 517
313 538
313 424
314 371
314 439
314 452
314 579
315 317
315 368
315 426
315 546
315 574
315 596
315 551
315 598
316 339
316 366
316 422
316 442
316 455
316 515
317 405
317 474
317 494
317 514
317 574
318 417
318 496
318 516
318 534
318 537
318 567
318 435
319 354
319 521
319 527
319 571
320 332
320 372
320 398
320 426
320 494
320 519
320 531
320 599
321 367
321 396
321 424
321 438
321 440
321 479
321 480
321 485
321 523
321 527
321 597
322 331
322 459
322 471
322 523
322 544
322 496
323 327
323 341
323 531
323 572
324 350
324 414
324 432
324 465
324 502
324 599
325 333
325 366
325 453
325 455
325 470
325 597
326 362
326 368
326 392
326 408
326 422
326 476
326 481
326 498
326 522
326 576
326 584
326 597
326 503
327 354
327 363
327 392
327 395
327 419
327 557
328 415
328 504
328 568
329 341
329 343
329 387
329 426
329 493
329 544
329 590
330 362
330 367
330 429
330 440
330 451
330 489
330 552
330 585
330 586
331 377
331 404
331 408
331 456
331 488
331 543
331 464
332 373
332 479
332 564
333 379
333 455
333 496
333 510
333 517
333 556
333 592
333 504
333 381
334 342
334 356
334 358
334 399
334 500
334 512
335 342
335 434
335 480
335 497
335 521
335 574
335 439
336 359
336 439
336 518
336 538
336 589
337 361
337 401
337 518
337 536
338 467
338 487
338 492
338 546
338 571
338 572
339 370
339 404
339 422
339 485
339 486
340 349
340 354
340 586
341 346
341 417
341 419
341 507
341 549
341 578
342 453
342 488
342 501
342 509
342 529
342 591
343 353
343 377
343 379
343 388
343 506
343 572
343 569
344 372
344 442
344 444
344 537
345 350
345 410
345 488
345 579
346 380
346 491
346 516
346 524
347 358
347 365
347 380
347 415
347 463
348 352
348 398
348 425
348 451
348 467
348 492
348 495
348 541
348 582
348 515
349 351
349 357
349 364
349 378
349 406
349 413
349 466
349 471
349 485
349 507
349 514
349 522
349 523
349 595
350 381
350 405
350 574
350 586
350 594
350 465
351 382
351 403
351 441
351 448
351 452
351 466
351 478
351 569
351 589
351 592
351 599
352 361
352 479
352 525
352 568
353 376
353 384
353 423
353 505
353 542
353 543
353 548
354 369
354 398
354 407
354 540
354 587
354 358
355 464
355 497
355 525
355 534
355 575
355 578
356 459
356 536
356 562
356 583
357 426
357 496
357 553
357 575
358 378
358 413
358 581
358 598
359 392
359 422
359 439
359 513
359 401
360 379
360 383
360 389
360 421
360 513
361 393
361 545
361 546
361 445
362 411
362 414
362 428
362 463
362 467
362 469
362 536
362 577
362 427
364 367
364 378
364 379
364 424
364 475
364 508
364 524
364 564
364 565
365 368
365 388
365 486
366 372
366 390
366 394
366 427
367 464
367 517
368 409
368 410
368 416
368 447
368 575
368 591
368 592
369 371
369 379
369 380
369 409
369 452
369 504
370 429
370 461
370 500
370 520
370 561
370 575
370 584
370 588
371 381
371 393
371 438
371 593
371 552
372 582
373 403
373 418
373 423
373 474
373 497
373 509
373 515
373 542
373 564
373 573
374 407
374 586
375 397
376 411
376 452
376 555
376 571
377 467
377 545
377 566
378 435
378 548
379 445
380 381
380 384
380 444
380 469
380 514
380 543
381 411
381 485
382 470
382 588
382 599
382 491
383 588
384 389
384 397
384 431
384 440
384 461
384 570
385 413
385 417
385 432
385 445
385 458
385 477
385 495
385 503
385 509
385 545
385 548
385 558
385 563
386 406
386 499
386 520
386 568
386 582
387 459
387 591
388 445
388 466
388 474
388 531
388 546
389 408
389 456
389 557
389 587
390 437
391 524
391 405
392 410
392 441
392 456
392 522
392 533
392 552
393 453
393 485
393 597
394 484
394 565
395 397
395 462
395 466
395 511
396 473
396 500
396 526
396 572
397 437
397 442
397 587
398 423
398 480
398 507
398 532
398 545
399 417
399 476
399 589
399 502
400 420
400 515
400 539
400 575
401 404
401 432
401 436
401 455
401 464
401 499
401 516
402 500
402 573
403 455
403 459
403 462
404 411
404 416
404 421
404 435
404 457
404 464
404 473
405 464
405 468
405 495
406 479
407 421
407 439
407 450
407 457
407 509
407 554
407 558
408 458
408 505
409 438
409 456
409 476
409 490
409 499
410 434
410 451
410 469
410 472
410 501
410 521
410 566
411 419
411 423
411 481
411 493
412 449
412 454
412 455
412 468
412 551
412 588
413 425
413 431
413 432
413 506
414 455
414 469
414 594
415 420
415 429
417 438
417 527
417 443
418 420
418 433
418 525
418 553
418 561
419 449
419 457
419 542
419 552
420 506
420 554
421 457
421 510
421 534
422 458
423 447
424 435
425 448
425 457
425 463
425 473
425 490
425 497
425 521
425 531
425 551
426 487
426 513
426 594
427 514
427 540
427 567
428 500
428 540
428 565
429 526
429 535
429 581
430 441
430 511
430 527
430 532
430 589
430 591
430 566
431 569
431 598
431 544
431 591
432 465
432 478
432 485
432 517
432 523
432 533
433 443
433 471
433 497
433 532
433 541
434 549
434 583
435 454
435 515
435 520
435 545
435 578
436 437
436 457
437 445
437 485
437 577
438 533
439 446
439 596
440 442
440 443
440 449
440 464
440 514
440 587
441 550
442 452
442 536
442 570
442 580
443 454
443 538
443 588
444 489
444 541
444 570
444 579
445 456
445 478
445 495
446 522
446 535
446 571
447 467
447 478
447 487
447 517
447 576
448 456
448 583
449 552
450 499
450 514
450 574
451 566
451 571
452 478
452 513
452 519
452 537
452 564
452 558
453 458
453 488
453 542
454 491
454 526
455 468
455 503
455 524
455 533
456 487
456 583
457 514
457 528
457 554
457 568
459 493
460 466
461 463
461 491
461 514
461 554
461 584
461 595
463 465
463 502
463 506
464 486
464 530
464 539
465 498
465 502
465 545
466 491
466 563
466 585
467 480
467 564
467 585
468 526
469 498
469 547
470 490
472 540
473 513
473 518
473 553
473 556
473 560
474 506
474 516
474 532
474 511
475 556
475 557
476 493
476 577
477 569
477 591
478 593
479 545
479 593
480 546
481 511
481 514
481 535
481 553
482 533
483 492
483 503
483 565
484 494
484 530
485 521
485 535
485 570
485 594
486 561
486 594
487 503
489 583
491 539
493 515
493 574
493 596
494 529
494 548
494 597
494 517
496 519
497 519
497 527
497 538
497 567
497 572
497 581
498 513
498 550
498 534
499 583
499 593
500 518
500 567
501 512
501 598
502 579
502 589
503 587
504 507
504 524
504 543
504 577
505 568
506 576
506 554
507 552
508 552
508 554
508 590
509 515
509 528
509 558
509 564
511 541
511 551
512 566
514 545
515 544
515 589
517 583
519 579
520 547
520 597
520 521
522 597
523 542
524 591
527 564
527 566
528 549
528 576
530 543
530 577
530 591
532 533
533 553
533 562
534 577
534 595
534 599
535 571
535 544
536 549
536 578
537 566
538 577
538 592
539 552
541 562
543 559
544 570
545 598
549 574
550 558
550 566
550 582
551 594
552 575
552 581
556 572
557 594
561 598
563 579
564 593
567 570
569 573
569 594
570 573
571 586
572 593
572 574
576 579
576 581
577 584
578 579
579 587
583 595
586 597
589 598
594 598