880580175
6
600
3682
0 6
0 8
0 9
0 10
0 13
0 14
0 15
0 24
0 25
0 30
0 32
0 39
0 41
0 71
0 84
0 95
0 108
0 156
0 160
0 177
0 191
0 192
0 198
0 201
0 210
0 218
0 243
0 269
0 272
0 288
0 334
0 385
0 386
0 430
0 513
0 517
0 536
0 543
1 6
1 7
1 11
1 17
1 23
1 37
1 45
1 46
1 53
1 61
1 86
1 110
1 131
1 146
1 155
1 159
1 164
1 170
1 176
1 188
1 219
1 238
1 273
1 306
1 448
1 451
1 452
1 456
1 493
1 497
1 571
1 581
2 6
2 7
2 8
2 9
2 13
2 14
2 15
2 16
2 17
2 20
2 26
2 40
2 41
2 44
2 52
2 59
2 67
2 70
2 77
2 90
2 104
2 138
2 233
2 246
2 247
2 251
2 288
2 290
2 297
2 313
2 319
2 325
2 349
2 352
2 369
2 394
2 407
2 430
2 458
2 468
2 469
2 477
2 504
2 526
2 529
2 534
2 586
2 593
3 6
3 7
3 8
3 9
3 11
3 12
3 15
3 16
3 18
3 19
3 21
3 23
3 24
3 25
3 27
3 28
3 29
3 32
3 33
3 37
3 41
3 54
3 56
3 62
3 66
3 69
3 71
3 74
3 79
3 84
3 95
3 106
3 112
3 138
3 139
3 162
3 168
3 169
3 205
3 206
3 214
3 231
3 237
3 250
3 257
3 259
3 266
3 291
3 298
3 310
3 335
3 337
3 350
3 351
3 359
3 383
3 400
3 409
3 420
3 433
3 436
3 443
3 463
3 481
3 485
3 494
3 498
3 505
3 522
3 545
3 579
4 6
4 7
4 10
4 14
4 23
4 72
4 75
4 106
4 112
4 131
4 136
4 227
4 238
4 250
4 256
4 269
4 439
4 510
4 531
4 580
4 428
4 511
5 6
5 7
5 8
5 9
5 11
5 12
5 13
5 14
5 16
5 18
5 19
5 20
5 21
5 28
5 30
5 32
5 36
5 40
5 42
5 45
5 51
5 69
5 89
5 112
5 113
5 116
5 139
5 149
5 151
5 162
5 172
5 188
5 190
5 216
5 270
5 285
5 305
5 342
5 377
5 395
5 403
5 412
5 424
5 437
5 443
5 444
5 464
5 491
5 514
5 528
5 548
5 568
5 578
5 592
6 7
6 8
6 9
6 10
6 11
6 12
6 14
6 15
6 16
6 18
6 19
6 22
6 25
6 29
6 40
6 45
6 46
6 52
6 57
6 58
6 61
6 63
6 82
6 96
6 117
6 142
6 147
6 178
6 187
6 193
6 209
6 220
6 241
6 244
6 246
6 252
6 258
6 268
6 271
6 275
6 279
6 285
6 286
6 295
6 319
6 336
6 358
6 375
6 390
6 393
6 401
6 409
6 412
6 472
6 485
6 556
6 562
6 566
6 297
6 586
6 124
6 427
7 8
7 10
7 11
7 12
7 13
7 17
7 18
7 19
7 21
7 25
7 31
7 33
7 34
7 35
7 36
7 37
7 39
7 41
7 47
7 51
7 52
7 55
7 58
7 65
7 67
7 73
7 80
7 98
7 101
7 119
7 132
7 144
7 145
7 149
7 156
7 160
7 171
7 192
7 201
7 209
7 217
7 218
7 223
7 235
7 254
7 271
7 297
7 309
7 313
7 316
7 318
7 324
7 342
7 357
7 359
7 364
7 367
7 375
7 406
7 414
7 417
7 427
7 429
7 488
7 494
7 507
7 508
7 513
7 521
7 532
7 534
7 563
7 570
7 371
8 9
8 10
8 12
8 13
8 20
8 23
8 32
8 39
8 61
8 62
8 63
8 64
8 68
8 69
8 70
8 74
8 77
8 78
8 90
8 102
8 104
8 108
8 115
8 117
8 120
8 124
8 158
8 163
8 164
8 173
8 183
8 188
8 189
8 195
8 197
8 199
8 200
8 206
8 211
8 223
8 224
8 239
8 256
8 281
8 291
8 306
8 329
8 331
8 345
8 366
8 370
8 387
8 412
8 420
8 422
8 426
8 445
8 464
8 470
8 471
8 491
8 493
8 504
8 520
8 530
8 542
8 556
8 99
8 131
9 10
9 11
9 16
9 18
9 19
9 20
9 22
9 24
9 26
9 27
9 28
9 29
9 30
9 35
9 38
9 39
9 43
9 45
9 47
9 49
9 50
9 53
9 55
9 65
9 68
9 69
9 73
9 79
9 84
9 87
9 92
9 98
9 99
9 104
9 106
9 110
9 116
9 123
9 124
9 128
9 135
9 141
9 145
9 158
9 167
9 169
9 175
9 186
9 191
9 193
9 196
9 199
9 203
9 207
9 209
9 215
9 221
9 230
9 240
9 246
9 248
9 263
9 264
9 292
9 294
9 298
9 304
9 311
9 312
9 313
9 316
9 322
9 339
9 346
9 350
9 351
9 369
9 376
9 384
9 399
9 402
9 425
9 438
9 446
9 447
9 449
9 463
9 467
9 475
9 482
9 496
9 498
9 507
9 522
9 554
9 561
9 564
9 566
9 583
9 586
9 504
10 12
10 15
10 21
10 22
10 23
10 26
10 30
10 31
10 33
10 34
10 35
10 37
10 39
10 40
10 49
10 51
10 60
10 63
10 66
10 72
10 75
10 79
10 93
10 97
10 102
10 111
10 114
10 117
10 125
10 127
10 134
10 140
10 144
10 161
10 164
10 165
10 182
10 185
10 198
10 200
10 202
10 221
10 223
10 243
10 258
10 266
10 274
10 277
10 282
10 283
10 286
10 289
10 290
10 322
10 329
10 330
10 348
10 361
10 365
10 368
10 372
10 376
10 389
10 426
10 434
10 453
10 469
10 474
10 477
10 481
10 487
10 490
10 521
10 529
10 535
10 538
10 539
10 541
10 566
10 567
10 590
10 207
11 16
11 17
11 22
11 23
11 29
11 31
11 43
11 47
11 51
11 56
11 58
11 74
11 75
11 85
11 86
11 89
11 99
11 110
11 115
11 118
11 156
11 158
11 174
11 182
11 193
11 196
11 203
11 210
11 213
11 241
11 242
11 248
11 253
11 268
11 269
11 273
11 274
11 281
11 287
11 325
11 454
11 517
11 521
11 535
11 540
11 549
11 557
11 599
11 438
12 13
12 17
12 24
12 25
12 27
12 44
12 46
12 50
12 52
12 57
12 62
12 72
12 76
12 87
12 88
12 89
12 90
12 92
12 107
12 111
12 122
12 124
12 135
12 142
12 147
12 155
12 165
12 179
12 187
12 207
12 212
12 235
12 238
12 266
12 269
12 275
12 278
12 285
12 316
12 324
12 337
12 346
12 381
12 383
12 384
12 398
12 402
12 406
12 415
12 432
12 450
12 459
12 460
12 485
12 519
12 534
12 540
12 542
12 553
12 564
12 577
12 597
12 584
13 14
13 17
13 20
13 35
13 38
13 44
13 49
13 50
13 51
13 59
13 76
13 88
13 100
13 101
13 109
13 122
13 130
13 135
13 136
13 137
13 163
13 187
13 200
13 213
13 214
13 219
13 220
13 228
13 248
13 259
13 264
13 280
13 284
13 290
13 335
13 361
13 402
13 432
13 448
13 459
13 493
13 499
13 504
13 558
13 571
13 581
13 25
14 15
14 18
14 26
14 36
14 47
14 53
14 54
14 55
14 56
14 66
14 83
14 95
14 106
14 107
14 113
14 123
14 128
14 129
14 130
14 133
14 141
14 152
14 155
14 161
14 162
14 164
14 174
14 176
14 186
14 197
14 239
14 250
14 256
14 259
14 262
14 267
14 298
14 342
14 380
14 383
14 398
14 401
14 404
14 444
14 455
14 461
14 471
14 479
14 488
14 496
14 508
14 544
14 564
14 595
14 551
15 19
15 20
15 24
15 29
15 36
15 43
15 68
15 86
15 92
15 100
15 131
15 142
15 151
15 159
15 160
15 164
15 274
15 317
15 325
15 330
15 345
15 367
15 380
15 433
15 451
15 453
15 409
16 22
16 27
16 28
16 49
16 61
16 70
16 78
16 82
16 84
16 88
16 91
16 96
16 103
16 157
16 162
16 165
16 203
16 235
16 264
16 350
16 423
16 431
16 497
16 537
16 566
16 360
17 21
17 44
17 54
17 72
17 98
17 159
17 225
17 248
17 265
17 281
17 340
17 410
17 506
17 518
17 563
17 576
17 596
18 21
18 27
18 30
18 35
18 42
18 50
18 62
18 97
18 99
18 113
18 126
18 127
18 170
18 173
18 177
18 182
18 285
18 370
18 385
18 389
18 395
18 425
18 468
18 473
18 505
18 528
18 532
18 551
18 579
18 582
18 587
19 26
19 27
19 38
19 43
19 52
19 55
19 67
19 81
19 95
19 104
19 105
19 110
19 114
19 118
19 122
19 124
19 140
19 176
19 184
19 198
19 238
19 262
19 267
19 274
19 275
19 354
19 359
19 370
19 435
19 453
19 466
19 484
19 497
19 499
19 505
19 515
20 22
20 28
20 30
20 33
20 34
20 41
20 57
20 60
20 67
20 85
20 102
20 105
20 113
20 128
20 132
20 136
20 165
20 169
20 254
20 261
20 272
20 279
20 288
20 305
20 308
20 330
20 336
20 380
20 388
20 398
20 414
20 423
20 488
20 505
20 506
20 513
20 568
20 590
21 24
21 42
21 70
21 97
21 128
21 139
21 140
21 153
21 172
21 221
21 231
21 234
21 352
21 382
21 396
21 494
21 551
22 48
22 81
22 96
22 116
22 129
22 138
22 154
22 163
22 185
22 205
22 214
22 231
22 321
22 407
22 413
22 428
22 556
22 599
22 51
23 33
23 39
23 48
23 59
23 63
23 73
23 75
23 82
23 85
23 111
23 120
23 132
23 134
23 151
23 170
23 173
23 191
23 205
23 247
23 255
23 257
23 272
23 275
23 293
23 298
23 317
23 346
23 372
23 389
23 432
23 457
23 549
23 551
23 555
23 595
24 25
24 26
24 29
24 31
24 33
24 35
24 38
24 43
24 53
24 61
24 64
24 69
24 73
24 76
24 78
24 84
24 85
24 87
24 88
24 91
24 94
24 102
24 106
24 116
24 131
24 147
24 151
24 152
24 172
24 173
24 180
24 186
24 201
24 206
24 218
24 224
24 227
24 241
24 267
24 277
24 284
24 287
24 312
24 315
24 322
24 331
24 335
24 360
24 379
24 380
24 386
24 390
24 396
24 422
24 436
24 479
24 506
24 511
24 528
24 552
24 554
24 555
24 557
24 567
24 571
24 594
24 595
24 544
24 581
24 215
25 32
25 55
25 94
25 103
25 108
25 152
25 154
25 159
25 160
25 181
25 205
25 251
25 299
25 320
25 397
25 498
25 543
25 552
25 554
26 28
26 31
26 34
26 37
26 45
26 67
26 83
26 101
26 121
26 136
26 140
26 144
26 159
26 162
26 190
26 246
26 251
26 259
26 319
26 344
26 373
26 382
26 404
26 420
26 448
26 468
26 491
26 495
26 506
26 535
26 572
27 34
27 42
27 45
27 47
27 48
27 50
27 60
27 63
27 66
27 81
27 111
27 129
27 137
27 138
27 145
27 152
27 156
27 157
27 172
27 215
27 222
27 233
27 249
27 277
27 286
27 303
27 355
27 379
27 386
27 391
27 416
27 424
27 429
27 510
27 514
27 525
27 563
27 579
27 585
28 32
28 38
28 42
28 44
28 48
28 65
28 71
28 86
28 105
28 143
28 144
28 147
28 148
28 194
28 207
28 211
28 214
28 232
28 240
28 251
28 294
28 305
28 310
28 323
28 333
28 335
28 351
28 365
28 432
28 440
28 455
28 486
28 496
28 523
28 598
28 321
29 31
29 40
29 58
29 62
29 66
29 93
29 98
29 121
29 123
29 129
29 139
29 143
29 148
29 215
29 216
29 224
29 227
29 243
29 265
29 297
29 332
29 411
29 449
29 491
29 536
29 582
29 587
30 42
30 56
30 70
30 83
30 90
30 93
30 95
30 103
30 115
30 128
30 144
30 174
30 183
30 186
30 188
30 196
30 213
30 218
30 223
30 229
30 232
30 281
30 282
30 287
30 306
30 341
30 345
30 356
30 362
30 376
30 419
30 428
30 441
30 516
30 575
30 332
31 36
31 40
31 68
31 98
31 100
31 107
31 110
31 118
31 126
31 130
31 182
31 203
31 212
31 220
31 244
31 296
31 366
31 397
31 428
31 444
31 508
31 548
32 71
32 80
32 89
32 119
32 171
32 242
32 308
32 332
32 353
32 416
32 452
32 455
32 473
32 490
32 492
32 551
32 582
32 599
33 34
33 37
33 49
33 62
33 66
33 83
33 87
33 95
33 100
33 159
33 184
33 202
33 215
33 217
33 244
33 251
33 336
33 344
33 384
33 418
33 453
33 454
33 465
33 472
33 487
33 528
33 533
33 546
33 548
33 505
34 38
34 54
34 80
34 84
34 141
34 198
34 202
34 221
34 223
34 243
34 326
34 331
34 350
34 357
34 376
34 398
34 495
34 508
35 36
35 43
35 52
35 65
35 77
35 79
35 82
35 103
35 114
35 131
35 139
35 146
35 153
35 179
35 185
35 195
35 204
35 218
35 234
35 237
35 310
35 321
35 324
35 328
35 334
35 350
35 356
35 374
35 377
35 406
35 419
35 421
35 441
35 446
35 525
35 580
35 585
35 537
36 48
36 60
36 117
36 120
36 121
36 130
36 153
36 195
36 230
36 239
36 252
36 298
36 367
36 380
36 386
36 394
36 445
36 516
36 561
37 41
37 48
37 54
37 56
37 58
37 76
37 81
37 118
37 122
37 143
37 166
37 193
37 222
37 265
37 278
37 291
37 312
37 339
37 341
37 343
37 344
37 381
37 422
37 520
37 584
37 451
38 46
38 53
38 55
38 61
38 72
38 89
38 116
38 140
38 150
38 254
38 263
38 300
38 373
38 405
38 411
38 415
38 545
38 580
38 581
39 46
39 51
39 59
39 60
39 136
39 177
39 387
39 475
39 490
39 510
39 555
39 584
39 384
40 44
40 57
40 59
40 67
40 68
40 70
40 74
40 94
40 101
40 106
40 108
40 132
40 134
40 158
40 177
40 192
40 194
40 202
40 228
40 243
40 265
40 284
40 305
40 307
40 319
40 322
40 328
40 332
40 361
40 390
40 399
40 420
40 426
40 429
40 448
40 535
40 545
40 186
40 86
41 47
41 49
41 79
41 80
41 102
41 124
41 154
41 191
41 203
41 207
41 224
41 269
41 276
41 294
41 376
41 385
41 422
41 519
41 541
41 551
41 588
42 46
42 75
42 170
42 303
42 363
42 453
42 490
42 550
42 562
43 64
43 138
43 145
43 181
43 196
43 205
43 230
43 275
43 281
43 296
43 324
43 352
43 471
43 500
44 54
44 71
44 77
44 109
44 196
44 399
44 410
44 466
44 502
44 503
44 458
45 50
45 59
45 68
45 78
45 111
45 112
45 137
45 166
45 189
45 255
45 426
45 454
45 462
45 474
45 517
45 524
45 530
45 247
46 75
46 82
46 91
46 94
46 103
46 232
46 271
46 370
46 524
47 57
47 74
47 86
47 96
47 98
47 104
47 116
47 119
47 123
47 125
47 155
47 174
47 191
47 220
47 226
47 242
47 270
47 278
47 286
47 304
47 371
47 379
47 396
47 404
47 431
47 499
48 57
48 58
48 65
48 89
48 97
48 107
48 122
48 143
48 148
48 169
48 239
48 252
48 261
48 302
48 378
48 381
48 427
48 451
48 456
48 518
48 536
48 174
49 65
49 132
49 183
49 217
49 472
49 506
49 510
49 595
49 179
50 73
50 79
50 80
50 83
50 100
50 105
50 123
50 160
50 161
50 167
50 186
50 242
50 248
50 271
50 281
50 291
50 293
50 297
50 333
50 405
50 438
50 443
50 495
50 496
50 528
50 537
50 587
51 53
51 64
51 77
51 78
51 83
51 124
51 157
51 180
51 344
51 347
51 352
51 371
51 524
51 65
52 93
52 109
52 126
52 148
52 150
52 179
52 189
52 206
52 249
52 296
52 301
52 328
52 340
52 351
52 364
52 442
52 467
52 501
52 523
52 573
52 579
52 594
53 91
53 184
53 230
53 236
53 243
53 280
53 349
53 592
54 56
54 63
54 64
54 99
54 103
54 147
54 187
54 250
54 269
54 336
54 338
54 530
54 585
55 349
55 394
55 462
55 498
55 235
56 71
56 74
56 192
56 208
56 283
56 289
56 290
56 291
56 292
56 364
56 366
56 434
56 483
57 167
57 216
57 266
57 272
57 323
57 348
57 438
58 73
58 94
58 142
58 166
58 195
58 208
58 224
58 250
58 273
58 331
58 333
58 355
58 358
58 362
58 387
58 389
58 397
58 522
58 338
58 117
59 60
59 64
59 69
59 72
59 81
59 100
59 133
59 232
59 278
59 314
59 316
59 403
59 404
59 457
59 493
59 543
59 575
59 583
60 76
60 85
60 137
60 226
60 338
61 110
61 150
61 197
61 293
61 326
61 330
61 336
61 354
61 464
62 77
62 80
62 166
62 222
62 246
62 302
62 304
62 354
62 430
62 439
62 441
62 501
63 87
63 92
63 93
63 119
63 121
63 154
63 160
63 168
63 197
63 251
63 307
63 352
63 363
63 372
63 508
64 127
64 198
64 393
64 512
65 93
65 134
65 145
65 165
65 171
65 197
65 211
65 244
65 258
65 273
65 305
65 311
65 314
65 333
65 351
65 437
65 488
65 491
65 503
66 115
66 163
66 225
66 380
66 560
67 212
67 234
67 257
67 273
67 283
67 589
68 127
68 187
68 265
68 289
68 322
69 133
69 172
69 179
69 191
69 301
69 346
69 364
69 385
69 389
69 457
70 102
70 108
70 115
70 140
70 155
70 354
70 403
70 452
70 459
70 476
70 482
70 585
70 446
71 91
71 125
71 149
71 171
71 208
71 227
71 258
71 399
71 420
71 492
71 566
71 214
72 76
72 88
72 92
72 153
72 175
72 180
72 181
72 241
72 245
72 284
72 287
72 290
72 299
72 341
72 392
72 418
72 431
72 439
72 449
72 462
73 90
73 127
73 139
73 163
73 233
73 250
73 252
73 271
73 486
73 504
73 212
74 92
74 94
74 185
74 197
74 313
74 340
74 402
74 413
74 418
74 423
74 435
74 521
74 561
74 265
75 101
75 107
75 112
75 115
75 126
75 158
75 220
75 228
75 345
75 362
75 386
75 389
75 398
75 453
75 476
75 503
75 531
75 533
75 534
75 538
75 591
75 592
76 78
76 105
76 112
76 114
76 121
76 136
76 157
76 184
76 190
76 210
76 221
76 240
76 248
76 263
76 276
76 294
76 301
76 337
76 360
76 366
76 372
76 378
76 379
76 394
76 425
76 442
76 457
76 458
76 470
76 559
76 573
77 90
77 120
77 137
77 161
77 180
77 193
77 226
77 320
77 373
77 517
77 519
77 538
77 550
78 81
78 85
78 135
78 138
78 245
78 247
78 345
78 375
78 429
78 442
78 533
79 82
79 120
79 200
79 260
79 278
79 283
79 329
79 377
79 447
79 461
79 467
79 477
79 549
79 570
79 395
79 166
79 241
80 91
80 108
80 118
80 121
80 152
80 260
80 323
80 414
80 492
80 566
81 96
81 150
81 154
81 249
81 303
81 321
81 338
81 391
81 408
81 496
81 558
81 560
82 86
82 101
82 105
82 109
82 130
82 148
82 195
82 196
82 236
82 244
82 254
82 260
82 270
82 306
82 310
82 321
82 414
82 429
82 574
82 577
82 594
83 87
83 88
83 99
83 119
83 127
83 129
83 134
83 151
83 162
83 165
83 199
83 241
83 244
83 282
83 286
83 308
83 312
83 347
83 356
83 359
83 370
83 371
83 373
83 391
83 405
83 499
83 515
83 526
83 534
83 544
83 560
83 589
83 598
84 285
84 400
84 497
84 508
84 583
84 96
85 119
85 143
85 166
85 211
85 224
85 308
85 436
85 463
85 510
85 527
85 523
85 419
86 96
86 123
86 134
86 163
86 277
87 97
87 107
87 109
87 173
87 307
87 402
87 408
87 557
87 592
88 114
88 146
88 161
88 181
88 189
88 203
88 270
88 292
88 356
88 429
88 480
88 494
88 511
88 544
89 104
89 150
89 218
89 219
89 366
89 481
89 597
90 194
90 226
90 440
90 487
90 596
91 128
91 329
91 443
91 503
92 132
92 133
92 363
92 446
92 461
92 571
93 135
93 214
93 236
93 253
93 306
93 337
93 349
93 353
93 356
93 569
94 253
94 287
94 346
94 368
95 97
95 150
95 299
95 339
95 392
95 487
95 477
96 99
96 125
96 174
96 199
96 237
96 247
96 253
96 294
96 423
96 553
96 558
96 596
96 588
97 111
97 133
97 148
97 207
97 211
97 217
97 333
98 129
98 146
98 491
98 512
98 518
98 548
99 152
99 225
99 357
99 486
99 552
100 113
100 290
100 359
100 442
100 518
101 117
101 120
101 164
101 167
101 199
101 280
101 302
101 307
101 312
101 328
101 393
101 435
101 484
101 511
101 594
102 122
102 141
102 146
102 157
102 169
102 171
102 175
102 179
102 208
102 245
102 274
102 285
102 296
102 407
102 410
102 474
102 521
102 563
102 584
102 598
102 575
103 217
103 245
103 541
103 543
103 582
104 114
104 220
104 230
104 293
104 387
105 133
105 149
105 175
105 177
105 254
105 264
105 327
105 341
105 393
105 394
105 539
105 178
106 144
106 156
106 182
106 185
106 190
106 223
106 234
106 236
106 260
106 289
106 409
106 410
106 511
106 546
106 201
107 109
107 113
107 125
107 137
107 245
107 284
107 289
107 322
107 405
107 450
107 481
107 561
107 163
107 347
108 151
108 212
108 288
109 118
109 126
109 161
109 261
109 319
109 360
109 374
109 476
109 501
109 509
110 117
110 125
110 135
110 178
110 206
110 334
110 376
110 400
110 406
110 413
110 436
110 528
110 560
111 147
111 149
111 157
111 348
111 358
111 388
111 390
111 487
111 569
111 574
112 174
112 177
112 270
112 283
112 402
112 509
112 165
113 130
113 131
113 149
113 153
113 168
113 176
113 215
113 304
113 437
113 442
113 565
113 589
113 599
113 246
114 126
114 154
114 317
115 146
115 227
115 235
115 320
115 400
115 442
115 550
116 232
116 263
116 388
117 198
117 264
117 268
117 297
117 354
117 395
117 458
117 477
117 563
118 167
118 194
118 341
118 449
118 354
119 229
119 546
120 168
120 219
120 343
120 360
120 362
120 459
120 527
121 142
121 377
122 185
122 190
122 231
122 300
122 372
122 481
122 531
122 575
123 193
123 204
123 267
123 313
123 457
123 520
123 388
124 382
124 478
125 145
125 181
125 235
125 272
125 307
125 309
125 427
125 428
125 447
125 452
125 557
125 560
125 293
126 180
126 288
126 317
126 355
126 393
126 493
126 535
126 588
127 173
127 183
127 188
127 194
127 201
127 276
127 334
127 394
127 419
127 441
127 461
127 471
127 492
127 502
127 526
127 583
128 141
128 200
128 213
128 214
128 237
128 256
128 289
128 300
128 309
128 342
128 344
128 361
128 374
128 473
128 480
128 516
129 143
129 509
130 168
130 170
130 189
130 201
130 276
130 305
130 377
130 473
130 524
130 580
130 584
131 235
131 407
131 439
132 239
132 321
132 554
133 178
133 206
133 233
133 302
133 309
133 331
133 358
133 383
133 415
133 417
133 436
134 180
134 272
134 465
135 141
135 176
135 179
135 273
135 332
135 370
135 505
135 591
136 189
136 257
136 261
136 542
137 299
138 208
138 257
138 300
138 318
138 355
138 369
138 581
139 204
139 260
140 142
140 279
140 307
140 371
140 417
140 484
141 178
141 190
141 202
141 211
141 215
141 242
141 279
141 364
141 498
141 503
142 300
142 314
142 374
142 378
142 445
142 540
143 156
143 226
143 280
143 326
143 569
144 242
144 292
144 295
144 338
144 435
144 573
145 341
145 371
145 382
145 452
146 183
146 188
146 347
146 597
147 184
147 209
147 234
147 260
147 303
147 336
147 513
147 220
148 155
148 175
148 238
148 451
149 166
149 167
149 172
149 176
149 204
149 233
149 323
149 334
149 382
149 433
149 439
149 454
149 487
150 195
150 228
150 283
150 357
150 391
150 210
150 353
151 169
151 271
151 373
151 450
152 153
152 171
152 178
152 217
152 352
152 366
152 368
152 434
152 454
152 486
152 532
152 201
153 199
153 590
154 170
154 254
154 255
154 365
154 450
154 483
154 543
154 441
155 158
155 236
155 246
156 175
156 399
156 460
157 181
157 183
157 434
158 204
158 310
158 339
158 403
158 486
158 219
159 219
159 231
159 408
159 411
159 462
159 470
159 593
160 414
161 202
161 213
161 332
161 349
161 533
162 236
163 216
163 280
163 327
163 347
163 515
163 550
164 225
164 239
164 279
164 360
164 537
164 556
165 255
165 277
165 321
165 330
165 354
165 365
165 368
165 446
165 474
165 488
165 572
165 378
166 168
166 371
166 386
166 542
166 592
167 194
167 451
167 522
168 187
168 229
168 255
168 258
168 262
168 400
168 410
168 512
168 544
169 207
169 213
169 261
169 295
169 315
169 317
169 333
169 392
169 421
169 447
169 452
169 512
169 548
169 560
169 579
170 182
170 184
170 201
170 216
170 233
170 392
170 488
170 511
170 513
170 516
171 178
171 228
171 240
171 264
171 393
171 408
171 430
171 474
171 495
171 525
171 547
172 229
172 329
172 353
172 480
172 561
172 203
173 209
173 225
173 241
173 262
173 276
173 284
173 329
173 377
173 440
173 485
173 543
174 255
174 599
175 280
175 559
176 221
176 296
176 355
176 568
176 585
176 260
177 186
177 208
177 314
177 382
177 557
178 253
178 259
178 295
178 340
178 385
178 413
178 484
178 492
178 542
178 564
179 210
179 230
179 240
179 292
179 325
179 424
179 460
179 502
179 552
179 570
179 571
179 573
180 210
180 237
180 343
180 381
180 425
180 445
180 517
181 415
181 519
181 567
181 592
183 418
183 435
183 254
184 222
184 247
184 409
184 412
184 458
184 498
184 520
184 539
184 596
185 209
185 328
185 478
185 538
186 192
186 276
186 310
186 320
186 330
186 397
186 404
186 421
186 422
186 539
187 222
187 226
187 348
187 350
187 469
187 547
187 577
188 222
188 492
189 252
189 297
189 374
189 391
189 559
189 205
190 192
190 200
190 274
190 293
190 299
190 308
190 327
190 353
190 218
191 210
191 308
191 430
191 516
191 541
191 550
192 227
192 306
192 297
193 219
193 311
193 446
193 471
193 472
193 553
195 205
195 212
195 256
195 265
195 361
195 421
195 485
195 500
195 515
195 311
196 237
196 336
197 282
197 511
197 205
199 212
199 245
199 358
199 407
199 427
199 513
199 531
199 532
199 588
200 381
200 408
200 433
201 411
201 418
201 549
202 473
202 591
203 204
203 231
203 268
203 339
203 356
203 464
203 489
203 593
203 491
204 331
204 346
204 390
204 459
205 216
205 499
205 538
206 459
206 458
207 225
207 529
208 555
208 577
209 252
209 318
209 327
209 362
209 383
209 443
209 477
209 494
210 256
210 301
210 337
210 483
210 540
210 279
211 475
211 529
212 232
212 427
213 240
213 293
213 319
213 482
213 502
213 530
213 544
214 318
214 369
214 427
214 455
214 479
214 536
214 588
214 240
215 320
215 325
215 359
215 378
215 387
215 545
216 258
216 282
216 295
216 309
216 416
216 531
216 573
216 587
217 344
217 415
217 586
217 596
218 315
218 413
218 545
218 567
219 266
219 500
219 558
219 586
220 277
220 294
220 363
220 426
220 461
221 304
221 384
221 458
222 234
222 287
222 353
222 375
222 547
222 266
223 259
223 262
223 263
223 343
223 403
223 477
223 495
223 516
223 531
223 540
223 554
223 558
223 575
223 599
224 229
224 315
224 338
224 398
224 409
224 569
224 576
224 584
225 325
225 500
226 443
226 460
227 228
227 229
227 238
227 247
227 268
227 300
227 458
227 489
227 553
228 486
228 537
228 402
230 351
230 384
231 261
231 365
231 559
231 597
232 267
232 315
232 326
232 328
232 549
232 570
232 589
232 567
233 249
233 397
234 249
234 323
234 369
234 466
235 267
235 395
235 448
236 282
236 369
236 465
237 431
237 478
239 360
239 489
240 249
240 318
240 345
240 355
240 437
240 521
240 547
241 266
241 500
242 263
242 270
242 396
242 589
243 579
244 253
244 303
244 312
244 378
244 406
244 444
244 468
244 539
244 576
245 591
246 317
246 451
246 455
246 520
247 363
247 534
248 257
249 268
249 275
249 326
249 343
249 367
249 467
249 547
249 570
249 335
250 301
250 367
251 315
251 362
251 364
251 489
252 454
252 480
252 507
252 524
253 450
253 562
254 383
254 501
254 530
255 438
255 526
256 260
256 278
256 303
256 523
258 324
258 343
258 412
258 423
258 307
259 262
259 296
259 358
259 416
259 456
260 388
260 411
260 532
261 295
261 425
261 527
263 313
263 415
263 578
264 433
264 441
264 558
265 462
266 286
266 337
266 460
268 538
269 311
269 564
270 572
270 550
271 489
271 587
272 434
272 525
272 533
273 497
274 361
274 440
274 462
274 572
274 578
275 445
275 568
276 279
276 581
276 475
277 299
277 302
277 353
277 373
277 507
278 316
278 428
278 470
278 493
278 584
278 577
279 288
279 468
279 490
279 509
280 318
280 384
280 559
280 281
282 327
282 424
282 460
283 327
283 348
283 456
283 569
284 406
284 434
285 292
285 335
285 522
286 291
286 302
286 304
286 363
286 424
286 449
286 523
286 546
287 311
287 448
287 588
288 326
288 457
289 301
289 314
289 347
289 593
290 540
291 320
291 391
291 435
291 553
292 311
292 316
293 298
293 342
293 456
293 570
294 395
294 440
294 591
295 342
295 500
295 514
295 523
296 338
296 478
296 542
297 335
297 375
297 409
297 514
297 522
297 556
298 395
298 414
298 482
298 499
298 515
299 323
299 339
299 437
299 495
300 314
300 324
300 381
300 419
300 541
301 368
302 575
302 595
303 347
303 433
305 368
305 388
305 407
305 447
305 529
306 309
306 518
307 357
307 410
307 582
308 565
310 469
310 567
311 334
311 539
312 470
312 476
312 519
313 374
313 428
313 480
314 348
315 401
315 418
315 419
315 469
315 565
315 578
316 392
316 421
316 578
316 548
317 464
318 340
319 332
319 357
319 387
319 552
320 466
320 494
320 515
322 367
322 379
322 438
323 465
324 375
324 536
324 580
325 568
325 342
326 372
326 396
326 476
326 572
327 504
328 349
328 413
329 483
331 340
331 424
331 460
331 577
332 590
334 404
334 417
334 439
335 378
335 401
335 403
335 421
335 509
335 553
335 598
338 411
339 379
339 423
339 431
339 437
340 417
340 479
340 514
340 527
341 473
342 401
342 408
342 419
342 431
342 578
342 462
342 499
344 450
345 512
346 430
346 436
347 575
347 579
347 589
348 467
348 479
349 390
350 396
350 420
350 514
350 517
351 365
351 461
354 470
354 582
354 593
355 526
356 417
357 455
357 472
358 526
358 569
359 591
360 385
360 507
361 592
363 405
363 505
364 387
365 416
365 438
365 449
365 483
367 518
367 544
368 422
368 504
368 595
369 474
370 567
371 587
374 472
374 501
376 399
376 594
377 595
378 392
378 523
379 566
381 484
382 397
382 441
382 527
382 562
383 388
384 412
384 445
384 550
384 580
385 468
387 585
388 400
388 501
389 509
390 401
390 478
391 471
391 557
391 594
391 425
393 469
394 447
394 574
395 475
396 465
397 444
397 475
397 483
397 502
397 598
398 576
399 405
400 440
400 479
401 541
401 419
403 432
404 476
404 497
408 416
408 572
410 464
410 525
411 527
413 466
415 467
415 551
416 432
416 485
417 574
418 512
419 433
419 490
419 529
420 426
420 481
423 425
423 463
423 465
423 536
423 590
423 598
425 446
425 466
425 482
425 564
427 532
428 535
428 573
431 482
431 562
433 444
438 456
438 565
439 463
439 484
439 554
442 458
442 478
442 496
442 562
442 568
444 586
446 475
446 533
448 577
448 532
451 581
454 463
455 586
457 557
459 489
459 525
464 574
465 480
466 519
466 597
467 537
471 597
473 510
474 509
476 557
479 502
479 597
480 546
480 555
484 576
490 503
490 506
490 569
490 577
491 555
491 559
492 550
493 549
495 507
495 571
496 524
496 561
496 570
497 530
497 547
497 563
497 568
498 556
499 546
508 560
508 565
510 520
510 552
510 583
514 548
517 574
520 537
527 564
527 583
529 588
532 539
532 545
535 596
538 565
549 576
559 583
562 568
572 593
586 590