438674965
3
60
175
0 3
0 4
0 6
0 9
0 13
0 15
0 35
0 39
0 44
0 46
0 23
1 3
1 4
1 5
1 18
1 35
1 41
2 3
2 4
2 7
2 10
2 11
2 12
2 14
2 15
2 24
2 29
2 32
2 33
2 38
2 41
2 48
3 5
3 6
3 8
3 9
3 10
3 12
3 13
3 19
3 20
3 21
3 22
3 24
3 25
3 27
3 34
3 35
3 43
3 48
3 57
4 5
4 6
4 8
4 12
4 18
4 19
4 23
4 31
4 37
4 47
4 59
4 53
5 7
5 11
5 16
5 17
5 20
5 24
5 37
5 53
6 7
6 17
6 29
6 34
6 40
6 56
7 8
7 9
7 14
7 28
7 41
7 44
7 47
8 11
8 19
8 21
8 23
8 31
8 36
8 38
8 43
8 53
9 10
9 25
9 26
9 36
9 39
9 48
10 25
10 45
11 13
11 33
12 14
12 16
12 26
12 31
12 38
13 15
13 20
13 54
14 17
14 51
14 54
15 16
15 23
15 26
15 27
15 28
15 32
15 55
15 58
16 44
16 49
17 18
17 21
17 30
17 50
18 50
19 29
19 30
19 39
19 49
19 55
19 42
20 22
20 36
20 42
21 22
21 45
21 53
23 52
23 56
24 28
25 27
25 30
25 55
26 33
26 37
26 46
26 48
26 52
26 57
26 58
26 59
27 32
27 42
28 54
31 34
31 50
32 56
35 46
37 40
37 45
37 47
37 52
37 57
38 40
38 42
38 51
38 58
41 43
42 51
43 49
51 59