165649595
2
60
146
0 2
0 3
0 6
0 10
0 11
0 12
0 16
0 22
0 25
0 26
0 31
0 32
0 41
0 55
0 54
0 15
1 2
1 5
1 9
1 10
1 29
1 35
1 43
1 57
1 16
1 44
1 46
2 3
2 4
2 5
2 8
2 9
2 12
2 18
2 19
2 24
2 26
2 27
2 29
2 35
2 37
2 41
2 46
2 50
2 52
2 57
2 38
2 40
3 4
3 6
3 7
3 8
3 13
3 34
3 37
3 56
4 7
4 11
4 14
4 15
4 17
4 19
4 20
4 23
4 24
4 25
4 38
4 44
4 47
4 48
4 50
4 35
4 53
5 20
5 30
5 33
5 36
5 45
5 49
5 51
5 55
6 16
6 21
6 22
6 28
6 51
6 55
7 13
7 12
8 14
8 54
9 22
10 24
11 15
11 42
11 52
12 17
12 23
12 27
12 39
12 40
12 56
12 14
12 20
12 41
12 51
13 28
14 18
14 38
15 31
15 37
16 33
16 18
17 50
18 21
18 36
18 54
18 59
18 39
19 42
20 30
20 53
22 34
22 48
22 56
22 59
23 32
23 57
24 39
26 53
26 29
26 45
27 40
28 45
28 47
28 58
29 42
29 44
29 40
36 43
36 58
36 55
39 46
42 49
49 52
49 50