596850916
3
60
204
0 3
0 4
0 16
0 17
0 18
0 19
0 22
0 38
0 45
0 53
0 7
0 54
0 56
1 3
1 4
1 5
1 11
1 14
1 16
1 17
1 21
1 35
2 3
2 9
2 23
2 24
2 25
2 46
2 55
2 32
3 4
3 5
3 6
3 10
3 11
3 12
3 18
3 19
3 29
3 30
3 40
3 42
3 49
3 50
3 8
3 20
3 32
4 5
4 6
4 7
4 8
4 9
4 10
4 14
4 18
4 22
4 39
4 46
4 56
4 15
4 16
4 26
4 45
4 59
5 6
5 7
5 8
5 9
5 11
5 17
5 20
5 27
5 31
5 58
6 7
6 8
6 10
6 12
6 13
6 15
6 26
6 27
6 33
6 37
6 54
6 57
6 21
6 39
7 25
8 16
8 22
8 53
8 18
8 41
9 12
9 15
9 20
9 36
9 39
9 40
9 44
9 47
11 13
11 14
11 23
11 32
11 43
11 52
11 59
11 58
12 13
13 20
13 44
13 50
13 55
13 52
14 15
14 28
14 32
14 35
14 44
14 54
14 23
15 21
15 26
15 39
15 49
16 19
16 23
16 28
16 30
16 32
16 48
16 29
16 43
17 48
17 56
18 21
18 24
18 25
18 26
18 31
18 41
18 56
18 19
19 34
19 42
20 29
20 38
20 47
20 50
21 24
21 28
21 40
21 51
22 34
22 56
24 45
24 46
24 53
25 27
25 33
25 36
25 58
25 59
26 29
26 37
26 51
26 55
27 33
27 38
27 41
27 43
27 57
28 30
28 31
28 34
28 35
28 48
28 52
28 54
31 36
31 45
31 57
31 56
33 37
33 41
33 57
34 42
34 51
34 54
35 43
35 42
35 47
37 52
39 53
40 47
42 49
44 46
48 50
50 55
54 58
55 58
55 59