850519722
4
60
233
0 4
0 8
0 13
0 15
1 4
1 5
1 8
1 26
1 27
2 4
2 5
2 6
2 16
2 17
2 24
2 38
3 4
3 5
3 6
3 7
3 9
3 11
3 16
3 18
3 31
3 33
3 38
3 40
3 50
3 53
4 5
4 6
4 7
4 8
4 9
4 10
4 11
4 13
4 15
4 17
4 21
4 29
4 31
4 36
4 42
4 19
5 6
5 7
5 9
5 21
5 22
5 23
5 24
5 27
5 29
5 30
5 38
5 49
5 50
5 51
5 52
5 28
6 7
6 8
6 9
6 10
6 12
6 19
6 20
6 24
6 25
6 29
6 35
6 41
6 43
6 44
6 45
6 46
6 48
6 51
6 52
6 54
6 15
7 11
7 12
7 14
7 15
7 18
7 26
7 29
7 49
7 58
8 10
8 12
8 14
8 16
8 17
8 18
8 19
8 22
8 23
8 25
8 26
8 30
8 32
8 37
8 38
8 48
8 53
8 54
8 58
9 10
9 11
9 12
9 13
9 15
9 16
9 21
9 33
9 34
9 40
9 45
10 17
10 19
10 20
10 23
10 25
10 28
10 31
10 33
10 39
10 53
10 54
11 13
11 14
11 18
11 20
11 25
11 31
11 34
11 35
11 36
11 40
11 41
11 43
11 56
11 21
12 14
13 19
13 32
14 27
14 28
14 37
14 41
14 43
15 34
16 41
16 42
16 44
16 47
16 33
17 20
17 21
17 28
17 30
17 33
17 39
17 43
18 22
18 26
18 35
18 45
18 47
18 48
19 22
19 23
19 24
19 46
19 55
21 28
21 32
21 45
21 54
22 27
22 51
22 56
23 32
23 36
23 42
23 47
23 53
23 57
23 58
23 59
24 51
24 59
25 34
25 37
25 39
25 43
25 46
25 48
26 55
27 30
27 40
28 50
29 36
29 49
30 57
31 35
32 50
33 37
35 52
36 39
36 42
36 44
36 56
36 57
37 46
37 58
40 44
41 49
42 47
42 49
46 58
47 56
47 59
48 52
48 55
49 58
50 55
53 59
54 57