478007811
5
60
291
0 5
0 6
0 7
0 8
0 11
0 12
0 14
0 20
0 21
0 25
0 32
0 38
0 46
0 55
0 57
1 5
1 6
1 7
1 8
1 22
1 29
2 5
2 6
2 9
2 11
2 13
2 15
2 24
2 28
2 36
2 38
2 41
2 46
2 58
2 57
3 5
3 6
3 7
3 10
3 18
3 19
3 36
3 48
3 59
4 5
4 18
4 45
4 13
5 6
5 7
5 8
5 9
5 10
5 11
5 13
5 16
5 17
5 23
5 25
5 27
5 30
5 34
5 38
5 42
5 47
5 50
5 19
6 7
6 8
6 9
6 15
6 16
6 17
6 19
6 20
6 27
6 30
6 32
6 33
6 34
6 39
6 40
6 54
6 56
7 8
7 9
7 10
7 12
7 13
7 14
7 17
7 19
7 20
7 21
7 22
7 23
7 27
7 28
7 30
7 31
7 34
7 37
7 40
7 47
7 49
7 51
7 54
7 56
7 44
7 59
8 9
8 10
8 11
8 12
8 15
8 18
8 20
8 24
8 28
8 31
8 35
8 36
8 46
8 55
8 42
9 10
9 11
9 12
9 13
9 14
9 15
9 16
9 17
9 21
9 25
9 28
9 32
9 33
9 35
9 45
9 47
9 50
9 51
9 53
9 54
9 57
9 58
9 38
10 14
10 21
10 23
10 26
10 29
10 31
10 32
10 39
10 41
10 43
10 51
10 52
10 36
11 12
11 13
11 14
11 16
11 19
11 20
11 23
11 25
11 26
11 27
11 33
11 35
11 37
11 41
11 44
11 45
11 49
11 59
11 29
12 15
12 18
12 21
12 23
12 25
12 26
12 44
12 50
12 53
12 49
13 16
13 17
13 18
13 22
13 24
13 26
13 30
13 49
14 22
14 29
14 30
14 31
14 34
14 38
14 46
14 48
14 54
14 39
15 19
15 33
15 35
15 37
15 45
15 51
15 55
15 57
15 24
16 22
16 24
16 26
16 37
16 43
16 53
16 59
16 50
17 38
17 47
19 34
19 42
19 48
20 48
20 53
20 58
21 36
21 38
21 40
21 42
21 44
21 59
22 27
22 31
22 32
22 40
22 48
23 24
23 41
23 51
23 55
23 56
26 29
26 42
27 28
27 29
27 47
27 54
28 39
28 52
29 43
29 58
30 36
30 42
30 43
30 46
31 35
31 57
31 58
32 33
32 37
32 43
32 44
32 57
34 50
34 59
35 39
35 40
35 41
35 44
35 52
37 46
38 39
38 47
38 53
39 49
39 52
40 49
41 45
41 52
43 56
44 50
47 55
49 56