803711535
7
60
378
0 7
0 8
0 10
0 11
0 22
0 26
0 27
0 30
0 35
0 43
0 45
0 48
0 49
0 50
0 55
0 56
1 7
1 8
1 9
1 11
1 12
1 13
1 17
1 19
1 20
1 21
1 33
1 36
1 37
1 46
1 58
1 3
2 7
2 8
2 15
2 16
2 17
2 22
2 23
2 24
2 26
2 29
2 30
2 33
2 34
2 46
2 49
2 20
3 7
3 8
3 9
3 10
3 12
3 13
3 16
3 20
3 21
3 37
3 51
3 57
4 7
4 9
4 11
4 15
4 24
4 25
4 29
4 37
4 48
4 58
4 23
5 7
5 8
5 9
5 10
5 12
5 13
5 16
5 17
5 29
5 36
5 39
5 47
6 7
6 8
6 9
6 10
6 11
6 12
6 14
6 18
6 27
6 31
6 37
6 57
6 59
7 8
7 9
7 10
7 11
7 15
7 16
7 18
7 19
7 22
7 23
7 25
7 26
7 27
7 29
7 32
7 34
7 36
7 37
7 40
7 41
7 42
7 44
7 47
7 48
7 51
7 53
7 54
7 59
8 9
8 10
8 11
8 12
8 13
8 14
8 15
8 18
8 19
8 25
8 31
8 32
8 34
8 40
8 47
8 52
8 55
8 20
9 10
9 13
9 14
9 17
9 18
9 24
9 25
9 26
9 30
9 34
9 41
9 45
9 55
10 11
10 12
10 14
10 15
10 16
10 20
10 21
10 22
10 26
10 30
10 36
10 40
10 50
10 52
10 53
10 54
10 46
11 12
11 13
11 14
11 15
11 19
11 21
11 22
11 24
11 26
11 27
11 32
11 34
11 35
11 40
11 50
12 13
12 14
12 15
12 17
12 19
12 20
12 23
12 24
12 30
12 38
12 44
12 46
12 54
12 57
12 59
13 14
13 18
13 19
13 23
13 25
13 28
13 34
13 41
13 43
13 44
13 46
13 47
13 49
13 54
13 55
13 57
13 59
14 16
14 19
14 20
14 21
14 22
14 27
14 29
14 31
14 32
14 35
14 37
14 45
14 56
15 16
15 17
15 22
15 28
15 29
15 31
15 39
15 51
16 17
16 18
16 21
16 23
16 25
16 32
16 36
16 38
16 41
16 43
16 58
17 18
17 20
17 23
17 30
17 40
17 48
18 20
18 24
18 39
18 42
18 48
18 55
18 57
19 42
19 58
20 21
20 23
20 28
20 31
20 33
20 38
20 59
21 27
21 33
21 38
21 41
21 45
21 52
22 25
22 28
22 37
22 38
22 40
22 42
22 43
22 46
22 50
22 55
22 56
23 24
23 27
23 28
23 39
24 26
24 28
24 30
24 35
24 49
24 54
24 56
24 59
25 28
25 33
25 35
25 43
25 50
25 51
25 52
25 53
25 55
25 56
25 58
26 29
26 31
26 35
26 36
26 44
26 52
28 31
28 35
28 39
28 41
28 47
29 32
29 33
29 36
29 39
29 45
29 52
29 53
30 41
30 42
30 44
30 45
30 48
30 53
31 32
31 33
31 43
31 56
32 38
32 49
33 34
33 40
33 54
33 57
33 45
34 38
34 39
34 44
34 49
34 53
35 44
36 54
37 46
37 50
37 57
38 42
38 45
38 46
40 43
40 51
41 42
41 49
41 50
42 47
42 58
43 48
43 51
43 55
44 47
47 52
48 58
49 51
52 53
53 59
55 56