971308961
6
60
349
0 6
0 7
0 8
0 9
0 11
0 12
0 15
0 16
0 19
0 20
0 21
0 24
0 26
0 33
0 40
0 38
0 43
1 6
1 7
1 11
1 18
1 13
2 6
2 7
2 8
2 11
2 16
2 17
2 18
2 21
2 32
2 42
2 56
2 31
3 6
3 7
3 8
3 9
3 10
3 11
3 12
3 15
3 38
3 46
3 47
4 6
4 8
4 9
4 10
4 14
4 16
4 21
4 24
4 37
4 38
4 43
4 44
4 49
4 50
4 53
4 12
5 6
5 7
5 11
5 12
5 14
5 16
5 17
5 22
5 28
5 29
5 36
5 37
5 39
5 46
5 50
5 58
5 59
5 18
5 13
6 7
6 8
6 9
6 10
6 13
6 14
6 17
6 18
6 20
6 26
6 27
6 36
6 42
6 43
6 45
6 47
6 48
6 55
6 44
7 8
7 9
7 10
7 12
7 13
7 16
7 18
7 19
7 22
7 24
7 28
7 30
7 34
7 35
7 38
7 45
7 54
7 56
8 9
8 10
8 20
8 25
8 28
8 37
8 39
8 42
8 47
8 50
8 58
9 10
9 12
9 13
9 14
9 15
9 17
9 21
9 23
9 24
9 27
9 28
9 30
9 34
9 36
9 37
9 39
9 40
9 42
9 48
9 50
9 51
9 57
9 59
9 35
10 11
10 13
10 14
10 15
10 20
10 23
10 27
10 30
10 34
10 39
10 44
10 45
10 47
10 50
10 57
11 12
11 13
11 14
11 15
11 16
11 17
11 18
11 19
11 22
11 23
11 26
11 28
11 33
11 37
11 39
11 42
11 50
11 52
11 53
11 55
12 13
12 18
12 19
12 22
12 23
12 29
12 30
12 31
12 32
12 38
12 44
12 45
12 54
12 55
12 56
12 57
12 48
12 17
13 15
13 19
13 20
13 25
13 27
13 31
13 34
13 52
13 56
13 44
14 22
14 24
14 25
14 27
14 29
14 32
14 33
14 35
14 36
14 40
14 41
14 44
14 45
14 47
14 51
14 56
15 17
15 25
15 31
15 41
15 49
16 22
16 23
16 25
16 26
16 30
16 32
16 43
16 46
16 41
17 24
17 28
17 29
18 19
18 20
18 21
18 34
18 35
18 54
18 53
19 23
19 25
19 30
19 31
19 34
19 43
19 47
19 57
19 24
19 42
19 52
20 21
20 26
20 38
20 41
20 51
20 53
20 45
21 36
22 33
22 35
22 38
22 41
22 43
22 51
22 54
22 56
23 26
23 41
23 46
24 29
24 33
24 35
25 31
25 39
25 48
26 27
26 32
26 43
26 44
26 48
27 31
27 40
27 59
28 29
28 33
28 41
28 44
28 46
28 48
28 53
28 55
29 32
29 40
29 49
29 58
31 47
32 35
32 37
32 49
32 54
33 46
33 51
33 52
33 53
34 42
34 45
34 56
34 43
34 57
35 36
35 58
35 50
36 51
36 52
36 58
36 59
38 49
39 40
39 58
42 52
42 53
42 57
42 59
44 48
45 55
46 49
46 54
46 57
47 52
48 58
49 55
51 51
52 59