802277535
8
60
436
0 8
0 10
0 11
0 15
0 17
0 18
0 21
0 33
0 34
0 51
0 53
1 8
1 9
1 11
1 15
1 18
1 19
1 20
1 23
1 28
1 29
1 30
1 40
1 42
1 46
2 8
2 9
2 10
2 11
2 12
2 13
2 24
2 27
2 32
2 38
2 44
2 46
2 47
2 56
2 57
2 59
3 8
3 9
3 10
3 12
3 13
3 14
3 15
3 19
3 20
3 21
3 22
3 23
3 25
3 26
3 27
3 28
3 32
3 38
3 45
3 54
3 56
3 58
4 8
4 9
4 11
4 12
4 13
4 14
4 16
4 18
4 20
4 21
4 22
4 29
4 33
4 36
4 39
4 40
4 43
4 53
4 55
5 8
5 9
5 10
5 11
5 12
5 15
5 21
5 22
5 25
5 27
5 31
5 32
5 36
5 37
5 45
5 47
5 48
5 49
5 51
5 54
5 24
6 8
6 9
6 10
6 28
6 33
6 39
6 50
6 27
7 8
7 9
7 10
7 14
7 16
7 17
7 24
7 32
7 41
7 44
7 47
7 51
7 55
7 43
7 28
8 9
8 10
8 11
8 12
8 13
8 14
8 16
8 22
8 26
8 30
8 31
8 33
8 36
8 38
8 42
8 48
8 56
8 59
9 10
9 11
9 12
9 13
9 14
9 15
9 16
9 17
9 18
9 19
9 20
9 22
9 24
9 25
9 26
9 28
9 29
9 31
9 34
9 35
9 36
9 37
9 39
9 40
9 45
9 46
9 50
9 56
9 59
9 43
10 11
10 12
10 13
10 14
10 15
10 18
10 19
10 20
10 24
10 26
10 27
10 32
10 34
10 36
10 38
10 43
10 44
10 45
10 47
10 52
10 55
10 58
10 59
11 12
11 13
11 14
11 16
11 17
11 19
11 20
11 21
11 23
11 26
11 27
11 30
11 31
11 34
11 37
11 38
11 42
11 47
11 48
11 49
11 56
12 13
12 15
12 16
12 17
12 19
12 20
12 21
12 22
12 23
12 24
12 28
12 29
12 30
12 31
12 35
12 37
12 38
12 41
12 46
12 50
12 51
12 54
12 58
12 44
12 56
13 14
13 15
13 16
13 17
13 18
13 19
13 20
13 24
13 25
13 30
13 39
13 52
13 53
13 57
13 55
13 46
14 16
14 18
14 23
14 33
14 34
14 35
14 55
14 57
14 42
15 17
15 19
15 22
15 23
15 25
15 28
15 30
15 33
15 34
15 37
15 39
15 45
15 47
15 48
15 52
15 53
15 58
15 59
16 17
16 18
16 23
16 25
16 27
16 29
16 31
16 42
16 46
16 54
17 21
17 27
17 29
17 30
17 43
18 21
18 23
18 26
18 27
18 28
18 29
18 30
18 33
18 36
18 38
18 41
18 42
18 43
18 52
18 37
19 22
19 25
19 41
19 50
20 32
20 39
20 41
20 58
20 51
21 24
21 36
21 42
21 52
21 54
21 59
21 45
22 26
22 33
22 37
22 40
22 44
22 52
22 57
22 27
23 24
24 25
24 34
24 35
24 37
24 39
24 41
24 44
24 45
25 26
25 40
25 47
25 50
26 28
26 31
26 43
26 51
26 53
27 29
27 32
27 34
27 35
27 38
27 42
27 49
27 53
29 32
29 41
29 43
29 53
30 31
30 40
30 44
30 46
30 52
30 57
31 41
31 44
31 48
31 51
31 43
32 35
32 37
32 42
32 43
32 48
32 57
33 35
33 36
33 52
34 35
34 48
34 55
35 39
35 40
35 43
35 45
35 49
35 50
35 54
35 55
35 58
36 51
36 55
37 46
38 40
38 56
39 57
40 47
41 57
42 44
42 49
42 57
43 45
43 46
43 48
43 50
43 55
44 50
44 51
45 49
45 53
47 49
47 54
48 49
48 53
48 59
49 54
49 55
49 56
49 58
50 58
51 58
52 56
55 59
57 59