981841258
7
60
407
0 7
0 8
0 9
0 10
0 11
0 12
0 13
0 14
0 16
0 17
0 20
0 23
0 25
0 28
0 29
0 30
0 32
0 36
0 39
0 40
0 42
0 48
0 49
0 51
0 56
0 1
1 7
1 8
1 10
1 14
1 15
1 26
1 34
1 35
1 38
1 46
1 58
2 7
2 8
2 9
2 10
2 11
2 13
2 14
2 16
2 17
2 18
2 23
2 26
2 34
2 38
2 40
2 42
2 49
2 52
2 56
2 58
2 55
3 7
3 17
3 24
3 29
3 41
3 44
3 46
4 7
4 8
4 9
4 25
4 30
4 38
4 40
4 36
5 7
5 8
5 9
5 10
5 11
5 20
5 23
5 26
5 36
5 45
5 49
5 56
5 47
6 7
6 8
6 9
6 11
6 12
6 15
6 16
6 19
6 21
6 32
6 55
6 59
6 44
6 47
7 8
7 9
7 10
7 12
7 13
7 14
7 15
7 18
7 20
7 22
7 24
7 25
7 27
7 29
7 32
7 35
7 36
7 37
7 39
7 40
7 42
7 43
7 48
7 49
7 52
7 54
7 59
7 38
8 9
8 10
8 11
8 12
8 14
8 15
8 16
8 18
8 20
8 23
8 25
8 26
8 28
8 29
8 30
8 33
8 36
8 37
8 38
8 41
8 45
8 47
8 51
8 53
8 57
8 17
8 59
9 10
9 11
9 12
9 13
9 14
9 15
9 16
9 18
9 22
9 28
9 29
9 30
9 31
9 36
9 37
9 43
9 45
9 47
9 51
9 49
9 21
9 27
9 46
9 55
10 11
10 12
10 13
10 16
10 17
10 18
10 19
10 20
10 21
10 22
10 44
10 48
10 49
10 50
10 52
10 54
10 55
11 12
11 13
11 14
11 15
11 16
11 17
11 18
11 24
11 30
11 31
11 33
11 34
11 37
11 42
11 44
11 54
11 55
11 57
11 32
12 13
12 17
12 19
12 21
12 27
12 28
12 31
12 32
12 33
12 34
12 36
12 39
12 40
12 46
12 47
12 48
12 49
12 53
12 56
12 59
13 19
13 21
13 22
13 24
13 25
13 26
13 28
13 32
13 33
13 41
13 47
13 50
13 52
13 54
13 57
13 13
13 35
14 15
14 17
14 20
14 27
14 38
14 42
14 48
14 54
14 58
14 44
15 19
15 20
15 21
15 27
15 31
15 38
15 52
16 18
16 19
16 21
16 22
16 24
16 28
16 44
16 56
16 16
16 41
17 19
17 27
17 28
17 29
17 34
17 36
17 38
17 41
17 53
17 35
17 18
18 40
18 46
18 53
18 56
18 33
19 21
19 22
19 23
19 24
19 31
19 34
19 37
19 40
19 41
19 43
19 45
19 50
19 56
20 24
20 26
20 46
20 49
21 22
21 23
21 25
21 31
21 33
21 39
21 44
21 53
22 23
22 26
22 27
22 29
22 30
22 33
22 35
22 48
22 50
22 51
22 55
22 40
23 25
23 37
23 56
24 33
25 31
25 46
25 50
25 53
25 59
25 54
26 27
26 32
26 47
26 52
27 30
27 37
27 50
28 34
28 35
29 43
29 58
29 46
30 32
30 42
30 43
30 45
30 51
30 53
31 35
31 41
31 51
31 54
31 58
32 39
32 42
32 44
32 57
33 35
33 59
34 35
34 39
35 43
35 45
35 47
35 57
35 48
36 44
36 51
37 39
37 54
37 58
38 53
38 55
39 41
40 45
40 47
40 57
40 58
41 55
42 43
42 51
42 45
42 57
43 46
45 50
45 59
45 51
46 57
47 48
47 50
48 52
49 51
49 59
51 55
52 56