228831693
9
60
465
0 9
0 10
0 11
0 12
0 13
0 14
0 15
0 16
0 17
0 18
0 20
0 21
0 23
0 24
0 29
0 31
0 34
0 39
0 41
0 42
0 43
0 50
0 52
0 55
0 56
0 57
0 59
1 9
1 10
1 12
1 13
1 19
1 24
1 25
1 27
1 30
1 33
1 38
1 40
1 44
1 57
1 14
2 9
2 14
2 15
2 33
3 9
3 10
3 11
3 14
3 16
3 18
3 19
3 21
3 22
3 28
3 30
3 34
3 36
3 52
3 59
4 9
4 10
4 11
4 12
4 13
4 18
4 20
4 22
4 23
4 26
4 27
4 30
4 33
4 36
4 48
4 51
4 55
4 58
5 9
5 10
5 11
5 12
5 14
5 15
5 16
5 17
5 24
5 29
5 31
5 34
5 35
5 38
5 39
5 40
5 41
5 42
5 46
5 47
5 53
6 9
6 10
6 11
6 12
6 13
6 24
6 27
6 29
6 32
6 45
6 56
6 52
7 9
7 10
7 11
7 12
7 15
7 18
7 19
7 22
7 26
7 29
7 30
7 31
7 35
7 39
7 40
7 47
7 50
7 52
8 9
8 10
8 11
8 12
8 13
8 14
8 15
8 18
8 22
8 23
8 27
8 29
8 33
8 35
8 39
8 42
8 44
8 47
8 49
8 56
8 58
8 17
9 10
9 11
9 12
9 13
9 14
9 16
9 18
9 20
9 21
9 22
9 23
9 24
9 25
9 29
9 30
9 36
9 37
9 40
9 44
9 48
9 49
9 52
9 53
9 56
9 57
9 59
10 11
10 12
10 13
10 14
10 15
10 16
10 17
10 19
10 22
10 25
10 26
10 27
10 28
10 31
10 32
10 34
10 37
10 38
10 39
10 42
10 43
10 48
10 50
10 53
10 54
10 57
10 56
11 13
11 14
11 15
11 16
11 17
11 18
11 19
11 20
11 22
11 23
11 25
11 27
11 33
11 34
11 35
11 37
11 38
11 43
11 49
11 51
11 52
11 58
11 47
12 13
12 14
12 15
12 16
12 17
12 19
12 20
12 21
12 22
12 24
12 26
12 28
12 34
12 36
12 41
12 42
12 45
12 46
12 54
12 56
12 58
13 16
13 17
13 20
13 21
13 25
13 26
13 34
13 36
13 37
13 41
13 46
13 50
13 51
13 57
13 58
13 14
14 15
14 17
14 20
14 21
14 23
14 28
14 32
14 33
14 35
14 38
14 39
14 42
14 45
14 46
14 47
14 50
14 53
14 59
15 16
15 17
15 19
15 23
15 24
15 25
15 43
15 49
15 52
15 59
16 17
16 18
16 22
16 23
16 25
16 26
16 31
16 32
16 35
16 36
16 38
16 54
16 57
17 18
17 19
17 20
17 24
17 26
17 32
17 36
17 39
17 43
17 46
17 47
17 49
17 56
18 19
18 20
18 21
18 27
18 28
18 32
18 40
18 42
18 43
18 44
18 49
18 51
19 21
19 24
19 25
19 28
19 30
19 32
19 33
19 37
19 50
19 55
19 56
19 58
20 21
20 26
20 29
20 30
20 33
20 41
20 45
20 47
20 48
20 55
20 56
21 23
21 27
21 37
21 38
21 51
21 53
21 54
22 28
22 29
22 30
22 35
22 38
22 40
22 51
22 53
22 55
22 58
22 59
23 25
23 26
23 37
23 40
23 42
23 48
23 50
23 52
24 27
24 28
24 31
24 41
24 44
24 45
24 58
25 31
25 32
25 38
25 46
25 48
25 59
26 33
26 40
26 42
27 28
27 30
27 31
27 44
27 45
27 55
27 57
28 29
28 31
28 32
28 34
28 35
28 36
28 37
28 45
28 49
28 51
29 41
29 47
29 51
29 54
30 37
30 44
30 49
30 52
30 54
31 35
31 39
31 54
32 34
32 36
32 43
33 48
34 39
34 41
34 43
34 46
35 40
35 41
35 44
35 48
35 50
37 43
37 45
37 53
38 49
38 54
39 46
39 47
40 46
40 47
41 51
41 53
41 55
41 56
42 44
44 45
44 52
45 59
46 48
46 53
46 54
46 57
46 59
47 50
51 58
53 55
54 55
56 57