922034104
9
60
494
0 9
0 10
0 11
0 12
0 13
0 14
0 16
0 20
0 24
0 26
0 28
0 36
0 37
0 38
0 43
0 47
0 49
0 52
0 53
0 54
0 7
0 39
1 9
1 10
1 13
1 17
1 19
1 24
1 35
1 36
1 38
1 39
1 45
1 46
1 54
1 57
1 14
1 51
2 9
2 10
2 11
2 12
2 13
2 14
2 16
2 17
2 19
2 23
2 24
2 27
2 28
2 29
2 34
2 35
2 36
2 47
2 50
2 54
2 55
2 5
2 26
3 9
3 11
3 37
3 38
3 39
3 43
3 48
3 54
3 51
4 9
4 10
4 15
4 17
4 25
4 26
4 28
4 34
4 36
4 38
5 9
5 10
5 11
5 12
5 13
5 15
5 16
5 18
5 22
5 23
5 27
5 30
5 32
5 41
5 46
5 55
6 9
6 10
6 11
6 12
6 17
6 18
6 19
6 22
6 24
6 29
6 52
6 59
6 8
7 9
7 10
7 11
7 12
7 13
7 14
7 15
7 16
7 18
7 19
7 20
7 23
7 25
7 26
7 29
7 30
7 31
7 32
7 33
7 34
7 37
7 40
7 42
7 43
7 51
7 52
7 54
7 56
7 57
7 58
7 49
8 9
8 10
8 11
8 12
8 13
8 14
8 15
8 16
8 21
8 26
8 27
8 32
8 33
8 34
8 35
8 38
8 42
8 45
8 48
8 53
8 56
8 58
9 10
9 11
9 12
9 14
9 15
9 16
9 17
9 18
9 19
9 20
9 21
9 22
9 24
9 25
9 26
9 28
9 31
9 32
9 33
9 34
9 35
9 42
9 43
9 44
9 47
9 48
9 53
9 55
9 57
10 11
10 12
10 13
10 14
10 15
10 16
10 18
10 20
10 22
10 24
10 29
10 35
10 40
10 46
10 48
10 51
10 53
10 55
10 57
10 47
10 56
11 12
11 13
11 14
11 15
11 16
11 18
11 20
11 21
11 22
11 23
11 27
11 28
11 29
11 30
11 31
11 33
11 37
11 39
11 40
11 42
11 48
11 52
11 53
11 55
11 57
11 59
11 54
12 13
12 14
12 15
12 16
12 17
12 19
12 21
12 22
12 27
12 31
12 37
12 39
12 41
12 42
12 45
12 47
12 48
12 49
12 56
12 57
12 18
13 14
13 15
13 17
13 18
13 19
13 20
13 21
13 23
13 24
13 25
13 26
13 27
13 28
13 30
13 31
13 40
13 43
13 44
13 49
13 50
13 55
13 34
14 19
14 24
14 25
14 27
14 31
14 34
14 40
14 42
14 43
14 44
14 48
14 51
14 58
14 59
14 54
15 17
15 18
15 20
15 21
15 23
15 24
15 30
15 32
15 33
15 35
15 40
15 42
15 49
15 52
15 56
15 31
16 17
16 19
16 21
16 23
16 25
16 26
16 29
16 30
16 38
16 52
16 55
17 18
17 20
17 21
17 22
17 30
17 33
17 37
17 40
17 44
17 45
17 49
17 51
17 54
17 53
17 28
18 20
18 21
18 23
18 31
18 35
18 47
18 50
18 55
18 19
19 25
19 37
19 40
19 41
19 59
20 22
20 25
20 26
20 30
20 32
20 38
20 41
20 46
20 50
20 51
20 59
21 22
21 27
21 29
21 32
21 34
21 37
21 38
21 39
21 42
21 45
21 50
21 53
21 55
21 58
21 59
21 31
22 23
22 28
22 31
22 33
22 36
22 44
22 45
22 58
22 47
23 25
23 26
23 29
23 30
23 31
23 32
23 33
23 34
23 41
23 43
23 47
23 48
23 51
23 28
23 45
24 32
24 35
24 47
24 50
24 52
24 53
24 56
25 27
25 28
25 33
25 36
25 39
25 41
25 42
25 46
25 49
25 56
25 57
26 28
26 29
26 53
27 34
27 35
27 36
27 37
27 44
27 58
27 30
28 43
28 47
28 51
28 58
28 30
29 36
29 38
29 41
29 44
29 45
29 47
29 50
30 36
30 55
31 54
31 50
31 55
32 39
32 46
32 48
32 59
33 46
33 49
33 43
34 43
34 50
34 52
34 38
35 39
35 40
35 41
35 44
35 45
35 51
35 52
36 46
37 49
37 57
38 39
39 41
39 56
39 59
40 46
40 51
40 57
41 45
41 42
42 49
42 54
42 57
42 43
43 44
45 53
45 59
46 50
47 58
49 56
49 58
50 54
53 56
54 59
56 57