679731718
12
60
581
0 12
0 13
0 14
0 15
0 16
0 17
0 18
0 20
0 22
0 23
0 24
0 25
0 26
0 28
0 29
0 39
0 40
0 46
0 48
0 52
0 54
0 56
0 59
0 4
1 12
1 13
1 14
1 15
1 19
1 20
1 22
1 23
1 26
1 28
1 30
1 33
1 34
1 46
1 47
1 48
1 56
1 58
1 59
2 12
2 13
2 15
2 16
2 18
2 20
2 22
2 23
2 27
2 28
2 29
2 31
2 34
2 37
2 46
2 51
2 57
2 58
3 12
3 13
3 14
3 15
3 16
3 18
3 20
3 21
3 23
3 24
3 25
3 27
3 29
3 31
3 36
3 39
3 44
3 45
3 49
3 53
3 57
4 12
4 13
4 14
4 15
4 16
4 17
4 18
4 19
4 20
4 21
4 22
4 24
4 26
4 28
4 30
4 31
4 32
4 33
4 35
4 36
4 44
4 51
4 52
4 53
4 54
4 58
5 12
5 13
5 14
5 15
5 16
5 17
5 18
5 22
5 26
5 29
5 33
5 43
5 54
5 57
5 59
6 12
6 13
6 14
6 16
6 17
6 18
6 21
6 22
6 24
6 25
6 30
6 31
6 33
6 35
6 37
6 43
6 46
6 49
6 50
6 51
6 58
7 12
7 13
7 14
7 17
7 19
7 21
7 23
7 25
7 27
7 35
7 37
7 39
7 42
7 55
8 12
8 13
8 14
8 17
8 20
8 22
8 25
8 28
8 30
8 34
8 36
8 38
8 41
8 44
9 12
9 13
9 14
9 15
9 19
9 24
9 28
9 53
9 55
9 56
9 25
10 12
10 15
10 16
10 18
10 19
10 21
10 27
10 37
10 50
10 56
11 12
11 13
11 14
11 15
11 16
11 17
11 18
11 20
11 21
11 26
11 27
11 31
11 38
11 39
11 43
11 46
11 47
11 51
11 53
11 30
12 13
12 14
12 15
12 16
12 17
12 18
12 19
12 20
12 21
12 23
12 24
12 25
12 27
12 28
12 29
12 30
12 31
12 36
12 39
12 40
12 41
12 43
12 48
12 51
12 54
12 59
13 14
13 15
13 16
13 17
13 18
13 19
13 20
13 24
13 25
13 26
13 27
13 29
13 31
13 32
13 35
13 38
13 40
13 41
13 42
13 43
13 45
13 47
13 49
13 53
13 55
13 58
13 59
14 15
14 16
14 17
14 19
14 20
14 21
14 22
14 23
14 24
14 25
14 26
14 27
14 28
14 31
14 32
14 33
14 34
14 35
14 38
14 40
14 41
14 45
14 46
14 48
14 50
14 53
14 54
14 55
14 56
14 57
15 16
15 17
15 19
15 22
15 25
15 26
15 35
15 41
15 44
15 47
15 48
15 49
15 54
15 56
15 57
15 59
15 53
16 17
16 18
16 19
16 20
16 21
16 24
16 25
16 29
16 30
16 34
16 40
16 42
16 43
16 47
16 50
16 51
16 52
16 55
16 56
16 58
17 18
17 19
17 21
17 22
17 23
17 24
17 25
17 29
17 32
17 33
17 34
17 36
17 45
17 46
17 48
17 51
17 54
17 56
17 59
18 19
18 20
18 22
18 23
18 30
18 38
18 39
18 41
18 42
18 44
18 45
18 46
18 50
18 53
18 55
18 58
19 21
19 23
19 26
19 27
19 28
19 31
19 32
19 33
19 35
19 36
19 39
19 41
19 48
19 52
19 54
19 57
20 21
20 22
20 23
20 25
20 27
20 28
20 29
20 30
20 31
20 33
20 34
20 35
20 37
20 38
20 39
20 42
20 43
20 45
20 47
20 50
20 51
20 53
20 55
21 23
21 26
21 29
21 30
21 31
21 32
21 36
21 38
21 41
21 42
21 43
21 47
21 48
21 50
21 59
22 24
22 26
22 33
22 36
22 37
22 41
22 49
22 50
22 52
22 53
22 57
23 24
23 27
23 28
23 32
23 34
23 35
23 38
23 39
23 42
23 43
23 45
23 50
23 56
23 57
23 59
23 29
24 26
24 34
24 35
24 36
24 37
24 43
24 44
24 45
24 52
24 53
24 55
25 27
25 30
25 32
25 33
25 34
25 38
25 52
25 54
25 58
26 28
26 29
26 32
26 33
26 36
26 39
26 40
26 42
26 43
26 47
26 52
27 31
27 32
27 42
27 45
27 48
27 59
28 29
28 30
28 32
28 34
28 36
28 38
28 40
28 47
28 48
28 50
29 30
29 35
29 36
29 37
29 39
29 42
29 46
29 49
29 50
30 32
30 33
30 34
30 37
30 40
30 46
30 51
31 44
31 57
32 35
32 37
32 49
33 38
33 40
33 43
33 44
33 45
33 55
34 37
34 39
34 41
34 53
34 56
34 58
35 37
35 40
35 41
35 42
35 44
35 47
36 38
36 40
36 44
36 46
36 48
36 56
37 44
37 49
38 40
38 42
38 51
38 55
38 57
39 49
39 52
40 41
40 47
41 44
41 50
41 51
41 53
41 54
41 56
42 48
42 52
42 58
43 45
43 46
43 57
44 45
44 49
44 54
44 58
45 47
45 51
45 52
45 59
46 49
46 52
46 58
48 49
48 55
51 54
51 57
54 55
57 59