321320237
12
60
610
0 12
0 13
0 14
0 15
0 16
0 17
0 18
0 19
0 23
0 25
0 33
0 37
0 53
0 24
0 3
1 12
1 13
1 14
1 15
1 16
1 25
1 31
1 35
1 46
1 10
2 12
2 13
2 14
2 15
2 16
2 18
2 19
2 20
2 21
2 22
2 23
2 25
2 29
2 30
2 33
2 38
2 41
2 42
2 43
2 44
2 46
2 48
2 52
2 54
2 55
2 56
2 58
2 59
2 51
3 12
3 13
3 14
3 16
3 26
3 28
3 31
3 32
3 35
3 40
3 50
4 12
4 13
4 14
4 15
4 17
4 18
4 20
4 24
4 25
4 28
4 31
4 36
4 44
4 47
4 55
4 58
5 12
5 13
5 14
5 15
5 19
5 20
5 21
5 23
5 24
5 26
5 28
5 35
5 37
5 38
5 47
5 52
5 5
5 32
6 12
6 15
6 17
6 23
6 35
6 53
6 37
7 12
7 13
7 14
7 16
7 17
7 18
7 20
7 21
7 22
7 23
7 25
7 26
7 27
7 28
7 29
7 30
7 33
7 36
7 38
7 39
7 42
7 49
7 8
8 12
8 13
8 14
8 15
8 16
8 17
8 18
8 19
8 20
8 22
8 24
8 25
8 29
8 34
8 35
8 36
8 39
8 42
8 43
8 45
8 46
8 49
8 53
8 55
8 58
8 41
9 12
9 13
9 16
9 17
9 18
9 19
9 20
9 22
9 23
9 24
9 32
9 36
9 37
9 38
9 40
9 42
9 43
9 44
9 45
9 50
9 51
10 12
10 13
10 14
10 15
10 17
10 18
10 19
10 22
10 24
10 27
10 29
10 30
10 33
10 34
10 35
10 43
10 44
10 45
10 48
10 50
10 52
10 59
10 51
10 11
10 21
10 28
11 12
11 13
11 14
11 15
11 16
11 18
11 21
11 26
11 27
11 32
11 34
11 38
11 45
11 53
12 13
12 14
12 15
12 16
12 17
12 18
12 19
12 20
12 21
12 22
12 23
12 24
12 25
12 27
12 28
12 30
12 33
12 34
12 35
12 37
12 39
12 44
12 45
12 47
12 49
12 50
12 52
12 54
12 56
12 57
12 29
13 14
13 15
13 16
13 17
13 19
13 21
13 22
13 23
13 25
13 26
13 27
13 28
13 30
13 32
13 35
13 37
13 41
13 42
13 48
13 56
13 57
14 15
14 16
14 17
14 18
14 19
14 20
14 21
14 22
14 26
14 28
14 30
14 31
14 32
14 38
14 44
14 46
14 47
14 25
15 16
15 17
15 18
15 19
15 20
15 21
15 27
15 28
15 29
15 31
15 36
15 37
15 40
15 42
15 43
15 44
15 45
15 47
15 51
15 52
15 54
15 57
15 22
16 17
16 18
16 19
16 20
16 21
16 22
16 24
16 25
16 26
16 27
16 28
16 29
16 30
16 31
16 32
16 33
16 34
16 36
16 37
16 39
16 40
16 41
16 42
16 43
16 44
16 49
16 54
16 50
17 19
17 21
17 22
17 23
17 26
17 27
17 28
17 29
17 30
17 32
17 33
17 38
17 39
17 40
17 43
17 46
17 50
17 51
17 52
17 53
17 58
17 18
18 20
18 22
18 24
18 26
18 27
18 29
18 30
18 33
18 34
18 38
18 39
18 40
18 52
18 54
19 20
19 21
19 22
19 24
19 27
19 31
19 33
19 34
19 38
19 41
19 42
19 51
19 54
19 59
19 58
20 21
20 23
20 25
20 27
20 29
20 33
20 38
20 39
20 41
20 45
20 48
20 49
20 53
20 56
20 57
20 37
21 23
21 24
21 36
21 40
21 43
21 55
21 56
21 57
21 58
21 42
22 23
22 24
22 25
22 27
22 31
22 32
22 44
22 46
22 52
23 24
23 26
23 29
23 30
23 31
23 32
23 34
23 35
23 36
23 38
23 46
23 48
23 49
23 50
23 52
23 56
23 57
23 59
23 55
24 25
24 26
24 28
24 32
24 34
24 37
24 39
24 45
24 46
24 50
24 54
25 26
25 31
25 36
25 40
25 50
25 51
25 53
25 54
25 43
26 28
26 29
26 33
26 35
26 49
26 50
26 51
26 55
26 43
27 30
27 31
27 33
27 34
27 37
27 39
27 40
27 41
27 42
27 51
27 59
27 48
28 29
28 30
28 32
28 36
28 39
28 43
29 34
29 41
29 42
29 47
29 48
29 50
29 54
29 58
29 59
30 31
30 32
30 34
30 37
30 40
30 41
30 46
30 48
30 53
30 33
31 35
31 36
31 40
31 41
31 45
31 48
31 54
31 55
31 59
32 43
32 44
32 57
32 59
33 36
33 40
33 44
33 48
33 51
33 39
34 35
34 37
34 39
34 41
34 45
34 46
34 50
34 51
34 53
35 41
35 43
35 46
35 47
35 49
35 53
35 55
35 57
35 58
36 37
36 38
36 41
36 42
36 43
36 45
36 47
36 51
36 52
36 56
36 53
37 47
37 49
37 54
37 55
37 58
37 56
38 39
38 42
38 49
38 54
39 55
40 45
40 46
40 51
40 56
40 55
41 48
41 52
41 57
41 58
41 54
42 47
42 49
42 59
43 44
43 48
43 50
43 53
43 57
44 55
44 59
45 47
45 59
45 55
46 47
46 51
46 56
47 48
47 52
47 55
47 56
47 58
47 59
48 49
48 59
49 53
49 58
51 55
51 56
51 57
52 57
55 56
55 58
55 59