193260942
14
60
668
0 14
0 15
0 16
0 33
0 41
1 14
1 15
1 16
1 17
1 18
1 19
1 20
1 21
1 23
1 26
1 29
1 30
1 31
1 35
1 38
1 39
1 41
1 42
1 52
1 54
1 43
2 14
2 16
2 17
2 18
2 19
2 20
2 23
2 24
2 28
2 31
2 32
2 33
2 34
2 41
2 42
2 44
2 45
2 50
2 51
2 56
3 14
3 15
3 16
3 18
3 22
3 25
3 26
3 29
3 31
3 34
3 35
3 45
3 46
4 14
4 15
4 16
4 17
4 18
4 19
4 21
4 22
4 23
4 25
4 26
4 27
4 28
4 33
4 36
4 37
4 40
4 48
4 53
4 39
5 14
5 15
5 16
5 17
5 18
5 20
5 21
5 22
5 24
5 30
5 35
5 39
5 40
5 43
5 44
5 46
5 55
6 14
6 15
6 16
6 17
6 18
6 19
6 20
6 21
6 22
6 23
6 28
6 33
6 36
6 37
6 40
6 42
6 43
6 50
6 55
6 57
6 30
7 14
7 15
7 17
7 18
7 19
7 21
7 22
7 23
7 25
7 27
7 30
7 32
7 33
7 35
7 41
7 47
7 49
7 50
7 51
7 52
7 54
7 57
7 59
8 14
8 15
8 16
8 17
8 18
8 20
8 21
8 23
8 26
8 28
8 34
8 35
8 36
8 37
8 38
8 40
8 45
8 48
8 49
8 19
9 14
9 15
9 16
9 17
9 18
9 19
9 20
9 21
9 22
9 23
9 26
9 27
9 28
9 31
9 34
9 35
9 37
9 43
9 47
9 48
9 56
9 57
10 14
10 15
10 16
10 17
10 22
10 23
10 24
11 14
11 15
11 17
11 19
11 20
11 24
11 26
11 27
11 29
11 31
11 39
11 41
11 45
11 54
11 47
12 14
12 15
12 16
12 19
12 20
12 21
12 23
12 25
12 27
12 32
12 38
12 42
12 47
12 50
12 59
13 14
13 15
13 16
13 17
13 18
13 19
13 20
13 22
13 24
13 25
13 28
13 31
13 44
13 48
13 50
13 52
13 57
13 26
14 15
14 16
14 17
14 18
14 19
14 20
14 21
14 22
14 24
14 25
14 26
14 27
14 28
14 29
14 30
14 32
14 33
14 34
14 37
14 38
14 39
14 40
14 42
14 43
14 44
14 46
14 48
14 49
14 51
14 52
14 53
14 56
14 58
14 59
15 16
15 17
15 18
15 19
15 20
15 21
15 22
15 23
15 24
15 25
15 26
15 27
15 29
15 32
15 33
15 36
15 37
15 38
15 39
15 42
15 43
15 50
15 51
15 54
15 56
15 57
15 46
16 17
16 18
16 19
16 20
16 21
16 22
16 24
16 26
16 27
16 29
16 30
16 31
16 36
16 37
16 38
16 39
16 40
16 41
16 43
16 45
16 46
16 47
16 50
16 51
16 53
16 59
16 28
16 54
17 18
17 19
17 20
17 21
17 22
17 25
17 27
17 29
17 30
17 38
17 41
17 43
17 45
17 47
17 17
18 19
18 20
18 21
18 23
18 24
18 25
18 27
18 29
18 30
18 32
18 33
18 36
18 39
18 40
18 42
18 44
18 46
18 47
18 48
18 49
18 50
18 52
18 53
18 55
18 56
18 38
19 21
19 22
19 23
19 24
19 27
19 29
19 30
19 31
19 32
19 34
19 36
19 38
19 39
19 40
19 41
19 43
19 44
19 47
19 48
19 49
19 52
19 53
19 54
19 58
19 59
19 33
19 46
20 24
20 25
20 27
20 28
20 29
20 30
20 31
20 32
20 34
20 35
20 36
20 38
20 39
20 41
20 46
20 58
21 22
21 23
21 24
21 25
21 26
21 28
21 33
21 34
21 35
21 37
21 41
21 44
21 45
21 46
21 48
21 50
21 51
21 52
21 53
21 55
21 57
21 36
22 23
22 24
22 25
22 26
22 28
22 29
22 30
22 33
22 34
22 35
22 40
22 42
22 50
22 51
22 55
22 57
22 59
22 47
22 41
23 24
23 25
23 26
23 27
23 28
23 29
23 31
23 33
23 34
23 35
23 37
23 39
23 42
23 44
23 45
23 47
23 49
23 55
24 25
24 26
24 27
24 28
24 29
24 30
24 34
24 35
24 40
24 42
24 45
24 53
24 54
24 55
24 57
24 59
25 26
25 29
25 31
25 32
25 35
25 38
25 39
25 40
25 53
25 54
26 28
26 30
26 32
26 33
26 36
26 40
26 42
26 43
26 46
26 51
26 52
26 56
27 28
27 31
27 33
27 35
27 39
27 42
27 44
27 46
27 47
27 49
27 50
27 52
27 36
28 30
28 32
28 36
28 37
28 38
28 47
28 49
28 52
28 57
28 58
28 59
29 30
29 31
29 32
29 34
29 36
29 37
29 38
29 40
29 41
29 42
29 46
29 49
29 51
29 57
29 58
29 59
30 31
30 32
30 34
30 35
30 37
30 39
30 42
30 46
30 47
30 48
30 54
30 59
31 32
31 33
31 38
31 43
31 44
31 46
31 47
31 50
31 53
31 56
32 34
32 36
32 37
32 43
32 44
32 45
32 48
32 49
32 52
32 53
33 36
33 44
33 47
33 48
33 51
33 53
33 58
33 50
34 36
34 40
34 43
34 58
35 43
35 52
35 56
35 58
35 59
36 37
36 39
36 41
36 43
36 44
36 45
36 51
36 53
36 54
36 59
36 57
37 38
37 41
37 46
37 54
37 49
38 49
38 57
38 58
38 40
39 45
40 41
40 44
40 45
40 51
40 52
40 54
40 55
41 45
41 47
41 48
41 51
41 55
41 58
42 55
43 46
43 55
43 56
44 49
44 52
44 54
44 55
45 48
45 53
45 54
45 57
45 50
45 51
46 49
46 56
47 48
47 50
47 51
47 56
48 49
49 50
49 53
49 56
49 58
50 54
50 57
50 58
50 59
51 56
52 55
52 56
52 58
53 55
54 58
55 59
56 57
56 59