318303542
13
60
639
0 13
0 14
0 16
0 17
0 18
0 21
0 22
0 23
0 25
0 26
0 37
0 44
0 47
0 50
0 54
0 56
0 2
1 13
1 14
1 15
1 16
1 18
1 19
1 20
1 24
1 26
1 29
1 34
1 35
1 36
1 38
1 40
1 42
1 44
1 51
1 52
1 56
2 13
2 14
2 15
2 16
2 17
2 18
2 20
2 22
2 23
2 25
2 30
2 39
2 40
2 45
2 53
2 56
2 57
2 59
3 13
3 14
3 15
3 16
3 17
3 19
3 20
3 21
3 22
3 23
3 24
3 25
3 27
3 28
3 29
3 30
3 32
3 36
3 37
3 41
3 42
3 43
3 45
3 46
3 52
3 56
3 58
3 51
4 13
4 17
4 20
4 29
4 41
4 14
4 25
5 13
5 14
5 15
5 18
5 19
5 20
5 24
5 25
5 29
5 35
5 48
5 50
6 13
6 14
6 15
6 16
6 18
6 19
6 20
6 21
6 26
6 27
6 30
6 32
6 34
6 37
6 38
6 42
6 49
6 56
7 13
7 14
7 15
7 16
7 17
7 18
7 19
7 23
7 27
7 32
7 33
7 34
7 35
7 39
7 46
7 49
7 51
7 55
7 57
8 13
8 14
8 15
8 16
8 17
8 18
8 20
8 21
8 27
8 29
8 35
8 37
8 40
8 41
8 44
8 45
8 46
8 57
8 58
8 43
9 13
9 14
9 15
9 16
9 17
9 21
9 22
9 25
9 26
9 27
9 31
9 33
9 36
9 41
9 45
9 51
9 56
9 58
9 19
10 13
10 14
10 15
10 16
10 20
10 21
10 22
10 23
10 30
10 31
10 33
10 35
10 40
10 45
10 46
10 49
10 53
11 13
11 14
11 15
11 16
11 17
11 18
11 19
11 23
11 24
11 25
11 27
11 29
11 31
11 32
11 35
11 41
11 43
11 48
11 49
11 53
11 56
11 38
11 28
12 13
12 14
12 15
12 17
12 19
12 21
12 22
12 27
12 28
12 32
12 44
12 51
12 52
12 53
12 55
12 57
13 14
13 15
13 16
13 17
13 18
13 19
13 20
13 21
13 22
13 23
13 24
13 25
13 26
13 27
13 28
13 29
13 30
13 31
13 32
13 33
13 35
13 36
13 37
13 39
13 40
13 43
13 44
13 48
13 49
13 51
13 52
13 53
13 54
13 55
13 56
13 57
13 58
14 15
14 16
14 17
14 18
14 19
14 20
14 21
14 22
14 23
14 25
14 26
14 27
14 28
14 29
14 31
14 32
14 34
14 35
14 38
14 42
14 43
14 44
14 45
14 47
14 48
14 52
14 58
15 16
15 17
15 18
15 19
15 20
15 22
15 23
15 24
15 25
15 27
15 29
15 30
15 31
15 32
15 33
15 34
15 35
15 37
15 38
15 39
15 42
15 43
15 44
15 47
15 50
15 53
15 55
15 58
15 59
15 26
16 17
16 18
16 19
16 20
16 21
16 23
16 24
16 26
16 28
16 30
16 31
16 33
16 34
16 35
16 36
16 39
16 40
16 42
16 44
16 45
16 46
16 55
16 56
17 18
17 19
17 20
17 21
17 22
17 23
17 26
17 28
17 31
17 34
17 38
17 39
17 40
17 41
17 43
17 48
17 52
17 57
17 50
17 30
18 19
18 21
18 24
18 25
18 31
18 32
18 33
18 34
18 35
18 37
18 39
18 40
18 45
18 49
18 50
18 55
18 56
18 54
19 22
19 24
19 25
19 26
19 28
19 29
19 30
19 31
19 32
19 33
19 34
19 36
19 37
19 38
19 39
19 41
19 44
19 46
19 53
19 57
19 23
20 21
20 22
20 24
20 26
20 27
20 28
20 30
20 33
20 34
20 40
20 42
20 43
20 46
20 49
20 54
20 58
20 59
21 22
21 23
21 24
21 26
21 28
21 30
21 32
21 33
21 36
21 42
21 51
21 54
21 58
21 50
21 44
22 23
22 24
22 27
22 28
22 35
22 36
22 38
22 41
22 45
22 46
22 47
22 50
22 51
22 56
22 57
22 58
22 42
23 24
23 25
23 26
23 28
23 30
23 31
23 33
23 36
23 39
23 41
23 50
23 51
23 54
23 56
23 35
24 25
24 26
24 27
24 28
24 29
24 30
24 31
24 33
24 34
24 35
24 36
24 37
24 38
24 39
24 42
24 43
24 46
24 47
24 48
24 49
24 52
24 54
24 55
24 56
24 57
25 28
25 32
25 36
25 37
25 42
25 47
25 48
25 49
25 55
25 59
26 30
26 36
26 37
26 43
26 46
26 48
26 49
26 50
26 52
26 59
27 29
27 31
27 32
27 38
27 39
27 41
27 43
27 44
27 46
27 56
27 59
27 33
28 29
28 44
28 46
28 51
28 54
29 37
29 42
29 43
29 45
29 49
29 59
30 47
30 52
31 33
31 34
31 37
31 41
31 42
31 44
31 47
31 48
31 52
31 53
31 57
31 58
31 59
32 39
32 40
33 34
33 38
33 43
33 51
33 53
34 36
34 38
34 39
34 40
34 42
35 38
35 41
35 45
35 51
35 55
35 58
36 38
36 45
36 51
36 53
36 54
36 58
36 59
37 40
37 41
37 49
37 53
37 56
38 40
38 54
38 41
38 46
39 47
39 48
39 49
39 50
39 53
39 54
39 41
40 44
40 47
40 48
40 50
40 52
40 55
40 45
41 48
41 50
41 52
42 43
42 47
42 50
42 59
43 45
43 50
43 52
43 53
43 58
43 59
44 46
44 48
45 47
45 54
45 55
46 47
46 51
47 54
47 56
47 58
48 50
48 54
48 55
48 57
48 59
50 55
51 57
52 55
54 57
56 59
58 59