743963550
17
60
755
0 17
0 18
0 20
0 21
0 23
0 24
0 25
0 28
0 29
0 31
0 32
0 34
0 35
0 38
0 46
0 49
0 36
1 17
1 18
1 19
1 21
1 22
1 23
1 26
1 27
1 28
1 29
1 30
1 39
1 44
1 48
1 49
1 52
1 53
1 20
1 2
1 24
2 17
2 18
2 19
2 20
2 21
2 23
2 24
2 25
2 26
2 27
2 28
2 29
2 30
2 32
2 33
2 34
2 35
2 37
2 38
2 39
2 40
2 43
2 44
2 46
2 50
2 51
2 54
2 57
3 17
3 18
3 19
3 20
3 22
3 26
3 27
3 28
3 30
3 31
3 32
3 33
3 36
3 43
3 45
3 47
3 50
3 53
3 55
3 56
3 57
3 58
3 59
4 17
4 18
4 19
4 20
4 21
4 24
4 25
4 29
4 30
4 35
4 36
4 42
4 45
4 47
4 50
4 52
4 57
4 14
4 12
4 26
5 17
5 18
5 19
5 20
5 21
5 22
5 24
5 26
5 27
5 28
5 29
5 30
5 31
5 32
5 35
5 37
5 41
5 45
5 46
5 53
5 54
5 56
5 57
5 58
5 43
6 17
6 18
6 19
6 20
6 21
6 22
6 24
6 25
6 28
6 30
6 31
6 32
6 36
6 37
6 38
6 39
6 40
6 41
6 42
6 44
6 55
6 58
6 59
6 6
7 17
7 18
7 19
7 20
7 21
7 22
7 23
7 24
7 25
7 30
7 31
7 32
7 34
7 43
7 44
7 47
7 55
7 57
8 17
8 18
8 19
8 20
8 21
8 22
8 23
8 24
8 25
8 26
8 27
8 28
8 30
8 33
8 34
8 35
8 37
8 38
8 40
8 42
8 43
8 45
8 46
8 49
8 50
8 51
8 52
8 55
8 29
8 41
9 17
9 18
9 21
9 23
9 25
9 27
9 30
9 36
9 43
9 55
10 17
10 19
10 20
10 24
10 26
10 37
10 55
11 17
11 18
11 19
11 21
11 22
11 23
11 25
11 29
11 32
11 33
11 37
11 38
11 41
11 47
11 51
11 52
11 55
12 17
12 18
12 19
12 20
12 21
12 22
12 23
12 24
12 25
12 26
12 27
12 29
12 32
12 42
12 48
12 50
13 17
13 18
13 19
13 20
13 21
13 22
13 23
13 26
13 27
13 28
13 29
13 31
13 32
13 33
13 35
13 36
13 40
13 41
13 43
13 44
13 45
13 48
14 17
14 18
14 19
14 20
14 21
14 22
14 23
14 24
14 27
14 38
14 43
14 45
14 48
14 49
14 50
14 55
14 56
14 29
15 17
15 18
15 19
15 20
15 22
15 23
15 26
15 29
15 33
15 34
15 39
15 40
15 43
15 46
15 47
15 48
15 52
15 58
16 17
16 18
16 19
16 20
16 22
16 27
16 29
16 37
16 39
16 43
16 45
16 48
16 49
17 18
17 19
17 20
17 21
17 22
17 23
17 24
17 25
17 26
17 27
17 28
17 29
17 31
17 34
17 36
17 39
17 42
17 44
17 48
17 50
17 56
17 57
17 58
17 49
18 19
18 20
18 21
18 22
18 23
18 24
18 25
18 26
18 28
18 29
18 30
18 31
18 32
18 33
18 36
18 37
18 39
18 40
18 42
18 44
18 49
18 52
18 53
18 56
19 20
19 21
19 22
19 23
19 24
19 25
19 26
19 27
19 28
19 29
19 30
19 31
19 33
19 34
19 35
19 36
19 39
19 40
19 41
19 42
19 47
19 48
19 50
19 53
19 57
19 59
20 21
20 22
20 23
20 24
20 25
20 26
20 28
20 30
20 31
20 32
20 33
20 34
20 35
20 37
20 38
20 39
20 40
20 42
20 45
20 52
20 54
20 55
20 56
20 57
20 59
20 20
21 22
21 23
21 24
21 25
21 26
21 27
21 28
21 29
21 30
21 31
21 32
21 33
21 36
21 37
21 38
21 39
21 40
21 41
21 42
21 43
21 44
21 46
21 47
21 50
21 51
21 54
21 55
21 58
21 59
21 45
22 23
22 24
22 25
22 26
22 28
22 29
22 30
22 31
22 33
22 34
22 35
22 37
22 38
22 39
22 40
22 41
22 42
22 43
22 44
22 47
22 51
22 54
22 57
22 59
23 24
23 25
23 27
23 32
23 33
23 35
23 36
23 37
23 38
23 40
23 43
23 45
23 47
23 48
23 49
23 50
23 58
23 30
24 25
24 26
24 27
24 28
24 29
24 31
24 32
24 34
24 35
24 36
24 41
24 43
24 44
24 48
24 51
24 54
24 55
24 56
25 26
25 27
25 28
25 31
25 33
25 34
25 35
25 36
25 38
25 39
25 41
25 44
25 45
25 53
25 57
26 27
26 30
26 33
26 34
26 38
26 44
26 47
26 51
26 46
27 28
27 30
27 31
27 32
27 33
27 34
27 36
27 38
27 41
27 42
27 49
27 53
27 54
27 55
27 58
28 29
28 30
28 31
28 34
28 35
28 37
28 38
28 39
28 40
28 42
28 44
28 50
28 53
28 54
28 58
28 59
28 33
29 32
29 34
29 35
29 36
29 37
29 39
29 41
29 45
29 46
29 47
29 48
29 50
29 51
29 54
29 57
30 31
30 32
30 33
30 37
30 39
30 41
30 44
30 45
30 54
30 57
30 49
30 51
31 36
31 38
31 44
31 45
31 53
31 58
32 33
32 34
32 35
32 36
32 40
32 45
32 46
32 48
32 49
32 51
32 55
32 56
32 59
33 34
33 35
33 37
33 38
33 42
33 46
33 47
33 48
33 51
33 52
33 55
33 57
33 58
33 54
34 35
34 39
34 40
34 41
34 43
34 46
34 53
34 56
34 59
35 36
35 42
35 43
35 44
35 46
35 48
35 51
35 53
35 37
36 37
36 45
36 46
36 50
36 52
36 53
36 54
36 55
37 38
37 39
37 40
37 41
37 42
37 46
37 49
37 50
37 52
37 53
37 58
38 40
38 41
38 47
38 49
38 52
38 59
39 40
39 41
39 43
39 44
39 49
39 50
39 52
39 56
39 57
39 58
40 41
40 42
40 43
40 45
40 46
40 47
40 49
40 52
40 55
40 59
41 42
41 46
41 51
41 56
41 59
42 46
42 47
42 49
42 51
42 58
42 59
43 47
43 48
43 51
43 52
43 54
43 55
43 58
44 45
44 49
44 50
44 51
44 53
44 54
45 46
45 47
45 48
45 51
45 52
45 56
45 59
45 50
46 49
46 52
46 54
46 56
46 57
46 58
46 59
47 48
47 49
47 54
47 56
48 50
48 53
49 51
49 55
50 53
50 54
50 56
51 52
52 53
52 56
52 59
53 54
54 57
54 58
55 56
55 57
58 59