575569720
16
60
726
0 16
0 17
0 19
0 28
0 32
0 37
0 39
0 40
0 42
0 50
0 56
1 16
1 17
1 18
1 19
1 20
1 21
1 22
1 23
1 24
1 29
1 31
1 33
1 34
1 36
1 38
1 42
1 44
1 49
1 51
1 54
1 56
2 16
2 17
2 18
2 19
2 20
2 22
2 23
2 24
2 26
2 29
2 35
2 36
2 45
2 46
2 54
2 55
2 57
2 58
2 14
3 16
3 17
3 18
3 20
3 21
3 22
3 24
3 26
3 27
3 28
3 30
3 32
3 33
3 39
3 40
3 46
3 51
3 19
4 16
4 17
4 18
4 19
4 20
4 21
4 23
4 25
4 26
4 27
4 29
4 31
4 32
4 34
4 35
4 36
4 42
4 44
4 46
4 49
4 51
4 52
4 55
4 56
4 58
5 16
5 17
5 18
5 19
5 20
5 21
5 25
5 27
5 56
5 26
6 16
6 17
6 18
6 19
6 20
6 21
6 22
6 26
6 35
6 38
6 43
6 45
6 49
7 16
7 19
7 21
7 23
7 26
7 28
7 30
7 31
7 48
7 50
8 16
8 17
8 18
8 19
8 20
8 22
8 23
8 24
8 25
8 26
8 27
8 28
8 29
8 30
8 31
8 32
8 34
8 37
8 39
8 43
8 45
8 46
8 47
8 49
8 53
8 54
8 56
8 59
8 44
8 58
9 16
9 17
9 18
9 19
9 20
9 21
9 22
9 24
9 25
9 28
9 32
9 35
9 37
9 41
9 44
9 45
9 49
9 55
9 57
9 31
10 16
10 17
10 18
10 19
10 20
10 21
10 22
10 23
10 24
10 26
10 28
10 29
10 30
10 31
10 32
10 33
10 34
10 37
10 38
10 39
10 40
10 55
10 56
10 15
11 16
11 17
11 18
11 20
11 21
11 22
11 24
11 25
11 26
11 27
11 28
11 29
11 30
11 31
11 32
11 33
11 34
11 35
11 40
11 41
11 50
11 53
11 55
11 39
12 16
12 17
12 18
12 23
12 28
12 35
12 37
12 42
12 48
12 54
13 16
13 17
13 18
13 19
13 20
13 21
13 22
13 23
13 24
13 26
13 31
13 32
13 35
13 36
13 38
13 40
13 41
13 43
13 44
13 48
13 50
13 52
13 53
13 58
13 59
14 16
14 17
14 18
14 19
14 20
14 21
14 23
14 24
14 25
14 26
14 27
14 28
14 29
14 30
14 31
14 32
14 33
14 34
14 35
14 36
14 37
14 38
14 39
14 43
14 47
14 48
14 49
14 50
14 52
14 53
14 57
14 58
14 59
15 16
15 17
15 18
15 19
15 21
15 22
15 24
15 25
15 28
15 30
15 32
15 33
15 36
15 38
15 41
15 43
15 45
15 48
15 50
15 58
16 17
16 18
16 19
16 20
16 22
16 23
16 24
16 25
16 26
16 27
16 29
16 31
16 33
16 35
16 36
16 39
16 40
16 41
16 42
16 43
16 44
16 45
16 46
16 47
16 51
16 30
17 18
17 19
17 20
17 21
17 22
17 23
17 24
17 25
17 27
17 31
17 33
17 36
17 38
17 42
17 44
17 45
17 47
17 48
17 49
17 51
17 52
17 53
17 54
17 55
17 57
17 59
17 29
18 19
18 20
18 21
18 22
18 23
18 25
18 26
18 27
18 28
18 29
18 30
18 31
18 32
18 33
18 34
18 35
18 36
18 37
18 38
18 40
18 43
18 44
18 47
18 48
18 49
18 51
18 53
18 54
18 57
18 58
18 59
19 20
19 21
19 22
19 23
19 24
19 25
19 27
19 28
19 29
19 30
19 33
19 35
19 36
19 38
19 41
19 43
19 44
19 45
19 46
19 48
19 49
19 52
19 53
19 55
19 56
19 57
19 40
19 50
20 21
20 22
20 23
20 24
20 25
20 26
20 27
20 28
20 30
20 33
20 36
20 38
20 41
20 43
20 45
20 54
20 58
20 37
21 22
21 23
21 25
21 26
21 27
21 28
21 29
21 30
21 34
21 35
21 37
21 40
21 44
21 45
21 46
21 47
21 49
21 50
21 52
21 54
21 59
21 31
22 23
22 24
22 25
22 26
22 27
22 30
22 31
22 32
22 33
22 34
22 37
22 40
22 42
22 43
22 48
22 50
22 53
22 54
22 55
22 56
22 58
22 51
23 24
23 25
23 27
23 28
23 29
23 30
23 31
23 38
23 39
23 40
23 41
23 42
23 44
23 51
23 57
23 34
24 25
24 26
24 27
24 29
24 30
24 35
24 36
24 39
24 41
24 42
24 43
24 46
24 49
24 50
24 52
24 53
24 54
24 55
25 27
25 29
25 31
25 34
25 35
25 36
25 38
25 39
25 41
25 44
25 46
25 49
25 50
25 51
25 52
25 56
25 55
25 54
26 28
26 29
26 31
26 33
26 34
26 35
26 37
26 40
26 41
26 42
26 45
26 47
26 49
26 52
26 53
26 55
26 57
27 29
27 30
27 32
27 34
27 38
27 39
27 40
27 41
27 42
27 43
27 46
27 48
27 51
27 52
27 53
27 56
27 55
28 30
28 31
28 32
28 34
28 35
28 36
28 37
28 38
28 44
28 50
29 40
29 46
29 47
29 48
29 51
29 53
29 55
29 33
30 32
30 33
30 37
30 39
30 40
30 49
30 50
30 58
30 59
31 32
31 33
31 34
31 36
31 37
31 38
31 39
31 40
31 42
31 43
31 45
31 44
32 33
32 34
32 37
32 46
32 48
32 51
32 54
33 34
33 37
33 41
33 47
33 50
34 42
34 43
34 44
34 45
34 46
34 49
34 51
34 53
34 56
34 58
35 36
35 37
35 39
35 41
35 42
35 43
35 44
35 47
35 50
35 52
35 56
35 59
36 39
36 51
36 56
36 59
37 38
37 39
37 41
37 44
37 46
37 48
37 55
37 57
38 39
38 40
38 42
38 47
38 48
38 49
38 52
38 54
38 55
38 57
38 58
39 45
39 47
39 59
40 41
40 42
40 45
40 52
40 53
40 56
40 59
41 46
41 47
41 51
42 43
42 47
42 51
42 58
42 49
43 44
43 47
43 48
43 53
43 57
43 58
44 45
44 46
44 48
44 51
44 54
44 55
44 56
44 57
45 47
45 57
45 59
46 52
46 54
46 58
47 50
47 55
47 59
48 53
49 50
49 52
49 55
50 57
50 59
51 52
52 54
52 56
52 57
53 54
55 58
55 59
56 57
56 58
56 59