368893909
20
60
813
0 20
0 21
0 22
0 23
0 24
0 25
0 26
0 27
0 28
0 29
0 36
0 37
0 40
0 44
0 51
0 55
0 59
1 20
1 22
1 23
1 24
1 25
1 26
1 27
1 28
1 33
1 34
1 36
1 39
1 44
1 46
1 56
1 57
1 59
2 20
2 21
2 22
2 25
2 26
2 27
2 29
2 31
2 32
2 34
2 36
2 37
2 43
2 45
2 57
2 58
3 20
3 21
3 22
3 23
3 24
3 25
3 27
3 30
3 33
3 34
3 36
3 40
3 42
3 45
3 52
3 54
4 20
4 21
4 22
4 23
4 24
4 26
4 28
4 29
4 31
4 32
4 35
4 39
4 42
4 43
4 54
5 20
5 21
5 22
5 23
5 24
5 25
5 26
5 27
5 28
5 29
5 30
5 31
5 32
5 33
5 35
5 37
5 40
5 41
5 50
5 51
5 52
5 55
5 58
5 34
5 16
6 20
6 21
6 23
6 24
6 26
6 27
6 28
6 29
6 33
6 35
6 36
6 40
6 41
6 44
6 45
6 48
6 51
6 53
6 58
7 20
7 21
7 22
7 23
7 24
7 25
7 26
7 27
7 29
7 31
7 32
7 34
7 35
7 40
7 41
7 42
7 43
7 46
7 48
7 49
7 50
7 51
7 59
8 20
8 21
8 22
8 25
8 27
8 28
8 29
8 30
8 32
8 33
8 34
8 37
8 38
8 42
8 44
8 45
8 47
8 50
8 51
8 54
8 55
8 56
9 20
9 21
9 22
9 23
9 24
9 25
9 28
9 29
9 30
9 31
9 34
9 35
9 36
9 38
9 39
9 41
9 42
9 43
9 45
9 47
9 48
9 50
9 54
9 55
9 58
9 59
10 20
10 21
10 22
10 23
10 24
10 26
10 30
10 36
10 40
10 41
10 42
10 48
10 49
11 20
11 21
11 22
11 23
11 25
11 27
11 29
11 34
11 40
11 41
11 43
11 46
11 56
12 20
12 21
12 22
12 23
12 24
12 25
12 26
12 27
12 28
12 29
12 30
12 34
12 35
12 41
12 43
12 44
12 45
12 48
12 51
12 58
13 20
13 21
13 22
13 23
13 24
13 25
13 26
13 44
13 52
13 59
14 20
14 21
14 22
14 23
14 24
14 28
14 31
14 32
14 34
14 36
14 38
14 40
14 47
14 50
14 53
14 56
14 57
15 20
15 21
15 22
15 23
15 25
15 28
15 29
15 31
15 32
15 33
15 35
15 37
15 42
15 46
15 55
15 58
15 45
15 41
15 26
16 20
16 21
16 22
16 23
16 24
16 26
16 30
16 31
16 33
16 35
16 39
16 51
16 55
16 56
16 58
17 20
17 21
17 23
17 24
17 25
17 26
17 27
17 28
17 30
17 32
17 33
17 34
17 38
17 41
17 43
17 45
17 46
17 50
17 52
17 54
17 56
18 20
18 21
18 22
18 23
18 24
18 25
18 26
18 27
18 30
18 31
18 34
18 35
18 36
18 38
18 41
18 42
18 43
18 48
18 50
18 54
18 58
19 20
19 21
19 22
19 24
19 25
19 26
19 27
19 28
19 30
19 31
19 33
19 34
19 35
19 39
19 40
19 41
19 42
19 48
19 49
19 50
19 52
19 55
19 57
20 21
20 22
20 23
20 24
20 25
20 26
20 27
20 28
20 29
20 30
20 31
20 32
20 33
20 34
20 37
20 39
20 41
20 42
20 44
20 45
20 46
20 47
20 49
20 52
20 57
20 56
21 22
21 23
21 24
21 25
21 26
21 27
21 28
21 29
21 30
21 31
21 32
21 33
21 34
21 37
21 38
21 39
21 41
21 43
21 44
21 45
21 47
21 48
21 49
21 50
21 51
21 52
21 53
21 54
21 56
21 58
21 59
22 23
22 24
22 25
22 26
22 27
22 28
22 29
22 30
22 31
22 32
22 33
22 35
22 36
22 38
22 39
22 42
22 43
22 45
22 46
22 47
22 49
22 51
22 53
22 56
22 59
23 24
23 25
23 26
23 27
23 28
23 29
23 30
23 31
23 32
23 33
23 34
23 35
23 36
23 37
23 38
23 39
23 40
23 41
23 42
23 43
23 44
23 46
23 47
23 49
23 50
23 52
23 54
23 55
23 56
23 57
23 59
24 25
24 26
24 27
24 28
24 29
24 30
24 31
24 32
24 33
24 34
24 35
24 36
24 37
24 38
24 39
24 40
24 41
24 42
24 43
24 45
24 46
24 48
24 49
24 50
24 52
24 53
24 54
24 57
25 26
25 27
25 28
25 29
25 30
25 32
25 33
25 35
25 36
25 37
25 38
25 42
25 43
25 44
25 45
25 46
25 49
25 50
25 51
25 53
25 54
25 57
25 59
25 48
26 27
26 28
26 29
26 30
26 31
26 32
26 33
26 34
26 35
26 36
26 37
26 38
26 40
26 43
26 44
26 46
26 47
26 48
26 50
26 51
26 52
26 53
26 55
26 57
26 59
27 28
27 29
27 30
27 31
27 32
27 34
27 35
27 36
27 37
27 38
27 39
27 40
27 42
27 43
27 44
27 45
27 46
27 47
27 48
27 49
27 50
27 56
27 57
27 59
28 29
28 30
28 31
28 32
28 33
28 36
28 37
28 39
28 40
28 42
28 43
28 44
28 46
28 49
28 52
28 53
28 54
28 57
28 59
29 30
29 31
29 32
29 33
29 34
29 35
29 37
29 39
29 41
29 42
29 43
29 44
29 46
29 47
29 49
29 50
29 52
29 53
29 57
30 31
30 32
30 33
30 35
30 37
30 38
30 39
30 43
30 48
30 50
30 51
30 53
30 54
30 56
30 57
30 58
30 59
30 40
30 46
31 32
31 35
31 36
31 37
31 38
31 39
31 40
31 44
31 46
31 47
31 52
31 53
31 55
31 56
31 57
31 59
32 33
32 35
32 36
32 37
32 38
32 40
32 41
32 45
32 47
32 53
32 54
32 55
32 56
32 58
33 34
33 37
33 38
33 39
33 40
33 41
33 47
33 48
33 49
33 52
33 53
33 54
33 55
33 59
34 36
34 37
34 38
34 40
34 42
34 47
34 55
35 36
35 38
35 39
35 41
35 43
35 45
35 48
35 49
35 51
35 52
35 53
35 56
35 58
36 37
36 38
36 39
36 44
36 46
36 50
36 51
36 52
36 53
36 54
36 55
36 56
36 59
37 38
37 39
37 41
37 42
37 44
37 47
37 48
37 51
37 54
38 39
38 40
38 44
38 45
38 47
38 48
38 49
38 50
38 52
38 54
38 57
39 40
39 41
39 44
39 45
39 46
39 47
39 48
39 51
39 56
39 58
40 45
40 46
40 48
40 49
40 51
40 53
41 42
41 46
41 47
41 49
41 55
41 56
41 57
41 59
41 52
42 43
42 44
42 45
42 48
42 49
42 56
43 46
43 47
43 51
43 52
43 54
43 57
43 59
44 45
44 47
44 52
44 58
45 53
45 56
45 57
46 49
46 50
46 51
46 52
46 53
46 55
46 56
46 58
47 48
47 49
47 55
47 57
48 51
48 53
48 55
48 58
48 59
49 50
49 53
49 55
49 58
50 56
51 54
51 59
52 54
52 55
52 57
52 58
53 57
54 59
56 58
57 58