673944912
24
60
871
0 24
0 25
0 26
0 27
0 28
0 29
0 30
0 32
0 33
0 36
0 38
0 39
0 40
0 41
0 42
0 43
0 46
0 47
0 48
0 56
0 58
0 59
1 24
1 25
1 26
1 27
1 28
1 29
1 30
1 31
1 32
1 33
1 34
1 35
1 37
1 38
1 40
1 42
1 47
1 52
1 53
1 56
1 59
2 24
2 25
2 27
2 28
2 29
2 30
2 33
2 34
2 35
2 36
2 37
2 38
2 39
2 40
2 41
2 42
2 43
2 45
2 48
2 49
2 50
2 52
2 53
2 54
2 55
2 59
2 15
3 24
3 25
3 26
3 27
3 29
3 30
3 31
3 32
3 33
3 37
3 38
3 40
3 42
3 44
3 46
3 51
3 55
3 59
4 24
4 25
4 26
4 27
4 28
4 33
4 34
4 35
4 36
4 39
4 40
4 42
4 43
4 45
4 46
4 49
4 50
4 51
4 52
4 53
4 54
4 56
4 57
4 58
5 24
5 25
5 26
5 27
5 28
5 31
5 32
5 33
5 34
5 35
5 36
5 37
5 38
5 39
5 40
5 41
5 43
5 44
5 47
5 48
5 49
5 55
6 24
6 26
6 29
6 32
6 37
6 39
6 40
6 47
6 51
6 52
6 56
6 57
7 24
7 25
7 26
7 35
7 36
7 41
7 45
7 47
7 50
7 48
8 24
8 25
8 26
8 28
8 29
8 30
8 33
8 34
8 36
8 37
8 38
8 39
8 43
8 45
8 46
8 53
9 24
9 25
9 27
9 28
9 29
9 30
9 32
9 34
9 35
9 41
9 42
9 43
9 44
9 45
9 46
9 52
9 53
9 54
10 24
10 25
10 26
10 27
10 28
10 29
10 31
10 32
10 35
10 39
10 43
10 44
10 46
10 48
10 52
10 55
10 56
10 57
11 24
11 25
11 26
11 27
11 28
11 29
11 31
11 32
11 34
11 36
11 38
11 48
11 49
12 24
12 25
12 26
12 27
12 28
12 29
12 30
12 31
12 35
12 41
12 42
12 43
12 49
12 50
12 51
12 52
12 53
12 54
12 58
12 21
13 24
13 25
13 26
13 27
13 28
13 30
13 31
13 32
13 33
13 37
13 38
13 44
13 54
13 57
13 58
13 59
14 24
14 25
14 26
14 27
14 28
14 29
14 30
14 31
14 32
14 33
14 34
14 37
14 38
14 39
14 40
14 41
14 42
14 44
14 50
14 53
14 55
14 57
15 24
15 25
15 26
15 27
15 28
15 29
15 30
15 31
15 32
15 33
15 35
15 36
15 37
15 40
15 41
15 43
15 44
15 45
15 47
15 50
15 56
15 57
15 59
16 24
16 25
16 26
16 27
16 30
16 31
16 32
16 34
16 36
16 38
16 42
16 49
16 50
16 54
16 58
17 24
17 25
17 26
17 27
17 28
17 29
17 30
17 31
17 32
17 33
17 35
17 37
17 39
17 45
17 49
17 51
17 59
18 24
18 25
18 26
18 27
18 28
18 29
18 30
18 31
18 32
18 33
18 34
18 35
18 36
18 37
18 38
18 39
18 41
18 42
18 43
18 44
18 45
18 46
18 47
18 48
18 49
18 50
18 53
18 56
18 59
19 24
19 25
19 26
19 27
19 28
19 29
19 30
19 31
19 34
19 46
19 47
19 55
19 58
20 24
20 25
20 26
20 27
20 28
20 29
20 30
20 31
20 33
20 35
20 36
20 37
20 38
20 42
20 47
20 48
20 50
20 52
20 57
21 24
21 25
21 26
21 27
21 28
21 29
21 30
21 31
21 33
21 34
21 50
21 51
22 24
22 25
22 26
22 27
22 28
22 29
22 30
22 31
22 32
22 33
22 34
22 35
22 36
22 39
22 40
22 41
22 50
22 52
22 54
22 55
23 24
23 25
23 26
23 27
23 28
23 29
23 30
23 31
23 32
23 33
23 34
23 36
23 40
23 41
23 43
23 44
23 46
23 47
23 48
24 25
24 26
24 27
24 28
24 29
24 30
24 31
24 32
24 33
24 34
24 35
24 36
24 37
24 39
24 40
24 41
24 42
24 43
24 44
24 45
24 47
24 49
24 53
24 54
24 55
24 56
24 59
25 26
25 27
25 28
25 29
25 30
25 31
25 32
25 33
25 34
25 35
25 36
25 37
25 38
25 39
25 40
25 41
25 42
25 43
25 44
25 45
25 48
25 50
25 51
25 52
25 56
25 57
25 58
25 59
26 27
26 28
26 29
26 30
26 31
26 32
26 33
26 34
26 35
26 36
26 37
26 38
26 39
26 40
26 41
26 42
26 43
26 46
26 47
26 48
26 49
26 50
26 51
26 53
26 55
26 56
26 58
27 28
27 29
27 30
27 31
27 32
27 33
27 34
27 35
27 36
27 37
27 38
27 39
27 40
27 42
27 43
27 44
27 46
27 47
27 48
27 50
27 53
27 55
27 56
27 57
27 58
27 59
28 29
28 30
28 31
28 32
28 33
28 34
28 35
28 36
28 37
28 39
28 40
28 41
28 42
28 45
28 47
28 48
28 49
28 55
28 56
28 57
28 58
28 59
29 30
29 31
29 32
29 33
29 34
29 35
29 36
29 37
29 38
29 39
29 40
29 41
29 42
29 45
29 46
29 47
29 48
29 49
29 50
29 51
29 52
29 53
29 54
29 56
29 57
29 59
30 31
30 32
30 33
30 34
30 35
30 36
30 37
30 38
30 40
30 41
30 42
30 44
30 45
30 47
30 50
30 51
30 52
30 53
30 54
30 57
30 59
30 39
31 32
31 33
31 34
31 35
31 36
31 37
31 38
31 39
31 40
31 41
31 42
31 43
31 44
31 45
31 46
31 47
31 48
31 49
31 50
31 51
31 52
31 53
31 54
31 55
31 56
31 58
31 59
32 34
32 35
32 36
32 37
32 38
32 39
32 40
32 41
32 44
32 45
32 46
32 49
32 50
32 52
32 54
32 55
32 59
32 42
33 34
33 35
33 36
33 37
33 38
33 39
33 40
33 41
33 43
33 45
33 46
33 47
33 48
33 49
33 50
33 51
33 52
33 53
33 54
33 56
33 57
34 35
34 37
34 38
34 39
34 41
34 42
34 43
34 44
34 45
34 46
34 47
34 49
34 51
34 53
34 56
34 58
35 36
35 38
35 39
35 40
35 43
35 44
35 45
35 46
35 47
35 48
35 49
35 51
35 52
35 54
35 55
35 57
35 58
35 59
36 37
36 38
36 39
36 43
36 44
36 45
36 46
36 48
36 49
36 52
36 55
36 58
36 59
37 38
37 40
37 41
37 42
37 44
37 45
37 47
37 48
37 51
37 52
37 53
37 55
38 39
38 42
38 44
38 45
38 46
38 48
38 49
38 50
38 51
38 52
38 53
38 54
38 55
38 56
38 57
38 58
38 59
39 40
39 41
39 42
39 43
39 45
39 46
39 49
39 50
39 51
39 52
39 53
39 55
39 56
40 41
40 42
40 43
40 44
40 46
40 47
40 48
40 51
40 52
40 53
40 54
40 56
40 57
40 58
41 43
41 44
41 50
41 52
41 54
41 58
42 43
42 44
42 45
42 47
42 51
42 54
42 55
43 44
43 45
43 46
43 47
43 48
43 49
43 51
43 52
43 54
43 57
43 59
44 46
44 48
44 49
44 51
44 57
44 59
45 46
45 48
45 49
45 50
45 51
45 54
45 55
45 56
45 58
46 48
46 49
46 54
46 57
46 58
47 50
47 53
47 57
48 51
48 53
48 54
48 57
48 59
49 51
49 53
49 56
49 57
49 59
50 53
50 54
50 55
50 58
51 52
51 55
51 58
51 59
52 56
52 58
52 59
53 54
53 55
53 56
54 55
54 56
55 57
55 58
55 59
56 57
57 58