812186296
2
65
133
0 2
0 4
0 7
0 16
0 17
0 33
0 36
0 46
0 47
0 51
0 15
1 2
1 3
1 6
1 9
1 10
1 11
1 12
1 13
1 16
1 30
1 31
1 35
1 36
1 46
2 3
2 5
2 7
2 8
2 12
2 13
2 14
2 15
2 18
2 19
2 20
2 21
2 22
2 27
2 29
2 34
2 43
2 45
2 49
2 56
2 60
2 61
2 40
2 51
2 31
3 4
3 8
3 27
3 28
3 31
3 57
3 58
4 5
4 11
4 39
4 48
5 6
5 17
5 20
5 25
5 55
6 14
6 24
7 28
7 37
7 39
7 44
7 50
7 55
7 60
7 64
8 9
8 10
8 22
8 25
8 35
8 41
8 61
8 63
8 64
10 42
10 47
10 56
11 26
12 15
12 18
13 49
13 59
15 19
15 21
15 24
15 26
15 30
15 38
16 29
16 40
16 48
16 53
16 62
17 38
17 50
18 23
18 37
18 45
18 52
19 23
19 41
21 33
21 34
21 51
22 32
22 42
22 27
26 40
26 59
26 62
27 43
27 53
30 32
33 44
34 52
34 63
34 50
43 57
43 58
45 49
48 54
50 54