473078197
2
65
167
0 2
0 4
0 10
0 15
0 16
0 19
0 23
0 41
0 46
0 49
0 54
0 51
0 1
1 2
1 3
1 6
1 8
1 12
1 18
1 27
1 28
1 37
1 48
1 61
1 17
2 3
2 4
2 5
2 6
2 7
2 11
2 12
2 18
2 22
2 24
2 30
2 48
2 57
2 29
2 44
3 9
3 21
3 34
3 37
3 38
3 11
3 23
3 64
4 5
4 10
4 31
4 50
4 6
4 26
4 48
5 7
6 14
6 17
6 19
6 33
6 43
6 47
6 29
6 57
7 8
7 13
7 21
7 22
7 25
7 39
7 53
7 56
7 63
7 16
7 18
8 9
8 11
8 15
8 20
8 24
8 33
8 44
8 49
8 50
8 55
8 61
8 43
9 29
9 36
9 42
9 46
9 51
9 62
9 49
9 11
9 21
9 45
10 17
10 33
11 13
11 16
11 20
11 29
11 30
11 40
11 42
11 43
11 51
11 55
11 64
12 63
13 14
13 26
13 31
13 41
13 45
14 22
14 24
16 17
17 47
18 23
18 28
18 32
18 36
18 39
18 60
18 41
19 35
19 58
19 54
20 26
20 32
20 38
22 27
22 40
22 53
24 25
24 34
24 56
24 59
24 60
25 51
25 46
26 57
27 33
28 59
28 50
29 35
29 47
29 54
29 58
30 53
30 52
31 44
31 45
31 49
35 36
36 60
36 42
38 56
44 52
44 61
44 64
49 52
53 55
55 62
59 63