648493435
3
65
201
0 3
0 7
0 8
0 10
0 12
0 28
0 31
0 56
0 57
0 61
0 62
0 2
1 3
1 4
1 5
1 9
1 32
1 53
2 3
2 4
2 5
2 6
2 7
2 8
2 10
2 11
2 12
2 13
2 14
2 15
2 18
2 19
2 22
2 24
2 26
2 30
2 32
2 34
2 47
2 51
2 63
3 4
3 6
3 7
3 9
3 11
3 14
3 17
3 18
3 20
3 21
3 23
3 24
3 26
3 29
3 30
3 41
3 45
3 49
3 52
3 54
3 59
3 61
3 27
4 5
4 6
4 13
4 16
4 19
4 23
4 24
4 25
4 37
4 39
4 41
4 48
4 49
4 62
4 53
5 16
5 17
5 18
5 21
5 23
5 40
5 58
5 62
5 63
5 31
6 9
6 10
6 13
6 16
6 21
6 26
6 33
6 35
6 41
6 47
6 48
6 51
6 58
6 64
7 8
7 11
7 12
7 20
7 29
7 34
7 35
7 49
8 20
8 22
8 29
8 44
8 50
8 12
8 15
8 52
9 51
10 15
10 36
10 46
11 15
11 25
11 61
12 27
12 36
12 42
12 59
12 64
13 14
13 17
13 28
13 30
13 32
13 38
13 43
13 55
13 58
14 44
14 54
15 22
15 27
15 60
15 59
16 19
16 27
16 28
16 40
16 37
17 53
17 25
18 31
18 42
18 56
19 37
19 39
19 40
20 47
20 53
20 55
21 38
21 42
21 50
21 63
23 25
23 33
23 46
24 31
24 43
25 57
25 45
27 36
27 44
28 34
28 35
28 55
28 42
29 43
29 54
29 46
30 57
31 33
31 39
31 52
32 38
33 45
35 38
35 56
35 60
36 37
36 46
36 60
36 54
39 45
44 48
46 52
49 50
53 59
61 64