288522364
3
65
236
0 3
0 52
1 3
1 4
1 5
1 6
1 11
1 12
1 14
1 17
1 18
1 21
1 35
1 39
1 40
1 41
1 52
1 8
1 16
1 50
2 3
2 4
2 5
2 15
2 19
2 32
2 54
2 63
3 4
3 5
3 6
3 8
3 9
3 10
3 11
3 12
3 13
3 14
3 15
3 16
3 18
3 20
3 21
3 26
3 27
3 29
3 30
3 40
3 46
3 50
3 51
3 61
3 62
3 63
3 3
3 7
4 7
4 10
4 11
4 15
4 17
4 19
4 20
4 25
4 47
4 56
4 4
4 33
5 6
5 7
5 8
5 9
5 19
5 20
5 22
5 24
5 25
5 42
5 45
5 60
5 64
6 7
6 8
6 9
6 10
6 12
6 16
6 30
6 34
6 35
6 37
6 50
6 55
6 59
6 20
6 48
7 17
7 23
7 31
7 32
7 35
7 39
7 51
7 11
7 61
8 13
8 27
8 31
8 39
8 18
8 21
8 57
9 14
9 18
9 22
9 23
9 24
9 28
9 49
9 50
9 56
9 48
9 39
10 13
10 23
10 24
10 31
10 33
10 36
10 38
10 44
10 49
10 53
10 29
11 16
11 51
11 54
11 30
11 38
12 26
12 28
12 30
12 48
12 53
12 63
13 21
13 26
13 43
13 30
13 28
13 63
14 57
14 20
15 52
15 46
16 22
16 34
16 40
16 59
17 44
18 29
18 30
19 28
19 53
19 55
19 59
19 42
20 25
20 36
20 58
20 64
20 44
21 60
22 38
23 27
23 42
23 44
23 45
23 24
24 29
24 33
24 47
25 36
25 37
25 43
25 62
25 63
25 30
25 32
25 34
25 64
26 32
27 61
27 62
27 52
28 38
28 41
28 42
28 54
28 57
29 37
29 38
29 48
29 46
30 33
30 34
30 40
30 43
31 44
31 48
35 57
36 41
36 64
37 57
39 46
41 46
41 61
41 55
42 47
42 54
43 49
43 58
44 45
45 53
46 56
47 48
47 53
48 58
50 56
51 55
52 55
55 64
56 59
56 60
56 62
59 64