104938996
4
65
270
0 4
0 5
0 6
0 10
0 11
0 27
0 40
0 41
0 54
1 4
1 5
1 6
1 7
1 8
1 10
1 11
1 12
1 13
1 14
1 16
1 17
1 21
1 22
1 24
1 27
1 30
1 32
1 34
1 36
1 41
1 44
1 45
1 51
1 53
1 55
1 58
1 1
2 4
2 5
2 26
2 33
2 51
2 54
3 4
3 6
3 7
3 9
3 15
3 24
3 50
3 39
4 5
4 6
4 8
4 9
4 11
4 12
4 19
4 20
4 21
4 24
4 25
4 27
4 29
4 30
4 42
4 45
4 48
4 56
4 60
4 7
5 7
5 8
5 16
5 26
5 28
5 35
5 39
5 49
6 7
6 8
6 9
6 11
6 12
6 13
6 17
6 18
6 20
6 28
6 29
6 33
6 40
6 47
6 53
6 54
6 55
6 61
6 59
7 10
7 13
7 18
7 39
7 40
7 62
7 63
8 9
8 10
8 14
8 26
8 28
8 33
8 36
8 37
8 44
8 48
8 45
8 64
9 21
9 23
9 24
9 25
9 28
9 34
9 57
9 61
9 12
9 17
10 13
10 15
10 16
10 32
10 33
10 36
10 44
10 45
10 59
10 60
11 12
11 15
11 19
11 23
11 30
11 31
11 32
11 34
11 39
11 42
11 60
11 11
12 14
12 15
12 22
12 32
12 37
12 38
12 43
12 62
13 14
13 20
13 23
13 25
13 27
13 35
13 38
13 43
13 46
13 47
13 52
13 62
13 32
13 36
14 18
14 19
14 31
14 49
14 60
15 16
15 17
15 20
15 21
15 46
15 51
15 55
15 59
16 17
16 18
16 19
16 38
16 44
16 55
16 61
16 30
17 23
17 25
17 26
17 35
17 37
17 45
17 48
17 50
18 61
19 22
19 31
20 22
20 54
20 64
20 28
20 50
22 42
22 53
22 57
23 31
23 64
23 53
24 30
24 34
24 59
25 41
26 29
26 50
26 58
26 51
27 29
27 56
28 43
28 47
28 59
28 38
29 35
29 38
30 39
30 46
30 52
30 56
30 62
31 50
31 57
33 36
33 42
33 53
33 34
34 63
35 37
36 40
36 52
37 56
37 63
38 59
39 41
39 52
40 53
41 43
41 47
41 45
42 46
42 49
43 57
43 58
44 48
44 55
45 49
46 51
47 58
47 61
47 63
47 64
50 57
50 64
51 62
60 63