526955191
6
65
372
0 6
0 7
0 8
0 13
0 15
0 23
0 27
0 30
0 33
0 36
0 37
0 40
0 42
0 44
0 45
0 49
0 60
1 6
2 6
2 7
2 8
2 9
2 10
2 12
2 14
2 16
2 17
2 18
2 20
2 22
2 24
2 29
2 30
2 31
2 34
2 40
2 47
2 53
2 55
2 64
3 6
3 7
3 8
3 9
3 10
3 11
3 12
3 13
3 14
3 16
3 17
3 18
3 21
3 22
3 25
3 28
3 30
3 31
3 37
3 38
3 40
3 41
3 42
3 46
3 47
3 48
3 49
3 51
3 54
3 58
3 59
4 6
4 7
4 8
4 9
4 10
4 11
4 20
4 24
4 27
4 28
4 39
4 40
4 45
4 50
4 53
4 58
4 59
4 46
5 6
5 7
5 12
5 18
5 61
6 7
6 8
6 9
6 10
6 11
6 12
6 13
6 14
6 16
6 19
6 20
6 22
6 23
6 24
6 25
6 26
6 27
6 29
6 31
6 33
6 34
6 35
6 36
6 38
6 41
6 42
6 43
6 44
6 46
6 47
6 50
6 51
6 55
6 59
6 37
7 8
7 9
7 10
7 11
7 15
7 16
7 21
7 27
7 29
7 33
7 35
7 36
7 37
7 52
7 57
7 61
7 63
7 25
8 9
8 10
8 11
8 12
8 13
8 14
8 15
8 26
8 31
8 35
8 36
8 42
8 55
8 56
9 11
9 12
9 16
9 19
9 21
9 23
9 25
9 27
9 34
9 35
9 38
9 43
9 46
9 51
9 58
9 62
10 13
10 14
10 21
10 22
10 24
10 27
10 28
10 30
10 43
10 53
10 61
11 13
11 15
11 17
11 23
11 26
11 34
11 39
11 49
11 52
11 63
12 18
12 19
12 22
12 30
12 33
12 39
12 41
12 42
12 46
12 55
12 61
12 64
12 31
13 14
13 15
13 17
13 18
13 21
13 28
13 34
13 40
13 41
13 45
13 50
13 57
13 58
13 27
14 15
14 16
14 17
14 19
14 20
14 26
14 28
14 32
14 37
14 41
14 44
14 46
14 56
14 60
14 57
15 18
15 20
15 25
15 33
15 37
15 39
15 41
15 45
15 50
15 62
16 17
16 19
16 22
16 23
16 24
16 26
16 28
16 38
16 48
16 50
16 51
16 53
16 63
17 19
17 20
17 40
18 24
18 32
18 52
18 54
18 49
18 19
19 23
19 49
19 50
19 53
19 56
19 62
20 21
20 25
20 31
20 37
20 44
20 46
20 47
20 48
21 48
21 56
21 62
22 26
22 32
22 51
23 33
23 61
23 34
24 25
24 31
24 47
24 53
24 62
24 63
25 29
25 35
25 36
25 61
26 38
26 43
26 60
27 29
27 30
27 32
27 34
27 38
27 43
28 29
28 32
28 45
28 54
28 55
29 39
29 41
30 32
30 35
30 44
30 52
30 57
32 45
32 33
33 42
33 44
33 59
33 64
34 36
34 39
34 48
34 52
34 54
34 57
36 60
39 59
39 60
39 44
40 64
41 43
41 55
41 58
41 50
42 49
42 59
43 48
43 57
44 47
44 49
44 54
44 61
44 59
45 51
45 60
45 63
45 64
46 52
46 54
46 62
48 64
50 63
52 56
53 64
54 56
56 57
56 58
56 56
57 63