806605222
5
65
338
0 5
0 6
0 7
0 14
0 26
1 5
1 6
1 8
1 9
1 18
1 21
1 22
1 25
1 27
1 46
1 49
2 5
2 7
2 9
2 10
2 12
2 14
2 17
2 40
2 42
2 43
2 46
2 50
2 52
2 59
2 29
3 5
3 6
3 8
3 9
3 25
3 31
3 51
3 20
4 5
4 6
4 7
4 9
4 14
4 17
4 19
4 23
4 32
4 33
4 48
4 59
4 47
5 6
5 7
5 8
5 10
5 11
5 12
5 13
5 15
5 16
5 18
5 20
5 23
5 24
5 25
5 28
5 29
5 32
5 36
5 42
5 43
5 44
5 45
5 48
5 49
5 56
5 58
5 62
5 14
5 60
6 7
6 8
6 9
6 10
6 11
6 12
6 13
6 18
6 20
6 22
6 23
6 24
6 28
6 32
6 33
6 34
6 39
6 51
6 52
6 53
6 54
6 59
6 60
6 62
6 63
6 47
6 27
6 48
7 8
7 10
7 11
7 13
7 20
7 24
7 26
7 29
7 30
7 31
7 33
7 38
7 41
7 45
7 47
7 49
7 50
7 52
7 61
7 19
7 35
8 11
8 12
8 13
8 27
8 31
8 32
8 46
8 48
8 54
8 57
8 60
9 10
9 11
9 13
9 15
9 17
9 18
9 19
9 22
9 24
9 29
9 55
10 14
10 15
10 19
10 25
10 39
10 40
10 58
10 23
10 52
11 12
11 14
11 16
11 17
11 18
11 22
11 23
11 36
11 37
11 49
11 56
11 58
11 64
12 15
12 16
12 20
12 21
12 50
12 57
12 61
12 40
12 37
12 56
13 15
13 16
13 19
13 20
13 21
13 24
13 30
13 34
13 36
13 38
13 41
13 42
13 44
13 47
13 57
14 17
14 26
14 35
14 51
15 16
15 21
15 25
15 26
15 55
15 61
16 19
16 26
16 28
16 31
16 44
16 54
16 56
16 64
16 55
16 43
17 22
17 23
17 30
18 27
18 28
18 29
18 32
18 33
18 36
18 38
18 45
18 55
19 27
19 28
19 39
19 47
19 54
19 62
19 24
20 21
20 27
20 34
20 35
20 39
20 43
20 45
20 64
20 30
21 29
21 30
21 33
21 35
21 38
21 42
21 50
22 30
22 39
22 41
22 56
22 25
23 37
23 42
23 55
24 34
24 35
24 37
24 38
24 40
24 41
24 48
24 50
24 51
24 57
24 30
24 32
25 37
25 34
26 44
26 57
27 36
27 53
27 34
28 34
28 40
28 58
28 63
29 31
29 47
29 61
30 44
30 33
31 59
32 43
32 62
33 37
33 44
34 35
34 49
34 58
35 40
35 52
35 60
36 56
36 54
36 51
37 41
37 48
37 51
38 46
39 47
39 53
39 64
39 50
40 45
40 57
40 63
40 55
41 50
41 54
42 43
42 46
42 59
43 55
44 60
45 53
45 63
46 53
46 54
46 62
47 64
48 52
48 61
49 60
51 53
53 64
54 63
57 63
58 59
59 61