564226967
7
65
407
0 7
0 8
0 10
0 11
0 14
0 15
0 20
0 28
0 33
0 40
0 45
0 46
0 48
0 53
0 59
0 60
0 63
1 7
1 8
1 9
1 10
1 11
1 12
1 13
1 14
1 18
1 21
1 34
1 44
1 45
1 46
1 58
2 7
2 8
2 9
2 10
2 14
2 19
2 26
2 28
2 31
2 32
2 33
2 35
2 44
2 46
3 7
3 8
3 9
3 15
3 17
3 18
3 23
3 25
3 26
3 27
3 30
3 36
3 39
3 42
3 46
3 57
3 63
4 7
4 8
4 9
4 13
4 15
4 17
4 21
4 22
4 27
4 29
4 39
4 43
4 49
4 55
4 63
4 64
5 7
5 8
5 9
5 10
5 11
5 12
5 14
5 17
5 18
5 22
5 23
5 27
5 28
5 31
5 42
5 52
5 62
6 7
6 17
6 18
6 28
6 32
7 8
7 9
7 10
7 11
7 12
7 13
7 14
7 16
7 18
7 25
7 26
7 27
7 28
7 29
7 33
7 36
7 38
7 43
7 44
7 47
7 49
7 50
7 54
7 57
7 60
7 64
8 9
8 10
8 11
8 12
8 15
8 20
8 22
8 23
8 24
8 25
8 26
8 27
8 29
8 30
8 35
8 37
8 40
8 41
8 42
8 44
8 45
8 47
8 52
8 53
8 56
8 57
8 61
8 62
8 64
9 10
9 11
9 12
9 13
9 14
9 15
9 16
9 18
9 19
9 20
9 22
9 23
9 24
9 25
9 26
9 28
9 29
9 31
9 32
9 33
9 35
9 39
9 41
9 44
9 50
9 51
9 55
9 59
9 60
9 61
10 11
10 12
10 13
10 15
10 16
10 17
10 18
10 19
10 21
10 22
10 24
10 25
10 27
10 29
10 31
10 33
10 34
10 37
10 38
10 39
10 40
10 50
10 51
10 56
10 62
10 63
11 12
11 13
11 15
11 16
11 17
11 20
11 21
11 24
11 28
11 31
11 35
11 38
11 39
11 40
11 42
11 56
11 61
11 64
12 13
12 14
12 16
12 17
12 25
12 31
12 34
12 41
12 55
13 23
13 26
13 30
13 32
13 35
13 36
13 38
13 40
13 42
13 46
13 52
13 60
13 64
14 16
14 19
14 24
14 46
14 48
14 50
15 16
15 20
15 21
15 22
15 23
15 26
15 30
15 33
15 36
15 37
15 39
15 53
16 19
16 36
16 55
16 57
16 59
16 61
17 19
17 20
17 21
17 30
17 32
17 42
17 57
18 19
18 20
18 34
18 37
18 59
19 21
19 53
19 62
20 22
20 24
20 25
20 27
20 29
20 30
20 35
20 37
20 43
20 49
20 52
20 57
20 58
20 59
20 62
21 24
21 47
21 55
22 23
22 29
22 34
22 38
22 43
22 46
22 47
22 48
23 41
23 60
23 61
24 32
24 58
24 60
24 64
25 33
25 35
25 37
25 38
25 40
25 50
25 51
25 52
25 58
25 59
25 60
26 34
26 36
26 37
26 47
26 51
26 56
26 58
27 36
27 40
27 41
27 56
28 30
28 31
28 47
28 59
28 62
29 44
30 43
30 48
31 32
31 34
31 45
31 49
31 53
31 54
31 58
32 39
32 41
32 44
32 54
32 55
33 43
33 48
34 41
34 43
34 45
34 61
35 54
36 38
36 47
36 54
36 56
37 63
38 49
38 50
38 56
38 58
38 63
39 52
39 58
40 42
40 48
40 49
40 51
40 54
40 62
41 49
41 61
42 45
42 55
43 52
44 45
44 48
45 53
46 50
47 51
47 57
47 63
48 53
50 51
53 54
56 64