422300501
8
65
475
0 8
0 10
0 11
0 13
0 16
0 21
0 27
0 31
0 34
0 36
0 50
0 57
0 60
0 63
1 8
1 9
1 10
1 11
1 12
1 13
1 14
1 15
1 17
1 18
1 19
1 20
1 23
1 25
1 26
1 27
1 33
1 40
1 43
1 47
1 52
1 60
1 61
1 64
2 8
2 9
2 10
2 12
2 13
2 14
2 23
2 46
2 54
3 8
3 9
3 11
3 15
3 16
3 21
3 26
3 29
3 34
3 36
3 47
3 63
4 8
4 9
4 12
4 14
4 25
4 31
4 36
4 46
4 52
5 8
5 9
5 10
5 13
5 19
5 21
5 22
5 27
5 28
5 30
5 34
5 36
5 44
5 47
5 53
5 54
5 60
6 8
6 9
6 10
6 11
6 17
6 18
6 23
6 24
6 28
6 34
6 42
6 52
7 8
7 9
7 10
7 11
7 12
7 14
7 15
7 16
7 17
7 18
7 19
7 22
7 24
7 26
7 27
7 28
7 29
7 30
7 35
7 43
7 46
7 53
7 54
7 55
7 62
7 64
7 40
8 9
8 10
8 11
8 12
8 13
8 14
8 15
8 17
8 18
8 19
8 20
8 21
8 22
8 24
8 25
8 26
8 28
8 31
8 34
8 35
8 36
8 37
8 38
8 39
8 40
8 42
8 43
8 49
8 50
8 52
8 56
8 58
8 60
8 62
9 10
9 11
9 12
9 13
9 14
9 15
9 16
9 17
9 19
9 20
9 22
9 23
9 25
9 28
9 30
9 32
9 33
9 39
9 40
9 42
9 44
9 45
9 47
9 52
9 55
9 58
9 62
10 11
10 12
10 13
10 15
10 16
10 18
10 20
10 22
10 24
10 25
10 27
10 31
10 32
10 35
10 40
10 41
10 44
10 46
10 47
10 54
10 55
10 57
10 64
10 38
11 12
11 13
11 14
11 16
11 17
11 18
11 20
11 21
11 22
11 23
11 24
11 27
11 29
11 30
11 31
11 40
11 43
11 45
11 46
11 47
11 53
11 59
11 62
11 11
11 15
12 16
12 24
12 26
12 33
12 38
12 39
12 41
12 42
12 43
12 44
12 61
13 14
13 15
13 16
13 18
13 20
13 21
13 23
13 34
13 37
13 44
13 45
13 47
13 48
13 50
13 56
13 58
13 59
13 60
13 28
14 15
14 18
14 19
14 22
14 33
14 35
14 36
14 37
14 42
14 48
14 50
14 51
14 53
14 63
15 17
15 19
15 28
15 30
15 31
15 53
16 17
16 23
16 25
16 32
16 33
16 35
16 37
16 50
16 41
16 30
17 20
17 24
17 26
17 29
17 30
17 44
17 49
17 50
17 51
17 63
17 64
18 19
18 21
18 32
18 48
18 52
18 58
18 62
19 20
19 22
19 25
19 29
19 35
19 39
19 43
19 46
19 60
19 62
19 63
20 21
20 25
20 26
20 29
20 31
20 32
20 33
20 36
20 38
20 47
20 51
20 52
20 53
20 58
20 60
20 20
21 23
21 27
21 29
21 30
21 48
21 49
21 53
21 56
22 24
22 37
22 42
22 44
22 45
22 55
22 56
22 58
22 63
23 30
23 32
23 33
23 38
23 49
23 54
23 59
23 61
24 37
24 38
24 41
24 51
24 54
25 26
25 27
25 28
25 29
25 32
25 34
25 36
25 38
25 39
25 50
25 59
25 64
25 61
26 32
26 37
26 46
26 33
26 41
27 28
27 31
27 33
27 41
27 46
27 49
27 55
28 35
28 39
28 40
28 41
28 48
28 51
28 56
28 61
28 57
30 38
30 41
30 42
30 49
30 51
30 55
30 56
30 61
30 54
31 43
31 45
31 58
31 39
32 34
32 35
32 43
32 54
32 57
32 42
33 40
33 52
33 60
34 40
34 59
35 37
35 39
35 45
35 48
36 38
36 44
36 63
37 49
37 56
37 64
38 39
38 41
38 57
39 41
39 49
39 57
39 58
39 61
40 48
40 50
40 51
40 55
40 59
40 49
41 42
41 45
41 47
42 45
42 64
43 51
44 48
44 60
46 57
46 59
47 53
47 56
47 62
48 54
48 57
48 59
50 63
51 55
53 61
54 57
55 57
55 61
55 64
58 62