604304325
9
65
543
0 9
0 10
0 11
0 12
0 13
0 16
0 17
0 19
0 21
0 22
0 25
0 27
0 28
0 29
0 30
0 39
0 45
0 46
0 48
0 57
0 59
0 31
0 44
1 9
1 12
1 14
1 15
1 44
1 45
1 48
1 64
2 9
2 10
2 11
2 12
2 13
2 14
2 15
2 16
2 17
2 18
2 21
2 23
2 24
2 25
2 26
2 31
2 32
2 34
2 35
2 36
2 38
2 39
2 42
2 45
2 52
2 20
2 30
3 9
3 10
3 11
3 12
3 13
3 14
3 15
3 16
3 17
3 19
3 22
3 23
3 24
3 26
3 29
3 30
3 33
3 37
3 39
3 40
3 50
3 61
3 21
3 34
4 9
4 10
4 11
4 13
4 15
4 18
4 20
4 21
4 24
4 26
4 28
4 30
4 31
4 32
4 34
4 43
4 44
4 45
4 46
4 51
4 63
4 64
4 8
5 9
5 10
5 11
5 12
5 16
5 17
5 18
5 19
5 20
5 26
5 28
5 29
5 37
5 44
5 47
5 48
5 49
5 51
5 58
5 59
5 60
5 63
5 35
5 6
5 62
6 9
6 10
6 11
6 20
6 22
6 23
6 30
6 39
6 41
7 9
7 10
7 11
7 12
7 14
7 15
7 16
7 17
7 24
7 27
7 31
7 35
7 36
7 38
7 40
7 41
7 47
7 57
7 22
7 29
8 9
8 10
8 13
8 16
8 17
8 48
8 49
8 56
8 62
8 64
8 25
9 10
9 11
9 12
9 13
9 14
9 15
9 17
9 18
9 19
9 20
9 21
9 22
9 23
9 24
9 25
9 27
9 28
9 30
9 32
9 33
9 37
9 39
9 41
9 49
9 50
9 51
9 55
9 47
10 11
10 12
10 13
10 14
10 15
10 16
10 18
10 21
10 22
10 25
10 28
10 29
10 34
10 37
10 40
10 47
10 49
10 51
10 53
10 55
10 61
10 52
11 12
11 13
11 14
11 16
11 18
11 19
11 20
11 22
11 25
11 28
11 29
11 30
11 31
11 32
11 33
11 41
11 52
11 55
11 57
11 59
11 61
11 62
11 64
11 35
11 51
12 13
12 14
12 15
12 18
12 19
12 20
12 21
12 22
12 23
12 26
12 27
12 30
12 34
12 35
12 36
12 42
12 46
12 51
12 52
12 54
12 56
12 59
12 62
12 37
13 14
13 17
13 25
13 33
13 35
13 46
13 51
13 56
13 58
13 60
13 31
14 15
14 18
14 19
14 21
14 24
14 25
14 27
14 28
14 29
14 31
14 32
14 36
14 37
14 42
14 47
14 51
14 56
14 64
14 46
14 59
15 16
15 18
15 20
15 22
15 23
15 26
15 30
15 31
15 35
15 36
15 38
15 41
15 44
15 45
15 48
15 52
15 54
15 59
15 24
15 49
16 17
16 19
16 25
16 37
16 39
16 40
16 43
16 53
16 55
16 56
16 16
17 21
17 34
17 38
17 43
17 48
17 54
17 60
18 19
18 20
18 25
18 36
18 38
18 43
18 45
18 46
18 50
18 53
18 54
18 59
18 60
18 62
19 20
19 21
19 22
19 23
19 24
19 26
19 27
19 28
19 33
19 35
19 38
19 39
19 42
19 56
19 61
19 62
19 45
19 64
20 23
20 24
20 27
20 44
20 45
20 51
20 58
20 63
20 40
21 23
21 24
21 26
21 27
21 29
21 30
21 32
21 34
21 43
21 53
21 57
22 27
22 31
22 34
22 39
22 42
22 54
22 25
23 26
23 31
23 32
23 37
23 41
23 43
23 44
23 47
23 56
23 61
23 55
24 34
24 35
24 36
24 41
24 42
24 44
24 47
24 48
24 55
24 57
24 60
24 63
25 32
25 33
25 35
25 36
25 37
25 42
25 47
25 49
25 50
25 58
26 29
26 33
26 38
26 43
26 44
26 52
26 63
26 58
27 28
27 44
27 46
27 50
27 52
27 61
27 38
28 29
28 32
28 33
28 40
28 42
28 45
28 52
28 54
29 31
29 45
29 51
29 53
29 55
29 62
30 38
30 43
30 46
30 57
30 58
31 35
31 38
31 40
31 41
31 49
31 50
31 54
31 55
31 58
31 60
31 63
32 33
32 34
32 36
32 42
32 43
32 49
32 55
33 48
33 50
33 55
33 62
33 63
34 60
35 46
35 48
35 53
35 57
35 36
36 37
36 39
36 40
36 46
36 58
37 40
38 50
38 56
38 60
38 61
39 40
39 41
39 57
39 59
39 64
40 41
40 58
41 60
42 47
42 49
42 54
42 59
42 60
43 58
43 61
44 53
44 61
44 62
44 64
44 54
45 47
45 59
46 49
46 57
47 54
47 62
48 53
49 50
49 53
49 56
49 64
50 52
51 52
51 64
52 54
53 62
53 63
55 58
61 63
62 64