569525256
9
65
509
0 9
0 10
0 11
0 12
0 13
0 14
0 17
0 18
0 22
0 25
0 27
0 28
0 33
0 36
0 39
0 43
0 49
0 56
0 63
0 42
1 9
1 10
1 11
1 13
1 14
1 15
1 16
1 17
1 21
1 22
1 24
1 26
1 28
1 29
1 47
2 9
2 10
2 11
2 15
2 19
2 24
2 25
2 31
2 38
2 42
2 53
3 9
3 10
3 11
3 12
3 13
3 15
3 16
3 17
3 19
3 20
3 21
3 22
3 24
3 27
3 29
3 32
3 36
3 37
3 38
3 44
3 48
3 50
3 53
3 58
3 62
4 9
4 10
4 11
4 13
4 15
4 16
4 18
4 19
4 22
4 25
4 27
4 28
4 31
4 38
4 58
5 9
5 10
5 12
5 14
5 16
5 18
5 20
5 24
5 28
5 35
5 41
5 42
5 43
5 46
6 9
6 12
6 15
7 9
7 10
7 11
7 12
7 14
7 16
7 17
7 18
7 20
7 23
7 28
7 34
7 45
7 47
7 55
7 62
7 63
8 9
8 10
8 11
8 12
8 13
8 14
8 16
8 20
8 24
8 27
8 29
8 30
8 31
8 33
8 36
8 40
8 45
8 49
8 60
8 64
8 48
9 10
9 11
9 12
9 13
9 14
9 15
9 16
9 17
9 18
9 22
9 23
9 25
9 30
9 32
9 35
9 40
9 46
9 47
9 49
9 50
9 51
9 54
9 55
9 56
9 58
9 28
10 11
10 12
10 13
10 14
10 15
10 18
10 20
10 21
10 23
10 24
10 26
10 27
10 29
10 31
10 33
10 34
10 35
10 36
10 37
10 38
10 40
10 42
10 43
10 44
10 48
10 52
10 60
10 63
11 12
11 13
11 14
11 15
11 16
11 18
11 19
11 21
11 23
11 25
11 26
11 30
11 31
11 32
11 33
11 35
11 36
11 38
11 39
11 40
11 43
11 44
11 47
11 48
11 50
11 51
11 55
11 56
11 57
11 60
11 64
12 13
12 14
12 16
12 17
12 21
12 23
12 24
12 26
12 27
12 33
12 35
12 39
12 40
12 44
12 46
12 48
12 49
12 51
12 57
12 59
12 22
13 15
13 17
13 19
13 20
13 21
13 23
13 26
13 27
13 28
13 29
13 31
13 34
13 36
13 37
13 41
13 42
13 44
13 45
13 46
13 48
13 49
13 52
13 61
13 63
14 21
14 23
14 25
14 30
14 32
14 33
14 39
14 41
14 42
14 51
14 53
14 54
14 55
14 60
14 63
15 17
15 19
15 21
15 22
15 25
15 29
15 31
15 35
15 36
15 37
15 39
15 40
15 41
15 42
15 43
15 44
15 45
15 49
15 51
15 53
15 54
15 57
15 60
15 62
15 64
16 17
16 18
16 19
16 20
16 23
16 25
16 27
16 28
16 29
16 30
16 31
16 32
16 33
16 34
16 35
16 41
16 45
16 47
16 50
16 51
16 56
16 57
16 60
16 64
17 18
17 19
17 20
17 22
17 29
17 30
17 33
17 34
17 40
17 46
17 50
17 56
17 57
17 59
17 60
17 62
18 19
18 21
18 22
18 23
18 34
18 38
18 47
18 59
19 20
19 22
19 24
19 26
19 28
19 30
19 39
19 46
19 50
19 56
19 57
19 58
19 61
20 26
20 52
20 54
20 55
20 63
21 26
21 27
21 39
21 43
21 52
21 54
21 59
21 62
22 26
22 36
22 37
22 44
22 51
22 54
22 59
22 61
22 63
23 24
23 30
23 34
23 42
23 56
24 25
24 32
24 37
24 45
24 47
25 28
25 31
25 33
25 34
25 41
25 49
25 52
25 57
25 61
25 62
26 30
26 35
26 41
26 45
26 52
27 29
27 40
27 41
27 44
27 45
27 46
27 54
27 64
28 32
28 41
28 42
28 48
28 58
29 32
29 34
29 35
29 37
29 43
29 52
29 57
29 58
29 61
30 32
30 37
30 43
30 48
30 50
30 58
30 61
30 64
31 37
31 62
32 36
32 40
32 55
32 59
33 38
33 45
33 49
33 52
33 53
33 63
34 46
34 50
34 60
35 39
35 53
36 38
37 38
37 39
37 42
37 59
38 44
38 55
39 47
39 48
39 53
39 64
40 43
40 47
40 48
40 53
40 55
41 49
42 55
42 58
43 46
43 51
43 64
47 51
47 54
47 58
47 63
48 50
48 52
48 53
48 54
49 64
51 61
52 59
54 56
54 61
55 56
55 57
55 59
55 62
56 61
57 59
57 60
60 62