275944030
10
65
578
0 10
0 11
0 12
0 13
0 14
0 15
0 16
0 18
0 19
0 21
0 23
0 26
0 28
0 29
0 30
0 33
0 40
0 42
0 44
0 47
0 38
1 10
1 11
1 12
1 13
1 19
1 22
1 24
1 26
1 29
1 30
1 31
1 33
1 40
1 41
1 49
1 52
1 54
1 6
2 10
2 11
2 12
2 14
2 21
2 22
2 23
2 41
2 58
2 59
2 53
2 17
3 10
3 11
3 14
3 15
3 17
3 20
3 22
3 26
3 28
3 35
3 37
3 44
3 51
3 56
3 63
4 10
4 11
4 12
4 13
4 14
4 15
4 18
4 21
4 24
4 25
4 28
4 30
4 34
4 39
4 40
4 42
4 43
4 52
4 58
4 61
4 29
4 60
5 10
5 11
5 12
5 13
5 15
5 16
5 17
5 18
5 22
5 25
5 27
5 32
5 33
5 35
5 58
5 59
5 62
5 34
6 10
6 11
6 12
6 13
6 15
6 17
6 19
6 24
6 32
6 34
6 36
6 40
6 49
6 56
6 61
7 10
7 13
7 14
7 16
7 17
7 19
7 20
7 22
7 25
7 27
7 45
7 47
7 48
7 56
7 35
8 10
8 11
8 12
8 27
8 28
8 48
8 53
9 10
9 11
9 12
9 13
9 14
9 15
9 16
9 17
9 19
9 21
9 25
9 27
9 31
9 32
9 37
9 38
9 40
9 41
9 48
9 51
9 54
9 55
9 57
9 60
10 11
10 12
10 13
10 14
10 16
10 17
10 18
10 19
10 20
10 21
10 23
10 24
10 26
10 27
10 28
10 29
10 31
10 35
10 41
10 42
10 46
10 52
10 54
10 61
10 62
10 37
11 12
11 13
11 14
11 15
11 16
11 17
11 18
11 20
11 21
11 23
11 26
11 34
11 47
11 48
11 50
11 51
11 53
11 54
11 59
11 61
11 63
11 56
12 13
12 14
12 15
12 16
12 18
12 19
12 20
12 21
12 22
12 23
12 24
12 25
12 27
12 29
12 30
12 33
12 36
12 41
12 42
12 43
12 44
12 45
12 46
12 49
12 54
12 55
12 59
12 61
12 62
13 14
13 15
13 16
13 17
13 18
13 20
13 24
13 25
13 29
13 30
13 32
13 34
13 36
13 37
13 38
13 46
13 47
13 48
13 50
13 53
13 56
13 64
13 40
13 33
14 15
14 16
14 17
14 19
14 20
14 21
14 22
14 23
14 26
14 29
14 31
14 35
14 39
14 45
14 53
14 54
14 60
14 62
14 49
15 16
15 17
15 18
15 19
15 20
15 21
15 22
15 24
15 28
15 29
15 30
15 31
15 35
15 36
15 38
15 39
15 45
15 46
15 48
15 49
15 50
15 51
15 57
15 59
15 62
15 63
16 18
16 20
16 21
16 22
16 23
16 24
16 25
16 27
16 30
16 36
16 46
16 52
16 55
16 58
16 56
17 18
17 19
17 20
17 23
17 24
17 25
17 28
17 31
17 33
17 34
17 39
17 46
17 50
17 53
17 62
17 64
17 48
18 23
18 25
18 28
18 29
18 30
18 31
18 32
18 34
18 36
18 37
18 38
18 41
18 42
18 43
18 49
18 52
18 55
18 35
19 26
19 29
19 32
19 39
19 40
19 51
19 55
19 58
19 63
19 64
19 35
19 52
20 22
20 26
20 27
20 28
20 30
20 32
20 36
20 37
20 41
20 42
20 51
20 52
20 57
20 59
20 61
20 48
21 26
21 28
21 32
21 47
21 52
21 34
22 23
22 26
22 29
22 31
22 33
22 34
22 35
22 43
22 44
22 45
22 46
22 48
22 49
22 50
22 51
22 56
22 57
22 58
22 61
23 24
23 25
23 27
23 30
23 33
23 34
23 43
23 52
23 53
23 56
24 31
24 35
24 36
24 37
24 38
24 45
24 47
24 56
24 63
24 25
25 31
25 32
25 33
25 37
25 38
25 39
25 61
26 27
26 33
26 35
26 42
26 48
26 50
26 53
26 63
26 64
27 32
27 33
27 35
27 38
27 40
27 41
27 44
27 45
27 52
27 58
28 36
28 37
28 45
28 46
28 48
28 57
28 64
29 35
29 36
29 42
29 43
29 46
29 50
29 51
29 57
29 60
29 63
30 38
30 39
30 40
30 42
30 50
30 54
30 56
30 57
30 59
31 34
31 43
31 44
31 45
31 60
32 37
32 40
32 42
32 43
32 59
32 63
33 34
33 49
33 50
34 37
34 38
34 39
34 41
34 43
34 59
34 64
35 39
35 49
35 60
35 45
36 38
36 40
36 44
36 46
36 54
37 41
37 44
37 48
37 58
38 39
38 43
38 51
38 56
39 45
39 47
39 54
39 55
39 56
39 59
39 61
39 64
40 52
40 58
40 63
40 40
41 44
41 50
42 44
42 49
42 57
42 61
43 47
43 53
43 55
43 57
43 60
43 62
43 64
44 53
44 54
45 47
45 64
46 47
46 51
46 57
47 49
47 55
47 56
47 60
48 60
48 62
49 55
49 63
49 59
50 60
50 52
51 55
51 58
52 53
52 62
53 60
54 58
54 64
55 61
55 62