980905727
12
65
646
0 12
0 13
0 14
0 16
0 26
0 28
0 33
0 37
0 38
0 39
0 51
1 12
1 13
1 14
1 15
1 17
1 18
1 19
1 20
1 21
1 22
1 23
1 24
1 25
1 27
1 28
1 31
1 34
1 35
1 37
1 41
1 57
1 59
2 12
2 13
2 18
2 19
2 22
2 27
2 37
2 38
2 55
3 12
3 14
3 15
3 16
3 24
3 25
3 26
3 27
3 33
3 37
3 39
3 43
3 48
3 52
3 61
3 62
3 41
4 12
4 13
4 14
4 15
4 16
4 17
4 18
4 19
4 23
4 25
4 26
4 27
4 43
4 55
4 64
5 12
5 13
5 16
5 19
5 21
5 24
5 30
5 56
5 64
5 58
5 20
6 12
6 13
6 14
6 15
6 16
6 18
6 19
6 20
6 25
6 27
6 30
6 31
6 51
6 58
7 12
7 13
7 14
7 15
7 16
7 17
7 18
7 23
7 26
7 28
7 31
7 32
7 35
7 46
7 55
7 59
8 12
8 13
8 14
8 15
8 16
8 17
8 18
8 20
8 22
8 24
8 31
8 34
8 41
8 44
8 45
8 51
8 54
8 56
8 60
8 61
9 12
9 13
9 14
9 15
9 17
9 18
9 20
9 21
9 23
9 28
9 29
9 31
9 32
9 33
9 40
9 44
9 52
9 61
10 12
10 13
10 14
10 15
10 17
10 18
10 21
10 32
10 33
10 52
10 57
10 59
10 63
11 12
11 13
11 14
11 15
11 16
11 17
11 20
11 23
11 24
11 25
11 28
11 29
11 33
11 34
11 36
11 38
11 40
11 48
11 49
11 51
11 52
11 53
11 54
11 59
12 13
12 14
12 15
12 16
12 17
12 18
12 19
12 20
12 21
12 22
12 23
12 24
12 27
12 28
12 29
12 31
12 32
12 34
12 35
12 38
12 40
12 42
12 43
12 45
12 46
12 47
12 48
12 49
12 50
12 52
12 60
12 64
12 36
13 14
13 15
13 16
13 17
13 19
13 20
13 21
13 22
13 24
13 25
13 26
13 28
13 30
13 31
13 33
13 36
13 43
13 44
13 50
13 51
13 52
13 60
14 15
14 16
14 17
14 18
14 19
14 20
14 21
14 22
14 24
14 26
14 28
14 30
14 34
14 39
14 40
14 42
14 43
14 45
14 47
14 49
14 57
14 58
14 62
14 64
15 16
15 17
15 18
15 19
15 20
15 21
15 22
15 23
15 25
15 27
15 28
15 29
15 30
15 32
15 33
15 35
15 37
15 39
15 42
15 46
15 51
15 53
15 56
15 59
15 61
16 17
16 19
16 20
16 21
16 22
16 23
16 24
16 27
16 29
16 30
16 31
16 36
16 38
16 39
16 40
16 42
16 43
16 44
16 45
16 46
16 47
16 48
16 50
16 53
16 55
16 57
16 59
16 63
16 64
17 18
17 19
17 21
17 22
17 24
17 25
17 26
17 27
17 29
17 30
17 32
17 34
17 36
17 37
17 41
17 44
17 45
17 46
17 47
17 53
17 54
17 55
17 56
17 58
17 59
17 60
17 61
17 50
18 19
18 20
18 21
18 22
18 23
18 24
18 26
18 29
18 30
18 32
18 33
18 34
18 35
18 36
18 37
18 39
18 40
18 48
18 54
18 57
18 61
18 62
18 63
19 20
19 22
19 23
19 25
19 26
19 27
19 30
19 33
19 34
19 36
19 37
19 39
19 40
19 42
19 43
19 47
19 50
19 51
19 52
19 53
19 54
19 56
19 58
19 64
19 19
20 21
20 22
20 23
20 24
20 25
20 26
20 30
20 32
20 35
20 38
20 40
20 44
20 45
20 47
20 49
20 51
20 55
20 58
20 60
21 23
21 25
21 27
21 28
21 29
21 30
21 35
21 36
21 41
21 42
21 43
21 48
21 50
21 59
21 61
22 25
22 27
22 28
22 29
22 31
22 34
22 37
22 40
22 41
22 42
22 47
22 51
22 53
22 56
22 57
22 59
22 60
22 62
22 63
22 64
23 28
23 29
23 30
23 35
23 41
23 42
23 45
23 46
23 53
23 27
24 26
24 32
24 33
24 34
24 36
24 37
24 39
24 43
24 45
24 53
24 56
24 60
24 64
25 26
25 29
25 35
25 40
25 43
25 45
25 46
25 59
25 60
25 63
26 31
26 35
26 40
26 44
26 48
26 49
26 51
26 52
26 58
27 29
27 32
27 35
27 37
27 38
27 39
27 41
27 43
27 47
27 48
27 49
27 50
27 53
27 56
27 57
27 58
27 62
27 63
28 31
28 32
28 33
28 36
28 38
28 40
28 41
28 44
28 45
28 46
28 47
28 49
28 50
28 52
28 53
28 61
28 64
29 31
29 35
29 37
29 39
29 50
29 58
29 62
30 33
30 34
30 38
30 41
30 45
30 47
30 48
30 49
30 59
31 32
31 39
31 42
31 48
31 49
31 56
31 61
32 36
32 38
32 41
32 42
32 49
32 53
32 63
33 34
33 36
33 41
33 46
33 54
33 58
33 61
33 62
33 64
34 36
34 43
34 44
34 54
34 55
34 59
34 60
34 62
35 38
35 42
35 47
35 52
35 56
35 62
36 38
36 39
36 42
36 46
36 47
36 50
36 56
37 44
37 51
37 54
37 55
37 57
37 61
37 63
37 48
38 49
38 57
39 44
39 45
39 46
39 58
39 62
39 63
40 41
40 44
40 48
40 49
40 51
40 55
40 57
41 55
42 46
42 50
42 62
43 52
44 48
44 52
45 54
45 56
45 60
46 50
46 55
46 60
46 64
46 54
47 50
47 54
48 54
48 61
48 63
49 55
49 58
51 63
52 53
52 57
53 54
53 64
54 62
55 57
57 58
57 60
57 62
60 63