681745210
13
65
680
0 13
0 14
0 15
0 16
0 17
0 18
0 19
0 21
0 22
0 23
0 28
0 30
0 33
0 36
0 39
0 41
0 44
0 48
0 55
0 58
0 60
0 63
1 13
1 14
1 15
1 16
1 17
1 18
1 21
1 23
1 32
1 44
1 52
1 59
2 13
2 14
2 15
2 16
2 17
2 18
2 19
2 22
2 24
2 29
2 30
2 33
2 37
2 40
2 45
2 47
2 48
2 55
2 59
2 61
2 63
3 13
3 14
3 15
3 16
3 19
3 22
3 23
3 24
3 25
3 26
3 27
3 28
3 29
3 30
3 32
3 33
3 35
3 41
3 46
3 47
3 50
3 60
3 61
3 62
3 63
4 13
4 14
4 15
4 17
4 20
4 21
4 23
4 25
4 26
4 28
4 30
4 31
4 32
4 33
4 35
4 37
4 41
4 45
4 46
4 53
4 61
4 62
5 13
5 14
5 15
5 16
5 17
5 18
5 20
5 27
5 41
5 56
5 58
5 60
5 61
6 13
6 14
6 17
6 24
6 27
6 39
6 46
6 48
6 52
6 58
7 13
7 14
7 15
7 16
7 17
7 18
7 19
7 21
7 22
7 23
7 28
7 29
7 31
7 32
7 36
7 38
7 40
7 41
7 46
7 51
7 52
7 53
7 54
7 59
8 13
8 14
8 15
8 16
8 18
8 19
8 20
8 26
8 30
8 34
8 35
8 47
8 52
8 54
8 57
8 64
8 27
9 13
9 14
9 15
9 16
9 18
9 20
9 21
9 22
9 24
9 28
9 30
9 31
9 37
9 39
9 40
9 42
9 45
9 46
9 48
9 49
9 53
9 61
10 13
10 20
10 47
11 13
11 14
11 15
11 16
11 17
11 18
11 19
11 22
11 25
11 27
11 31
11 40
11 53
11 57
11 62
12 13
12 14
12 15
12 16
12 17
12 19
12 20
12 21
12 26
12 28
12 33
12 34
12 35
12 37
12 38
12 42
12 59
13 14
13 15
13 16
13 17
13 18
13 19
13 20
13 21
13 22
13 23
13 25
13 26
13 33
13 34
13 36
13 37
13 38
13 39
13 40
13 43
13 44
13 47
13 48
13 53
13 56
13 58
13 61
13 63
13 64
14 15
14 16
14 17
14 18
14 19
14 20
14 21
14 22
14 23
14 24
14 25
14 27
14 29
14 32
14 33
14 36
14 38
14 39
14 40
14 42
14 43
14 44
14 46
14 48
14 50
14 53
14 59
14 61
14 62
14 64
15 16
15 17
15 18
15 19
15 20
15 21
15 22
15 23
15 24
15 26
15 27
15 28
15 29
15 30
15 33
15 34
15 36
15 38
15 40
15 41
15 42
15 44
15 45
15 47
15 52
15 55
15 57
15 58
15 64
16 17
16 18
16 19
16 20
16 22
16 23
16 24
16 25
16 26
16 27
16 28
16 29
16 31
16 33
16 35
16 37
16 39
16 49
16 50
16 51
16 52
16 59
16 64
17 18
17 19
17 20
17 21
17 24
17 25
17 26
17 28
17 29
17 32
17 34
17 36
17 37
17 39
17 41
17 43
17 49
17 52
17 54
17 55
17 56
17 60
17 64
18 19
18 20
18 21
18 22
18 23
18 24
18 25
18 27
18 28
18 29
18 30
18 31
18 34
18 36
18 38
18 39
18 40
18 42
18 45
18 46
18 48
18 49
18 51
18 56
18 58
18 60
18 61
18 62
19 20
19 21
19 23
19 25
19 26
19 27
19 30
19 31
19 36
19 37
19 39
19 43
19 45
19 52
19 53
19 56
20 21
20 22
20 24
20 25
20 26
20 27
20 28
20 30
20 31
20 34
20 35
20 38
20 42
20 43
20 45
20 46
20 48
20 50
20 51
20 57
20 61
20 64
21 22
21 23
21 24
21 25
21 27
21 29
21 30
21 31
21 32
21 34
21 36
21 37
21 43
21 45
21 47
21 48
21 50
21 53
21 54
21 57
22 23
22 24
22 26
22 27
22 28
22 31
22 32
22 33
22 37
22 40
22 41
22 42
22 44
22 50
22 58
22 59
22 62
22 63
22 64
23 24
23 25
23 29
23 31
23 32
23 34
23 35
23 36
23 41
23 42
23 46
23 47
23 50
23 51
23 54
23 59
24 25
24 26
24 28
24 32
24 33
24 35
24 38
24 39
24 43
24 45
24 49
24 50
24 51
24 52
24 57
24 58
24 59
25 26
25 29
25 32
25 34
25 35
25 36
25 38
25 40
25 41
25 53
25 59
25 62
26 27
26 29
26 32
26 33
26 34
26 38
26 40
26 43
26 49
26 51
26 54
26 55
26 63
27 30
27 31
27 32
27 35
27 37
27 38
27 41
27 43
27 48
27 50
27 51
27 57
27 59
28 29
28 30
28 35
28 36
28 39
28 40
28 46
28 55
28 61
28 62
28 64
29 34
29 35
29 37
29 39
29 41
29 42
29 43
29 44
29 46
29 47
29 49
29 50
29 56
29 64
30 31
30 34
30 38
30 40
30 42
30 44
30 48
30 52
30 53
30 57
30 63
31 33
31 35
31 39
31 43
31 44
31 45
31 49
31 61
32 37
32 43
32 48
32 54
32 55
32 57
32 60
33 41
33 53
33 55
34 36
34 49
34 52
34 53
34 54
34 60
35 42
35 44
35 45
35 46
35 57
35 58
36 42
36 59
36 60
36 63
37 38
37 42
37 43
37 47
37 49
37 50
37 51
37 56
37 57
38 44
38 50
38 55
39 50
39 54
39 56
39 59
40 45
40 47
40 51
40 56
40 61
40 63
41 44
41 45
41 54
41 60
41 55
42 44
42 48
42 49
42 51
42 52
42 58
43 46
43 54
43 58
43 61
43 63
44 47
44 53
44 56
44 57
44 62
45 55
45 57
46 47
46 49
46 56
46 64
47 49
47 58
47 59
47 63
48 52
48 56
48 62
48 64
49 51
49 58
49 63
50 51
50 55
50 56
50 60
51 54
51 55
52 54
52 55
52 60
53 60
53 62
55 60
55 63
56 62
59 62
60 61
61 64