897022942
15
65
783
0 15
0 16
0 17
0 18
0 20
0 21
0 22
0 24
0 25
0 29
0 31
0 34
0 37
0 38
0 40
0 47
0 50
0 55
0 56
0 61
0 64
0 58
1 15
1 17
1 19
1 20
1 21
1 25
1 27
1 29
1 32
1 45
1 47
1 48
2 15
2 16
2 17
2 18
2 19
2 20
2 21
2 22
2 23
2 24
2 25
2 26
2 27
2 28
2 29
2 31
2 37
2 39
2 46
2 47
2 52
2 55
2 57
2 62
2 64
3 15
3 16
3 17
3 18
3 19
3 20
3 21
3 22
3 23
3 24
3 25
3 30
3 33
3 34
3 49
3 53
3 54
4 15
4 16
4 17
4 18
4 20
4 22
4 23
4 24
4 32
4 41
4 44
4 49
4 60
4 48
5 15
5 16
5 18
5 19
5 20
5 21
5 23
5 24
5 26
5 27
5 30
5 35
5 42
5 44
5 47
5 48
5 51
5 57
5 63
5 45
5 22
5 34
6 15
6 16
6 17
6 18
6 19
6 21
6 22
6 25
6 26
6 29
6 30
6 32
6 33
6 35
6 37
6 39
6 41
6 42
6 46
6 52
6 53
6 54
6 63
7 15
7 16
7 18
7 19
7 20
7 21
7 23
7 25
7 26
7 29
7 30
7 31
7 32
7 33
7 35
7 36
7 42
7 43
7 44
7 45
7 48
7 53
7 56
7 57
7 60
7 62
7 63
7 64
7 28
8 15
8 16
8 17
8 18
8 19
8 20
8 22
8 23
8 25
8 26
8 27
8 32
8 35
8 37
8 41
8 47
8 50
8 58
8 64
8 31
9 15
9 16
9 17
9 18
9 19
9 21
9 23
9 25
9 26
9 27
9 29
9 31
9 36
9 42
9 45
9 48
9 49
9 51
9 52
9 53
9 57
9 58
9 60
9 61
9 46
10 15
10 16
10 17
10 19
10 20
10 23
10 24
10 25
10 26
10 28
10 31
10 33
10 34
10 35
10 38
10 39
10 40
10 41
10 46
10 50
10 52
10 59
10 63
10 21
10 53
11 15
11 16
11 17
11 18
11 44
11 56
12 15
12 16
12 17
12 18
12 19
12 21
12 22
12 24
12 27
12 31
12 40
12 55
12 59
12 63
13 15
13 16
13 17
13 24
13 26
13 28
13 30
13 32
13 33
13 35
13 36
13 40
13 42
13 43
13 44
13 57
13 59
13 63
13 58
14 15
14 16
14 17
14 18
14 19
14 20
14 21
14 22
14 23
14 28
14 36
14 40
14 43
14 44
14 52
14 54
14 56
14 60
14 61
14 30
14 37
15 16
15 17
15 18
15 19
15 20
15 21
15 22
15 25
15 27
15 28
15 29
15 30
15 33
15 34
15 36
15 37
15 38
15 39
15 42
15 44
15 45
15 46
15 47
15 49
15 51
15 52
15 53
15 54
15 56
15 57
15 58
15 59
15 62
15 63
15 41
15 24
16 17
16 18
16 19
16 20
16 21
16 22
16 23
16 24
16 25
16 28
16 29
16 30
16 31
16 33
16 34
16 35
16 38
16 40
16 42
16 43
16 45
16 46
16 49
16 50
16 51
16 52
16 54
16 57
16 58
16 59
16 60
16 62
16 27
17 18
17 19
17 20
17 21
17 22
17 23
17 24
17 25
17 26
17 28
17 29
17 30
17 31
17 34
17 35
17 36
17 38
17 39
17 42
17 45
17 47
17 49
17 50
17 56
17 60
17 61
17 63
17 64
18 19
18 20
18 21
18 22
18 23
18 24
18 25
18 26
18 27
18 28
18 30
18 31
18 32
18 33
18 35
18 37
18 38
18 39
18 40
18 41
18 45
18 46
18 47
18 49
18 51
18 55
18 56
18 58
19 20
19 22
19 23
19 24
19 27
19 28
19 29
19 30
19 31
19 35
19 39
19 40
19 43
19 44
19 48
19 50
19 52
19 55
19 56
19 60
19 61
19 63
19 54
20 21
20 22
20 24
20 26
20 27
20 28
20 30
20 32
20 33
20 34
20 38
20 41
20 42
20 50
20 51
20 53
20 54
20 55
20 56
20 58
20 23
21 22
21 23
21 24
21 25
21 27
21 28
21 29
21 34
21 35
21 36
21 37
21 39
21 43
21 45
21 47
21 48
21 49
21 50
21 54
21 56
21 57
21 61
21 62
22 23
22 24
22 25
22 26
22 27
22 28
22 30
22 31
22 32
22 33
22 36
22 37
22 40
22 43
22 47
22 51
23 26
23 27
23 28
23 29
23 31
23 33
23 35
23 36
23 38
23 39
23 41
23 42
23 43
23 48
23 49
23 51
23 56
23 57
23 59
23 60
23 24
23 46
24 26
24 27
24 29
24 30
24 31
24 32
24 34
24 35
24 37
24 40
24 41
24 43
24 45
24 47
24 48
24 50
24 53
24 55
24 59
24 60
24 61
24 62
24 63
24 64
25 26
25 28
25 29
25 33
25 38
25 42
25 55
25 60
25 61
25 63
25 52
26 27
26 28
26 30
26 31
26 32
26 34
26 37
26 38
26 39
26 43
26 44
26 46
26 48
26 49
26 52
26 53
26 54
26 56
26 59
26 61
27 32
27 33
27 38
27 40
27 43
27 46
27 50
27 58
27 59
27 63
28 29
28 32
28 33
28 34
28 35
28 36
28 37
28 38
28 39
28 44
28 46
28 47
28 51
28 52
28 53
28 57
28 58
28 62
28 64
28 42
29 30
29 31
29 32
29 33
29 34
29 37
29 40
29 48
29 49
29 51
29 53
29 56
29 60
29 63
29 64
29 41
30 32
30 34
30 37
30 40
30 44
30 46
30 50
30 61
30 62
31 36
31 38
31 39
31 40
31 41
31 44
31 50
31 54
31 56
31 58
31 60
31 64
32 34
32 35
32 36
32 41
32 43
32 58
32 37
32 38
33 34
33 36
33 38
33 41
33 42
33 46
33 48
33 57
33 50
33 39
34 36
34 41
34 42
34 45
34 47
34 54
34 55
34 57
34 62
35 36
35 37
35 39
35 40
35 41
35 42
35 45
35 46
35 48
35 49
35 52
35 53
35 54
35 55
35 58
35 59
35 60
35 62
35 63
35 64
36 37
36 39
36 41
36 42
36 44
36 45
36 47
36 48
36 51
36 59
37 38
37 39
37 45
37 48
37 51
37 62
37 64
38 43
38 45
38 46
38 53
39 41
39 43
39 44
39 45
39 49
39 50
39 63
39 64
40 44
40 54
40 56
41 43
41 50
41 53
41 55
41 58
41 63
41 64
41 41
42 48
42 49
42 59
42 62
43 46
43 47
43 49
43 51
43 52
43 59
44 51
44 52
44 57
45 46
45 53
45 59
45 62
46 50
46 54
46 55
46 64
47 58
48 51
48 52
48 53
48 55
48 58
48 60
49 54
49 55
49 57
49 49
50 52
50 57
50 62
51 54
51 57
51 58
52 59
52 61
54 55
54 60
54 61
54 62
54 64
56 61
57 60
57 61
57 64
58 61