933547019
14
65
749
0 14
0 15
0 16
0 17
0 18
0 19
0 20
0 21
0 22
0 24
0 25
0 26
0 30
0 32
0 34
0 35
0 36
0 37
0 41
0 45
0 48
0 51
0 60
0 61
0 62
0 1
0 53
1 14
1 15
1 16
1 17
1 21
1 23
1 25
1 27
1 28
1 30
1 32
1 33
1 45
1 7
1 34
2 14
2 49
3 14
3 15
3 16
3 17
3 18
3 20
3 24
3 37
3 38
3 43
3 61
4 14
4 15
4 17
4 18
4 19
4 20
4 22
4 23
4 24
4 25
4 26
4 28
4 29
4 33
4 42
4 51
4 55
4 56
4 58
4 61
4 16
5 14
5 15
5 16
5 18
5 21
5 22
5 23
5 26
5 30
5 33
5 41
5 44
5 46
5 52
5 55
5 58
5 7
6 14
6 15
6 16
6 17
6 18
6 19
6 20
6 21
6 22
6 23
6 24
6 26
6 27
6 28
6 29
6 30
6 31
6 35
6 38
6 39
6 41
6 42
6 45
6 46
6 50
6 54
6 55
6 57
6 63
6 52
7 14
7 15
7 16
7 17
7 19
7 21
7 23
7 31
7 37
7 46
7 50
7 52
7 55
7 58
7 62
8 14
8 15
8 16
8 17
8 18
8 19
8 20
8 23
8 24
8 28
8 34
8 40
8 49
8 56
8 60
8 63
9 14
9 15
9 16
9 17
9 19
9 20
9 21
9 22
9 27
9 37
9 40
9 43
9 50
9 55
9 56
9 58
10 14
10 15
10 16
10 17
10 18
10 19
10 20
10 21
10 22
10 24
10 25
10 26
10 28
10 29
10 32
10 33
10 36
10 44
10 47
10 52
10 53
10 54
11 14
11 15
11 16
11 18
11 19
11 20
11 22
11 24
11 27
11 42
11 44
11 53
11 61
11 12
12 14
12 15
12 16
12 17
12 18
12 19
12 22
12 24
12 29
12 32
12 35
12 37
12 41
12 43
12 44
12 50
12 51
12 53
12 54
12 56
12 59
12 63
12 28
13 14
13 15
13 16
13 17
13 18
13 20
13 21
13 24
13 25
13 28
13 31
13 32
13 35
13 36
13 38
13 39
13 40
13 42
13 45
13 55
13 57
13 59
13 63
13 60
14 15
14 16
14 17
14 18
14 19
14 20
14 21
14 22
14 23
14 25
14 26
14 27
14 28
14 29
14 30
14 31
14 33
14 34
14 36
14 37
14 38
14 39
14 40
14 43
14 44
14 46
14 47
14 48
14 49
14 50
14 52
14 53
14 57
14 58
14 59
14 63
14 55
15 16
15 17
15 18
15 19
15 20
15 21
15 22
15 27
15 29
15 30
15 31
15 32
15 36
15 38
15 39
15 46
15 47
15 49
15 50
15 51
15 53
15 58
15 60
15 59
16 17
16 18
16 19
16 20
16 21
16 22
16 23
16 25
16 29
16 30
16 31
16 35
16 36
16 39
16 40
16 41
16 42
16 43
16 44
16 45
16 48
16 50
16 52
16 53
16 54
16 62
17 18
17 19
17 20
17 21
17 22
17 23
17 24
17 25
17 26
17 27
17 28
17 32
17 33
17 36
17 37
17 39
17 40
17 45
17 46
17 48
17 49
17 52
17 53
17 56
17 58
17 59
17 60
17 61
17 62
17 64
17 42
18 19
18 20
18 21
18 22
18 23
18 25
18 26
18 27
18 31
18 32
18 33
18 34
18 35
18 38
18 40
18 41
18 42
18 44
18 45
18 48
18 54
18 55
18 57
18 58
18 60
18 63
18 64
18 18
19 22
19 23
19 24
19 25
19 26
19 27
19 28
19 29
19 30
19 31
19 33
19 34
19 39
19 40
19 43
19 44
19 46
19 48
19 51
19 56
19 20
20 21
20 23
20 24
20 25
20 26
20 28
20 29
20 30
20 33
20 34
20 36
20 38
20 39
20 40
20 42
20 44
20 48
20 49
20 50
20 51
20 52
20 54
20 57
20 58
20 64
20 47
20 59
21 23
21 25
21 26
21 27
21 31
21 32
21 34
21 35
21 36
21 37
21 38
21 39
21 41
21 43
21 45
21 46
21 47
21 49
21 53
21 55
21 56
21 57
21 58
21 61
21 62
21 63
21 64
21 29
21 44
22 23
22 24
22 27
22 28
22 29
22 32
22 33
22 35
22 36
22 37
22 38
22 39
22 41
22 42
22 45
22 47
22 53
22 55
22 56
22 58
22 59
23 24
23 25
23 26
23 27
23 28
23 30
23 31
23 34
23 35
23 38
23 39
23 40
23 41
23 43
23 48
23 51
23 57
23 59
23 62
24 25
24 26
24 27
24 28
24 29
24 30
24 31
24 32
24 34
24 41
24 44
24 45
24 50
24 51
24 54
24 55
24 58
24 64
24 61
25 26
25 28
25 29
25 30
25 33
25 34
25 36
25 38
25 42
25 43
25 44
25 47
25 48
25 49
25 51
25 52
25 55
25 56
25 60
25 64
25 46
26 27
26 29
26 30
26 31
26 32
26 33
26 35
26 38
26 39
26 40
26 41
26 46
26 47
26 48
26 49
26 52
26 54
26 61
26 63
26 64
26 51
27 34
27 38
27 43
27 44
27 60
27 64
27 45
28 29
28 31
28 32
28 34
28 35
28 36
28 37
28 40
28 43
28 46
28 49
28 52
28 59
28 61
28 62
29 30
29 31
29 32
29 33
29 35
29 36
29 37
29 42
29 47
29 51
29 52
30 33
30 34
30 42
30 49
30 50
30 53
30 57
30 59
30 60
31 34
31 35
31 36
31 37
31 38
31 42
31 50
31 60
31 61
31 64
32 39
32 40
32 41
32 42
32 43
32 47
32 55
32 58
32 60
33 35
33 37
33 41
33 45
33 46
33 47
33 49
33 54
33 59
33 63
33 52
34 37
34 43
34 44
34 47
34 49
34 51
34 61
35 47
35 41
36 49
36 53
36 64
36 43
37 39
37 40
37 44
37 54
37 59
37 60
38 42
38 45
38 47
38 48
38 51
38 52
38 54
38 56
38 59
38 43
38 49
39 41
39 50
39 51
40 45
40 51
40 55
40 62
40 48
41 43
41 46
41 48
41 50
41 54
41 61
42 45
42 46
42 53
42 57
42 59
43 46
43 48
43 50
43 52
43 56
43 57
43 64
43 54
44 54
44 57
44 60
44 62
44 63
45 47
46 48
46 51
46 60
46 61
46 62
47 53
47 61
48 52
49 53
50 56
50 63
51 59
51 61
51 63
51 57
52 56
52 57
52 59
53 54
53 57
53 62
53 63
54 55
54 57
55 56
55 58
55 59
55 62
55 64
57 61
57 64
58 60
58 62
59 62
61 62
62 63
62 64