593142904
14
65
714
0 14
0 16
0 17
0 19
0 22
0 24
0 25
0 26
0 31
0 34
0 36
0 37
0 42
0 45
0 47
0 50
0 51
0 54
0 60
0 61
0 64
1 14
1 15
1 16
1 18
1 20
1 24
1 26
1 29
1 35
1 36
1 39
1 41
1 46
1 59
1 64
2 14
2 15
2 16
2 17
2 18
2 21
2 24
2 29
2 30
2 31
2 33
2 34
2 37
2 38
2 47
2 52
2 54
3 14
3 15
3 16
3 17
3 18
3 19
3 20
3 21
3 22
3 23
3 25
3 28
3 36
3 38
3 43
3 44
3 48
3 61
3 63
4 14
4 15
4 16
4 18
4 19
4 22
4 29
4 59
5 14
5 15
5 16
5 17
5 18
5 22
5 23
5 24
5 27
5 28
5 29
5 32
5 33
5 45
5 46
5 47
6 14
6 15
6 16
6 17
6 18
6 19
6 20
6 21
6 24
6 28
6 29
6 30
6 42
6 56
6 61
7 14
7 15
7 16
7 17
7 18
7 19
7 22
7 28
7 36
7 45
7 46
7 49
7 56
7 57
8 14
8 15
8 16
8 17
8 18
8 19
8 21
8 23
8 25
8 30
8 31
8 32
8 35
8 36
8 37
8 41
8 43
8 48
8 50
8 53
8 54
8 55
8 56
8 57
9 14
9 15
9 16
9 17
9 18
9 19
9 20
9 23
9 24
9 26
9 28
9 30
9 34
9 38
9 40
9 47
9 48
9 54
9 56
9 60
10 14
10 15
10 16
10 17
10 18
10 19
10 20
10 21
10 22
10 24
10 25
10 27
10 28
10 30
10 32
10 33
10 62
10 64
11 14
11 15
11 16
11 17
11 20
11 21
11 25
11 33
11 35
11 37
11 38
11 41
11 44
11 47
11 51
11 52
12 14
12 15
12 17
12 20
12 21
12 23
12 26
12 29
12 31
12 41
12 46
12 49
12 51
12 52
12 55
12 61
13 14
13 15
13 19
13 20
13 21
13 22
13 25
13 27
13 28
13 31
13 32
13 34
13 37
13 39
13 42
13 47
13 51
13 52
14 15
14 16
14 17
14 18
14 19
14 20
14 21
14 22
14 23
14 24
14 25
14 26
14 27
14 28
14 29
14 30
14 31
14 32
14 33
14 34
14 35
14 37
14 39
14 40
14 41
14 44
14 45
14 46
14 47
14 48
14 49
14 50
14 51
14 52
14 54
14 57
14 62
15 16
15 17
15 18
15 19
15 20
15 21
15 22
15 23
15 24
15 25
15 26
15 29
15 30
15 31
15 32
15 37
15 39
15 40
15 41
15 42
15 43
15 44
15 45
15 48
15 49
15 55
15 57
15 60
15 62
15 63
16 17
16 18
16 19
16 20
16 21
16 22
16 23
16 24
16 26
16 27
16 30
16 34
16 35
16 39
16 40
16 42
16 43
16 46
16 47
16 49
16 52
16 54
16 55
16 56
16 57
16 58
17 18
17 19
17 20
17 21
17 22
17 23
17 24
17 25
17 26
17 27
17 29
17 30
17 31
17 33
17 34
17 35
17 36
17 37
17 38
17 39
17 43
17 44
17 45
17 49
17 51
17 52
17 53
17 54
17 55
17 57
17 58
17 60
17 61
17 63
18 19
18 20
18 21
18 22
18 23
18 26
18 27
18 28
18 29
18 31
18 32
18 33
18 34
18 35
18 38
18 39
18 41
18 43
18 44
18 45
18 47
18 48
18 50
18 55
18 56
18 57
18 58
18 59
18 63
19 20
19 21
19 22
19 23
19 25
19 26
19 27
19 28
19 31
19 32
19 33
19 36
19 40
19 41
19 42
19 49
19 51
19 52
19 53
19 54
19 58
19 59
19 63
20 23
20 24
20 25
20 26
20 27
20 30
20 31
20 32
20 33
20 37
20 39
20 40
20 46
20 48
20 53
20 54
20 57
20 58
20 63
21 22
21 23
21 24
21 25
21 27
21 28
21 31
21 33
21 36
21 37
21 41
21 46
21 50
21 53
21 56
21 60
21 61
21 62
22 23
22 24
22 25
22 27
22 29
22 30
22 31
22 32
22 35
22 36
22 37
22 40
22 41
22 42
22 43
22 44
22 45
22 46
22 49
22 50
22 52
22 56
22 60
22 61
22 62
22 64
23 26
23 27
23 28
23 29
23 33
23 40
23 41
23 43
23 44
23 45
23 49
23 57
23 59
23 60
23 63
24 25
24 26
24 27
24 30
24 34
24 35
24 38
24 42
24 44
24 45
24 48
24 49
24 51
24 58
25 26
25 30
25 34
25 37
25 45
25 48
25 52
25 57
25 59
25 61
25 63
26 27
26 28
26 29
26 32
26 33
26 34
26 36
26 38
26 39
26 40
26 41
26 43
26 58
26 60
26 63
27 28
27 30
27 31
27 35
27 38
27 39
27 40
27 42
27 43
27 44
27 45
27 46
27 47
27 50
27 52
27 53
27 55
27 63
28 29
28 32
28 33
28 36
28 37
28 38
28 39
28 40
28 50
28 51
28 54
28 58
28 59
28 62
28 64
29 33
29 35
29 39
29 40
29 42
29 44
29 51
29 55
30 32
30 34
30 35
30 38
30 48
30 53
30 55
30 56
30 58
30 61
30 64
31 32
31 34
31 38
31 41
31 46
31 50
31 55
31 58
32 36
32 38
32 43
32 45
32 46
32 47
32 49
32 58
32 64
33 34
33 35
33 36
33 37
33 40
33 43
33 48
33 50
33 53
33 54
33 56
33 59
33 60
33 62
34 35
34 36
34 38
34 44
34 51
34 60
35 39
35 42
35 44
35 46
35 47
35 50
35 62
36 40
36 42
36 46
36 47
36 51
36 58
37 39
37 43
37 44
37 45
37 50
37 55
37 56
37 59
38 41
38 50
38 61
38 62
38 63
38 64
39 42
39 43
39 52
39 58
39 64
40 42
40 48
40 49
40 56
40 62
41 49
41 52
41 53
41 60
41 63
42 48
42 55
42 59
42 64
43 48
43 54
43 59
43 60
44 47
44 62
45 49
45 53
45 54
45 61
45 64
46 51
46 52
46 53
46 54
46 55
46 59
46 64
47 53
47 57
47 64
48 50
48 51
48 57
48 60
51 53
51 55
51 56
51 62
52 53
52 57
52 62
52 64
53 59
53 61
53 62
54 56
55 58
56 57
56 61
56 63
58 59
58 61
59 60
62 63