12422293
19
65
885
0 19
0 20
0 23
0 24
0 32
0 48
0 41
1 19
1 20
1 21
1 22
1 23
1 24
1 25
1 26
1 27
1 28
1 29
1 31
1 32
1 35
1 36
1 38
1 39
1 40
1 45
1 47
1 49
1 50
1 53
1 54
1 58
1 59
1 62
2 19
2 20
2 21
2 22
2 24
2 26
2 29
2 32
2 36
2 37
2 42
2 43
2 45
2 46
2 55
2 56
2 58
2 59
3 19
3 20
3 21
3 23
3 25
3 26
3 27
3 28
3 30
3 31
3 33
3 37
3 38
3 42
3 53
3 55
3 56
3 60
3 61
3 63
4 19
4 20
4 21
4 22
4 23
4 24
4 25
4 26
4 27
4 28
4 29
4 30
4 31
4 32
4 35
4 36
4 37
4 41
4 47
4 50
4 51
4 54
4 56
4 58
4 63
4 7
5 19
5 20
5 21
5 22
5 23
5 24
5 38
5 41
5 42
5 48
5 50
5 51
5 53
5 54
5 56
5 60
5 61
6 19
6 20
6 21
6 22
6 25
6 27
6 28
6 30
6 33
6 35
6 41
6 47
6 59
6 60
6 29
7 19
7 20
7 21
7 22
7 23
7 29
7 33
7 34
7 35
7 36
7 42
7 44
7 51
7 55
7 56
7 58
7 62
8 19
8 20
8 21
8 22
8 23
8 24
8 25
8 26
8 27
8 28
8 31
8 35
8 37
8 38
8 39
8 40
8 43
8 44
8 48
8 49
8 51
8 54
8 55
8 59
9 19
9 20
9 21
9 22
9 23
9 24
9 25
9 26
9 29
9 30
9 32
9 33
9 35
9 36
9 37
9 39
9 40
9 44
9 45
9 47
9 49
9 50
9 53
9 55
9 56
9 61
9 64
9 12
10 19
10 20
10 21
10 22
10 23
10 26
10 29
10 31
10 36
10 37
10 38
10 39
10 44
10 46
10 62
11 19
11 20
11 21
11 23
11 25
11 26
11 30
11 31
11 32
11 33
11 34
11 41
11 46
11 48
11 51
11 54
11 63
11 64
12 19
12 20
12 21
12 22
12 23
12 24
12 25
12 27
12 28
12 30
12 31
12 34
12 39
12 42
12 43
12 44
12 48
12 53
12 55
12 57
12 58
12 62
12 63
13 19
13 22
13 23
13 24
13 25
13 26
13 27
13 28
13 30
13 33
13 34
13 39
13 15
14 19
14 20
14 21
14 22
14 24
14 25
14 26
14 27
14 28
14 29
14 30
14 32
14 34
14 40
14 44
14 46
14 48
14 50
14 54
14 58
14 59
14 63
14 64
14 33
15 19
15 20
15 21
15 22
15 23
15 24
15 25
15 26
15 27
15 28
15 30
15 31
15 32
15 34
15 36
15 39
15 42
15 43
15 44
15 45
15 46
15 47
15 49
15 50
15 51
15 53
15 58
15 61
15 64
16 19
16 20
16 21
16 22
16 23
16 24
16 25
16 26
16 27
16 28
16 30
16 33
16 34
16 36
16 37
16 38
16 41
16 42
16 43
16 44
16 46
16 47
16 48
16 49
16 50
16 51
16 52
16 53
16 61
17 19
17 20
17 21
17 22
17 24
17 29
17 30
17 31
17 32
17 33
17 36
17 40
17 41
17 44
17 48
17 50
17 55
17 57
17 63
18 19
18 20
18 21
18 22
18 23
18 24
18 25
18 27
18 28
18 29
18 31
18 32
18 33
18 34
18 35
18 36
18 37
18 38
18 39
18 42
18 44
18 47
18 50
18 54
18 60
18 64
19 20
19 21
19 22
19 23
19 24
19 25
19 26
19 27
19 28
19 29
19 30
19 31
19 32
19 33
19 35
19 37
19 38
19 41
19 42
19 43
19 47
19 50
19 51
19 52
19 54
19 57
19 59
19 60
19 62
20 21
20 22
20 23
20 24
20 25
20 26
20 27
20 29
20 30
20 31
20 32
20 34
20 35
20 36
20 37
20 38
20 39
20 40
20 42
20 46
20 47
20 50
20 51
20 52
20 53
20 54
20 55
20 56
20 57
20 58
20 63
20 61
21 22
21 23
21 24
21 25
21 26
21 27
21 28
21 29
21 30
21 32
21 33
21 34
21 35
21 36
21 37
21 38
21 40
21 41
21 43
21 44
21 45
21 47
21 51
21 52
21 53
21 57
21 59
21 60
22 23
22 24
22 25
22 26
22 27
22 28
22 29
22 31
22 32
22 33
22 34
22 36
22 39
22 40
22 41
22 42
22 43
22 45
22 46
22 48
22 49
22 51
22 52
22 54
22 55
22 56
22 57
22 59
22 61
22 63
22 64
23 24
23 25
23 26
23 27
23 28
23 29
23 30
23 31
23 32
23 33
23 34
23 35
23 36
23 37
23 38
23 39
23 41
23 42
23 46
23 47
23 48
23 51
23 52
23 54
23 55
23 58
23 59
23 61
23 62
23 64
24 25
24 26
24 27
24 28
24 29
24 32
24 36
24 37
24 38
24 40
24 41
24 46
24 50
24 52
24 57
24 63
25 26
25 27
25 28
25 29
25 31
25 33
25 35
25 37
25 39
25 40
25 43
25 45
25 46
25 48
25 49
25 50
25 53
25 54
25 57
25 58
26 27
26 28
26 29
26 30
26 31
26 32
26 33
26 34
26 35
26 36
26 37
26 39
26 40
26 42
26 45
26 47
26 48
26 55
26 56
26 61
27 28
27 29
27 30
27 31
27 33
27 34
27 35
27 36
27 37
27 39
27 40
27 43
27 44
27 48
27 49
27 52
27 53
27 55
27 56
27 57
27 61
27 63
28 29
28 30
28 32
28 34
28 35
28 38
28 40
28 43
28 44
28 45
28 52
28 53
28 60
28 61
28 62
29 30
29 31
29 32
29 34
29 35
29 39
29 40
29 41
29 42
29 43
29 44
29 45
29 48
29 49
29 50
29 51
29 52
29 54
29 56
29 58
29 59
29 60
30 31
30 33
30 34
30 35
30 36
30 37
30 38
30 39
30 40
30 41
30 43
30 45
30 47
30 51
30 52
30 55
30 57
30 60
30 61
30 62
30 63
30 32
31 33
31 34
31 35
31 37
31 38
31 41
31 43
31 45
31 46
31 48
31 49
31 52
31 57
31 58
31 59
31 64
32 33
32 34
32 36
32 38
32 41
32 42
32 47
32 49
32 54
32 58
32 60
32 61
32 63
32 64
33 35
33 38
33 41
33 45
33 50
34 37
34 38
34 39
34 40
34 43
34 46
34 49
34 52
34 54
34 55
34 56
34 59
35 44
35 46
35 47
35 48
35 49
35 50
35 52
35 54
35 62
36 38
36 39
36 40
36 41
36 42
36 43
36 44
36 45
36 46
36 49
36 50
36 55
36 57
36 62
37 40
37 42
37 55
37 56
37 59
37 61
37 62
37 45
38 39
38 40
38 41
38 43
38 44
38 45
38 46
38 47
38 49
38 52
38 53
38 54
38 58
38 61
38 62
38 63
39 43
39 44
39 45
39 46
39 48
39 49
39 51
39 52
39 58
39 60
39 61
39 64
40 41
40 42
40 43
40 45
40 47
40 49
40 51
40 52
40 54
40 55
40 56
40 57
40 58
40 60
40 63
40 64
41 42
41 44
41 46
41 48
41 51
41 53
41 54
41 56
41 59
41 60
41 61
41 63
41 64
42 45
42 47
42 49
42 50
42 52
42 55
42 59
42 64
43 50
43 60
43 62
43 64
44 45
44 46
44 47
44 48
44 56
44 60
44 64
45 51
45 53
45 56
45 57
45 59
45 62
45 54
46 49
46 53
46 57
46 59
46 60
46 61
47 57
47 62
48 56
48 58
49 52
49 53
49 57
49 58
50 51
50 53
50 58
50 59
50 60
50 61
50 62
50 63
50 64
51 53
51 57
51 62
51 64
52 57
52 58
53 55
53 60
53 62
54 56
54 63
55 59
55 60
58 62
59 64
60 61
60 63
61 63
63 64