389705503
17
65
817
0 17
0 18
0 20
0 22
0 24
0 25
0 34
0 36
0 37
0 39
0 44
0 49
0 57
1 17
1 18
1 22
1 23
1 24
1 27
1 28
1 29
1 31
1 33
1 36
1 46
2 17
2 18
2 19
2 20
2 21
2 22
2 23
2 24
2 26
2 27
2 28
2 29
2 31
2 32
2 35
2 38
2 39
2 45
2 47
2 49
2 50
2 55
2 57
2 60
3 17
3 18
3 19
3 20
3 22
3 25
3 26
3 27
3 28
3 32
3 34
3 35
3 39
3 43
3 47
3 49
3 50
3 53
3 57
3 58
3 60
4 17
4 18
4 19
4 20
4 21
4 22
4 23
4 27
4 36
4 40
4 42
4 43
4 45
4 47
4 48
4 52
5 17
5 18
5 19
5 20
5 21
5 22
5 23
5 24
5 26
5 28
5 30
5 33
5 34
5 36
5 37
5 45
5 47
5 48
5 54
5 55
5 63
6 17
6 18
6 19
6 20
6 21
6 23
6 24
6 25
6 33
6 37
6 38
6 40
6 44
6 45
6 46
6 48
6 57
6 61
6 64
7 17
7 18
7 19
7 20
7 21
7 23
7 24
7 25
7 26
7 27
7 28
7 32
7 34
7 38
7 43
7 45
7 50
7 57
7 64
8 17
8 19
8 21
8 22
8 23
8 26
8 28
8 31
8 33
8 34
8 35
8 37
8 42
8 45
8 51
8 56
8 57
8 61
9 17
9 18
9 19
9 20
9 21
9 22
9 25
9 27
9 29
9 30
9 38
9 40
9 41
9 44
9 48
9 50
9 51
9 52
9 63
10 17
10 18
10 19
10 21
10 23
10 24
10 25
10 26
10 28
10 29
10 30
10 39
10 43
10 47
10 48
10 49
10 52
10 54
10 55
10 61
11 17
11 18
11 19
11 20
11 22
11 24
11 25
11 26
11 30
11 35
11 36
11 39
11 41
11 46
11 47
11 48
11 49
11 51
11 52
11 57
11 60
11 64
12 17
12 18
12 19
12 20
12 21
12 22
12 23
12 24
12 26
12 27
12 31
12 32
12 33
12 35
12 37
12 40
12 41
12 45
12 46
12 48
12 50
12 57
12 59
12 63
13 17
13 18
13 19
13 20
13 21
13 22
13 24
13 29
13 34
13 38
13 41
13 45
13 48
13 50
13 52
14 17
14 18
14 19
14 20
14 21
14 24
14 41
14 42
14 43
14 50
14 52
14 53
14 56
14 59
14 60
14 61
14 62
15 17
15 18
15 19
15 20
15 21
15 23
15 24
15 25
15 29
15 31
15 34
15 36
15 37
15 38
15 40
15 41
15 42
15 44
15 45
15 47
15 49
15 51
15 54
15 59
15 63
15 64
16 17
16 18
16 19
16 20
16 21
16 22
16 23
16 25
16 26
16 27
16 29
16 30
16 31
16 34
16 37
16 42
16 44
16 47
16 50
16 51
16 52
16 53
16 55
16 56
16 62
16 64
17 18
17 19
17 20
17 21
17 22
17 23
17 25
17 26
17 27
17 28
17 29
17 30
17 31
17 32
17 33
17 34
17 35
17 36
17 38
17 39
17 40
17 41
17 42
17 43
17 44
17 46
17 50
17 51
17 52
17 53
17 54
17 59
17 62
17 63
17 64
18 19
18 20
18 21
18 22
18 23
18 24
18 25
18 26
18 27
18 28
18 29
18 30
18 31
18 32
18 33
18 35
18 36
18 37
18 38
18 39
18 41
18 44
18 45
18 46
18 47
18 48
18 51
18 54
18 55
18 58
18 59
18 60
18 62
18 63
19 20
19 21
19 22
19 23
19 24
19 25
19 26
19 27
19 28
19 29
19 30
19 31
19 32
19 35
19 37
19 39
19 40
19 42
19 48
19 52
19 54
19 55
19 60
19 61
19 63
20 21
20 22
20 23
20 24
20 25
20 26
20 27
20 28
20 29
20 30
20 31
20 32
20 33
20 34
20 35
20 36
20 39
20 40
20 43
20 44
20 45
20 46
20 52
20 53
20 54
20 56
20 59
20 60
20 62
20 63
20 64
21 22
21 23
21 24
21 25
21 26
21 28
21 29
21 30
21 31
21 32
21 33
21 34
21 35
21 37
21 38
21 39
21 41
21 42
21 43
21 45
21 48
21 49
21 50
21 51
21 53
21 55
21 59
21 60
22 23
22 25
22 26
22 27
22 28
22 29
22 30
22 31
22 32
22 33
22 36
22 38
22 39
22 40
22 42
22 50
22 56
23 24
23 25
23 27
23 29
23 30
23 31
23 32
23 33
23 34
23 35
23 36
23 42
23 44
23 45
23 50
23 51
23 53
23 57
23 62
24 25
24 26
24 27
24 28
24 29
24 30
24 31
24 33
24 35
24 37
24 38
24 40
24 42
24 43
24 47
24 49
24 50
24 51
24 53
24 54
24 55
24 56
24 58
24 59
24 60
24 64
25 26
25 27
25 28
25 29
25 32
25 33
25 34
25 35
25 36
25 38
25 39
25 41
25 43
25 44
25 47
25 50
25 51
25 58
25 61
25 64
26 27
26 28
26 29
26 30
26 31
26 32
26 33
26 35
26 37
26 39
26 42
26 44
26 53
26 54
26 56
26 57
26 63
27 28
27 30
27 31
27 32
27 33
27 35
27 36
27 37
27 38
27 40
27 41
27 44
27 46
27 50
27 56
27 58
27 60
28 30
28 31
28 32
28 35
28 36
28 37
28 38
28 40
28 44
28 46
28 53
28 55
28 56
28 57
28 58
28 60
28 61
28 63
29 30
29 34
29 38
29 40
29 41
29 49
29 55
29 56
29 62
29 63
30 32
30 33
30 34
30 37
30 40
30 41
30 43
30 44
30 47
30 49
30 52
30 53
30 55
30 56
30 58
31 32
31 34
31 37
31 38
31 39
31 43
31 44
31 47
31 54
31 56
31 58
31 61
31 62
31 64
32 33
32 35
32 39
32 40
32 41
32 43
32 44
32 45
32 46
32 47
32 48
32 51
32 52
32 53
32 55
32 57
32 58
32 59
32 60
32 61
32 64
33 34
33 36
33 41
33 43
33 47
33 49
33 51
33 54
33 55
33 56
33 61
34 36
34 37
34 41
34 42
34 43
34 45
34 49
34 50
34 52
34 54
34 59
34 62
35 36
35 43
35 48
35 56
36 38
36 40
36 42
36 43
36 46
36 49
36 52
36 53
36 55
36 58
36 61
36 63
36 64
37 39
37 42
37 46
37 51
37 53
37 54
37 56
37 60
38 39
38 41
38 42
38 48
38 58
38 62
38 63
39 40
39 42
39 44
39 46
39 52
39 56
39 57
39 59
40 47
40 51
40 56
41 46
41 49
41 58
41 61
41 62
41 63
42 46
42 47
42 49
42 59
43 45
43 46
43 50
43 51
43 57
43 59
43 60
43 61
43 64
44 45
44 48
44 49
44 52
44 55
44 57
44 60
44 61
44 64
45 46
45 48
45 49
45 54
45 55
45 58
45 59
45 61
45 64
46 52
46 53
46 54
47 48
47 54
48 55
48 59
49 63
49 64
50 51
50 58
50 62
51 53
51 57
51 60
51 61
51 62
52 53
52 54
52 63
53 57
53 58
54 58
54 59
54 61
54 62
55 58
55 59
55 62
56 62
56 64
57 62
58 60
58 64
62 63