905122346
18
65
851
0 18
0 19
0 20
0 21
0 22
0 23
0 24
0 25
0 27
0 28
0 29
0 30
0 32
0 33
0 36
0 39
0 40
0 41
0 44
0 45
0 49
0 50
0 53
0 62
0 63
0 2
0 57
1 18
1 19
1 20
1 21
1 22
1 23
1 24
1 26
1 27
1 29
1 30
1 32
1 33
1 37
1 38
1 40
1 41
1 45
1 51
1 54
1 57
1 59
1 61
2 18
2 19
2 20
2 21
2 22
2 24
2 25
2 26
2 30
2 31
2 32
2 33
2 34
2 37
2 38
2 40
2 42
2 44
2 46
2 50
2 52
2 57
2 59
2 63
2 64
2 10
3 18
3 19
3 20
3 21
3 22
3 23
3 24
3 33
3 34
3 36
3 41
3 43
3 46
3 55
3 57
3 64
4 18
4 19
4 20
4 21
4 22
4 23
4 24
4 25
4 27
4 28
4 31
4 32
4 40
4 41
4 45
4 48
4 49
4 56
4 57
4 59
4 60
5 18
5 19
5 20
5 21
5 22
5 23
5 25
5 26
5 27
5 28
5 29
5 30
5 31
5 34
5 35
5 36
5 42
5 43
5 45
5 46
5 53
5 54
5 55
5 62
6 18
6 19
6 20
6 21
6 22
6 23
6 24
6 26
6 27
6 28
6 29
6 32
6 33
6 37
6 39
6 41
6 42
6 43
6 45
6 48
6 51
6 52
6 55
6 56
6 58
6 59
6 64
7 18
7 19
7 20
7 21
7 25
7 26
7 27
7 29
7 30
7 35
7 36
7 39
7 40
7 42
7 43
7 44
7 49
7 53
7 57
7 63
8 18
8 19
8 20
8 21
8 22
8 24
8 25
8 26
8 28
8 29
8 31
8 34
8 36
8 37
8 38
8 43
8 44
8 49
8 56
8 61
8 63
9 18
9 19
9 20
9 21
9 22
9 24
9 25
9 26
9 28
9 30
9 31
9 33
9 35
9 37
9 39
9 40
9 41
9 42
9 44
9 45
9 46
9 47
9 48
9 50
9 51
9 52
9 53
9 60
9 63
10 18
10 19
10 20
10 21
10 22
10 23
10 27
10 28
10 29
10 31
10 46
10 48
10 49
10 52
10 55
11 18
11 19
11 22
11 23
11 25
11 26
11 28
11 31
11 33
11 38
11 40
11 41
11 47
11 50
11 56
11 59
11 61
11 62
12 18
12 19
12 20
12 22
12 23
12 24
12 25
12 26
12 29
12 30
12 32
12 33
12 35
12 41
12 42
12 43
12 48
12 52
12 54
12 57
12 61
12 62
12 64
13 18
13 19
13 20
13 21
13 22
13 23
13 24
13 25
13 26
13 32
13 34
13 35
13 39
13 40
13 42
13 46
13 48
13 50
13 51
13 52
13 57
13 58
13 61
14 18
14 20
14 23
14 27
14 28
14 29
14 36
14 38
14 44
14 54
14 58
14 61
15 18
15 19
15 20
15 21
15 23
15 24
15 25
15 26
15 28
15 30
15 32
15 37
15 40
15 46
15 49
15 50
15 52
15 55
15 59
15 60
16 18
16 19
16 20
16 21
16 22
16 23
16 24
16 27
16 31
16 34
16 36
16 54
16 55
16 58
16 61
16 63
16 40
17 18
17 19
17 21
17 28
17 33
17 36
17 38
17 41
17 45
17 47
18 19
18 20
18 21
18 22
18 23
18 24
18 25
18 26
18 27
18 28
18 29
18 30
18 31
18 33
18 34
18 35
18 36
18 37
18 38
18 39
18 42
18 44
18 45
18 47
18 49
18 51
18 53
18 55
18 59
18 63
19 20
19 21
19 22
19 23
19 24
19 25
19 26
19 27
19 28
19 29
19 30
19 31
19 32
19 34
19 35
19 36
19 37
19 39
19 42
19 44
19 49
19 50
19 51
19 52
19 53
19 55
19 57
19 58
19 59
19 60
19 63
20 21
20 22
20 23
20 24
20 25
20 26
20 27
20 29
20 30
20 31
20 39
20 41
20 42
20 43
20 45
20 47
20 49
20 52
20 54
20 57
20 58
20 60
21 22
21 23
21 24
21 25
21 26
21 27
21 28
21 30
21 32
21 33
21 34
21 35
21 37
21 38
21 39
21 41
21 43
21 44
21 47
21 48
21 53
21 56
21 62
21 64
21 21
22 23
22 24
22 25
22 26
22 27
22 28
22 29
22 30
22 31
22 32
22 33
22 34
22 35
22 38
22 39
22 41
22 43
22 47
22 48
22 51
22 52
22 53
22 57
22 58
22 61
22 62
22 64
23 24
23 25
23 26
23 27
23 28
23 29
23 31
23 32
23 33
23 34
23 35
23 36
23 39
23 40
23 41
23 42
23 43
23 44
23 46
23 48
23 50
23 52
23 53
23 54
23 55
23 56
23 57
23 58
24 25
24 26
24 27
24 28
24 29
24 30
24 31
24 32
24 33
24 34
24 35
24 36
24 38
24 39
24 42
24 46
24 50
24 51
24 59
24 60
24 61
24 62
24 64
25 27
25 30
25 31
25 32
25 34
25 35
25 36
25 37
25 39
25 40
25 43
25 44
25 46
25 47
25 52
25 53
25 54
25 59
25 63
25 64
26 27
26 28
26 29
26 30
26 33
26 34
26 37
26 38
26 39
26 41
26 47
26 49
26 50
26 51
26 55
26 64
27 29
27 30
27 31
27 32
27 33
27 35
27 38
27 40
27 41
27 42
27 46
27 48
27 52
27 57
27 59
27 60
27 64
28 29
28 31
28 32
28 34
28 35
28 37
28 38
28 43
28 47
28 50
28 54
28 56
28 57
28 62
29 30
29 31
29 32
29 34
29 35
29 36
29 37
29 38
29 39
29 42
29 44
29 45
29 46
29 47
29 49
29 50
29 51
29 57
29 60
29 61
30 33
30 34
30 36
30 42
30 44
30 47
30 48
30 53
30 56
30 60
30 64
31 32
31 35
31 36
31 37
31 38
31 39
31 40
31 41
31 45
31 46
31 47
31 50
31 57
31 60
31 63
32 33
32 34
32 35
32 37
32 38
32 39
32 40
32 45
32 47
32 51
32 52
32 54
32 55
32 58
32 59
32 62
33 35
33 36
33 37
33 43
33 49
33 53
33 55
33 56
33 60
33 61
34 37
34 38
34 42
34 45
34 46
34 47
34 48
34 49
34 51
34 52
34 53
34 54
34 55
34 58
34 60
35 36
35 37
35 38
35 41
35 43
35 44
35 45
35 46
35 51
35 52
35 53
35 56
35 58
35 59
35 61
35 62
35 63
35 64
36 39
36 40
36 43
36 44
36 47
36 48
36 49
36 59
37 40
37 41
37 42
37 43
37 44
37 45
37 48
37 51
37 55
37 58
37 61
38 40
38 42
38 43
38 44
38 49
38 51
38 55
38 64
39 40
39 44
39 45
39 49
39 56
39 57
39 60
39 61
39 63
40 46
40 48
40 54
40 55
40 56
40 59
40 63
40 64
41 46
41 48
41 50
41 51
41 53
41 54
41 56
41 64
42 43
42 45
42 47
42 51
42 52
42 62
43 45
43 46
43 48
43 50
43 55
43 56
43 58
43 61
43 62
43 63
43 64
44 48
44 49
44 50
44 53
44 54
44 56
44 57
44 61
44 62
44 63
45 49
45 54
45 56
45 58
45 62
46 47
46 60
46 63
47 50
47 58
47 59
47 61
47 64
48 50
48 54
48 59
48 61
48 62
49 51
49 53
49 56
49 57
49 63
50 54
50 58
50 60
50 62
50 63
51 52
51 53
51 56
51 62
52 54
52 55
52 58
54 60
55 59
55 62
56 60
57 58
57 60
61 64