464176597
1
65
99
0 1
0 2
0 3
0 8
0 52
0 18
0 39
1 15
2 5
2 7
2 13
2 24
2 26
2 41
2 51
2 25
2 28
2 53
2 55
3 4
3 6
3 10
3 14
3 35
3 30
4 30
4 27
5 17
5 42
5 13
7 22
7 35
8 9
8 11
8 12
8 16
8 20
8 25
8 29
8 33
8 48
8 52
8 56
9 25
10 36
10 40
10 43
10 46
11 34
11 24
11 37
14 21
14 25
15 40
16 18
17 19
17 23
17 27
17 32
17 37
17 38
17 63
17 51
19 28
19 50
19 56
19 25
19 33
20 55
21 53
21 21
21 31
21 57
25 39
25 27
25 45
26 46
27 57
28 31
28 49
29 47
29 54
30 61
33 45
33 58
34 62
36 54
38 60
41 54
42 44
43 51
44 51
45 62
48 49
50 64
50 63
54 59
56 59
63 64