337282188
24
65
988
0 24
0 25
0 26
0 27
0 28
0 31
0 32
0 33
0 34
0 35
0 36
0 45
0 47
0 48
0 54
0 64
1 24
1 25
1 26
1 27
1 28
1 29
1 30
1 31
1 32
1 33
1 34
1 35
1 36
1 37
1 38
1 39
1 40
1 41
1 42
1 43
1 44
1 45
1 49
1 52
1 54
1 55
1 57
1 58
1 62
1 63
1 64
2 24
2 25
2 26
2 27
2 30
2 31
2 32
2 33
2 34
2 35
2 36
2 37
2 38
2 40
2 41
2 42
2 46
2 50
2 53
2 54
2 55
2 57
2 63
3 24
3 25
3 26
3 27
3 28
3 29
3 30
3 31
3 32
3 33
3 37
3 41
3 42
3 43
3 44
3 55
3 56
3 60
3 63
4 24
4 25
4 26
4 28
4 29
4 31
4 32
4 33
4 34
4 35
4 37
4 38
4 39
4 40
4 44
4 46
4 47
4 50
4 55
4 58
4 62
4 64
4 61
5 24
5 26
5 29
5 30
5 32
5 33
5 34
5 35
5 36
5 38
5 39
5 41
5 47
5 50
5 51
5 55
5 16
6 24
6 25
6 26
6 27
6 28
6 29
6 33
6 35
6 37
6 48
6 50
6 58
6 61
6 62
7 24
7 25
7 26
7 27
7 28
7 29
7 30
7 31
7 32
7 33
7 34
7 35
7 36
7 37
7 40
7 42
7 47
7 51
7 52
7 54
7 57
7 61
7 62
8 24
8 25
8 26
8 27
8 28
8 29
8 30
8 32
8 33
8 34
8 37
8 43
8 48
8 49
8 57
8 58
8 63
9 24
9 25
9 26
9 27
9 28
9 29
9 30
9 31
9 33
9 34
9 36
9 41
9 42
9 43
9 45
9 54
9 60
9 61
9 63
10 24
10 25
10 26
10 27
10 28
10 30
10 31
10 32
10 34
10 37
10 39
10 40
10 41
10 45
10 50
10 51
10 53
10 46
11 24
11 25
11 26
11 27
11 28
11 29
11 30
11 34
11 36
11 39
11 43
11 44
11 45
11 46
11 47
11 48
11 51
11 54
11 60
11 61
11 62
12 24
12 25
12 26
12 27
12 29
12 31
12 32
12 33
12 35
12 37
12 38
12 40
12 41
12 45
12 51
12 53
12 54
12 56
12 58
12 59
12 63
13 24
13 25
13 26
13 27
13 28
13 32
13 33
13 36
13 37
13 40
13 43
13 45
13 48
13 51
13 54
13 58
13 60
14 24
14 25
14 27
14 29
14 31
14 33
14 36
14 42
14 47
14 49
14 56
14 61
15 24
15 25
15 26
15 27
15 28
15 29
15 30
15 31
15 33
15 35
15 37
15 38
15 42
15 43
15 44
15 46
15 47
15 48
15 49
15 50
15 51
15 57
15 59
15 63
15 64
16 24
16 25
16 26
16 27
16 28
16 29
16 30
16 31
16 34
16 35
16 36
16 38
16 40
16 43
16 45
16 49
16 52
16 55
16 58
17 24
17 25
17 27
17 28
17 30
17 31
17 32
17 34
17 36
17 37
17 39
17 48
17 50
17 56
17 57
18 24
18 25
18 26
18 27
18 28
18 29
18 30
18 31
18 33
18 38
18 41
18 45
18 47
18 49
18 52
18 53
18 54
18 56
19 24
19 25
19 26
19 27
19 28
19 29
19 30
19 32
19 33
19 34
19 35
19 36
19 37
19 38
19 39
19 42
19 43
19 47
19 49
19 52
19 53
19 59
19 60
20 24
20 25
20 26
20 27
20 28
20 29
20 30
20 31
20 32
20 37
20 40
20 42
20 43
20 45
20 46
20 48
20 49
20 53
20 55
20 64
21 24
21 25
21 26
21 27
21 28
21 29
21 30
21 31
21 34
21 35
21 39
21 41
21 43
21 44
21 48
21 49
21 55
21 56
21 59
22 24
22 25
22 26
22 27
22 28
22 29
22 30
22 31
22 32
22 33
22 35
22 38
22 39
22 40
22 44
22 45
22 46
22 54
22 59
22 60
23 24
23 25
23 26
23 28
23 29
23 30
23 32
23 39
23 40
23 41
23 42
23 43
23 44
23 45
23 46
23 47
23 54
23 61
23 62
24 25
24 26
24 27
24 28
24 29
24 30
24 31
24 32
24 33
24 34
24 35
24 36
24 37
24 38
24 39
24 40
24 41
24 42
24 44
24 46
24 48
24 50
24 51
24 52
24 53
24 55
24 56
24 57
24 60
24 62
24 63
24 64
25 26
25 27
25 28
25 29
25 30
25 31
25 32
25 33
25 34
25 35
25 36
25 37
25 38
25 39
25 40
25 41
25 42
25 43
25 44
25 45
25 46
25 47
25 48
25 49
25 50
25 51
25 54
25 56
25 57
25 58
25 59
25 62
26 27
26 28
26 29
26 30
26 31
26 32
26 34
26 35
26 36
26 38
26 39
26 40
26 41
26 42
26 44
26 45
26 46
26 47
26 49
26 51
26 52
26 53
26 54
26 55
26 56
26 58
26 59
26 60
26 61
26 64
27 28
27 29
27 30
27 31
27 32
27 33
27 34
27 35
27 36
27 37
27 38
27 39
27 40
27 41
27 42
27 44
27 46
27 47
27 49
27 50
27 51
27 52
27 53
27 54
27 55
27 57
27 58
27 60
27 63
27 64
28 29
28 30
28 31
28 32
28 33
28 34
28 35
28 36
28 38
28 39
28 40
28 41
28 42
28 43
28 45
28 46
28 47
28 48
28 49
28 50
28 51
28 52
28 53
28 56
28 58
28 59
28 61
28 63
28 64
28 54
29 30
29 31
29 32
29 33
29 34
29 35
29 36
29 37
29 38
29 39
29 41
29 42
29 43
29 44
29 45
29 47
29 48
29 49
29 51
29 52
29 54
29 56
29 57
29 59
29 60
29 61
29 62
29 63
30 31
30 32
30 33
30 34
30 35
30 36
30 37
30 38
30 39
30 40
30 41
30 42
30 43
30 44
30 45
30 46
30 47
30 51
30 52
30 53
30 55
30 56
30 57
30 58
30 59
30 62
30 63
30 64
31 32
31 33
31 34
31 35
31 36
31 37
31 38
31 39
31 40
31 41
31 42
31 43
31 44
31 46
31 48
31 51
31 52
31 56
31 59
31 60
31 61
31 63
32 34
32 35
32 36
32 37
32 38
32 40
32 41
32 42
32 44
32 45
32 46
32 48
32 49
32 50
32 52
32 53
32 54
32 56
32 58
32 59
32 61
32 62
32 64
33 34
33 35
33 36
33 37
33 38
33 39
33 41
33 42
33 43
33 44
33 45
33 46
33 47
33 48
33 49
33 50
33 52
33 53
33 54
33 58
33 59
33 63
33 64
34 35
34 36
34 37
34 38
34 39
34 40
34 41
34 43
34 44
34 45
34 46
34 49
34 50
34 53
34 54
34 55
34 56
34 57
34 62
34 64
35 36
35 38
35 39
35 40
35 42
35 46
35 47
35 50
35 52
35 54
35 56
35 57
35 59
35 60
35 61
35 63
35 64
36 37
36 38
36 39
36 41
36 42
36 43
36 49
36 51
36 52
36 55
36 57
36 60
36 61
36 63
36 64
37 38
37 39
37 40
37 41
37 43
37 44
37 47
37 48
37 50
37 51
37 53
37 58
37 60
37 61
37 62
37 63
38 39
38 40
38 43
38 44
38 46
38 47
38 48
38 54
38 55
38 56
38 57
38 58
38 59
38 64
39 40
39 43
39 44
39 45
39 48
39 49
39 50
39 53
39 55
39 56
39 63
40 41
40 42
40 46
40 47
40 48
40 49
40 51
40 52
40 53
40 57
40 58
40 59
40 60
40 61
40 62
40 64
41 42
41 44
41 45
41 46
41 47
41 48
41 49
41 51
41 52
41 53
41 54
41 56
41 57
41 59
41 61
41 62
41 63
42 43
42 44
42 45
42 47
42 48
42 49
42 50
42 51
42 52
42 53
42 57
42 64
43 44
43 46
43 50
43 53
43 55
43 58
43 59
43 60
43 61
44 45
44 46
44 47
44 48
44 50
44 51
44 55
44 60
44 62
44 64
45 46
45 49
45 52
45 55
45 56
45 57
45 60
45 62
45 63
46 48
46 50
46 52
46 53
46 55
46 58
46 63
46 64
47 50
47 51
47 52
47 53
47 54
47 57
47 58
47 59
47 60
47 61
47 62
48 49
48 50
48 53
48 56
48 59
48 62
48 64
49 50
49 51
49 53
49 55
49 61
49 64
50 51
50 52
50 54
50 55
50 56
50 57
50 58
50 59
50 60
50 61
51 52
51 54
51 55
51 57
51 59
51 60
51 61
51 62
52 55
52 56
52 59
52 60
52 62
52 63
53 56
53 57
53 58
53 60
54 58
54 59
54 60
54 64
55 57
55 61
57 58
57 61
57 62
58 61
58 63
58 64
59 62
61 62
61 63