251385925
22
65
954
0 22
0 23
0 24
0 25
0 26
0 27
0 28
0 30
0 33
0 34
0 35
0 37
0 39
0 43
0 45
0 47
0 49
0 51
0 55
1 22
1 23
1 24
1 25
1 26
1 27
1 28
1 29
1 30
1 31
1 34
1 35
1 36
1 37
1 38
1 39
1 41
1 42
1 43
1 44
1 46
1 48
1 49
1 53
1 54
1 55
1 59
1 60
1 63
1 3
1 6
2 22
2 23
2 24
2 25
2 26
2 29
2 31
2 32
2 37
2 38
2 40
2 41
2 42
2 52
2 53
2 54
2 58
2 59
2 60
2 61
2 62
2 64
3 22
3 23
3 24
3 25
3 26
3 27
3 29
3 30
3 31
3 32
3 33
3 34
3 35
3 36
3 39
3 40
3 42
3 43
3 44
3 47
3 49
3 51
3 53
3 59
3 60
3 62
3 18
4 22
4 23
4 24
4 26
4 27
4 29
4 31
4 32
4 33
4 35
4 36
4 37
4 38
4 41
4 47
4 49
4 50
4 51
4 53
4 54
4 63
5 22
5 23
5 24
5 25
5 26
5 27
5 28
5 29
5 31
5 32
5 34
5 35
5 42
5 45
5 46
5 52
5 54
5 56
5 62
5 43
6 22
6 23
6 24
6 27
6 28
6 29
6 30
6 31
6 33
6 35
6 36
6 38
6 39
6 40
6 43
6 46
6 50
6 51
6 54
6 56
6 57
6 59
6 64
7 22
7 23
7 24
7 25
7 26
7 27
7 32
7 36
7 37
7 40
7 45
7 52
7 61
7 64
8 22
8 23
8 24
8 25
8 26
8 28
8 30
8 32
8 33
8 35
8 36
8 37
8 40
8 55
8 56
8 63
9 22
9 23
9 24
9 25
9 27
9 30
9 33
9 37
9 38
9 40
9 44
9 45
9 46
9 51
9 53
9 58
10 22
10 23
10 24
10 25
10 27
10 28
10 29
10 30
10 31
10 33
10 36
10 51
10 60
10 62
11 22
11 23
11 24
11 25
11 26
11 27
11 28
11 31
11 32
11 33
11 34
11 35
11 36
11 37
11 41
11 44
11 45
11 46
11 50
11 51
11 55
11 61
11 62
11 64
12 22
12 23
12 25
12 26
12 28
12 29
12 30
12 31
12 32
12 34
12 35
12 41
12 43
12 44
12 47
12 48
12 54
12 58
12 59
12 63
13 22
13 24
13 27
13 28
13 34
13 43
13 50
13 51
13 57
13 29
14 22
14 23
14 24
14 25
14 26
14 27
14 28
14 29
14 30
14 32
14 34
14 39
14 40
14 41
14 49
14 50
14 53
14 60
14 61
14 62
14 63
14 64
15 22
15 23
15 24
15 25
15 26
15 27
15 28
15 29
15 30
15 32
15 35
15 38
15 39
15 40
15 41
15 50
15 54
15 55
15 56
15 59
15 61
16 22
16 23
16 24
16 25
16 26
16 27
16 28
16 31
16 32
16 33
16 42
16 44
16 48
16 55
16 57
16 58
17 22
17 23
17 24
17 25
17 26
17 27
17 28
17 29
17 30
17 31
17 35
17 37
17 40
17 41
17 42
17 43
17 44
17 46
17 48
17 49
17 51
17 52
17 53
17 54
17 56
17 58
17 64
18 22
18 23
18 24
18 25
18 26
18 27
18 28
18 29
18 31
18 32
18 33
18 34
18 35
18 37
18 38
18 39
18 41
18 42
18 44
18 45
18 47
18 52
18 54
18 60
19 22
19 23
19 24
19 25
19 26
19 28
19 29
19 30
19 31
19 34
19 36
19 37
19 42
19 47
19 48
19 53
19 57
19 61
20 22
20 23
20 25
20 26
20 27
20 29
20 30
20 32
20 38
20 39
20 44
20 46
20 55
20 57
20 60
21 22
21 23
21 24
21 25
21 26
21 28
21 29
21 30
21 33
21 38
21 40
21 42
21 46
21 50
21 57
22 23
22 24
22 25
22 26
22 27
22 28
22 29
22 30
22 31
22 32
22 33
22 34
22 35
22 36
22 37
22 39
22 40
22 41
22 42
22 43
22 44
22 45
22 47
22 48
22 50
22 51
22 52
22 53
22 54
22 55
22 57
22 58
22 61
22 62
22 64
23 24
23 25
23 26
23 27
23 28
23 29
23 30
23 31
23 32
23 33
23 34
23 35
23 36
23 37
23 38
23 39
23 40
23 42
23 43
23 45
23 46
23 47
23 48
23 49
23 50
23 51
23 52
23 53
23 54
23 55
23 59
23 60
23 62
23 63
24 25
24 26
24 27
24 28
24 29
24 30
24 31
24 32
24 33
24 34
24 35
24 36
24 37
24 38
24 39
24 40
24 41
24 42
24 43
24 45
24 46
24 47
24 48
24 49
24 50
24 51
24 52
24 53
24 54
24 58
24 59
24 60
24 61
24 62
24 63
24 64
25 26
25 27
25 28
25 29
25 30
25 31
25 32
25 33
25 34
25 35
25 36
25 38
25 39
25 41
25 42
25 44
25 45
25 46
25 47
25 48
25 49
25 50
25 51
25 52
25 53
25 54
25 55
25 56
25 60
25 61
25 63
25 43
26 27
26 28
26 29
26 30
26 31
26 32
26 33
26 34
26 35
26 36
26 38
26 39
26 40
26 41
26 43
26 45
26 48
26 50
26 54
26 55
26 56
26 57
26 58
26 59
26 61
26 62
26 63
26 64
27 28
27 29
27 30
27 31
27 33
27 34
27 36
27 37
27 38
27 39
27 41
27 42
27 44
27 45
27 47
27 51
27 52
27 55
27 56
27 58
27 59
27 61
27 63
27 64
28 29
28 30
28 31
28 32
28 33
28 34
28 35
28 36
28 37
28 38
28 39
28 41
28 42
28 43
28 44
28 45
28 46
28 47
28 49
28 50
28 51
28 57
28 58
28 59
28 60
28 61
28 62
28 63
29 30
29 31
29 32
29 33
29 34
29 35
29 36
29 37
29 38
29 40
29 41
29 43
29 47
29 49
29 51
29 58
29 59
29 62
29 63
30 31
30 32
30 33
30 34
30 36
30 37
30 38
30 39
30 40
30 41
30 42
30 43
30 44
30 45
30 50
30 53
30 58
30 60
30 62
30 63
31 32
31 33
31 34
31 36
31 37
31 38
31 39
31 40
31 41
31 42
31 43
31 44
31 46
31 47
31 48
31 49
31 50
31 52
31 53
31 55
31 58
31 59
31 61
31 64
32 33
32 34
32 35
32 36
32 44
32 45
32 46
32 48
32 49
32 52
32 56
32 57
32 60
32 62
32 63
33 34
33 35
33 37
33 38
33 39
33 40
33 41
33 42
33 43
33 45
33 46
33 47
33 52
33 53
33 58
33 59
33 60
33 63
33 55
34 35
34 36
34 38
34 39
34 43
34 45
34 46
34 47
34 48
34 50
34 51
34 55
34 56
34 57
34 59
34 60
34 62
34 63
34 64
35 36
35 37
35 43
35 44
35 45
35 48
35 54
35 57
35 58
35 59
35 62
35 64
36 37
36 38
36 39
36 40
36 42
36 43
36 46
36 48
36 49
36 50
36 55
36 57
36 61
37 38
37 39
37 40
37 41
37 42
37 43
37 44
37 47
37 49
37 52
37 54
37 56
37 57
37 60
37 61
37 62
37 63
37 64
38 39
38 40
38 41
38 44
38 46
38 47
38 48
38 49
38 50
38 51
38 54
38 56
38 57
38 60
38 62
39 40
39 42
39 43
39 44
39 46
39 47
39 48
39 49
39 52
39 55
39 56
39 57
39 58
39 63
40 41
40 43
40 45
40 49
40 52
40 56
40 62
40 63
41 42
41 44
41 45
41 46
41 47
41 48
41 50
41 51
41 52
41 61
42 44
42 45
42 48
42 50
42 52
42 54
42 56
42 64
43 45
43 47
43 49
43 51
43 55
43 57
43 58
43 59
43 62
44 46
44 47
44 48
44 49
44 51
44 52
44 53
44 55
44 56
44 57
44 58
44 60
44 61
44 64
45 46
45 49
45 50
45 53
45 54
45 55
45 58
45 61
46 48
46 51
46 52
46 53
46 57
46 60
46 61
46 64
47 48
47 50
47 52
47 55
47 56
47 57
47 60
47 61
48 49
48 53
48 58
48 62
48 64
49 53
49 56
49 58
49 63
49 64
50 52
50 54
50 55
50 56
50 59
51 53
51 54
51 56
51 59
51 61
51 64
52 53
52 54
52 55
52 59
52 60
52 63
53 56
54 58
54 59
54 64
55 56
55 57
55 60
55 61
56 57
56 59
58 64
60 62
62 63
62 64