808399634
1
700
699
0 1
0 2
0 4
0 9
0 15
0 20
0 21
0 25
0 27
0 48
0 55
0 57
0 63
0 75
0 87
0 91
0 111
0 113
0 125
0 150
0 187
0 206
0 245
0 259
0 261
0 268
0 271
0 296
0 339
0 361
0 369
0 373
0 415
0 472
0 517
0 522
0 563
0 618
0 652
0 674
0 697
1 3
1 12
1 44
1 47
1 56
1 140
1 228
1 250
1 304
1 394
1 567
1 585
1 658
2 5
2 6
2 7
2 8
2 10
2 11
2 17
2 18
2 22
2 24
2 26
2 28
2 30
2 32
2 39
2 40
2 41
2 46
2 49
2 53
2 61
2 72
2 101
2 110
2 118
2 127
2 129
2 132
2 138
2 152
2 175
2 179
2 199
2 212
2 215
2 230
2 251
2 270
2 276
2 286
2 300
2 303
2 377
2 400
2 413
2 450
2 475
2 506
2 509
2 536
2 574
2 636
2 681
4 70
4 198
4 239
4 283
5 19
5 114
5 122
5 148
5 240
5 315
5 338
5 371
5 389
5 421
5 438
5 520
5 532
5 582
5 693
6 29
7 13
8 73
8 98
8 119
8 144
8 145
8 257
8 424
8 533
8 604
8 667
9 14
9 16
9 37
9 60
9 77
9 78
9 89
9 93
9 99
9 105
9 107
9 130
9 178
9 211
9 260
9 294
9 330
9 345
9 401
9 412
9 422
9 425
9 442
9 455
9 566
9 606
9 610
9 663
10 35
10 85
10 326
11 34
11 42
11 43
11 120
11 525
11 528
11 543
12 115
12 233
12 387
13 59
13 134
13 153
13 208
13 449
13 497
13 510
14 124
14 136
14 154
14 343
14 399
15 439
16 23
16 104
17 31
17 168
17 523
19 33
20 38
21 252
21 568
22 180
22 332
23 81
23 169
23 647
24 76
25 62
25 137
25 244
25 334
25 504
25 646
26 74
26 79
26 209
27 599
28 97
28 266
28 297
28 298
28 376
28 382
28 507
28 512
30 45
30 146
30 282
31 36
31 58
31 64
31 67
31 88
31 112
31 126
31 160
31 165
31 182
31 291
31 347
31 372
31 430
31 503
31 619
31 679
32 460
35 210
35 234
35 605
36 205
36 473
36 548
36 571
36 626
36 642
37 66
37 238
38 65
38 92
38 96
38 102
38 181
38 274
38 316
39 108
39 479
42 50
42 54
42 295
42 428
43 171
43 183
43 396
44 86
44 116
44 444
44 569
45 159
45 322
45 349
45 634
46 52
46 106
46 163
46 653
48 51
48 83
48 123
48 147
48 204
48 217
48 358
48 467
48 486
48 529
48 614
48 656
48 657
50 95
50 158
50 575
51 227
51 696
52 201
52 290
52 307
52 570
53 109
53 197
53 241
53 256
53 292
53 402
53 493
53 560
53 596
53 694
54 100
54 622
56 71
56 167
56 218
56 340
56 436
56 489
58 172
59 552
60 68
60 94
60 131
60 157
60 193
60 195
60 305
60 625
61 281
61 385
63 82
63 142
63 176
63 446
64 161
64 189
64 207
65 80
65 419
65 623
65 645
65 692
66 69
66 226
66 229
66 353
66 672
68 627
69 232
69 379
70 143
70 418
70 451
70 498
70 564
71 458
72 264
72 375
72 432
72 545
72 615
73 565
75 214
75 231
75 661
75 684
77 151
77 262
79 84
79 235
79 265
80 192
80 459
80 521
80 616
81 149
81 200
81 404
81 408
81 452
82 103
82 285
82 299
82 367
83 90
83 133
83 221
83 310
83 490
83 556
83 576
83 683
84 128
85 363
85 365
85 559
86 293
86 538
87 469
88 141
88 202
88 388
89 631
90 280
91 500
94 164
94 311
94 505
97 222
97 336
98 249
99 117
99 121
99 640
101 483
101 601
103 407
106 191
106 348
107 659
112 434
114 186
114 255
114 269
116 135
117 247
117 481
117 602
117 648
118 220
118 309
119 155
119 166
119 170
119 440
119 635
121 246
121 391
121 502
123 423
123 624
124 386
124 405
124 524
124 654
126 139
126 190
126 420
127 219
128 242
132 194
132 324
132 333
132 374
133 275
133 433
135 360
135 437
135 591
136 156
136 236
142 665
143 312
143 350
144 225
144 237
145 177
146 456
149 416
153 162
153 557
154 258
154 325
155 223
155 381
155 677
158 553
159 435
160 185
160 188
160 302
161 173
161 174
161 224
161 398
162 514
163 392
163 561
166 284
166 331
168 314
168 651
170 409
170 540
172 384
172 390
172 542
172 612
173 587
173 695
174 203
176 267
176 410
176 457
176 465
176 607
176 690
178 248
181 184
182 487
183 380
186 306
186 448
186 549
189 378
189 518
192 196
192 308
192 355
192 513
193 359
193 491
193 611
194 329
194 414
195 689
197 313
198 277
198 301
198 319
198 463
199 544
200 279
202 287
202 519
203 254
203 346
203 354
206 577
209 213
209 216
209 688
211 668
214 288
215 272
215 273
215 341
215 383
215 395
215 454
215 485
215 526
215 573
215 691
216 578
217 357
217 546
218 628
219 364
219 366
219 501
219 511
221 321
224 253
224 539
224 609
229 664
230 243
233 426
233 443
233 508
234 289
234 477
234 629
235 344
236 476
236 588
238 496
238 673
239 278
239 478
239 592
240 406
240 427
240 461
240 554
241 320
241 488
241 600
242 328
244 263
247 593
249 470
249 586
250 317
251 337
251 492
258 464
259 468
261 323
263 547
265 620
267 441
272 643
274 356
275 327
275 397
275 494
275 621
277 429
277 632
278 598
285 650
288 335
288 480
293 580
293 639
297 678
299 589
301 530
305 352
305 484
311 318
311 550
313 558
321 368
324 555
328 534
328 535
329 342
331 431
331 590
335 351
339 362
339 537
340 462
344 597
347 466
363 686
364 370
364 551
364 638
364 641
364 698
366 393
366 541
366 579
366 682
371 655
374 669
375 453
387 633
399 583
400 403
400 417
405 445
407 516
408 411
409 603
414 474
414 630
419 499
424 471
430 515
431 447
445 671
448 495
454 531
454 572
460 482
460 687
470 562
489 581
491 617
504 660
515 644
521 613
521 676
524 527
528 685
531 584
534 637
535 649
546 595
548 608
552 594
563 680
573 662
586 670
604 675
624 666
641 699