484473030
13
700
9100
0 13
0 14
0 15
0 16
0 17
0 18
0 19
0 20
0 21
0 22
0 23
0 24
0 25
0 26
0 27
0 29
0 37
0 38
0 40
0 43
0 45
0 53
0 54
0 64
0 68
0 69
0 73
0 75
0 78
0 86
0 94
0 107
0 120
0 121
0 122
0 123
0 134
0 136
0 139
0 154
0 158
0 159
0 168
0 169
0 172
0 176
0 178
0 217
0 228
0 231
0 233
0 241
0 266
0 293
0 297
0 305
0 307
0 313
0 335
0 393
0 395
0 404
0 410
0 452
0 465
0 466
0 490
0 497
0 502
0 516
0 559
0 571
0 587
0 604
0 647
0 650
0 677
1 13
1 14
1 15
1 16
1 19
1 20
1 21
1 22
1 23
1 27
1 29
1 37
1 41
1 47
1 59
1 62
1 63
1 64
1 68
1 72
1 74
1 84
1 90
1 91
1 100
1 108
1 112
1 138
1 140
1 141
1 145
1 146
1 147
1 162
1 171
1 192
1 197
1 214
1 221
1 225
1 241
1 259
1 261
1 278
1 307
1 314
1 316
1 325
1 341
1 352
1 354
1 421
1 423
1 453
1 464
1 578
1 584
1 601
1 608
1 629
1 639
1 691
1 38
2 13
2 14
2 15
2 16
2 20
2 26
2 32
2 35
2 37
2 44
2 45
2 47
2 49
2 52
2 53
2 57
2 59
2 67
2 68
2 85
2 86
2 90
2 94
2 108
2 113
2 115
2 128
2 131
2 162
2 174
2 179
2 183
2 209
2 228
2 229
2 235
2 260
2 266
2 284
2 291
2 300
2 344
2 369
2 374
2 386
2 391
2 393
2 431
2 451
2 458
2 480
2 514
2 521
2 529
2 545
2 553
2 565
2 660
2 694
2 696
2 331
3 13
3 14
3 15
3 16
3 17
3 18
3 20
3 21
3 22
3 27
3 32
3 33
3 34
3 44
3 46
3 48
3 51
3 54
3 100
3 120
3 129
3 130
3 131
3 133
3 180
3 187
3 190
3 216
3 238
3 251
3 262
3 270
3 297
3 335
3 352
3 399
3 475
3 482
3 618
3 647
3 400
4 13
4 14
4 15
4 16
4 18
4 22
4 23
4 29
4 38
4 40
4 52
4 77
4 88
4 111
4 130
4 147
4 152
4 191
4 195
4 221
4 267
4 281
4 388
4 389
4 417
4 444
4 462
4 464
4 471
4 482
4 484
4 508
4 572
4 597
4 681
5 13
5 14
5 15
5 16
5 17
5 18
5 19
5 20
5 21
5 23
5 26
5 33
5 36
5 37
5 51
5 57
5 61
5 74
5 80
5 81
5 83
5 114
5 131
5 161
5 163
5 181
5 186
5 188
5 196
5 197
5 198
5 210
5 236
5 242
5 247
5 272
5 274
5 279
5 289
5 298
5 310
5 347
5 351
5 359
5 368
5 395
5 401
5 425
5 436
5 446
5 451
5 499
5 521
5 562
5 568
5 589
5 594
5 659
5 665
5 675
5 335
6 13
6 14
6 15
6 16
6 17
6 18
6 19
6 24
6 25
6 29
6 30
6 31
6 36
6 37
6 38
6 41
6 45
6 49
6 52
6 53
6 59
6 60
6 61
6 70
6 75
6 78
6 79
6 84
6 87
6 90
6 92
6 95
6 97
6 99
6 100
6 105
6 109
6 110
6 118
6 121
6 127
6 129
6 131
6 132
6 139
6 150
6 154
6 158
6 162
6 166
6 167
6 168
6 170
6 179
6 180
6 186
6 187
6 188
6 189
6 190
6 195
6 198
6 211
6 216
6 217
6 221
6 230
6 241
6 243
6 257
6 261
6 266
6 271
6 332
6 336
6 343
6 345
6 356
6 365
6 377
6 384
6 385
6 392
6 399
6 405
6 406
6 450
6 458
6 470
6 473
6 480
6 488
6 494
6 501
6 502
6 504
6 521
6 550
6 600
6 605
6 612
6 625
6 632
6 639
6 661
6 665
6 676
6 677
6 699
7 13
7 37
7 73
7 120
7 261
8 13
8 14
8 15
8 17
8 19
8 21
8 23
8 24
8 25
8 29
8 41
8 45
8 47
8 59
8 69
8 86
8 98
8 118
8 126
8 127
8 140
8 173
8 197
8 221
8 223
8 230
8 241
8 252
8 289
8 302
8 320
8 331
8 336
8 340
8 379
8 388
8 422
8 433
8 440
8 489
8 564
8 587
8 591
8 601
9 13
9 14
9 15
9 16
9 17
9 19
9 20
9 22
9 24
9 26
9 31
9 34
9 36
9 39
9 40
9 44
9 56
9 58
9 62
9 67
9 70
9 76
9 78
9 82
9 92
9 104
9 105
9 107
9 110
9 120
9 121
9 124
9 133
9 141
9 151
9 152
9 154
9 163
9 167
9 172
9 173
9 175
9 180
9 192
9 193
9 195
9 200
9 207
9 211
9 223
9 234
9 237
9 243
9 246
9 280
9 290
9 294
9 298
9 302
9 322
9 329
9 343
9 347
9 354
9 372
9 408
9 416
9 441
9 443
9 493
9 500
9 513
9 524
9 545
9 560
9 587
9 618
9 679
9 695
10 13
10 14
10 15
10 17
10 18
10 20
10 23
10 24
10 26
10 28
10 36
10 40
10 44
10 48
10 50
10 55
10 66
10 67
10 72
10 74
10 75
10 97
10 117
10 122
10 123
10 126
10 147
10 149
10 162
10 170
10 174
10 192
10 194
10 197
10 201
10 207
10 217
10 227
10 229
10 235
10 239
10 250
10 257
10 263
10 268
10 280
10 291
10 298
10 301
10 306
10 309
10 345
10 364
10 371
10 413
10 418
10 431
10 443
10 467
10 481
10 493
10 507
10 509
10 531
10 533
10 535
10 538
10 559
10 581
10 606
10 652
10 651
11 13
11 14
11 15
11 16
11 17
11 18
11 20
11 21
11 22
11 23
11 26
11 27
11 34
11 35
11 38
11 39
11 42
11 44
11 46
11 58
11 59
11 64
11 65
11 66
11 68
11 91
11 112
11 122
11 128
11 152
11 165
11 173
11 177
11 178
11 181
11 182
11 183
11 184
11 188
11 189
11 192
11 203
11 216
11 242
11 259
11 271
11 277
11 278
11 280
11 282
11 296
11 325
11 353
11 363
11 367
11 368
11 385
11 387
11 393
11 399
11 417
11 437
11 470
11 473
11 476
11 496
11 519
11 520
11 525
11 580
11 650
11 675
11 694
11 226
12 13
12 14
12 16
12 17
12 18
12 19
12 24
12 28
12 31
12 44
12 45
12 47
12 49
12 53
12 60
12 76
12 89
12 102
12 108
12 112
12 138
12 163
12 168
12 177
12 193
12 213
12 247
12 264
12 265
12 284
12 334
12 369
12 389
12 426
12 429
12 459
12 468
12 494
12 521
12 524
12 536
12 542
12 557
12 558
12 572
12 581
12 583
12 618
12 622
12 638
12 641
12 657
12 662
12 671
12 679
12 399
13 14
13 15
13 16
13 17
13 18
13 19
13 21
13 22
13 23
13 25
13 26
13 27
13 28
13 29
13 30
13 31
13 32
13 33
13 37
13 38
13 40
13 42
13 43
13 44
13 45
13 49
13 50
13 51
13 53
13 54
13 58
13 59
13 60
13 61
13 62
13 65
13 67
13 72
13 75
13 77
13 87
13 88
13 94
13 95
13 101
13 103
13 104
13 108
13 112
13 116
13 117
13 119
13 122
13 124
13 128
13 134
13 137
13 138
13 140
13 144
13 148
13 150
13 152
13 163
13 167
13 170
13 184
13 187
13 193
13 194
13 199
13 202
13 205
13 207
13 210
13 215
13 231
13 237
13 238
13 245
13 257
13 270
13 281
13 283
13 285
13 292
13 297
13 298
13 313
13 317
13 319
13 323
13 332
13 335
13 346
13 355
13 357
13 359
13 363
13 366
13 375
13 376
13 381
13 387
13 392
13 404
13 405
13 433
13 439
13 449
13 452
13 453
13 466
13 485
13 494
13 496
13 498
13 501
13 532
13 539
13 540
13 563
13 566
13 567
13 574
13 578
13 585
13 595
13 600
13 604
13 619
13 627
13 633
13 641
13 645
13 662
13 667
13 672
13 673
13 678
13 693
13 482
14 15
14 16
14 17
14 18
14 19
14 20
14 22
14 23
14 24
14 25
14 26
14 28
14 29
14 30
14 32
14 37
14 42
14 43
14 45
14 47
14 48
14 52
14 53
14 56
14 57
14 64
14 66
14 69
14 70
14 72
14 74
14 77
14 82
14 83
14 89
14 96
14 102
14 109
14 112
14 116
14 120
14 123
14 125
14 127
14 128
14 130
14 131
14 135
14 136
14 137
14 141
14 144
14 147
14 148
14 149
14 157
14 159
14 164
14 167
14 169
14 173
14 177
14 181
14 196
14 201
14 209
14 210
14 214
14 220
14 222
14 235
14 244
14 248
14 261
14 264
14 265
14 269
14 271
14 273
14 284
14 288
14 292
14 293
14 297
14 302
14 320
14 328
14 333
14 341
14 343
14 348
14 352
14 362
14 368
14 379
14 385
14 409
14 418
14 422
14 425
14 434
14 438
14 439
14 462
14 463
14 465
14 469
14 478
14 499
14 505
14 510
14 516
14 532
14 540
14 544
14 545
14 564
14 573
14 576
14 586
14 626
14 628
14 637
14 642
14 646
14 675
14 695
14 274
15 16
15 17
15 18
15 19
15 20
15 21
15 23
15 25
15 27
15 30
15 31
15 32
15 34
15 36
15 37
15 40
15 42
15 43
15 45
15 49
15 54
15 58
15 61
15 65
15 66
15 70
15 71
15 72
15 73
15 76
15 81
15 82
15 89
15 90
15 91
15 98
15 107
15 119
15 122
15 123
15 127
15 142
15 145
15 149
15 154
15 155
15 160
15 170
15 171
15 175
15 187
15 190
15 192
15 203
15 206
15 215
15 217
15 221
15 228
15 233
15 244
15 248
15 256
15 271
15 281
15 283
15 284
15 285
15 286
15 301
15 304
15 325
15 326
15 328
15 329
15 341
15 366
15 393
15 400
15 425
15 431
15 444
15 447
15 454
15 467
15 468
15 479
15 494
15 496
15 512
15 514
15 516
15 517
15 521
15 527
15 532
15 537
15 539
15 548
15 556
15 563
15 564
15 572
15 574
15 577
15 596
15 597
15 598
15 601
15 607
15 610
15 628
15 639
15 678
15 680
15 692
16 17
16 18
16 19
16 20
16 21
16 24
16 25
16 27
16 28
16 30
16 33
16 35
16 36
16 38
16 40
16 41
16 42
16 46
16 48
16 50
16 51
16 52
16 57
16 58
16 64
16 66
16 67
16 69
16 73
16 79
16 83
16 85
16 90
16 96
16 99
16 101
16 104
16 106
16 107
16 113
16 115
16 116
16 117
16 120
16 122
16 123
16 125
16 129
16 130
16 131
16 138
16 139
16 140
16 143
16 154
16 157
16 158
16 166
16 170
16 171
16 175
16 176
16 177
16 178
16 180
16 188
16 189
16 191
16 192
16 193
16 194
16 197
16 199
16 200
16 209
16 211
16 212
16 217
16 222
16 232
16 252
16 253
16 254
16 256
16 260
16 267
16 268
16 271
16 281
16 283
16 296
16 314
16 323
16 329
16 340
16 349
16 355
16 361
16 363
16 365
16 372
16 373
16 374
16 385
16 406
16 408
16 411
16 413
16 418
16 419
16 428
16 431
16 433
16 437
16 438
16 440
16 450
16 453
16 459
16 484
16 491
16 496
16 498
16 499
16 504
16 511
16 513
16 519
16 525
16 533
16 534
16 536
16 541
16 545
16 573
16 575
16 577
16 582
16 583
16 589
16 634
16 643
16 647
16 653
16 659
16 660
16 676
16 91
16 382
16 427
17 18
17 19
17 20
17 21
17 22
17 23
17 26
17 27
17 28
17 29
17 30
17 33
17 34
17 35
17 36
17 39
17 42
17 44
17 47
17 50
17 54
17 55
17 58
17 60
17 61
17 62
17 69
17 74
17 80
17 82
17 84
17 85
17 92
17 94
17 95
17 98
17 99
17 104
17 107
17 109
17 112
17 129
17 133
17 134
17 138
17 139
17 143
17 145
17 146
17 147
17 157
17 158
17 160
17 165
17 176
17 177
17 181
17 184
17 187
17 191
17 194
17 195
17 207
17 222
17 226
17 242
17 246
17 250
17 251
17 253
17 258
17 274
17 287
17 290
17 292
17 295
17 297
17 302
17 303
17 324
17 325
17 329
17 332
17 341
17 347
17 350
17 351
17 352
17 355
17 362
17 376
17 398
17 401
17 426
17 430
17 441
17 442
17 450
17 458
17 476
17 479
17 492
17 497
17 504
17 510
17 516
17 519
17 520
17 536
17 544
17 566
17 567
17 575
17 581
17 587
17 589
17 593
17 594
17 627
17 637
17 644
17 648
17 658
17 660
17 673
17 682
17 683
17 686
17 694
18 19
18 20
18 21
18 22
18 24
18 25
18 26
18 30
18 31
18 32
18 33
18 36
18 37
18 38
18 39
18 40
18 41
18 43
18 44
18 46
18 47
18 49
18 50
18 51
18 55
18 57
18 59
18 65
18 69
18 71
18 73
18 81
18 82
18 83
18 86
18 88
18 93
18 96
18 97
18 110
18 113
18 114
18 117
18 119
18 125
18 126
18 130
18 133
18 134
18 136
18 154
18 156
18 161
18 165
18 181
18 184
18 185
18 186
18 190
18 197
18 203
18 207
18 210
18 213
18 218
18 225
18 228
18 232
18 235
18 243
18 244
18 248
18 250
18 253
18 257
18 262
18 266
18 272
18 274
18 275
18 287
18 304
18 307
18 311
18 313
18 314
18 318
18 327
18 330
18 332
18 337
18 338
18 343
18 344
18 346
18 354
18 356
18 360
18 371
18 383
18 391
18 395
18 406
18 417
18 448
18 456
18 459
18 466
18 467
18 491
18 493
18 529
18 531
18 534
18 549
18 558
18 563
18 585
18 589
18 591
18 607
18 610
18 622
18 634
18 635
18 636
18 640
18 654
18 662
18 668
18 696
18 412
19 21
19 22
19 24
19 25
19 27
19 28
19 29
19 31
19 33
19 34
19 35
19 36
19 50
19 51
19 56
19 62
19 63
19 68
19 75
19 80
19 81
19 87
19 98
19 106
19 119
19 121
19 132
19 134
19 173
19 179
19 192
19 193
19 210
19 222
19 226
19 233
19 291
19 296
19 299
19 313
19 327
19 328
19 332
19 335
19 346
19 352
19 400
19 403
19 410
19 458
19 504
19 515
19 520
19 538
19 553
19 566
19 642
19 647
19 650
20 21
20 22
20 24
20 25
20 27
20 28
20 30
20 31
20 32
20 33
20 35
20 38
20 41
20 42
20 50
20 52
20 53
20 60
20 61
20 63
20 65
20 66
20 72
20 74
20 78
20 82
20 84
20 85
20 90
20 93
20 98
20 104
20 110
20 111
20 116
20 118
20 119
20 121
20 127
20 130
20 131
20 132
20 135
20 138
20 143
20 146
20 152
20 155
20 159
20 163
20 165
20 185
20 189
20 202
20 203
20 204
20 205
20 208
20 212
20 227
20 228
20 238
20 249
20 255
20 260
20 276
20 277
20 290
20 292
20 308
20 310
20 311
20 315
20 324
20 336
20 338
20 340
20 345
20 355
20 363
20 368
20 374
20 380
20 390
20 391
20 403
20 411
20 418
20 433
20 457
20 458
20 464
20 482
20 495
20 523
20 530
20 531
20 535
20 538
20 548
20 551
20 554
20 583
20 591
20 600
20 602
20 604
20 610
20 627
20 656
20 661
20 666
20 667
20 585
20 320
21 22
21 23
21 24
21 26
21 28
21 30
21 31
21 32
21 33
21 34
21 35
21 36
21 38
21 41
21 42
21 48
21 53
21 56
21 58
21 62
21 63
21 67
21 69
21 70
21 71
21 72
21 82
21 84
21 85
21 87
21 88
21 89
21 90
21 91
21 96
21 97
21 99
21 102
21 103
21 109
21 117
21 121
21 124
21 138
21 142
21 143
21 150
21 151
21 154
21 158
21 166
21 167
21 172
21 182
21 186
21 188
21 203
21 204
21 206
21 211
21 212
21 218
21 220
21 226
21 228
21 245
21 250
21 251
21 259
21 262
21 274
21 275
21 277
21 279
21 281
21 286
21 316
21 317
21 321
21 322
21 339
21 340
21 348
21 349
21 351
21 359
21 371
21 397
21 412
21 420
21 421
21 428
21 440
21 441
21 449
21 451
21 452
21 455
21 479
21 481
21 485
21 489
21 511
21 513
21 527
21 533
21 535
21 536
21 564
21 570
21 575
21 582
21 591
21 597
21 603
21 607
21 608
21 623
21 626
21 629
21 633
21 636
21 655
21 667
21 674
21 684
21 687
21 524
22 23
22 24
22 25
22 26
22 28
22 32
22 39
22 41
22 47
22 51
22 54
22 60
22 61
22 67
22 70
22 71
22 84
22 88
22 89
22 94
22 95
22 97
22 100
22 101
22 104
22 105
22 111
22 126
22 133
22 134
22 140
22 149
22 157
22 160
22 167
22 182
22 184
22 185
22 202
22 215
22 220
22 223
22 247
22 252
22 266
22 278
22 317
22 321
22 324
22 336
22 342
22 359
22 361
22 385
22 392
22 393
22 416
22 438
22 455
22 462
22 470
22 476
22 487
22 521
22 526
22 554
22 577
22 582
22 595
22 604
22 614
22 627
22 654
22 666
22 678
22 679
22 685
22 690
22 671
23 25
23 26
23 27
23 28
23 30
23 31
23 32
23 33
23 35
23 36
23 39
23 40
23 42
23 44
23 46
23 48
23 51
23 52
23 54
23 55
23 68
23 70
23 77
23 87
23 92
23 96
23 99
23 100
23 101
23 106
23 107
23 113
23 124
23 132
23 133
23 140
23 142
23 143
23 148
23 153
23 157
23 161
23 162
23 167
23 175
23 182
23 184
23 186
23 188
23 190
23 207
23 210
23 213
23 218
23 219
23 222
23 223
23 228
23 232
23 238
23 239
23 256
23 260
23 264
23 267
23 272
23 281
23 282
23 284
23 290
23 310
23 324
23 329
23 330
23 332
23 339
23 358
23 361
23 383
23 386
23 397
23 402
23 409
23 424
23 430
23 441
23 450
23 454
23 465
23 481
23 490
23 500
23 501
23 511
23 533
23 538
23 542
23 595
23 596
23 612
23 613
23 615
23 641
23 645
23 668
23 670
23 672
23 681
23 684
23 685
24 25
24 27
24 29
24 30
24 34
24 40
24 41
24 42
24 43
24 46
24 47
24 48
24 53
24 54
24 57
24 58
24 62
24 63
24 70
24 71
24 77
24 83
24 88
24 94
24 110
24 113
24 135
24 138
24 141
24 144
24 151
24 156
24 159
24 161
24 176
24 195
24 196
24 197
24 201
24 234
24 255
24 256
24 265
24 268
24 274
24 281
24 287
24 297
24 313
24 323
24 325
24 344
24 410
24 421
24 422
24 426
24 546
24 585
24 610
24 613
24 634
24 636
24 641
24 679
25 27
25 28
25 29
25 31
25 33
25 34
25 37
25 38
25 40
25 43
25 46
25 52
25 61
25 65
25 67
25 71
25 87
25 91
25 95
25 98
25 100
25 101
25 102
25 104
25 105
25 114
25 115
25 118
25 128
25 129
25 156
25 163
25 175
25 177
25 182
25 195
25 197
25 204
25 215
25 224
25 226
25 230
25 233
25 239
25 240
25 249
25 250
25 256
25 258
25 279
25 294
25 329
25 331
25 342
25 354
25 376
25 380
25 386
25 395
25 399
25 413
25 424
25 434
25 439
25 448
25 462
25 484
25 533
25 556
25 560
25 568
25 579
25 603
25 612
25 620
25 650
25 682
25 688
25 158
26 28
26 30
26 32
26 33
26 34
26 35
26 36
26 39
26 45
26 47
26 48
26 50
26 52
26 53
26 55
26 56
26 58
26 59
26 64
26 68
26 70
26 71
26 74
26 76
26 77
26 79
26 80
26 83
26 88
26 89
26 103
26 105
26 115
26 116
26 126
26 133
26 140
26 143
26 146
26 148
26 150
26 154
26 163
26 165
26 168
26 178
26 183
26 189
26 194
26 198
26 201
26 203
26 204
26 205
26 211
26 226
26 244
26 258
26 269
26 275
26 278
26 292
26 303
26 307
26 312
26 315
26 317
26 334
26 337
26 345
26 354
26 367
26 368
26 380
26 381
26 385
26 389
26 391
26 440
26 449
26 477
26 483
26 497
26 505
26 510
26 514
26 515
26 521
26 522
26 538
26 541
26 544
26 568
26 571
26 589
26 618
26 631
26 633
26 649
26 668
26 676
26 679
26 681
26 688
27 29
27 31
27 32
27 34
27 40
27 42
27 53
27 56
27 64
27 79
27 90
27 92
27 93
27 95
27 101
27 120
27 143
27 153
27 155
27 158
27 160
27 164
27 168
27 172
27 180
27 186
27 193
27 223
27 231
27 248
27 257
27 278
27 285
27 294
27 300
27 322
27 343
27 344
27 350
27 379
27 395
27 400
27 425
27 431
27 436
27 442
27 475
27 535
27 542
27 585
27 600
27 610
27 642
27 653
27 666
27 517
28 29
28 30
28 31
28 34
28 35
28 37
28 38
28 39
28 43
28 46
28 48
28 50
28 51
28 55
28 56
28 57
28 74
28 75
28 77
28 82
28 84
28 85
28 87
28 88
28 97
28 99
28 109
28 111
28 118
28 120
28 125
28 126
28 152
28 153
28 162
28 173
28 175
28 180
28 188
28 194
28 205
28 209
28 216
28 220
28 230
28 239
28 240
28 253
28 255
28 258
28 261
28 278
28 296
28 306
28 308
28 323
28 339
28 349
28 350
28 352
28 373
28 378
28 382
28 385
28 404
28 405
28 407
28 417
28 421
28 434
28 439
28 444
28 453
28 462
28 470
28 472
28 473
28 505
28 512
28 513
28 532
28 534
28 547
28 556
28 582
28 592
28 595
28 606
28 612
28 647
28 648
28 649
28 650
28 666
28 675
28 677
28 683
28 693
28 195
28 622
28 660
29 32
29 41
29 45
29 46
29 48
29 51
29 56
29 57
29 61
29 67
29 78
29 79
29 84
29 86
29 91
29 94
29 107
29 109
29 126
29 132
29 133
29 134
29 141
29 142
29 157
29 161
29 172
29 174
29 199
29 200
29 202
29 210
29 222
29 223
29 227
29 232
29 246
29 248
29 252
29 293
29 312
29 319
29 333
29 335
29 344
29 353
29 375
29 390
29 392
29 408
29 418
29 497
29 540
29 547
29 592
29 600
29 619
29 626
29 631
29 633
29 641
29 687
29 692
29 347
30 58
30 59
30 60
30 77
30 88
30 91
30 97
30 99
30 110
30 119
30 132
30 137
30 138
30 151
30 183
30 184
30 198
30 203
30 248
30 293
30 311
30 317
30 319
30 342
30 350
30 372
30 373
30 393
30 396
30 441
30 454
30 472
30 483
30 561
30 563
30 584
30 590
30 593
30 612
30 649
30 339
30 230
31 40
31 42
31 43
31 47
31 49
31 57
31 59
31 66
31 73
31 74
31 78
31 94
31 98
31 103
31 122
31 124
31 128
31 131
31 142
31 146
31 148
31 166
31 200
31 212
31 214
31 224
31 247
31 254
31 264
31 268
31 293
31 304
31 309
31 334
31 337
31 400
31 413
31 419
31 426
31 435
31 440
31 452
31 474
31 485
31 488
31 493
31 523
31 524
31 526
31 528
31 562
31 567
31 571
31 576
31 587
31 592
31 613
31 617
31 621
31 679
31 697
32 33
32 34
32 35
32 38
32 39
32 43
32 50
32 56
32 63
32 64
32 69
32 71
32 73
32 77
32 81
32 92
32 94
32 96
32 97
32 101
32 102
32 103
32 105
32 107
32 118
32 124
32 126
32 131
32 132
32 139
32 144
32 148
32 151
32 158
32 163
32 174
32 178
32 189
32 200
32 212
32 218
32 231
32 249
32 280
32 308
32 312
32 315
32 323
32 325
32 357
32 358
32 360
32 364
32 372
32 383
32 389
32 394
32 404
32 405
32 413
32 419
32 423
32 437
32 438
32 460
32 461
32 473
32 488
32 509
32 510
32 528
32 532
32 543
32 546
32 564
32 601
32 602
32 622
32 627
32 655
32 673
32 674
32 676
32 678
32 683
32 690
33 35
33 36
33 37
33 39
33 41
33 42
33 48
33 49
33 50
33 51
33 55
33 65
33 66
33 71
33 73
33 74
33 79
33 80
33 87
33 92
33 93
33 125
33 152
33 155
33 157
33 179
33 190
33 199
33 215
33 219
33 237
33 244
33 276
33 292
33 296
33 304
33 313
33 321
33 345
33 348
33 352
33 376
33 395
33 396
33 420
33 421
33 442
33 463
33 470
33 471
33 474
33 511
33 518
33 549
33 585
33 601
33 607
33 130
34 35
34 38
34 39
34 43
34 49
34 54
34 59
34 60
34 61
34 63
34 65
34 78
34 79
34 81
34 84
34 96
34 103
34 127
34 130
34 137
34 148
34 151
34 158
34 159
34 162
34 164
34 183
34 190
34 215
34 223
34 224
34 229
34 238
34 255
34 263
34 265
34 266
34 270
34 272
34 282
34 286
34 288
34 289
34 290
34 293
34 305
34 310
34 340
34 348
34 356
34 362
34 367
34 372
34 381
34 384
34 398
34 403
34 415
34 423
34 441
34 460
34 462
34 493
34 495
34 502
34 529
34 534
34 541
34 562
34 569
34 570
34 595
34 604
34 623
34 665
34 669
34 671
34 673
34 683
34 699
34 359
34 447
35 45
35 46
35 55
35 62
35 70
35 77
35 83
35 84
35 85
35 88
35 99
35 101
35 116
35 120
35 123
35 131
35 133
35 140
35 151
35 178
35 179
35 188
35 198
35 199
35 202
35 206
35 207
35 210
35 213
35 217
35 227
35 243
35 245
35 247
35 266
35 269
35 284
35 320
35 338
35 343
35 345
35 355
35 365
35 379
35 405
35 410
35 422
35 436
35 437
35 469
35 472
35 481
35 514
35 527
35 552
35 560
35 562
35 577
35 591
35 598
35 606
35 610
35 616
35 620
35 622
35 637
35 645
35 666
35 302
36 39
36 41
36 44
36 49
36 55
36 60
36 63
36 65
36 81
36 107
36 117
36 137
36 147
36 158
36 184
36 204
36 208
36 238
36 297
36 298
36 306
36 310
36 339
36 348
36 361
36 379
36 412
36 431
36 478
36 491
36 540
36 545
36 562
36 571
36 600
36 663
36 685
36 696
36 698
36 603
36 634
36 321
37 44
37 46
37 48
37 52
37 53
37 56
37 57
37 59
37 62
37 67
37 70
37 80
37 81
37 82
37 91
37 95
37 111
37 118
37 123
37 125
37 128
37 146
37 163
37 178
37 180
37 187
37 204
37 205
37 209
37 210
37 212
37 213
37 214
37 234
37 239
37 277
37 278
37 284
37 291
37 333
37 336
37 348
37 358
37 378
37 383
37 388
37 404
37 413
37 425
37 434
37 444
37 457
37 460
37 480
37 482
37 492
37 493
37 505
37 508
37 511
37 547
37 576
37 586
37 634
37 654
37 680
37 684
37 664
37 203
38 39
38 45
38 47
38 71
38 74
38 82
38 85
38 86
38 93
38 115
38 130
38 135
38 144
38 153
38 188
38 208
38 221
38 230
38 265
38 267
38 273
38 313
38 364
38 388
38 390
38 401
38 448
38 467
38 470
38 497
38 534
38 616
38 619
38 657
38 670
38 672
39 41
39 46
39 48
39 59
39 60
39 62
39 63
39 69
39 85
39 92
39 95
39 96
39 100
39 114
39 120
39 121
39 128
39 130
39 134
39 156
39 158
39 174
39 175
39 177
39 195
39 204
39 225
39 236
39 264
39 282
39 297
39 317
39 328
39 335
39 338
39 344
39 349
39 355
39 389
39 444
39 511
39 516
39 524
39 554
39 558
39 566
39 581
39 592
39 631
39 636
39 657
39 663
39 678
39 695
39 506
40 43
40 44
40 56
40 57
40 62
40 68
40 71
40 72
40 80
40 96
40 102
40 115
40 122
40 125
40 130
40 139
40 141
40 146
40 157
40 164
40 166
40 169
40 176
40 186
40 199
40 202
40 215
40 219
40 222
40 224
40 225
40 227
40 240
40 276
40 278
40 282
40 285
40 298
40 301
40 311
40 348
40 355
40 365
40 366
40 369
40 382
40 396
40 398
40 436
40 446
40 453
40 492
40 500
40 509
40 554
40 571
40 589
40 592
40 615
40 636
40 658
40 695
40 529
41 43
41 54
41 57
41 67
41 72
41 79
41 83
41 87
41 107
41 110
41 118
41 124
41 127
41 143
41 145
41 148
41 159
41 166
41 196
41 217
41 227
41 232
41 234
41 236
41 256
41 259
41 262
41 269
41 274
41 285
41 287
41 316
41 317
41 320
41 370
41 396
41 416
41 426
41 463
41 481
41 508
41 521
41 601
41 628
41 639
41 642
41 658
41 662
41 671
41 672
41 683
41 291
41 647
41 661
41 241
42 49
42 53
42 58
42 64
42 66
42 68
42 72
42 76
42 79
42 83
42 87
42 96
42 97
42 98
42 110
42 119
42 123
42 125
42 135
42 136
42 147
42 149
42 150
42 169
42 171
42 173
42 176
42 179
42 182
42 191
42 205
42 216
42 230
42 231
42 233
42 239
42 240
42 241
42 263
42 273
42 282
42 296
42 301
42 307
42 331
42 351
42 358
42 360
42 364
42 370
42 371
42 409
42 413
42 414
42 421
42 429
42 455
42 456
42 460
42 474
42 496
42 504
42 544
42 558
42 563
42 570
42 577
42 593
42 598
42 607
42 613
42 619
42 630
42 658
42 666
42 697
43 45
43 47
43 52
43 63
43 89
43 97
43 137
43 142
43 180
43 184
43 211
43 237
43 262
43 276
43 280
43 289
43 358
43 411
43 437
43 445
43 470
43 481
43 528
43 535
43 553
43 564
43 565
43 580
43 695
43 602
44 49
44 51
44 52
44 55
44 61
44 64
44 65
44 69
44 78
44 82
44 85
44 102
44 110
44 112
44 142
44 153
44 165
44 169
44 170
44 172
44 190
44 193
44 195
44 199
44 206
44 223
44 232
44 263
44 290
44 312
44 320
44 334
44 350
44 351
44 370
44 371
44 382
44 402
44 415
44 430
44 443
44 484
44 486
44 493
44 511
44 528
44 551
44 623
44 631
44 657
44 668
44 553
45 46
45 49
45 50
45 54
45 55
45 56
45 61
45 66
45 68
45 72
45 76
45 80
45 89
45 91
45 95
45 100
45 101
45 110
45 111
45 126
45 133
45 136
45 145
45 156
45 162
45 173
45 194
45 200
45 215
45 236
45 254
45 270
45 272
45 275
45 295
45 305
45 342
45 360
45 381
45 384
45 389
45 416
45 419
45 429
45 468
45 474
45 492
45 494
45 513
45 517
45 525
45 530
45 567
45 583
45 594
45 631
45 617
46 58
46 60
46 69
46 79
46 93
46 98
46 103
46 109
46 126
46 127
46 141
46 169
46 204
46 221
46 263
46 285
46 300
46 304
46 306
46 357
46 398
46 434
46 447
46 515
46 523
46 552
46 557
46 582
46 637
46 690
47 52
47 73
47 86
47 103
47 115
47 120
47 123
47 137
47 138
47 163
47 170
47 171
47 196
47 197
47 201
47 208
47 209
47 214
47 224
47 225
47 237
47 240
47 244
47 257
47 265
47 275
47 279
47 292
47 352
47 363
47 376
47 382
47 390
47 400
47 401
47 432
47 440
47 466
47 471
47 482
47 488
47 537
47 547
47 549
47 662
47 665
48 60
48 67
48 76
48 78
48 84
48 100
48 104
48 109
48 124
48 151
48 158
48 161
48 182
48 184
48 198
48 200
48 244
48 302
48 412
48 419
48 457
48 479
48 500
48 505
48 509
48 512
48 526
48 544
48 550
48 552
48 566
48 608
48 611
48 641
48 681
49 50
49 51
49 54
49 57
49 63
49 65
49 66
49 86
49 136
49 144
49 157
49 173
49 201
49 244
49 246
49 254
49 255
49 272
49 275
49 300
49 317
49 358
49 392
49 477
49 491
49 507
49 514
49 522
49 561
49 595
49 641
49 674
49 685
49 690
49 292
50 58
50 62
50 75
50 77
50 81
50 86
50 87
50 98
50 104
50 117
50 136
50 141
50 143
50 156
50 172
50 176
50 208
50 240
50 260
50 279
50 288
50 289
50 323
50 353
50 356
50 370
50 406
50 436
50 440
50 483
50 505
50 506
50 518
50 523
50 624
50 636
50 661
50 663
50 667
50 678
51 55
51 63
51 64
51 67
51 68
51 72
51 105
51 106
51 115
51 122
51 126
51 127
51 135
51 137
51 154
51 163
51 166
51 168
51 190
51 198
51 235
51 236
51 281
51 293
51 313
51 326
51 342
51 356
51 359
51 366
51 383
51 404
51 424
51 427
51 460
51 464
51 502
51 506
51 513
51 523
51 524
51 533
51 595
51 597
51 610
51 638
51 646
51 647
51 675
51 314
51 357
52 54
52 68
52 85
52 86
52 94
52 99
52 106
52 153
52 161
52 162
52 171
52 172
52 190
52 208
52 230
52 243
52 259
52 260
52 265
52 272
52 298
52 304
52 308
52 334
52 344
52 359
52 367
52 370
52 374
52 375
52 397
52 405
52 417
52 475
52 529
52 540
52 603
52 651
52 677
53 60
53 72
53 91
53 93
53 102
53 128
53 130
53 145
53 172
53 187
53 214
53 220
53 255
53 259
53 295
53 325
53 369
53 418
53 501
53 540
53 575
53 667
53 676
53 610
53 490
54 55
54 63
54 64
54 66
54 75
54 76
54 78
54 93
54 113
54 129
54 135
54 148
54 164
54 260
54 267
54 273
54 285
54 305
54 327
54 363
54 366
54 422
54 426
54 438
54 460
54 478
54 497
54 511
54 530
54 549
54 551
54 613
54 619
54 650
54 657
54 663
54 680
54 528
55 56
55 68
55 71
55 73
55 76
55 86
55 91
55 97
55 101
55 102
55 104
55 127
55 143
55 149
55 156
55 163
55 182
55 192
55 202
55 224
55 259
55 271
55 278
55 287
55 306
55 312
55 314
55 328
55 356
55 362
55 382
55 407
55 432
55 442
55 447
55 450
55 452
55 472
55 473
55 488
55 494
55 516
55 534
55 538
55 571
55 572
55 613
55 644
55 680
55 684
56 65
56 69
56 90
56 92
56 94
56 108
56 114
56 116
56 119
56 121
56 124
56 126
56 160
56 165
56 168
56 182
56 186
56 195
56 224
56 237
56 248
56 261
56 262
56 289
56 304
56 330
56 339
56 419
56 436
56 438
56 512
56 525
56 583
56 609
56 615
56 616
56 646
56 652
56 665
56 694
56 181
56 337
57 61
57 69
57 73
57 96
57 103
57 122
57 145
57 152
57 200
57 225
57 246
57 288
57 291
57 311
57 343
57 431
57 433
57 487
57 531
57 564
57 586
57 596
57 632
57 652
57 669
57 697
58 64
58 71
58 73
58 76
58 78
58 79
58 81
58 85
58 90
58 91
58 100
58 110
58 119
58 126
58 139
58 150
58 153
58 156
58 160
58 172
58 177
58 191
58 219
58 238
58 256
58 283
58 300
58 333
58 338
58 369
58 406
58 411
58 437
58 489
58 497
58 498
58 505
58 518
58 550
58 578
58 602
58 643
58 675
58 684
58 449
59 62
59 75
59 82
59 98
59 111
59 115
59 116
59 118
59 141
59 152
59 171
59 229
59 231
59 274
59 314
59 331
59 348
59 355
59 374
59 442
59 459
59 528
59 531
59 536
59 552
59 596
59 618
59 699
60 70
60 80
60 81
60 89
60 139
60 140
60 148
60 152
60 165
60 171
60 180
60 181
60 213
60 228
60 242
60 251
60 255
60 260
60 294
60 295
60 301
60 377
60 395
60 446
60 451
60 461
60 516
60 551
60 553
60 568
60 588
60 593
60 613
60 614
60 692
61 75
61 92
61 93
61 98
61 105
61 108
61 113
61 145
61 185
61 268
61 315
61 336
61 338
61 362
61 428
61 439
61 458
61 474
61 487
61 503
61 504
61 533
61 552
61 584
61 616
61 654
61 692
62 81
62 87
62 88
62 93
62 100
62 104
62 128
62 131
62 141
62 148
62 164
62 181
62 184
62 222
62 226
62 257
62 270
62 277
62 293
62 294
62 310
62 312
62 335
62 350
62 373
62 414
62 429
62 431
62 475
62 482
62 492
62 493
62 509
62 539
62 560
62 595
62 634
62 644
62 694
62 180
62 255
63 65
63 66
63 77
63 80
63 82
63 89
63 96
63 99
63 105
63 108
63 112
63 121
63 132
63 134
63 136
63 138
63 144
63 154
63 155
63 159
63 169
63 187
63 189
63 220
63 226
63 253
63 268
63 280
63 286
63 289
63 301
63 305
63 312
63 332
63 367
63 368
63 385
63 386
63 387
63 391
63 399
63 401
63 424
63 435
63 441
63 442
63 470
63 480
63 497
63 510
63 526
63 531
63 561
63 570
63 573
63 618
63 678
64 88
64 123
64 147
64 152
64 190
64 209
64 219
64 327
64 369
64 439
64 474
64 555
64 664
64 148
65 70
65 83
65 86
65 94
65 101
65 106
65 114
65 118
65 119
65 132
65 135
65 147
65 148
65 165
65 171
65 191
65 194
65 201
65 205
65 206
65 208
65 245
65 258
65 260
65 262
65 282
65 286
65 291
65 292
65 309
65 344
65 380
65 384
65 390
65 392
65 396
65 408
65 413
65 416
65 422
65 432
65 444
65 445
65 455
65 463
65 479
65 483
65 509
65 512
65 527
65 532
65 556
65 573
65 611
65 617
65 642
65 665
65 680
65 697
65 142
65 210
65 277
65 312
66 100
66 111
66 114
66 137
66 147
66 174
66 176
66 187
66 198
66 262
66 301
66 317
66 330
66 368
66 449
66 617
66 424
67 76
67 78
67 90
67 102
67 149
67 169
67 174
67 186
67 192
67 218
67 247
67 249
67 276
67 278
67 311
67 321
67 329
67 366
67 372
67 447
67 468
67 577
67 602
67 615
67 636
67 642
67 664
67 699
67 665
68 90
68 99
68 107
68 121
68 127
68 129
68 146
68 165
68 171
68 204
68 214
68 236
68 237
68 238
68 268
68 292
68 308
68 322
68 341
68 344
68 353
68 355
68 361
68 365
68 392
68 399
68 400
68 421
68 450
68 451
68 519
68 527
68 533
68 537
68 542
68 579
68 585
68 586
68 587
68 599
68 642
68 653
68 659
68 668
69 99
69 119
69 174
69 197
69 236
69 250
69 319
69 331
69 456
69 526
69 531
69 623
69 646
70 76
70 83
70 102
70 112
70 117
70 194
70 250
70 307
70 318
70 326
70 366
70 367
70 396
70 400
70 407
70 443
70 453
70 477
70 670
71 73
71 75
71 80
71 99
71 117
71 129
71 170
71 173
71 190
71 193
71 271
71 285
71 334
71 338
71 421
71 453
71 478
71 514
71 521
71 568
71 572
71 590
71 591
71 619
72 74
72 75
72 80
72 95
72 109
72 146
72 153
72 189
72 204
72 240
72 255
72 263
72 267
72 278
72 298
72 318
72 390
72 411
72 414
72 528
72 548
72 575
73 74
73 75
73 76
73 92
73 115
73 121
73 149
73 155
73 162
73 164
73 175
73 177
73 182
73 185
73 191
73 222
73 226
73 269
73 270
73 273
73 346
73 348
73 359
73 365
73 384
73 441
73 457
73 475
73 508
73 531
73 575
73 624
73 628
74 77
74 79
74 80
74 83
74 100
74 103
74 116
74 117
74 140
74 144
74 145
74 154
74 156
74 160
74 165
74 167
74 181
74 191
74 204
74 205
74 212
74 216
74 218
74 224
74 225
74 244
74 247
74 260
74 275
74 283
74 343
74 347
74 357
74 398
74 438
74 478
74 494
74 509
74 574
74 597
74 608
74 609
74 635
74 644
75 89
75 104
75 106
75 109
75 113
75 135
75 155
75 170
75 174
75 175
75 176
75 192
75 227
75 241
75 251
75 257
75 265
75 270
75 310
75 322
75 366
75 386
75 390
75 404
75 405
75 408
75 410
75 463
75 485
75 495
75 498
75 500
75 503
75 504
75 536
75 579
75 619
75 655
75 686
75 316
76 78
76 79
76 81
76 83
76 84
76 92
76 101
76 107
76 121
76 129
76 171
76 198
76 212
76 228
76 269
76 288
76 296
76 299
76 326
76 340
76 401
76 432
76 447
76 475
76 477
76 504
76 555
76 559
76 566
76 568
76 625
76 629
76 654
76 274
77 93
77 111
77 116
77 131
77 132
77 139
77 143
77 148
77 151
77 168
77 190
77 192
77 203
77 214
77 224
77 228
77 229
77 236
77 252
77 256
77 301
77 331
77 334
77 350
77 379
77 448
77 489
77 492
77 499
77 509
77 533
77 544
77 559
77 565
77 572
77 573
77 579
77 592
77 594
77 662
78 97
78 108
78 134
78 141
78 154
78 166
78 179
78 196
78 200
78 248
78 309
78 326
78 343
78 387
78 403
78 413
78 435
78 446
78 456
78 490
78 517
78 534
78 602
78 626
78 671
78 692
79 84
79 86
79 95
79 117
79 119
79 132
79 145
79 157
79 173
79 215
79 247
79 264
79 272
79 303
79 313
79 316
79 352
79 361
79 402
79 413
79 440
79 450
79 464
79 472
79 554
79 595
79 670
79 697
79 698
80 89
80 92
80 93
80 109
80 111
80 146
80 181
80 185
80 210
80 286
80 287
80 394
80 409
80 416
80 419
80 455
80 475
80 482
80 488
80 491
80 651
80 697
81 101
81 102
81 108
81 115
81 145
81 184
81 223
81 249
81 263
81 268
81 307
81 367
81 411
81 420
81 466
81 491
81 510
81 525
81 565
81 588
81 604
81 627
81 657
81 677
81 576
81 390
82 87
82 150
82 155
82 186
82 216
82 225
82 249
82 269
82 299
82 303
82 347
82 353
82 424
82 446
82 448
82 476
82 506
82 569
82 577
82 584
82 610
82 616
82 630
82 647
83 85
83 88
83 89
83 104
83 111
83 183
83 195
83 198
83 211
83 234
83 253
83 269
83 273
83 281
83 326
83 333
83 372
83 419
83 455
83 472
83 515
83 546
83 553
83 570
83 573
83 609
84 103
84 106
84 113
84 169
84 201
84 211
84 222
84 230
84 232
84 234
84 319
84 373
84 382
84 462
84 535
84 548
84 559
84 661
84 526
85 133
85 189
85 220
85 231
85 262
85 320
85 416
85 448
85 454
85 465
85 539
85 670
85 491
86 105
86 108
86 189
86 228
86 291
86 300
86 319
86 353
86 386
86 411
86 438
86 467
86 483
86 666
86 176
87 106
87 112
87 132
87 136
87 142
87 150
87 156
87 166
87 169
87 268
87 272
87 287
87 296
87 333
87 349
87 357
87 379
87 382
87 448
87 468
87 562
87 665
87 677
87 693
87 699
88 90
88 97
88 124
88 153
88 157
88 159
88 166
88 172
88 199
88 206
88 235
88 243
88 244
88 245
88 257
88 269
88 282
88 285
88 289
88 324
88 332
88 345
88 352
88 361
88 366
88 381
88 420
88 497
88 550
88 555
88 606
88 678
88 684
89 91
89 95
89 168
89 170
89 172
89 183
89 195
89 196
89 208
89 213
89 221
89 242
89 249
89 256
89 265
89 283
89 321
89 338
89 351
89 360
89 373
89 414
89 440
89 444
89 484
89 490
89 510
89 514
89 544
89 643
89 661
89 662
90 93
90 94
90 95
90 98
90 107
90 111
90 114
90 137
90 141
90 150
90 178
90 188
90 217
90 219
90 227
90 282
90 337
90 349
90 351
90 371
90 428
90 467
90 513
90 515
90 532
90 590
90 595
90 598
90 615
90 643
90 658
90 661
90 687
91 110
91 129
91 137
91 161
91 174
91 178
91 183
91 185
91 206
91 213
91 226
91 248
91 302
91 378
91 422
91 431
91 490
91 561
91 563
91 588
91 589
91 591
91 654
92 103
92 105
92 108
92 112
92 116
92 134
92 140
92 141
92 236
92 237
92 267
92 289
92 335
92 346
92 351
92 367
92 383
92 423
92 447
92 487
92 533
92 559
92 609
92 643
93 96
93 112
93 114
93 118
93 122
93 139
93 147
93 151
93 156
93 159
93 180
93 192
93 205
93 230
93 249
93 258
93 293
93 328
93 346
93 383
93 427
93 443
93 478
93 495
93 512
93 517
93 548
93 640
93 654
93 676
93 688
94 112
94 132
94 134
94 146
94 183
94 212
94 216
94 220
94 261
94 277
94 328
94 342
94 355
94 377
94 391
94 406
94 415
94 451
94 583
94 592
94 614
94 616
94 624
94 626
94 639
94 691
94 339
95 106
95 108
95 109
95 119
95 134
95 145
95 178
95 182
95 185
95 202
95 210
95 214
95 251
95 253
95 258
95 299
95 300
95 314
95 315
95 358
95 363
95 390
95 400
95 402
95 411
95 466
95 495
95 500
95 527
95 553
95 558
95 593
95 626
95 641
95 656
95 663
95 406
96 106
96 113
96 121
96 125
96 129
96 150
96 160
96 165
96 186
96 194
96 200
96 228
96 232
96 243
96 277
96 288
96 310
96 375
96 436
96 509
96 520
96 537
96 543
96 661
96 669
96 682
96 454
97 102
97 103
97 113
97 115
97 138
97 142
97 153
97 155
97 168
97 210
97 251
97 258
97 305
97 336
97 381
97 398
97 427
97 433
97 534
97 638
97 662
97 678
98 106
98 108
98 113
98 115
98 120
98 128
98 144
98 149
98 158
98 166
98 212
98 245
98 273
98 295
98 341
98 347
98 348
98 354
98 370
98 395
98 483
98 486
98 612
98 632
98 639
98 653
99 109
99 114
99 124
99 184
99 188
99 193
99 199
99 201
99 204
99 301
99 324
99 374
99 402
99 452
99 466
99 552
99 568
99 627
99 686
99 587
100 110
100 114
100 136
100 144
100 155
100 156
100 159
100 179
100 197
100 202
100 208
100 219
100 226
100 250
100 259
100 328
100 345
100 347
100 376
100 389
100 427
100 477
100 544
100 594
100 692
101 105
101 127
101 153
101 231
101 235
101 263
101 304
101 319
101 334
101 391
101 407
101 445
101 453
101 476
101 480
101 487
101 495
101 510
101 541
101 552
101 580
101 661
101 673
101 682
101 369
102 111
102 152
102 204
102 221
102 235
102 243
102 384
102 423
103 106
103 124
103 167
103 216
103 225
103 253
103 327
103 330
103 334
103 339
103 368
103 388
103 402
103 412
103 442
103 470
103 492
103 519
103 547
103 580
103 597
103 599
103 632
103 636
103 651
104 105
104 116
104 127
104 137
104 159
104 160
104 174
104 175
104 179
104 185
104 263
104 286
104 306
104 316
104 334
104 353
104 404
104 452
104 471
104 480
104 488
104 490
104 503
104 512
104 536
104 678
104 238
105 118
105 123
105 207
105 214
105 231
105 238
105 258
105 260
105 264
105 325
105 344
105 352
105 360
105 420
105 463
105 481
105 562
105 563
105 582
105 646
105 655
105 671
105 680
106 157
106 177
106 218
106 220
106 249
106 280
106 311
106 314
106 345
106 360
106 385
106 407
106 466
106 506
106 508
106 616
106 624
106 677
106 549
106 265
107 130
107 139
107 143
107 173
107 177
107 183
107 187
107 282
107 283
107 288
107 345
107 363
107 365
107 456
107 460
107 560
107 622
107 663
107 685
107 261
108 113
108 114
108 120
108 128
108 129
108 158
108 159
108 165
108 167
108 172
108 179
108 199
108 206
108 209
108 213
108 216
108 239
108 253
108 258
108 285
108 286
108 323
108 344
108 375
108 386
108 387
108 410
108 412
108 420
108 422
108 426
108 427
108 429
108 450
108 493
108 497
108 522
108 524
108 528
108 532
108 534
108 621
108 622
108 649
108 664
108 671
108 689
108 584
109 117
109 125
109 161
109 193
109 203
109 212
109 218
109 226
109 234
109 236
109 249
109 250
109 254
109 260
109 262
109 277
109 315
109 330
109 342
109 375
109 403
109 408
109 409
109 421
109 435
109 447
109 456
109 470
109 478
109 501
109 513
109 517
109 520
109 545
109 554
109 558
109 581
109 586
109 593
109 608
109 619
109 627
109 684
109 696
109 698
110 122
110 128
110 151
110 193
110 196
110 206
110 287
110 309
110 356
110 360
110 365
110 370
110 372
110 380
110 383
110 394
110 401
110 430
110 437
110 459
110 469
110 503
110 522
110 554
110 564
110 584
110 598
110 235
111 118
111 125
111 153
111 180
111 183
111 185
111 202
111 227
111 276
111 299
111 308
111 326
111 406
111 446
111 447
111 471
111 483
111 509
111 541
111 563
111 647
111 677
111 209
112 114
112 116
112 147
112 152
112 178
112 186
112 237
112 244
112 267
112 294
112 297
112 314
112 327
112 332
112 420
112 446
112 449
112 466
112 514
112 517
112 521
112 531
112 537
112 551
112 567
112 598
112 655
112 671
112 290
113 130
113 160
113 171
113 180
113 195
113 196
113 218
113 229
113 254
113 286
113 324
113 326
113 347
113 364
113 376
113 379
113 398
113 415
113 430
113 449
113 468
113 496
113 550
113 600
114 117
114 146
114 160
114 203
114 224
114 233
114 247
114 295
114 327
114 330
114 338
114 443
114 458
114 517
114 537
114 576
114 578
114 543
114 197
114 250
115 123
115 129
115 136
115 174
115 175
115 177
115 225
115 232
115 235
115 347
115 348
115 380
115 491
115 509
115 569
115 571
115 588
115 648
116 123
116 142
116 144
116 149
116 150
116 169
116 191
116 248
116 252
116 257
116 355
116 461
116 520
116 535
116 599
116 394
117 226
117 252
117 256
117 266
117 365
117 370
117 373
117 374
117 384
117 423
117 435
117 445
117 465
117 531
117 551
117 571
117 684
117 688
117 692
117 694
117 611
117 677
118 135
118 143
118 174
118 175
118 220
118 235
118 242
118 340
118 342
118 345
118 378
118 406
118 438
118 452
118 493
118 532
118 535
118 541
118 566
118 569
118 579
118 669
118 683
118 691
118 609
119 125
119 135
119 144
119 182
119 245
119 247
119 271
119 273
119 289
119 305
119 316
119 318
119 321
119 352
119 368
119 406
119 424
119 435
119 461
119 465
119 485
119 493
119 569
119 625
119 660
119 684
119 692
120 124
120 157
120 161
120 242
120 265
120 306
120 353
120 382
120 387
120 398
120 410
120 445
120 459
120 526
120 540
120 541
120 542
120 555
120 586
120 634
120 644
120 647
121 122
121 133
121 164
121 188
121 207
121 211
121 230
121 250
121 252
121 280
121 322
121 383
121 407
121 414
121 428
121 499
121 591
121 610
121 633
122 229
122 258
122 305
122 450
122 644
122 664
122 673
123 125
123 193
123 194
123 209
123 220
123 280
123 294
123 316
123 317
123 339
123 377
123 389
123 397
123 474
123 479
123 513
123 584
123 590
123 625
123 652
123 147
124 140
124 142
124 155
124 164
124 191
124 199
124 239
124 245
124 258
124 286
124 309
124 346
124 363
124 375
124 377
124 392
124 406
124 455
124 462
124 541
124 611
124 675
124 691
125 135
125 185
125 194
125 215
125 237
125 242
125 284
125 295
125 334
125 441
125 449
125 470
125 479
125 520
125 629
125 426
126 133
126 140
126 146
126 171
126 175
126 176
126 202
126 218
126 241
126 244
126 263
126 264
126 272
126 273
126 287
126 292
126 300
126 339
126 357
126 433
126 442
126 504
126 510
126 537
126 557
126 597
126 612
126 613
126 638
126 642
126 656
126 353
127 131
127 136
127 149
127 153
127 168
127 189
127 207
127 225
127 238
127 247
127 253
127 254
127 255
127 279
127 288
127 308
127 351
127 387
127 401
127 416
127 421
127 426
127 431
127 437
127 459
127 463
127 482
127 490
127 492
127 527
127 581
127 603
127 614
127 637
127 639
127 653
127 668
127 673
127 689
127 699
127 145
128 139
128 160
128 161
128 178
128 186
128 187
128 207
128 232
128 233
128 255
128 284
128 337
128 538
128 609
128 655
128 672
128 198
129 136
129 149
129 155
129 231
129 261
129 269
129 281
129 295
129 340
129 351
129 364
129 386
129 388
129 407
129 429
129 485
129 512
129 546
129 584
129 608
129 640
129 687
129 699
129 605
130 154
130 229
130 242
130 253
130 282
130 455
130 500
130 599
130 611
130 646
130 668
131 135
131 142
131 144
131 164
131 242
131 248
131 257
131 289
131 415
131 416
131 501
131 549
131 551
131 609
131 611
131 617
131 632
131 644
131 689
132 234
132 236
132 240
132 269
132 272
132 290
132 346
132 429
132 433
132 440
132 456
132 470
132 591
132 603
132 631
132 636
132 646
132 505
133 137
133 191
133 234
133 279
133 308
133 325
133 338
133 344
133 462
133 477
133 631
133 681
133 688
134 151
134 199
134 217
134 241
134 303
134 307
134 349
134 369
134 393
134 486
134 528
134 529
134 540
134 546
135 150
135 161
135 170
135 249
135 274
135 284
135 302
135 317
135 371
135 450
135 452
135 478
135 567
135 575
135 579
135 611
136 138
136 147
136 169
136 207
136 255
136 286
136 290
136 299
136 367
136 423
136 435
136 460
136 479
136 504
136 508
136 637
136 655
136 656
136 668
136 671
136 225
137 142
137 188
137 205
137 225
137 231
137 254
137 266
137 292
137 299
137 377
137 398
137 474
137 605
137 625
137 664
137 675
137 676
138 139
138 178
138 230
138 246
138 251
138 300
138 305
138 308
138 402
138 417
138 476
138 559
138 561
138 650
139 166
139 179
139 259
139 294
139 303
139 342
139 349
139 353
139 489
139 540
139 652
140 151
140 162
140 176
140 192
140 211
140 237
140 268
140 291
140 418
140 422
140 503
140 505
140 550
140 585
140 597
140 643
141 145
141 155
141 170
141 209
141 239
141 254
141 330
141 456
141 588
141 607
141 632
141 649
141 653
141 674
141 696
141 462
142 162
142 168
142 206
142 208
142 241
142 279
142 301
142 318
142 319
142 350
142 364
142 387
142 418
142 469
142 471
142 501
142 507
142 516
142 517
142 544
142 554
142 557
142 582
142 606
142 663
142 665
142 669
142 684
142 693
143 149
143 229
143 312
143 335
143 356
143 392
143 397
143 439
143 473
143 500
143 504
143 534
143 558
143 611
143 624
143 626
143 635
144 150
144 198
144 229
144 280
144 299
144 317
144 321
144 340
144 353
144 441
144 451
144 475
144 496
144 525
144 546
144 586
144 601
144 610
144 666
144 672
145 167
145 200
145 201
145 211
145 213
145 215
145 276
145 298
145 339
145 343
145 498
145 558
145 562
145 597
145 624
145 662
145 674
145 680
146 191
146 196
146 219
146 223
146 233
146 235
146 252
146 280
146 299
146 313
146 325
146 360
146 427
146 622
147 160
147 176
147 201
147 233
147 245
147 259
147 275
147 365
147 381
147 387
147 397
147 472
147 524
147 530
147 564
147 565
147 572
147 605
147 665
147 692
147 168
148 156
148 162
148 164
148 167
148 169
148 176
148 208
148 238
148 270
148 290
148 295
148 306
148 307
148 311
148 339
148 341
148 369
148 423
148 445
148 523
148 532
148 537
148 587
148 593
148 599
148 602
148 633
149 161
149 170
149 217
149 224
149 230
149 235
149 254
149 268
149 273
149 333
149 394
149 467
149 474
149 509
149 532
149 635
149 696
149 698
149 511
150 213
150 237
150 267
150 347
150 384
150 399
150 438
150 558
150 579
150 581
150 618
150 651
151 179
151 201
151 248
151 261
151 265
151 304
151 322
151 373
151 398
151 413
151 484
151 508
151 679
151 682
151 697
151 579
152 181
152 274
152 315
152 429
152 432
152 511
152 547
152 551
153 221
153 229
153 300
153 360
153 377
153 395
153 412
153 523
153 583
153 641
154 197
154 213
154 228
154 294
154 309
154 320
154 331
154 348
154 387
154 413
154 417
154 419
154 484
154 523
154 543
154 577
154 592
154 630
154 416
155 164
155 167
155 206
155 229
155 239
155 246
155 273
155 278
155 301
155 303
155 310
155 313
155 380
155 389
155 430
155 474
155 534
155 560
155 573
155 598
155 606
155 624
155 635
155 681
156 222
156 225
156 268
156 321
156 332
156 333
156 354
156 424
156 457
156 498
156 561
157 159
157 181
157 183
157 185
157 205
157 208
157 218
157 219
157 243
157 245
157 246
157 287
157 294
157 346
157 379
157 395
157 425
157 445
157 464
157 476
157 487
157 490
157 491
157 492
157 502
157 515
157 529
157 530
157 536
157 550
157 572
157 584
157 614
157 645
157 666
158 262
158 316
158 319
158 322
158 336
158 424
158 535
158 548
158 552
158 641
158 651
158 662
159 203
159 219
159 232
159 283
159 312
159 341
159 342
159 391
159 415
159 481
159 565
159 507
160 168
160 189
160 212
160 221
160 223
160 368
160 569
160 652
160 682
161 164
161 201
161 208
161 214
161 258
161 264
161 270
161 274
161 276
161 290
161 331
161 436
161 441
161 480
161 486
161 502
161 517
161 554
161 565
161 583
161 585
161 590
161 603
161 612
161 620
161 627
161 659
162 163
162 173
162 197
162 207
162 245
162 253
162 264
162 279
162 293
162 308
162 316
162 338
162 346
162 349
162 362
162 365
162 373
162 407
162 419
162 468
162 508
162 557
162 585
162 599
162 658
162 695
163 195
163 271
163 277
163 290
163 350
163 356
163 357
163 382
163 477
163 622
163 626
163 641
163 685
164 166
164 181
164 183
164 196
164 209
164 211
164 239
164 246
164 254
164 278
164 300
164 305
164 324
164 359
164 393
164 395
164 455
164 472
164 486
164 492
164 513
164 525
164 539
164 585
164 596
164 601
164 620
164 624
164 631
164 637
164 650
164 681
165 202
165 283
165 291
165 371
165 386
165 435
165 447
165 454
165 615
165 684
165 464
166 185
166 206
166 246
166 284
166 299
166 427
166 434
166 608
166 649
166 672
166 640
167 189
167 256
167 286
167 295
167 331
167 424
167 428
167 444
167 461
167 537
167 546
167 590
167 642
167 650
167 659
167 672
168 177
168 217
168 281
168 296
168 324
168 341
168 410
168 434
168 445
168 473
168 478
168 505
168 579
168 595
168 599
168 639
168 645
168 660
168 664
169 181
169 187
169 214
169 261
169 318
169 473
169 538
169 651
170 205
170 216
170 234
170 425
170 548
170 679
171 179
171 227
171 230
171 241
171 251
171 296
171 302
171 315
171 318
171 346
171 388
171 408
171 414
171 415
171 427
171 452
171 471
171 544
171 584
171 621
171 656
171 670
172 182
172 235
172 280
172 292
172 388
172 397
172 562
172 566
172 676
172 216
173 217
173 249
173 281
173 336
173 357
173 409
173 420
173 461
173 469
173 554
173 576
173 602
173 630
173 676
173 697
174 222
174 254
174 255
174 310
174 339
174 409
174 414
174 426
174 433
174 572
174 573
174 578
174 586
174 642
174 645
174 685
174 691
174 536
175 212
175 222
175 264
175 270
175 308
175 314
175 335
175 353
175 383
175 394
175 448
175 459
175 507
175 553
175 598
175 611
175 622
175 640
175 669
175 650
176 223
176 245
176 272
176 282
176 327
176 337
176 342
176 354
176 404
176 540
176 562
176 678
177 196
177 234
177 396
177 446
177 523
178 180
178 198
178 215
178 218
178 256
178 292
178 298
178 307
178 315
178 330
178 367
178 403
178 430
178 467
178 469
178 507
178 512
178 533
178 601
178 660
178 687
178 690
179 220
179 240
179 264
179 283
179 417
179 464
179 467
179 473
180 196
180 219
180 221
180 233
180 237
180 261
180 276
180 294
180 461
180 503
180 536
180 567
180 575
180 588
181 194
181 202
181 210
181 217
181 234
181 251
181 277
181 291
181 306
181 320
181 359
181 364
181 386
181 401
181 454
181 489
181 497
181 524
181 525
181 556
181 698
182 203
182 232
182 261
182 276
182 299
182 317
182 389
182 456
182 551
182 589
182 648
182 673
182 699
182 658
183 200
183 223
183 227
183 267
183 271
183 309
183 386
183 395
183 490
183 573
183 589
183 596
183 630
183 675
184 274
184 305
184 340
184 370
184 499
184 559
184 572
185 187
185 209
185 231
185 260
185 266
185 323
185 357
185 373
185 457
185 474
185 506
185 660
186 191
186 229
186 233
186 238
186 239
186 241
186 243
186 246
186 279
186 297
186 312
186 316
186 326
186 328
186 362
186 370
186 378
186 411
186 465
186 618
186 642
186 670
186 693
187 232
187 298
187 332
187 362
187 381
187 386
187 422
187 481
187 630
187 640
187 653
187 385
188 218
188 250
188 299
188 306
188 327
188 355
188 360
188 390
188 394
188 418
188 445
188 446
188 485
188 503
188 530
188 620
188 644
188 667
189 263
189 270
189 306
189 327
189 329
189 333
189 344
189 395
189 414
189 477
189 507
189 536
189 556
189 612
190 224
190 242
190 279
190 302
190 391
190 394
190 454
190 479
190 504
190 533
190 623
190 630
191 193
191 203
191 290
191 408
191 428
191 460
191 512
191 525
191 632
191 688
192 215
192 279
192 284
192 323
192 336
192 552
192 581
192 285
193 198
193 211
193 430
193 457
193 553
193 574
194 233
194 239
194 267
194 318
194 331
194 361
194 368
194 384
194 387
194 402
194 417
194 432
194 486
194 516
194 540
194 565
194 567
194 590
194 596
194 605
194 696
195 214
195 275
195 379
195 516
195 684
195 691
196 199
196 247
196 250
196 303
196 399
196 494
196 524
196 555
196 565
196 567
196 575
197 216
197 248
197 274
197 294
197 330
197 366
197 372
197 377
197 383
197 408
197 434
197 440
197 458
197 546
197 574
197 695
198 242
198 275
198 288
198 311
198 324
198 329
198 348
198 357
198 360
198 364
198 365
198 374
198 378
198 428
198 449
198 519
198 594
198 629
199 200
199 205
199 310
199 312
199 358
199 368
199 370
199 375
199 437
199 448
199 495
199 498
199 539
199 633
200 206
200 226
200 246
200 273
200 374
200 404
200 405
200 439
200 489
200 519
200 523
200 565
201 209
201 219
201 233
201 285
201 376
201 454
201 515
201 576
201 608
202 323
202 370
202 435
202 471
202 556
203 221
203 227
203 263
203 264
203 307
203 353
203 363
203 384
203 596
204 216
204 224
204 238
204 383
204 412
204 418
204 451
204 455
204 459
204 485
204 543
204 623
205 301
205 346
205 508
205 596
205 603
205 657
205 522
206 328
206 341
206 364
206 585
206 647
207 244
207 251
207 286
207 287
207 289
207 357
207 431
207 449
207 482
207 560
207 582
207 600
207 607
207 648
207 658
207 273
208 213
208 259
208 315
208 434
208 478
208 538
208 553
208 555
208 562
208 568
208 698
209 245
209 304
209 314
209 325
209 375
209 399
209 431
209 450
209 486
209 494
209 598
209 638
210 319
210 373
210 636
210 647
210 674
211 240
211 362
211 390
211 391
211 435
211 478
211 487
211 590
211 637
211 658
212 220
212 252
212 270
212 330
212 346
212 382
212 531
212 629
212 655
212 571
213 321
213 403
213 480
213 492
213 506
213 527
213 542
213 603
213 679
214 250
214 256
214 302
214 372
214 374
214 396
214 407
214 452
214 459
214 543
214 625
214 649
214 653
214 222
215 219
215 234
215 240
215 269
215 341
215 384
215 393
215 421
215 442
215 471
215 539
215 546
215 573
215 622
215 623
215 625
215 686
216 257
216 296
216 307
216 320
216 321
216 332
216 378
216 394
216 397
216 404
216 411
216 443
216 500
216 508
216 527
216 652
216 653
216 667
216 672
217 277
217 288
217 378
217 382
217 465
217 512
217 610
217 645
217 651
218 231
218 249
218 252
218 262
218 271
218 306
218 323
218 374
218 405
218 470
218 553
218 565
218 587
218 637
218 672
219 338
219 374
219 469
219 537
219 582
219 655
220 320
220 488
220 503
220 530
220 534
220 568
220 691
220 415
221 227
221 265
221 267
221 303
221 339
221 342
221 358
221 381
221 401
221 465
221 501
221 577
221 592
221 659
221 677
222 240
222 252
222 391
222 400
222 564
222 576
222 671
223 243
223 378
223 529
223 614
223 625
223 637
223 301
223 324
224 252
224 340
224 375
224 381
224 410
224 434
224 444
224 458
224 532
224 548
224 606
224 682
225 265
225 454
225 467
225 529
225 653
226 255
226 288
226 408
226 425
226 579
226 595
226 612
226 658
226 285
227 257
227 326
227 366
227 369
227 446
227 487
227 507
227 515
227 544
227 608
227 612
227 620
227 691
228 243
228 254
228 259
228 370
228 380
228 396
228 410
228 454
228 499
228 550
228 554
228 592
228 606
228 609
228 617
228 633
228 661
229 236
229 275
229 321
229 331
229 333
229 444
229 551
230 236
230 241
230 283
230 304
230 308
230 314
230 368
230 378
230 396
230 397
230 398
230 432
230 435
230 452
230 655
230 689
231 247
231 253
231 266
231 326
231 363
231 506
231 526
231 654
231 659
232 273
232 291
232 322
232 327
232 438
232 499
232 545
232 600
232 606
233 268
233 296
233 360
233 376
233 406
233 410
233 462
233 502
233 588
233 591
233 659
233 687
234 241
234 242
234 315
234 354
234 392
234 403
234 459
234 467
234 534
234 570
234 653
234 690
235 240
235 251
235 272
235 287
235 319
235 367
235 379
235 411
235 530
235 542
235 575
235 609
235 619
235 643
235 671
236 279
236 288
236 302
236 367
236 476
236 526
236 565
236 609
236 621
236 627
237 246
237 439
237 515
237 530
237 585
237 586
237 379
238 263
238 293
238 329
238 455
238 488
239 261
239 303
239 331
239 415
239 459
239 477
239 576
239 581
239 643
240 243
240 472
240 622
240 671
241 259
241 297
241 300
241 301
241 318
241 349
241 359
241 465
241 476
241 609
241 646
241 697
242 332
242 361
242 393
242 432
242 437
242 518
242 571
242 597
242 648
243 284
243 339
243 352
243 418
243 420
243 431
243 447
243 508
243 539
243 573
244 300
244 448
244 484
244 571
244 694
245 337
245 361
245 380
245 403
245 428
245 457
245 489
245 557
245 616
245 633
245 691
246 309
246 310
246 311
246 358
246 382
246 451
246 453
246 469
246 487
246 547
246 558
246 606
247 251
247 270
247 319
247 474
247 587
247 593
247 621
247 690
247 288
248 280
248 309
248 385
248 418
248 522
248 599
248 625
249 269
249 350
249 397
249 424
249 453
249 480
249 482
249 494
249 571
249 617
249 631
249 669
249 695
249 603
250 285
250 299
250 313
250 314
250 399
250 409
250 425
250 427
250 448
250 520
250 561
250 563
250 569
250 649
250 692
251 275
251 318
251 324
251 327
251 526
251 601
251 618
252 274
252 296
252 319
252 342
252 419
252 434
252 438
252 447
252 453
252 529
252 539
253 281
253 335
253 362
253 376
253 409
253 462
253 479
253 514
253 564
253 674
254 304
254 309
254 327
254 369
254 457
254 472
254 614
254 616
254 618
254 639
254 665
254 678
254 315
255 303
255 322
255 364
255 380
255 393
255 633
255 675
256 271
256 276
256 297
256 396
256 401
256 482
256 525
256 612
256 655
256 510
257 266
257 325
257 354
257 371
257 392
257 403
257 410
257 446
257 453
257 491
257 492
257 596
257 669
258 267
258 337
258 341
258 380
258 392
258 427
259 262
259 266
259 293
259 303
259 318
259 365
259 380
259 599
259 625
259 640
259 643
260 304
260 324
260 376
260 405
260 501
260 579
260 631
260 640
261 302
261 314
261 326
261 409
261 416
261 429
261 494
261 506
261 572
261 606
261 648
261 659
261 667
261 691
261 570
262 291
262 295
262 311
262 324
262 396
262 425
262 454
262 515
262 517
262 580
262 621
262 694
262 564
263 290
263 349
263 412
263 425
263 445
263 557
263 560
263 686
264 336
264 351
264 481
264 511
264 528
264 563
264 604
265 271
265 276
265 288
265 298
265 318
265 322
265 413
265 436
265 492
265 520
265 530
265 578
265 589
265 308
266 322
266 414
266 477
266 569
267 313
267 318
267 381
267 385
267 403
267 416
267 422
267 429
267 430
267 449
267 486
267 504
267 524
267 537
267 538
267 542
267 565
268 295
268 321
268 326
268 372
268 401
268 425
268 436
268 580
268 614
268 627
268 516
269 283
269 316
269 321
269 412
269 466
269 471
269 514
269 541
269 542
269 613
269 667
269 690
270 287
270 306
270 328
270 336
270 338
270 361
270 469
270 494
270 497
270 502
270 663
270 695
270 296
271 276
271 277
271 334
272 340
272 372
272 391
272 415
272 437
272 503
273 275
273 277
273 294
273 311
273 341
273 361
273 367
273 420
273 443
273 483
273 503
273 541
274 312
274 426
274 484
275 293
275 309
275 347
275 358
275 433
275 435
275 469
275 499
275 515
275 556
275 562
275 602
275 607
275 651
275 694
276 328
276 420
276 516
276 564
276 603
276 626
276 655
277 312
277 388
277 394
277 453
277 482
277 545
277 598
277 647
278 285
278 310
278 354
278 414
278 442
278 554
278 557
278 489
279 569
280 282
280 333
280 336
280 433
280 458
280 477
280 488
280 522
280 525
280 652
280 681
280 693
281 283
281 289
281 463
281 517
281 586
281 642
281 651
282 357
282 359
282 376
282 426
282 569
282 593
283 375
283 378
283 408
283 570
283 625
283 656
284 295
284 309
284 397
284 398
284 399
284 415
284 458
284 463
284 464
284 488
284 498
284 503
284 513
284 607
284 612
284 623
284 627
284 638
284 691
285 311
285 390
285 443
285 466
285 615
285 287
286 349
286 412
287 315
287 323
287 377
287 466
287 569
287 692
287 693
288 333
288 396
288 448
288 463
288 553
288 567
288 589
288 633
288 656
289 291
289 329
289 364
289 383
289 404
289 406
289 478
289 587
289 657
290 308
290 337
290 400
290 417
290 443
290 445
290 459
290 471
290 549
290 551
290 562
290 594
291 322
291 405
291 433
291 441
291 551
292 385
293 297
293 298
293 303
293 320
293 350
293 356
293 374
293 390
293 419
293 443
293 630
293 656
293 687
294 307
294 330
294 464
294 540
294 674
295 330
295 432
295 446
295 449
295 485
295 552
295 577
295 581
295 633
296 302
296 320
296 400
296 434
296 501
296 518
296 695
297 305
297 320
297 377
297 387
297 463
297 483
297 517
297 624
298 347
298 464
299 305
299 349
299 363
299 473
299 489
299 520
299 529
299 551
299 570
299 579
299 585
299 664
300 359
300 538
300 543
300 591
300 600
300 632
300 656
301 331
301 350
301 376
301 377
301 379
301 444
301 545
301 631
301 319
302 315
302 316
302 362
302 366
302 389
302 438
302 457
302 526
302 568
302 596
302 659
302 680
303 369
303 427
303 428
303 437
303 473
303 541
303 657
304 316
304 337
304 570
304 584
304 604
304 699
305 409
305 588
305 431
306 475
306 530
306 572
306 625
306 664
307 393
308 614
308 640
309 371
309 424
309 491
309 582
309 662
309 675
310 439
310 442
310 502
310 505
310 555
310 696
311 337
311 389
311 440
311 543
311 620
311 621
311 659
311 465
312 443
312 682
313 354
313 390
313 422
313 432
313 436
313 543
313 587
313 597
313 652
314 333
314 386
314 399
314 414
314 484
314 522
314 545
314 628
314 676
315 408
315 518
315 579
316 325
316 329
316 334
316 337
316 457
316 461
316 464
316 489
316 515
316 516
316 518
316 524
316 560
316 621
316 634
317 373
317 375
317 377
317 414
317 512
318 378
318 533
318 566
318 583
318 688
318 692
318 696
319 394
319 412
319 463
319 510
319 686
320 373
320 408
320 417
320 476
320 501
320 555
320 686
321 323
321 363
321 441
321 498
321 552
321 645
321 689
322 337
322 343
322 345
322 356
322 423
322 460
322 480
322 574
322 602
322 671
323 378
323 458
323 513
323 519
323 569
323 649
324 328
324 430
325 335
325 355
325 357
325 411
325 426
325 486
325 496
325 549
325 570
325 657
326 329
326 351
326 416
326 582
327 446
327 457
327 563
327 648
327 663
328 335
328 340
328 343
328 345
328 409
328 468
328 521
328 623
329 527
329 566
329 659
329 699
330 372
330 398
330 401
330 465
330 487
330 663
331 351
331 362
331 369
331 393
331 430
331 680
332 343
332 388
332 400
332 425
332 482
332 539
332 574
332 592
332 660
333 475
333 556
333 604
334 347
334 356
334 379
334 411
334 436
334 458
334 505
334 530
334 613
334 628
334 638
334 672
335 385
335 423
335 428
335 518
335 546
335 574
335 588
335 605
335 637
335 662
335 664
336 377
336 394
336 608
336 654
336 696
337 481
337 522
337 549
337 584
337 690
338 402
338 472
338 486
338 527
338 576
338 696
338 487
339 439
339 502
339 622
339 635
339 668
340 476
340 480
340 575
340 578
340 628
340 340
341 350
341 424
341 447
341 473
341 523
342 362
342 384
342 410
342 614
343 356
343 409
343 440
343 545
343 548
343 578
343 632
343 689
344 412
344 531
344 555
345 405
345 423
345 524
345 532
345 596
345 626
345 631
345 682
346 354
346 371
346 389
346 402
346 404
346 456
346 493
346 527
346 539
347 353
347 364
347 391
347 400
347 402
347 407
347 418
347 432
347 449
347 488
347 506
347 518
347 605
347 631
347 650
348 469
348 484
348 635
348 645
348 693
349 568
349 694
350 392
350 486
350 554
351 417
351 442
351 466
351 501
351 502
351 514
351 576
351 619
352 358
352 366
352 555
352 607
353 358
353 412
353 435
353 475
353 561
353 618
353 644
354 359
354 403
354 423
354 506
354 528
354 580
354 633
354 689
355 369
355 380
355 402
355 419
355 428
355 601
356 476
356 500
356 517
356 556
357 621
357 630
357 683
358 361
358 381
358 477
358 549
358 660
359 454
359 512
359 653
359 682
359 396
360 397
360 456
360 457
360 467
360 495
360 561
360 614
360 634
362 407
362 475
362 495
362 563
362 594
362 608
362 615
363 422
363 427
363 499
363 553
363 567
363 620
363 623
363 655
363 582
364 432
364 451
364 464
364 526
364 543
364 607
364 679
365 371
365 375
365 382
365 397
365 402
365 456
365 461
365 469
365 490
365 496
365 557
365 566
365 574
365 634
365 674
366 399
366 416
366 426
366 491
366 602
367 387
367 460
367 435
368 451
368 488
368 578
368 679
369 394
369 405
369 430
369 490
369 500
369 598
369 681
369 685
369 687
370 371
370 494
370 500
370 580
370 617
370 581
371 480
371 483
371 511
371 518
372 388
372 442
372 617
372 676
372 695
373 430
374 381
374 415
374 489
374 569
374 629
374 645
374 649
375 461
375 487
375 493
375 520
375 624
375 635
375 670
376 454
376 605
376 620
376 654
376 678
377 475
377 486
377 510
377 635
377 648
377 676
378 429
378 469
378 548
379 384
379 407
379 528
379 566
379 658
380 461
381 388
381 687
381 487
382 478
382 481
382 604
382 698
383 427
383 434
383 523
383 559
383 581
383 673
384 388
384 394
384 455
385 403
385 443
385 444
385 462
385 588
386 643
387 432
387 445
387 450
387 507
388 450
388 468
388 518
388 575
388 626
389 444
389 448
389 468
389 632
390 449
390 451
390 545
390 615
391 406
391 424
391 541
391 594
391 657
391 673
392 452
392 467
392 502
392 508
392 542
392 559
392 591
392 662
393 407
393 544
393 574
393 630
394 485
394 594
394 636
395 421
395 502
395 516
395 610
395 629
396 474
396 618
397 460
397 600
397 617
397 635
397 671
398 420
398 455
398 507
398 518
398 519
398 549
398 550
398 555
400 415
400 417
400 487
400 509
400 654
401 421
401 437
401 471
401 541
401 543
401 681
402 501
402 526
402 603
403 423
403 491
403 611
404 420
404 465
404 484
404 666
406 535
406 547
407 464
407 687
407 432
408 415
408 473
408 673
409 428
409 447
409 479
409 483
409 487
409 507
409 590
409 668
410 456
410 646
411 536
411 602
411 664
411 694
412 429
412 468
412 606
413 414
413 433
413 477
413 547
413 637
413 658
413 663
414 491
414 691
415 498
415 523
415 529
415 599
415 615
415 638
416 594
416 690
417 521
417 568
418 611
418 616
418 628
418 643
419 561
419 593
419 657
420 429
420 496
420 535
420 586
421 520
421 528
421 566
422 451
422 461
422 499
422 506
422 596
422 617
422 623
422 600
423 436
423 463
423 481
423 525
423 548
423 587
423 598
423 667
424 489
424 553
424 573
425 577
425 650
425 684
426 570
426 627
426 649
426 667
427 506
427 522
427 548
428 465
428 519
428 644
428 650
428 661
428 695
429 472
429 567
429 594
429 693
429 669
430 445
430 499
430 520
430 603
430 621
430 626
431 439
431 550
431 555
431 588
431 677
432 476
432 496
432 507
432 514
432 546
432 678
433 620
433 652
434 468
434 537
434 540
434 576
434 603
434 646
434 674
434 635
434 633
435 495
435 609
435 666
436 538
436 543
436 685
436 686
437 439
437 485
437 554
437 590
437 608
437 638
438 490
439 483
439 568
439 604
439 657
439 673
439 677
440 547
440 628
440 685
441 472
441 484
441 599
442 483
442 605
442 644
442 647
443 543
443 549
443 559
444 616
445 530
445 557
445 679
446 460
446 461
446 479
446 499
446 503
446 519
446 531
446 580
446 586
446 605
446 634
446 645
446 652
447 636
447 683
448 462
448 496
448 522
448 544
448 545
448 669
448 685
448 478
449 468
449 522
449 559
449 454
450 522
450 557
450 574
450 670
451 522
451 638
452 539
452 574
452 673
453 688
454 471
454 480
454 550
454 558
454 604
454 627
454 661
454 666
454 681
455 615
455 637
455 654
456 486
456 619
456 638
456 643
456 664
457 513
457 536
458 615
458 624
459 524
459 634
459 696
459 472
460 489
460 555
460 597
461 552
461 635
462 495
462 497
462 498
462 505
462 511
462 674
463 495
463 635
464 479
464 543
464 557
464 657
464 682
465 507
465 525
465 610
465 683
466 510
466 698
467 485
467 511
467 537
468 526
468 587
468 590
468 644
468 689
469 528
469 601
469 614
470 485
470 490
470 563
470 641
470 699
470 509
471 564
471 583
472 521
474 496
474 506
474 518
474 629
475 519
475 618
476 503
476 507
476 582
476 624
476 628
477 549
477 615
478 592
478 680
479 498
479 539
479 589
479 620
479 668
480 508
480 529
480 580
480 599
480 601
480 640
480 672
480 682
480 532
482 498
482 670
483 630
484 583
485 500
485 542
485 606
485 675
486 556
486 683
487 649
487 674
488 538
488 567
488 653
489 560
489 583
489 682
490 652
491 495
491 514
491 542
491 570
491 586
492 536
492 611
492 629
492 644
492 686
493 535
494 619
494 562
495 527
495 602
495 693
496 583
496 670
497 611
497 689
498 505
498 510
498 609
498 623
499 690
500 592
501 578
501 660
503 620
503 648
505 686
505 699
506 546
506 561
506 597
507 519
507 529
507 628
507 648
508 550
508 660
509 646
510 687
511 581
511 665
512 558
512 571
512 578
512 584
512 565
513 515
513 559
513 560
513 600
513 657
513 690
514 547
514 576
514 697
515 535
515 680
515 686
516 639
516 696
517 607
517 641
519 639
519 675
520 556
520 591
520 609
521 602
522 542
522 579
522 632
522 687
523 550
523 561
523 572
524 628
524 642
525 689
526 549
526 616
526 670
526 621
526 690
527 547
528 605
528 630
528 664
528 686
528 688
529 546
529 577
529 683
530 614
531 588
532 584
532 623
532 698
534 547
534 556
534 578
535 561
535 672
535 694
536 646
536 649
536 683
536 685
537 575
537 640
538 581
538 588
538 651
538 660
540 571
540 598
540 670
541 548
541 595
541 600
541 620
541 669
541 689
542 660
542 674
543 566
543 698
545 658
545 661
546 552
546 576
546 678
547 613
547 656
548 664
549 594
549 611
549 616
549 624
549 628
550 560
550 578
550 590
550 677
551 560
551 667
553 558
553 639
553 693
554 557
556 645
556 665
557 582
557 607
558 626
558 650
559 632
559 662
560 573
560 619
560 638
560 668
561 599
562 605
562 617
562 680
563 580
563 604
565 688
566 695
567 570
567 658
568 580
568 650
569 688
569 698
570 574
571 638
572 679
573 580
573 593
573 621
573 656
575 654
576 577
578 694
578 698
580 603
580 640
582 697
583 593
583 640
583 688
586 589
586 689
586 690
587 629
588 621
588 683
589 590
589 619
590 593
590 617
592 605
594 687
595 651
595 697
597 636
599 608
602 605
602 621
602 625
603 613
603 632
603 669
603 677
605 676
605 685
605 688
606 630
608 665
608 681
609 617
609 634
609 645
609 684
610 663
611 629
611 643
612 613
613 623
614 667
616 634
618 651
618 659
619 622
619 646
619 669
622 639
623 629
623 656
624 640
626 635
626 681
627 651
630 689
632 648
633 648
633 652
633 656
633 698
634 661
640 689
643 647
643 669
650 663
650 691
651 666
662 693
667 668
670 686
672 692
673 693
677 680
680 686
682 697
683 699