980206644
19
700
13300
0 19
0 20
0 21
0 22
0 23
0 24
0 26
0 28
0 32
0 40
0 44
0 45
0 47
0 51
0 52
0 54
0 57
0 63
0 64
0 74
0 75
0 79
0 80
0 85
0 92
0 97
0 114
0 120
0 146
0 163
0 188
0 191
0 211
0 214
0 215
0 225
0 226
0 237
0 243
0 252
0 289
0 301
0 305
0 316
0 345
0 403
0 404
0 425
0 454
0 489
0 490
0 494
0 510
0 531
0 607
0 642
0 662
0 671
0 674
0 675
0 694
1 19
1 20
1 21
1 22
1 23
1 26
1 28
1 29
1 42
1 45
1 47
1 64
1 66
1 70
1 72
1 80
1 96
1 106
1 109
1 115
1 121
1 131
1 135
1 138
1 142
1 158
1 187
1 198
1 199
1 225
1 233
1 234
1 236
1 248
1 250
1 261
1 281
1 282
1 323
1 362
1 372
1 384
1 412
1 449
1 457
1 468
1 491
1 500
1 510
1 531
1 616
1 649
1 126
1 133
2 19
2 20
2 21
2 22
2 23
2 24
2 25
2 27
2 29
2 33
2 34
2 37
2 39
2 42
2 44
2 45
2 46
2 48
2 52
2 55
2 61
2 78
2 82
2 84
2 85
2 93
2 95
2 96
2 107
2 108
2 118
2 125
2 127
2 142
2 143
2 144
2 148
2 157
2 161
2 163
2 169
2 170
2 190
2 200
2 201
2 209
2 225
2 226
2 228
2 246
2 247
2 254
2 283
2 289
2 306
2 320
2 336
2 359
2 361
2 369
2 370
2 371
2 387
2 402
2 462
2 470
2 471
2 476
2 487
2 488
2 493
2 495
2 508
2 544
2 548
2 627
2 631
2 645
2 667
2 673
2 115
2 230
3 19
3 20
3 21
3 22
3 23
3 24
3 25
3 26
3 27
3 28
3 35
3 37
3 39
3 41
3 43
3 48
3 53
3 81
3 82
3 86
3 87
3 102
3 105
3 111
3 127
3 130
3 135
3 147
3 155
3 167
3 170
3 173
3 175
3 191
3 195
3 217
3 223
3 242
3 265
3 283
3 287
3 303
3 309
3 356
3 361
3 373
3 378
3 422
3 430
3 433
3 442
3 446
3 476
3 486
3 501
3 508
3 511
3 527
3 538
3 539
3 540
3 545
3 601
3 639
3 677
3 688
3 530
3 4
3 11
4 19
4 20
4 21
4 23
4 24
4 25
4 29
4 30
4 31
4 41
4 43
4 45
4 50
4 52
4 55
4 58
4 60
4 69
4 75
4 104
4 113
4 117
4 120
4 153
4 206
4 215
4 227
4 242
4 248
4 255
4 260
4 262
4 296
4 324
4 347
4 357
4 376
4 393
4 406
4 462
4 479
4 496
4 517
4 535
4 548
4 579
4 611
4 634
4 674
4 684
4 225
5 19
5 20
5 21
5 22
5 24
5 26
5 27
5 28
5 31
5 34
5 36
5 38
5 40
5 44
5 52
5 71
5 73
5 76
5 77
5 81
5 83
5 93
5 105
5 108
5 112
5 123
5 130
5 140
5 141
5 144
5 157
5 159
5 168
5 169
5 183
5 204
5 216
5 222
5 231
5 259
5 261
5 267
5 272
5 285
5 288
5 302
5 314
5 322
5 336
5 348
5 360
5 377
5 394
5 420
5 434
5 475
5 480
5 497
5 508
5 515
5 596
5 609
5 616
5 630
6 19
6 20
6 21
6 22
6 23
6 25
6 26
6 27
6 28
6 30
6 31
6 36
6 37
6 39
6 42
6 44
6 47
6 50
6 51
6 57
6 59
6 72
6 75
6 79
6 83
6 93
6 102
6 104
6 106
6 119
6 127
6 130
6 136
6 145
6 147
6 157
6 161
6 168
6 169
6 174
6 180
6 184
6 197
6 204
6 208
6 209
6 232
6 255
6 265
6 269
6 272
6 276
6 285
6 293
6 308
6 314
6 315
6 316
6 330
6 350
6 351
6 361
6 393
6 400
6 404
6 417
6 433
6 436
6 439
6 445
6 457
6 475
6 486
6 494
6 522
6 533
6 542
6 545
6 555
6 568
6 571
6 575
6 583
6 619
6 630
6 634
6 662
6 667
6 676
6 683
6 87
6 74
7 19
7 20
7 21
7 22
7 23
7 25
7 26
7 27
7 28
7 29
7 31
7 35
7 36
7 45
7 50
7 52
7 54
7 59
7 61
7 63
7 64
7 66
7 78
7 83
7 85
7 86
7 94
7 101
7 102
7 106
7 107
7 109
7 110
7 113
7 116
7 124
7 131
7 139
7 140
7 142
7 147
7 155
7 156
7 157
7 165
7 173
7 179
7 183
7 190
7 197
7 218
7 224
7 226
7 231
7 234
7 236
7 242
7 251
7 254
7 261
7 270
7 278
7 279
7 300
7 315
7 322
7 345
7 358
7 397
7 408
7 435
7 436
7 441
7 482
7 484
7 486
7 496
7 505
7 529
7 537
7 588
7 596
7 597
7 616
7 626
7 628
7 636
7 649
7 674
7 688
7 691
7 693
7 170
8 19
8 20
8 21
8 22
8 23
8 24
8 25
8 26
8 27
8 28
8 29
8 30
8 31
8 32
8 37
8 40
8 42
8 43
8 44
8 45
8 54
8 58
8 59
8 61
8 63
8 64
8 65
8 67
8 69
8 75
8 77
8 82
8 84
8 85
8 86
8 90
8 92
8 93
8 99
8 101
8 102
8 103
8 104
8 106
8 107
8 122
8 123
8 124
8 125
8 130
8 136
8 138
8 141
8 143
8 149
8 153
8 160
8 164
8 167
8 170
8 188
8 193
8 205
8 212
8 217
8 218
8 219
8 231
8 245
8 262
8 269
8 273
8 293
8 307
8 327
8 339
8 342
8 345
8 362
8 363
8 378
8 386
8 387
8 401
8 403
8 420
8 423
8 426
8 428
8 452
8 460
8 465
8 473
8 474
8 477
8 478
8 499
8 533
8 550
8 560
8 563
8 593
8 606
8 612
8 643
8 649
8 653
8 661
8 681
8 698
8 686
8 192
9 19
9 20
9 21
9 22
9 23
9 24
9 25
9 26
9 27
9 28
9 29
9 30
9 32
9 33
9 35
9 36
9 43
9 50
9 56
9 58
9 63
9 64
9 74
9 78
9 80
9 87
9 88
9 89
9 97
9 109
9 111
9 133
9 152
9 165
9 180
9 190
9 214
9 233
9 238
9 281
9 305
9 333
9 341
9 356
9 377
9 393
9 397
9 407
9 435
9 494
9 520
9 522
9 566
9 595
9 604
9 681
9 601
10 19
10 20
10 21
10 22
10 25
10 27
10 29
10 30
10 31
10 34
10 36
10 37
10 39
10 40
10 44
10 52
10 56
10 59
10 61
10 65
10 70
10 73
10 76
10 85
10 91
10 98
10 109
10 110
10 122
10 126
10 129
10 150
10 156
10 158
10 160
10 174
10 178
10 180
10 184
10 185
10 195
10 200
10 221
10 234
10 249
10 252
10 263
10 299
10 306
10 312
10 339
10 344
10 364
10 372
10 405
10 422
10 426
10 428
10 430
10 438
10 461
10 498
10 513
10 519
10 543
10 547
10 552
10 562
10 591
10 599
10 609
10 628
10 631
10 635
10 642
10 316
11 19
11 20
11 21
11 22
11 23
11 24
11 25
11 26
11 27
11 28
11 29
11 31
11 33
11 35
11 38
11 41
11 46
11 50
11 51
11 57
11 60
11 61
11 68
11 70
11 72
11 75
11 82
11 83
11 89
11 99
11 103
11 105
11 107
11 108
11 111
11 118
11 128
11 129
11 140
11 162
11 194
11 195
11 202
11 210
11 225
11 230
11 245
11 246
11 249
11 258
11 266
11 278
11 282
11 289
11 304
11 334
11 345
11 385
11 414
11 442
11 478
11 490
11 499
11 503
11 519
11 539
11 602
11 637
11 644
11 651
11 683
11 697
11 336
12 19
12 20
12 21
12 23
12 24
12 25
12 26
12 27
12 28
12 29
12 30
12 33
12 34
12 35
12 37
12 38
12 40
12 41
12 46
12 47
12 50
12 51
12 52
12 53
12 54
12 56
12 57
12 58
12 61
12 82
12 86
12 88
12 89
12 97
12 99
12 102
12 108
12 111
12 115
12 125
12 133
12 144
12 145
12 149
12 151
12 156
12 160
12 171
12 191
12 196
12 201
12 205
12 213
12 214
12 222
12 233
12 245
12 256
12 259
12 263
12 269
12 277
12 292
12 303
12 321
12 332
12 339
12 341
12 352
12 362
12 371
12 372
12 377
12 390
12 413
12 440
12 448
12 459
12 468
12 471
12 509
12 510
12 516
12 519
12 542
12 567
12 576
12 584
12 594
12 608
12 611
12 621
12 628
12 649
12 672
12 673
12 677
12 691
12 695
12 71
12 275
12 492
13 19
13 20
13 22
13 23
13 24
13 25
13 26
13 31
13 32
13 36
13 38
13 42
13 43
13 48
13 55
13 70
13 85
13 88
13 95
13 98
13 99
13 103
13 104
13 144
13 163
13 177
13 180
13 205
13 221
13 255
13 266
13 267
13 279
13 317
13 359
13 388
13 399
13 420
13 423
13 428
13 534
13 537
13 544
13 556
13 589
13 590
13 655
13 669
13 672
13 684
13 692
13 698
13 699
14 19
14 20
14 21
14 22
14 23
14 24
14 26
14 27
14 29
14 30
14 31
14 32
14 33
14 34
14 35
14 39
14 43
14 47
14 61
14 62
14 70
14 76
14 78
14 79
14 110
14 119
14 125
14 136
14 141
14 150
14 156
14 164
14 165
14 166
14 168
14 186
14 199
14 200
14 217
14 220
14 242
14 253
14 259
14 286
14 291
14 297
14 310
14 325
14 344
14 348
14 382
14 397
14 398
14 404
14 407
14 427
14 451
14 477
14 503
14 506
14 516
14 524
14 534
14 540
14 565
14 575
14 600
14 613
14 636
14 687
14 617
15 19
15 23
15 24
15 32
15 36
15 38
15 40
15 41
15 42
15 43
15 44
15 45
15 46
15 49
15 50
15 53
15 57
15 58
15 63
15 64
15 67
15 69
15 75
15 91
15 96
15 100
15 106
15 114
15 117
15 120
15 122
15 133
15 144
15 155
15 166
15 168
15 171
15 173
15 176
15 182
15 187
15 211
15 212
15 213
15 220
15 244
15 273
15 275
15 276
15 280
15 285
15 287
15 295
15 303
15 310
15 313
15 333
15 355
15 356
15 361
15 370
15 379
15 402
15 404
15 410
15 428
15 439
15 445
15 453
15 470
15 475
15 480
15 489
15 494
15 512
15 529
15 543
15 546
15 553
15 576
15 579
15 595
15 597
15 612
15 635
15 640
15 645
15 650
15 673
15 677
15 689
15 694
15 189
16 19
16 20
16 21
16 22
16 24
16 25
16 30
16 34
16 35
16 36
16 38
16 40
16 41
16 45
16 49
16 52
16 57
16 63
16 68
16 71
16 86
16 91
16 92
16 99
16 112
16 125
16 127
16 128
16 134
16 141
16 145
16 150
16 151
16 166
16 186
16 195
16 202
16 206
16 216
16 220
16 229
16 233
16 244
16 254
16 284
16 287
16 305
16 324
16 333
16 363
16 374
16 403
16 419
16 438
16 457
16 468
16 487
16 495
16 510
16 513
16 572
16 588
16 598
16 599
16 613
16 656
16 669
16 680
16 685
16 688
16 249
16 278
17 19
17 20
17 21
17 22
17 25
17 30
17 33
17 48
17 49
17 53
17 55
17 67
17 76
17 96
17 123
17 141
17 199
17 215
17 263
17 290
17 311
17 314
17 319
17 323
17 378
17 386
17 393
17 435
17 469
17 481
17 513
17 557
17 640
17 671
17 685
18 19
18 20
18 21
18 22
18 23
18 24
18 25
18 27
18 28
18 30
18 32
18 33
18 35
18 41
18 49
18 60
18 62
18 66
18 73
18 74
18 75
18 77
18 78
18 79
18 80
18 103
18 110
18 112
18 117
18 128
18 134
18 140
18 161
18 171
18 172
18 175
18 183
18 187
18 197
18 201
18 202
18 205
18 210
18 216
18 224
18 232
18 238
18 247
18 248
18 255
18 258
18 264
18 275
18 276
18 283
18 301
18 342
18 346
18 368
18 372
18 377
18 395
18 399
18 403
18 425
18 447
18 460
18 472
18 486
18 494
18 502
18 506
18 509
18 521
18 550
18 564
18 600
18 601
18 620
18 625
18 636
18 637
18 647
18 648
18 651
18 654
18 667
18 668
18 669
18 365
19 20
19 21
19 22
19 23
19 24
19 25
19 26
19 27
19 28
19 29
19 30
19 31
19 32
19 33
19 34
19 35
19 37
19 38
19 39
19 42
19 44
19 46
19 47
19 48
19 51
19 53
19 54
19 55
19 56
19 57
19 58
19 60
19 61
19 62
19 64
19 65
19 67
19 68
19 69
19 73
19 76
19 77
19 78
19 79
19 80
19 81
19 83
19 84
19 86
19 87
19 89
19 93
19 99
19 100
19 101
19 104
19 107
19 109
19 113
19 119
19 122
19 126
19 129
19 130
19 131
19 132
19 138
19 143
19 144
19 145
19 147
19 149
19 150
19 151
19 152
19 158
19 161
19 170
19 174
19 177
19 178
19 182
19 185
19 188
19 193
19 194
19 195
19 196
19 200
19 205
19 209
19 211
19 216
19 222
19 223
19 226
19 242
19 250
19 251
19 252
19 253
19 257
19 263
19 267
19 272
19 275
19 279
19 280
19 287
19 289
19 290
19 291
19 292
19 295
19 296
19 307
19 311
19 317
19 324
19 328
19 332
19 334
19 337
19 339
19 344
19 345
19 349
19 358
19 376
19 377
19 379
19 396
19 398
19 404
19 406
19 408
19 410
19 414
19 420
19 421
19 424
19 426
19 432
19 433
19 435
19 439
19 448
19 458
19 461
19 465
19 467
19 489
19 503
19 510
19 515
19 524
19 538
19 542
19 550
19 560
19 572
19 580
19 586
19 593
19 594
19 601
19 604
19 614
19 620
19 621
19 626
19 627
19 633
19 636
19 641
19 644
19 647
19 656
19 658
19 668
19 669
19 677
19 683
19 556
19 191
19 203
20 21
20 22
20 23
20 24
20 25
20 26
20 27
20 28
20 29
20 30
20 31
20 33
20 34
20 35
20 36
20 39
20 40
20 41
20 43
20 46
20 47
20 48
20 49
20 51
20 52
20 53
20 54
20 56
20 57
20 61
20 63
20 66
20 68
20 69
20 73
20 77
20 79
20 81
20 82
20 84
20 86
20 87
20 88
20 89
20 90
20 91
20 92
20 94
20 95
20 97
20 98
20 101
20 102
20 104
20 106
20 110
20 115
20 117
20 122
20 123
20 125
20 127
20 128
20 130
20 131
20 132
20 134
20 136
20 137
20 139
20 145
20 146
20 147
20 151
20 155
20 169
20 170
20 172
20 174
20 176
20 178
20 186
20 200
20 201
20 204
20 211
20 215
20 219
20 220
20 221
20 223
20 227
20 229
20 231
20 233
20 239
20 244
20 248
20 253
20 260
20 263
20 272
20 281
20 287
20 294
20 295
20 315
20 321
20 322
20 329
20 333
20 343
20 348
20 356
20 359
20 364
20 366
20 369
20 370
20 372
20 373
20 375
20 378
20 387
20 392
20 393
20 406
20 407
20 416
20 422
20 432
20 435
20 437
20 455
20 482
20 497
20 508
20 511
20 513
20 514
20 517
20 519
20 522
20 526
20 528
20 533
20 534
20 542
20 543
20 544
20 547
20 549
20 551
20 553
20 558
20 559
20 561
20 576
20 577
20 579
20 580
20 581
20 586
20 588
20 593
20 594
20 597
20 599
20 600
20 606
20 610
20 629
20 630
20 631
20 634
20 635
20 646
20 651
20 669
20 689
20 691
20 693
20 694
20 103
20 362
21 22
21 23
21 24
21 25
21 26
21 28
21 29
21 30
21 31
21 32
21 33
21 34
21 35
21 37
21 39
21 40
21 41
21 44
21 45
21 50
21 51
21 53
21 54
21 55
21 61
21 65
21 66
21 69
21 73
21 74
21 75
21 76
21 77
21 78
21 81
21 83
21 85
21 87
21 88
21 89
21 94
21 95
21 101
21 102
21 103
21 104
21 107
21 110
21 111
21 114
21 115
21 116
21 118
21 122
21 124
21 125
21 126
21 127
21 129
21 131
21 134
21 137
21 140
21 147
21 148
21 149
21 159
21 165
21 173
21 174
21 178
21 180
21 184
21 190
21 194
21 197
21 203
21 211
21 239
21 241
21 244
21 246
21 247
21 254
21 256
21 257
21 258
21 266
21 268
21 275
21 280
21 284
21 285
21 293
21 295
21 297
21 300
21 306
21 307
21 309
21 312
21 317
21 324
21 327
21 329
21 333
21 335
21 339
21 346
21 348
21 349
21 368
21 369
21 379
21 383
21 388
21 389
21 391
21 402
21 406
21 423
21 426
21 431
21 435
21 440
21 449
21 451
21 453
21 456
21 463
21 464
21 473
21 477
21 483
21 486
21 490
21 500
21 513
21 515
21 516
21 518
21 523
21 532
21 538
21 543
21 551
21 558
21 564
21 575
21 577
21 579
21 582
21 595
21 603
21 606
21 609
21 619
21 622
21 623
21 626
21 638
21 647
21 658
21 671
21 675
21 678
21 683
21 687
21 694
21 695
21 373
21 487
21 488
21 511
21 541
22 23
22 24
22 26
22 27
22 29
22 30
22 31
22 32
22 33
22 34
22 35
22 36
22 37
22 38
22 40
22 41
22 43
22 45
22 46
22 47
22 49
22 54
22 55
22 59
22 61
22 63
22 64
22 65
22 67
22 70
22 77
22 79
22 85
22 86
22 94
22 97
22 101
22 104
22 106
22 107
22 108
22 112
22 113
22 116
22 118
22 123
22 124
22 126
22 128
22 132
22 135
22 140
22 143
22 144
22 148
22 153
22 162
22 163
22 165
22 168
22 170
22 179
22 182
22 191
22 192
22 198
22 201
22 203
22 205
22 217
22 227
22 232
22 233
22 234
22 238
22 240
22 254
22 255
22 259
22 265
22 268
22 272
22 273
22 276
22 280
22 286
22 287
22 296
22 306
22 314
22 315
22 318
22 323
22 330
22 339
22 343
22 346
22 349
22 357
22 358
22 364
22 368
22 369
22 371
22 384
22 396
22 397
22 401
22 402
22 411
22 419
22 427
22 431
22 433
22 445
22 454
22 470
22 471
22 477
22 485
22 491
22 505
22 512
22 520
22 523
22 528
22 535
22 543
22 556
22 562
22 566
22 572
22 600
22 603
22 629
22 630
22 631
22 675
22 681
22 691
22 699
23 24
23 25
23 26
23 27
23 28
23 29
23 30
23 32
23 33
23 34
23 36
23 38
23 39
23 41
23 42
23 43
23 47
23 48
23 50
23 51
23 52
23 54
23 55
23 59
23 60
23 61
23 62
23 63
23 69
23 70
23 71
23 72
23 73
23 77
23 78
23 80
23 81
23 84
23 85
23 86
23 90
23 92
23 95
23 96
23 98
23 100
23 105
23 111
23 120
23 121
23 126
23 130
23 135
23 137
23 138
23 139
23 147
23 152
23 171
23 172
23 176
23 177
23 183
23 189
23 192
23 198
23 199
23 200
23 207
23 210
23 215
23 216
23 217
23 218
23 219
23 221
23 231
23 237
23 240
23 241
23 244
23 247
23 253
23 254
23 257
23 263
23 265
23 266
23 271
23 278
23 281
23 284
23 289
23 291
23 292
23 295
23 296
23 301
23 303
23 310
23 311
23 324
23 328
23 334
23 335
23 337
23 341
23 359
23 360
23 361
23 368
23 375
23 384
23 386
23 396
23 397
23 398
23 415
23 421
23 430
23 437
23 438
23 439
23 455
23 456
23 462
23 482
23 487
23 492
23 494
23 513
23 518
23 525
23 534
23 540
23 543
23 557
23 568
23 571
23 574
23 577
23 583
23 588
23 591
23 592
23 601
23 605
23 614
23 621
23 625
23 637
23 638
23 647
23 660
23 669
23 677
23 684
23 688
23 691
23 698
23 699
23 308
23 390
24 25
24 26
24 27
24 28
24 29
24 30
24 31
24 32
24 33
24 34
24 35
24 36
24 37
24 39
24 40
24 41
24 44
24 45
24 46
24 48
24 49
24 50
24 51
24 56
24 57
24 64
24 65
24 66
24 69
24 71
24 74
24 77
24 78
24 82
24 87
24 89
24 91
24 94
24 95
24 97
24 98
24 99
24 101
24 113
24 114
24 129
24 131
24 132
24 137
24 138
24 143
24 146
24 148
24 151
24 153
24 154
24 158
24 159
24 161
24 164
24 168
24 170
24 171
24 177
24 181
24 189
24 193
24 199
24 200
24 205
24 206
24 209
24 213
24 215
24 217
24 223
24 224
24 229
24 230
24 236
24 250
24 251
24 257
24 266
24 271
24 274
24 283
24 292
24 302
24 306
24 308
24 309
24 311
24 317
24 318
24 322
24 323
24 327
24 328
24 330
24 333
24 340
24 342
24 343
24 346
24 348
24 352
24 358
24 359
24 364
24 365
24 368
24 375
24 381
24 392
24 395
24 397
24 398
24 409
24 410
24 412
24 414
24 423
24 435
24 453
24 467
24 475
24 499
24 507
24 508
24 511
24 521
24 524
24 525
24 534
24 549
24 553
24 554
24 555
24 556
24 560
24 574
24 577
24 585
24 615
24 618
24 619
24 620
24 625
24 642
24 644
24 666
24 673
24 677
24 680
24 690
24 696
24 123
24 172
24 622
25 26
25 27
25 28
25 30
25 31
25 32
25 33
25 36
25 37
25 38
25 40
25 41
25 42
25 44
25 45
25 46
25 47
25 49
25 52
25 55
25 56
25 59
25 60
25 61
25 62
25 64
25 66
25 67
25 70
25 71
25 72
25 73
25 74
25 75
25 77
25 78
25 80
25 85
25 86
25 90
25 91
25 93
25 96
25 98
25 102
25 104
25 105
25 106
25 108
25 110
25 116
25 117
25 121
25 126
25 132
25 137
25 138
25 140
25 147
25 154
25 157
25 158
25 159
25 163
25 167
25 169
25 171
25 172
25 173
25 179
25 183
25 186
25 191
25 194
25 195
25 199
25 201
25 202
25 207
25 216
25 218
25 226
25 230
25 231
25 233
25 234
25 235
25 244
25 247
25 248
25 249
25 255
25 256
25 277
25 278
25 279
25 283
25 288
25 289
25 293
25 303
25 307
25 314
25 319
25 321
25 322
25 323
25 327
25 328
25 335
25 336
25 348
25 351
25 352
25 353
25 357
25 361
25 374
25 385
25 391
25 403
25 408
25 413
25 417
25 425
25 432
25 435
25 445
25 451
25 457
25 463
25 466
25 468
25 469
25 470
25 475
25 478
25 479
25 480
25 485
25 487
25 493
25 502
25 508
25 509
25 514
25 517
25 529
25 555
25 556
25 561
25 573
25 575
25 590
25 594
25 604
25 612
25 613
25 633
25 634
25 637
25 645
25 678
25 680
25 686
25 691
25 606
26 27
26 28
26 29
26 31
26 32
26 33
26 34
26 37
26 39
26 41
26 42
26 43
26 44
26 45
26 47
26 49
26 50
26 51
26 55
26 56
26 57
26 58
26 61
26 66
26 67
26 68
26 71
26 73
26 74
26 76
26 83
26 84
26 89
26 99
26 101
26 106
26 111
26 120
26 122
26 129
26 133
26 135
26 136
26 137
26 146
26 150
26 152
26 156
26 172
26 173
26 179
26 186
26 189
26 194
26 198
26 202
26 223
26 246
26 251
26 252
26 253
26 254
26 259
26 267
26 269
26 270
26 273
26 276
26 283
26 284
26 288
26 290
26 294
26 313
26 315
26 326
26 342
26 346
26 348
26 352
26 373
26 374
26 384
26 395
26 397
26 400
26 424
26 425
26 426
26 432
26 447
26 449
26 481
26 484
26 492
26 504
26 509
26 511
26 517
26 520
26 530
26 531
26 542
26 546
26 553
26 569
26 571
26 581
26 594
26 598
26 602
26 603
26 607
26 609
26 618
26 633
26 661
26 668
26 677
26 149
27 28
27 29
27 30
27 31
27 32
27 33
27 34
27 36
27 37
27 38
27 39
27 40
27 44
27 46
27 47
27 50
27 51
27 54
27 56
27 58
27 59
27 63
27 65
27 71
27 74
27 75
27 76
27 78
27 79
27 94
27 96
27 101
27 106
27 109
27 112
27 113
27 116
27 117
27 120
27 121
27 123
27 128
27 130
27 138
27 140
27 141
27 145
27 155
27 158
27 159
27 163
27 165
27 171
27 174
27 177
27 181
27 182
27 183
27 187
27 190
27 194
27 197
27 204
27 206
27 212
27 221
27 223
27 225
27 226
27 230
27 234
27 236
27 238
27 239
27 243
27 255
27 256
27 264
27 265
27 273
27 274
27 282
27 291
27 303
27 307
27 314
27 325
27 336
27 354
27 357
27 360
27 364
27 365
27 369
27 384
27 390
27 391
27 403
27 406
27 408
27 413
27 415
27 421
27 427
27 428
27 429
27 441
27 443
27 448
27 449
27 455
27 468
27 490
27 501
27 511
27 518
27 519
27 531
27 534
27 537
27 551
27 556
27 558
27 559
27 567
27 581
27 582
27 588
27 590
27 599
27 603
27 607
27 613
27 615
27 616
27 627
27 630
27 634
27 636
27 637
27 645
27 647
27 655
27 657
27 687
27 692
27 693
27 697
27 134
27 522
28 29
28 31
28 32
28 33
28 34
28 35
28 37
28 38
28 41
28 43
28 47
28 48
28 50
28 51
28 57
28 59
28 60
28 63
28 64
28 69
28 73
28 75
28 76
28 77
28 78
28 80
28 81
28 90
28 102
28 103
28 105
28 106
28 107
28 111
28 117
28 120
28 121
28 128
28 129
28 130
28 141
28 148
28 153
28 155
28 157
28 165
28 169
28 171
28 175
28 180
28 184
28 185
28 190
28 192
28 196
28 202
28 204
28 210
28 211
28 216
28 220
28 227
28 229
28 238
28 245
28 247
28 249
28 250
28 257
28 259
28 263
28 264
28 265
28 268
28 271
28 276
28 287
28 291
28 299
28 300
28 302
28 309
28 315
28 319
28 322
28 331
28 337
28 347
28 350
28 359
28 370
28 372
28 375
28 413
28 421
28 427
28 438
28 442
28 450
28 453
28 469
28 479
28 485
28 529
28 531
28 538
28 545
28 571
28 585
28 595
28 599
28 608
28 618
28 629
28 630
28 633
28 643
28 648
28 650
28 663
28 664
28 673
28 682
28 692
28 396
28 182
29 30
29 31
29 32
29 34
29 36
29 37
29 38
29 39
29 44
29 46
29 47
29 53
29 54
29 57
29 62
29 69
29 71
29 73
29 74
29 76
29 81
29 83
29 85
29 93
29 95
29 96
29 106
29 110
29 113
29 115
29 118
29 120
29 123
29 125
29 127
29 135
29 140
29 142
29 143
29 145
29 158
29 163
29 176
29 178
29 187
29 192
29 196
29 198
29 203
29 208
29 221
29 222
29 228
29 233
29 236
29 237
29 242
29 256
29 264
29 266
29 271
29 284
29 291
29 299
29 310
29 319
29 321
29 326
29 333
29 356
29 358
29 364
29 369
29 376
29 380
29 398
29 399
29 402
29 406
29 420
29 433
29 441
29 459
29 470
29 471
29 472
29 479
29 489
29 490
29 495
29 497
29 500
29 516
29 528
29 530
29 547
29 549
29 554
29 558
29 560
29 561
29 571
29 572
29 577
29 617
29 622
29 624
29 628
29 632
29 648
29 653
29 668
29 682
29 683
29 698
29 430
30 32
30 33
30 34
30 35
30 36
30 37
30 38
30 39
30 40
30 41
30 42
30 43
30 45
30 46
30 47
30 48
30 49
30 53
30 54
30 56
30 57
30 58
30 59
30 62
30 66
30 71
30 72
30 74
30 75
30 78
30 80
30 84
30 89
30 90
30 91
30 93
30 94
30 102
30 103
30 104
30 109
30 111
30 119
30 124
30 127
30 133
30 135
30 141
30 142
30 143
30 144
30 148
30 149
30 150
30 154
30 164
30 165
30 175
30 178
30 181
30 184
30 186
30 187
30 189
30 192
30 196
30 199
30 200
30 202
30 203
30 205
30 209
30 216
30 218
30 219
30 226
30 228
30 241
30 247
30 273
30 286
30 291
30 295
30 298
30 303
30 310
30 314
30 316
30 319
30 323
30 334
30 336
30 345
30 349
30 360
30 361
30 362
30 386
30 387
30 390
30 394
30 400
30 402
30 406
30 412
30 423
30 427
30 431
30 443
30 445
30 447
30 449
30 456
30 458
30 459
30 473
30 474
30 488
30 503
30 513
30 522
30 526
30 528
30 530
30 531
30 533
30 535
30 541
30 542
30 556
30 560
30 567
30 568
30 570
30 578
30 591
30 593
30 598
30 614
30 621
30 625
30 645
30 650
30 655
30 663
30 668
30 679
30 682
30 699
30 508
30 229
31 32
31 33
31 35
31 37
31 40
31 41
31 42
31 46
31 48
31 49
31 51
31 55
31 58
31 59
31 60
31 66
31 67
31 69
31 71
31 78
31 79
31 81
31 87
31 89
31 94
31 106
31 108
31 110
31 115
31 119
31 120
31 133
31 139
31 140
31 144
31 145
31 146
31 152
31 159
31 165
31 172
31 179
31 191
31 193
31 197
31 198
31 199
31 206
31 223
31 226
31 227
31 232
31 266
31 273
31 277
31 290
31 291
31 297
31 304
31 322
31 328
31 331
31 345
31 353
31 357
31 361
31 399
31 400
31 405
31 407
31 426
31 430
31 444
31 464
31 470
31 475
31 477
31 478
31 479
31 483
31 514
31 521
31 525
31 529
31 550
31 557
31 632
31 648
31 655
31 675
31 93
31 135
31 603
32 34
32 35
32 36
32 38
32 39
32 41
32 42
32 43
32 45
32 49
32 50
32 53
32 56
32 57
32 58
32 59
32 60
32 64
32 65
32 73
32 86
32 87
32 90
32 97
32 100
32 102
32 110
32 115
32 116
32 117
32 123
32 129
32 133
32 149
32 152
32 159
32 160
32 166
32 168
32 169
32 176
32 179
32 180
32 183
32 190
32 199
32 207
32 210
32 213
32 265
32 277
32 279
32 285
32 286
32 310
32 325
32 337
32 340
32 358
32 370
32 371
32 373
32 375
32 377
32 381
32 383
32 386
32 393
32 407
32 418
32 427
32 428
32 452
32 461
32 469
32 473
32 475
32 502
32 519
32 545
32 548
32 549
32 550
32 558
32 571
32 649
32 668
32 676
32 684
32 439
33 34
33 35
33 36
33 37
33 38
33 39
33 42
33 43
33 44
33 50
33 51
33 52
33 54
33 55
33 64
33 66
33 67
33 76
33 77
33 80
33 83
33 86
33 90
33 95
33 96
33 97
33 103
33 109
33 110
33 112
33 116
33 118
33 120
33 121
33 129
33 132
33 134
33 135
33 146
33 147
33 149
33 152
33 155
33 158
33 166
33 167
33 173
33 174
33 176
33 177
33 185
33 186
33 194
33 205
33 208
33 212
33 213
33 218
33 230
33 238
33 245
33 246
33 248
33 250
33 252
33 264
33 268
33 277
33 281
33 288
33 290
33 307
33 318
33 334
33 338
33 344
33 352
33 369
33 372
33 379
33 382
33 386
33 392
33 396
33 404
33 405
33 450
33 461
33 472
33 474
33 475
33 493
33 503
33 507
33 534
33 539
33 543
33 557
33 599
33 630
33 632
33 644
33 657
33 575
33 122
33 311
33 452
33 544
34 35
34 38
34 40
34 41
34 42
34 44
34 46
34 48
34 52
34 55
34 60
34 62
34 66
34 67
34 69
34 74
34 76
34 77
34 79
34 82
34 84
34 88
34 89
34 93
34 99
34 103
34 108
34 114
34 117
34 122
34 123
34 124
34 127
34 128
34 129
34 132
34 135
34 147
34 151
34 160
34 163
34 177
34 184
34 202
34 203
34 210
34 216
34 227
34 231
34 239
34 240
34 241
34 250
34 251
34 261
34 263
34 266
34 274
34 285
34 287
34 299
34 304
34 306
34 307
34 310
34 329
34 333
34 337
34 347
34 350
34 351
34 358
34 361
34 365
34 368
34 369
34 374
34 378
34 383
34 396
34 405
34 413
34 419
34 430
34 433
34 443
34 453
34 460
34 471
34 474
34 478
34 481
34 484
34 491
34 532
34 534
34 535
34 539
34 543
34 551
34 564
34 571
34 587
34 593
34 624
34 625
34 628
34 638
34 660
34 669
34 670
34 674
34 695
34 518
35 36
35 38
35 39
35 40
35 43
35 44
35 46
35 48
35 51
35 53
35 54
35 59
35 60
35 65
35 67
35 68
35 73
35 74
35 80
35 82
35 83
35 89
35 90
35 94
35 95
35 101
35 104
35 107
35 111
35 114
35 116
35 122
35 131
35 138
35 155
35 156
35 158
35 168
35 176
35 177
35 178
35 180
35 184
35 187
35 192
35 204
35 216
35 219
35 224
35 226
35 228
35 232
35 235
35 244
35 254
35 262
35 287
35 294
35 314
35 341
35 343
35 344
35 346
35 351
35 356
35 376
35 379
35 382
35 391
35 392
35 405
35 412
35 414
35 415
35 419
35 430
35 432
35 438
35 440
35 442
35 446
35 454
35 462
35 467
35 485
35 502
35 504
35 514
35 535
35 540
35 547
35 559
35 573
35 578
35 582
35 585
35 597
35 606
35 622
35 695
35 215
35 137
36 37
36 38
36 40
36 42
36 43
36 44
36 47
36 48
36 49
36 50
36 58
36 60
36 63
36 65
36 70
36 71
36 78
36 83
36 84
36 91
36 96
36 99
36 100
36 102
36 107
36 110
36 111
36 112
36 117
36 118
36 138
36 143
36 146
36 150
36 159
36 160
36 165
36 178
36 188
36 190
36 223
36 234
36 245
36 246
36 264
36 269
36 270
36 271
36 277
36 284
36 302
36 312
36 320
36 327
36 331
36 352
36 364
36 370
36 381
36 382
36 411
36 414
36 422
36 428
36 433
36 444
36 462
36 468
36 473
36 476
36 479
36 480
36 486
36 512
36 519
36 522
36 525
36 577
36 581
36 587
36 607
36 628
36 640
36 642
36 653
36 665
36 668
36 676
36 689
36 693
36 630
37 39
37 40
37 45
37 49
37 52
37 57
37 58
37 61
37 62
37 64
37 65
37 68
37 70
37 72
37 74
37 77
37 95
37 105
37 111
37 119
37 124
37 125
37 140
37 168
37 173
37 175
37 185
37 191
37 198
37 208
37 210
37 211
37 222
37 224
37 230
37 237
37 241
37 247
37 256
37 260
37 264
37 271
37 277
37 280
37 285
37 303
37 309
37 317
37 338
37 342
37 350
37 354
37 401
37 485
37 487
37 494
37 496
37 511
37 521
37 533
37 548
37 563
37 574
37 595
37 608
37 614
37 621
37 630
37 634
37 676
37 679
37 681
37 693
37 564
37 291
37 339
38 39
38 42
38 43
38 45
38 48
38 51
38 53
38 55
38 58
38 60
38 64
38 66
38 67
38 68
38 69
38 72
38 77
38 82
38 84
38 91
38 92
38 99
38 104
38 107
38 114
38 115
38 120
38 123
38 127
38 128
38 129
38 135
38 136
38 147
38 149
38 175
38 178
38 180
38 186
38 193
38 197
38 204
38 207
38 210
38 212
38 215
38 220
38 223
38 228
38 229
38 234
38 239
38 240
38 258
38 265
38 276
38 282
38 293
38 296
38 300
38 316
38 320
38 331
38 337
38 338
38 353
38 355
38 369
38 399
38 409
38 420
38 427
38 429
38 440
38 475
38 485
38 489
38 550
38 552
38 553
38 569
38 590
38 600
38 602
38 604
38 605
38 646
38 664
38 687
38 118
38 79
38 416
38 639
39 42
39 43
39 45
39 48
39 49
39 50
39 51
39 52
39 55
39 57
39 66
39 70
39 75
39 76
39 79
39 83
39 84
39 87
39 94
39 106
39 110
39 117
39 123
39 125
39 134
39 136
39 137
39 146
39 158
39 159
39 161
39 169
39 178
39 184
39 190
39 192
39 196
39 208
39 221
39 240
39 244
39 251
39 252
39 263
39 278
39 286
39 287
39 319
39 329
39 331
39 345
39 350
39 369
39 378
39 379
39 410
39 412
39 414
39 423
39 431
39 436
39 441
39 449
39 456
39 514
39 529
39 548
39 557
39 565
39 568
39 584
39 587
39 588
39 592
39 616
39 646
39 681
39 683
39 693
39 696
40 46
40 48
40 49
40 50
40 56
40 58
40 59
40 60
40 65
40 67
40 69
40 70
40 72
40 74
40 78
40 79
40 84
40 87
40 99
40 101
40 107
40 111
40 113
40 116
40 121
40 128
40 131
40 143
40 145
40 148
40 151
40 152
40 153
40 155
40 160
40 169
40 181
40 183
40 185
40 189
40 192
40 196
40 199
40 204
40 205
40 210
40 230
40 231
40 237
40 241
40 249
40 257
40 258
40 259
40 262
40 265
40 269
40 272
40 281
40 285
40 300
40 317
40 349
40 356
40 364
40 373
40 390
40 415
40 422
40 442
40 444
40 453
40 456
40 458
40 477
40 489
40 509
40 526
40 534
40 544
40 549
40 558
40 559
40 562
40 566
40 581
40 585
40 595
40 616
40 635
40 659
40 674
40 686
40 689
40 699
40 414
41 42
41 46
41 47
41 49
41 53
41 56
41 58
41 59
41 62
41 63
41 85
41 94
41 101
41 103
41 108
41 110
41 113
41 114
41 116
41 125
41 134
41 137
41 145
41 154
41 157
41 170
41 171
41 179
41 198
41 207
41 209
41 213
41 215
41 223
41 225
41 235
41 247
41 248
41 260
41 272
41 273
41 281
41 302
41 306
41 310
41 312
41 321
41 350
41 355
41 363
41 367
41 380
41 382
41 390
41 393
41 394
41 399
41 403
41 438
41 522
41 525
41 538
41 553
41 574
41 577
41 582
41 584
41 599
41 615
41 641
41 660
41 665
41 672
41 228
41 313
41 497
41 633
42 45
42 49
42 53
42 56
42 57
42 62
42 63
42 65
42 68
42 69
42 70
42 72
42 74
42 75
42 79
42 83
42 85
42 86
42 87
42 88
42 91
42 95
42 98
42 102
42 103
42 115
42 121
42 128
42 136
42 141
42 152
42 161
42 164
42 176
42 199
42 200
42 221
42 230
42 237
42 241
42 243
42 245
42 262
42 272
42 274
42 277
42 297
42 302
42 305
42 319
42 360
42 361
42 366
42 368
42 374
42 381
42 387
42 393
42 398
42 408
42 416
42 437
42 469
42 492
42 506
42 509
42 511
42 515
42 526
42 534
42 536
42 541
42 556
42 563
42 605
42 607
42 620
42 642
42 665
42 674
42 675
42 64
42 549
43 44
43 46
43 47
43 51
43 52
43 53
43 63
43 66
43 75
43 76
43 80
43 82
43 88
43 92
43 93
43 97
43 103
43 104
43 105
43 115
43 120
43 126
43 128
43 130
43 133
43 134
43 137
43 139
43 143
43 145
43 147
43 159
43 191
43 192
43 201
43 206
43 209
43 212
43 213
43 253
43 267
43 277
43 283
43 290
43 301
43 308
43 312
43 313
43 326
43 330
43 336
43 355
43 357
43 365
43 368
43 373
43 388
43 391
43 396
43 402
43 452
43 465
43 467
43 483
43 486
43 488
43 496
43 500
43 502
43 503
43 507
43 518
43 520
43 551
43 588
43 592
43 597
43 605
43 611
43 629
43 643
43 699
43 243
44 46
44 47
44 49
44 52
44 54
44 55
44 61
44 66
44 68
44 74
44 82
44 83
44 86
44 89
44 97
44 101
44 111
44 118
44 126
44 135
44 142
44 147
44 161
44 169
44 170
44 172
44 181
44 187
44 193
44 204
44 208
44 209
44 212
44 214
44 218
44 228
44 241
44 258
44 261
44 270
44 271
44 300
44 305
44 313
44 338
44 361
44 368
44 375
44 376
44 408
44 411
44 433
44 435
44 442
44 444
44 472
44 479
44 480
44 483
44 496
44 504
44 507
44 514
44 520
44 527
44 533
44 539
44 558
44 559
44 564
44 577
44 582
44 602
44 605
44 611
44 616
44 618
44 635
44 639
44 650
44 654
44 660
44 673
44 680
44 684
44 694
44 316
44 276
45 48
45 53
45 54
45 56
45 62
45 63
45 68
45 71
45 73
45 76
45 78
45 84
45 85
45 87
45 89
45 91
45 92
45 94
45 96
45 109
45 113
45 114
45 119
45 123
45 129
45 130
45 139
45 144
45 147
45 148
45 153
45 159
45 168
45 169
45 173
45 175
45 180
45 186
45 187
45 205
45 209
45 216
45 230
45 236
45 245
45 270
45 288
45 289
45 293
45 301
45 304
45 318
45 321
45 336
45 338
45 343
45 344
45 350
45 364
45 383
45 386
45 390
45 405
45 418
45 419
45 437
45 441
45 443
45 450
45 461
45 463
45 465
45 475
45 482
45 493
45 498
45 506
45 522
45 525
45 551
45 558
45 574
45 600
45 602
45 627
45 631
45 651
45 659
45 663
45 692
45 188
46 50
46 55
46 56
46 59
46 62
46 65
46 74
46 88
46 93
46 99
46 100
46 102
46 103
46 104
46 108
46 112
46 126
46 130
46 131
46 148
46 149
46 157
46 168
46 170
46 171
46 181
46 187
46 188
46 192
46 203
46 222
46 235
46 238
46 239
46 242
46 253
46 257
46 258
46 264
46 277
46 285
46 319
46 320
46 323
46 330
46 348
46 365
46 516
46 525
46 538
46 545
46 551
46 554
46 561
46 594
46 599
46 607
46 613
46 652
46 663
46 686
46 692
47 48
47 54
47 58
47 59
47 71
47 77
47 81
47 84
47 88
47 90
47 95
47 97
47 100
47 113
47 118
47 119
47 124
47 127
47 131
47 132
47 140
47 145
47 149
47 155
47 161
47 165
47 168
47 169
47 189
47 191
47 222
47 225
47 230
47 234
47 236
47 238
47 247
47 248
47 254
47 264
47 293
47 331
47 332
47 351
47 366
47 374
47 376
47 380
47 384
47 397
47 403
47 420
47 424
47 449
47 507
47 515
47 524
47 565
47 579
47 584
47 587
47 588
47 592
47 595
47 612
47 617
47 621
47 651
47 660
47 666
47 682
47 690
47 106
47 540
48 52
48 53
48 57
48 65
48 68
48 71
48 75
48 76
48 86
48 88
48 92
48 93
48 117
48 120
48 127
48 136
48 143
48 150
48 152
48 156
48 157
48 162
48 164
48 180
48 186
48 193
48 197
48 203
48 210
48 216
48 217
48 227
48 238
48 250
48 254
48 260
48 279
48 298
48 302
48 306
48 311
48 314
48 316
48 317
48 322
48 330
48 340
48 350
48 357
48 366
48 397
48 410
48 424
48 440
48 457
48 463
48 467
48 478
48 498
48 503
48 507
48 525
48 529
48 531
48 538
48 556
48 565
48 576
48 578
48 587
48 606
48 622
48 641
48 644
48 657
48 666
48 684
48 692
48 169
49 51
49 52
49 53
49 56
49 67
49 71
49 75
49 82
49 88
49 90
49 91
49 94
49 98
49 109
49 113
49 134
49 138
49 139
49 149
49 151
49 154
49 155
49 159
49 183
49 211
49 236
49 253
49 257
49 267
49 269
49 276
49 280
49 290
49 298
49 301
49 317
49 327
49 329
49 334
49 356
49 362
49 363
49 364
49 395
49 401
49 403
49 405
49 409
49 429
49 430
49 433
49 448
49 459
49 471
49 478
49 487
49 489
49 490
49 502
49 504
49 523
49 537
49 541
49 592
49 598
49 608
49 615
49 671
49 695
49 222
49 272
50 54
50 60
50 62
50 63
50 65
50 68
50 72
50 74
50 76
50 81
50 88
50 90
50 93
50 98
50 105
50 107
50 108
50 114
50 120
50 121
50 123
50 126
50 128
50 131
50 135
50 146
50 153
50 156
50 166
50 172
50 176
50 181
50 182
50 185
50 188
50 195
50 200
50 211
50 214
50 220
50 224
50 255
50 276
50 292
50 296
50 301
50 307
50 316
50 331
50 335
50 339
50 340
50 343
50 351
50 362
50 375
50 380
50 390
50 392
50 432
50 441
50 460
50 476
50 477
50 487
50 493
50 497
50 498
50 501
50 510
50 516
50 517
50 524
50 529
50 550
50 558
50 562
50 590
50 591
50 618
50 624
50 626
50 644
50 648
50 671
50 674
50 680
50 685
50 697
50 209
50 467
51 55
51 56
51 57
51 59
51 61
51 62
51 63
51 66
51 69
51 73
51 76
51 77
51 79
51 82
51 83
51 94
51 97
51 98
51 101
51 109
51 117
51 118
51 121
51 132
51 138
51 146
51 156
51 158
51 160
51 163
51 169
51 172
51 178
51 179
51 183
51 189
51 193
51 201
51 208
51 216
51 217
51 225
51 229
51 231
51 243
51 244
51 246
51 251
51 252
51 253
51 259
51 260
51 261
51 272
51 275
51 278
51 279
51 288
51 297
51 298
51 300
51 305
51 306
51 308
51 312
51 315
51 316
51 322
51 326
51 327
51 340
51 351
51 363
51 367
51 370
51 383
51 387
51 388
51 391
51 393
51 395
51 405
51 441
51 462
51 467
51 484
51 522
51 525
51 556
51 560
51 563
51 568
51 573
51 584
51 591
51 592
51 613
51 632
51 639
51 653
51 658
51 660
51 667
51 680
51 681
51 687
51 238
52 53
52 56
52 59
52 60
52 61
52 62
52 65
52 67
52 72
52 74
52 79
52 92
52 94
52 100
52 109
52 116
52 120
52 127
52 128
52 137
52 143
52 162
52 165
52 173
52 174
52 176
52 217
52 229
52 234
52 242
52 249
52 262
52 270
52 278
52 297
52 328
52 329
52 330
52 335
52 346
52 347
52 354
52 361
52 362
52 425
52 429
52 436
52 441
52 447
52 449
52 455
52 464
52 474
52 477
52 486
52 497
52 501
52 533
52 582
52 586
52 603
52 606
52 625
52 652
52 654
52 661
52 693
52 463
53 54
53 55
53 60
53 62
53 63
53 64
53 65
53 66
53 71
53 72
53 80
53 90
53 91
53 97
53 100
53 101
53 103
53 107
53 110
53 119
53 121
53 122
53 132
53 136
53 137
53 142
53 143
53 148
53 152
53 153
53 155
53 159
53 163
53 172
53 184
53 188
53 196
53 198
53 202
53 203
53 211
53 213
53 222
53 239
53 240
53 258
53 276
53 282
53 290
53 305
53 308
53 332
53 341
53 359
53 378
53 405
53 457
53 462
53 464
53 486
53 530
53 575
53 585
53 606
53 631
53 639
53 648
53 657
53 688
53 521
53 543
53 684
54 58
54 67
54 68
54 84
54 85
54 95
54 103
54 116
54 119
54 124
54 128
54 156
54 158
54 164
54 176
54 192
54 204
54 209
54 220
54 239
54 245
54 260
54 274
54 278
54 303
54 319
54 325
54 331
54 377
54 379
54 385
54 386
54 395
54 417
54 428
54 430
54 431
54 434
54 435
54 464
54 469
54 486
54 497
54 503
54 505
54 506
54 518
54 531
54 548
54 557
54 578
54 593
54 600
54 603
54 605
54 633
54 646
54 648
54 682
55 58
55 61
55 73
55 82
55 92
55 96
55 100
55 103
55 112
55 134
55 136
55 137
55 139
55 148
55 166
55 215
55 219
55 221
55 236
55 255
55 294
55 329
55 339
55 340
55 358
55 412
55 432
55 461
55 510
55 521
55 547
55 559
55 580
55 584
55 596
55 600
55 611
55 625
55 629
55 658
55 689
55 102
56 64
56 69
56 70
56 71
56 72
56 78
56 90
56 91
56 93
56 103
56 104
56 115
56 116
56 117
56 129
56 133
56 139
56 144
56 153
56 156
56 160
56 162
56 164
56 166
56 169
56 181
56 185
56 187
56 188
56 197
56 205
56 207
56 217
56 225
56 226
56 246
56 249
56 259
56 261
56 280
56 295
56 299
56 313
56 319
56 330
56 341
56 342
56 354
56 358
56 368
56 375
56 381
56 383
56 417
56 424
56 432
56 433
56 434
56 435
56 437
56 445
56 466
56 472
56 474
56 482
56 489
56 497
56 502
56 508
56 510
56 519
56 531
56 550
56 557
56 575
56 662
56 664
56 670
56 698
56 699
56 566
57 60
57 62
57 65
57 72
57 76
57 80
57 84
57 85
57 95
57 100
57 110
57 115
57 116
57 117
57 118
57 126
57 127
57 132
57 134
57 139
57 146
57 148
57 150
57 152
57 154
57 167
57 171
57 182
57 218
57 254
57 262
57 268
57 287
57 292
57 301
57 308
57 310
57 315
57 316
57 323
57 324
57 345
57 350
57 381
57 409
57 410
57 414
57 418
57 436
57 437
57 443
57 451
57 454
57 457
57 470
57 472
57 480
57 483
57 495
57 497
57 538
57 540
57 560
57 571
57 573
57 574
57 602
57 609
57 617
57 619
57 660
57 661
57 186
57 442
58 64
58 68
58 70
58 78
58 81
58 98
58 99
58 114
58 133
58 134
58 141
58 148
58 173
58 180
58 189
58 211
58 249
58 340
58 353
58 443
58 452
58 460
58 510
58 515
58 550
58 582
58 593
58 613
58 615
58 673
58 695
58 350
59 60
59 64
59 67
59 68
59 69
59 71
59 77
59 81
59 92
59 100
59 104
59 108
59 118
59 123
59 124
59 128
59 150
59 156
59 168
59 183
59 184
59 191
59 195
59 202
59 204
59 211
59 218
59 220
59 239
59 265
59 291
59 305
59 306
59 316
59 325
59 351
59 371
59 372
59 375
59 410
59 436
59 441
59 447
59 477
59 482
59 485
59 519
59 524
59 528
59 536
59 542
59 588
59 595
59 605
59 609
59 642
59 670
59 674
59 684
59 685
59 692
60 62
60 68
60 73
60 81
60 82
60 84
60 87
60 89
60 93
60 97
60 99
60 101
60 105
60 111
60 112
60 114
60 115
60 134
60 135
60 136
60 139
60 151
60 153
60 155
60 157
60 172
60 174
60 179
60 187
60 194
60 201
60 205
60 213
60 214
60 219
60 221
60 224
60 225
60 234
60 250
60 251
60 256
60 266
60 268
60 300
60 303
60 307
60 316
60 350
60 354
60 356
60 391
60 393
60 394
60 454
60 469
60 495
60 508
60 517
60 529
60 546
60 552
60 557
60 564
60 601
60 604
60 606
60 625
60 626
60 631
60 635
60 637
60 655
60 661
60 679
60 686
60 479
61 67
61 69
61 72
61 73
61 85
61 90
61 96
61 98
61 107
61 118
61 122
61 127
61 128
61 131
61 139
61 142
61 148
61 149
61 161
61 170
61 172
61 189
61 206
61 213
61 232
61 261
61 267
61 269
61 288
61 296
61 297
61 301
61 306
61 307
61 309
61 311
61 317
61 325
61 331
61 372
61 380
61 402
61 408
61 413
61 432
61 434
61 448
61 464
61 488
61 489
61 504
61 533
61 552
61 574
61 581
61 611
61 613
61 636
61 648
61 655
61 677
61 687
61 689
61 696
61 697
61 183
61 319
62 70
62 72
62 79
62 92
62 100
62 106
62 107
62 115
62 123
62 126
62 135
62 138
62 161
62 162
62 168
62 175
62 177
62 179
62 181
62 186
62 187
62 188
62 194
62 201
62 210
62 214
62 221
62 241
62 282
62 287
62 290
62 294
62 313
62 314
62 327
62 339
62 348
62 367
62 372
62 373
62 376
62 383
62 389
62 391
62 393
62 401
62 409
62 415
62 419
62 426
62 427
62 430
62 463
62 464
62 476
62 481
62 487
62 490
62 533
62 535
62 556
62 569
62 587
62 592
62 599
62 626
62 633
62 645
62 652
62 661
62 665
63 66
63 67
63 68
63 70
63 71
63 72
63 83
63 87
63 94
63 97
63 102
63 105
63 108
63 113
63 118
63 122
63 129
63 136
63 145
63 146
63 154
63 162
63 167
63 206
63 213
63 214
63 215
63 222
63 224
63 229
63 230
63 235
63 237
63 256
63 258
63 261
63 264
63 275
63 277
63 278
63 294
63 311
63 333
63 338
63 347
63 349
63 351
63 360
63 366
63 374
63 378
63 391
63 399
63 401
63 423
63 424
63 426
63 428
63 448
63 451
63 454
63 478
63 548
63 560
63 565
63 574
63 579
63 603
63 611
63 614
63 623
63 627
63 648
63 652
63 666
63 691
63 696
63 300
63 659
64 80
64 88
64 92
64 103
64 109
64 112
64 113
64 121
64 124
64 132
64 133
64 134
64 140
64 144
64 150
64 156
64 159
64 162
64 206
64 231
64 245
64 248
64 263
64 275
64 291
64 301
64 320
64 323
64 324
64 342
64 362
64 371
64 414
64 416
64 419
64 433
64 437
64 456
64 458
64 485
64 497
64 550
64 552
64 578
64 585
64 624
64 639
64 653
64 165
65 68
65 72
65 86
65 92
65 102
65 105
65 108
65 109
65 117
65 119
65 124
65 133
65 138
65 141
65 143
65 179
65 188
65 192
65 193
65 198
65 200
65 207
65 217
65 223
65 227
65 284
65 296
65 298
65 346
65 360
65 366
65 372
65 381
65 385
65 420
65 438
65 443
65 448
65 450
65 473
65 479
65 481
65 526
65 528
65 532
65 560
65 569
65 575
65 595
65 629
65 641
65 642
65 664
65 673
65 139
65 548
66 135
66 147
66 154
66 169
66 190
66 198
66 207
66 217
66 219
66 237
66 247
66 248
66 288
66 298
66 306
66 313
66 315
66 317
66 321
66 349
66 408
66 410
66 423
66 447
66 487
66 500
66 572
66 628
66 636
66 697
66 143
67 70
67 83
67 85
67 87
67 88
67 92
67 105
67 124
67 127
67 133
67 134
67 159
67 183
67 192
67 204
67 210
67 220
67 227
67 272
67 287
67 292
67 324
67 327
67 350
67 352
67 367
67 468
67 471
67 489
67 491
67 495
67 502
67 512
67 518
67 546
67 549
67 551
67 554
67 563
67 583
67 602
67 623
67 649
67 661
67 665
67 674
68 70
68 77
68 80
68 81
68 85
68 89
68 92
68 96
68 102
68 107
68 111
68 113
68 121
68 128
68 129
68 132
68 150
68 156
68 157
68 158
68 161
68 162
68 163
68 173
68 181
68 189
68 220
68 229
68 242
68 250
68 262
68 266
68 284
68 291
68 294
68 296
68 299
68 301
68 304
68 305
68 307
68 343
68 353
68 360
68 373
68 410
68 418
68 434
68 466
68 485
68 493
68 524
68 527
68 550
68 559
68 564
68 579
68 595
68 604
68 654
68 658
68 664
68 665
68 669
68 670
68 680
68 530
68 87
69 79
69 80
69 84
69 88
69 102
69 108
69 111
69 113
69 122
69 144
69 151
69 160
69 171
69 204
69 215
69 223
69 226
69 259
69 283
69 284
69 290
69 298
69 324
69 327
69 366
69 376
69 407
69 515
69 534
69 537
69 588
69 637
69 645
69 678
69 698
69 190
70 73
70 87
70 94
70 106
70 141
70 142
70 143
70 150
70 163
70 190
70 194
70 198
70 205
70 206
70 214
70 217
70 223
70 229
70 231
70 256
70 286
70 338
70 355
70 365
70 379
70 390
70 406
70 408
70 461
70 470
70 491
70 520
70 525
70 550
70 568
70 577
70 643
70 674
70 684
70 690
70 343
71 79
71 81
71 83
71 86
71 96
71 107
71 109
71 111
71 122
71 130
71 136
71 138
71 144
71 145
71 157
71 170
71 175
71 180
71 189
71 212
71 217
71 225
71 236
71 238
71 240
71 241
71 259
71 261
71 268
71 272
71 281
71 309
71 337
71 345
71 364
71 381
71 385
71 403
71 404
71 418
71 421
71 453
71 464
71 488
71 500
71 502
71 509
71 531
71 544
71 559
71 573
71 583
71 586
71 596
71 607
71 614
71 621
71 625
71 643
71 645
71 648
71 681
72 75
72 79
72 82
72 89
72 95
72 98
72 100
72 104
72 110
72 116
72 118
72 119
72 134
72 155
72 162
72 167
72 175
72 176
72 177
72 178
72 183
72 192
72 199
72 203
72 214
72 240
72 255
72 262
72 271
72 291
72 293
72 304
72 314
72 315
72 318
72 325
72 339
72 343
72 347
72 358
72 364
72 373
72 374
72 398
72 405
72 415
72 421
72 422
72 423
72 424
72 426
72 442
72 444
72 463
72 481
72 499
72 520
72 525
72 526
72 551
72 583
72 603
72 209
72 590
73 81
73 86
73 87
73 90
73 93
73 109
73 118
73 121
73 126
73 136
73 157
73 173
73 177
73 218
73 226
73 229
73 236
73 239
73 261
73 269
73 280
73 298
73 310
73 334
73 394
73 397
73 465
73 473
73 482
73 500
73 520
73 536
73 546
73 569
73 584
73 592
73 668
73 683
74 75
74 80
74 81
74 100
74 105
74 115
74 117
74 119
74 132
74 138
74 148
74 160
74 172
74 201
74 205
74 215
74 275
74 286
74 289
74 299
74 327
74 330
74 346
74 364
74 394
74 417
74 425
74 446
74 447
74 461
74 468
74 490
74 509
74 514
74 515
74 575
74 595
74 632
74 652
74 665
74 675
74 686
74 85
75 92
75 105
75 112
75 139
75 142
75 157
75 190
75 200
75 203
75 237
75 263
75 279
75 282
75 283
75 288
75 315
75 321
75 388
75 407
75 435
75 445
75 469
75 495
75 514
75 523
75 537
75 542
75 549
75 562
75 584
75 597
75 639
75 694
75 113
76 82
76 83
76 95
76 114
76 115
76 117
76 121
76 122
76 123
76 124
76 131
76 143
76 147
76 149
76 151
76 153
76 155
76 160
76 167
76 169
76 170
76 173
76 178
76 184
76 185
76 191
76 197
76 202
76 203
76 212
76 215
76 238
76 239
76 241
76 244
76 251
76 266
76 271
76 279
76 292
76 299
76 303
76 351
76 354
76 367
76 375
76 400
76 415
76 426
76 429
76 468
76 518
76 535
76 567
76 568
76 577
76 589
76 617
76 626
76 658
76 669
76 676
76 686
76 599
76 283
76 361
76 667
76 670
77 81
77 90
77 112
77 138
77 161
77 184
77 225
77 229
77 255
77 266
77 274
77 304
77 305
77 310
77 320
77 334
77 352
77 373
77 395
77 403
77 411
77 413
77 418
77 461
77 463
77 471
77 476
77 477
77 484
77 495
77 514
77 523
77 551
77 576
77 592
77 631
77 640
77 653
77 691
77 695
77 698
78 80
78 88
78 95
78 96
78 99
78 122
78 130
78 131
78 142
78 145
78 165
78 184
78 207
78 213
78 222
78 228
78 237
78 253
78 257
78 324
78 330
78 343
78 349
78 369
78 377
78 379
78 387
78 389
78 391
78 400
78 440
78 519
78 537
78 566
78 571
78 604
78 628
78 654
78 660
78 591
79 87
79 91
79 95
79 108
79 110
79 137
79 141
79 149
79 183
79 221
79 248
79 260
79 267
79 291
79 294
79 302
79 322
79 350
79 377
79 378
79 393
79 422
79 485
79 508
79 523
79 565
79 606
79 637
79 650
79 653
79 674
80 89
80 93
80 94
80 97
80 98
80 106
80 112
80 114
80 121
80 131
80 143
80 170
80 179
80 181
80 185
80 188
80 204
80 214
80 216
80 217
80 242
80 282
80 284
80 288
80 303
80 344
80 377
80 406
80 436
80 460
80 473
80 510
80 545
80 579
80 605
80 621
80 635
80 665
80 679
80 696
80 680
81 82
81 84
81 86
81 88
81 94
81 96
81 101
81 112
81 122
81 125
81 126
81 130
81 140
81 174
81 185
81 216
81 222
81 272
81 299
81 324
81 328
81 339
81 347
81 349
81 372
81 374
81 382
81 397
81 399
81 429
81 449
81 469
81 488
81 594
81 604
81 641
81 658
81 667
81 673
81 678
81 686
82 90
82 91
82 93
82 99
82 100
82 109
82 114
82 126
82 127
82 131
82 137
82 141
82 142
82 150
82 152
82 153
82 159
82 163
82 167
82 169
82 174
82 176
82 183
82 190
82 191
82 208
82 211
82 226
82 229
82 241
82 262
82 276
82 283
82 287
82 289
82 291
82 313
82 357
82 372
82 379
82 424
82 491
82 494
82 519
82 547
82 559
82 562
82 583
82 603
82 612
82 629
82 674
82 669
83 91
83 96
83 98
83 104
83 106
83 107
83 112
83 114
83 119
83 129
83 130
83 145
83 159
83 194
83 217
83 233
83 242
83 248
83 256
83 268
83 289
83 293
83 311
83 334
83 335
83 352
83 365
83 366
83 375
83 400
83 427
83 434
83 437
83 441
83 469
83 489
83 501
83 519
83 554
83 555
83 666
83 677
83 682
83 687
83 395
84 97
84 108
84 129
84 132
84 153
84 154
84 171
84 178
84 203
84 206
84 208
84 211
84 223
84 226
84 242
84 264
84 266
84 268
84 282
84 330
84 345
84 350
84 376
84 418
84 443
84 468
84 470
84 471
84 477
84 481
84 584
84 588
84 596
84 598
84 599
84 613
84 649
84 650
84 680
84 329
85 91
85 98
85 100
85 104
85 108
85 119
85 125
85 136
85 140
85 165
85 166
85 193
85 237
85 242
85 245
85 285
85 302
85 304
85 309
85 310
85 316
85 322
85 333
85 338
85 345
85 349
85 387
85 389
85 432
85 463
85 472
85 560
85 570
85 572
85 590
85 614
85 619
85 641
85 663
85 694
86 87
86 88
86 92
86 97
86 115
86 129
86 136
86 141
86 144
86 148
86 164
86 166
86 175
86 183
86 191
86 219
86 228
86 254
86 257
86 262
86 275
86 279
86 281
86 325
86 330
86 357
86 364
86 367
86 372
86 392
86 443
86 468
86 491
86 510
86 554
86 564
86 567
86 582
86 622
86 638
86 651
86 649
87 89
87 90
87 93
87 100
87 123
87 125
87 131
87 141
87 148
87 152
87 153
87 165
87 175
87 179
87 182
87 183
87 208
87 218
87 219
87 221
87 230
87 240
87 259
87 263
87 265
87 272
87 309
87 311
87 316
87 317
87 363
87 394
87 401
87 403
87 422
87 424
87 454
87 458
87 471
87 478
87 480
87 489
87 500
87 512
87 528
87 562
87 566
87 584
87 626
87 656
87 669
87 685
87 695
88 97
88 121
88 139
88 144
88 149
88 165
88 190
88 209
88 219
88 232
88 234
88 257
88 296
88 300
88 315
88 343
88 347
88 349
88 353
88 357
88 380
88 381
88 390
88 416
88 429
88 449
88 517
88 567
88 607
88 618
88 621
89 96
89 110
89 116
89 120
89 125
89 134
89 143
89 161
89 168
89 202
89 224
89 237
89 243
89 257
89 258
89 309
89 318
89 336
89 347
89 359
89 390
89 402
89 404
89 408
89 472
89 481
89 493
89 499
89 518
89 541
89 553
89 570
89 619
89 638
89 675
89 678
89 680
89 687
89 699
89 595
89 685
90 91
90 106
90 114
90 126
90 135
90 141
90 147
90 153
90 170
90 182
90 210
90 222
90 228
90 232
90 248
90 262
90 269
90 282
90 320
90 326
90 338
90 351
90 352
90 363
90 381
90 382
90 385
90 390
90 391
90 419
90 437
90 466
90 482
90 490
90 535
90 542
90 549
90 563
90 589
90 610
90 670
90 677
90 380
90 494
91 105
91 114
91 121
91 129
91 133
91 134
91 142
91 149
91 156
91 162
91 166
91 176
91 207
91 244
91 290
91 301
91 324
91 328
91 351
91 380
91 383
91 403
91 425
91 427
91 453
91 488
91 512
91 539
91 560
91 588
91 625
91 650
91 660
92 95
92 103
92 111
92 124
92 127
92 132
92 142
92 164
92 184
92 191
92 193
92 196
92 200
92 241
92 250
92 298
92 306
92 314
92 329
92 337
92 351
92 357
92 358
92 367
92 368
92 371
92 375
92 392
92 411
92 414
92 416
92 452
92 487
92 498
92 532
92 543
92 586
92 644
92 658
92 672
92 676
92 699
93 98
93 99
93 101
93 133
93 145
93 150
93 151
93 152
93 160
93 163
93 171
93 178
93 180
93 182
93 186
93 193
93 194
93 195
93 203
93 219
93 228
93 240
93 253
93 255
93 262
93 273
93 299
93 309
93 312
93 355
93 394
93 402
93 407
93 411
93 415
93 417
93 421
93 425
93 441
93 461
93 496
93 569
93 572
93 594
93 619
93 693
94 102
94 112
94 113
94 119
94 130
94 133
94 156
94 167
94 187
94 188
94 206
94 224
94 234
94 235
94 243
94 283
94 366
94 367
94 385
94 409
94 412
94 418
94 458
94 519
94 526
94 536
94 564
94 635
94 687
95 98
95 141
95 145
95 166
95 175
95 185
95 188
95 195
95 199
95 207
95 239
95 241
95 254
95 261
95 271
95 286
95 294
95 307
95 319
95 322
95 332
95 335
95 343
95 354
95 358
95 376
95 385
95 392
95 415
95 418
95 445
95 455
95 467
95 481
95 513
95 544
95 551
95 560
95 605
95 626
95 687
95 432
95 179
96 105
96 109
96 113
96 119
96 124
96 151
96 154
96 157
96 167
96 170
96 178
96 180
96 189
96 192
96 197
96 201
96 212
96 218
96 231
96 243
96 259
96 267
96 276
96 295
96 355
96 365
96 374
96 416
96 431
96 432
96 459
96 481
96 513
96 532
96 539
96 540
96 578
96 587
96 608
96 612
96 625
96 628
96 653
96 685
96 149
96 260
96 415
97 98
97 99
97 101
97 115
97 126
97 137
97 152
97 154
97 166
97 175
97 192
97 195
97 197
97 249
97 255
97 267
97 279
97 353
97 360
97 396
97 403
97 404
97 446
97 455
97 479
97 526
97 558
97 615
97 644
98 100
98 108
98 122
98 126
98 132
98 138
98 146
98 148
98 150
98 175
98 177
98 180
98 186
98 194
98 203
98 208
98 235
98 236
98 251
98 254
98 256
98 259
98 268
98 271
98 290
98 291
98 295
98 337
98 347
98 362
98 389
98 398
98 411
98 415
98 429
98 438
98 445
98 461
98 463
98 466
98 493
98 497
98 512
98 517
98 521
98 545
98 552
98 567
98 578
98 586
98 590
98 640
98 683
98 686
98 457
99 105
99 113
99 114
99 117
99 123
99 124
99 130
99 135
99 157
99 175
99 181
99 187
99 190
99 192
99 207
99 209
99 215
99 218
99 225
99 232
99 235
99 247
99 259
99 270
99 324
99 334
99 343
99 356
99 357
99 364
99 394
99 399
99 400
99 407
99 412
99 416
99 421
99 426
99 434
99 456
99 460
99 504
99 506
99 532
99 540
99 603
99 658
99 674
99 302
100 119
100 140
100 142
100 151
100 160
100 161
100 169
100 185
100 199
100 213
100 232
100 234
100 244
100 261
100 267
100 277
100 288
100 298
100 304
100 342
100 357
100 365
100 367
100 370
100 400
100 413
100 419
100 427
100 435
100 440
100 470
100 478
100 483
100 520
100 555
100 558
100 567
100 570
100 604
100 616
100 639
100 670
100 168
101 119
101 125
101 150
101 172
101 182
101 196
101 215
101 224
101 232
101 243
101 245
101 257
101 258
101 337
101 341
101 342
101 345
101 366
101 379
101 388
101 395
101 444
101 449
101 452
101 456
101 457
101 458
101 482
101 496
101 499
101 548
101 556
101 590
101 629
101 635
101 637
101 639
101 643
101 675
101 173
101 679
102 105
102 112
102 118
102 144
102 155
102 162
102 166
102 185
102 186
102 190
102 193
102 195
102 201
102 221
102 222
102 249
102 268
102 296
102 297
102 305
102 318
102 327
102 334
102 344
102 397
102 431
102 447
102 452
102 477
102 478
102 527
102 528
102 541
102 545
102 552
102 579
102 596
102 619
103 124
103 133
103 140
103 142
103 176
103 187
103 212
103 220
103 237
103 258
103 283
103 290
103 293
103 307
103 313
103 331
103 351
103 373
103 399
103 407
103 416
103 453
103 460
103 472
103 493
103 500
103 510
103 519
103 524
103 526
103 541
103 542
103 556
103 568
103 570
103 580
103 584
103 611
103 651
103 674
103 339
104 116
104 118
104 138
104 139
104 152
104 154
104 182
104 208
104 267
104 270
104 324
104 336
104 347
104 356
104 387
104 429
104 448
104 458
104 460
104 467
104 494
104 515
104 524
104 537
104 541
104 567
104 600
104 616
104 651
105 118
105 152
105 160
105 169
105 183
105 193
105 206
105 208
105 218
105 223
105 227
105 233
105 251
105 252
105 260
105 270
105 272
105 282
105 288
105 298
105 300
105 315
105 362
105 369
105 373
105 374
105 382
105 401
105 422
105 439
105 458
105 459
105 465
105 471
105 524
105 551
105 577
105 581
105 318
105 345
105 363
106 109
106 112
106 133
106 164
106 167
106 170
106 195
106 207
106 214
106 219
106 224
106 244
106 254
106 276
106 288
106 304
106 339
106 373
106 409
106 513
106 543
106 558
106 566
106 567
106 571
106 608
106 610
106 618
106 626
106 649
106 672
106 231
106 381
107 171
107 172
107 173
107 191
107 236
107 249
107 260
107 268
107 275
107 302
107 333
107 386
107 395
107 424
107 434
107 441
107 464
107 474
107 495
107 590
107 647
107 649
107 679
107 428
107 505
108 151
108 162
108 164
108 167
108 182
108 209
108 212
108 215
108 226
108 240
108 243
108 246
108 261
108 265
108 293
108 313
108 314
108 318
108 353
108 382
108 395
108 398
108 405
108 412
108 446
108 454
108 458
108 508
108 552
108 564
108 568
108 576
108 607
108 639
108 653
108 670
108 682
108 684
108 695
108 696
108 169
108 437
109 121
109 145
109 162
109 174
109 188
109 190
109 208
109 220
109 255
109 271
109 279
109 322
109 357
109 368
109 379
109 412
109 421
109 438
109 460
109 469
109 473
109 492
109 581
109 598
109 601
109 602
109 604
109 640
109 652
109 659
109 667
109 277
110 120
110 131
110 140
110 142
110 151
110 203
110 224
110 238
110 253
110 269
110 405
110 450
110 498
110 516
110 536
110 540
110 546
110 565
110 600
110 612
110 658
110 667
110 680
110 411
111 115
111 116
111 135
111 143
111 144
111 148
111 152
111 156
111 157
111 174
111 176
111 198
111 204
111 209
111 220
111 230
111 257
111 259
111 283
111 292
111 337
111 349
111 353
111 389
111 415
111 426
111 446
111 486
111 498
111 512
111 523
111 526
111 528
111 542
111 570
111 625
111 627
111 696
111 253
111 436
112 124
112 150
112 186
112 193
112 200
112 242
112 273
112 314
112 350
112 378
112 387
112 406
112 421
112 464
112 470
112 474
112 510
112 559
112 591
112 615
112 640
112 367
113 120
113 128
113 154
113 173
113 177
113 182
113 191
113 194
113 205
113 212
113 231
113 238
113 256
113 260
113 276
113 292
113 295
113 298
113 341
113 346
113 391
113 397
113 446
113 452
113 476
113 481
113 518
113 521
113 524
113 598
113 601
113 686
113 281
113 495
114 116
114 126
114 140
114 196
114 198
114 199
114 206
114 227
114 233
114 257
114 279
114 286
114 289
114 319
114 369
114 371
114 387
114 394
114 404
114 417
114 436
114 456
114 487
114 514
114 532
114 540
114 611
114 669
115 137
115 153
115 155
115 160
115 173
115 174
115 186
115 196
115 202
115 213
115 214
115 216
115 230
115 238
115 250
115 252
115 265
115 266
115 281
115 285
115 299
115 322
115 334
115 343
115 357
115 412
115 431
115 448
115 453
115 467
115 475
115 486
115 490
115 527
115 564
115 584
115 605
115 610
115 616
115 627
115 657
115 660
115 695
115 699
116 139
116 154
116 180
116 181
116 187
116 208
116 209
116 253
116 262
116 282
116 294
116 302
116 389
116 399
116 401
116 406
116 418
116 431
116 438
116 444
116 456
116 502
116 589
116 622
116 660
116 694
116 198
117 125
117 130
117 134
117 146
117 157
117 172
117 173
117 182
117 186
117 191
117 193
117 194
117 201
117 217
117 244
117 282
117 287
117 292
117 300
117 311
117 340
117 362
117 368
117 376
117 394
117 465
117 491
117 499
117 501
117 503
117 515
117 530
117 542
117 570
117 591
117 596
117 597
117 621
117 669
117 699
117 523
118 120
118 181
118 194
118 223
118 226
118 232
118 269
118 280
118 286
118 313
118 347
118 389
118 391
118 494
118 495
118 524
118 536
118 537
118 649
118 696
118 201
118 340
119 127
119 131
119 163
119 174
119 176
119 177
119 179
119 232
119 241
119 249
119 288
119 305
119 328
119 345
119 389
119 396
119 414
119 421
119 424
119 431
119 480
119 488
119 509
119 610
119 659
119 673
119 234
120 122
120 125
120 137
120 142
120 198
120 227
120 240
120 246
120 268
120 271
120 298
120 326
120 329
120 334
120 357
120 473
120 504
120 516
120 527
120 533
120 535
120 544
120 573
120 598
120 657
120 348
121 123
121 141
121 151
121 154
121 163
121 165
121 166
121 178
121 187
121 200
121 211
121 247
121 248
121 304
121 309
121 339
121 369
121 382
121 389
121 397
121 399
121 438
121 443
121 480
121 549
121 572
121 579
121 585
121 589
121 593
121 646
121 677
121 698
122 136
122 146
122 147
122 160
122 177
122 193
122 213
122 239
122 271
122 274
122 275
122 293
122 300
122 312
122 318
122 327
122 338
122 344
122 379
122 382
122 402
122 421
122 442
122 446
122 489
122 516
122 580
122 680
122 594
123 135
123 146
123 158
123 176
123 177
123 216
123 224
123 235
123 246
123 300
123 327
123 388
123 396
123 409
123 428
123 429
123 433
123 439
123 443
123 444
123 455
123 473
123 481
123 501
123 526
123 527
123 537
123 543
123 601
123 623
123 626
123 629
123 645
123 646
123 694
123 394
124 125
124 151
124 161
124 181
124 197
124 221
124 234
124 246
124 263
124 280
124 291
124 299
124 302
124 311
124 313
124 319
124 328
124 360
124 417
124 439
124 456
124 493
124 513
124 518
124 545
124 548
124 552
124 557
124 559
124 580
124 672
124 532
124 425
125 132
125 158
125 191
125 211
125 241
125 272
125 275
125 326
125 371
125 374
125 385
125 402
125 489
125 544
125 559
125 616
125 644
125 663
125 684
125 685
125 218
126 132
126 133
126 142
126 146
126 154
126 185
126 186
126 199
126 212
126 221
126 224
126 242
126 252
126 257
126 273
126 281
126 282
126 287
126 293
126 304
126 306
126 329
126 333
126 370
126 396
126 410
126 414
126 429
126 460
126 501
126 525
126 530
126 531
126 543
126 572
126 582
126 598
126 622
126 644
126 649
126 662
126 675
126 629
126 588
127 207
127 225
127 240
127 261
127 262
127 298
127 301
127 305
127 320
127 330
127 346
127 363
127 383
127 425
127 433
127 466
127 480
127 483
127 484
127 520
127 542
127 545
127 563
127 568
127 621
127 626
127 628
127 636
127 641
128 136
128 137
128 146
128 153
128 162
128 172
128 174
128 184
128 192
128 195
128 212
128 213
128 226
128 247
128 249
128 259
128 269
128 284
128 301
128 312
128 325
128 347
128 348
128 371
128 372
128 378
128 394
128 408
128 411
128 465
128 470
128 480
128 517
128 521
128 615
128 625
128 672
128 495
129 137
129 181
129 197
129 227
129 244
129 272
129 274
129 338
129 341
129 363
129 368
129 382
129 389
129 417
129 441
129 447
129 484
129 491
129 532
129 540
129 548
129 591
129 593
129 626
129 636
129 688
129 392
129 557
129 619
130 177
130 182
130 194
130 196
130 215
130 216
130 256
130 267
130 270
130 291
130 410
130 422
130 448
130 454
130 471
130 522
130 545
130 592
130 640
130 641
130 556
131 139
131 176
131 222
131 228
131 233
131 278
131 316
131 319
131 331
131 365
131 403
131 431
131 448
131 466
131 476
131 508
131 561
131 577
131 588
131 607
131 678
131 699
132 154
132 164
132 204
132 227
132 229
132 252
132 278
132 302
132 306
132 307
132 333
132 341
132 354
132 417
132 430
132 448
132 461
132 493
132 518
132 521
132 529
132 543
132 567
132 571
132 585
132 594
132 614
132 625
132 632
132 646
132 654
132 499
133 164
133 174
133 202
133 222
133 295
133 325
133 376
133 384
133 413
133 428
133 445
133 450
133 455
133 462
133 469
133 484
133 492
133 540
133 544
133 565
133 570
133 590
133 610
133 637
133 641
133 406
134 154
134 155
134 162
134 171
134 179
134 181
134 182
134 213
134 233
134 237
134 257
134 267
134 312
134 350
134 389
134 487
134 497
134 505
134 508
134 513
134 518
134 532
134 536
134 554
134 589
134 592
134 613
134 626
134 642
134 667
134 682
134 301
135 138
135 155
135 170
135 185
135 188
135 189
135 222
135 229
135 249
135 263
135 274
135 303
135 314
135 350
135 367
135 376
135 383
135 390
135 425
135 443
135 518
135 602
135 615
135 630
135 647
135 546
136 158
136 184
136 194
136 209
136 210
136 227
136 228
136 254
136 304
136 338
136 348
136 375
136 422
136 439
136 446
136 449
136 462
136 523
136 600
136 646
136 659
136 685
136 161
137 139
137 173
137 177
137 181
137 184
137 187
137 194
137 200
137 205
137 213
137 228
137 233
137 235
137 236
137 243
137 258
137 274
137 282
137 285
137 325
137 331
137 332
137 363
137 364
137 378
137 388
137 390
137 401
137 413
137 423
137 424
137 433
137 457
137 474
137 476
137 482
137 483
137 502
137 535
137 554
137 615
137 633
137 635
137 657
137 695
138 139
138 147
138 154
138 164
138 172
138 175
138 195
138 196
138 214
138 220
138 231
138 250
138 320
138 334
138 389
138 416
138 449
138 480
138 492
138 503
138 525
138 536
138 576
138 604
138 632
138 654
138 691
138 695
138 465
139 144
139 149
139 158
139 162
139 186
139 197
139 202
139 206
139 229
139 251
139 264
139 268
139 272
139 311
139 328
139 338
139 344
139 346
139 355
139 378
139 379
139 403
139 404
139 450
139 459
139 628
139 635
139 674
139 690
139 367
140 157
140 160
140 168
140 205
140 252
140 255
140 270
140 288
140 289
140 312
140 339
140 346
140 353
140 400
140 422
140 448
140 453
140 461
140 492
140 503
140 553
140 556
140 580
140 582
140 601
140 646
140 698
141 149
141 158
141 179
141 254
141 256
141 263
141 283
141 284
141 285
141 286
141 302
141 311
141 313
141 330
141 341
141 367
141 369
141 370
141 385
141 404
141 459
141 498
141 527
141 539
141 548
141 566
141 568
141 576
141 578
141 613
141 617
141 640
142 175
142 201
142 225
142 245
142 269
142 313
142 316
142 353
142 371
142 374
142 387
142 414
142 424
142 454
142 526
142 555
142 558
142 589
143 168
143 172
143 180
143 230
143 233
143 239
143 242
143 245
143 250
143 270
143 320
143 326
143 330
143 360
143 365
143 481
143 488
143 496
143 585
143 595
143 629
143 645
143 648
143 307
144 146
144 159
144 163
144 166
144 167
144 171
144 220
144 226
144 273
144 274
144 323
144 366
144 387
144 389
144 395
144 398
144 428
144 434
144 458
144 479
144 485
144 503
144 548
144 587
144 600
144 617
144 636
144 644
144 657
145 149
145 151
145 159
145 206
145 212
145 225
145 236
145 237
145 238
145 240
145 249
145 250
145 257
145 303
145 315
145 340
145 352
145 371
145 373
145 416
145 417
145 424
145 442
145 451
145 452
145 467
145 486
145 496
145 504
145 512
145 524
145 539
145 562
145 617
145 627
145 689
146 164
146 166
146 167
146 171
146 185
146 188
146 240
146 269
146 327
146 333
146 340
146 394
146 416
146 443
146 449
146 461
146 512
146 547
146 553
146 583
146 600
146 602
146 640
146 648
146 655
146 678
146 682
146 670
146 334
147 150
147 161
147 163
147 167
147 197
147 203
147 209
147 223
147 229
147 320
147 359
147 395
147 398
147 412
147 463
147 493
147 521
147 537
147 553
147 558
147 561
147 569
147 578
147 588
147 592
147 607
147 649
147 181
148 179
148 208
148 214
148 265
148 275
148 285
148 290
148 297
148 311
148 320
148 341
148 369
148 391
148 398
148 404
148 413
148 431
148 438
148 450
148 465
148 485
148 511
148 512
148 513
148 517
148 551
148 590
148 660
149 156
149 161
149 168
149 179
149 196
149 200
149 201
149 219
149 221
149 222
149 224
149 230
149 233
149 256
149 265
149 271
149 289
149 293
149 316
149 318
149 326
149 367
149 387
149 419
149 443
149 465
149 562
149 591
149 624
149 665
149 667
149 672
149 232
150 153
150 158
150 214
150 218
150 233
150 234
150 240
150 251
150 258
150 267
150 297
150 313
150 317
150 330
150 340
150 344
150 386
150 409
150 455
150 466
150 475
150 483
150 499
150 563
150 598
150 606
150 635
150 686
150 174
151 170
151 174
151 180
151 246
151 264
151 269
151 278
151 294
151 295
151 370
151 377
151 447
151 461
151 496
151 498
151 537
151 602
151 620
151 655
151 676
151 165
151 474
152 164
152 166
152 235
152 252
152 295
152 298
152 310
152 326
152 330
152 341
152 353
152 356
152 361
152 412
152 426
152 456
152 465
152 541
152 597
152 622
152 629
152 631
152 680
152 461
153 162
153 167
153 201
153 207
153 218
153 232
153 264
153 275
153 280
153 317
153 326
153 363
153 384
153 425
153 426
153 441
153 566
153 579
153 611
154 195
154 199
154 206
154 222
154 231
154 241
154 277
154 279
154 307
154 349
154 380
154 396
154 409
154 419
154 452
154 478
154 506
154 528
154 543
154 549
154 578
154 606
154 669
154 695
155 156
155 160
155 162
155 168
155 185
155 202
155 227
155 237
155 301
155 324
155 328
155 343
155 352
155 353
155 356
155 388
155 420
155 426
155 430
155 436
155 450
155 491
155 513
155 550
155 596
155 628
155 689
156 177
156 189
156 197
156 210
156 215
156 225
156 253
156 260
156 289
156 297
156 308
156 314
156 328
156 342
156 355
156 363
156 406
156 412
156 466
156 471
156 487
156 528
156 590
156 610
156 633
156 654
156 307
157 161
157 163
157 171
157 198
157 255
157 281
157 282
157 294
157 305
157 343
157 492
157 574
157 589
157 608
157 660
157 678
157 683
157 688
157 278
158 165
158 227
158 278
158 349
158 385
158 392
158 432
158 440
158 442
158 492
158 573
158 580
159 208
159 237
159 326
159 345
159 360
159 380
159 388
159 474
159 510
159 548
159 570
159 678
160 188
160 234
160 251
160 296
160 307
160 309
160 369
160 445
160 459
160 467
160 504
160 508
160 535
160 558
160 565
160 587
160 609
160 614
160 496
161 165
161 182
161 192
161 200
161 204
161 274
161 275
161 282
161 291
161 295
161 296
161 298
161 299
161 303
161 321
161 333
161 335
161 410
161 411
161 456
161 458
161 515
161 520
161 529
161 551
161 579
161 586
161 695
162 164
162 190
162 218
162 220
162 235
162 245
162 255
162 278
162 339
162 344
162 401
162 416
162 436
162 450
162 496
162 505
162 514
162 521
162 574
162 575
162 604
162 610
162 623
162 698
162 391
162 204
163 164
163 189
163 221
163 228
163 248
163 277
163 295
163 300
163 344
163 439
163 440
163 455
163 461
163 465
163 484
163 538
163 566
163 616
163 636
163 641
163 672
163 685
163 693
164 167
164 175
164 184
164 193
164 207
164 224
164 227
164 236
164 241
164 246
164 282
164 364
164 410
164 420
164 440
164 457
164 479
164 500
164 607
164 663
164 526
165 166
165 167
165 198
165 204
165 218
165 243
165 249
165 266
165 268
165 273
165 284
165 312
165 317
165 325
165 370
165 402
165 446
165 486
165 512
165 527
165 534
165 632
165 650
165 697
166 195
166 217
166 274
166 279
166 281
166 294
166 321
166 323
166 354
166 396
166 434
166 443
166 449
166 470
166 474
166 487
166 494
166 582
166 641
166 661
166 676
166 684
166 387
167 196
167 209
167 225
167 228
167 232
167 236
167 276
167 299
167 306
167 318
167 367
167 368
167 377
167 400
167 445
167 452
167 453
167 517
167 572
167 584
167 624
167 629
167 638
168 184
168 207
168 209
168 215
168 221
168 260
168 270
168 280
168 281
168 299
168 300
168 308
168 314
168 315
168 332
168 374
168 401
168 404
168 451
168 460
168 484
168 507
168 521
168 536
168 538
168 545
168 585
168 600
168 609
168 637
169 174
169 179
169 200
169 203
169 211
169 235
169 285
169 286
169 292
169 302
169 333
169 336
169 348
169 359
169 360
169 363
169 377
169 407
169 408
169 428
169 437
169 517
169 535
169 551
169 553
169 556
169 579
169 587
169 594
169 597
169 599
169 629
169 642
169 655
169 663
170 188
170 189
170 196
170 199
170 212
170 214
170 274
170 325
170 352
170 358
170 543
170 583
170 603
170 618
170 620
170 656
170 661
170 663
170 671
170 672
170 691
171 210
171 218
171 256
171 287
171 302
171 307
171 328
171 349
171 372
171 380
171 400
171 429
171 435
171 577
171 585
171 631
171 661
171 566
171 620
172 207
172 210
172 211
172 235
172 308
172 338
172 343
172 359
172 381
172 382
172 431
172 462
172 476
172 592
172 620
172 643
173 178
173 198
173 228
173 234
173 239
173 247
173 253
173 262
173 268
173 312
173 321
173 337
173 394
173 434
173 533
173 542
173 548
173 560
173 572
173 582
173 584
173 591
173 617
173 639
173 668
173 673
174 193
174 202
174 243
174 310
174 354
174 355
174 361
174 390
174 451
174 463
174 497
174 518
174 555
174 559
174 587
174 626
174 657
174 671
174 679
175 181
175 182
175 206
175 246
175 252
175 272
175 318
175 326
175 329
175 357
175 380
175 399
175 419
175 445
175 452
175 462
175 481
175 427
176 189
176 190
176 230
176 243
176 248
176 261
176 266
176 301
176 310
176 314
176 320
176 325
176 335
176 352
176 362
176 364
176 373
176 376
176 405
176 407
176 421
176 474
176 484
176 520
176 544
176 555
176 645
176 666
176 676
176 682
176 683
177 178
177 182
177 203
177 235
177 264
177 341
177 349
177 408
177 479
177 495
177 541
177 546
177 622
177 634
177 650
178 199
178 202
178 224
178 225
178 232
178 243
178 297
178 316
178 318
178 321
178 337
178 417
178 420
178 455
178 564
178 570
178 603
178 609
178 646
178 345
178 563
179 196
179 205
179 236
179 249
179 252
179 261
179 262
179 292
179 348
179 436
179 602
179 639
179 643
179 359
179 668
180 183
180 191
180 197
180 210
180 220
180 251
180 252
180 266
180 292
180 305
180 308
180 310
180 335
180 347
180 382
180 408
180 418
180 427
180 432
180 440
180 539
180 585
180 604
180 683
180 658
180 550
181 244
181 245
181 247
181 257
181 277
181 351
181 394
181 420
181 436
181 440
181 452
181 559
181 566
181 586
181 597
181 668
181 699
181 661
182 196
182 197
182 231
182 233
182 277
182 280
182 285
182 286
182 290
182 299
182 324
182 343
182 344
182 352
182 386
182 403
182 439
182 465
182 522
182 530
182 546
182 580
182 608
182 641
182 656
182 689
183 185
183 188
183 238
183 245
183 246
183 263
183 264
183 265
183 267
183 289
183 344
183 359
183 362
183 375
183 402
183 410
183 429
183 446
183 492
183 499
183 667
184 189
184 235
184 236
184 249
184 265
184 286
184 343
184 349
184 414
184 416
184 444
184 506
184 533
184 546
184 561
184 596
184 608
184 660
184 699
184 238
184 424
185 229
185 238
185 242
185 243
185 244
185 317
185 321
185 325
185 396
185 402
185 545
185 603
185 608
186 206
186 216
186 219
186 256
186 284
186 304
186 308
186 320
186 321
186 336
186 381
186 383
186 391
186 402
186 416
186 433
186 496
186 505
186 507
186 511
186 517
186 524
186 526
186 539
186 575
186 580
186 632
186 642
186 667
186 678
186 564
187 189
187 223
187 228
187 240
187 248
187 260
187 275
187 279
187 335
187 336
187 380
187 452
187 459
187 473
187 494
187 522
187 544
187 594
187 650
187 686
188 198
188 204
188 207
188 219
188 235
188 252
188 283
188 299
188 346
188 360
188 367
188 380
188 421
188 467
188 480
188 623
189 297
189 300
189 342
189 372
189 408
189 450
189 467
189 536
189 539
189 622
189 647
189 666
189 543
190 322
190 384
190 651
191 195
191 202
191 230
191 270
191 275
191 298
191 315
191 317
191 319
191 338
191 352
191 353
191 361
191 398
191 457
191 484
191 501
191 533
191 544
191 566
191 576
191 596
191 609
191 614
191 690
191 243
192 195
192 201
192 231
192 251
192 267
192 271
192 294
192 297
192 406
192 419
192 430
192 444
192 480
192 530
192 557
192 563
192 567
192 595
192 656
192 250
193 208
193 232
193 265
193 267
193 283
193 323
193 345
193 350
193 469
193 487
193 497
193 499
193 623
193 641
193 675
194 210
194 250
194 267
194 355
194 483
194 522
194 570
194 640
194 222
195 222
195 223
195 273
195 277
195 311
195 332
195 335
195 342
195 387
195 397
195 418
195 469
195 473
195 503
195 621
195 632
195 656
195 687
195 696
196 240
196 247
196 253
196 258
196 384
196 397
196 482
196 499
196 586
196 617
196 648
196 668
197 203
197 241
197 264
197 273
197 325
197 338
197 356
197 361
197 363
197 367
197 370
197 383
197 392
197 491
197 498
197 504
197 514
197 602
197 618
197 632
197 633
197 647
197 251
198 201
198 212
198 260
198 297
198 320
198 327
198 351
198 408
198 424
198 454
198 495
198 565
198 573
198 597
198 607
199 212
199 220
199 269
199 307
199 318
199 319
199 385
199 410
199 430
199 455
199 472
199 506
199 517
199 523
199 547
199 549
199 552
199 572
199 643
199 681
199 558
200 214
200 254
200 261
200 270
200 271
200 283
200 307
200 341
200 408
200 423
200 465
200 468
200 566
200 575
200 580
200 612
201 244
201 273
201 275
201 276
201 288
201 328
201 329
201 331
201 335
201 362
201 384
201 425
201 432
201 516
201 523
201 530
201 546
201 556
201 557
201 558
201 561
201 565
201 599
201 630
201 640
201 670
201 686
202 219
202 273
202 297
202 304
202 308
202 312
202 313
202 343
202 384
202 409
202 414
202 416
202 520
202 560
202 574
202 597
202 627
202 650
202 659
202 685
202 396
203 239
203 262
203 294
203 313
203 321
203 332
203 365
203 445
203 454
203 485
203 513
203 622
203 638
203 664
203 690
203 396
204 213
204 214
204 245
204 251
204 252
204 304
204 355
204 434
204 452
204 507
204 555
204 587
204 608
204 624
204 640
204 651
205 211
205 219
205 239
205 312
205 331
205 371
205 444
205 505
205 530
205 555
205 607
205 624
205 633
205 689
205 452
206 246
206 281
206 327
206 328
206 395
206 413
206 440
206 452
206 555
206 589
206 663
206 681
207 208
207 235
207 332
207 368
207 378
207 409
207 413
207 418
207 488
207 514
207 575
207 634
207 686
207 696
207 591
208 249
208 277
208 290
208 331
208 342
208 354
208 387
208 420
208 447
208 459
208 472
208 516
208 520
208 541
208 573
208 694
208 253
208 384
209 242
209 244
209 273
209 315
209 320
209 323
209 401
209 409
209 459
209 517
209 560
209 592
209 698
210 224
210 238
210 246
210 247
210 259
210 266
210 297
210 328
210 342
210 372
210 381
210 442
210 446
210 448
210 465
210 472
210 490
210 685
210 689
210 508
210 280
211 227
211 253
211 287
211 321
211 342
211 407
211 423
211 463
211 483
211 629
212 237
212 260
212 284
212 304
212 319
212 332
212 339
212 346
212 464
212 474
212 502
212 525
212 537
212 601
212 653
213 232
213 234
213 246
213 278
213 284
213 300
213 336
213 403
213 473
213 601
213 621
213 627
213 654
213 668
213 261
214 230
214 274
214 276
214 280
214 306
214 337
214 358
214 363
214 373
214 375
214 443
214 488
214 499
214 500
214 607
214 612
214 698
215 229
215 231
215 243
215 251
215 321
215 326
215 347
215 411
215 448
215 471
215 474
215 505
215 523
215 553
215 569
215 573
215 610
215 618
215 636
215 650
215 393
215 578
216 217
216 219
216 258
216 279
216 295
216 340
216 360
216 391
216 422
216 491
216 495
216 496
216 505
216 545
216 563
216 567
216 573
216 598
216 606
216 656
216 658
216 666
216 675
216 692
217 247
217 278
217 288
217 316
217 331
217 356
217 361
217 393
217 399
217 411
217 454
217 492
217 510
217 541
217 545
217 584
217 647
217 666
217 217
217 686
218 237
218 268
218 274
218 289
218 325
218 328
218 337
218 347
218 352
218 358
218 379
218 401
218 406
218 431
218 510
218 522
218 543
218 578
218 590
218 611
218 612
218 653
218 661
218 676
219 233
219 264
219 329
219 336
219 351
219 415
219 432
219 458
219 463
219 491
219 516
219 583
219 628
219 649
219 680
219 690
220 228
220 256
220 260
220 262
220 298
220 334
220 341
220 348
220 382
220 409
220 414
220 426
220 434
220 455
220 476
220 481
220 545
220 553
220 555
220 575
220 591
220 662
221 240
221 253
221 281
221 291
221 297
221 365
221 371
221 376
221 404
221 425
221 439
221 450
221 457
221 513
221 537
221 610
221 247
222 226
222 256
222 266
222 268
222 279
222 308
222 312
222 324
222 327
222 340
222 341
222 342
222 360
222 392
222 420
222 433
222 445
222 525
222 532
222 552
222 582
222 666
222 684
223 243
223 300
223 326
223 331
223 335
223 365
223 372
223 404
223 417
223 454
223 466
223 490
223 593
223 413
224 250
224 260
224 317
224 339
224 397
224 399
224 413
224 465
224 498
224 503
224 535
224 547
224 550
224 570
224 577
224 579
224 584
224 636
224 656
224 678
224 313
225 248
225 386
225 393
225 394
225 406
225 427
225 434
225 440
225 458
225 472
225 491
225 571
225 580
225 602
225 666
225 675
225 676
226 228
226 265
226 281
226 282
226 345
226 376
226 380
226 409
226 444
226 522
226 536
226 550
226 399
227 293
227 295
227 311
227 351
227 439
227 446
227 471
227 536
227 562
227 569
227 659
228 231
228 238
228 239
228 245
228 248
228 308
228 312
228 330
228 381
228 395
228 419
228 475
228 527
228 533
228 554
228 575
228 586
228 589
228 595
228 601
228 647
228 670
228 679
228 481
229 259
229 274
229 287
229 292
229 313
229 354
229 381
229 416
229 435
229 596
229 602
229 611
229 658
229 684
229 687
230 243
230 271
230 290
230 318
230 336
230 337
230 396
230 405
230 459
230 468
230 495
230 535
230 561
230 593
230 613
230 626
230 652
230 665
230 270
231 232
231 243
231 250
231 258
231 269
231 326
231 337
231 350
231 385
231 398
231 447
231 473
231 492
231 541
231 554
231 593
231 622
231 655
232 252
232 255
232 258
232 263
232 310
232 316
232 326
232 336
232 365
232 378
232 414
232 415
232 508
232 533
232 611
232 632
232 669
232 689
233 235
233 303
233 318
233 398
233 420
233 444
233 531
233 578
233 591
233 650
233 665
233 690
233 279
234 263
234 280
234 335
234 346
234 386
234 411
234 473
234 514
234 523
234 556
234 591
234 681
234 685
234 644
235 242
235 309
235 354
235 479
235 505
235 591
235 597
235 624
235 303
235 559
236 239
236 280
236 308
236 333
236 348
236 589
236 609
236 654
236 358
237 251
237 253
237 318
237 356
237 388
237 395
237 418
237 444
237 446
237 451
237 506
237 592
237 594
237 601
237 331
237 429
238 270
238 277
238 302
238 329
238 367
238 401
238 414
238 417
238 453
238 466
238 490
238 524
238 540
238 561
238 597
238 598
238 667
238 672
238 698
239 399
239 624
239 644
240 260
240 288
240 410
240 475
240 476
240 491
240 550
240 590
240 618
240 676
240 680
240 692
240 345
241 254
241 255
241 279
241 286
241 316
241 325
241 379
241 432
241 436
241 446
241 479
241 500
241 563
241 593
241 611
241 618
242 284
242 362
242 366
242 381
242 392
242 393
242 487
242 531
242 555
242 576
242 622
242 638
242 693
243 284
243 296
243 304
243 338
243 346
243 374
243 472
243 481
243 502
243 505
243 523
243 535
243 564
244 250
244 268
244 370
244 394
244 407
244 446
244 505
244 515
244 532
244 542
244 598
244 608
245 286
245 290
245 329
245 374
245 389
245 431
245 465
245 679
245 562
246 278
246 340
246 342
246 373
246 375
246 378
246 387
246 428
246 429
246 441
246 454
246 472
246 495
246 512
246 567
246 619
246 671
246 694
247 323
247 339
247 345
247 361
247 367
247 441
247 466
247 498
247 547
247 548
247 586
247 598
247 602
247 638
247 616
248 250
248 280
248 292
248 339
248 348
248 377
248 378
248 388
248 403
248 422
248 426
248 436
248 449
248 450
248 451
248 509
248 530
248 555
248 605
248 619
248 623
248 691
249 292
249 350
249 370
249 391
249 460
249 464
249 466
249 500
249 506
249 616
249 636
249 651
249 671
250 258
250 289
250 294
250 305
250 331
250 337
250 439
250 442
250 496
250 506
250 521
250 566
250 647
250 532
251 281
251 285
251 295
251 388
251 394
251 427
251 501
251 520
251 531
251 540
251 544
251 546
251 570
251 580
251 609
251 615
251 652
251 261
252 331
252 462
252 475
252 625
252 634
252 659
252 660
252 330
253 383
253 500
253 594
253 609
253 448
254 274
254 332
254 439
254 498
254 560
254 657
254 696
254 291
255 270
255 272
255 278
255 300
255 357
255 451
255 457
255 474
255 534
255 620
255 642
255 657
255 519
256 263
256 293
256 309
256 313
256 344
256 363
256 413
256 443
256 456
256 465
256 496
256 531
256 536
256 578
256 643
256 647
256 693
257 285
257 310
257 340
257 367
257 377
257 451
257 467
257 479
257 492
257 511
257 538
257 588
257 593
257 606
257 645
257 662
257 675
257 295
258 276
258 281
258 298
258 400
258 431
258 462
258 464
258 573
258 593
258 622
258 636
258 679
258 691
258 346
259 341
259 360
259 362
259 382
259 429
259 433
259 458
259 501
259 525
259 620
259 624
259 628
259 659
260 261
260 264
260 320
260 348
260 356
260 359
260 407
260 413
260 439
260 502
260 574
260 623
260 625
260 655
260 657
260 662
260 691
261 294
261 296
261 332
261 517
261 530
261 541
261 575
261 595
261 606
261 623
261 658
261 673
262 332
262 359
262 412
262 447
262 489
262 504
262 546
262 572
262 596
262 606
262 664
262 488
263 270
263 271
263 340
263 347
263 410
263 415
263 472
263 477
263 491
263 503
263 520
263 604
263 633
263 688
264 308
264 349
264 436
264 501
264 513
264 524
264 554
264 614
264 646
265 286
265 293
265 359
265 386
265 390
265 419
265 435
265 506
265 645
265 681
266 285
266 297
266 299
266 308
266 318
266 355
266 362
266 371
266 385
266 411
266 418
266 484
266 497
266 537
266 604
266 621
267 270
267 278
267 294
267 321
267 380
267 419
267 422
267 530
267 555
267 590
267 606
267 663
268 269
268 312
268 334
268 347
268 359
268 377
268 459
268 489
268 521
268 541
268 555
268 566
268 625
268 687
269 275
269 276
269 286
269 305
269 315
269 338
269 342
269 352
269 354
269 366
269 380
269 430
269 504
269 518
269 564
269 569
269 577
269 632
269 676
269 576
270 325
270 393
270 463
270 501
270 502
270 624
270 694
271 273
271 280
271 289
271 321
271 323
271 326
271 329
271 335
271 355
271 511
271 592
271 480
271 660
272 286
272 290
272 292
272 302
272 308
272 380
272 396
272 400
272 415
272 428
272 445
272 494
272 505
272 614
272 659
272 679
273 274
273 283
273 284
273 309
273 317
273 355
273 407
273 432
273 452
273 509
273 567
273 573
273 605
273 624
273 643
273 656
273 663
273 453
274 310
274 324
274 388
274 424
274 615
274 637
274 377
275 294
275 306
275 370
275 393
275 419
275 439
275 440
275 473
275 503
275 509
275 607
275 627
275 633
275 659
275 688
276 283
276 296
276 344
276 348
276 388
276 423
276 541
276 586
276 688
276 314
277 292
277 303
277 337
277 356
277 399
277 416
277 423
277 442
277 455
277 470
277 526
277 592
277 599
277 605
277 633
277 638
277 649
277 682
277 626
278 280
278 355
278 356
278 369
278 421
278 441
278 444
278 446
278 459
278 467
278 491
278 506
278 597
278 698
279 353
279 409
279 501
279 614
279 617
280 309
280 344
280 354
280 384
280 423
280 449
280 451
280 461
280 530
280 690
281 295
281 303
281 311
281 326
281 353
281 359
281 387
281 483
281 538
281 542
281 543
281 547
281 566
281 661
281 695
282 288
282 302
282 317
282 332
282 435
282 539
282 679
283 301
283 306
283 312
283 382
283 422
283 507
283 513
283 519
283 560
283 565
283 591
283 622
283 662
284 411
284 454
284 515
284 584
284 601
284 672
284 547
285 324
285 340
285 476
285 515
285 582
285 585
285 489
286 366
286 388
286 390
286 415
286 460
286 482
286 523
286 587
286 607
286 613
286 637
286 656
286 694
287 289
287 319
287 322
287 476
287 572
287 648
287 672
287 608
288 293
288 303
288 328
288 346
288 362
288 392
288 406
288 420
288 456
288 474
288 626
288 686
288 652
289 301
289 309
289 340
289 370
289 377
289 425
289 445
289 460
289 468
289 494
289 499
289 512
289 532
289 554
289 566
289 583
289 588
289 593
289 626
290 305
290 368
290 375
290 444
290 515
290 561
290 576
290 578
291 293
291 296
291 299
291 323
291 334
291 346
291 438
291 468
291 472
291 523
291 583
291 603
291 656
291 663
291 670
291 676
291 685
292 311
292 340
292 426
292 531
292 540
292 553
293 296
293 314
293 318
293 358
293 368
293 381
293 392
293 396
293 457
293 522
293 535
293 541
293 576
293 641
294 296
294 311
294 322
294 370
294 443
294 463
294 583
294 586
294 587
294 590
294 599
294 620
294 500
295 391
295 442
295 453
295 479
295 493
295 561
295 586
295 620
295 668
295 408
296 304
296 309
296 319
296 323
296 333
296 338
296 362
296 374
296 390
296 424
296 470
296 471
296 481
296 486
296 490
296 494
296 527
296 605
296 631
296 655
296 658
296 667
297 301
297 371
297 466
297 477
297 483
297 490
297 506
297 512
297 563
297 585
298 336
298 413
298 490
298 550
298 561
299 398
299 450
299 474
299 485
299 507
299 515
299 552
299 574
299 628
299 693
299 697
299 343
299 444
300 305
300 308
300 349
300 379
300 383
300 439
300 450
300 488
300 551
300 552
300 556
300 569
300 656
300 662
300 664
300 694
301 332
301 437
301 509
301 534
301 643
301 663
301 664
301 669
302 572
303 329
303 360
303 393
303 399
303 464
303 511
303 555
303 588
303 596
303 598
303 643
303 645
303 661
304 322
304 506
304 509
304 518
304 523
304 528
304 537
304 541
304 329
305 335
305 342
305 344
305 377
305 378
305 389
305 441
305 480
305 510
305 536
305 547
305 589
305 607
305 611
305 687
306 332
306 341
306 357
306 402
306 622
306 676
306 669
306 353
307 329
307 335
307 546
307 569
308 332
308 345
308 354
308 376
308 399
308 412
308 507
308 509
308 536
308 641
308 688
309 374
309 376
309 379
309 382
309 417
309 460
309 473
309 494
309 588
309 627
309 635
309 678
310 417
310 430
310 464
310 509
310 695
310 696
311 315
311 320
311 323
311 383
311 384
311 387
311 457
311 477
311 485
311 498
311 505
311 577
311 597
311 608
311 625
311 667
311 672
312 385
312 408
312 427
312 451
312 514
312 521
312 610
312 644
313 352
313 392
313 413
313 427
313 444
313 449
313 462
313 482
313 485
313 618
313 632
314 323
314 327
314 361
314 366
314 445
314 511
314 581
314 585
314 601
314 629
314 631
315 330
315 333
315 371
315 377
315 410
315 431
315 524
315 549
315 584
315 585
315 600
315 634
315 688
315 698
316 329
316 405
316 427
316 577
316 601
316 652
316 682
316 337
316 524
317 386
317 412
317 483
317 506
317 619
318 320
318 322
318 360
318 363
318 400
318 425
318 507
318 508
318 510
318 512
318 596
318 637
318 648
318 661
319 383
319 456
319 565
319 679
320 355
320 438
320 463
320 473
320 506
320 521
320 538
320 539
320 549
320 624
320 654
320 668
320 676
320 697
320 420
321 334
321 336
321 389
321 430
321 455
321 505
321 552
321 625
321 693
321 458
321 636
322 365
322 402
322 423
322 457
322 465
322 471
322 472
322 526
322 559
322 562
322 601
322 614
322 646
322 650
322 661
322 665
322 680
322 516
323 369
323 576
323 580
323 675
323 693
324 353
324 375
324 395
324 450
324 483
324 487
324 504
324 539
324 636
324 688
325 388
325 515
325 540
325 567
325 646
325 673
326 365
326 401
326 441
326 498
326 528
326 654
326 698
327 334
327 335
327 422
327 454
327 585
327 671
328 354
328 366
328 394
328 424
328 429
328 482
328 488
328 571
328 632
328 654
329 332
329 336
329 359
329 366
329 390
329 415
329 418
329 461
329 489
329 522
329 546
329 552
329 563
329 600
329 663
329 687
329 695
330 348
330 355
330 487
330 587
330 603
330 688
330 333
331 384
331 401
331 415
331 448
331 493
331 536
331 583
331 541
332 364
332 386
332 400
332 405
332 458
332 476
332 647
332 685
332 585
333 354
333 363
333 507
333 623
333 652
334 389
334 398
334 437
334 501
334 533
334 534
334 538
334 605
334 662
334 386
335 437
335 507
335 520
335 571
335 642
335 657
335 681
335 688
335 399
335 648
336 392
336 425
336 447
336 455
336 485
336 669
336 685
336 691
337 347
337 354
337 366
337 425
337 440
337 493
337 546
337 667
337 694
338 395
338 448
338 489
338 681
338 693
339 368
339 371
339 444
339 614
340 380
340 400
340 424
340 437
340 440
340 452
340 480
340 519
340 538
340 552
340 565
340 630
340 665
340 666
341 353
341 365
341 384
341 392
341 423
341 429
341 442
341 469
341 616
341 660
341 663
342 353
342 359
342 378
342 385
342 451
342 467
342 505
342 567
342 598
342 657
342 576
343 358
343 370
343 383
343 494
343 590
343 654
343 670
344 351
344 386
344 400
344 468
344 484
344 575
344 649
344 674
344 682
344 691
345 355
345 384
345 529
345 571
345 617
346 367
346 391
346 398
346 450
346 463
346 488
346 540
346 566
346 571
346 664
346 692
347 392
347 434
347 469
347 504
347 587
347 606
347 650
348 397
348 404
348 434
348 442
348 455
348 497
348 500
348 505
348 522
348 534
348 593
348 637
348 648
348 682
348 685
349 386
350 381
350 408
350 502
350 514
350 570
350 610
350 646
351 358
351 373
351 396
351 421
351 437
351 653
351 411
352 379
352 404
352 416
352 542
352 589
352 611
352 616
352 639
353 380
353 397
353 429
353 453
353 455
353 536
353 559
353 687
354 385
354 389
354 430
354 527
354 586
354 594
355 358
355 376
355 421
355 466
355 524
355 528
355 532
355 535
355 578
355 612
355 659
355 533
356 406
356 417
356 440
356 496
356 533
356 602
356 617
356 635
356 666
356 669
356 670
356 675
356 681
356 524
357 374
357 423
357 431
357 529
357 554
357 580
357 648
358 373
358 411
358 480
358 657
358 661
358 668
359 363
359 388
359 409
359 486
359 499
359 544
359 568
359 572
359 649
359 654
359 683
359 690
360 366
360 393
360 398
360 466
360 475
360 657
361 365
361 576
361 535
362 384
362 385
362 390
362 477
362 481
362 482
362 496
362 532
362 559
362 620
362 690
363 406
363 419
363 438
363 478
363 479
363 488
363 495
363 523
363 566
363 639
363 679
363 682
363 611
364 409
364 439
364 455
364 507
364 534
364 538
364 560
364 589
364 611
364 616
364 623
364 651
365 475
365 476
365 552
365 568
365 578
365 622
365 639
366 371
366 375
366 468
366 509
366 657
366 699
366 526
367 383
367 388
367 460
367 471
367 479
367 576
367 586
367 630
367 673
367 682
368 400
368 418
368 438
368 464
368 507
368 571
368 675
368 697
368 605
369 395
369 549
369 590
369 613
370 445
370 561
370 608
371 382
371 418
371 422
371 585
371 604
371 652
372 508
372 516
372 565
372 578
372 592
372 631
372 679
372 579
372 672
373 392
373 425
373 462
373 482
373 500
373 555
373 601
373 615
373 623
373 659
373 677
374 415
374 428
374 448
374 497
374 528
374 547
374 619
374 667
374 487
375 386
375 447
375 460
375 476
375 558
375 573
375 662
376 383
376 396
376 438
376 526
376 527
376 580
376 618
376 679
376 680
376 529
377 384
377 416
377 434
377 464
377 467
377 478
377 500
377 556
377 582
377 608
377 652
378 381
378 405
378 407
378 409
378 411
378 448
378 483
378 507
378 516
378 550
378 557
378 562
378 573
378 599
378 616
378 620
378 682
378 392
379 385
379 428
380 419
380 458
380 501
380 581
380 666
381 396
381 458
381 495
381 521
381 547
381 565
381 610
381 634
381 670
381 677
381 684
382 443
382 481
382 494
382 496
382 530
382 581
382 637
382 650
382 673
382 690
383 429
383 594
383 624
383 683
383 475
384 401
384 427
384 493
384 504
384 570
384 622
384 665
385 502
385 545
385 589
385 605
386 411
386 433
386 434
386 435
386 453
386 535
386 551
386 553
386 603
387 404
387 427
387 428
387 432
387 442
387 476
387 511
387 538
387 561
387 581
387 618
387 630
387 643
388 451
388 484
388 498
388 526
388 530
388 532
388 552
388 660
388 669
389 405
389 451
389 453
389 478
389 499
389 538
389 582
389 594
389 635
389 467
390 437
390 480
390 485
391 430
391 500
391 505
392 395
392 411
392 421
392 440
392 446
392 485
392 586
392 587
392 621
392 649
392 697
393 401
393 410
393 420
393 439
393 490
393 501
393 662
394 421
394 431
394 547
394 617
394 620
394 639
394 656
394 683
395 405
395 425
395 435
395 488
395 493
395 561
395 681
396 413
396 461
396 470
396 482
396 488
396 589
396 609
396 645
396 646
396 673
396 692
397 414
397 474
397 493
397 554
397 562
397 580
397 583
397 646
397 658
397 671
397 626
398 407
398 420
398 428
398 434
398 501
398 539
398 544
398 562
398 609
398 637
398 691
398 699
398 513
399 406
399 432
399 498
399 572
399 573
399 578
399 592
399 628
399 686
399 695
400 438
400 484
400 488
400 585
400 485
401 402
401 407
401 426
401 529
401 576
402 417
402 512
402 575
402 423
403 414
403 423
403 572
403 639
403 671
404 585
405 462
405 475
405 539
405 666
405 688
406 437
406 466
406 499
406 531
406 546
406 561
406 613
406 672
407 411
407 412
407 418
407 420
407 518
407 532
408 451
408 483
408 486
408 516
408 554
408 563
408 570
408 617
408 633
408 670
409 450
409 474
409 518
409 537
409 543
409 546
409 604
409 632
409 659
409 584
410 464
410 530
410 576
410 598
410 602
410 644
410 655
410 681
410 680
411 412
411 490
411 551
411 557
411 686
411 496
412 436
412 478
412 517
412 564
412 590
413 456
413 522
413 534
414 417
414 449
414 482
414 492
414 498
414 527
414 554
414 578
414 579
414 610
414 623
414 634
414 668
414 672
415 459
415 463
415 557
415 631
415 637
416 459
416 489
416 504
416 557
416 574
416 676
416 438
417 437
417 442
417 565
417 600
417 678
418 422
418 466
418 670
418 515
419 433
419 536
419 582
419 624
419 491
420 447
420 507
420 547
420 564
420 643
420 646
420 662
420 675
421 470
421 548
421 612
421 654
421 675
422 447
422 464
422 505
422 552
423 469
423 574
423 630
423 665
423 667
424 571
424 641
424 663
425 430
425 469
425 479
425 497
425 511
425 533
425 549
425 579
425 652
426 574
426 599
427 437
427 471
427 477
427 482
427 492
427 499
427 508
427 550
427 572
427 674
428 468
428 478
428 506
428 521
428 544
428 615
428 633
428 671
428 689
429 438
429 457
429 470
429 477
429 486
429 591
429 615
429 619
429 647
429 679
429 514
429 593
430 446
430 452
430 459
430 488
430 492
430 531
430 545
430 548
430 563
430 564
430 621
430 652
430 677
430 683
430 676
431 476
431 536
431 598
431 611
431 652
431 666
431 696
432 436
432 469
432 475
432 483
432 523
432 608
432 681
432 698
433 436
433 444
433 457
433 486
433 527
433 528
433 542
433 576
433 646
433 694
434 436
434 442
434 453
434 454
434 456
434 579
434 597
434 618
434 623
434 644
434 666
434 669
435 503
435 540
435 541
435 610
435 640
436 447
436 462
436 466
436 509
436 553
436 638
436 649
436 651
437 453
437 457
437 478
437 538
437 570
437 600
437 611
438 497
438 511
438 514
438 532
438 566
438 568
438 629
438 630
438 653
439 563
439 569
439 503
440 527
440 548
440 562
440 612
440 635
440 464
440 558
441 612
441 634
441 643
441 651
441 678
441 645
442 454
442 502
442 534
442 615
442 650
442 677
443 447
443 512
443 603
443 689
443 695
443 669
444 458
444 478
444 491
444 554
444 564
444 679
444 597
445 450
445 544
446 494
446 543
446 568
446 655
446 675
447 467
447 529
447 569
447 577
447 579
447 627
448 521
448 540
448 608
448 661
448 545
449 451
449 456
449 492
449 501
449 548
449 591
449 614
449 643
449 671
450 462
450 491
450 563
451 515
451 562
451 575
452 463
452 492
452 544
452 570
452 584
452 699
453 468
453 532
453 641
453 669
454 495
454 549
454 554
454 557
454 565
454 568
454 634
454 638
455 511
455 529
455 594
455 467
456 459
456 467
456 492
456 520
456 631
457 499
457 583
457 587
457 618
458 460
458 462
458 606
458 645
458 661
458 670
458 678
459 472
459 500
459 618
459 651
460 484
460 581
460 604
460 688
461 517
461 545
461 684
461 593
462 551
462 606
463 470
463 490
463 529
463 537
463 569
463 663
463 690
464 498
464 544
464 556
464 563
464 693
465 480
465 502
465 555
465 638
465 657
466 484
466 509
466 516
466 593
466 629
466 630
466 648
466 685
467 477
467 514
467 570
467 580
467 617
467 678
467 683
468 581
468 613
468 617
468 676
469 496
469 504
469 511
469 519
469 531
469 589
469 610
469 612
469 616
469 642
469 697
470 512
470 554
470 634
471 497
471 540
471 569
471 602
471 695
472 504
472 526
472 586
472 587
473 530
473 549
474 515
474 568
475 483
475 527
475 655
476 648
476 655
477 514
477 672
478 529
478 574
478 609
478 633
478 688
479 557
479 612
479 659
479 662
480 569
480 604
480 677
481 487
481 516
481 525
481 627
481 668
482 499
482 546
482 664
482 684
483 484
483 581
483 613
483 634
483 678
483 682
484 495
484 516
484 615
484 658
484 691
485 537
485 689
486 493
486 605
487 519
487 561
487 595
488 562
488 576
488 637
488 673
489 557
489 596
489 647
489 651
489 674
489 677
489 697
490 520
490 523
490 528
490 581
490 645
490 654
490 662
490 689
490 692
491 516
492 503
492 528
492 573
492 581
492 596
492 609
492 610
492 614
493 503
493 567
493 573
494 513
494 519
494 589
494 692
495 579
495 612
496 539
496 557
496 593
496 618
496 628
497 547
497 567
497 605
497 644
497 653
498 571
498 664
499 529
499 530
499 547
499 574
499 658
499 665
499 668
499 670
499 675
500 542
501 559
501 564
502 505
502 607
502 610
502 633
503 504
503 528
503 553
503 573
503 609
503 627
503 654
503 660
504 539
504 549
504 690
505 517
505 630
505 656
505 684
506 508
506 535
506 553
506 620
506 659
506 664
506 679
506 686
507 508
507 558
507 586
507 591
507 601
507 642
507 699
508 511
508 518
508 547
508 603
508 664
508 672
509 510
509 561
509 627
510 525
510 673
510 697
511 525
511 583
511 600
512 532
512 569
512 620
512 651
513 527
513 667
514 619
514 624
514 642
515 526
515 596
515 597
515 656
516 527
516 614
516 626
516 664
517 569
518 522
518 634
518 659
518 671
519 616
519 643
519 659
519 667
519 679
519 680
520 524
520 632
520 539
521 560
521 617
521 620
521 644
521 657
521 665
521 655
522 559
522 599
523 583
524 582
524 640
524 689
525 533
525 553
525 558
525 623
525 690
525 696
525 641
526 591
526 621
526 644
527 568
527 679
528 541
528 563
528 619
528 620
529 630
530 629
530 680
530 684
530 690
531 692
532 565
532 696
532 698
533 598
533 650
535 638
536 617
536 677
536 687
538 564
538 599
538 635
538 639
538 666
539 638
539 650
539 653
539 671
540 595
540 605
540 621
540 638
540 639
540 659
541 546
541 549
541 580
541 595
541 609
541 624
541 640
541 643
541 656
542 603
542 636
542 658
542 665
543 663
544 568
544 577
544 608
545 562
545 651
545 665
547 582
547 614
547 623
547 634
548 583
548 595
548 620
548 631
548 640
548 653
549 575
549 638
549 697
550 697
550 699
553 581
553 588
553 630
553 670
554 628
555 644
555 658
555 692
555 596
556 664
556 694
557 633
558 562
558 691
558 696
558 698
559 608
559 622
559 631
559 693
560 596
560 619
560 640
561 607
561 653
562 569
562 656
562 663
563 667
564 581
564 623
565 596
565 631
565 645
566 632
566 633
566 687
567 589
567 658
568 594
568 641
569 597
569 619
569 644
569 647
570 574
570 652
570 690
571 624
572 583
572 661
572 668
573 621
573 696
573 686
574 628
575 602
575 610
575 623
575 641
576 693
577 615
577 639
578 697
579 594
579 627
579 697
580 627
582 629
582 692
583 599
583 619
583 646
585 613
585 649
586 662
586 685
586 674
586 673
587 615
587 660
589 627
589 653
589 656
589 664
589 650
590 685
591 613
592 690
593 647
593 650
594 617
594 652
595 654
595 677
596 632
596 672
597 691
598 634
598 638
599 683
599 696
599 687
601 655
601 683
602 670
602 690
603 612
607 612
607 619
607 662
609 662
611 645
612 636
612 671
612 633
613 678
614 639
614 657
615 638
615 642
616 652
616 689
617 676
618 620
618 636
618 642
618 677
619 640
621 647
621 699
623 642
623 648
624 644
624 686
625 671
625 673
625 674
625 678
627 655
627 693
628 655
630 631
630 635
630 681
630 692
633 642
633 694
634 635
634 638
634 651
634 652
635 664
637 694
638 662
639 665
639 691
640 681
641 647
641 688
642 666
642 692
646 696
647 680
649 653
650 686
651 682
654 671
656 689
656 697
658 697
658 690
661 664
663 688
664 684
665 696
667 683
670 677
673 692
674 698
679 687
681 697