623399776
2
70
149
0 2
0 3
0 13
0 26
0 31
0 34
0 46
1 2
1 9
2 3
2 4
2 5
2 6
2 7
2 8
2 10
2 12
2 14
2 17
2 18
2 25
2 34
2 35
2 45
2 48
2 54
2 62
2 65
2 68
3 4
3 8
3 12
3 13
3 14
3 16
3 20
3 22
3 25
3 30
3 43
3 50
3 52
3 59
3 67
4 5
4 6
4 7
4 9
4 10
4 15
4 16
4 17
4 19
4 23
4 28
4 29
4 32
4 36
4 39
4 46
4 49
4 52
4 55
4 57
4 63
4 64
4 69
4 65
4 8
4 41
4 45
4 47
5 21
5 38
5 41
5 47
5 66
6 20
6 27
6 48
6 58
6 62
7 15
7 19
7 24
7 26
7 33
7 43
7 44
7 39
7 49
9 11
9 18
9 33
9 37
9 42
10 11
10 21
10 41
10 49
10 56
11 63
11 65
12 36
12 40
12 53
12 61
14 61
15 23
15 51
16 24
16 28
16 38
16 54
16 67
18 22
18 39
18 50
19 29
19 31
19 44
19 55
19 60
19 25
21 45
21 41
22 27
22 68
23 37
26 30
28 66
29 32
29 51
29 58
30 35
31 47
35 64
36 40
41 42
43 64
44 69
45 53
48 58
50 57
52 69
53 56
55 60
56 59
64 66