495486896
22
70
1066
0 22
0 23
0 24
0 25
0 34
0 36
0 38
0 48
0 49
0 52
0 53
1 22
1 23
1 25
1 26
1 27
1 28
1 29
1 30
1 32
1 34
1 35
1 36
1 37
1 38
1 43
1 44
1 47
1 49
1 51
1 56
1 60
1 65
1 66
1 68
2 22
2 23
2 24
2 25
2 26
2 27
2 28
2 29
2 30
2 31
2 32
2 34
2 36
2 37
2 38
2 40
2 41
2 44
2 45
2 47
2 49
2 50
2 52
2 57
2 58
2 60
2 61
2 65
3 22
3 23
3 24
3 25
3 26
3 27
3 29
3 30
3 31
3 32
3 34
3 37
3 38
3 41
3 46
3 50
3 59
3 65
3 67
3 60
4 22
4 24
4 25
4 26
4 28
4 29
4 31
4 32
4 36
4 39
4 43
4 46
4 51
4 53
4 54
4 55
4 56
4 60
4 62
4 66
4 37
5 22
5 23
5 24
5 25
5 26
5 27
5 28
5 29
5 30
5 31
5 33
5 35
5 36
5 39
5 40
5 43
5 45
5 46
5 62
5 66
6 22
6 23
6 24
6 25
6 26
6 27
6 28
6 37
6 39
6 40
6 42
6 48
6 54
6 59
6 64
6 69
7 22
7 23
7 24
7 25
7 26
7 27
7 28
7 31
7 32
7 33
7 34
7 36
7 37
7 38
7 39
7 40
7 41
7 43
7 45
7 47
7 51
7 52
7 55
7 58
7 64
7 65
7 69
8 22
8 23
8 24
8 26
8 30
8 33
8 38
8 41
8 45
8 46
8 53
8 62
9 22
9 23
9 24
9 25
9 26
9 27
9 30
9 31
9 32
9 34
9 36
9 37
9 38
9 40
9 41
9 42
9 44
9 45
9 48
9 50
9 52
9 58
9 64
9 65
10 22
10 23
10 24
10 25
10 26
10 28
10 29
10 30
10 31
10 32
10 33
10 34
10 35
10 38
10 40
10 42
10 44
10 46
10 47
10 52
10 62
10 63
10 65
10 66
11 22
11 23
11 24
11 25
11 26
11 27
11 28
11 31
11 32
11 33
11 34
11 35
11 36
11 38
11 39
11 40
11 41
11 42
11 44
11 45
11 46
11 47
11 49
11 50
11 51
11 56
11 59
11 61
11 62
11 64
11 66
11 67
11 69
12 22
12 23
12 24
12 25
12 27
12 28
12 29
12 30
12 33
12 35
12 36
12 40
12 41
12 44
12 45
12 50
12 51
12 55
12 58
12 60
12 62
12 63
12 65
13 22
13 23
13 24
13 26
13 27
13 28
13 29
13 30
13 32
13 33
13 34
13 39
13 40
13 53
13 54
14 22
14 23
14 24
14 25
14 27
14 28
14 29
14 30
14 31
14 32
14 33
14 34
14 35
14 37
14 39
14 41
14 42
14 49
14 51
14 52
14 59
14 68
15 22
15 23
15 24
15 25
15 26
15 27
15 28
15 29
15 30
15 32
15 35
15 36
15 37
15 38
15 41
15 44
15 45
15 46
15 47
15 49
15 54
15 56
15 61
15 62
16 22
16 23
16 24
16 27
16 28
16 29
16 30
16 31
16 33
16 35
16 37
16 38
16 39
16 40
16 41
16 45
16 46
16 48
16 57
16 64
16 65
16 47
17 22
17 23
17 25
17 26
17 27
17 28
17 29
17 30
17 31
17 32
17 33
17 34
17 37
17 38
17 41
17 42
17 43
17 44
17 45
17 46
17 47
17 48
17 50
17 51
17 53
17 55
17 56
17 58
17 60
17 61
17 63
17 66
18 22
18 23
18 24
18 25
18 26
18 28
18 35
18 37
18 44
18 45
18 50
18 52
18 56
18 57
18 58
18 63
18 31
19 22
19 23
19 24
19 25
19 26
19 27
19 29
19 33
19 41
19 43
19 45
19 47
19 48
19 52
19 54
19 55
19 61
19 63
20 22
20 23
20 24
20 25
20 26
20 27
20 29
20 30
20 31
20 33
20 34
20 36
20 37
20 40
20 41
20 44
20 47
20 53
20 55
20 57
20 60
20 61
20 62
20 64
20 66
20 69
20 32
21 22
21 23
21 24
21 25
21 26
21 27
21 28
21 29
21 31
21 32
21 34
21 35
21 42
21 52
21 60
21 65
22 23
22 24
22 25
22 26
22 27
22 28
22 29
22 30
22 31
22 33
22 34
22 35
22 36
22 39
22 40
22 41
22 42
22 43
22 45
22 46
22 47
22 48
22 49
22 52
22 55
22 57
22 58
22 59
22 60
22 61
22 63
22 64
22 65
22 66
22 67
22 69
23 24
23 25
23 26
23 27
23 28
23 29
23 30
23 31
23 32
23 33
23 34
23 35
23 36
23 37
23 38
23 39
23 40
23 41
23 42
23 43
23 44
23 45
23 47
23 48
23 52
23 53
23 54
23 55
23 57
23 59
23 60
23 61
23 62
23 64
23 66
23 67
23 69
23 63
24 25
24 26
24 27
24 28
24 29
24 30
24 31
24 32
24 33
24 34
24 35
24 36
24 37
24 38
24 39
24 40
24 42
24 43
24 45
24 46
24 47
24 49
24 50
24 54
24 58
24 59
24 62
24 66
24 67
24 69
24 56
25 26
25 27
25 28
25 29
25 30
25 31
25 32
25 33
25 35
25 36
25 37
25 38
25 39
25 40
25 43
25 44
25 45
25 46
25 48
25 50
25 51
25 52
25 53
25 56
25 57
25 58
25 59
25 62
25 66
25 67
25 68
25 69
26 27
26 28
26 29
26 30
26 31
26 32
26 33
26 34
26 35
26 37
26 38
26 39
26 42
26 43
26 44
26 48
26 49
26 50
26 51
26 52
26 54
26 57
26 59
26 62
26 65
26 66
26 67
27 28
27 29
27 30
27 31
27 32
27 33
27 34
27 35
27 36
27 37
27 39
27 40
27 41
27 43
27 44
27 46
27 47
27 48
27 49
27 50
27 51
27 52
27 53
27 54
27 56
27 58
27 59
27 62
27 66
27 67
27 68
28 29
28 30
28 31
28 32
28 33
28 34
28 35
28 36
28 37
28 39
28 40
28 41
28 42
28 45
28 47
28 48
28 50
28 51
28 53
28 54
28 55
28 56
28 57
28 60
28 62
28 65
28 68
29 30
29 31
29 32
29 33
29 34
29 35
29 37
29 38
29 42
29 43
29 45
29 46
29 49
29 51
29 53
29 54
29 55
29 56
29 57
29 59
29 60
29 61
29 65
30 31
30 32
30 33
30 35
30 36
30 38
30 39
30 40
30 41
30 42
30 43
30 44
30 46
30 48
30 49
30 52
30 53
30 54
30 56
30 58
30 61
30 64
30 66
30 67
30 68
30 69
31 32
31 33
31 35
31 36
31 37
31 39
31 42
31 43
31 44
31 47
31 48
31 49
31 51
31 52
31 53
31 54
31 55
31 57
31 60
31 64
31 65
31 67
31 69
31 38
32 34
32 35
32 39
32 42
32 43
32 46
32 49
32 53
32 55
32 56
32 59
32 60
32 62
32 63
32 69
33 34
33 36
33 38
33 39
33 40
33 41
33 42
33 43
33 44
33 45
33 46
33 47
33 49
33 51
33 52
33 53
33 55
33 56
33 57
33 58
33 59
33 65
33 68
34 35
34 36
34 37
34 38
34 39
34 40
34 41
34 42
34 43
34 45
34 47
34 48
34 49
34 50
34 51
34 53
34 55
34 56
34 57
34 59
34 60
34 61
34 62
34 63
34 64
34 67
34 68
35 36
35 37
35 38
35 39
35 40
35 43
35 47
35 49
35 50
35 52
35 54
35 56
35 57
35 58
35 60
35 61
35 64
36 39
36 40
36 41
36 42
36 43
36 46
36 48
36 49
36 50
36 51
36 57
36 63
36 65
36 69
37 38
37 41
37 42
37 43
37 44
37 47
37 48
37 49
37 51
37 53
37 56
37 60
37 64
37 68
38 42
38 44
38 49
38 54
38 55
38 57
38 58
38 59
38 65
38 68
39 54
39 61
39 63
39 66
40 44
40 45
40 46
40 48
40 50
40 53
40 54
40 59
40 61
40 63
40 65
40 66
40 68
40 41
41 42
41 44
41 45
41 46
41 47
41 48
41 50
41 51
41 54
41 55
41 58
41 60
41 64
41 68
42 43
42 44
42 48
42 50
42 53
42 54
42 56
42 63
42 67
42 47
43 48
43 49
43 51
43 52
43 55
43 60
43 61
43 64
43 68
44 46
44 54
44 56
44 57
44 58
44 59
44 61
44 62
44 63
44 65
44 66
44 67
44 69
45 46
45 47
45 49
45 51
45 57
45 58
45 60
45 61
45 62
45 66
45 67
45 68
45 69
46 47
46 48
46 50
46 51
46 52
46 55
46 56
46 59
46 61
46 62
46 67
47 50
47 52
47 53
47 56
47 57
47 58
47 59
47 63
47 65
47 66
47 68
47 69
48 50
48 57
48 60
48 63
49 50
49 51
49 53
49 59
49 60
49 62
50 52
50 53
50 54
50 55
50 56
50 57
50 58
50 61
50 62
50 63
50 66
50 68
51 55
51 59
51 68
52 54
52 61
52 63
53 55
53 58
53 59
53 61
53 64
53 68
53 69
54 55
54 63
54 67
54 69
55 56
55 57
55 63
55 64
55 66
55 67
55 68
55 69
56 58
56 63
56 64
56 65
56 68
57 58
57 64
58 60
58 64
58 68
59 61
59 62
59 63
59 65
59 67
60 67
60 69
62 63
62 64
62 67
63 64
63 67
65 66
65 69
66 67
66 68
67 69
68 69