920979908
2
70
189
0 2
0 3
0 4
0 5
0 6
0 7
0 8
0 9
0 10
0 11
0 12
0 13
0 14
0 15
0 17
0 22
0 23
0 24
0 30
0 31
0 33
0 34
0 35
0 36
0 37
0 41
0 44
0 49
0 50
0 57
0 64
0 66
0 67
0 29
1 2
1 6
1 35
2 3
2 4
2 5
2 10
2 20
2 29
2 34
2 47
2 48
2 26
3 50
4 16
4 20
4 39
4 40
5 11
5 12
5 16
5 67
6 7
6 32
6 57
7 8
7 17
7 21
7 25
7 28
7 29
7 35
7 19
7 45
8 9
8 18
8 21
8 27
8 43
8 24
9 15
9 26
9 38
9 51
9 65
9 19
9 55
10 13
10 30
11 28
11 30
11 42
11 56
12 14
12 19
12 27
12 33
12 61
12 63
13 25
13 49
14 26
14 29
15 18
15 23
15 39
15 42
15 47
15 58
16 19
16 22
16 26
16 46
16 23
16 27
16 53
16 65
18 41
19 48
19 53
19 54
19 66
19 68
19 67
20 31
20 32
20 51
20 53
20 60
20 62
20 64
20 23
21 62
21 61
22 24
23 43
23 30
23 48
24 45
24 65
24 56
25 36
25 52
26 66
26 35
26 44
28 40
28 50
28 61
28 64
30 37
30 38
30 50
30 55
30 69
30 43
31 61
32 35
32 60
32 38
32 39
33 46
33 52
33 56
33 63
33 44
33 37
34 52
34 55
34 56
34 58
34 59
34 43
34 49
34 57
35 44
35 45
35 47
35 42
35 59
35 63
38 46
39 42
39 59
39 62
40 57
41 54
44 54
46 58
56 61
57 69
62 66
63 69
64 67
66 68