299796203
4
70
269
0 4
0 5
0 6
0 7
0 8
0 10
0 14
0 33
0 46
0 50
0 53
0 54
0 62
0 63
1 4
1 11
1 13
1 14
1 28
1 43
1 55
1 60
1 66
2 4
2 5
2 6
2 9
2 10
2 14
2 16
2 20
2 23
2 25
2 34
2 36
2 37
2 39
2 56
2 59
2 67
3 4
3 5
3 7
3 21
3 29
3 42
3 45
3 46
3 48
4 5
4 6
4 7
4 8
4 9
4 11
4 12
4 14
4 17
4 22
4 24
4 25
4 36
4 37
4 40
4 41
4 42
4 45
4 50
4 56
4 68
5 6
5 7
5 9
5 12
5 15
5 16
5 17
5 18
5 19
5 20
5 27
5 28
5 31
5 32
5 39
5 40
5 43
5 46
5 50
5 55
5 60
5 68
5 69
6 8
6 9
6 10
6 12
6 15
6 18
6 24
6 32
6 50
6 64
7 8
7 17
7 19
7 20
7 26
7 27
7 30
7 31
7 41
7 47
7 48
7 56
7 59
7 67
8 11
8 16
8 17
8 18
8 19
8 20
8 26
8 27
8 38
8 42
8 49
8 60
8 66
8 25
9 10
9 12
9 13
9 15
9 19
9 22
9 24
9 30
9 37
9 38
9 51
9 54
9 56
9 57
9 61
9 65
9 68
9 27
10 11
10 13
10 30
10 37
10 40
10 44
10 62
10 64
11 22
11 28
11 29
11 30
11 49
11 53
11 57
11 61
11 65
12 13
12 15
12 29
12 32
12 34
12 66
13 21
13 52
14 16
14 21
14 22
14 23
14 27
14 31
14 34
14 41
14 49
14 51
14 52
14 54
15 58
16 23
16 25
16 33
16 47
16 52
17 18
17 44
17 52
17 57
17 60
17 62
18 23
18 25
18 35
18 44
18 37
19 26
19 33
19 68
20 21
20 29
20 34
20 35
20 36
20 48
20 63
21 24
21 28
21 38
21 45
21 52
22 26
22 39
22 43
22 45
23 31
23 35
23 61
23 67
24 58
25 33
25 36
25 44
25 47
26 51
26 59
26 61
27 51
27 53
27 57
28 35
28 43
28 65
29 32
29 62
31 55
32 39
32 53
32 63
32 65
34 46
34 58
35 38
35 40
35 41
35 42
35 47
35 48
36 58
40 49
44 64
45 59
45 69
48 64
49 55
50 69
51 54
51 63
55 69
60 66
60 63
62 67