816860765
3
70
229
0 3
0 5
0 15
0 34
0 39
0 58
0 6
1 3
1 4
1 9
1 33
1 38
2 3
2 4
2 5
2 6
2 7
2 14
2 20
2 21
2 26
2 41
2 46
2 47
2 66
2 29
3 4
3 6
3 7
3 8
3 10
3 11
3 12
3 13
3 15
3 17
3 18
3 26
3 27
3 28
3 29
3 31
3 32
3 33
3 35
3 43
3 46
3 48
3 55
3 57
3 65
3 66
3 69
3 61
3 53
4 5
4 7
4 8
4 9
4 11
4 12
4 13
4 18
4 22
4 25
4 27
4 29
4 34
4 43
4 55
4 65
4 46
5 6
5 8
5 13
5 23
5 24
5 30
5 40
5 53
6 15
6 20
6 26
6 36
6 51
6 64
7 16
7 23
7 32
8 9
8 10
8 49
8 59
9 10
9 14
9 19
9 31
9 37
9 38
9 48
9 50
9 52
9 53
9 54
9 68
10 11
10 12
10 16
10 21
10 22
10 42
10 63
10 36
10 61
11 16
11 34
11 37
11 39
11 41
11 47
11 49
11 56
11 59
11 69
12 14
12 38
12 62
13 17
13 18
13 20
13 21
13 25
13 15
13 69
14 29
14 52
15 17
15 22
15 23
15 25
15 36
15 39
15 52
15 60
15 61
15 64
16 19
16 24
16 31
16 40
16 42
16 50
16 62
16 63
16 38
17 19
17 40
17 32
18 27
18 30
18 33
18 44
18 48
18 56
18 69
19 44
19 21
20 35
20 37
20 43
20 54
20 61
20 51
21 24
21 28
21 32
21 62
21 63
22 28
22 39
23 57
23 64
23 34
23 54
24 30
24 36
24 44
24 47
24 62
24 32
24 57
25 45
26 42
26 50
26 68
27 51
29 35
29 57
30 51
32 45
33 56
33 60
33 50
34 41
34 55
34 68
36 61
37 51
39 46
39 67
39 43
39 59
41 67
41 41
42 60
43 61
44 45
44 59
45 49
49 58
51 53
51 68
52 54
52 58
53 60
54 65
56 69
58 67
61 66