554183912
5
70
349
0 5
0 6
0 7
0 18
0 44
1 5
1 6
1 7
1 8
1 11
1 12
1 13
1 15
1 30
1 47
1 51
1 52
1 57
1 40
2 5
2 7
2 11
2 14
2 43
2 27
3 5
3 6
3 7
3 8
3 10
3 11
3 15
3 16
3 17
3 18
3 22
3 26
3 35
3 36
3 42
3 47
3 54
3 55
3 57
3 64
3 19
3 61
4 5
4 6
4 8
4 9
4 21
4 33
4 45
4 52
4 66
4 40
5 6
5 7
5 9
5 10
5 12
5 14
5 17
5 26
5 36
5 39
5 44
5 45
5 61
6 8
6 9
6 10
6 14
6 15
6 20
6 22
6 34
6 36
6 50
6 52
6 65
7 8
7 9
7 10
7 11
7 12
7 13
7 16
7 17
7 18
7 19
7 20
7 21
7 22
7 24
7 26
7 27
7 28
7 31
7 32
7 34
7 35
7 36
7 37
7 41
7 47
7 53
7 55
7 59
7 66
8 9
8 11
8 13
8 14
8 19
8 21
8 22
8 23
8 25
8 27
8 28
8 29
8 37
8 45
8 46
8 47
8 58
8 62
9 10
9 12
9 13
9 14
9 16
9 18
9 19
9 27
9 39
9 55
9 60
9 62
9 69
10 23
10 24
10 28
10 39
10 40
10 55
10 58
10 19
11 12
11 13
11 19
11 25
11 29
12 15
12 17
12 23
12 25
12 27
12 31
12 33
12 40
12 56
12 58
12 63
12 65
13 15
13 16
13 20
13 22
13 25
13 29
13 30
13 33
13 34
13 42
13 43
13 46
13 50
13 51
13 57
13 60
13 63
13 65
13 68
13 21
14 16
14 17
14 20
14 23
14 25
14 32
14 39
14 50
14 61
14 63
14 64
14 66
14 21
15 18
15 37
15 40
15 43
16 21
16 34
16 35
16 38
16 41
16 47
16 51
16 54
16 69
16 62
17 36
17 44
18 19
18 24
18 28
18 29
18 33
18 38
18 41
18 48
18 49
18 58
18 62
18 64
19 20
19 23
19 24
19 35
19 43
19 53
19 60
20 21
20 34
20 62
20 37
21 24
21 26
21 49
21 53
21 59
21 36
22 63
23 26
23 30
23 32
23 42
23 54
23 66
24 27
24 30
24 31
24 32
24 35
24 41
24 51
24 58
24 69
25 41
26 28
26 46
26 56
26 60
26 64
26 39
26 49
27 30
27 31
27 38
27 48
27 49
27 53
27 64
28 29
28 39
28 51
28 54
28 56
28 59
28 61
28 68
29 31
29 32
29 37
29 38
29 42
29 44
29 48
29 49
29 59
29 46
30 40
30 46
31 69
32 33
32 61
32 35
33 44
33 48
33 66
33 67
33 68
33 69
33 64
33 59
34 37
34 50
34 67
35 38
35 40
35 50
35 53
35 68
35 39
36 48
36 49
36 55
36 56
36 62
36 65
37 60
37 61
37 54
38 43
38 68
39 42
39 45
39 52
39 56
39 64
40 45
40 61
42 52
45 46
45 65
45 67
46 57
49 54
51 57
52 59
52 67
52 54
55 63
55 57
59 65
64 67