521827623
6
70
388
0 6
0 7
0 8
0 10
0 11
0 17
0 18
0 19
0 45
0 55
0 64
1 6
1 9
1 11
1 17
1 25
1 32
1 34
1 53
1 68
2 6
2 7
2 10
2 16
2 20
2 22
2 32
2 34
2 60
3 6
3 7
3 8
3 9
3 12
3 18
3 24
3 26
3 32
3 42
3 43
3 50
3 60
4 6
4 7
4 8
4 9
4 11
4 12
4 15
4 18
4 27
4 32
4 33
4 49
4 53
4 55
4 57
4 58
4 66
4 69
5 6
5 7
5 8
5 9
5 10
5 13
5 14
5 19
5 27
5 28
5 30
5 40
5 44
5 52
5 56
5 63
6 7
6 8
6 9
6 10
6 14
6 15
6 16
6 18
6 19
6 20
6 21
6 23
6 25
6 26
6 29
6 31
6 33
6 36
6 38
6 41
6 46
6 49
6 59
6 62
6 55
7 8
7 9
7 12
7 13
7 14
7 15
7 16
7 19
7 21
7 22
7 23
7 24
7 25
7 28
7 30
7 31
7 36
7 37
7 40
7 43
7 59
8 10
8 11
8 13
8 14
8 15
8 16
8 17
8 18
8 19
8 22
8 23
8 29
8 30
8 34
8 35
8 37
8 42
8 43
8 47
8 49
8 50
8 53
8 56
8 61
8 65
8 68
9 10
9 11
9 12
9 13
9 14
9 15
9 20
9 27
9 35
9 51
9 53
9 55
9 58
9 60
9 64
9 66
9 68
10 11
10 12
10 13
10 14
10 16
10 17
10 18
10 21
10 22
10 24
10 26
10 27
10 28
10 29
10 31
10 32
10 33
10 38
10 41
10 44
10 54
10 61
10 63
10 64
10 65
11 12
11 13
11 16
11 17
11 20
11 21
11 23
11 27
11 29
11 30
11 31
11 32
11 33
11 35
11 37
11 40
11 41
11 44
11 45
11 47
11 48
11 55
11 56
11 69
12 15
12 19
12 20
12 26
12 29
12 42
12 48
12 51
12 52
12 57
12 60
12 69
14 17
14 22
14 23
14 24
14 34
14 36
14 38
14 39
14 43
14 50
14 64
14 69
15 24
15 47
15 48
15 51
15 67
16 20
16 39
16 40
16 49
17 21
17 22
17 25
17 26
17 33
17 36
17 39
17 47
18 29
19 21
19 27
19 46
19 52
19 54
20 24
20 35
20 39
20 43
20 50
20 55
20 58
20 59
20 61
20 62
20 63
20 67
21 25
21 26
21 28
21 30
21 31
21 34
21 35
21 39
21 40
21 46
21 54
21 58
21 62
22 23
22 25
22 38
22 45
22 47
22 48
22 53
22 54
22 55
23 28
23 30
23 40
24 36
24 37
24 42
24 47
24 48
24 66
25 63
25 65
25 68
26 28
26 36
26 38
26 46
26 48
26 61
26 67
26 37
27 62
27 63
27 66
28 31
28 37
28 41
28 45
29 46
29 51
29 54
29 53
30 39
30 42
30 43
30 52
31 35
31 46
31 65
32 33
32 34
32 44
32 52
33 45
33 66
34 37
34 38
34 42
34 59
34 65
35 41
35 51
35 53
35 62
35 66
36 51
37 41
37 44
37 52
37 56
37 57
37 61
38 44
38 50
38 56
38 60
38 68
40 49
40 50
40 60
41 58
41 59
42 45
43 62
45 49
45 54
48 68
50 58
50 69
51 56
51 67
52 61
53 57
53 64
54 61
55 57
55 59
56 57
56 64
57 65
60 69
61 63
63 67
65 67