596004032
7
70
468
0 7
0 8
0 9
0 10
0 11
0 17
0 18
0 24
0 25
0 26
0 35
0 43
0 44
0 60
1 7
1 8
1 9
1 10
1 11
1 12
1 13
1 14
1 15
1 18
1 19
1 25
1 29
1 32
1 35
1 47
1 69
1 64
2 7
2 8
2 9
2 10
2 12
2 13
2 14
2 15
2 23
2 33
2 36
2 37
2 39
2 46
2 58
2 59
2 62
2 63
2 69
2 28
3 7
3 8
3 9
3 11
3 13
3 14
3 21
3 31
3 38
3 41
3 45
3 48
3 50
3 59
3 42
4 7
4 8
4 12
4 16
4 17
4 19
4 42
4 44
4 47
4 49
4 40
5 7
5 8
5 9
5 10
5 12
5 18
5 19
5 25
5 28
5 36
5 44
5 49
5 54
5 63
5 66
6 7
6 11
6 14
6 16
6 19
6 23
6 24
6 27
6 31
6 38
6 40
6 62
6 64
6 69
7 8
7 9
7 10
7 11
7 13
7 14
7 15
7 16
7 17
7 18
7 19
7 20
7 21
7 23
7 26
7 32
7 37
7 39
7 40
7 44
7 53
7 57
7 58
7 63
7 68
7 52
7 54
7 55
8 9
8 10
8 11
8 15
8 16
8 19
8 21
8 31
8 33
8 40
8 41
8 42
8 47
8 48
8 54
8 62
8 37
8 67
9 10
9 12
9 17
9 21
9 22
9 30
9 31
9 32
9 35
9 36
9 42
9 47
9 48
9 57
9 61
9 64
9 65
9 27
10 11
10 12
10 13
10 14
10 15
10 20
10 21
10 23
10 24
10 25
10 27
10 29
10 30
10 31
10 33
10 35
10 36
10 38
10 46
10 49
10 50
10 52
10 54
10 58
10 64
10 66
10 69
10 22
11 12
11 13
11 15
11 16
11 23
11 26
11 30
11 33
11 34
11 35
11 38
11 39
11 49
11 50
11 51
11 53
11 60
11 69
12 13
12 14
12 15
12 16
12 17
12 18
12 20
12 22
12 25
12 26
12 27
12 30
12 31
12 33
12 34
12 35
12 41
12 43
12 44
12 45
12 48
12 52
12 54
12 60
12 61
12 63
12 68
13 17
13 21
13 22
13 24
13 30
13 41
13 43
13 53
13 63
13 67
13 16
14 16
14 22
14 23
14 27
14 55
14 60
14 32
15 18
15 19
15 21
15 22
15 26
15 28
15 36
15 37
15 38
15 42
15 45
15 47
15 50
15 52
15 55
15 59
15 62
15 64
15 68
16 17
16 20
16 23
16 24
16 25
16 26
16 29
16 32
16 35
16 37
16 51
16 58
16 61
16 65
17 18
17 20
17 24
17 28
17 29
17 37
17 55
17 61
17 62
17 67
17 68
18 20
18 28
18 29
18 30
18 32
18 34
18 39
18 43
18 49
18 54
18 64
18 24
18 26
19 20
19 22
19 27
19 29
19 32
19 33
19 34
19 37
19 40
19 56
19 58
20 22
20 30
20 42
20 56
20 33
20 59
21 24
21 25
21 28
21 29
21 33
21 40
21 42
21 48
21 50
21 56
21 65
21 69
21 63
22 27
22 32
22 43
22 55
22 56
23 59
23 60
24 26
24 28
24 37
24 39
24 55
24 65
24 69
25 38
25 56
25 66
26 27
26 31
26 40
26 42
26 46
26 51
26 53
26 58
26 64
26 60
27 28
28 34
28 44
28 47
28 61
28 63
28 67
29 67
30 36
30 39
30 51
30 58
30 63
30 66
31 48
31 59
32 34
32 39
32 47
32 48
32 50
32 65
33 34
33 36
33 44
33 66
33 33
34 46
34 49
34 59
35 40
35 52
35 53
35 55
35 64
36 41
36 45
36 54
37 38
37 53
37 54
37 66
38 43
38 46
38 49
38 68
38 53
39 41
39 55
40 41
40 45
40 51
40 59
41 43
41 45
41 53
41 57
41 60
41 61
41 67
41 63
42 45
42 52
43 46
43 62
44 46
44 51
44 56
44 57
44 60
45 57
45 67
45 54
46 50
46 52
47 51
50 52
50 67
52 57
52 65
54 57
55 56
55 66
57 61
57 62
58 68
58 69
59 66
61 65
62 67
62 62
63 68