933399121
6
70
428
0 6
0 7
0 8
0 10
0 11
0 14
0 18
0 23
0 24
0 26
0 28
0 36
0 47
0 56
0 68
0 20
1 6
1 7
1 8
1 9
1 11
1 12
1 14
1 15
1 16
1 19
1 21
1 23
1 27
1 29
1 33
1 35
1 36
1 39
1 44
1 45
1 48
1 63
1 68
1 24
1 50
1 52
2 6
2 10
2 12
2 23
2 28
2 29
2 51
2 68
2 34
3 6
3 7
3 8
3 9
3 11
3 12
3 18
3 62
4 6
4 7
4 8
4 9
4 17
4 26
4 33
4 38
4 41
4 45
4 27
5 6
5 7
5 8
5 11
5 15
5 17
5 20
5 22
5 30
5 37
5 58
6 7
6 8
6 9
6 10
6 11
6 12
6 13
6 14
6 15
6 16
6 17
6 18
6 19
6 20
6 21
6 22
6 23
6 25
6 26
6 27
6 30
6 31
6 32
6 36
6 44
6 48
6 54
6 58
6 66
6 68
6 69
7 9
7 10
7 13
7 16
7 17
7 18
7 20
7 21
7 28
7 31
7 32
7 39
7 44
7 46
7 51
7 54
7 55
7 56
7 61
7 62
7 63
7 64
7 65
7 50
7 30
7 58
7 69
8 9
8 10
8 12
8 13
8 14
8 15
8 22
8 24
8 28
8 29
8 37
8 39
8 45
8 49
8 52
8 57
8 61
8 69
8 26
8 63
9 10
9 11
9 12
9 13
9 15
9 16
9 17
9 19
9 20
9 23
9 30
9 34
9 35
9 39
9 42
9 48
9 52
9 53
9 59
9 45
10 13
10 17
10 22
10 32
10 39
10 40
10 49
10 24
11 16
11 20
11 22
11 26
11 27
11 29
11 37
11 38
11 49
11 52
11 53
11 57
11 58
11 63
11 36
11 60
12 13
12 14
12 19
12 25
12 28
12 34
12 36
12 40
12 41
12 43
12 56
12 66
12 46
13 14
13 15
13 24
13 27
13 30
13 34
13 35
13 37
13 38
13 40
13 42
13 46
13 47
13 55
13 56
13 69
13 59
13 53
14 19
14 24
14 25
14 29
14 34
14 50
14 51
14 53
14 55
14 60
14 62
14 21
14 42
15 16
15 28
15 35
15 37
15 38
15 47
15 48
15 49
15 52
16 18
16 19
16 21
16 23
16 24
16 26
16 27
16 37
16 40
16 45
16 47
16 56
16 59
16 62
16 64
16 65
16 46
17 18
17 27
17 41
17 43
17 46
17 58
17 65
17 68
17 69
17 24
18 20
18 21
18 22
18 25
18 29
18 32
18 33
18 36
18 38
18 41
18 43
18 53
18 60
18 61
18 63
18 64
18 67
18 54
19 21
19 25
19 68
20 32
20 33
20 35
20 53
20 23
21 25
21 30
21 31
21 34
21 58
21 63
21 41
22 31
22 43
22 51
22 64
22 65
23 24
23 35
23 64
23 66
23 67
23 62
24 31
24 32
24 42
24 50
24 54
24 55
24 57
24 65
24 66
24 67
24 27
25 26
25 31
25 33
25 40
25 55
25 59
25 67
26 43
26 44
26 47
26 51
26 57
26 27
27 47
27 50
27 52
28 36
29 30
29 33
29 34
29 50
31 42
31 59
31 66
31 69
32 39
33 46
33 50
33 61
33 39
34 38
34 42
34 50
35 41
35 43
35 44
35 46
35 52
35 55
35 69
35 51
36 40
36 41
36 42
36 45
36 58
37 49
37 53
38 54
39 44
40 45
40 46
40 59
40 63
41 51
42 68
44 48
44 54
44 57
44 50
45 49
47 48
47 50
47 57
47 58
47 60
47 62
47 65
48 51
49 66
49 62
50 51
50 55
50 57
50 67
51 54
51 60
52 60
53 60
53 67
53 59
55 56
55 61
56 62
56 58
58 59
58 61
58 67
60 65
61 64