15421836
8
70
508
0 8
0 10
0 11
0 12
0 15
0 19
0 35
0 65
1 8
1 9
1 10
1 11
1 12
1 22
1 29
1 46
2 8
2 9
2 11
2 15
2 17
2 19
2 21
2 22
2 26
2 35
2 36
2 37
2 41
2 44
2 46
2 55
2 57
2 65
2 68
2 63
3 8
3 9
3 10
3 13
3 14
3 17
3 18
3 21
3 25
3 34
3 38
3 42
3 55
3 58
3 66
4 8
4 9
4 10
4 12
4 15
4 16
4 22
4 24
4 25
4 31
4 36
4 38
4 42
4 47
4 58
5 8
5 9
5 10
5 11
5 12
5 13
5 18
5 23
5 36
5 25
6 8
6 9
6 11
6 18
6 23
6 26
6 29
6 43
6 55
6 62
6 67
6 68
6 31
7 8
7 9
7 10
7 12
7 13
7 14
7 15
7 17
7 18
7 19
7 20
7 25
7 35
7 36
7 37
7 38
7 50
7 54
7 57
8 9
8 10
8 11
8 12
8 13
8 14
8 16
8 17
8 18
8 19
8 20
8 23
8 24
8 29
8 33
8 36
8 37
8 38
8 40
8 41
8 45
8 48
8 49
8 54
9 10
9 11
9 12
9 13
9 14
9 15
9 16
9 18
9 19
9 20
9 21
9 25
9 27
9 28
9 29
9 31
9 32
9 34
9 36
9 40
9 41
9 42
9 51
9 55
9 56
9 58
9 63
9 64
10 11
10 13
10 14
10 15
10 16
10 19
10 26
10 28
10 32
10 37
10 45
10 50
10 62
11 12
11 13
11 14
11 15
11 16
11 17
11 20
11 21
11 22
11 26
11 27
11 30
11 31
11 33
11 34
11 37
11 39
11 41
11 43
11 44
11 46
11 49
11 51
11 53
11 59
11 61
11 62
11 63
11 64
11 47
11 19
12 13
12 14
12 15
12 17
12 20
12 23
12 24
12 33
12 42
12 43
12 49
12 53
12 55
12 56
12 58
12 66
12 68
13 14
13 16
13 17
13 19
13 21
13 22
13 28
13 29
13 30
13 31
13 34
13 39
13 45
13 46
13 48
13 53
13 57
13 66
13 68
14 16
14 20
14 22
14 23
14 24
14 25
14 29
14 30
14 34
14 36
14 40
14 45
14 48
14 57
14 62
14 67
15 16
15 19
15 20
15 24
15 25
15 26
15 30
15 32
15 33
15 40
15 43
15 45
15 48
15 49
15 51
15 59
15 67
15 39
16 17
16 18
16 24
16 25
16 30
16 31
16 35
16 38
16 45
16 50
16 55
16 61
17 18
17 21
17 22
17 23
17 24
17 25
17 26
17 27
17 28
17 29
17 30
17 31
17 32
17 33
17 35
17 40
17 42
17 45
17 47
17 48
17 49
17 51
17 52
17 53
17 54
17 61
18 21
18 26
18 27
18 30
18 32
18 39
18 52
18 53
18 58
18 59
18 65
18 66
18 69
19 20
19 21
19 22
19 23
19 27
19 28
19 31
19 42
19 46
19 61
19 64
20 28
20 32
20 33
20 45
20 49
20 67
20 22
21 23
21 24
21 27
21 34
21 38
21 41
21 47
21 48
21 52
21 57
21 65
22 37
22 47
22 53
22 60
22 63
22 66
23 27
23 28
23 29
23 37
23 40
23 41
23 44
23 47
23 53
23 58
23 65
23 67
24 26
24 38
24 39
24 42
24 43
24 51
24 62
24 64
24 69
25 27
25 34
25 39
25 41
25 44
25 52
25 56
25 66
25 43
26 28
26 30
26 34
26 43
26 44
26 47
26 50
26 52
26 63
26 64
27 31
27 35
27 39
27 41
27 42
27 28
28 32
28 38
28 39
28 43
28 56
28 57
28 60
28 62
29 32
29 39
29 62
30 33
30 35
30 36
30 40
30 43
30 48
30 56
30 58
31 51
31 59
31 61
31 64
31 67
32 33
32 46
32 54
32 69
33 35
33 40
33 50
33 63
33 64
33 66
33 68
33 69
34 37
34 50
35 52
35 56
35 61
35 40
36 46
36 59
36 64
37 49
37 50
37 63
38 51
38 52
38 63
38 68
38 69
38 46
39 44
39 61
39 54
40 44
40 46
40 48
40 50
40 67
41 65
42 55
42 59
42 65
42 69
43 44
43 69
44 47
44 58
44 60
45 57
46 47
46 54
46 59
47 49
47 52
47 60
48 53
48 65
49 51
49 54
49 55
49 67
50 56
50 57
50 68
50 69
51 54
52 54
52 59
52 60
53 56
54 61
56 63
57 60
58 60
58 68
59 60
59 62
64 66