468310062
9
70
588
0 9
1 9
1 10
1 13
1 16
1 22
1 26
1 27
1 31
1 38
1 40
1 41
1 53
1 55
1 60
1 61
1 68
2 9
2 10
2 11
2 12
2 13
2 14
2 17
2 18
2 21
2 25
2 29
2 30
2 46
2 49
2 54
2 56
2 65
2 68
2 23
3 9
3 10
3 11
3 12
3 13
3 15
3 17
3 25
3 30
3 46
3 51
3 52
3 63
3 67
3 7
3 37
4 9
4 10
4 11
4 12
4 13
4 15
4 18
4 20
4 23
4 24
4 26
4 27
4 28
4 33
4 34
4 35
4 39
4 45
4 49
4 61
4 64
4 31
5 9
5 10
5 11
5 15
5 16
5 22
5 24
5 25
5 27
5 28
5 29
5 33
5 34
5 39
5 56
6 9
6 10
6 11
6 12
6 13
6 14
6 16
6 17
6 18
6 19
6 20
6 21
6 27
6 31
6 34
6 35
6 36
6 37
6 38
6 41
6 42
6 43
6 46
6 48
6 56
6 58
6 61
6 64
6 22
7 9
7 10
7 11
7 12
7 13
7 14
7 16
7 17
7 33
7 35
7 36
7 40
7 41
7 42
7 43
7 44
7 50
7 53
7 56
7 59
7 60
7 63
7 66
8 9
8 10
8 11
8 12
8 14
8 15
8 19
8 20
8 22
8 34
8 48
8 54
8 55
8 49
8 58
8 68
9 10
9 11
9 12
9 13
9 14
9 15
9 16
9 17
9 18
9 19
9 20
9 25
9 29
9 30
9 34
9 35
9 40
9 41
9 42
9 45
9 46
9 48
9 49
9 50
9 51
9 54
9 57
9 66
10 11
10 12
10 13
10 14
10 15
10 16
10 18
10 21
10 23
10 24
10 26
10 29
10 30
10 31
10 32
10 36
10 37
10 39
10 42
10 43
10 47
10 48
10 51
10 52
10 56
10 59
10 66
10 69
10 25
10 19
10 20
11 12
11 14
11 15
11 16
11 19
11 20
11 21
11 24
11 27
11 30
11 31
11 33
11 36
11 38
11 43
11 48
11 51
11 54
11 60
11 61
11 62
11 65
11 69
11 25
12 13
12 14
12 15
12 17
12 18
12 19
12 22
12 23
12 26
12 27
12 28
12 30
12 31
12 34
12 35
12 37
12 38
12 44
12 45
12 50
12 52
12 58
12 60
12 64
12 66
12 68
12 16
12 39
13 14
13 17
13 20
13 21
13 23
13 25
13 27
13 28
13 29
13 31
13 32
13 38
13 41
13 44
13 47
13 49
13 50
13 52
13 53
13 58
13 60
13 63
13 64
13 65
13 15
14 15
14 16
14 17
14 18
14 19
14 20
14 21
14 22
14 26
14 27
14 28
14 34
14 43
14 44
14 48
14 49
14 55
14 59
14 60
14 63
14 64
14 66
14 69
14 14
15 16
15 19
15 21
15 22
15 23
15 24
15 25
15 28
15 29
15 31
15 33
15 35
15 36
15 39
15 40
15 41
15 43
15 44
15 46
15 53
15 55
15 57
15 64
16 17
16 18
16 36
16 54
16 59
16 61
16 29
17 18
17 19
17 20
17 21
17 22
17 24
17 27
17 29
17 31
17 32
17 39
17 45
17 53
17 56
17 58
17 59
17 62
17 66
17 67
17 68
17 30
17 35
17 54
17 55
18 19
18 24
18 26
18 29
18 37
18 42
18 47
18 48
18 51
18 63
19 20
19 21
19 22
19 23
19 25
19 26
19 30
19 31
19 32
19 33
19 34
19 35
19 38
19 40
19 44
19 47
19 53
19 57
19 59
19 62
19 63
20 23
20 24
20 28
20 32
20 35
20 36
20 37
20 38
20 40
20 45
20 50
20 52
20 54
20 58
20 59
20 66
21 22
21 23
21 25
21 34
21 35
21 42
21 60
21 64
21 37
22 23
22 24
22 25
22 26
22 28
22 30
22 32
22 33
22 36
22 37
22 38
22 42
22 43
22 47
22 52
22 54
22 55
22 63
22 67
22 69
22 66
23 32
23 41
23 43
23 44
23 45
23 56
23 58
23 63
23 64
23 69
24 26
24 28
24 29
24 36
24 37
24 39
24 49
24 50
24 51
24 62
24 24
24 47
25 30
25 33
25 38
25 50
25 55
25 62
25 65
25 51
25 61
26 32
26 46
26 51
26 57
26 65
27 33
27 39
27 61
27 60
28 37
28 45
28 67
28 58
29 40
29 47
29 48
29 57
29 62
29 67
30 32
30 37
30 39
30 40
30 43
30 44
30 52
30 55
30 57
30 67
31 40
31 55
31 56
31 69
31 46
32 41
32 49
32 56
32 61
32 63
32 34
33 58
34 41
34 42
34 57
34 66
34 68
35 46
35 47
35 49
35 50
35 59
35 62
36 39
36 45
36 47
36 48
36 55
36 67
36 69
37 58
38 42
38 47
38 52
38 60
38 65
38 68
38 51
38 56
39 46
40 45
40 57
40 65
40 48
41 50
41 64
41 68
42 46
43 44
43 58
43 62
44 49
44 51
44 53
44 62
44 68
45 53
45 54
48 52
48 53
48 54
48 61
48 66
49 51
50 60
51 57
53 59
53 61
53 63
53 64
54 68
54 65
58 59
60 69
61 69
62 65
62 67
63 65
64 66
66 67