800941947
10
70
628
0 10
0 11
0 14
0 15
0 16
0 17
0 19
0 21
0 30
0 35
0 66
1 10
1 13
1 14
1 17
1 18
1 19
1 21
1 22
1 23
1 24
1 25
1 27
1 28
1 30
1 32
1 44
1 62
1 57
1 68
2 10
2 11
2 12
2 22
2 25
2 26
2 42
2 69
3 10
3 11
3 12
3 21
3 22
3 23
3 27
3 28
3 29
3 37
3 38
3 43
4 10
4 11
4 12
4 13
4 14
4 15
4 16
4 17
4 19
4 20
4 23
4 24
4 26
4 28
4 32
4 44
4 49
4 54
4 62
5 10
5 11
5 12
5 13
5 15
5 20
5 23
5 25
5 27
5 35
5 38
5 40
5 47
5 48
5 58
6 10
6 11
6 12
6 13
6 21
6 27
6 31
6 49
6 65
6 67
7 10
7 11
7 12
7 13
7 14
7 18
7 19
7 20
7 21
7 27
7 29
7 33
7 34
7 45
7 51
7 65
8 10
8 11
8 12
8 13
8 14
8 15
8 16
8 18
8 23
8 26
8 29
8 30
8 31
8 41
8 46
8 48
8 52
8 58
8 62
8 66
8 69
8 35
8 60
9 10
9 11
9 12
9 13
9 14
9 15
9 16
9 18
9 19
9 20
9 21
9 24
9 25
9 31
9 34
9 36
9 39
9 44
9 45
9 47
9 52
9 54
9 55
9 57
9 65
9 66
9 67
9 17
10 11
10 12
10 13
10 14
10 15
10 16
10 17
10 18
10 20
10 21
10 22
10 24
10 26
10 27
10 32
10 33
10 34
10 38
10 39
10 40
10 42
10 43
10 45
10 46
10 50
10 51
10 52
10 53
10 55
10 56
10 59
10 62
10 65
10 10
10 30
11 12
11 13
11 14
11 15
11 16
11 17
11 19
11 21
11 22
11 24
11 29
11 30
11 31
11 33
11 34
11 35
11 36
11 37
11 38
11 42
11 43
11 47
11 48
11 49
11 56
11 57
11 60
11 61
11 63
11 25
11 18
12 13
12 14
12 15
12 16
12 17
12 18
12 19
12 20
12 22
12 25
12 26
12 28
12 29
12 30
12 31
12 34
12 38
12 40
12 43
12 48
12 50
12 53
12 55
12 58
12 59
12 64
13 14
13 15
13 16
13 17
13 18
13 19
13 20
13 21
13 22
13 23
13 24
13 26
13 27
13 30
13 31
13 32
13 33
13 35
13 36
13 40
13 41
13 42
13 43
13 45
13 47
13 48
13 49
13 50
13 53
13 58
13 59
13 61
13 63
14 15
14 16
14 17
14 18
14 19
14 20
14 22
14 24
14 25
14 28
14 29
14 31
14 37
14 40
14 46
14 52
14 53
14 54
14 57
14 58
14 59
14 60
14 62
14 64
15 16
15 17
15 18
15 19
15 20
15 22
15 24
15 26
15 28
15 30
15 31
15 33
15 35
15 36
15 38
15 41
15 42
15 45
15 49
15 51
15 52
15 60
15 63
15 67
15 69
15 34
16 17
16 18
16 23
16 35
16 37
16 39
16 44
16 45
16 46
16 55
16 20
17 25
17 27
17 32
17 33
17 36
17 38
17 40
17 42
17 44
17 47
17 51
17 64
18 20
18 22
18 23
18 25
18 34
18 37
18 50
18 51
18 52
18 53
18 54
18 55
18 57
18 61
18 63
18 65
19 24
19 27
19 32
19 33
19 34
19 56
19 59
19 61
19 66
19 68
19 40
20 21
20 23
20 25
20 28
20 30
20 32
20 35
20 37
20 43
20 50
20 52
20 54
20 61
20 66
20 67
20 64
21 23
21 26
21 28
21 29
21 30
21 35
21 37
21 43
21 53
21 54
21 55
21 58
21 62
21 63
21 64
21 32
22 26
22 28
22 32
22 35
22 37
22 39
22 45
22 55
22 61
22 64
22 65
22 36
23 24
23 26
23 29
23 34
23 36
23 39
23 42
23 48
23 56
23 68
24 25
24 27
24 32
24 33
24 34
24 39
24 45
24 47
24 48
24 49
24 52
24 54
24 59
25 33
25 36
25 37
25 46
25 47
25 49
25 51
25 53
25 57
25 58
25 67
26 28
26 29
26 31
26 33
26 40
26 41
26 44
26 47
26 68
27 32
27 48
27 51
27 54
27 55
27 59
27 66
28 29
28 30
28 37
28 39
28 41
28 43
28 44
28 45
28 55
28 69
29 34
29 39
29 49
29 62
29 65
29 38
30 31
30 35
30 36
30 38
30 39
30 47
30 56
30 57
30 59
30 62
30 68
30 46
31 41
31 43
31 57
31 49
32 36
32 44
32 54
32 56
32 60
32 64
32 66
33 40
33 41
33 42
33 44
33 49
33 65
33 68
34 38
34 50
34 52
34 53
34 54
34 57
34 58
34 66
34 61
35 36
35 40
35 46
35 51
35 53
35 60
35 63
36 38
36 39
36 41
36 46
36 61
36 69
36 67
37 40
37 41
37 50
37 51
37 52
37 68
37 58
38 42
38 43
38 46
38 48
38 51
38 66
39 41
39 42
39 50
39 59
39 60
39 40
40 45
40 56
40 69
40 50
41 44
41 53
41 55
41 56
42 46
42 60
42 61
43 69
43 59
44 47
44 48
44 60
44 62
44 69
45 46
45 64
45 65
45 69
46 64
47 50
47 48
48 49
48 50
49 57
49 62
49 63
50 58
50 65
51 64
52 56
53 56
53 58
53 60
53 64
53 67
53 69
54 63
54 67
55 67
56 57
56 63
57 59
57 61
57 67
57 68
58 60
58 66
58 68
58 69
59 67
60 61
60 63
60 68
62 69
63 65
65 68