217896101
11
70
667
0 11
0 12
0 13
0 14
0 15
0 16
0 18
0 19
0 20
0 22
0 23
0 26
0 27
0 29
0 32
0 33
0 34
0 36
0 40
0 42
0 43
0 53
0 56
0 58
0 63
0 64
0 28
1 11
1 12
1 13
1 19
1 20
1 28
1 41
1 60
2 11
2 12
2 13
2 14
2 15
2 16
2 17
2 18
2 19
2 20
2 27
2 30
2 32
2 35
2 44
2 46
2 47
2 48
2 49
2 51
2 56
2 57
2 63
2 64
2 68
2 69
3 11
3 12
3 13
3 14
3 15
3 16
3 18
3 20
3 23
3 25
3 30
3 36
3 37
3 41
3 44
3 48
3 50
3 52
3 53
3 55
3 64
3 66
4 11
4 12
4 14
4 15
4 17
4 22
4 33
4 34
4 35
4 37
4 41
4 42
4 43
4 44
4 46
4 47
4 48
4 52
4 56
4 60
4 67
4 7
5 11
5 13
5 14
5 15
5 23
5 31
5 32
5 38
5 43
5 45
5 46
5 52
5 55
5 56
5 58
5 20
6 11
6 12
6 13
6 14
6 16
6 17
6 18
6 21
6 25
6 26
6 27
6 33
6 40
6 41
6 44
6 49
6 50
6 51
6 53
6 57
6 60
6 15
7 11
7 12
7 48
7 58
7 66
8 11
8 12
8 13
8 15
8 16
8 17
8 21
8 22
8 24
8 27
8 30
8 41
8 55
8 59
8 60
9 11
9 12
9 13
9 14
9 17
9 20
9 21
9 22
9 23
9 24
9 26
9 27
9 31
9 34
9 43
9 44
9 47
9 53
9 63
9 66
10 11
10 12
10 13
10 14
10 15
10 16
10 17
10 18
10 19
10 22
10 24
10 29
10 33
10 35
10 42
10 46
10 48
10 53
10 62
10 64
10 67
10 68
11 12
11 13
11 14
11 15
11 16
11 17
11 18
11 19
11 20
11 21
11 22
11 23
11 24
11 25
11 26
11 27
11 29
11 30
11 31
11 33
11 35
11 36
11 39
11 40
11 42
11 45
11 49
11 51
11 56
11 57
11 59
11 64
11 66
11 69
11 50
12 13
12 14
12 15
12 16
12 17
12 18
12 19
12 21
12 22
12 24
12 27
12 28
12 29
12 33
12 36
12 37
12 39
12 44
12 48
12 50
12 52
12 54
12 61
12 63
12 69
13 14
13 15
13 16
13 18
13 19
13 20
13 21
13 23
13 24
13 25
13 26
13 28
13 29
13 31
13 33
13 34
13 35
13 39
13 40
13 43
13 47
13 49
13 51
13 53
13 54
13 58
13 59
13 61
13 63
13 65
13 69
14 15
14 16
14 17
14 18
14 19
14 20
14 21
14 22
14 24
14 25
14 26
14 28
14 30
14 31
14 32
14 33
14 34
14 40
14 41
14 44
14 46
14 60
14 69
15 16
15 17
15 18
15 19
15 20
15 21
15 22
15 23
15 24
15 25
15 27
15 28
15 29
15 30
15 31
15 36
15 37
15 38
15 39
15 43
15 45
15 49
15 58
15 60
15 64
15 66
15 67
15 68
15 69
16 17
16 18
16 20
16 24
16 25
16 26
16 28
16 29
16 30
16 32
16 35
16 37
16 38
16 39
16 46
16 47
16 50
16 51
16 59
17 19
17 21
17 24
17 25
17 26
17 28
17 29
17 32
17 39
17 48
17 50
17 54
17 59
17 64
17 65
17 67
17 69
18 19
18 21
18 22
18 29
18 30
18 31
18 32
18 36
18 38
18 40
18 49
18 51
18 52
18 54
18 57
18 59
18 61
18 62
18 66
18 67
19 20
19 22
19 23
19 25
19 27
19 28
19 30
19 32
19 33
19 35
19 37
19 39
19 45
19 47
19 49
19 52
19 59
19 62
19 65
19 44
19 67
20 21
20 23
20 26
20 27
20 28
20 30
20 31
20 33
20 34
20 35
20 36
20 38
20 40
20 41
20 57
20 58
20 59
20 61
20 63
21 23
21 26
21 28
21 29
21 37
21 43
21 45
21 46
21 48
21 50
21 51
21 52
21 54
21 55
21 62
21 63
21 64
22 23
22 25
22 26
22 30
22 31
22 43
22 44
22 45
22 46
22 49
22 55
22 57
22 65
23 24
23 31
23 32
23 33
23 36
23 50
23 52
23 59
23 60
23 66
24 25
24 27
24 34
24 46
24 49
24 53
24 60
25 32
25 36
25 38
25 39
25 41
25 51
25 61
25 62
25 65
26 28
26 29
26 34
26 35
26 38
26 39
26 42
26 43
26 47
26 53
26 54
26 56
26 57
26 65
27 34
27 35
27 37
27 39
27 40
27 42
27 47
27 51
27 62
27 66
27 41
28 36
28 38
28 43
28 45
28 49
28 55
28 59
28 65
28 68
29 34
29 37
29 38
29 40
29 44
29 45
29 56
29 58
29 61
29 31
30 31
30 34
30 38
30 42
30 46
30 48
30 50
30 53
30 54
30 55
30 58
30 64
31 32
31 36
31 39
31 58
31 63
31 65
31 67
32 40
32 41
32 50
32 61
32 52
33 42
33 45
33 47
33 52
33 54
33 68
33 69
34 35
34 43
34 48
34 53
34 54
34 56
34 60
34 61
34 68
35 37
35 42
35 57
35 60
35 61
35 63
35 65
35 67
36 37
36 40
36 41
36 49
36 65
36 54
37 38
37 45
37 48
37 64
38 41
38 42
38 62
39 45
39 52
40 42
40 44
40 50
40 55
40 56
40 61
40 62
40 66
40 68
41 44
41 46
41 51
41 68
42 47
42 54
43 68
44 51
44 57
44 59
44 65
44 66
44 67
44 69
45 47
45 50
46 56
46 62
47 55
49 52
49 58
49 63
49 67
49 49
50 55
50 57
50 67
50 69
51 53
51 68
52 58
52 69
53 54
53 55
53 57
53 62
53 65
53 68
54 56
54 60
56 62
56 64
57 64
57 67
58 60
58 66
58 67
59 61
59 63
59 69
60 65