414457245
13
70
747
0 13
0 14
0 16
0 17
0 18
0 19
0 20
0 21
0 29
0 30
0 32
0 35
0 36
0 37
0 38
0 41
0 46
0 54
0 56
0 58
0 59
0 66
0 47
1 13
1 14
1 15
1 19
1 20
1 21
1 22
1 23
1 24
1 25
1 30
1 33
1 36
1 40
1 46
1 52
1 64
1 68
2 13
2 15
2 16
2 17
2 19
2 21
2 22
2 26
2 34
2 35
2 44
2 50
2 51
2 54
2 63
3 13
3 14
3 15
3 16
3 19
3 20
3 22
3 23
3 24
3 26
3 31
3 35
3 36
3 40
3 45
3 46
3 49
3 57
3 60
3 67
4 13
4 14
4 15
4 17
4 22
4 29
4 30
4 31
4 32
4 34
4 36
4 37
4 49
4 50
4 61
4 63
4 68
4 69
5 13
5 14
5 15
5 17
5 18
5 22
5 29
5 30
5 34
5 35
5 43
5 46
5 48
5 52
5 54
5 59
5 62
5 20
6 13
6 14
6 15
6 16
6 17
6 18
6 23
6 24
6 26
6 27
6 28
6 30
6 31
6 32
6 33
6 34
6 37
6 38
6 41
6 43
6 45
6 47
6 48
6 50
6 51
6 53
6 56
6 62
6 64
7 13
7 14
7 15
7 16
7 17
7 18
7 19
7 20
7 22
7 27
7 29
7 30
7 35
7 36
7 38
7 39
7 40
7 41
7 48
7 49
7 53
7 54
7 65
7 67
8 13
8 14
8 15
8 16
8 17
8 18
8 20
8 22
8 24
8 25
8 26
8 29
8 30
8 36
8 38
8 51
8 52
8 56
8 64
8 66
8 67
8 68
8 69
9 13
9 14
9 15
9 16
9 17
9 18
9 19
9 21
9 24
9 28
9 29
9 31
9 33
9 42
9 49
9 51
9 53
9 64
9 65
10 13
10 14
10 15
10 16
10 18
10 20
10 21
10 23
10 24
10 39
10 43
10 50
10 56
10 61
11 13
11 14
11 16
11 18
11 19
11 21
11 33
11 36
11 37
11 44
11 48
11 54
11 61
12 13
12 14
12 15
12 16
12 17
12 20
12 22
12 23
12 28
12 30
12 32
12 33
12 40
12 42
12 43
12 45
12 46
12 48
12 50
12 55
12 59
13 14
13 15
13 16
13 17
13 18
13 19
13 20
13 21
13 23
13 24
13 25
13 26
13 27
13 28
13 29
13 30
13 33
13 35
13 36
13 38
13 40
13 41
13 43
13 44
13 45
13 47
13 49
13 52
13 54
13 55
13 58
13 60
13 62
13 66
13 67
13 69
14 15
14 16
14 17
14 18
14 19
14 22
14 24
14 25
14 26
14 28
14 29
14 31
14 32
14 33
14 35
14 36
14 37
14 41
14 44
14 47
14 48
14 49
14 50
14 51
14 52
14 55
14 57
14 61
14 66
14 67
15 16
15 17
15 18
15 19
15 20
15 21
15 22
15 23
15 25
15 27
15 28
15 29
15 30
15 33
15 34
15 37
15 39
15 40
15 42
15 45
15 46
15 47
15 49
15 50
15 51
15 53
15 55
15 57
15 58
15 60
15 62
15 66
15 68
16 17
16 18
16 19
16 20
16 21
16 23
16 24
16 25
16 26
16 27
16 30
16 31
16 32
16 34
16 36
16 37
16 38
16 39
16 40
16 41
16 42
16 46
16 48
16 51
16 52
16 57
16 60
16 62
16 63
16 64
16 67
16 68
16 69
17 18
17 19
17 20
17 21
17 23
17 24
17 25
17 26
17 27
17 28
17 29
17 31
17 32
17 34
17 39
17 41
17 44
17 47
17 53
17 55
17 57
17 59
17 61
17 66
18 19
18 20
18 21
18 22
18 25
18 26
18 28
18 29
18 31
18 33
18 34
18 39
18 40
18 43
18 52
18 61
18 62
18 66
18 68
18 69
19 20
19 21
19 22
19 23
19 25
19 26
19 27
19 31
19 32
19 39
19 43
19 45
19 46
19 53
19 56
19 58
19 63
19 64
19 65
19 67
19 68
19 69
20 21
20 22
20 23
20 24
20 25
20 26
20 28
20 33
20 34
20 38
20 41
20 42
20 45
20 48
20 50
20 52
20 53
20 58
20 60
20 65
20 66
21 23
21 24
21 25
21 27
21 31
21 32
21 35
21 39
21 40
21 41
21 43
21 46
21 47
21 50
21 53
21 54
21 55
21 56
21 57
21 59
21 60
21 61
21 62
21 67
22 23
22 24
22 25
22 26
22 27
22 28
22 30
22 32
22 36
22 37
22 41
22 42
22 45
22 47
22 51
22 53
22 54
22 56
22 60
22 62
22 69
23 26
23 27
23 28
23 29
23 30
23 33
23 35
23 36
23 44
23 51
23 55
23 57
23 60
23 68
23 69
24 25
24 27
24 29
24 33
24 39
24 41
24 45
24 48
24 49
24 51
24 54
24 55
24 63
24 64
24 65
24 67
24 69
25 27
25 28
25 31
25 33
25 38
25 40
25 41
25 50
25 53
25 56
25 59
25 60
25 62
25 68
26 27
26 32
26 34
26 35
26 37
26 43
26 44
26 48
26 49
26 51
26 56
26 60
26 63
27 28
27 34
27 38
27 42
27 43
27 44
27 55
27 59
27 60
27 63
27 65
27 68
27 49
28 31
28 32
28 35
28 37
28 38
28 39
28 43
28 44
28 48
28 50
28 56
28 59
28 61
28 65
29 31
29 32
29 38
29 43
29 44
29 45
29 47
29 49
29 53
29 56
29 57
29 58
29 62
29 65
30 34
30 35
30 37
30 38
30 39
30 53
30 54
30 58
30 61
30 63
30 64
31 40
31 45
31 46
31 56
31 59
31 66
31 68
32 34
32 35
32 37
32 41
32 47
32 59
32 62
33 37
33 38
33 42
33 44
33 46
33 50
33 51
33 52
33 55
33 65
33 34
34 45
34 47
34 48
34 59
34 65
35 36
35 42
35 44
35 49
35 58
36 39
36 40
36 44
36 45
36 47
36 48
36 49
36 50
36 54
36 57
36 64
37 42
37 49
37 54
37 57
37 65
38 39
38 42
38 46
38 58
39 40
39 42
39 57
39 61
39 63
39 66
40 42
40 60
40 55
41 43
41 47
41 53
41 55
41 58
42 52
42 54
42 59
42 62
43 47
43 55
43 63
44 51
44 52
44 64
45 46
45 58
45 63
45 69
46 59
47 52
47 61
47 68
48 61
49 58
49 66
49 67
50 57
50 61
51 52
51 60
51 63
51 66
52 57
52 63
52 68
52 69
53 55
53 56
53 58
55 65
56 64
56 67
57 69
58 64
58 66
59 62
59 64
60 64
60 67
62 65
66 67
67 69