921577360
14
70
787
0 14
0 15
0 16
0 17
0 18
0 19
0 20
0 21
0 22
0 23
0 27
0 30
0 32
0 34
0 36
0 47
0 49
0 53
0 64
0 65
0 68
1 14
1 15
1 16
1 17
1 18
1 19
1 20
1 21
1 24
1 28
1 29
1 30
1 33
1 37
1 39
1 40
1 45
1 46
1 49
1 60
1 69
2 14
2 15
2 16
2 17
2 18
2 19
2 20
2 23
2 24
2 25
2 26
2 28
2 29
2 32
2 40
2 41
2 42
2 43
2 44
2 45
2 47
2 48
2 54
2 62
3 14
3 15
3 16
3 18
3 19
3 21
3 22
3 24
3 25
3 30
3 33
3 55
3 58
3 62
3 64
4 14
4 15
4 16
4 17
4 18
4 19
4 20
4 22
4 23
4 25
4 27
4 29
4 31
4 36
4 38
4 43
4 45
4 52
4 53
4 61
4 66
5 14
5 18
5 21
5 29
5 30
5 33
5 35
5 37
5 45
6 14
6 15
6 16
6 17
6 19
6 20
6 26
6 29
6 30
6 34
6 42
6 47
6 50
6 52
6 61
6 62
6 66
6 68
7 14
7 15
7 16
7 17
7 19
7 21
7 22
7 24
7 26
7 28
7 30
7 46
7 48
7 49
7 54
7 55
7 59
7 60
7 63
8 14
8 15
8 16
8 17
8 18
8 19
8 20
8 21
8 22
8 23
8 24
8 25
8 27
8 28
8 30
8 31
8 32
8 34
8 35
8 36
8 37
8 38
8 39
8 42
8 52
8 53
8 58
8 66
8 67
9 14
9 15
9 16
9 17
9 19
9 21
9 23
9 26
9 28
9 30
9 31
9 32
9 33
9 34
9 43
9 44
9 45
9 52
9 58
9 59
9 63
10 14
10 15
10 16
10 17
10 18
10 23
10 26
10 29
10 32
10 33
10 35
10 55
10 58
11 14
11 15
11 16
11 17
11 18
11 20
11 22
11 25
11 31
11 41
11 44
11 51
12 14
12 15
12 16
12 17
12 18
12 20
12 22
12 24
12 32
12 38
12 41
12 42
12 46
12 47
12 50
12 58
12 60
12 67
13 14
13 15
13 21
13 23
13 26
13 29
13 34
13 41
13 44
13 45
14 15
14 16
14 17
14 18
14 19
14 20
14 21
14 22
14 23
14 24
14 25
14 27
14 28
14 29
14 32
14 39
14 43
14 44
14 46
14 47
14 48
14 50
14 53
14 54
14 55
14 56
14 57
14 59
14 62
14 66
14 69
15 16
15 17
15 18
15 19
15 20
15 21
15 22
15 24
15 25
15 27
15 30
15 31
15 34
15 35
15 36
15 37
15 39
15 41
15 42
15 46
15 49
15 51
15 53
15 56
15 57
15 58
15 59
15 63
15 65
15 67
15 68
15 69
16 17
16 18
16 19
16 20
16 21
16 22
16 23
16 25
16 27
16 28
16 29
16 32
16 35
16 36
16 37
16 38
16 41
16 42
16 43
16 44
16 45
16 46
16 47
16 48
16 50
16 54
16 55
16 56
16 60
16 64
17 18
17 19
17 20
17 21
17 22
17 23
17 25
17 26
17 27
17 30
17 31
17 33
17 36
17 39
17 40
17 41
17 43
17 51
17 52
17 55
17 58
17 62
17 65
17 68
17 69
18 19
18 20
18 21
18 22
18 24
18 25
18 26
18 27
18 28
18 31
18 32
18 33
18 34
18 35
18 36
18 40
18 42
18 43
18 44
18 45
18 47
18 48
18 49
18 50
18 51
18 52
18 55
18 56
18 57
18 58
18 59
18 60
18 63
18 64
18 65
18 66
19 20
19 21
19 23
19 24
19 25
19 26
19 28
19 31
19 32
19 33
19 37
19 38
19 40
19 42
19 46
19 47
19 48
19 49
19 50
19 52
19 53
19 57
19 61
19 68
20 22
20 23
20 24
20 25
20 26
20 29
20 33
20 37
20 38
20 39
20 44
20 45
20 47
20 48
20 49
20 50
20 51
20 52
20 54
20 63
20 65
20 68
21 22
21 23
21 24
21 26
21 27
21 30
21 31
21 33
21 34
21 38
21 40
21 43
21 44
21 46
21 49
21 52
21 54
21 56
21 57
21 61
21 63
21 67
22 23
22 24
22 25
22 26
22 27
22 28
22 29
22 35
22 36
22 40
22 42
22 48
22 51
22 54
22 57
22 59
22 61
22 62
22 64
23 24
23 25
23 26
23 27
23 28
23 30
23 31
23 34
23 36
23 39
23 40
23 41
23 42
23 43
23 44
23 45
23 50
23 53
23 55
23 60
23 61
23 62
23 65
23 66
24 26
24 27
24 29
24 30
24 31
24 35
24 39
24 42
24 48
24 52
24 59
24 60
24 62
24 67
24 56
25 27
25 28
25 29
25 30
25 33
25 34
25 36
25 37
25 38
25 40
25 42
25 45
25 51
25 54
25 56
25 59
25 61
25 67
26 27
26 28
26 31
26 33
26 36
26 38
26 39
26 41
26 44
26 57
26 60
26 65
26 67
27 28
27 32
27 35
27 36
27 37
27 41
27 47
27 48
27 58
27 59
27 62
27 64
27 68
28 29
28 32
28 33
28 34
28 35
28 37
28 39
28 40
28 43
28 44
28 46
28 54
28 57
28 58
28 65
29 31
29 32
29 34
29 38
29 51
29 52
29 57
29 59
29 60
29 65
29 68
29 42
30 31
30 32
30 35
30 36
30 37
30 38
30 39
30 41
30 49
30 52
30 57
30 61
30 69
31 34
31 35
31 37
31 38
31 39
31 41
31 42
31 45
31 46
31 50
31 51
31 53
31 56
31 58
31 59
31 60
31 62
31 68
32 33
32 37
32 38
32 43
32 46
32 47
32 53
32 60
32 64
33 34
33 35
33 38
33 39
33 40
33 44
33 49
33 50
33 53
33 54
33 55
33 56
34 35
34 43
34 44
34 48
34 54
34 57
34 60
34 62
34 64
35 36
35 37
35 41
35 42
35 43
35 51
35 53
35 55
35 56
35 58
36 40
36 50
36 51
36 54
36 57
36 58
36 63
36 65
37 40
37 45
37 46
37 47
37 49
37 50
37 52
37 53
37 66
37 69
38 39
38 40
38 41
38 43
38 49
38 53
38 55
38 57
38 65
38 66
38 68
38 69
39 46
39 47
39 50
39 51
39 63
40 56
40 57
40 59
41 48
41 58
41 64
42 45
42 50
42 51
42 55
42 56
42 62
42 64
42 69
43 54
43 61
43 63
43 64
43 69
44 46
44 48
44 49
44 60
44 65
45 51
45 59
45 61
46 47
46 48
46 61
47 49
47 52
47 53
47 64
47 68
47 69
48 59
48 63
49 66
49 53
50 56
50 66
51 54
51 56
51 63
51 64
51 67
51 68
51 69
52 63
52 65
53 55
53 56
53 66
54 55
56 62
56 63
56 66
56 67
56 69
57 60
57 61
58 61
58 69
59 62
59 65
59 67
60 61
60 63
60 67
60 69
61 66
62 64
62 67
62 68
63 66
63 67
64 68
66 67