719079543
16
70
867
0 16
0 17
0 18
0 19
0 20
0 21
0 22
0 23
0 24
0 25
0 26
0 27
0 33
0 34
0 36
0 38
0 39
0 40
0 45
0 49
0 54
0 55
0 56
0 59
1 16
1 17
1 18
1 19
1 20
1 21
1 22
1 24
1 36
1 44
1 45
1 47
1 50
1 52
1 53
1 54
1 58
1 59
2 16
2 17
2 18
2 19
2 20
2 21
2 23
2 28
2 30
2 31
2 32
2 33
2 34
2 35
2 37
2 38
2 41
2 43
2 49
2 56
2 65
3 16
3 17
3 18
3 19
3 22
3 29
3 32
3 41
3 42
3 47
3 48
4 16
4 17
4 18
4 19
4 20
4 21
4 22
4 23
4 25
4 26
4 30
4 32
4 34
4 38
4 44
4 52
4 63
4 66
5 16
5 17
5 20
5 21
5 22
5 25
5 26
5 29
5 33
5 34
5 35
5 36
5 40
5 41
5 45
5 49
5 52
5 54
5 58
5 59
5 68
5 28
6 16
6 17
6 18
6 19
6 20
6 21
6 23
6 24
6 26
6 27
6 28
6 29
6 31
6 32
6 36
6 37
6 38
6 40
6 42
6 44
6 46
6 47
6 49
6 51
6 52
6 56
6 57
6 59
6 64
6 65
6 68
7 16
7 17
7 18
7 20
7 21
7 23
7 27
7 28
7 29
7 30
7 31
7 32
7 39
7 43
7 55
7 57
7 64
8 16
8 17
8 19
8 20
8 22
8 27
8 29
8 43
8 45
8 47
8 49
8 58
8 63
8 66
9 16
9 17
9 18
9 21
9 23
9 24
9 26
9 27
9 28
9 30
9 34
9 41
9 54
9 62
9 67
10 16
10 17
10 18
10 19
10 21
10 24
10 25
10 27
10 29
10 35
10 38
10 41
10 44
10 50
10 51
10 52
10 57
10 66
10 68
11 16
11 18
11 19
11 20
11 22
11 24
11 25
11 26
11 30
11 31
11 32
11 33
11 34
11 35
11 37
11 38
11 44
11 45
11 48
11 51
11 58
11 64
11 67
11 68
12 16
12 17
12 18
12 19
12 20
12 23
12 24
12 25
12 27
12 34
12 37
12 38
12 42
12 45
12 46
12 51
12 55
12 57
12 61
12 64
13 16
13 17
13 18
13 19
13 20
13 21
13 22
13 23
13 24
13 27
13 29
13 31
13 34
13 36
13 38
13 40
13 43
13 48
13 49
13 57
13 59
13 63
14 16
14 17
14 18
14 19
14 22
14 23
14 24
14 25
14 35
14 36
14 37
14 39
14 40
14 54
14 67
15 16
15 17
15 18
15 19
15 20
15 21
15 22
15 27
15 28
15 33
15 38
15 39
15 41
15 43
15 47
15 54
15 55
15 69
16 17
16 18
16 19
16 20
16 21
16 22
16 23
16 24
16 25
16 26
16 27
16 28
16 29
16 30
16 31
16 32
16 33
16 34
16 36
16 39
16 41
16 44
16 45
16 48
16 49
16 50
16 51
16 53
16 58
16 60
16 61
16 65
16 66
16 55
17 18
17 19
17 20
17 21
17 22
17 23
17 24
17 25
17 26
17 27
17 28
17 29
17 30
17 31
17 33
17 35
17 36
17 37
17 38
17 40
17 41
17 42
17 44
17 46
17 49
17 50
17 52
17 53
17 57
17 58
17 59
17 60
17 61
17 63
17 64
17 65
17 67
17 68
18 19
18 20
18 21
18 22
18 23
18 25
18 26
18 27
18 28
18 29
18 30
18 31
18 32
18 33
18 41
18 42
18 44
18 46
18 47
18 48
18 50
18 51
18 52
18 55
18 57
18 61
18 62
18 64
18 66
18 67
18 69
19 20
19 21
19 22
19 23
19 24
19 25
19 26
19 27
19 28
19 29
19 30
19 31
19 32
19 33
19 36
19 38
19 39
19 42
19 43
19 45
19 46
19 49
19 50
19 51
19 53
19 54
19 56
19 57
19 58
19 59
19 60
19 63
19 65
19 67
20 21
20 22
20 23
20 24
20 25
20 26
20 28
20 29
20 30
20 31
20 32
20 33
20 35
20 36
20 38
20 39
20 40
20 41
20 43
20 46
20 47
20 48
20 50
20 51
20 52
20 58
20 59
20 61
20 62
20 63
20 64
20 66
21 22
21 23
21 24
21 25
21 26
21 27
21 28
21 29
21 30
21 32
21 33
21 35
21 37
21 42
21 44
21 45
21 50
21 52
21 53
21 56
21 59
21 62
22 23
22 24
22 25
22 26
22 28
22 30
22 31
22 32
22 35
22 36
22 37
22 39
22 40
22 41
22 42
22 43
22 48
22 49
22 50
22 52
22 54
22 56
22 60
22 63
22 65
22 66
23 24
23 25
23 26
23 27
23 28
23 30
23 32
23 34
23 38
23 40
23 41
23 45
23 46
23 48
23 51
23 52
23 55
23 56
23 57
23 58
23 60
23 62
23 66
23 69
24 25
24 26
24 27
24 28
24 30
24 31
24 33
24 34
24 39
24 40
24 41
24 44
24 45
24 54
24 55
24 57
24 66
25 26
25 29
25 30
25 31
25 32
25 33
25 34
25 35
25 37
25 38
25 39
25 40
25 42
25 44
25 45
25 46
25 47
25 49
25 52
25 53
25 56
25 58
25 62
25 65
25 67
25 69
26 28
26 29
26 31
26 32
26 34
26 35
26 37
26 40
26 42
26 43
26 44
26 46
26 47
26 56
26 57
26 58
26 67
26 68
27 28
27 29
27 31
27 33
27 34
27 36
27 37
27 39
27 40
27 43
27 45
27 47
27 50
27 60
27 61
27 67
27 69
28 31
28 32
28 33
28 34
28 35
28 36
28 39
28 40
28 41
28 42
28 43
28 45
28 46
28 50
28 52
28 53
28 54
28 58
28 61
28 65
28 69
29 30
29 37
29 39
29 48
29 50
29 53
29 54
29 58
29 65
29 66
29 67
29 68
30 38
30 39
30 42
30 46
30 47
30 50
30 54
30 64
30 65
30 69
31 35
31 36
31 37
31 39
31 45
31 46
31 47
31 52
31 53
31 54
31 55
31 58
31 59
31 60
31 62
31 66
32 33
32 35
32 37
32 43
32 44
32 47
32 51
32 57
32 61
32 62
32 65
32 68
33 34
33 35
33 36
33 37
33 42
33 43
33 45
33 46
33 51
33 53
33 56
33 60
33 62
33 63
33 66
33 68
33 69
34 35
34 38
34 40
34 47
34 48
34 50
34 54
34 55
34 58
34 63
34 65
35 36
35 37
35 39
35 46
35 48
35 49
35 55
35 59
35 61
35 62
35 63
35 65
35 68
36 40
36 42
36 43
36 44
36 61
36 67
36 69
37 41
37 43
37 46
37 51
37 53
37 55
37 62
37 63
37 66
38 41
38 42
38 53
38 55
38 62
38 68
39 43
39 44
39 47
39 48
39 49
39 53
39 59
39 65
40 51
40 53
40 55
40 56
40 60
41 42
41 47
41 48
41 51
41 52
41 55
41 56
41 58
41 60
42 48
42 49
42 56
42 60
42 69
43 44
43 48
43 49
43 50
43 54
43 60
43 61
43 62
43 67
44 53
44 57
44 62
44 63
44 64
44 67
45 46
45 50
45 61
46 51
46 56
46 57
46 64
47 48
47 49
47 53
47 59
47 60
47 63
47 64
47 65
47 67
47 69
48 55
48 56
48 61
48 63
48 66
49 52
49 56
49 62
49 64
50 51
50 60
50 68
51 55
52 54
52 57
52 64
52 66
53 59
53 64
53 65
54 61
54 68
54 69
55 57
55 60
55 67
55 68
55 58
56 61
56 63
56 69
57 59
57 64
57 69
58 59
58 60
58 62
59 61
61 64
62 63
62 67
62 68
63 66
65 69
67 68
68 69