723815700
15
70
827
0 15
0 16
0 17
0 18
0 19
0 20
0 21
0 22
0 23
0 24
0 25
0 28
0 32
0 37
0 38
0 46
0 49
0 50
0 55
0 56
0 62
0 64
1 15
1 16
1 17
1 18
1 22
1 32
1 35
1 36
1 39
1 44
1 45
1 55
1 59
1 61
1 66
2 15
2 16
2 18
2 20
2 25
2 28
2 30
2 32
2 35
2 37
2 44
2 45
2 47
2 51
2 57
2 60
2 64
2 67
3 15
3 18
3 26
3 27
3 29
3 30
3 35
3 48
3 53
3 61
4 15
4 16
4 17
4 18
4 20
4 23
4 28
4 29
4 31
4 32
4 34
4 39
4 42
4 43
4 44
4 47
4 49
4 58
4 61
4 67
5 15
5 16
5 17
5 19
5 20
5 21
5 23
5 26
5 31
5 34
5 39
5 49
5 52
5 54
5 56
5 68
5 25
6 15
6 16
6 17
6 18
6 19
6 21
6 22
6 24
6 26
6 28
6 31
6 33
6 39
6 41
6 42
6 52
6 58
6 65
7 15
7 16
7 17
7 18
7 19
7 20
7 21
7 22
7 23
7 24
7 25
7 27
7 28
7 29
7 32
7 33
7 35
7 36
7 39
7 41
7 42
7 47
7 48
7 52
7 53
7 56
7 61
7 62
8 15
8 16
8 17
8 18
8 19
8 20
8 21
8 22
8 24
8 26
8 28
8 30
8 31
8 34
8 36
8 37
8 38
8 41
8 44
8 56
8 57
8 63
8 68
9 15
9 16
9 17
9 18
9 19
9 21
9 22
9 23
9 24
9 25
9 26
9 28
9 31
9 32
9 33
9 34
9 36
9 37
9 38
9 39
9 44
9 45
9 47
9 49
9 51
9 53
9 54
9 58
9 59
9 60
9 62
9 64
9 68
10 15
10 16
10 17
10 19
10 20
10 21
10 22
10 27
10 31
10 33
10 40
10 49
10 62
10 63
10 64
11 15
11 16
11 17
11 19
11 20
11 21
11 22
11 23
11 27
11 31
11 44
11 46
11 47
11 49
12 15
12 16
12 17
12 18
12 19
12 20
12 21
12 23
12 25
12 27
12 29
12 34
12 37
12 38
12 40
12 47
12 48
12 49
12 55
12 66
13 15
13 16
13 17
13 18
13 19
13 22
13 23
13 24
13 26
13 27
13 29
13 30
13 31
13 34
13 36
13 38
13 47
13 50
13 52
13 53
13 57
13 58
13 59
13 65
13 69
14 15
14 16
14 17
14 18
14 19
14 20
14 22
14 23
14 24
14 26
14 27
14 28
14 33
14 34
14 37
14 38
14 40
14 51
14 52
14 54
14 55
14 57
14 65
14 68
15 16
15 17
15 18
15 19
15 20
15 21
15 23
15 24
15 25
15 26
15 28
15 29
15 30
15 31
15 32
15 33
15 34
15 36
15 38
15 40
15 41
15 42
15 43
15 45
15 49
15 52
15 56
15 57
15 58
15 60
15 62
15 64
15 65
15 68
15 69
16 17
16 18
16 19
16 20
16 21
16 22
16 23
16 24
16 25
16 26
16 28
16 29
16 30
16 31
16 32
16 35
16 36
16 37
16 38
16 41
16 42
16 44
16 45
16 46
16 51
16 52
16 55
16 56
16 58
16 61
16 66
17 18
17 19
17 20
17 21
17 22
17 24
17 25
17 26
17 27
17 29
17 30
17 33
17 35
17 37
17 38
17 39
17 40
17 41
17 42
17 44
17 50
17 55
17 56
17 62
17 64
17 66
17 69
18 19
18 20
18 21
18 22
18 23
18 24
18 25
18 27
18 28
18 29
18 30
18 32
18 34
18 36
18 45
18 47
18 48
18 49
18 50
18 51
18 52
18 53
18 55
18 57
18 59
18 63
18 64
18 66
19 20
19 21
19 23
19 24
19 25
19 27
19 29
19 30
19 31
19 35
19 36
19 37
19 39
19 40
19 41
19 42
19 46
19 51
19 55
19 57
19 58
19 59
19 60
19 61
19 65
19 68
20 21
20 22
20 23
20 24
20 25
20 26
20 27
20 29
20 30
20 33
20 34
20 35
20 38
20 39
20 42
20 43
20 44
20 46
20 53
20 56
20 60
20 62
20 64
20 65
20 67
21 22
21 23
21 24
21 25
21 26
21 27
21 28
21 38
21 40
21 41
21 43
21 45
21 47
21 48
21 49
21 50
21 51
21 53
21 56
21 57
21 58
21 59
21 64
21 65
22 24
22 25
22 26
22 28
22 30
22 32
22 33
22 34
22 36
22 37
22 38
22 40
22 42
22 48
22 49
22 53
22 58
22 60
22 61
22 64
22 66
22 67
23 25
23 26
23 27
23 29
23 31
23 32
23 33
23 36
23 37
23 40
23 42
23 43
23 44
23 45
23 50
23 51
23 52
23 57
23 58
23 60
23 64
24 25
24 30
24 32
24 33
24 34
24 35
24 36
24 37
24 45
24 50
24 51
24 52
24 54
24 55
24 63
24 65
24 67
25 26
25 27
25 28
25 29
25 30
25 31
25 33
25 35
25 39
25 43
25 46
25 49
25 51
25 56
25 57
25 58
25 59
25 62
25 63
25 64
25 66
25 67
25 69
26 27
26 28
26 30
26 31
26 32
26 35
26 36
26 37
26 39
26 40
26 43
26 46
26 48
26 53
26 54
26 57
26 58
26 60
26 62
26 67
26 69
27 29
27 30
27 33
27 35
27 38
27 39
27 40
27 42
27 43
27 44
27 47
27 50
27 52
27 63
27 66
27 67
28 29
28 36
28 37
28 47
28 48
28 49
28 54
28 65
28 67
28 68
28 69
29 31
29 32
29 35
29 38
29 40
29 41
29 42
29 43
29 47
29 48
29 52
29 53
29 54
29 57
29 60
29 66
29 69
30 32
30 33
30 37
30 41
30 43
30 45
30 60
30 61
30 66
31 34
31 39
31 41
31 43
31 45
31 46
31 50
31 53
31 62
31 68
31 69
32 33
32 34
32 35
32 38
32 43
32 52
32 61
33 34
33 40
33 42
33 44
33 49
33 54
33 55
33 57
33 59
33 60
33 61
33 63
34 35
34 36
34 41
34 43
34 46
34 47
34 50
34 53
34 57
34 58
34 59
34 61
34 65
34 68
35 39
35 41
35 44
35 45
35 46
35 48
35 54
35 55
35 56
35 57
35 58
35 62
35 66
36 39
36 44
36 46
36 54
37 42
37 44
37 55
37 67
38 40
38 41
38 42
38 46
38 50
39 40
39 45
39 53
39 54
39 55
39 58
39 59
39 65
39 66
39 69
40 41
40 46
40 48
40 51
40 53
40 60
40 62
41 43
41 48
41 50
41 63
42 43
42 47
42 49
42 51
42 52
42 54
42 56
42 61
42 63
42 67
42 69
43 45
43 46
43 50
43 51
43 54
44 45
44 46
44 47
44 48
44 50
44 51
44 59
44 60
44 62
44 63
44 68
45 53
45 56
45 59
45 63
45 66
45 69
46 48
46 50
46 51
46 69
47 48
47 55
47 59
47 63
48 52
48 55
48 56
48 62
48 63
48 66
48 67
48 68
49 67
49 69
50 56
50 61
51 59
51 65
51 69
52 54
52 65
52 66
52 68
53 54
54 60
55 59
55 62
55 69
55 56
56 63
56 64
56 68
57 60
57 68
58 61
58 63
58 64
58 67
58 68
59 64
60 61
62 67
63 65
64 65