984649314
18
70
946
0 18
0 19
0 20
0 21
0 23
0 26
0 27
0 28
0 30
0 35
0 36
0 43
0 46
0 51
0 52
0 53
0 55
0 57
0 58
0 60
0 66
0 67
0 69
0 33
1 18
1 19
1 20
1 21
1 22
1 23
1 24
1 25
1 26
1 31
1 37
1 39
1 40
1 42
1 44
1 49
1 60
1 62
1 66
2 18
2 19
2 20
2 21
2 24
2 25
2 28
2 29
2 32
2 33
2 45
2 56
2 66
2 68
3 18
3 19
3 20
3 21
3 22
3 23
3 25
3 26
3 27
3 28
3 29
3 30
3 33
3 34
3 37
3 38
3 41
3 43
3 45
3 48
3 49
3 54
3 61
3 66
3 60
4 18
4 19
4 20
4 21
4 22
4 24
4 25
4 26
4 31
4 32
4 39
4 46
4 51
4 53
4 54
4 55
4 62
4 66
4 47
5 18
5 20
5 21
5 22
5 24
5 28
5 29
5 31
5 34
5 35
5 38
5 44
5 46
5 49
5 59
5 63
5 64
5 66
6 18
6 19
6 20
6 22
6 23
6 25
6 27
6 32
6 37
6 41
6 47
6 64
7 18
7 19
7 20
7 21
7 22
7 23
7 25
7 26
7 27
7 28
7 29
7 30
7 32
7 35
7 36
7 38
7 47
7 49
7 50
7 52
7 53
7 65
7 66
8 18
8 19
8 20
8 21
8 23
8 24
8 28
8 29
8 30
8 32
8 33
8 36
8 39
8 46
8 47
8 53
8 54
8 62
8 63
8 64
8 68
8 44
9 18
9 19
9 20
9 21
9 22
9 23
9 24
9 25
9 26
9 27
9 29
9 31
9 33
9 42
9 43
9 44
9 46
9 47
9 51
9 55
9 59
9 60
9 61
9 69
10 18
10 19
10 20
10 21
10 22
10 24
10 26
10 27
10 30
10 32
10 34
10 35
10 36
10 41
10 44
10 49
10 51
10 56
10 66
10 67
10 68
10 69
11 18
11 19
11 22
11 24
11 25
11 28
11 31
11 39
11 41
11 44
11 65
11 23
12 18
12 19
12 20
12 21
12 22
12 23
12 24
12 26
12 30
12 31
12 38
12 40
12 42
12 45
12 48
12 51
12 54
12 62
12 65
13 18
13 19
13 20
13 21
13 23
13 24
13 25
13 26
13 29
13 30
13 31
13 34
13 36
13 45
13 49
13 57
13 59
13 62
13 37
14 18
14 19
14 22
14 23
14 24
14 25
14 27
14 29
14 33
14 34
14 35
14 42
14 49
14 56
14 59
14 61
14 68
15 18
15 19
15 20
15 21
15 22
15 23
15 24
15 25
15 26
15 27
15 28
15 30
15 32
15 33
15 35
15 49
15 51
15 58
15 59
16 18
16 19
16 20
16 21
16 22
16 23
16 29
16 40
16 45
16 46
16 50
16 52
16 60
16 67
17 18
17 19
17 20
17 21
17 22
17 23
17 25
17 26
17 27
17 29
17 31
17 32
17 33
17 35
17 36
17 38
17 42
17 43
17 60
17 61
17 67
18 19
18 20
18 21
18 22
18 23
18 24
18 25
18 26
18 27
18 28
18 29
18 30
18 31
18 34
18 35
18 36
18 38
18 40
18 43
18 44
18 45
18 47
18 48
18 49
18 51
18 52
18 54
18 56
18 57
18 58
18 59
18 61
18 63
18 65
18 69
19 20
19 21
19 22
19 23
19 24
19 25
19 26
19 27
19 28
19 29
19 31
19 33
19 34
19 35
19 37
19 39
19 41
19 42
19 43
19 44
19 46
19 47
19 48
19 49
19 54
19 55
19 58
19 59
19 60
19 61
19 65
19 66
19 67
19 68
19 69
20 21
20 22
20 23
20 24
20 25
20 26
20 27
20 28
20 29
20 30
20 31
20 32
20 33
20 34
20 36
20 37
20 38
20 39
20 40
20 43
20 44
20 45
20 47
20 48
20 50
20 53
20 56
20 57
20 60
20 63
20 65
20 67
20 69
21 22
21 23
21 24
21 25
21 26
21 27
21 28
21 30
21 31
21 33
21 34
21 36
21 37
21 38
21 39
21 40
21 41
21 42
21 43
21 45
21 47
21 49
21 50
21 51
21 54
21 56
21 57
21 60
21 64
21 65
21 69
21 59
22 23
22 24
22 25
22 26
22 27
22 28
22 29
22 30
22 31
22 33
22 34
22 35
22 36
22 37
22 39
22 40
22 42
22 43
22 44
22 49
22 53
22 56
22 58
22 59
22 62
22 63
22 64
22 65
22 67
22 68
23 24
23 25
23 26
23 27
23 28
23 30
23 31
23 32
23 33
23 34
23 35
23 36
23 37
23 38
23 40
23 41
23 42
23 45
23 47
23 51
23 52
23 54
23 55
23 56
23 57
23 58
23 59
23 60
23 61
23 62
23 63
23 64
23 68
23 69
24 26
24 27
24 28
24 29
24 30
24 32
24 33
24 34
24 35
24 36
24 39
24 40
24 46
24 49
24 51
24 53
24 54
24 58
24 62
24 64
24 66
24 67
25 27
25 28
25 30
25 32
25 33
25 34
25 35
25 37
25 38
25 39
25 40
25 41
25 42
25 44
25 46
25 51
25 52
25 55
25 58
25 61
25 67
26 27
26 28
26 29
26 31
26 32
26 33
26 34
26 35
26 37
26 39
26 43
26 44
26 45
26 46
26 47
26 50
26 52
26 53
26 56
26 57
26 58
26 59
26 60
26 61
26 63
26 66
26 67
27 28
27 29
27 30
27 31
27 32
27 33
27 34
27 36
27 37
27 39
27 44
27 45
27 46
27 47
27 48
27 50
27 53
27 56
27 57
27 62
27 69
28 29
28 30
28 32
28 33
28 35
28 36
28 37
28 38
28 39
28 40
28 41
28 46
28 47
28 48
28 52
28 61
28 62
28 63
28 66
28 69
29 30
29 31
29 32
29 34
29 36
29 38
29 39
29 40
29 41
29 42
29 44
29 45
29 50
29 51
29 55
29 56
29 58
29 59
29 60
29 62
29 65
29 68
30 31
30 32
30 33
30 34
30 35
30 37
30 38
30 39
30 40
30 41
30 42
30 43
30 46
30 49
30 52
30 58
30 67
30 68
30 69
31 32
31 36
31 38
31 42
31 45
31 46
31 47
31 50
31 57
31 59
31 64
31 41
32 34
32 36
32 37
32 38
32 39
32 40
32 41
32 44
32 45
32 56
32 58
32 59
32 62
32 63
32 67
32 68
32 69
32 60
33 35
33 36
33 37
33 38
33 40
33 42
33 43
33 45
33 46
33 48
33 50
33 51
33 54
33 56
33 62
33 64
33 65
34 35
34 37
34 39
34 50
34 51
34 53
34 57
34 58
34 60
34 63
35 37
35 40
35 41
35 43
35 44
35 46
35 48
35 49
35 50
35 51
35 52
35 53
35 54
35 55
35 60
35 63
35 64
35 65
35 66
35 68
36 37
36 38
36 39
36 41
36 42
36 43
36 44
36 45
36 46
36 49
36 51
36 52
36 55
36 68
36 54
37 38
37 41
37 42
37 43
37 46
37 47
37 48
37 50
37 52
37 53
37 55
37 57
37 58
37 67
37 69
38 40
38 41
38 42
38 43
38 47
38 48
38 54
38 55
38 58
38 62
38 64
38 65
38 66
38 67
38 68
38 69
39 40
39 41
39 43
39 44
39 45
39 48
39 52
39 55
39 56
39 61
39 65
39 67
39 68
40 41
40 48
40 52
40 54
40 55
40 57
40 59
40 60
41 42
41 43
41 48
41 50
41 52
41 53
41 54
41 57
41 58
41 61
41 66
41 68
41 69
42 45
42 51
42 57
42 60
42 63
42 64
42 65
43 44
43 47
43 48
43 50
43 55
43 62
43 63
43 64
43 65
43 66
44 47
44 48
44 50
44 52
44 53
44 55
44 57
44 59
44 61
44 64
44 65
45 47
45 48
45 49
45 50
45 51
45 60
45 61
45 69
46 48
46 50
46 63
46 65
46 69
47 49
47 53
47 54
47 55
47 56
47 60
47 62
48 50
48 52
48 53
48 57
48 59
48 60
48 62
48 68
49 52
49 53
49 54
49 56
49 58
49 63
50 53
50 57
50 59
50 63
50 68
51 61
51 63
52 54
52 55
52 56
52 61
53 54
53 56
53 58
53 61
53 66
54 55
54 57
54 67
55 59
55 61
55 62
55 64
56 64
57 64
60 63
60 69
62 64
62 65
63 68
64 67
65 66
65 67