993723988
17
70
907
0 17
0 18
0 20
0 21
0 22
0 25
0 26
0 28
0 33
0 35
0 37
0 40
0 47
0 50
0 59
0 60
0 61
0 67
1 17
1 18
1 19
1 20
1 21
1 22
1 23
1 24
1 25
1 26
1 28
1 29
1 33
1 36
1 37
1 38
1 39
1 42
1 43
1 45
1 47
1 50
1 53
1 54
1 57
1 59
1 63
1 66
1 69
1 30
2 17
2 18
2 19
2 20
2 21
2 22
2 23
2 24
2 26
2 27
2 28
2 29
2 31
2 34
2 35
2 36
2 37
2 38
2 40
2 42
2 43
2 44
2 45
2 50
2 52
2 53
2 54
2 57
2 64
2 65
2 66
3 17
3 18
3 19
3 20
3 21
3 22
3 23
3 24
3 25
3 26
3 28
3 30
3 32
3 36
3 38
3 39
3 45
3 48
3 50
3 57
3 59
3 61
3 67
3 68
4 17
4 18
4 19
4 20
4 21
4 22
4 23
4 26
4 28
4 31
4 32
4 33
4 34
4 39
4 45
4 52
4 53
4 54
4 57
5 17
5 18
5 19
5 20
5 21
5 22
5 23
5 24
5 32
5 35
5 50
5 58
6 17
6 18
6 19
6 20
6 21
6 22
6 23
6 24
6 25
6 27
6 30
6 31
6 40
6 43
6 48
6 63
6 65
6 67
7 17
7 18
7 19
7 20
7 22
7 23
7 24
7 25
7 26
7 27
7 29
7 30
7 32
7 33
7 34
7 35
7 36
7 42
7 48
7 50
7 53
7 54
7 55
7 61
7 64
7 65
7 66
8 17
8 18
8 19
8 20
8 21
8 24
8 30
8 31
8 32
8 41
8 43
8 44
8 45
8 46
8 49
8 53
8 58
8 60
8 65
8 66
8 68
9 17
9 18
9 19
9 20
9 21
9 23
9 24
9 25
9 27
9 29
9 30
9 31
9 33
9 37
9 41
9 44
9 45
9 46
9 47
9 49
9 69
10 17
10 18
10 19
10 20
10 21
10 23
10 27
10 29
10 31
10 32
10 34
10 38
10 40
10 44
10 46
10 48
10 49
10 55
10 56
10 59
10 61
10 62
10 68
11 17
11 18
11 19
11 20
11 21
11 22
11 23
11 24
11 25
11 29
11 31
11 35
11 38
11 41
11 44
11 47
11 49
11 56
11 57
11 59
11 60
12 17
12 18
12 19
12 21
12 22
12 24
12 27
12 29
12 32
12 36
12 42
12 53
12 55
12 47
13 17
13 18
13 20
13 21
13 23
13 24
13 26
13 27
13 28
13 34
13 36
13 37
13 43
13 44
13 51
13 57
13 59
14 17
14 19
14 26
14 28
14 29
14 35
14 39
14 51
14 56
15 17
15 18
15 19
15 20
15 22
15 25
15 26
15 32
15 33
15 35
15 37
15 38
15 39
15 41
15 42
15 51
15 55
15 59
15 62
15 67
15 69
16 17
16 18
16 19
16 22
16 25
16 28
16 34
16 35
16 37
16 38
16 41
16 42
16 43
16 46
16 50
16 62
17 18
17 19
17 20
17 21
17 22
17 23
17 25
17 26
17 27
17 28
17 29
17 30
17 31
17 33
17 35
17 36
17 37
17 39
17 45
17 48
17 51
17 56
17 63
17 64
17 68
17 69
18 19
18 20
18 21
18 22
18 23
18 24
18 25
18 26
18 27
18 28
18 29
18 31
18 32
18 33
18 36
18 39
18 40
18 41
18 43
18 46
18 48
18 49
18 50
18 52
18 54
18 55
18 57
18 58
18 61
18 62
18 69
19 20
19 21
19 22
19 23
19 24
19 25
19 26
19 27
19 28
19 29
19 30
19 31
19 32
19 33
19 34
19 35
19 36
19 37
19 38
19 39
19 40
19 41
19 44
19 45
19 46
19 47
19 49
19 53
19 58
19 59
19 60
19 62
19 64
19 67
20 21
20 22
20 23
20 24
20 25
20 27
20 28
20 30
20 31
20 32
20 33
20 34
20 35
20 36
20 37
20 38
20 39
20 40
20 41
20 46
20 51
20 56
20 60
20 63
20 64
20 67
20 69
21 22
21 23
21 24
21 25
21 26
21 27
21 28
21 29
21 30
21 31
21 32
21 33
21 34
21 35
21 36
21 38
21 39
21 40
21 41
21 42
21 44
21 50
21 54
21 55
21 61
21 62
21 63
21 66
21 69
22 23
22 24
22 25
22 26
22 27
22 28
22 29
22 30
22 34
22 38
22 39
22 40
22 42
22 43
22 45
22 46
22 47
22 49
22 51
22 52
22 53
22 54
22 55
22 56
22 59
22 60
22 61
22 62
22 64
22 67
23 24
23 25
23 26
23 27
23 28
23 29
23 30
23 31
23 32
23 33
23 34
23 37
23 38
23 40
23 41
23 44
23 47
23 48
23 49
23 52
23 53
23 57
23 58
23 59
23 60
23 61
23 63
24 25
24 26
24 27
24 29
24 30
24 31
24 32
24 34
24 39
24 40
24 41
24 43
24 47
24 52
24 54
24 55
24 57
24 60
24 61
24 62
24 68
25 26
25 27
25 28
25 29
25 30
25 31
25 32
25 33
25 34
25 36
25 37
25 38
25 40
25 42
25 43
25 46
25 47
25 48
25 51
25 53
25 54
25 57
25 59
25 60
25 62
25 63
25 64
25 68
26 27
26 28
26 30
26 32
26 34
26 35
26 36
26 37
26 42
26 43
26 44
26 48
26 49
26 55
26 56
26 58
26 60
26 61
26 65
26 66
26 68
27 29
27 30
27 31
27 33
27 35
27 36
27 39
27 40
27 44
27 45
27 48
27 51
27 52
27 54
27 55
27 58
27 62
27 65
28 30
28 34
28 37
28 42
28 44
28 45
28 48
28 49
28 52
28 55
28 65
29 30
29 33
29 34
29 35
29 37
29 41
29 42
29 46
29 48
29 51
29 53
29 54
29 55
29 58
29 60
29 65
29 66
29 67
29 68
29 69
30 31
30 32
30 38
30 39
30 40
30 43
30 44
30 46
30 52
30 53
30 55
30 58
30 59
30 42
31 33
31 35
31 37
31 39
31 41
31 42
31 43
31 44
31 47
31 49
31 50
31 61
31 64
31 68
32 33
32 34
32 36
32 38
32 40
32 41
32 45
32 52
32 62
32 65
32 66
32 67
32 69
33 35
33 36
33 40
33 41
33 42
33 43
33 45
33 50
33 51
33 53
33 63
33 65
33 66
33 68
33 37
34 36
34 38
34 42
34 43
34 46
34 47
34 48
34 49
34 51
34 55
34 61
34 63
35 40
35 42
35 58
35 68
36 37
36 38
36 45
36 46
36 47
36 49
36 50
36 56
36 57
36 60
36 61
36 64
36 69
36 62
37 39
37 41
37 45
37 47
37 52
37 54
37 56
37 57
37 58
37 60
37 64
37 65
37 66
37 67
37 68
38 39
38 41
38 44
38 46
38 47
38 48
38 49
38 50
38 51
38 56
38 65
38 66
39 43
39 45
39 56
39 58
39 60
39 63
40 42
40 46
40 48
40 50
40 52
40 55
40 56
40 59
40 62
41 43
41 47
41 49
41 52
41 57
41 60
41 67
42 44
42 46
42 49
42 53
42 55
42 56
42 68
42 69
43 44
43 47
43 48
43 50
43 55
43 57
43 58
43 64
43 66
44 45
44 46
44 50
44 51
44 52
44 53
44 54
44 56
44 61
44 63
44 66
44 69
45 47
45 50
45 51
45 53
45 59
45 60
45 61
45 65
46 48
46 49
46 51
46 52
46 54
46 58
46 59
46 64
46 67
46 68
47 51
47 54
47 56
47 57
48 51
48 52
48 58
48 59
48 60
48 64
48 66
49 53
49 58
49 63
49 65
49 68
50 54
50 57
50 62
50 63
51 52
51 62
51 68
51 69
52 58
52 62
52 64
53 54
53 56
54 61
54 63
54 66
55 56
55 66
55 67
56 57
56 65
56 67
57 63
57 64
57 65
57 69
58 59
58 65
58 67
59 62
59 64
59 67
59 68
60 61
60 63
60 64
60 69
61 62
61 63
61 69
62 66
63 69
64 68
65 67