233901515
19
70
986
0 19
0 20
0 21
0 22
0 23
0 24
0 25
0 26
0 27
0 29
0 30
0 31
0 32
0 34
0 35
0 36
0 37
0 39
0 40
0 44
0 45
0 46
0 47
0 52
0 53
0 56
0 58
0 60
0 62
0 64
0 66
0 68
0 42
1 19
1 20
1 21
1 22
1 23
1 25
1 26
1 27
1 28
1 30
1 31
1 32
1 34
1 35
1 36
1 37
1 43
1 45
1 47
1 51
1 53
1 56
1 57
1 59
1 68
1 69
1 8
2 19
2 20
2 21
2 23
2 25
2 39
2 46
2 55
3 19
3 20
3 21
3 23
3 24
3 26
3 27
3 32
3 33
3 34
3 35
3 36
3 40
3 50
3 56
3 58
3 67
4 19
4 20
4 21
4 22
4 23
4 24
4 25
4 26
4 28
4 29
4 30
4 31
4 33
4 34
4 36
4 38
4 44
4 50
4 53
4 54
4 62
4 64
4 66
4 67
5 19
5 20
5 21
5 22
5 24
5 25
5 26
5 27
5 28
5 29
5 32
5 33
5 34
5 35
5 38
5 39
5 41
5 42
5 49
5 50
5 54
5 57
5 59
5 62
5 63
5 65
5 68
6 19
6 20
6 21
6 22
6 23
6 24
6 26
6 27
6 28
6 30
6 31
6 32
6 33
6 35
6 36
6 42
6 43
6 47
6 48
6 51
6 56
6 58
6 61
6 62
6 44
7 19
7 20
7 21
7 22
7 23
7 24
7 25
7 26
7 27
7 28
7 35
7 36
7 38
7 44
7 45
7 50
7 51
7 61
7 64
7 67
8 19
8 20
8 21
8 22
8 23
8 24
8 26
8 27
8 28
8 31
8 34
8 35
8 37
8 38
8 40
8 41
8 43
8 46
8 47
8 50
8 53
8 59
8 66
8 68
8 49
9 19
9 20
9 21
9 22
9 23
9 24
9 25
9 27
9 28
9 29
9 30
9 31
9 32
9 33
9 38
9 39
9 41
9 47
9 49
9 55
9 57
9 61
9 62
9 64
9 37
9 34
10 19
10 20
10 23
10 27
10 29
10 30
10 31
10 34
10 40
10 47
10 49
11 19
11 20
11 21
11 22
11 23
11 24
11 25
11 26
11 27
11 28
11 31
11 33
11 34
11 35
11 37
11 41
11 42
11 43
11 46
11 47
11 54
11 56
11 57
11 60
12 19
12 20
12 21
12 22
12 23
12 24
12 29
12 30
12 32
12 33
12 35
12 36
12 39
12 46
12 53
12 55
12 58
12 60
12 63
12 66
13 19
13 20
13 22
13 24
13 26
13 29
13 30
13 35
13 36
13 38
13 46
13 51
13 54
13 68
14 19
14 20
14 21
14 22
14 24
14 25
14 26
14 29
14 30
14 32
14 33
14 35
14 51
14 53
14 55
14 60
14 63
14 64
14 68
14 69
15 19
15 20
15 21
15 22
15 23
15 24
15 25
15 27
15 49
15 53
15 65
16 19
16 20
16 21
16 22
16 23
16 25
16 26
16 28
16 30
16 32
16 37
16 39
16 40
16 41
16 43
16 44
16 47
16 58
16 60
16 62
17 19
17 21
17 22
17 25
17 28
17 34
17 43
17 45
17 63
17 69
18 19
18 20
18 21
18 22
18 23
18 24
18 25
18 27
18 29
18 33
18 35
18 41
18 42
18 44
18 47
18 48
18 59
18 60
18 63
18 36
19 20
19 21
19 22
19 23
19 24
19 25
19 26
19 27
19 28
19 29
19 30
19 31
19 32
19 33
19 35
19 36
19 38
19 39
19 40
19 41
19 42
19 44
19 47
19 48
19 51
19 55
19 57
19 58
19 59
19 60
19 64
19 69
20 21
20 22
20 23
20 24
20 25
20 26
20 27
20 28
20 29
20 31
20 32
20 33
20 34
20 36
20 37
20 39
20 42
20 44
20 47
20 48
20 49
20 52
20 53
20 54
20 55
20 57
20 61
20 63
21 22
21 23
21 24
21 25
21 26
21 27
21 28
21 29
21 30
21 31
21 32
21 33
21 34
21 36
21 37
21 39
21 40
21 41
21 42
21 43
21 44
21 45
21 46
21 48
21 50
21 51
21 53
21 55
21 56
21 57
21 58
21 59
21 60
21 61
21 62
21 66
21 67
21 21
22 23
22 24
22 25
22 26
22 27
22 28
22 29
22 30
22 31
22 34
22 36
22 37
22 38
22 39
22 41
22 43
22 45
22 46
22 50
22 51
22 52
22 55
22 57
22 58
22 59
22 60
22 61
22 64
22 48
23 24
23 25
23 26
23 27
23 28
23 29
23 30
23 31
23 32
23 34
23 35
23 36
23 37
23 38
23 39
23 42
23 43
23 44
23 45
23 46
23 47
23 49
23 51
23 52
23 53
23 59
23 61
23 62
23 64
23 65
23 68
24 25
24 26
24 27
24 28
24 29
24 30
24 31
24 33
24 37
24 39
24 42
24 44
24 48
24 52
24 53
24 54
24 56
24 57
24 59
24 64
24 66
24 67
24 68
24 69
25 26
25 27
25 28
25 29
25 30
25 32
25 33
25 34
25 35
25 36
25 37
25 38
25 40
25 41
25 43
25 44
25 45
25 46
25 47
25 49
25 51
25 52
25 54
25 56
25 63
25 65
25 66
25 67
25 42
26 28
26 29
26 30
26 31
26 32
26 35
26 36
26 37
26 39
26 40
26 43
26 45
26 48
26 50
26 52
26 54
26 55
26 57
26 58
26 61
26 65
26 66
26 67
26 46
27 28
27 29
27 30
27 31
27 32
27 33
27 34
27 35
27 36
27 37
27 38
27 39
27 40
27 41
27 42
27 45
27 46
27 47
27 49
27 52
27 55
27 56
27 63
27 64
27 65
27 66
27 67
27 54
28 29
28 30
28 31
28 32
28 33
28 36
28 37
28 38
28 39
28 40
28 41
28 43
28 45
28 46
28 48
28 49
28 51
28 52
28 53
28 54
28 58
28 67
28 68
28 69
29 31
29 32
29 33
29 34
29 37
29 38
29 40
29 41
29 42
29 43
29 45
29 46
29 48
29 50
29 52
29 53
29 55
29 57
29 63
29 65
29 66
29 68
29 69
30 31
30 33
30 35
30 36
30 37
30 38
30 40
30 41
30 45
30 46
30 49
30 50
30 52
30 54
30 56
30 58
30 60
30 63
30 67
31 32
31 33
31 34
31 36
31 37
31 40
31 41
31 42
31 43
31 44
31 48
31 51
31 52
31 58
31 60
31 65
31 66
31 69
32 34
32 35
32 38
32 39
32 40
32 42
32 43
32 45
32 46
32 47
32 48
32 49
32 50
32 52
32 60
32 63
32 65
32 66
32 67
32 68
32 69
33 34
33 39
33 40
33 42
33 43
33 44
33 45
33 48
33 49
33 51
33 52
33 53
33 55
33 56
33 59
33 60
33 62
33 64
33 69
34 37
34 38
34 39
34 42
34 46
34 48
34 49
34 50
34 51
34 55
34 57
34 59
34 60
34 61
34 64
34 65
34 66
34 69
35 37
35 38
35 40
35 41
35 43
35 44
35 48
35 50
35 51
35 54
35 59
35 61
35 65
36 38
36 40
36 41
36 45
36 47
36 49
36 51
36 52
36 54
36 55
36 60
36 61
36 62
36 65
36 66
37 38
37 42
37 43
37 49
37 54
37 56
37 61
37 63
37 69
38 39
38 41
38 44
38 47
38 53
38 55
38 56
38 63
38 65
38 66
38 68
39 40
39 42
39 43
39 44
39 45
39 48
39 49
39 54
39 55
39 59
39 63
39 64
39 67
39 68
39 69
40 41
40 42
40 44
40 45
40 46
40 52
40 53
40 57
40 61
40 63
40 64
40 67
41 42
41 44
41 46
41 50
41 51
41 52
41 56
41 58
41 59
41 60
41 64
41 66
41 69
42 47
42 48
42 58
42 59
42 60
42 62
42 64
42 69
43 44
43 47
43 48
43 49
43 50
43 64
43 65
43 66
43 68
44 45
44 46
44 48
44 49
44 50
44 52
44 56
44 57
44 59
44 61
44 62
44 65
44 68
45 50
45 56
45 57
45 59
45 62
45 66
45 67
45 69
46 48
46 51
46 53
46 61
46 62
47 49
47 50
47 52
47 58
47 61
47 65
47 68
47 69
48 53
48 54
48 55
48 56
48 58
48 66
48 67
48 68
49 50
49 51
49 53
49 54
49 62
49 63
49 55
50 54
50 55
50 64
50 65
50 68
51 54
51 56
51 58
52 54
52 55
52 57
52 62
52 63
52 65
53 57
53 58
53 60
54 57
54 58
54 59
54 61
54 67
54 68
55 56
55 57
55 61
55 62
55 69
56 59
56 69
57 61
57 64
57 67
58 62
59 60
59 66
60 63
60 65
60 67
61 62
61 63
62 64
64 68
65 67
65 65