360811704
27
75
1315
0 27
0 28
0 29
0 30
0 31
0 33
0 34
0 35
0 36
0 38
0 39
0 40
0 41
0 42
0 47
0 49
0 50
0 55
0 56
0 59
0 60
0 61
0 66
0 68
0 70
0 73
0 74
0 11
0 16
1 27
1 28
1 29
1 30
1 31
1 32
1 33
1 34
1 35
1 36
1 37
1 38
1 39
1 41
1 43
1 45
1 46
1 47
1 48
1 49
1 50
1 51
1 56
1 58
1 60
1 68
2 27
2 28
2 29
2 30
2 31
2 32
2 33
2 35
2 36
2 39
2 43
2 45
2 50
2 51
2 52
2 57
2 58
2 60
2 63
2 69
2 65
3 27
3 28
3 29
3 30
3 31
3 32
3 33
3 34
3 36
3 37
3 38
3 42
3 43
3 44
3 48
3 49
3 51
3 54
3 58
3 61
3 63
3 71
4 27
4 28
4 29
4 30
4 31
4 32
4 33
4 34
4 35
4 38
4 39
4 40
4 41
4 42
4 43
4 46
4 47
4 49
4 52
4 53
4 54
4 55
4 63
4 64
4 65
4 69
4 71
5 27
5 28
5 29
5 30
5 31
5 32
5 35
5 36
5 37
5 38
5 39
5 42
5 43
5 44
5 45
5 46
5 48
5 50
5 53
5 54
5 55
5 56
5 58
5 59
5 61
5 67
5 62
6 27
6 28
6 30
6 31
6 32
6 33
6 34
6 35
6 38
6 40
6 41
6 42
6 43
6 46
6 47
6 49
6 50
6 51
6 53
6 56
6 57
6 64
6 66
6 72
6 73
7 27
7 28
7 29
7 30
7 31
7 32
7 33
7 35
7 40
7 42
7 49
7 52
7 64
7 66
7 70
7 60
8 27
8 28
8 29
8 30
8 31
8 32
8 33
8 34
8 35
8 36
8 38
8 39
8 40
8 41
8 43
8 45
8 49
8 51
8 54
8 57
8 58
8 61
8 67
8 23
8 55
9 27
9 28
9 29
9 30
9 31
9 32
9 35
9 37
9 38
9 39
9 42
9 44
9 50
9 56
9 58
9 63
9 64
9 65
9 67
9 72
10 27
10 28
10 29
10 30
10 31
10 33
10 37
10 38
10 44
10 48
10 54
10 57
10 59
10 63
10 67
10 68
10 70
10 74
10 51
11 27
11 28
11 29
11 30
11 34
11 36
11 37
11 39
11 42
11 44
11 45
11 47
11 50
11 55
11 56
11 57
11 58
11 62
11 63
11 71
11 72
12 27
12 28
12 29
12 30
12 31
12 32
12 33
12 34
12 36
12 37
12 41
12 43
12 47
12 50
12 51
12 52
12 56
12 57
12 59
12 63
12 67
12 68
12 69
12 73
12 45
13 27
13 28
13 29
13 30
13 31
13 32
13 34
13 35
13 36
13 37
13 40
13 41
13 42
13 44
13 45
13 48
13 51
13 69
13 72
14 27
14 28
14 29
14 31
14 34
14 36
14 38
14 40
14 47
14 50
14 53
14 54
14 56
14 61
14 65
14 66
14 69
15 27
15 28
15 29
15 30
15 32
15 34
15 35
15 36
15 37
15 38
15 39
15 40
15 42
15 45
15 46
15 47
15 56
15 63
15 65
15 66
15 68
15 69
15 72
15 74
16 27
16 28
16 29
16 30
16 31
16 33
16 34
16 40
16 43
16 44
16 45
16 48
16 50
16 54
16 59
16 71
16 73
16 42
17 27
17 28
17 29
17 30
17 31
17 32
17 33
17 34
17 36
17 37
17 38
17 39
17 40
17 41
17 46
17 48
17 49
17 50
17 51
17 52
17 53
17 54
17 56
17 57
17 59
17 62
17 63
17 68
17 69
17 72
17 44
18 27
18 28
18 29
18 30
18 31
18 32
18 33
18 34
18 35
18 37
18 42
18 46
18 51
18 57
18 58
18 63
18 72
19 27
19 28
19 29
19 30
19 32
19 33
19 34
19 35
19 36
19 38
19 39
19 40
19 41
19 42
19 44
19 45
19 46
19 47
19 48
19 50
19 52
19 53
19 57
19 61
19 63
19 64
19 66
19 67
19 69
19 71
19 72
20 27
20 28
20 29
20 30
20 31
20 32
20 33
20 34
20 35
20 37
20 39
20 42
20 44
20 45
20 46
20 47
20 49
20 50
20 53
20 54
20 59
20 61
20 63
20 65
20 72
21 27
21 28
21 29
21 30
21 31
21 32
21 33
21 34
21 35
21 36
21 38
21 39
21 41
21 42
21 43
21 44
21 48
21 49
21 50
21 52
21 53
21 59
21 65
21 66
21 67
21 69
21 72
21 73
21 74
21 37
21 54
22 27
22 28
22 29
22 30
22 31
22 32
22 33
22 35
22 37
22 39
22 40
22 41
22 43
22 46
22 49
22 52
22 54
22 56
22 58
22 61
22 65
22 67
22 68
22 69
22 70
22 73
23 27
23 28
23 29
23 30
23 31
23 32
23 33
23 34
23 35
23 36
23 37
23 38
23 39
23 40
23 41
23 42
23 43
23 44
23 56
23 58
23 59
23 65
23 70
23 71
23 72
23 73
24 27
24 28
24 29
24 31
24 32
24 33
24 35
24 36
24 37
24 38
24 39
24 40
24 41
24 43
24 45
24 51
24 54
24 57
24 60
24 62
24 64
24 71
25 27
25 29
25 32
25 33
25 34
25 35
25 36
25 37
25 38
25 40
25 41
25 44
25 47
25 60
25 62
25 69
25 68
25 58
26 27
26 28
26 30
26 31
26 32
26 33
26 34
26 36
26 37
26 38
26 43
26 44
26 45
26 46
26 47
26 50
26 52
26 55
26 56
26 58
26 59
26 60
26 62
26 64
26 68
26 69
26 71
26 72
27 28
27 29
27 30
27 31
27 32
27 33
27 34
27 35
27 36
27 37
27 38
27 39
27 40
27 41
27 42
27 44
27 45
27 46
27 47
27 48
27 49
27 51
27 53
27 54
27 55
27 56
27 57
27 58
27 59
27 62
27 63
27 64
27 65
27 67
27 68
27 70
28 29
28 30
28 31
28 32
28 33
28 34
28 35
28 36
28 37
28 39
28 40
28 41
28 42
28 43
28 44
28 45
28 46
28 48
28 49
28 50
28 51
28 52
28 53
28 54
28 55
28 57
28 58
28 59
28 60
28 61
28 63
28 64
28 65
28 66
28 69
28 72
29 30
29 31
29 32
29 33
29 34
29 35
29 36
29 37
29 38
29 39
29 40
29 41
29 42
29 43
29 44
29 45
29 46
29 47
29 48
29 49
29 51
29 52
29 53
29 54
29 55
29 56
29 59
29 61
29 62
29 64
29 65
29 66
29 67
29 68
29 70
29 71
29 72
29 73
30 31
30 32
30 33
30 34
30 35
30 36
30 37
30 38
30 39
30 41
30 42
30 43
30 45
30 46
30 48
30 50
30 51
30 53
30 55
30 56
30 57
30 58
30 59
30 60
30 62
30 65
30 66
30 68
30 69
30 70
30 71
30 72
30 73
30 74
31 32
31 33
31 34
31 35
31 36
31 37
31 38
31 39
31 40
31 41
31 42
31 43
31 45
31 46
31 48
31 49
31 50
31 52
31 53
31 54
31 55
31 56
31 57
31 58
31 60
31 62
31 64
31 65
31 67
31 71
31 72
31 73
31 74
32 33
32 34
32 35
32 36
32 37
32 38
32 39
32 40
32 41
32 42
32 43
32 44
32 46
32 47
32 48
32 49
32 51
32 52
32 53
32 54
32 55
32 56
32 57
32 58
32 59
32 60
32 61
32 62
32 64
32 65
32 66
32 68
32 70
32 72
32 73
32 74
33 34
33 35
33 36
33 37
33 39
33 40
33 43
33 44
33 45
33 46
33 47
33 48
33 49
33 50
33 51
33 52
33 53
33 55
33 56
33 58
33 59
33 60
33 61
33 62
33 65
33 66
33 67
33 68
33 69
33 71
33 73
33 74
34 35
34 36
34 37
34 38
34 39
34 40
34 41
34 42
34 43
34 44
34 46
34 47
34 48
34 49
34 51
34 52
34 53
34 54
34 55
34 60
34 61
34 62
34 63
34 65
34 66
34 67
34 69
34 72
34 73
35 36
35 37
35 38
35 39
35 40
35 41
35 42
35 45
35 46
35 47
35 50
35 53
35 54
35 55
35 56
35 58
35 59
35 60
35 61
35 62
35 66
35 71
35 74
36 37
36 38
36 39
36 40
36 41
36 43
36 44
36 45
36 46
36 47
36 50
36 51
36 53
36 54
36 55
36 57
36 60
36 61
36 63
36 65
36 66
36 67
36 69
36 70
36 71
36 72
36 73
36 56
37 38
37 40
37 41
37 42
37 43
37 44
37 46
37 47
37 48
37 49
37 51
37 52
37 54
37 55
37 56
37 59
37 61
37 62
37 64
37 65
37 68
37 70
37 71
37 72
37 74
38 39
38 40
38 41
38 42
38 43
38 44
38 45
38 47
38 48
38 50
38 51
38 53
38 54
38 55
38 57
38 58
38 60
38 61
38 64
38 69
38 74
39 40
39 41
39 42
39 43
39 44
39 45
39 46
39 47
39 48
39 49
39 50
39 51
39 52
39 53
39 54
39 57
39 60
39 63
39 66
39 73
39 74
40 41
40 42
40 43
40 44
40 45
40 48
40 49
40 50
40 51
40 52
40 53
40 57
40 58
40 60
40 61
40 62
40 63
40 64
40 67
40 68
40 70
40 71
40 73
40 74
41 43
41 44
41 45
41 46
41 47
41 48
41 49
41 50
41 52
41 57
41 58
41 61
41 62
41 63
41 64
41 65
41 66
41 68
41 70
41 72
42 44
42 45
42 47
42 49
42 52
42 53
42 55
42 56
42 59
42 60
42 61
42 62
42 63
42 66
42 70
42 73
42 74
43 44
43 45
43 46
43 47
43 48
43 49
43 52
43 53
43 54
43 55
43 57
43 59
43 60
43 61
43 62
43 64
43 65
43 66
43 67
43 70
43 71
44 45
44 46
44 47
44 48
44 50
44 51
44 53
44 55
44 56
44 57
44 59
44 60
44 61
44 62
44 63
44 64
44 65
44 67
44 70
44 71
44 72
44 73
44 74
45 46
45 48
45 49
45 52
45 53
45 60
45 62
45 63
45 64
45 65
45 66
46 47
46 48
46 50
46 51
46 52
46 54
46 56
46 57
46 59
46 60
46 63
46 67
46 69
46 70
46 71
46 72
47 48
47 49
47 51
47 52
47 53
47 55
47 57
47 59
47 60
47 63
47 64
47 65
47 66
47 67
47 68
47 70
47 72
47 73
47 74
48 49
48 51
48 52
48 54
48 55
48 57
48 58
48 59
48 62
48 64
48 68
48 69
48 70
48 71
48 73
49 51
49 52
49 55
49 58
49 61
49 62
49 63
49 67
49 69
49 74
50 54
50 55
50 58
50 62
50 64
50 68
50 70
51 52
51 54
51 55
51 59
51 60
51 61
51 66
51 70
52 53
52 55
52 57
52 64
52 66
52 73
53 56
53 60
53 66
53 67
53 68
53 69
53 73
53 74
54 55
54 56
54 58
54 62
54 63
54 65
54 67
54 68
54 73
55 56
55 57
55 58
55 59
55 60
55 61
55 62
55 67
55 69
55 70
55 71
55 73
56 58
56 64
56 66
56 67
56 61
57 67
57 69
57 74
58 59
58 60
58 61
58 62
58 64
58 66
58 68
58 69
58 70
58 73
59 61
59 62
59 65
59 66
59 67
59 72
59 74
60 74
60 64
61 63
61 64
61 68
61 70
61 71
62 65
62 68
62 69
62 70
62 71
62 72
62 73
63 64
63 68
63 74
63 67
64 65
64 68
65 70
65 71
65 74
66 67
66 68
66 70
67 69
67 71
67 74
68 73
69 71
69 74
70 71
70 72
72 74
73 74