221584847
23
75
1223
0 23
0 24
0 25
0 27
0 28
0 29
0 30
0 31
0 32
0 33
0 35
0 36
0 38
0 39
0 40
0 42
0 43
0 44
0 46
0 47
0 54
0 55
0 58
0 64
0 65
0 69
0 70
0 74
0 62
1 23
1 24
1 25
1 26
1 27
1 28
1 29
1 30
1 31
1 32
1 33
1 37
1 38
1 41
1 42
1 43
1 44
1 49
1 52
1 54
1 55
1 62
1 70
1 72
1 74
1 19
1 4
1 9
2 23
2 24
2 25
2 26
2 27
2 28
2 29
2 30
2 31
2 34
2 36
2 42
2 43
2 51
2 52
2 59
2 60
2 62
2 64
2 70
2 71
2 73
2 74
2 37
3 23
3 24
3 25
3 26
3 27
3 29
3 30
3 31
3 36
3 37
3 40
3 41
3 42
3 48
3 50
3 51
3 54
3 63
3 68
3 69
3 70
3 72
3 22
3 20
3 71
4 23
4 24
4 25
4 26
4 27
4 28
4 29
4 30
4 31
4 32
4 38
4 41
4 44
4 46
4 47
4 50
4 53
4 61
4 65
4 66
4 72
5 23
5 24
5 25
5 26
5 27
5 28
5 29
5 30
5 31
5 33
5 34
5 36
5 37
5 38
5 39
5 40
5 44
5 45
5 52
5 55
5 57
5 61
5 73
5 74
6 23
6 24
6 25
6 26
6 27
6 28
6 29
6 30
6 31
6 33
6 34
6 35
6 36
6 37
6 38
6 40
6 41
6 42
6 43
6 44
6 48
6 53
6 59
6 62
6 65
6 69
6 70
6 73
7 23
7 24
7 25
7 26
7 27
7 28
7 29
7 30
7 31
7 32
7 34
7 36
7 38
7 39
7 44
7 45
7 47
7 49
7 55
7 56
7 57
7 59
7 64
7 67
7 68
7 72
8 23
8 24
8 25
8 26
8 27
8 28
8 29
8 30
8 32
8 35
8 36
8 38
8 39
8 51
8 57
8 58
8 61
8 65
8 68
8 69
8 71
9 23
9 24
9 25
9 26
9 27
9 28
9 32
9 33
9 35
9 37
9 38
9 40
9 41
9 42
9 43
9 47
9 50
9 51
9 56
9 57
9 59
9 60
9 62
9 65
10 23
10 24
10 25
10 26
10 27
10 30
10 33
10 34
10 38
10 41
10 42
10 45
10 47
10 48
10 49
10 58
10 59
10 66
10 74
10 51
11 23
11 24
11 29
11 32
11 35
11 36
11 37
11 43
11 44
11 46
11 48
11 55
11 56
11 57
11 61
11 67
11 26
12 23
12 24
12 26
12 27
12 28
12 31
12 32
12 33
12 37
12 39
12 41
12 42
12 43
12 44
12 46
12 50
12 53
12 54
12 55
12 62
12 73
12 74
13 23
13 24
13 25
13 26
13 27
13 28
13 29
13 30
13 31
13 32
13 33
13 34
13 35
13 36
13 37
13 38
13 39
13 40
13 43
13 45
13 46
13 49
13 51
13 53
13 56
13 59
13 60
13 63
13 64
13 65
13 66
13 71
13 74
13 57
14 23
14 24
14 25
14 26
14 27
14 28
14 29
14 31
14 32
14 33
14 34
14 35
14 36
14 39
14 48
14 52
14 54
14 55
14 64
14 67
14 70
14 72
15 23
15 24
15 25
15 26
15 27
15 28
15 33
15 35
15 46
15 48
15 50
15 53
15 58
15 61
15 62
16 23
16 24
16 25
16 35
16 46
16 58
16 59
17 23
17 24
17 25
17 26
17 27
17 28
17 29
17 30
17 32
17 33
17 34
17 35
17 38
17 39
17 45
17 49
17 50
17 54
17 59
17 61
17 63
17 64
17 69
17 73
17 74
17 68
18 23
18 24
18 25
18 26
18 28
18 29
18 30
18 33
18 34
18 35
18 39
18 41
18 49
18 52
18 54
18 56
18 58
18 61
18 66
18 68
18 70
18 72
19 23
19 24
19 25
19 26
19 27
19 29
19 30
19 31
19 32
19 33
19 34
19 35
19 40
19 41
19 42
19 43
19 46
19 47
19 54
19 65
19 44
19 56
19 58
20 23
20 24
20 25
20 26
20 27
20 28
20 29
20 31
20 32
20 34
20 37
20 40
20 50
20 51
20 53
20 56
20 63
20 67
20 69
20 71
20 72
20 73
21 23
21 25
21 26
21 28
21 30
21 31
21 34
21 36
21 37
21 40
21 43
21 45
21 47
21 48
21 52
21 53
21 56
21 57
21 60
21 61
21 62
21 69
21 74
22 23
22 24
22 25
22 26
22 27
22 28
22 29
22 30
22 31
22 32
22 34
22 35
22 37
22 38
22 39
22 41
22 42
22 46
22 48
22 49
22 50
22 52
22 58
22 59
22 60
22 62
22 67
22 68
22 69
22 71
22 73
22 36
23 24
23 25
23 26
23 27
23 28
23 29
23 30
23 31
23 32
23 33
23 34
23 35
23 36
23 37
23 39
23 40
23 41
23 42
23 43
23 44
23 45
23 46
23 47
23 48
23 50
23 53
23 54
23 56
23 58
23 59
23 60
23 61
23 63
23 64
23 67
23 68
23 69
23 72
23 73
23 74
23 23
24 25
24 26
24 27
24 28
24 29
24 30
24 31
24 32
24 33
24 34
24 35
24 36
24 37
24 38
24 39
24 40
24 41
24 42
24 43
24 44
24 45
24 46
24 48
24 49
24 51
24 53
24 55
24 56
24 58
24 59
24 60
24 62
24 66
24 67
24 73
25 26
25 27
25 28
25 29
25 30
25 31
25 32
25 33
25 34
25 35
25 36
25 38
25 39
25 40
25 41
25 42
25 43
25 44
25 45
25 46
25 47
25 48
25 49
25 50
25 52
25 54
25 55
25 57
25 58
25 59
25 60
25 61
25 62
25 63
25 65
25 66
25 67
25 68
25 69
25 71
25 72
25 74
26 27
26 28
26 29
26 30
26 31
26 32
26 33
26 34
26 35
26 36
26 39
26 40
26 42
26 43
26 44
26 45
26 47
26 51
26 52
26 55
26 58
26 62
26 69
26 70
26 72
27 28
27 29
27 30
27 31
27 32
27 33
27 34
27 35
27 36
27 37
27 38
27 39
27 40
27 42
27 43
27 44
27 45
27 46
27 47
27 48
27 49
27 50
27 51
27 53
27 54
27 55
27 56
27 57
27 58
27 59
27 60
27 64
27 65
27 66
27 68
27 69
28 29
28 30
28 31
28 32
28 33
28 34
28 35
28 36
28 37
28 38
28 39
28 40
28 41
28 42
28 43
28 45
28 46
28 48
28 49
28 50
28 51
28 52
28 53
28 57
28 60
28 62
28 64
28 66
28 71
28 74
28 44
29 30
29 31
29 32
29 33
29 34
29 35
29 36
29 37
29 38
29 40
29 41
29 44
29 47
29 50
29 51
29 52
29 54
29 55
29 58
29 59
29 61
29 64
29 65
29 66
29 67
29 68
29 71
30 31
30 32
30 33
30 34
30 35
30 36
30 37
30 38
30 39
30 40
30 41
30 42
30 43
30 47
30 49
30 51
30 52
30 53
30 55
30 58
30 59
30 60
30 62
30 63
30 68
30 71
30 72
30 73
30 44
30 67
31 32
31 33
31 34
31 37
31 38
31 39
31 40
31 42
31 43
31 44
31 45
31 47
31 48
31 49
31 50
31 51
31 56
31 57
31 59
31 61
31 63
31 64
31 67
31 68
31 70
31 71
31 72
31 69
32 33
32 35
32 36
32 37
32 39
32 41
32 42
32 44
32 45
32 48
32 49
32 50
32 51
32 52
32 54
32 55
32 56
32 61
32 65
32 66
32 67
32 69
32 71
32 72
32 73
32 74
32 32
33 34
33 36
33 37
33 38
33 40
33 41
33 43
33 44
33 45
33 46
33 47
33 48
33 49
33 50
33 52
33 54
33 56
33 58
33 60
33 62
33 63
33 65
33 72
34 35
34 36
34 37
34 38
34 39
34 40
34 41
34 43
34 44
34 45
34 46
34 47
34 50
34 53
34 57
34 62
34 64
34 66
34 67
34 68
34 69
34 70
34 71
34 74
35 36
35 37
35 38
35 39
35 40
35 41
35 42
35 44
35 49
35 52
35 54
35 55
35 56
35 58
35 60
35 61
35 63
35 65
35 66
35 67
35 74
36 37
36 38
36 39
36 40
36 41
36 43
36 45
36 46
36 47
36 48
36 49
36 52
36 53
36 54
36 56
36 57
36 58
36 62
36 64
36 67
36 70
36 71
36 73
37 39
37 40
37 41
37 43
37 44
37 45
37 46
37 47
37 49
37 51
37 55
37 56
37 57
37 60
37 66
37 70
37 71
37 58
38 47
38 48
38 51
38 53
38 57
38 59
38 60
38 62
38 64
38 65
38 71
38 72
38 73
39 42
39 44
39 45
39 49
39 52
39 53
39 54
39 55
39 56
39 60
39 68
40 41
40 42
40 45
40 46
40 48
40 50
40 51
40 52
40 53
40 57
40 58
40 62
40 63
40 64
40 65
40 66
40 67
40 70
40 71
40 73
40 74
41 42
41 44
41 45
41 47
41 56
41 57
41 58
41 63
41 66
41 41
42 43
42 45
42 46
42 47
42 48
42 50
42 52
42 54
42 55
42 56
42 57
42 59
42 62
42 67
42 70
42 71
43 44
43 45
43 46
43 47
43 48
43 49
43 50
43 51
43 52
43 53
43 55
43 58
43 60
43 66
43 67
43 68
43 69
43 70
43 71
43 73
43 74
44 46
44 47
44 49
44 51
44 52
44 53
44 54
44 56
44 57
44 60
44 61
44 62
44 63
44 64
44 66
44 67
44 68
44 70
44 72
44 74
45 46
45 48
45 51
45 52
45 54
45 61
45 65
45 70
45 73
46 48
46 49
46 50
46 51
46 52
46 56
46 60
46 63
46 64
46 65
46 66
46 67
46 68
46 72
47 50
47 54
47 55
47 56
47 59
47 62
47 64
47 68
47 70
48 49
48 50
48 51
48 53
48 55
48 57
48 58
48 61
48 63
48 65
48 66
48 70
48 72
48 74
49 51
49 57
49 64
49 68
49 73
49 74
50 53
50 56
50 57
50 58
50 59
50 60
50 65
51 53
51 54
51 57
51 59
51 60
51 61
51 62
51 63
51 64
51 65
51 66
51 67
52 53
52 54
52 57
52 61
52 63
52 64
52 65
52 66
52 67
52 68
52 69
52 71
52 73
52 55
53 55
53 63
53 67
53 59
54 55
54 59
54 61
54 62
54 66
54 69
54 70
54 71
55 61
55 62
55 63
55 73
55 74
56 59
56 61
56 64
56 66
56 69
56 70
56 74
57 58
57 60
57 63
57 65
57 68
57 69
57 72
58 60
58 63
58 70
58 72
58 73
59 73
60 61
60 63
60 64
60 65
60 69
60 71
60 73
61 63
61 67
61 73
62 68
63 68
63 72
65 69
66 69
67 68
68 69
68 71
68 72
69 70
69 71
69 72
71 74