453786770
18
75
1039
0 18
0 19
0 20
0 21
0 22
0 23
0 24
0 25
0 28
0 29
0 31
0 32
0 34
0 35
0 38
0 40
0 41
0 44
0 53
0 63
0 65
0 69
1 18
1 19
1 20
1 21
1 22
1 23
1 24
1 26
1 27
1 28
1 29
1 30
1 32
1 33
1 34
1 35
1 38
1 39
1 42
1 43
1 45
1 47
1 49
1 50
1 51
1 52
1 53
1 55
1 56
1 57
1 60
1 61
1 62
1 67
1 68
1 72
1 73
2 18
2 19
2 20
2 21
2 25
2 27
2 28
2 32
2 35
2 36
2 47
2 49
2 50
2 52
2 56
2 65
2 69
2 70
2 73
3 18
3 19
3 20
3 21
3 22
3 24
3 26
3 31
3 32
3 34
3 36
3 37
3 41
3 47
3 48
3 49
3 50
3 53
3 56
3 58
3 59
3 61
3 62
3 68
4 18
4 19
4 20
4 23
4 24
4 26
4 29
4 34
4 39
4 40
4 41
4 43
4 44
4 46
4 50
4 52
4 60
4 67
4 73
4 15
5 18
5 20
5 21
5 22
5 23
5 26
5 27
5 28
5 30
5 31
5 34
5 36
5 45
5 51
5 54
5 57
5 61
5 65
5 71
5 74
6 18
6 19
6 20
6 22
6 24
6 25
6 34
6 42
6 52
6 60
6 62
6 72
7 18
7 19
7 20
7 21
7 22
7 25
7 26
7 27
7 30
7 31
7 36
7 44
7 46
7 57
7 58
7 60
7 61
7 63
7 64
7 65
7 68
8 18
8 19
8 20
8 21
8 22
8 23
8 24
8 25
8 26
8 30
8 31
8 32
8 34
8 35
8 37
8 38
8 39
8 40
8 44
8 46
8 47
8 53
8 55
8 58
8 59
8 61
8 62
8 63
8 73
8 74
9 18
9 19
9 20
9 21
9 23
9 24
9 25
9 27
9 28
9 29
9 30
9 33
9 35
9 36
9 38
9 39
9 41
9 46
9 48
9 57
9 62
9 66
9 69
10 18
10 19
10 20
10 21
10 22
10 23
10 24
10 25
10 26
10 27
10 33
10 34
10 36
10 41
10 47
10 51
10 53
10 54
10 62
10 66
10 68
10 69
10 70
10 71
10 72
11 18
11 19
11 21
11 23
11 25
11 28
11 31
11 33
11 36
11 37
11 45
11 49
11 51
11 58
11 59
11 61
11 66
11 72
12 18
12 19
12 21
12 22
12 23
12 24
12 28
12 32
12 33
12 35
12 40
12 57
13 18
13 19
13 20
13 22
13 23
13 24
13 27
13 28
13 31
13 32
13 34
13 36
13 40
13 41
13 43
13 44
13 48
13 56
13 62
13 66
13 68
13 74
13 21
14 18
14 19
14 20
14 21
14 22
14 27
14 29
14 31
14 35
14 37
14 39
14 44
14 45
14 49
14 65
14 74
15 18
15 19
15 20
15 21
15 22
15 23
15 25
15 26
15 27
15 28
15 29
15 30
15 32
15 33
15 34
15 37
15 38
15 39
15 41
15 43
15 44
15 45
15 46
15 47
15 49
15 51
15 52
15 55
15 60
15 62
15 65
16 18
16 19
16 20
16 21
16 22
16 23
16 24
16 25
16 26
16 28
16 29
16 34
16 35
16 36
16 38
16 41
16 42
16 46
16 50
16 57
16 60
16 64
16 71
16 58
17 18
17 19
17 20
17 21
17 22
17 23
17 24
17 25
17 26
17 27
17 29
17 30
17 31
17 39
17 40
17 43
17 45
17 46
17 47
17 48
17 56
17 71
17 72
18 19
18 20
18 21
18 22
18 23
18 24
18 25
18 26
18 27
18 28
18 29
18 30
18 31
18 32
18 33
18 35
18 36
18 37
18 39
18 40
18 41
18 42
18 45
18 47
18 48
18 50
18 55
18 56
18 59
18 60
18 61
18 63
18 66
18 68
18 70
18 73
19 20
19 21
19 22
19 23
19 24
19 25
19 26
19 27
19 29
19 30
19 32
19 33
19 34
19 36
19 37
19 38
19 40
19 42
19 47
19 48
19 49
19 50
19 51
19 52
19 53
19 54
19 59
19 62
19 64
19 65
19 67
19 69
19 70
19 71
19 74
19 68
20 21
20 22
20 23
20 24
20 25
20 26
20 28
20 29
20 31
20 32
20 33
20 35
20 37
20 39
20 40
20 41
20 42
20 43
20 44
20 45
20 46
20 48
20 50
20 53
20 54
20 55
20 56
20 57
20 62
20 67
20 70
20 72
20 73
20 74
21 22
21 23
21 24
21 25
21 26
21 27
21 28
21 29
21 30
21 31
21 32
21 33
21 34
21 37
21 38
21 39
21 40
21 41
21 42
21 43
21 44
21 45
21 47
21 48
21 51
21 52
21 57
21 58
21 59
21 63
21 64
21 65
21 67
21 68
21 70
22 23
22 24
22 25
22 26
22 27
22 29
22 30
22 31
22 32
22 37
22 38
22 39
22 41
22 42
22 43
22 44
22 46
22 48
22 49
22 53
22 54
22 56
22 57
22 58
22 60
22 64
22 74
22 40
23 24
23 25
23 26
23 27
23 28
23 29
23 30
23 33
23 35
23 36
23 37
23 39
23 40
23 41
23 42
23 43
23 44
23 45
23 46
23 47
23 49
23 54
23 57
23 59
23 61
23 63
23 66
23 70
24 25
24 26
24 27
24 28
24 29
24 30
24 31
24 32
24 33
24 34
24 35
24 38
24 39
24 42
24 45
24 48
24 50
24 51
24 52
24 54
24 55
24 56
24 59
24 61
24 63
24 68
24 70
24 71
25 26
25 27
25 28
25 30
25 31
25 32
25 33
25 34
25 37
25 43
25 44
25 45
25 47
25 50
25 52
25 53
25 54
25 55
25 58
25 62
25 64
25 66
25 68
25 70
26 27
26 28
26 29
26 30
26 32
26 33
26 34
26 35
26 36
26 37
26 38
26 39
26 40
26 41
26 42
26 48
26 50
26 62
26 67
26 72
26 74
27 28
27 29
27 30
27 31
27 33
27 34
27 35
27 38
27 39
27 40
27 41
27 44
27 49
27 50
27 51
27 52
27 54
27 55
27 59
27 62
27 64
27 66
28 29
28 30
28 31
28 32
28 33
28 38
28 40
28 42
28 43
28 44
28 47
28 51
28 56
28 57
28 58
28 65
28 66
28 67
28 69
28 71
29 30
29 33
29 35
29 37
29 42
29 43
29 45
29 50
29 52
29 53
29 55
29 57
29 58
29 59
29 60
29 65
29 66
29 67
29 69
29 72
30 31
30 32
30 41
30 43
30 48
30 55
30 56
30 57
30 65
30 72
30 74
30 71
31 35
31 36
31 41
31 42
31 49
31 58
31 48
32 33
32 35
32 36
32 37
32 38
32 39
32 45
32 46
32 47
32 51
32 52
32 53
32 54
32 56
32 58
32 59
32 62
32 65
32 70
32 72
32 73
33 34
33 35
33 36
33 37
33 38
33 39
33 40
33 42
33 43
33 50
33 53
33 54
33 55
33 56
33 57
33 58
33 59
33 60
33 62
33 63
33 64
33 65
33 69
33 70
33 74
34 36
34 38
34 40
34 46
34 47
34 48
34 50
34 52
34 54
34 56
34 57
34 58
34 60
34 63
34 65
34 67
34 68
34 71
34 74
34 69
35 36
35 37
35 38
35 40
35 41
35 42
35 46
35 55
35 60
35 61
35 66
35 71
35 73
35 74
36 37
36 43
36 46
36 49
36 56
36 60
36 61
36 62
36 64
36 67
36 69
36 72
37 38
37 40
37 42
37 44
37 45
37 52
37 53
37 64
37 65
37 68
37 70
37 71
37 72
37 46
38 39
38 44
38 48
38 54
38 55
38 57
38 60
38 71
39 43
39 46
39 48
39 51
39 54
39 56
39 58
39 59
39 67
39 69
39 71
40 42
40 43
40 46
40 47
40 49
40 51
40 52
40 53
40 58
40 61
40 64
40 70
40 71
40 72
40 73
40 45
41 45
41 49
41 53
41 56
41 60
41 64
41 66
41 69
41 73
41 74
42 43
42 44
42 45
42 50
42 54
42 55
42 59
42 64
42 66
42 68
42 73
43 44
43 46
43 47
43 48
43 49
43 51
43 54
43 55
43 61
43 62
43 63
43 65
43 72
44 45
44 49
44 51
44 53
44 54
44 67
44 70
44 71
45 46
45 47
45 48
45 54
45 57
45 59
45 60
45 61
45 64
45 65
45 66
45 69
45 72
46 50
46 57
46 58
46 59
46 64
46 69
46 72
46 74
47 48
47 49
47 51
47 72
47 73
47 74
48 49
48 50
48 52
48 55
48 59
48 60
48 63
48 64
48 67
48 69
48 54
49 51
49 52
49 53
49 58
49 66
49 67
50 51
50 52
50 59
50 60
50 63
50 66
50 71
50 73
51 53
51 56
51 63
51 66
51 69
51 72
52 55
52 61
52 67
53 55
53 58
53 63
53 67
53 72
53 73
54 61
54 63
54 68
54 70
54 73
55 67
55 68
56 64
56 70
56 71
57 71
57 74
58 61
58 64
59 63
59 69
59 74
60 61
60 63
60 65
60 68
60 70
60 74
61 62
61 63
61 67
61 69
61 73
62 66
64 68
64 73
65 68
67 68
67 70
68 69
70 71
70 73
71 73