965673918
20
75
1131
0 20
0 21
0 22
0 23
0 26
0 27
0 28
0 38
0 39
0 50
0 52
0 56
0 59
0 64
0 67
0 74
0 51
1 20
1 21
1 23
1 24
1 25
1 26
1 27
1 28
1 29
1 31
1 32
1 33
1 36
1 37
1 38
1 39
1 41
1 42
1 44
1 45
1 46
1 47
1 49
1 56
1 59
1 70
1 72
1 22
1 30
2 20
2 21
2 22
2 23
2 24
2 25
2 26
2 29
2 30
2 31
2 33
2 34
2 35
2 41
2 42
2 43
2 47
2 50
2 51
2 54
2 57
2 63
2 66
2 53
3 20
3 21
3 22
3 24
3 27
3 28
3 29
3 31
3 32
3 34
3 35
3 48
3 49
3 50
3 64
3 67
4 20
4 21
4 22
4 23
4 24
4 25
4 29
4 31
4 33
4 35
4 36
4 39
4 43
4 44
4 50
4 55
4 62
4 63
4 65
4 68
4 69
4 71
4 26
5 20
5 21
5 22
5 23
5 24
5 25
5 26
5 27
5 28
5 33
5 36
5 43
5 45
5 46
5 53
5 56
5 57
5 58
5 59
6 20
6 21
6 22
6 23
6 27
6 30
6 31
6 35
6 36
6 41
6 42
6 43
6 46
6 48
6 51
6 62
6 63
6 73
7 20
7 21
7 22
7 24
7 25
7 26
7 27
7 28
7 29
7 34
7 35
7 37
7 38
7 39
7 46
7 47
7 56
7 59
7 60
7 61
7 71
7 66
8 20
8 21
8 22
8 23
8 24
8 25
8 26
8 27
8 28
8 29
8 31
8 32
8 38
8 39
8 40
8 44
8 47
8 48
8 53
8 67
8 34
9 20
9 21
9 22
9 24
9 25
9 26
9 28
9 32
9 38
9 39
9 41
9 45
9 47
9 49
9 52
9 56
9 57
9 58
9 63
9 64
10 20
10 21
10 22
10 23
10 25
10 26
10 27
10 28
10 30
10 31
10 33
10 34
10 35
10 36
10 37
10 39
10 43
10 45
10 47
10 49
10 52
10 53
10 54
10 58
10 59
10 66
10 68
10 69
10 71
10 72
11 20
11 21
11 22
11 23
11 24
11 25
11 26
11 28
11 29
11 32
11 33
11 34
11 36
11 43
11 45
11 48
11 52
11 53
11 56
11 63
11 64
11 70
11 71
11 69
12 20
12 22
12 23
12 24
12 25
12 28
12 29
12 30
12 32
12 33
12 35
12 37
12 38
12 41
12 45
12 51
12 52
12 56
12 61
12 67
12 68
12 70
12 72
13 20
13 21
13 22
13 23
13 24
13 25
13 26
13 27
13 28
13 30
13 32
13 34
13 35
13 36
13 41
13 47
13 50
13 51
13 53
13 55
13 60
13 61
13 64
13 66
13 71
13 72
13 48
13 33
14 20
14 21
14 23
14 24
14 25
14 26
14 27
14 29
14 30
14 32
14 33
14 34
14 36
14 39
14 40
14 41
14 43
14 45
14 46
14 48
14 51
14 58
14 61
14 69
14 70
14 72
15 20
15 21
15 22
15 23
15 24
15 25
15 27
15 29
15 30
15 31
15 33
15 35
15 41
15 42
15 46
15 49
15 52
15 59
15 72
15 74
15 43
16 20
16 21
16 22
16 23
16 24
16 25
16 26
16 27
16 29
16 30
16 31
16 33
16 40
16 44
16 45
16 49
16 51
16 53
16 56
16 59
16 65
16 67
16 70
17 20
17 21
17 22
17 23
17 24
17 26
17 30
17 33
17 34
17 37
17 41
17 44
17 46
17 48
17 55
17 57
17 65
17 40
17 58
18 20
18 21
18 22
18 23
18 25
18 30
18 36
18 38
18 42
18 45
18 49
18 50
18 54
18 60
18 61
19 20
19 21
19 22
19 23
19 24
19 26
19 27
19 28
19 30
19 31
19 32
19 33
19 34
19 35
19 36
19 37
19 42
19 43
19 46
19 51
19 53
19 55
19 57
19 58
19 60
19 61
19 62
19 63
19 66
19 68
19 69
19 70
19 73
19 64
20 21
20 22
20 23
20 24
20 25
20 26
20 27
20 28
20 29
20 31
20 32
20 33
20 34
20 35
20 36
20 37
20 38
20 39
20 40
20 42
20 44
20 46
20 48
20 50
20 52
20 54
20 55
20 56
20 59
20 62
20 65
20 66
20 67
20 68
20 73
21 22
21 23
21 24
21 25
21 26
21 27
21 28
21 29
21 30
21 31
21 32
21 34
21 35
21 36
21 37
21 39
21 40
21 41
21 43
21 45
21 47
21 48
21 49
21 50
21 51
21 52
21 57
21 58
21 63
21 64
21 65
21 72
21 73
21 74
22 23
22 24
22 25
22 26
22 27
22 28
22 29
22 30
22 31
22 32
22 34
22 36
22 37
22 38
22 39
22 40
22 41
22 42
22 44
22 45
22 46
22 47
22 48
22 49
22 50
22 52
22 53
22 54
22 56
22 57
22 59
22 60
22 62
22 63
22 64
22 65
22 66
22 68
22 69
22 70
22 43
23 24
23 25
23 26
23 27
23 28
23 29
23 30
23 31
23 32
23 33
23 34
23 35
23 37
23 38
23 39
23 41
23 42
23 43
23 44
23 45
23 47
23 48
23 49
23 51
23 52
23 54
23 56
23 58
23 60
23 62
23 66
23 67
23 70
23 73
24 25
24 26
24 27
24 28
24 29
24 30
24 31
24 33
24 36
24 37
24 38
24 39
24 43
24 44
24 45
24 46
24 47
24 48
24 52
24 53
24 56
24 57
24 59
24 61
24 65
24 66
24 69
24 71
24 35
25 26
25 27
25 28
25 29
25 30
25 31
25 32
25 33
25 34
25 35
25 36
25 37
25 38
25 40
25 41
25 44
25 46
25 47
25 49
25 50
25 51
25 52
25 53
25 55
25 56
25 62
25 63
25 64
25 67
25 68
25 69
25 70
25 71
25 72
25 73
25 74
25 42
26 27
26 28
26 29
26 30
26 31
26 32
26 34
26 35
26 36
26 37
26 39
26 40
26 41
26 43
26 52
26 53
26 54
26 55
26 57
26 58
26 59
26 60
26 61
26 62
26 65
26 66
26 67
26 69
26 70
26 71
26 73
26 74
27 28
27 29
27 30
27 31
27 32
27 33
27 35
27 36
27 37
27 38
27 40
27 41
27 42
27 44
27 45
27 49
27 50
27 53
27 55
27 56
27 58
27 59
27 60
27 65
27 66
27 67
27 72
27 63
28 29
28 30
28 31
28 32
28 33
28 35
28 37
28 40
28 42
28 43
28 44
28 47
28 48
28 51
28 57
28 58
28 62
28 64
28 68
28 69
28 71
28 72
28 73
29 30
29 32
29 34
29 38
29 39
29 40
29 41
29 44
29 45
29 46
29 47
29 48
29 50
29 51
29 54
29 55
29 56
29 57
29 59
29 61
29 65
29 66
29 73
30 31
30 32
30 33
30 34
30 35
30 36
30 37
30 38
30 39
30 41
30 42
30 43
30 45
30 47
30 48
30 53
30 54
30 55
30 57
30 58
30 59
30 63
30 65
30 68
30 69
30 70
30 74
31 32
31 34
31 36
31 37
31 39
31 40
31 42
31 43
31 46
31 48
31 49
31 50
31 51
31 52
31 53
31 54
31 58
31 59
31 61
31 64
31 72
31 73
31 74
31 33
32 33
32 34
32 35
32 36
32 38
32 40
32 44
32 46
32 50
32 51
32 56
32 60
32 61
32 63
32 64
32 65
32 71
32 73
32 74
32 69
33 34
33 37
33 38
33 40
33 42
33 44
33 45
33 46
33 47
33 48
33 50
33 51
33 53
33 55
33 59
33 60
33 65
33 67
33 68
33 73
33 74
33 63
34 35
34 37
34 38
34 39
34 40
34 41
34 44
34 49
34 51
34 54
34 58
34 66
34 72
35 39
35 40
35 42
35 43
35 49
35 53
35 55
35 58
35 60
35 61
35 69
35 70
35 71
35 72
35 74
35 44
35 54
36 37
36 38
36 40
36 42
36 43
36 44
36 45
36 49
36 50
36 51
36 52
36 54
36 55
36 56
36 61
36 62
36 65
36 67
36 68
36 69
36 71
36 74
37 38
37 39
37 40
37 41
37 42
37 43
37 49
37 50
37 55
37 57
37 63
37 64
37 65
37 66
37 71
37 52
38 40
38 46
38 53
38 54
38 57
38 58
38 61
38 68
39 40
39 41
39 42
39 44
39 46
39 48
39 50
39 51
39 53
39 54
39 55
39 57
39 60
39 61
39 62
39 63
39 66
39 69
39 70
39 73
40 42
40 43
40 44
40 45
40 47
40 57
40 61
40 63
40 64
40 65
40 73
41 42
41 43
41 47
41 49
41 50
41 54
41 58
41 62
41 68
41 69
42 49
42 52
42 54
42 55
42 62
42 63
42 64
42 65
42 66
42 67
42 69
42 71
42 73
43 44
43 45
43 46
43 47
43 48
43 52
43 54
43 58
43 60
43 64
43 69
44 48
44 52
44 53
44 60
44 62
44 66
44 67
44 68
45 46
45 52
45 54
45 57
45 61
45 65
45 67
45 68
46 47
46 51
46 55
46 59
46 60
46 62
46 69
46 72
46 73
46 63
47 48
47 49
47 57
47 56
48 51
48 52
48 54
48 55
48 62
48 68
48 70
48 65
49 50
49 60
49 62
49 63
49 66
49 72
49 73
50 56
50 58
50 70
50 71
50 74
51 54
51 58
51 60
51 62
51 67
51 70
51 74
52 53
52 55
52 56
52 59
52 63
52 68
52 69
52 70
53 55
53 57
53 59
53 62
53 64
53 67
53 73
54 56
54 61
54 64
54 65
54 72
54 73
54 74
54 66
55 58
55 60
55 62
55 68
55 71
56 57
56 60
56 61
56 64
56 66
56 70
56 72
57 59
57 63
57 64
57 66
57 70
57 72
58 60
58 61
58 67
58 70
58 72
59 71
60 63
61 71
61 72
61 73
61 74
62 63
62 64
62 65
62 68
62 69
64 66
64 67
64 74
65 67
65 68
65 72
66 71
66 74
67 71
67 73
67 68
68 69
69 74
70 74
72 74