489069870
22
75
1177
0 22
0 23
0 25
0 26
0 27
0 28
0 29
0 30
0 32
0 33
0 34
0 35
0 36
0 39
0 42
0 44
0 45
0 46
0 48
0 53
0 55
0 56
0 59
0 61
0 67
0 70
0 71
0 74
1 22
1 23
1 25
1 26
1 31
1 32
1 33
1 36
1 39
1 40
1 44
1 47
1 52
1 56
1 57
1 68
2 22
2 23
2 24
2 27
2 29
2 33
2 34
2 46
2 53
2 62
2 74
3 22
3 23
3 24
3 25
3 26
3 27
3 28
3 29
3 30
3 33
3 34
3 35
3 36
3 37
3 39
3 41
3 45
3 47
3 49
3 50
3 55
3 56
3 58
3 65
3 66
4 22
4 23
4 24
4 26
4 27
4 28
4 32
4 33
4 34
4 36
4 40
4 43
4 45
4 50
4 54
4 55
4 59
4 61
4 65
4 70
4 73
5 22
5 23
5 24
5 25
5 26
5 27
5 28
5 29
5 31
5 32
5 35
5 38
5 39
5 40
5 43
5 49
5 51
5 52
5 64
5 69
5 72
5 73
5 48
6 22
6 23
6 24
6 25
6 26
6 27
6 28
6 29
6 31
6 32
6 35
6 36
6 37
6 40
6 41
6 44
6 46
6 49
6 58
6 59
6 60
6 63
6 73
6 74
7 22
7 23
7 24
7 25
7 29
7 30
7 31
7 32
7 33
7 34
7 35
7 37
7 38
7 39
7 40
7 45
7 47
7 48
7 49
7 53
7 54
7 60
7 64
7 72
8 22
8 23
8 24
8 25
8 26
8 27
8 28
8 30
8 32
8 33
8 34
8 35
8 36
8 40
8 41
8 42
8 46
8 47
8 64
8 66
8 68
8 70
8 9
9 22
9 23
9 24
9 25
9 26
9 27
9 29
9 30
9 31
9 32
9 33
9 37
9 38
9 41
9 42
9 45
9 48
9 50
9 51
9 56
9 66
9 69
9 74
10 22
10 24
10 25
10 26
10 29
10 32
10 38
10 39
10 42
10 43
10 46
10 50
10 52
10 58
10 68
10 70
10 72
11 22
11 23
11 24
11 25
11 26
11 27
11 28
11 29
11 30
11 31
11 32
11 33
11 34
11 36
11 37
11 38
11 39
11 43
11 44
11 46
11 48
11 51
11 52
11 54
11 55
11 61
11 63
11 69
12 22
12 23
12 24
12 25
12 26
12 27
12 28
12 30
12 33
12 34
12 37
12 40
12 42
12 44
12 45
12 50
12 51
12 53
12 55
12 56
12 58
12 59
12 61
12 62
12 69
13 22
13 23
13 24
13 25
13 28
13 29
13 30
13 31
13 32
13 34
13 38
13 39
13 40
13 41
13 42
13 48
13 49
13 50
13 53
13 54
13 55
13 56
13 63
13 68
13 69
13 71
14 22
14 23
14 24
14 26
14 27
14 28
14 29
14 30
14 31
14 36
14 37
14 39
14 41
14 42
14 43
14 44
14 45
14 46
14 49
14 51
14 54
14 59
14 61
14 62
14 63
14 67
14 71
14 72
14 73
15 22
15 23
15 24
15 25
15 27
15 28
15 30
15 35
15 37
15 40
15 41
15 46
15 64
15 66
15 71
16 22
16 23
16 24
16 25
16 26
16 27
16 28
16 30
16 31
16 33
16 34
16 37
16 38
16 39
16 40
16 54
16 60
16 62
16 63
16 71
16 74
17 22
17 23
17 24
17 25
17 26
17 27
17 28
17 29
17 30
17 32
17 33
17 34
17 36
17 37
17 39
17 43
17 46
17 52
17 57
17 60
17 63
17 64
17 70
17 41
18 22
18 23
18 24
18 25
18 26
18 29
18 30
18 31
18 34
18 35
18 37
18 41
18 42
18 43
18 44
18 45
18 46
18 47
18 48
18 52
18 54
18 59
18 64
18 66
18 67
18 70
18 39
19 22
19 23
19 24
19 25
19 26
19 27
19 28
19 29
19 30
19 31
19 34
19 37
19 38
19 39
19 43
19 44
19 45
19 46
19 47
19 50
19 52
19 54
19 56
19 59
19 60
19 72
20 22
20 23
20 24
20 25
20 26
20 27
20 28
20 29
20 30
20 31
20 33
20 35
20 36
20 37
20 38
20 40
20 42
20 43
20 44
20 45
20 48
20 49
20 51
20 54
20 55
20 56
20 62
20 65
20 73
21 22
21 23
21 24
21 25
21 26
21 27
21 28
21 31
21 33
21 35
21 36
21 38
21 40
21 41
21 45
21 48
21 50
21 54
21 64
21 65
21 67
21 72
22 23
22 24
22 25
22 26
22 27
22 28
22 29
22 30
22 31
22 32
22 33
22 34
22 35
22 36
22 37
22 39
22 40
22 41
22 42
22 43
22 44
22 46
22 47
22 48
22 49
22 50
22 51
22 52
22 53
22 55
22 56
22 57
22 59
22 61
22 66
22 69
22 74
23 24
23 25
23 26
23 27
23 28
23 29
23 31
23 32
23 33
23 34
23 35
23 36
23 37
23 38
23 41
23 42
23 43
23 45
23 47
23 49
23 50
23 52
23 54
23 57
23 59
23 61
23 62
23 63
23 65
23 66
23 68
23 69
23 71
23 73
24 25
24 26
24 27
24 28
24 29
24 30
24 31
24 32
24 34
24 35
24 36
24 39
24 40
24 41
24 42
24 43
24 46
24 48
24 49
24 50
24 51
24 53
24 55
24 57
24 58
24 59
24 64
24 70
24 72
24 74
25 26
25 27
25 28
25 29
25 30
25 31
25 32
25 33
25 34
25 35
25 36
25 41
25 42
25 43
25 46
25 47
25 49
25 51
25 55
25 56
25 57
25 58
25 60
25 61
25 65
25 66
25 68
25 69
25 70
25 73
25 74
25 39
26 27
26 28
26 29
26 30
26 31
26 32
26 33
26 34
26 35
26 36
26 38
26 39
26 41
26 42
26 43
26 45
26 47
26 49
26 50
26 52
26 53
26 56
26 57
26 58
26 60
26 62
26 63
26 65
26 68
26 69
26 70
26 71
26 73
26 67
27 28
27 29
27 30
27 31
27 32
27 33
27 35
27 37
27 38
27 39
27 40
27 42
27 43
27 44
27 47
27 48
27 49
27 50
27 51
27 52
27 53
27 55
27 56
27 57
27 59
27 61
27 63
27 64
27 65
27 66
27 67
27 69
27 72
27 74
28 29
28 30
28 31
28 32
28 33
28 34
28 35
28 36
28 38
28 40
28 41
28 43
28 44
28 45
28 46
28 48
28 49
28 50
28 53
28 54
28 55
28 56
28 57
28 60
28 62
28 64
28 65
28 67
28 69
28 70
28 71
29 30
29 31
29 32
29 33
29 34
29 35
29 36
29 37
29 38
29 39
29 40
29 41
29 42
29 43
29 44
29 45
29 46
29 47
29 49
29 50
29 51
29 52
29 54
29 56
29 57
29 59
29 62
29 65
29 67
29 68
29 70
29 74
30 31
30 32
30 35
30 37
30 38
30 40
30 44
30 46
30 48
30 50
30 51
30 53
30 55
30 58
30 59
30 61
30 62
30 63
30 65
30 67
30 69
30 70
30 71
30 73
30 52
31 32
31 33
31 34
31 35
31 36
31 37
31 38
31 39
31 40
31 41
31 44
31 48
31 49
31 53
31 54
31 58
31 60
31 63
31 64
31 67
31 68
31 71
31 73
31 74
32 34
32 35
32 36
32 38
32 39
32 41
32 44
32 45
32 51
32 52
32 53
32 54
32 56
32 63
32 73
33 37
33 38
33 39
33 42
33 44
33 47
33 50
33 52
33 53
33 58
33 63
33 64
33 65
33 68
33 73
34 35
34 36
34 39
34 40
34 41
34 44
34 47
34 48
34 50
34 52
34 53
34 55
34 56
34 57
34 58
34 59
34 60
34 61
34 62
34 65
34 66
34 67
34 68
34 74
35 36
35 37
35 38
35 41
35 42
35 43
35 44
35 46
35 47
35 48
35 49
35 52
35 53
35 54
35 59
35 60
35 61
35 63
35 64
35 67
35 68
35 71
35 73
35 74
36 37
36 38
36 39
36 41
36 42
36 43
36 45
36 46
36 48
36 49
36 51
36 53
36 64
36 66
37 38
37 42
37 44
37 47
37 51
37 52
37 53
37 57
37 58
37 59
37 61
37 62
37 63
37 68
37 71
37 72
37 45
38 40
38 43
38 44
38 45
38 46
38 47
38 48
38 49
38 50
38 51
38 54
38 55
38 57
38 58
38 60
38 61
38 62
38 63
38 66
38 69
38 70
38 72
38 73
39 40
39 41
39 42
39 43
39 44
39 48
39 51
39 52
39 55
39 56
39 57
39 59
39 61
39 62
39 63
39 69
39 74
40 43
40 45
40 47
40 48
40 57
40 66
40 70
40 71
40 72
41 42
41 45
41 48
41 49
41 54
41 59
41 61
41 62
41 64
41 66
41 67
41 69
41 73
42 46
42 47
42 54
42 62
42 65
42 67
42 68
42 71
42 74
43 45
43 46
43 47
43 48
43 49
43 52
43 56
43 57
43 58
43 60
43 61
43 62
43 67
43 72
44 45
44 51
44 52
44 53
44 54
44 58
44 60
44 61
44 62
44 64
44 65
44 67
44 70
44 72
45 47
45 49
45 50
45 51
45 55
45 58
45 59
45 60
45 62
45 72
45 73
46 47
46 51
46 55
46 58
46 63
46 66
46 68
46 72
46 73
47 51
47 52
47 53
47 55
47 59
47 60
47 61
47 69
47 74
47 70
48 50
48 54
48 57
48 58
48 64
48 65
48 69
48 71
49 50
49 52
49 53
49 58
49 61
49 65
49 66
49 67
49 68
49 70
50 51
50 55
50 56
50 59
50 60
50 62
50 64
50 67
50 68
50 73
50 53
51 53
51 56
51 57
51 67
51 68
51 69
51 70
51 71
51 72
51 74
52 57
52 59
52 62
52 64
52 68
52 71
52 72
52 73
52 74
53 54
53 55
53 56
53 57
53 58
53 60
53 61
53 65
53 73
54 55
54 56
54 57
54 58
54 60
54 66
54 68
54 70
54 71
54 72
55 60
55 61
55 68
56 57
56 60
56 63
56 65
56 66
56 69
56 73
57 58
57 62
57 63
57 64
57 65
57 67
57 69
57 70
57 71
58 60
58 67
59 63
59 64
59 65
59 66
59 69
60 65
61 70
61 72
62 63
62 66
62 71
62 69
63 64
63 66
63 67
63 68
63 70
63 71
64 66
64 67
64 72
65 71
65 73
67 70
67 72
68 69
68 74
69 74
70 72
70 74
72 74