107069927
25
75
1269
0 25
0 26
0 27
0 28
0 30
0 31
0 35
0 36
0 39
0 44
0 51
0 55
0 58
0 60
0 61
0 65
0 67
0 72
0 74
0 59
1 25
1 26
1 27
1 28
1 29
1 31
1 32
1 35
1 36
1 38
1 39
1 40
1 41
1 43
1 45
1 46
1 47
1 50
1 54
1 55
1 66
1 67
1 70
1 74
1 72
2 25
2 26
2 27
2 28
2 29
2 31
2 32
2 35
2 37
2 39
2 40
2 41
2 44
2 46
2 47
2 48
2 49
2 50
2 51
2 52
2 53
2 58
2 59
2 61
2 71
3 25
3 26
3 27
3 28
3 29
3 30
3 31
3 32
3 33
3 35
3 36
3 37
3 42
3 47
3 51
3 52
3 53
3 54
3 57
3 58
3 59
3 61
3 64
3 65
3 68
3 46
4 25
4 26
4 27
4 28
4 29
4 30
4 31
4 32
4 33
4 34
4 36
4 37
4 38
4 39
4 40
4 43
4 44
4 45
4 46
4 49
4 50
4 55
4 56
4 58
4 61
4 62
4 65
4 72
4 20
5 25
5 26
5 27
5 28
5 29
5 30
5 31
5 32
5 33
5 34
5 36
5 37
5 38
5 39
5 41
5 42
5 45
5 49
5 51
5 52
5 59
5 60
5 66
5 68
5 69
5 70
5 55
5 43
6 25
6 26
6 27
6 28
6 30
6 31
6 32
6 33
6 34
6 36
6 37
6 38
6 42
6 43
6 45
6 48
6 49
6 50
6 51
6 54
6 56
6 59
6 62
6 63
6 71
6 72
6 73
6 55
6 40
7 25
7 26
7 27
7 29
7 30
7 31
7 33
7 35
7 36
7 40
7 41
7 43
7 44
7 45
7 46
7 47
7 52
7 55
7 56
7 57
7 60
7 63
7 64
7 66
7 68
7 72
7 38
8 25
8 26
8 27
8 28
8 29
8 30
8 31
8 32
8 33
8 34
8 38
8 39
8 40
8 43
8 50
8 56
8 59
8 60
8 61
8 63
8 67
8 71
8 72
8 73
9 25
9 26
9 27
9 28
9 29
9 30
9 32
9 34
9 37
9 40
9 41
9 43
9 51
9 52
9 53
9 56
9 62
9 63
9 66
9 69
10 25
10 26
10 27
10 28
10 29
10 30
10 32
10 33
10 34
10 35
10 36
10 37
10 39
10 40
10 41
10 44
10 47
10 49
10 52
10 55
10 57
10 61
10 66
10 69
11 25
11 27
11 28
11 30
11 32
11 34
11 35
11 36
11 37
11 40
11 45
11 46
11 53
11 61
11 64
11 72
12 25
12 26
12 27
12 28
12 29
12 30
12 31
12 33
12 35
12 36
12 42
12 48
12 58
12 59
13 25
13 26
13 28
13 29
13 30
13 33
13 39
13 43
13 47
13 50
13 53
13 55
13 56
13 66
14 25
14 26
14 27
14 28
14 29
14 30
14 31
14 32
14 35
14 38
14 39
14 42
14 44
14 46
14 47
14 49
14 55
14 56
14 57
14 60
14 68
14 69
15 25
15 26
15 27
15 28
15 29
15 30
15 31
15 32
15 33
15 34
15 35
15 36
15 37
15 38
15 39
15 41
15 42
15 43
15 46
15 48
15 50
15 51
15 53
15 55
15 56
15 57
15 59
15 61
15 62
15 64
15 65
15 70
15 71
15 72
15 73
16 25
16 26
16 27
16 29
16 32
16 37
16 38
16 41
16 42
16 44
16 45
16 46
16 47
16 48
16 51
16 52
16 68
16 74
17 25
17 26
17 28
17 29
17 31
17 32
17 33
17 34
17 37
17 38
17 40
17 42
17 48
17 50
17 51
17 54
17 58
17 64
17 73
18 25
18 26
18 27
18 29
18 30
18 31
18 33
18 34
18 35
18 36
18 38
18 40
18 41
18 42
18 43
18 44
18 45
18 46
18 49
18 50
18 53
18 57
18 58
18 61
18 65
18 68
18 70
18 71
18 73
18 64
18 37
19 25
19 26
19 27
19 28
19 29
19 30
19 31
19 32
19 33
19 34
19 35
19 37
19 38
19 42
19 45
19 46
19 48
19 49
19 53
19 54
19 57
19 60
19 61
19 63
19 67
19 68
19 70
20 25
20 26
20 27
20 28
20 29
20 31
20 32
20 33
20 34
20 35
20 36
20 38
20 39
20 43
20 44
20 45
20 48
20 56
20 60
20 61
20 62
20 63
20 67
20 68
20 72
20 74
20 30
21 25
21 26
21 27
21 28
21 29
21 30
21 31
21 33
21 34
21 36
21 37
21 40
21 42
21 44
21 45
21 48
21 49
21 50
21 60
21 63
21 71
22 25
22 26
22 27
22 28
22 29
22 30
22 31
22 32
22 33
22 34
22 39
22 40
22 48
22 50
22 51
22 52
22 53
22 54
22 55
22 61
22 66
22 67
23 25
23 26
23 27
23 28
23 29
23 30
23 33
23 34
23 35
23 38
23 39
23 42
23 43
23 46
23 47
23 51
23 53
23 54
23 55
23 59
23 60
23 62
23 63
23 73
24 25
24 26
24 27
24 28
24 30
24 31
24 32
24 34
24 35
24 37
24 40
24 41
24 44
24 45
24 50
24 52
24 61
24 62
24 66
24 68
24 70
25 26
25 27
25 28
25 29
25 30
25 31
25 32
25 33
25 34
25 35
25 36
25 37
25 38
25 39
25 41
25 42
25 43
25 46
25 47
25 48
25 49
25 50
25 51
25 53
25 54
25 56
25 59
25 60
25 64
25 65
25 68
25 69
25 70
25 72
25 74
26 27
26 28
26 29
26 30
26 31
26 32
26 33
26 34
26 35
26 36
26 37
26 38
26 39
26 40
26 41
26 42
26 43
26 44
26 46
26 47
26 48
26 52
26 53
26 55
26 56
26 57
26 61
26 62
26 63
26 64
26 65
26 68
26 71
26 73
26 51
27 28
27 29
27 30
27 31
27 32
27 33
27 34
27 35
27 36
27 37
27 38
27 39
27 40
27 41
27 42
27 43
27 45
27 46
27 47
27 48
27 49
27 51
27 56
27 57
27 58
27 59
27 61
27 62
27 64
27 65
27 66
27 68
27 69
27 71
27 72
27 73
27 74
28 29
28 30
28 31
28 32
28 33
28 34
28 35
28 36
28 37
28 38
28 39
28 41
28 42
28 43
28 44
28 48
28 49
28 51
28 52
28 53
28 54
28 55
28 56
28 61
28 62
28 64
28 66
28 67
28 68
28 70
28 72
28 73
28 74
29 30
29 31
29 32
29 33
29 34
29 35
29 36
29 37
29 38
29 39
29 40
29 41
29 42
29 43
29 44
29 45
29 46
29 47
29 49
29 51
29 52
29 54
29 55
29 56
29 57
29 58
29 59
29 60
29 61
29 62
29 63
29 65
29 70
29 71
30 31
30 32
30 33
30 34
30 35
30 36
30 37
30 38
30 39
30 40
30 41
30 42
30 43
30 44
30 45
30 46
30 47
30 48
30 51
30 52
30 53
30 54
30 55
30 57
30 58
30 61
30 62
30 64
30 65
30 66
30 67
30 68
30 69
30 70
31 32
31 33
31 34
31 35
31 36
31 37
31 38
31 39
31 40
31 41
31 44
31 46
31 47
31 53
31 54
31 58
31 59
31 60
31 62
31 63
31 71
31 72
31 74
32 33
32 34
32 35
32 36
32 37
32 38
32 39
32 40
32 41
32 42
32 43
32 45
32 46
32 47
32 50
32 52
32 54
32 55
32 58
32 60
32 62
32 63
32 64
32 69
32 71
32 73
32 74
33 34
33 35
33 36
33 38
33 39
33 40
33 41
33 42
33 44
33 45
33 46
33 47
33 48
33 49
33 50
33 52
33 54
33 57
33 58
33 62
33 63
33 64
33 65
33 66
33 68
33 69
33 74
33 59
34 35
34 36
34 37
34 38
34 39
34 40
34 41
34 43
34 44
34 45
34 46
34 48
34 49
34 51
34 52
34 53
34 54
34 56
34 58
34 59
34 60
34 62
34 64
34 65
34 67
34 69
34 71
34 72
35 36
35 37
35 40
35 41
35 43
35 44
35 45
35 46
35 49
35 50
35 51
35 52
35 54
35 56
35 57
35 58
35 59
35 64
35 65
35 67
35 68
35 69
35 72
35 74
35 38
36 37
36 38
36 39
36 40
36 41
36 42
36 43
36 44
36 46
36 48
36 49
36 50
36 51
36 53
36 54
36 55
36 56
36 59
36 60
36 63
36 65
36 66
36 69
36 71
36 72
36 73
37 38
37 40
37 41
37 42
37 43
37 45
37 46
37 49
37 50
37 51
37 55
37 56
37 61
37 62
37 64
37 65
37 66
37 67
37 69
37 70
37 71
37 73
38 39
38 40
38 42
38 43
38 44
38 45
38 46
38 47
38 48
38 53
38 60
38 61
38 63
38 64
38 65
38 67
38 69
38 70
38 71
38 72
38 73
38 62
39 41
39 42
39 44
39 45
39 47
39 48
39 50
39 51
39 52
39 57
39 60
39 63
39 64
39 65
39 66
39 68
39 70
40 41
40 44
40 45
40 47
40 48
40 49
40 53
40 55
40 56
40 57
40 58
40 60
40 64
40 65
40 66
40 67
40 69
40 72
41 42
41 43
41 44
41 45
41 46
41 47
41 48
41 49
41 51
41 52
41 53
41 54
41 55
41 57
41 59
41 60
41 61
41 62
41 65
41 70
41 72
41 73
42 43
42 47
42 48
42 49
42 50
42 52
42 54
42 55
42 58
42 60
42 64
42 70
43 44
43 45
43 47
43 49
43 50
43 52
43 53
43 54
43 55
43 56
43 58
43 59
43 60
43 61
43 62
43 66
43 70
43 71
43 74
44 47
44 48
44 50
44 51
44 52
44 53
44 54
44 55
44 67
45 47
45 48
45 49
45 54
45 55
45 57
45 58
45 59
45 60
45 62
45 66
45 69
45 73
45 74
46 49
46 50
46 55
46 57
46 62
46 63
46 64
46 68
46 69
46 70
46 74
47 50
47 52
47 54
47 59
47 60
47 61
47 62
47 63
47 65
47 71
47 72
47 74
48 49
48 50
48 51
48 52
48 57
48 58
48 59
48 63
48 67
48 69
48 70
48 73
49 53
49 55
49 57
49 62
49 64
49 67
49 69
49 71
49 73
49 74
50 51
50 52
50 53
50 54
50 56
50 58
50 59
50 63
50 65
50 66
50 68
50 69
50 73
50 74
51 54
51 57
51 58
51 59
51 63
51 64
51 66
51 70
51 71
51 72
52 53
52 56
52 57
52 61
52 63
52 67
52 72
52 74
53 56
53 59
53 61
53 64
53 65
53 66
53 67
53 69
53 70
53 71
53 72
54 56
54 57
54 58
54 59
54 60
54 62
54 67
54 68
54 69
54 70
54 72
54 73
54 64
55 56
55 57
55 58
55 63
55 65
55 67
55 68
55 74
56 57
56 62
56 64
56 71
56 72
57 58
57 66
57 67
57 69
57 74
58 59
58 60
58 67
58 68
58 71
58 74
59 63
59 65
59 66
59 68
59 72
60 66
60 68
60 69
60 71
61 64
61 65
61 67
61 70
61 63
62 63
62 74
63 66
63 73
64 68
64 69
64 73
65 67
65 70
66 67
66 73
66 74
67 70
67 74
68 70
68 73
69 71
69 73
69 74
70 71
72 73
73 74