681747460
2
75
166
0 2
0 14
0 30
0 32
0 42
0 61
0 64
0 74
0 65
1 2
1 3
1 16
1 36
1 53
1 72
1 69
1 23
2 3
2 4
2 5
2 6
2 7
2 9
2 10
2 13
2 14
2 19
2 21
2 22
2 23
2 26
2 27
2 29
2 34
2 38
2 40
2 44
2 46
2 48
2 50
2 52
2 62
2 70
2 71
2 73
2 16
3 4
3 5
3 8
3 11
3 39
3 43
3 56
3 73
4 8
4 11
4 12
4 15
4 18
4 23
4 26
4 37
4 40
4 43
4 51
4 53
5 6
5 31
5 33
5 37
5 45
5 47
5 63
5 67
5 68
6 7
6 17
6 25
6 36
6 49
6 54
6 58
6 65
6 66
7 10
7 15
7 17
7 24
7 42
7 49
7 50
7 61
7 52
8 9
8 18
8 19
8 20
8 45
8 59
8 41
9 12
9 22
9 25
10 13
10 16
10 21
10 24
10 30
11 28
11 57
11 12
12 29
12 39
12 52
12 63
13 27
13 18
13 25
14 20
14 55
14 73
14 26
17 61
18 35
18 47
19 51
19 56
19 60
20 33
20 34
20 48
21 44
21 63
21 24
22 55
22 69
25 31
25 32
25 35
25 38
25 41
25 54
25 60
25 71
25 59
26 44
27 28
28 58
32 57
33 72
36 58
37 64
38 41
38 66
38 70
39 62
39 69
39 70
44 46
45 48
46 68
47 67
51 74
55 59
58 65
64 71