842025451
1
75
120
0 1
0 2
0 3
0 4
0 8
0 9
0 14
0 15
0 16
0 17
0 20
0 23
0 29
0 36
0 43
0 51
0 57
0 58
0 24
0 40
0 61
0 73
1 22
1 47
1 54
1 61
1 72
1 4
2 35
2 30
3 5
3 6
3 11
3 21
3 28
3 30
3 37
3 46
3 8
3 38
3 59
4 7
4 24
4 27
4 31
4 58
4 64
4 13
5 12
5 34
5 65
5 21
5 57
5 60
5 72
6 25
6 16
6 36
7 44
7 60
7 9
8 10
8 13
8 19
8 42
8 73
8 37
8 25
8 32
8 64
9 63
9 24
9 47
10 67
11 45
11 50
11 70
11 42
15 18
15 22
17 74
17 22
18 40
18 49
18 53
18 68
18 44
20 48
22 62
23 26
24 35
24 41
24 68
25 74
25 27
27 59
27 28
27 49
28 39
29 32
29 33
31 34
31 35
35 38
36 58
37 56
37 53
39 45
43 52
43 69
44 50
45 71
47 50
49 62
49 63
51 55
51 69
51 70
55 68
64 66