456280196
3
75
258
0 3
0 4
0 8
0 11
0 13
0 14
0 22
0 26
0 30
0 34
0 39
0 40
0 44
0 49
0 67
0 28
0 38
0 42
1 3
1 4
1 5
1 6
1 8
1 11
1 14
1 18
1 20
1 26
1 34
1 36
1 43
1 55
1 60
1 63
1 68
1 7
1 40
2 3
3 4
3 5
3 6
3 7
3 10
3 12
3 14
3 15
3 17
3 18
3 19
3 20
3 27
3 35
3 43
3 45
3 46
3 54
3 55
3 58
3 63
3 70
3 16
3 51
4 5
4 6
4 9
4 16
4 21
4 22
4 24
4 28
4 36
4 37
4 47
4 48
4 57
4 69
4 71
4 72
4 45
5 7
5 9
5 10
5 13
5 24
5 25
5 31
5 32
5 33
5 38
5 27
6 7
6 18
6 19
6 20
6 21
6 29
6 35
6 46
6 57
6 73
6 74
6 14
6 31
7 8
7 10
7 11
7 12
7 16
7 17
7 22
7 23
7 29
7 31
7 44
7 66
7 20
7 28
7 35
8 9
8 15
8 16
8 26
8 46
8 67
8 68
8 73
9 11
10 12
10 13
10 15
10 23
10 25
10 28
10 45
10 65
10 74
10 37
10 61
11 21
11 24
11 38
11 54
11 59
11 62
11 30
11 69
13 47
13 56
13 57
13 17
14 17
14 19
14 23
14 25
14 32
14 37
14 55
14 61
14 66
14 67
14 69
14 43
15 37
15 56
15 60
15 70
16 27
16 28
16 30
16 33
16 39
16 43
16 58
16 66
16 68
16 73
16 24
16 59
16 71
17 53
17 41
17 54
17 70
18 30
18 38
18 72
19 27
19 36
19 41
19 63
19 34
21 34
21 42
21 74
21 55
21 23
22 52
24 29
24 31
24 33
24 40
24 41
24 49
25 51
25 69
26 41
26 60
26 64
27 32
27 35
27 42
27 51
27 60
28 40
28 73
29 42
29 48
29 32
30 43
31 39
31 68
32 40
32 36
33 48
33 67
34 44
34 45
34 59
34 41
34 47
37 54
37 58
38 47
38 49
38 52
38 55
39 71
40 59
41 62
42 53
42 65
43 62
43 72
44 64
44 72
45 50
45 51
46 50
46 61
46 70
48 64
49 50
51 52
51 61
52 53
54 56
54 65
65 71