843459260
2
75
212
0 2
0 7
0 19
0 34
0 37
0 5
1 2
1 3
1 5
1 6
1 9
1 11
1 14
1 15
1 18
1 24
1 30
1 32
1 33
1 39
1 41
1 43
1 47
1 52
1 56
1 58
1 63
1 23
1 16
1 27
1 36
2 3
2 4
2 5
2 7
2 8
2 9
2 10
2 12
2 13
2 17
2 18
2 19
2 30
2 31
2 36
2 47
2 48
2 52
2 53
2 57
2 58
2 73
2 2
2 6
2 38
2 59
2 61
2 67
3 4
3 16
3 24
3 26
3 31
3 38
3 42
3 43
3 67
3 69
3 72
3 74
3 44
3 5
3 71
4 6
4 44
4 15
4 18
5 17
5 27
5 32
5 35
5 73
5 25
6 10
6 20
6 21
6 42
6 45
6 55
6 59
6 17
7 8
7 11
7 62
8 48
8 66
8 51
9 12
9 14
9 23
9 54
9 72
9 36
9 31
9 40
10 16
10 26
10 44
11 15
11 44
11 24
12 13
12 40
12 51
12 23
12 48
13 53
14 20
14 27
14 39
14 54
14 57
15 25
15 35
15 40
15 41
15 49
15 60
15 68
15 69
15 74
15 44
16 21
16 22
16 23
16 29
16 71
16 30
17 25
17 28
17 33
17 38
17 62
17 60
18 64
18 65
18 71
19 22
19 44
19 43
19 63
20 28
20 29
20 67
20 66
20 21
20 68
21 50
21 65
22 36
23 66
23 50
23 58
25 73
26 46
26 50
26 34
27 34
27 29
27 33
27 37
27 52
28 52
28 54
29 66
30 37
30 49
30 39
30 70
32 36
32 45
33 70
35 46
35 60
35 61
35 37
35 44
37 51
38 50
44 64
44 46
44 47
45 55
46 61
46 72
49 66
50 53
50 57
51 68
51 66
51 74
54 55
54 56
54 63
55 62
57 59
57 65
58 69
59 70
61 64
65 72