78532188
5
75
350
0 5
0 7
0 8
0 9
0 10
0 14
0 16
0 22
0 27
0 29
0 30
0 34
0 37
0 38
0 47
0 65
0 68
1 5
1 6
1 7
1 21
2 5
2 6
2 7
2 9
2 10
2 12
2 13
2 16
2 19
2 22
2 24
2 25
2 37
2 45
2 48
2 50
2 60
2 61
2 66
3 5
3 6
3 8
3 9
3 10
3 12
3 14
3 17
3 32
3 38
3 59
3 62
3 67
3 70
4 5
4 6
4 11
4 14
4 21
4 26
4 28
4 29
4 52
4 71
5 6
5 7
5 8
5 9
5 10
5 11
5 12
5 13
5 14
5 16
5 17
5 18
5 21
5 23
5 30
5 32
5 35
5 36
5 46
5 49
5 50
5 51
5 54
5 55
5 56
5 64
5 65
6 7
6 8
6 9
6 11
6 13
6 15
6 17
6 18
6 20
6 24
6 25
6 28
6 29
6 31
6 33
6 39
6 48
6 51
6 55
6 56
6 58
6 73
6 74
7 8
7 13
7 15
7 17
7 18
7 22
7 23
7 26
7 33
7 44
7 45
7 46
7 50
7 55
7 63
8 10
8 11
8 12
8 15
8 19
8 21
8 23
8 28
8 29
8 30
8 42
8 47
8 48
8 59
8 71
8 74
9 11
9 14
9 19
9 22
9 26
9 34
9 36
9 48
9 64
9 65
9 71
10 12
10 13
10 15
10 17
10 18
10 19
10 20
10 31
10 33
10 37
10 42
10 46
10 54
10 63
10 67
10 72
10 73
11 16
11 18
11 32
11 33
11 35
11 43
11 60
11 67
11 69
12 16
12 20
12 22
12 28
12 31
12 39
12 46
12 47
12 57
12 72
13 19
13 27
13 28
13 34
13 38
13 49
13 56
13 57
14 15
14 20
14 24
14 25
14 26
14 27
14 41
14 42
14 44
14 52
14 57
14 59
14 66
15 24
15 27
15 60
16 34
16 73
17 23
17 25
17 38
17 44
17 57
17 68
17 72
18 20
18 26
18 35
18 41
18 42
18 44
18 46
18 58
19 41
19 63
20 21
20 23
20 24
20 27
20 30
20 31
20 43
20 45
20 49
20 53
20 68
20 69
20 70
20 71
21 25
21 44
21 45
21 61
22 29
22 30
22 32
22 35
22 36
22 48
22 49
22 51
22 62
22 70
23 36
23 37
23 38
23 53
23 68
24 31
24 43
24 50
24 53
24 59
24 64
25 37
25 40
25 43
25 51
25 61
26 40
26 41
26 53
26 59
26 64
26 66
26 69
26 70
27 39
27 50
27 52
27 54
27 55
28 39
28 42
29 40
29 74
30 32
30 34
30 40
30 45
30 47
30 52
30 55
30 72
31 35
31 47
32 33
32 36
32 39
32 54
32 60
34 70
34 73
35 41
35 53
35 64
37 65
37 69
38 40
38 57
38 62
40 58
41 43
41 49
41 52
41 61
41 67
43 54
44 68
45 60
46 51
46 56
47 69
47 73
49 61
49 63
50 63
50 74
51 58
52 58
53 56
53 62
53 67
55 65
56 66
57 66
58 71
59 62
63 74
69 72