977957635
5
75
396
0 5
0 6
0 7
0 9
0 10
0 15
0 16
0 21
0 26
0 28
0 29
0 30
0 41
0 42
0 55
0 59
0 68
0 53
0 13
0 20
0 33
1 5
1 18
1 37
1 58
1 66
1 33
2 5
2 6
2 7
2 10
2 14
2 20
2 23
2 68
3 5
3 6
3 8
3 9
3 12
3 13
3 20
3 37
3 38
3 46
3 60
3 69
3 7
3 49
4 5
4 6
4 7
4 8
4 10
4 16
4 18
4 20
4 52
4 54
4 73
4 15
4 61
5 6
5 7
5 8
5 9
5 10
5 11
5 12
5 14
5 16
5 17
5 20
5 21
5 22
5 23
5 27
5 29
5 30
5 32
5 38
5 39
5 43
5 45
5 47
5 48
5 60
5 63
5 65
5 72
5 15
6 7
6 8
6 9
6 11
6 12
6 13
6 14
6 15
6 17
6 35
6 39
6 44
6 48
6 49
6 51
6 68
6 70
6 72
7 8
7 9
7 11
7 12
7 13
7 14
7 15
7 16
7 17
7 18
7 19
7 20
7 24
7 25
7 26
7 27
7 28
7 29
7 31
7 32
7 33
7 34
7 35
7 37
7 39
7 40
7 41
7 43
7 44
7 45
7 47
7 51
7 53
7 56
7 60
7 66
7 70
7 71
7 73
7 46
8 10
8 11
8 13
8 19
8 25
8 35
8 47
8 53
8 58
8 62
8 66
8 57
8 30
9 12
9 53
9 56
9 59
9 74
9 58
9 32
10 11
10 23
10 24
10 32
10 43
10 44
10 49
10 52
10 61
10 62
10 45
11 16
11 18
11 21
11 22
11 24
11 30
11 48
11 54
11 55
11 14
12 13
12 17
12 21
12 23
12 25
12 28
12 31
12 33
12 34
12 35
12 37
12 41
12 42
12 47
12 48
12 49
12 52
12 56
12 57
12 29
12 67
13 14
13 15
13 17
13 19
13 27
13 31
13 39
13 42
13 45
13 49
13 50
13 53
13 61
13 71
14 15
14 19
14 21
14 22
14 29
14 36
14 38
14 67
14 72
14 74
14 48
15 18
15 22
15 23
15 24
15 27
15 31
15 32
15 33
15 34
15 36
15 39
15 43
15 55
15 58
15 60
15 67
15 54
16 25
16 30
16 40
16 52
16 54
16 61
16 65
16 74
16 29
17 26
17 29
17 36
17 64
18 19
18 22
18 26
18 34
18 40
18 46
18 68
18 72
18 73
18 50
19 24
19 34
19 41
19 61
20 25
20 26
20 43
20 68
20 56
21 36
21 57
21 62
21 60
21 40
22 31
22 40
22 63
22 44
23 36
23 37
23 41
23 42
23 51
23 54
23 63
23 58
24 27
24 33
24 65
25 28
25 71
26 30
26 62
26 67
26 71
26 35
26 65
27 28
27 50
27 52
27 40
27 53
27 69
27 70
28 57
28 61
29 50
29 65
29 46
30 44
30 45
30 73
31 32
31 33
31 55
31 63
32 35
32 44
32 46
32 60
33 38
33 46
33 56
33 57
33 64
34 55
34 64
34 74
34 43
35 67
35 66
36 56
36 58
36 43
37 38
37 40
37 42
37 48
37 50
37 54
38 73
38 74
39 59
40 47
40 68
40 74
42 45
42 53
42 59
43 51
43 69
44 46
44 71
45 59
46 49
46 51
46 64
47 65
47 70
48 50
48 58
48 70
48 71
49 57
49 64
51 61
52 72
52 63
55 55
56 63
56 67
57 62
58 69
59 70
60 64
61 66
61 69
65 66
68 69
71 73