640955622
6
75
442
0 6
0 7
0 12
0 16
0 17
0 18
0 20
0 27
0 41
0 44
0 47
0 59
0 68
0 54
1 6
1 7
1 8
1 9
1 10
1 11
1 12
1 13
1 14
1 15
1 18
1 26
1 29
1 36
1 38
1 57
1 60
1 72
1 74
1 61
2 6
2 8
2 9
2 10
2 11
2 14
2 15
2 16
2 17
2 19
2 22
2 26
2 28
2 30
2 32
2 48
2 58
2 62
2 67
2 42
3 6
3 7
3 8
3 10
3 38
3 57
3 71
3 23
4 6
4 7
4 8
4 20
4 23
4 26
4 27
4 31
4 40
4 48
4 51
4 59
4 66
4 10
4 16
5 6
5 7
5 9
5 11
5 14
5 22
5 23
5 40
5 41
5 51
5 68
5 72
5 73
5 48
6 7
6 8
6 9
6 10
6 11
6 13
6 15
6 16
6 17
6 19
6 23
6 24
6 25
6 28
6 30
6 33
6 36
6 37
6 38
6 40
6 44
6 45
6 47
6 48
6 49
6 51
6 52
6 56
6 62
6 63
7 8
7 9
7 10
7 11
7 12
7 15
7 20
7 24
7 25
7 28
7 31
7 32
7 37
7 41
7 43
7 46
7 48
7 53
7 55
7 58
7 62
7 67
7 71
7 65
8 9
8 10
8 12
8 13
8 14
8 18
8 20
8 22
8 29
8 30
8 32
8 34
8 36
8 39
8 40
8 51
8 54
8 59
8 68
8 70
8 72
8 73
8 62
9 11
9 15
9 17
9 20
9 31
9 41
9 45
9 52
9 59
9 65
9 66
9 74
10 12
10 13
10 16
10 17
10 19
10 21
10 27
10 29
10 33
10 34
10 35
10 42
10 46
10 53
10 63
10 56
11 12
11 13
11 17
11 25
11 30
11 34
11 47
11 59
11 65
11 69
11 72
12 13
12 14
12 16
12 18
12 21
12 22
12 25
12 37
12 38
12 42
12 46
12 47
12 50
12 62
13 14
13 18
13 19
13 22
13 23
13 33
13 36
13 38
13 49
13 56
13 63
13 69
13 37
13 29
14 15
14 16
14 18
14 21
14 23
14 27
14 32
14 33
14 34
14 35
14 37
14 39
14 48
14 49
14 54
14 64
14 67
14 69
14 73
15 24
15 56
15 64
15 69
16 37
16 42
16 50
17 19
17 20
17 26
17 29
17 45
17 52
17 53
17 66
17 72
17 41
18 19
18 21
18 29
18 33
18 35
18 39
18 42
18 43
18 59
18 71
18 74
19 21
19 44
19 49
19 53
19 60
20 21
20 22
20 23
20 25
20 27
20 31
20 32
20 42
20 52
20 55
20 65
20 70
20 74
20 62
21 24
21 26
21 28
21 30
21 35
21 39
21 43
21 46
21 49
21 66
22 24
22 25
22 26
22 28
22 61
23 24
23 29
23 34
23 36
23 37
23 43
23 44
24 27
24 28
24 31
24 38
24 40
24 44
24 47
24 50
24 54
24 56
24 57
24 60
25 30
25 32
25 61
26 35
26 39
26 42
26 43
26 45
26 54
26 55
26 66
26 72
27 34
27 54
27 61
27 68
27 41
28 31
28 35
28 36
28 53
28 73
29 40
29 52
29 57
29 74
30 46
30 56
30 53
31 51
31 52
31 34
32 33
32 44
32 54
32 58
32 63
32 71
33 58
34 41
35 48
35 49
35 55
35 58
35 64
35 63
36 61
36 63
37 39
37 41
37 46
37 55
37 60
37 67
37 47
38 50
38 73
39 45
39 47
40 53
42 43
42 45
42 50
42 51
42 49
42 64
43 60
43 70
43 71
44 57
44 61
45 58
45 61
46 55
46 74
47 57
47 65
48 65
48 67
49 50
49 69
50 60
50 70
50 73
50 63
52 56
52 62
55 61
55 68
55 72
55 71
56 70
56 67
58 62
58 64
58 67
58 74
59 64
60 66
60 71
61 63
62 64
62 65
64 68
67 69
68 70
73 74