593840897
7
75
534
0 7
0 8
0 9
0 10
0 17
0 25
0 39
0 42
0 49
0 51
0 52
0 55
0 57
0 64
0 66
0 67
0 70
0 71
0 24
0 16
1 7
1 8
1 38
1 59
1 65
1 21
2 7
2 8
2 14
2 15
2 16
2 24
2 25
2 40
2 48
2 54
2 62
2 52
2 67
3 7
3 8
3 9
3 35
3 37
3 52
3 17
4 7
4 8
4 9
4 10
4 11
4 12
4 13
4 14
4 15
4 18
4 24
4 25
4 26
4 27
4 28
4 29
4 30
4 33
4 39
4 43
4 46
4 49
4 52
4 56
4 57
4 58
4 59
4 61
4 73
4 72
5 7
5 9
5 10
5 11
5 12
5 13
5 20
5 23
5 39
5 47
5 50
5 53
5 62
5 66
5 16
6 7
6 8
6 9
6 10
6 11
6 12
6 13
6 17
6 18
6 19
6 23
6 28
6 31
6 32
6 35
6 36
6 40
6 43
6 51
6 52
6 57
6 58
6 60
6 64
6 65
6 70
7 8
7 9
7 10
7 11
7 12
7 13
7 14
7 15
7 16
7 18
7 24
7 26
7 27
7 28
7 33
7 34
7 35
7 42
7 53
7 56
7 70
7 72
7 73
7 68
7 25
7 50
8 9
8 10
8 11
8 12
8 13
8 14
8 15
8 16
8 18
8 19
8 20
8 22
8 28
8 30
8 34
8 37
8 38
8 39
8 41
8 42
8 43
8 44
8 45
8 48
8 50
8 56
8 58
8 61
8 62
8 67
8 69
8 72
8 63
8 36
8 51
9 10
9 11
9 13
9 15
9 19
9 20
9 21
9 22
9 26
9 27
9 32
9 36
9 38
9 39
9 40
9 42
9 45
9 51
9 53
9 54
9 58
9 60
9 61
9 62
9 63
9 70
9 31
9 68
10 11
10 12
10 13
10 14
10 15
10 16
10 18
10 19
10 20
10 21
10 22
10 23
10 27
10 31
10 33
10 35
10 41
10 44
10 54
10 67
10 74
10 56
11 12
11 14
11 17
11 18
11 19
11 21
11 22
11 24
11 26
11 30
11 36
11 37
11 38
11 45
11 48
11 50
11 60
11 65
11 68
11 71
11 72
11 39
11 59
12 16
12 20
12 21
12 26
12 27
12 30
12 32
12 33
12 34
12 42
12 54
12 60
12 62
12 64
12 69
12 47
12 14
12 38
13 14
13 17
13 19
13 23
13 29
13 31
13 35
13 40
13 47
13 71
13 28
14 15
14 16
14 17
14 19
14 29
14 36
14 46
14 49
14 56
14 61
14 62
15 16
15 17
15 20
15 23
15 27
15 28
15 29
15 39
15 44
15 46
15 47
15 64
15 73
15 74
15 63
15 24
16 17
16 18
16 21
16 22
16 23
16 24
16 25
16 30
16 31
16 32
16 33
16 34
16 38
16 40
16 41
16 42
16 47
16 52
16 59
16 63
16 65
16 67
16 69
16 74
17 22
17 30
17 31
17 32
17 36
17 37
17 50
17 51
17 57
17 66
17 68
17 55
17 64
18 21
18 24
18 25
18 27
18 44
18 48
18 50
18 51
18 58
18 64
18 65
18 74
18 42
19 20
19 29
19 45
19 68
19 47
20 21
20 25
20 35
20 36
20 43
20 49
20 55
20 64
20 69
20 26
20 74
21 22
21 23
21 24
21 34
21 43
21 45
22 46
22 48
22 54
22 73
22 72
22 27
23 30
23 33
23 34
23 45
23 56
23 63
23 66
23 71
23 42
24 25
24 26
24 28
24 29
24 38
24 40
24 47
24 52
24 56
24 60
24 74
25 26
25 29
25 43
25 47
25 49
25 53
25 59
26 35
26 36
26 42
26 46
26 57
26 60
26 63
26 67
26 71
26 74
26 48
26 45
27 28
27 31
27 41
27 68
28 41
28 46
28 47
28 51
29 31
29 32
29 33
29 41
29 44
29 66
29 67
29 72
29 34
30 34
30 38
30 50
30 54
30 55
30 68
30 74
30 40
30 69
31 32
31 43
31 44
31 45
31 59
31 70
31 55
32 39
32 61
32 38
33 37
33 61
33 66
33 65
33 46
33 72
34 37
34 40
34 69
34 63
35 53
35 63
36 37
36 46
36 56
36 59
36 72
36 74
36 53
37 44
37 55
37 57
37 62
38 48
38 73
39 41
39 48
39 49
39 55
39 64
40 65
40 68
40 73
42 49
42 61
43 73
43 59
44 53
44 54
44 55
44 65
44 66
46 50
46 51
46 58
46 59
46 57
46 60
47 52
48 60
48 71
49 53
49 57
50 70
51 61
52 55
52 58
54 73
55 60
55 72
56 62
57 69
58 63
58 66
59 63
60 69
60 70
60 71
63 64
63 67
63 72
64 71
65 68
69 70