10565002
9
75
626
0 9
0 10
0 21
0 22
0 25
0 35
0 41
0 52
0 66
0 11
1 9
1 10
1 11
1 12
1 13
1 16
1 17
1 18
1 19
1 33
1 35
1 38
1 42
1 49
1 51
1 68
1 70
1 73
1 43
1 21
1 48
2 9
2 10
2 11
2 12
2 13
2 14
2 18
2 20
2 22
2 34
2 35
2 38
2 47
2 50
2 63
3 9
3 10
3 11
3 12
3 13
3 14
3 15
3 16
3 17
3 21
3 25
3 26
3 27
3 29
3 40
3 41
3 44
3 47
3 63
3 66
3 73
3 74
4 9
4 10
4 11
4 19
4 28
4 33
4 51
5 9
5 10
5 11
5 12
5 13
5 14
5 15
5 17
5 20
5 23
5 24
5 45
5 51
5 57
5 63
5 68
5 31
6 9
6 10
6 12
6 13
6 14
6 16
6 20
6 23
6 28
6 42
6 50
6 54
6 55
6 58
6 63
7 9
7 11
7 12
7 13
7 15
7 16
7 23
7 27
7 28
7 30
7 33
7 39
7 41
7 49
7 54
7 60
7 61
7 69
7 72
8 9
8 10
8 11
8 14
8 16
8 42
8 43
8 45
8 54
8 63
8 64
8 67
8 21
9 10
9 11
9 12
9 13
9 14
9 15
9 16
9 17
9 18
9 19
9 20
9 21
9 22
9 25
9 27
9 28
9 29
9 33
9 36
9 37
9 38
9 44
9 45
9 46
9 48
9 50
9 52
9 57
9 59
9 61
9 65
9 69
9 70
9 72
9 73
9 54
10 11
10 12
10 13
10 14
10 15
10 16
10 18
10 20
10 21
10 23
10 24
10 26
10 29
10 31
10 33
10 37
10 40
10 42
10 45
10 47
10 55
10 57
10 58
10 60
10 63
10 65
10 67
10 69
10 70
10 38
11 12
11 13
11 14
11 15
11 16
11 17
11 18
11 19
11 21
11 23
11 25
11 26
11 29
11 30
11 31
11 32
11 38
11 44
11 46
11 47
11 48
11 56
11 57
11 60
11 61
11 62
11 70
11 72
11 73
11 33
12 14
12 15
12 17
12 19
12 23
12 25
12 27
12 28
12 30
12 33
12 34
12 36
12 40
12 46
12 49
12 55
12 66
12 67
12 68
12 71
13 15
13 17
13 18
13 19
13 20
13 24
13 25
13 27
13 30
13 31
13 32
13 34
13 37
13 39
13 49
13 51
13 54
13 56
13 61
13 67
13 68
13 72
13 55
14 15
14 16
14 17
14 18
14 19
14 21
14 22
14 24
14 26
14 27
14 34
14 35
14 40
14 41
14 44
14 46
14 48
14 51
14 53
14 64
14 67
14 71
14 74
14 70
14 69
15 17
15 18
15 20
15 21
15 22
15 24
15 26
15 30
15 32
15 34
15 38
15 41
15 48
15 56
15 59
15 62
15 67
15 71
15 42
15 39
15 70
16 18
16 19
16 20
16 22
16 25
16 27
16 28
16 29
16 33
16 34
16 36
16 38
16 42
16 45
16 46
16 51
16 52
16 59
16 60
16 61
16 62
16 65
16 69
16 72
16 16
17 20
17 21
17 24
17 29
17 35
17 39
17 42
17 43
17 46
17 47
17 48
17 50
17 55
17 61
17 67
17 74
18 19
18 22
18 23
18 24
18 26
18 30
18 32
18 37
18 47
18 50
18 53
18 55
18 58
18 74
18 73
19 21
19 25
19 26
19 30
19 43
19 57
19 59
19 66
19 67
19 74
19 37
20 22
20 23
20 28
20 32
20 34
20 35
20 36
20 37
20 38
20 39
20 40
20 41
20 43
20 49
20 57
20 60
20 61
20 63
21 22
21 24
21 25
21 26
21 27
21 29
21 31
21 41
21 45
21 47
21 49
21 50
21 51
21 59
21 68
21 70
22 23
22 26
22 29
22 31
22 32
22 39
22 48
22 52
22 57
22 59
22 63
22 68
22 72
22 51
23 24
23 31
23 41
23 43
23 51
23 56
24 35
24 36
24 42
24 44
24 56
24 63
24 69
24 65
25 27
25 30
25 32
25 42
25 60
25 62
25 70
25 71
25 37
25 67
26 28
26 30
26 31
26 33
26 34
26 39
26 40
26 43
26 46
26 48
26 50
26 51
26 58
26 60
26 62
26 42
27 28
27 31
27 32
27 34
27 35
27 38
27 44
27 45
27 53
27 58
27 63
28 29
28 31
28 32
28 37
28 39
28 40
28 41
28 46
28 53
28 55
28 66
28 69
28 71
29 33
29 36
29 38
29 73
30 39
30 46
30 54
30 64
30 68
30 73
31 35
31 36
31 43
31 53
31 56
31 74
32 37
32 50
32 61
32 71
32 56
33 36
33 37
33 40
33 44
33 53
33 56
33 60
33 64
33 45
34 37
34 39
34 40
34 44
34 56
34 69
34 74
35 36
35 44
35 52
35 57
35 62
35 65
35 74
35 47
36 47
36 50
36 54
36 56
36 59
36 72
36 55
37 43
37 48
37 58
37 61
37 73
38 60
38 71
39 42
39 43
39 45
39 55
40 47
40 49
40 52
40 54
40 66
40 69
41 45
41 66
41 72
42 55
42 64
42 65
43 62
43 64
44 52
44 53
44 55
44 63
44 70
45 52
45 54
45 58
45 64
45 66
46 48
46 49
46 53
46 56
46 58
46 59
46 64
47 49
47 52
47 58
47 59
47 65
47 70
47 72
48 68
50 51
50 53
51 65
52 62
52 73
53 54
53 73
54 57
54 62
54 65
54 71
55 68
55 74
59 65
59 66
62 64
62 67
62 70
63 69
68 71
73 74