799293358
10
75
672
0 10
0 11
0 12
0 13
0 14
0 15
0 16
0 18
0 21
0 24
0 28
0 29
0 30
0 31
0 43
0 46
0 61
0 65
0 67
0 69
0 74
0 17
1 10
1 11
1 12
1 13
1 14
1 15
1 22
1 23
1 24
1 25
1 31
1 34
1 38
1 40
1 48
1 51
1 52
1 55
1 57
1 61
1 63
1 66
1 68
1 69
1 73
1 74
1 39
2 10
2 11
2 12
2 13
2 14
2 16
2 17
2 19
2 22
2 23
2 24
2 25
2 26
2 27
2 29
2 31
2 34
2 40
2 42
2 43
2 49
2 52
2 54
2 57
2 58
2 65
2 66
2 67
2 71
3 10
3 11
3 12
3 13
3 14
3 16
3 23
3 25
3 41
3 43
3 60
3 61
3 67
3 71
3 21
4 10
4 11
4 14
4 17
4 18
4 19
4 26
4 29
4 32
4 34
4 37
4 38
4 39
4 40
4 52
4 53
4 56
4 61
4 65
4 66
4 68
4 72
4 57
5 10
5 11
5 15
5 25
5 26
5 30
5 32
5 36
5 53
5 62
5 68
6 10
6 11
6 12
6 13
6 23
6 26
6 34
6 52
6 65
7 10
7 12
7 13
7 14
7 17
7 18
7 30
7 35
7 41
7 60
7 63
7 67
7 50
7 37
8 10
8 11
8 12
8 15
8 16
8 17
8 28
8 30
8 31
8 34
8 35
8 36
8 57
8 64
9 10
9 11
9 12
9 13
9 15
9 16
9 17
9 18
9 19
9 22
9 36
9 41
10 11
10 12
10 13
10 14
10 15
10 16
10 17
10 18
10 19
10 20
10 21
10 22
10 23
10 24
10 25
10 27
10 28
10 29
10 32
10 33
10 34
10 36
10 37
10 38
10 39
10 42
10 43
10 44
10 45
10 49
10 50
10 56
10 66
10 70
11 12
11 13
11 14
11 15
11 16
11 17
11 18
11 19
11 20
11 21
11 22
11 24
11 25
11 27
11 30
11 31
11 39
11 40
11 41
11 44
11 45
11 47
11 51
11 52
11 53
11 55
11 56
11 57
11 58
11 61
11 62
11 63
11 65
11 66
11 70
11 73
12 13
12 14
12 15
12 16
12 18
12 19
12 20
12 21
12 22
12 25
12 26
12 27
12 28
12 29
12 30
12 34
12 36
12 37
12 39
12 42
12 43
12 45
12 60
12 63
12 64
12 70
12 73
12 61
12 68
13 14
13 15
13 16
13 17
13 19
13 20
13 21
13 22
13 27
13 28
13 30
13 32
13 33
13 36
13 37
13 38
13 40
13 42
13 45
13 46
13 48
13 51
13 53
13 55
13 56
13 61
13 66
13 68
13 70
13 72
13 73
13 74
14 15
14 16
14 18
14 20
14 23
14 24
14 32
14 33
14 34
14 39
14 42
14 43
14 45
14 54
14 55
14 59
14 62
14 25
15 17
15 20
15 21
15 22
15 23
15 28
15 29
15 33
15 34
15 35
15 41
15 42
15 45
16 17
16 18
16 19
16 20
16 25
16 27
16 29
16 33
16 35
16 38
16 40
16 41
16 46
16 51
16 57
16 60
16 67
16 74
16 62
17 18
17 19
17 20
17 21
17 24
17 26
17 27
17 28
17 29
17 31
17 38
17 41
17 42
17 46
17 47
17 57
17 62
17 69
17 70
18 19
18 20
18 21
18 22
18 26
18 27
18 30
18 31
18 51
18 54
18 55
18 62
18 67
18 69
18 70
18 72
19 20
19 21
19 22
19 23
19 24
19 27
19 32
19 33
19 39
19 40
19 45
19 46
19 48
19 50
19 53
19 59
19 61
19 63
19 64
19 66
19 72
20 21
20 23
20 24
20 26
20 29
20 30
20 35
20 36
20 37
20 41
20 42
20 44
20 46
20 48
20 50
20 54
20 56
20 58
20 67
20 68
20 69
20 70
21 23
21 25
21 26
21 29
21 32
21 33
21 38
21 40
21 50
21 52
21 55
21 56
21 57
21 61
21 62
22 30
22 35
22 41
22 43
22 46
22 47
22 52
22 54
22 55
22 73
23 24
23 25
23 28
23 31
23 32
23 33
23 36
23 49
23 55
23 59
23 61
23 74
23 35
24 26
24 35
24 42
24 44
24 47
24 50
24 58
24 64
24 68
24 71
24 72
24 53
25 28
25 31
25 35
25 37
25 46
25 53
25 59
25 60
25 70
25 71
25 73
26 27
26 28
26 37
26 43
26 47
26 48
26 49
26 51
26 54
26 56
26 58
26 59
26 60
26 65
26 68
26 71
26 72
26 73
27 32
27 35
27 37
27 38
27 40
27 43
27 44
27 47
27 48
27 49
27 58
27 59
28 34
28 39
28 42
28 51
28 55
28 60
28 62
28 64
28 69
28 74
29 31
29 32
29 46
29 47
29 49
29 50
29 53
29 54
29 69
29 33
29 45
29 58
30 33
30 44
30 56
30 65
31 33
31 38
31 45
31 58
31 63
31 65
32 36
32 37
32 39
32 50
32 52
32 53
32 42
33 58
33 59
33 63
33 67
33 68
33 69
34 35
34 37
34 44
34 48
34 49
34 50
34 57
34 58
34 62
34 63
34 69
34 65
35 36
35 39
35 40
35 51
35 52
35 53
35 62
35 71
36 41
36 64
37 38
37 43
37 44
37 45
37 46
37 48
37 49
37 50
37 54
37 59
37 60
37 61
37 62
37 63
37 65
37 68
37 70
37 55
38 39
38 51
38 66
38 71
38 72
38 74
40 44
40 47
41 48
41 56
41 60
41 65
42 47
42 49
43 44
43 48
43 59
43 67
43 71
44 45
44 47
45 49
45 56
45 71
45 74
46 53
46 54
46 55
46 73
47 72
48 51
48 52
48 57
49 50
49 74
50 70
51 54
51 57
51 60
51 66
51 71
52 58
52 63
52 64
52 69
57 73
58 59
58 64
58 73
59 66
59 74
61 64
61 71
61 72
63 64
63 67
64 68
64 73
67 70
70 72
72 74