24145472
12
75
763
0 12
0 13
0 14
0 15
0 16
0 18
0 19
0 20
0 22
0 24
0 25
0 26
0 30
0 31
0 32
0 37
0 40
0 45
0 47
0 65
0 66
0 67
1 12
1 13
1 14
1 15
1 16
1 17
1 19
1 20
1 25
1 27
1 29
1 31
1 35
1 38
1 41
1 45
1 51
1 54
1 56
1 57
1 67
1 72
1 42
2 12
2 13
2 14
2 15
2 18
2 21
2 24
2 26
2 34
2 44
2 45
2 56
2 59
2 71
2 73
3 12
3 13
3 14
3 16
3 17
3 18
3 19
3 21
3 22
3 25
3 26
3 29
3 34
3 38
3 41
3 47
3 49
3 51
3 55
3 66
4 12
4 13
4 14
4 15
4 16
4 17
4 20
4 22
4 23
4 26
4 30
4 32
4 38
4 39
4 40
4 44
4 48
4 53
4 54
4 56
4 65
4 72
4 74
4 8
5 12
5 13
5 14
5 16
5 17
5 18
5 19
5 20
5 23
5 25
5 29
5 33
5 34
5 35
5 36
5 40
5 42
5 43
5 45
5 47
5 49
5 52
5 60
5 61
5 62
5 64
5 68
5 74
6 12
6 13
6 14
6 15
6 16
6 18
6 20
6 22
6 23
6 27
6 31
6 32
6 34
6 38
6 41
6 49
6 53
6 60
6 74
7 12
7 13
7 15
7 18
7 24
7 26
7 28
7 31
7 35
7 38
7 44
7 50
7 72
8 12
8 13
8 14
8 15
8 16
8 17
8 18
8 19
8 20
8 24
8 25
8 28
8 33
8 37
8 39
8 47
8 52
8 62
8 69
9 12
9 44
10 12
10 13
10 14
10 15
10 17
10 20
10 21
10 22
10 23
10 26
10 27
10 32
10 39
10 41
10 44
10 46
10 47
10 48
10 51
10 54
10 58
10 59
10 60
11 12
11 13
11 14
11 15
11 16
11 17
11 18
11 22
11 24
11 25
11 29
11 30
11 32
11 41
11 42
11 43
11 45
11 46
11 47
11 48
11 50
11 56
11 57
11 62
11 66
11 67
11 69
11 70
11 71
12 13
12 14
12 15
12 16
12 17
12 18
12 19
12 20
12 21
12 23
12 24
12 25
12 27
12 29
12 30
12 34
12 36
12 38
12 39
12 41
12 42
12 46
12 48
12 50
12 53
12 54
12 56
12 57
12 63
12 67
12 68
12 69
12 72
13 14
13 15
13 16
13 17
13 18
13 19
13 20
13 21
13 22
13 23
13 24
13 25
13 27
13 30
13 31
13 32
13 33
13 36
13 40
13 41
13 42
13 45
13 46
13 50
13 51
13 54
13 57
13 62
13 64
13 70
13 71
13 74
14 15
14 16
14 17
14 18
14 19
14 20
14 21
14 22
14 23
14 24
14 25
14 26
14 27
14 28
14 29
14 30
14 31
14 34
14 35
14 39
14 40
14 44
14 47
14 48
14 49
14 51
14 53
14 54
14 65
14 67
14 68
15 16
15 17
15 19
15 21
15 22
15 25
15 27
15 28
15 29
15 30
15 31
15 32
15 34
15 35
15 37
15 40
15 42
15 47
15 49
15 52
15 56
15 24
16 17
16 19
16 20
16 21
16 23
16 25
16 26
16 28
16 29
16 31
16 36
16 37
16 39
16 41
16 42
16 45
16 46
16 52
16 55
16 57
16 60
16 62
16 71
16 72
16 73
16 74
17 18
17 19
17 20
17 21
17 22
17 23
17 24
17 26
17 27
17 28
17 30
17 31
17 32
17 33
17 34
17 35
17 38
17 40
17 43
17 45
17 46
17 47
17 49
17 51
17 53
17 56
17 57
17 58
17 59
17 61
17 64
17 71
18 19
18 21
18 22
18 23
18 24
18 26
18 27
18 28
18 30
18 33
18 36
18 37
18 38
18 40
18 41
18 43
18 48
18 58
18 65
18 68
19 21
19 22
19 23
19 25
19 26
19 27
19 28
19 34
19 37
19 38
19 43
19 55
19 61
19 63
19 70
19 71
19 73
20 21
20 23
20 24
20 27
20 29
20 32
20 35
20 36
20 39
20 50
20 53
20 60
20 62
20 63
20 65
20 70
21 26
21 31
21 32
21 34
21 36
21 40
21 42
21 43
21 48
21 58
21 59
21 61
21 63
21 64
21 66
21 71
22 24
22 27
22 29
22 30
22 37
22 41
22 43
22 47
22 48
22 49
22 53
22 54
22 64
22 65
22 70
23 28
23 30
23 31
23 32
23 39
23 45
23 55
23 67
23 68
24 28
24 29
24 32
24 33
24 35
24 36
24 43
24 44
24 46
24 50
24 59
24 63
24 69
25 28
25 30
25 33
25 34
25 35
25 37
25 39
25 40
25 46
25 49
25 52
25 54
25 55
25 57
25 58
25 66
25 68
25 69
25 70
25 73
26 28
26 33
26 36
26 42
26 45
26 46
26 49
26 61
26 63
26 70
27 29
27 33
27 35
27 36
27 37
27 39
27 43
27 48
27 49
27 52
27 53
27 54
27 61
27 63
27 65
27 70
27 71
27 72
28 33
28 34
28 37
28 50
28 53
28 59
28 64
28 65
29 38
29 42
29 46
29 51
29 60
29 66
29 70
29 73
29 74
30 31
30 35
30 36
30 37
30 44
30 50
30 55
30 57
30 64
30 70
30 73
31 33
31 35
31 42
31 51
31 54
32 33
32 38
32 41
32 47
32 51
32 55
32 61
32 62
32 67
32 73
32 74
33 36
33 38
33 39
33 40
33 44
33 53
33 57
33 62
33 63
34 37
34 40
34 46
34 48
34 51
34 57
34 58
34 61
34 66
34 67
35 45
35 54
35 56
35 61
35 62
35 65
35 69
35 72
36 39
36 44
36 50
36 61
36 71
36 73
37 45
37 46
37 65
37 72
38 43
38 44
38 58
38 59
38 63
38 66
38 74
39 41
39 43
39 50
39 52
39 53
39 57
39 64
39 65
39 69
39 72
39 74
40 42
40 44
40 55
40 64
40 67
40 43
41 42
41 43
41 48
41 49
41 52
41 55
41 58
41 59
41 60
41 68
41 69
41 70
41 73
42 49
42 57
42 58
42 59
42 60
42 66
42 45
43 58
43 60
43 68
43 69
43 72
44 50
44 53
44 59
45 50
45 51
45 52
45 55
45 56
45 59
45 60
45 71
45 74
46 47
46 56
46 60
46 66
46 68
46 70
47 48
47 59
47 60
47 61
47 64
47 73
48 51
48 52
48 54
48 58
49 62
50 52
50 63
50 64
51 52
51 55
51 61
51 62
52 55
52 56
53 74
55 56
55 58
55 69
57 68
57 69
58 62
58 67
58 72
58 59
59 62
59 63
59 71
60 64
60 69
61 63
62 66
62 68
63 65
63 66
63 67
63 72
65 67
66 71
67 68
67 73
72 73
73 74