327190048
11
75
718
0 11
0 12
0 13
0 14
0 16
0 17
0 27
0 39
0 65
0 71
1 11
1 12
1 13
1 14
1 15
1 18
1 19
1 20
1 21
1 24
1 26
1 28
1 29
1 30
1 31
1 32
1 33
1 34
1 36
1 48
1 52
1 53
1 54
1 55
1 56
1 57
1 70
1 23
2 11
2 12
2 13
2 14
2 15
2 18
2 19
2 20
2 21
2 22
2 23
2 24
2 25
2 26
2 32
2 34
2 51
2 56
2 61
2 73
2 74
3 11
3 12
3 13
3 14
3 15
3 16
3 18
3 19
3 21
3 23
3 27
3 28
3 29
3 30
3 33
3 34
3 36
3 37
3 42
3 43
3 44
3 50
3 52
3 59
3 60
3 62
3 63
3 67
3 73
3 40
4 11
4 12
4 13
4 14
4 16
4 18
4 19
4 21
4 23
4 31
4 32
4 34
4 35
4 36
4 37
4 39
4 47
4 48
4 54
4 56
4 58
4 67
4 70
5 11
5 17
5 20
5 27
5 29
5 38
5 39
5 51
5 54
5 63
6 11
6 12
6 13
6 14
6 15
6 19
6 22
6 23
6 28
6 31
6 35
6 43
6 49
6 56
6 63
6 64
6 65
6 68
6 72
7 11
7 12
7 13
7 16
7 17
7 28
7 30
7 37
7 52
7 53
7 55
8 11
8 12
8 14
8 15
8 16
8 17
8 19
8 20
8 25
8 42
8 50
8 60
8 69
8 72
9 11
9 12
9 13
9 14
9 15
9 17
9 18
9 21
9 22
9 25
9 27
9 30
9 31
9 32
9 33
9 34
9 36
9 41
9 43
9 48
9 50
9 51
9 52
9 57
9 64
9 68
9 69
9 71
10 11
10 12
10 13
10 15
10 16
10 17
10 19
10 20
10 24
10 25
10 26
10 27
10 28
10 29
10 36
10 40
10 41
10 55
10 56
10 59
10 62
10 65
10 72
10 67
11 12
11 13
11 14
11 15
11 16
11 17
11 18
11 19
11 20
11 22
11 24
11 25
11 26
11 27
11 30
11 38
11 40
11 41
11 43
11 44
11 47
11 50
11 51
11 58
11 61
11 65
11 66
11 67
11 68
11 69
11 71
12 13
12 14
12 15
12 16
12 17
12 18
12 21
12 22
12 24
12 27
12 28
12 31
12 33
12 35
12 37
12 42
12 44
12 45
12 46
12 47
12 50
12 53
12 54
12 58
12 64
12 65
12 67
12 69
12 72
12 73
13 14
13 15
13 16
13 17
13 18
13 19
13 20
13 22
13 23
13 26
13 27
13 29
13 30
13 32
13 36
13 41
13 46
13 53
13 54
13 57
13 61
13 71
13 50
14 15
14 16
14 17
14 18
14 20
14 21
14 23
14 24
14 29
14 31
14 32
14 36
14 37
14 39
14 43
14 44
14 45
14 46
14 49
14 50
14 51
14 57
14 58
14 60
14 62
14 64
14 65
14 69
14 70
14 27
14 42
15 16
15 17
15 19
15 20
15 22
15 23
15 24
15 26
15 30
15 32
15 33
15 35
15 38
15 39
15 42
15 43
15 46
15 47
15 49
15 50
15 51
15 52
15 56
15 57
15 71
15 74
16 18
16 19
16 20
16 22
16 28
16 33
16 39
16 42
16 43
16 45
16 48
16 49
16 51
16 72
16 23
17 18
17 21
17 25
17 26
17 27
17 29
17 38
17 39
17 40
17 49
17 51
17 55
17 58
17 65
17 66
18 20
18 21
18 22
18 23
18 24
18 25
18 26
18 28
18 29
18 32
18 36
18 37
18 38
18 42
18 43
18 46
18 48
18 49
18 51
18 52
18 53
18 57
18 60
18 66
18 73
18 74
19 21
19 22
19 23
19 24
19 25
19 30
19 34
19 37
19 38
19 44
19 46
19 48
19 61
19 63
19 64
19 70
19 71
19 39
20 21
20 23
20 25
20 31
20 32
20 35
20 41
20 42
20 45
20 46
20 49
20 55
20 59
20 68
21 22
21 33
21 40
21 42
21 44
21 45
21 50
21 52
21 53
21 56
21 57
22 23
22 24
22 25
22 26
22 30
22 33
22 35
22 36
22 37
22 46
22 48
22 58
22 59
22 61
22 64
22 65
22 69
22 70
22 71
23 24
23 26
23 27
23 28
23 29
23 34
23 41
23 50
23 52
23 53
23 55
23 64
23 66
23 70
24 25
24 26
24 28
24 29
24 31
24 34
24 35
24 37
24 39
24 40
24 44
24 48
24 49
24 58
24 60
24 62
24 64
24 73
25 27
25 28
25 35
25 37
25 40
25 41
25 44
25 45
25 51
25 55
25 61
25 63
25 71
25 59
26 31
26 32
26 38
26 43
26 45
26 48
26 49
26 53
26 57
26 60
26 62
26 63
26 68
26 69
26 71
26 73
27 29
27 31
27 36
27 41
27 42
27 43
27 46
27 60
27 70
27 71
27 72
27 73
28 30
28 34
28 47
28 52
28 59
29 30
29 31
29 34
29 41
29 42
29 47
29 62
29 67
30 33
30 50
30 62
30 65
31 32
31 33
31 35
31 38
31 40
31 44
31 56
31 58
31 60
31 70
32 33
32 34
32 35
32 38
32 40
32 42
32 43
32 45
32 49
32 51
32 53
32 56
32 61
32 48
33 38
33 47
34 35
34 37
34 38
34 39
34 40
34 44
34 47
34 48
34 61
34 63
34 68
34 74
35 36
35 40
35 45
35 57
36 39
36 41
36 49
36 50
36 54
36 59
36 70
36 52
37 44
37 45
37 74
38 39
38 40
38 61
38 63
38 67
39 47
39 54
39 62
39 69
40 41
40 47
40 48
40 53
40 60
40 63
40 64
41 46
41 53
41 54
41 58
41 61
41 69
41 56
41 74
42 45
42 73
43 46
43 47
43 55
43 59
43 60
43 63
43 67
43 69
43 73
44 54
44 62
44 66
44 74
45 56
45 57
45 63
46 52
46 54
46 56
46 59
46 67
47 55
47 74
48 59
48 64
48 65
49 52
49 59
49 66
50 54
50 58
50 64
50 74
51 55
51 62
51 72
51 54
52 55
52 67
52 68
53 60
53 67
53 74
54 58
54 61
54 74
55 57
55 65
55 67
56 66
56 68
57 59
57 62
57 66
58 68
58 69
58 72
59 66
59 68
60 66
60 72
60 73
62 70
62 73
63 71
65 66
65 68
66 72
68 74
69 70
71 72