729332209
14
75
855
0 14
0 15
0 16
0 17
0 20
0 21
0 22
0 23
0 24
0 26
0 28
0 29
0 30
0 34
0 36
0 38
0 41
0 43
0 45
0 46
0 49
0 51
0 53
0 66
0 67
0 69
0 72
1 14
1 15
1 16
1 17
1 18
1 21
1 24
1 25
1 26
1 27
1 33
1 34
1 38
1 40
1 42
1 44
1 47
1 69
2 14
2 15
2 16
2 18
2 19
2 24
2 26
2 54
3 14
3 15
3 16
3 17
3 18
3 19
3 20
3 21
3 22
3 23
3 28
3 30
3 33
3 35
3 41
3 46
3 64
3 73
4 14
4 15
4 16
4 17
4 18
4 20
4 21
4 23
4 25
4 26
4 27
4 33
4 36
4 42
4 45
4 48
4 69
4 72
5 14
5 15
5 16
5 18
5 20
5 24
5 28
5 29
5 30
5 33
5 34
5 36
5 44
5 55
5 59
5 66
6 14
6 15
6 19
6 20
6 23
6 31
6 47
6 51
6 60
6 66
6 68
7 14
7 15
7 16
7 17
7 19
7 20
7 22
7 24
7 25
7 26
7 27
7 28
7 30
7 31
7 32
7 34
7 40
7 42
7 43
7 44
7 48
7 49
7 57
7 58
7 61
7 62
7 67
8 14
8 15
8 16
8 17
8 18
8 19
8 23
8 43
8 54
8 55
8 61
9 14
9 15
9 16
9 17
9 18
9 19
9 20
9 21
9 23
9 24
9 31
9 33
9 36
9 52
9 61
9 64
10 14
10 15
10 16
10 17
10 19
10 20
10 22
10 23
10 24
10 26
10 28
10 33
10 37
10 40
10 54
10 57
10 63
10 66
10 73
11 14
11 15
11 16
11 17
11 18
11 20
11 21
11 22
11 26
11 27
11 29
11 30
11 36
11 56
11 57
11 65
11 67
11 68
12 14
12 15
12 16
12 17
12 18
12 19
12 21
12 22
12 26
12 29
12 32
12 34
12 35
12 38
12 40
12 44
12 48
12 51
12 53
12 57
12 71
13 14
13 17
13 18
13 19
13 20
13 22
13 23
13 24
13 26
13 27
13 30
13 31
13 32
13 33
13 37
13 50
13 53
13 59
13 60
13 66
13 72
13 74
14 15
14 16
14 17
14 18
14 19
14 21
14 22
14 23
14 24
14 25
14 27
14 28
14 29
14 30
14 31
14 32
14 33
14 34
14 35
14 38
14 40
14 41
14 42
14 44
14 45
14 46
14 48
14 49
14 51
14 53
14 54
14 55
14 56
14 61
14 65
14 68
14 71
14 72
14 73
14 74
15 16
15 17
15 18
15 19
15 20
15 21
15 22
15 23
15 25
15 26
15 27
15 28
15 29
15 35
15 36
15 37
15 38
15 39
15 41
15 42
15 46
15 47
15 48
15 53
15 56
15 58
15 60
15 62
15 64
15 71
15 72
15 74
16 17
16 18
16 19
16 20
16 21
16 22
16 25
16 26
16 29
16 30
16 32
16 34
16 38
16 39
16 40
16 41
16 44
16 46
16 47
16 48
16 50
16 52
16 58
16 59
16 61
16 63
16 64
16 66
16 67
16 70
16 72
17 18
17 19
17 20
17 21
17 23
17 24
17 25
17 27
17 29
17 30
17 31
17 32
17 33
17 34
17 35
17 37
17 38
17 40
17 41
17 43
17 45
17 46
17 49
17 50
17 51
17 52
17 55
17 59
17 64
17 65
17 67
17 68
17 69
17 71
18 19
18 20
18 21
18 22
18 25
18 27
18 29
18 31
18 32
18 34
18 35
18 36
18 37
18 39
18 40
18 42
18 44
18 48
18 51
18 54
18 55
18 56
18 59
18 61
18 62
18 66
18 68
18 69
19 21
19 22
19 23
19 24
19 25
19 26
19 27
19 28
19 29
19 30
19 31
19 33
19 34
19 35
19 36
19 37
19 39
19 41
19 42
19 44
19 45
19 48
19 49
19 50
19 53
19 55
19 56
19 58
19 59
19 60
19 63
19 66
19 68
19 69
19 70
20 21
20 22
20 23
20 24
20 25
20 27
20 28
20 31
20 34
20 35
20 36
20 39
20 43
20 46
20 47
20 56
20 58
20 61
20 65
21 22
21 23
21 25
21 27
21 28
21 30
21 31
21 32
21 36
21 37
21 41
21 42
21 43
21 44
21 50
21 52
21 54
21 56
21 57
21 58
21 60
21 62
21 63
21 68
21 69
21 73
22 24
22 25
22 27
22 28
22 29
22 31
22 32
22 33
22 34
22 35
22 36
22 38
22 40
22 42
22 43
22 44
22 45
22 47
22 49
22 51
22 52
22 56
22 61
22 62
22 63
22 64
22 65
22 70
22 71
23 24
23 25
23 26
23 32
23 37
23 38
23 41
23 44
23 46
23 48
23 51
23 52
23 53
23 56
23 60
23 61
23 69
23 74
24 25
24 26
24 27
24 29
24 30
24 32
24 35
24 38
24 42
24 43
24 46
24 50
24 54
24 60
24 61
24 62
24 63
25 28
25 29
25 31
25 32
25 35
25 37
25 38
25 39
25 40
25 41
25 43
25 44
25 47
25 48
25 51
25 56
25 59
25 67
25 69
25 72
26 28
26 31
26 33
26 36
26 38
26 41
26 46
26 50
26 51
26 53
26 54
26 55
26 62
26 64
26 66
26 68
26 70
26 73
27 28
27 29
27 30
27 34
27 35
27 39
27 45
27 51
27 53
27 56
27 62
27 64
27 67
27 70
27 73
28 30
28 33
28 34
28 39
28 41
28 47
28 48
28 49
28 50
28 53
28 57
28 62
29 36
29 38
29 39
29 49
29 52
29 53
29 67
29 71
29 74
30 31
30 32
30 33
30 35
30 37
30 39
30 43
30 46
30 49
30 52
30 54
30 58
30 63
30 67
30 71
31 32
31 36
31 37
31 45
31 46
31 51
31 53
31 54
31 55
31 58
31 59
31 63
31 64
31 65
31 68
31 73
32 38
32 40
32 43
32 45
32 47
32 50
32 60
32 68
32 71
32 74
33 37
33 40
33 42
33 44
33 45
33 47
33 52
33 56
33 58
33 59
33 62
33 66
33 69
33 72
33 74
33 36
34 35
34 37
34 39
34 40
34 44
34 45
34 49
34 50
34 63
35 39
35 41
35 42
35 46
35 47
35 48
35 51
35 54
35 55
35 57
35 58
35 59
35 60
35 63
35 65
35 66
35 70
36 37
36 39
36 40
36 41
36 45
36 46
36 49
36 50
36 51
36 58
36 69
36 72
37 43
37 48
37 49
37 52
37 55
37 56
37 62
37 65
38 39
38 42
38 57
38 63
38 72
39 49
39 52
39 62
39 64
40 42
40 43
40 45
40 52
40 57
40 70
41 50
41 65
42 43
42 47
42 52
42 53
42 54
42 57
42 59
42 60
42 66
42 70
42 74
43 45
43 47
43 48
43 50
44 74
45 50
45 55
45 58
46 47
46 59
46 62
46 63
46 72
47 49
47 53
47 55
47 57
47 61
47 70
47 72
47 73
47 74
48 58
48 65
48 69
49 52
49 54
49 57
49 60
49 63
49 64
49 66
49 69
49 70
50 57
50 58
50 69
50 70
51 61
51 64
51 68
51 71
52 55
52 60
52 65
52 74
53 54
53 55
53 56
53 57
54 60
54 73
55 63
55 65
55 67
55 70
56 59
56 62
56 67
57 59
57 61
58 73
59 60
59 61
59 65
59 67
59 70
59 71
60 66
61 64
61 65
61 71
61 74
62 64
62 74
63 68
64 68
65 67
65 68
65 70
66 67
66 71
66 72
67 71
67 72
67 73
67 74
68 73
69 71
69 73
71 73