450655043
16
75
947
0 16
0 17
0 18
0 20
0 25
0 27
0 28
0 29
0 30
0 31
0 32
0 34
0 38
0 40
0 41
0 45
0 46
0 49
0 50
0 59
0 60
0 61
0 65
0 68
0 69
0 70
0 72
1 16
1 17
1 18
1 19
1 20
1 21
1 22
1 23
1 26
1 28
1 31
1 34
1 35
1 36
1 55
1 61
1 64
2 16
2 17
2 19
2 20
2 21
2 23
2 24
2 25
2 26
2 27
2 33
2 37
2 43
2 46
2 48
2 52
2 53
3 16
3 17
3 18
3 19
3 20
3 21
3 22
3 24
3 25
3 26
3 27
3 28
3 29
3 30
3 32
3 33
3 36
3 38
3 40
3 41
3 42
3 47
3 49
3 54
3 58
3 69
3 71
3 72
3 73
4 16
4 17
4 18
4 19
4 21
4 22
4 24
4 27
4 34
4 37
4 39
4 45
4 47
4 51
4 54
4 56
4 57
4 62
4 67
4 70
4 72
5 16
5 17
5 18
5 19
5 20
5 21
5 23
5 24
5 25
5 26
5 28
5 29
5 32
5 33
5 34
5 35
5 44
5 58
5 59
5 62
5 65
5 69
5 72
5 74
6 16
6 17
6 18
6 19
6 20
6 22
6 25
6 29
6 30
6 31
6 32
6 36
6 37
6 39
6 40
6 41
6 44
6 46
6 52
6 53
6 57
6 67
6 73
6 74
7 16
7 17
7 18
7 19
7 20
7 22
7 26
7 27
7 29
7 30
7 31
7 32
7 33
7 36
7 39
7 42
7 49
7 63
7 68
7 73
7 74
8 16
8 17
8 18
8 20
8 21
8 22
8 24
8 29
8 31
8 34
8 43
8 45
8 53
8 55
8 63
8 68
8 73
9 16
9 17
9 21
9 23
9 24
9 25
9 27
9 30
9 40
9 42
9 59
9 60
9 70
10 16
10 18
10 19
10 23
10 24
10 27
10 36
10 39
10 48
10 54
10 57
10 64
10 68
11 16
11 17
11 18
11 19
11 20
11 21
11 22
11 24
11 25
11 27
11 28
11 29
11 30
11 31
11 32
11 33
11 34
11 35
11 36
11 37
11 43
11 48
11 51
11 53
11 56
11 61
11 69
11 74
12 16
12 17
12 18
12 19
12 21
12 22
12 23
12 26
12 35
12 38
12 47
12 50
12 58
12 64
12 65
12 74
13 16
13 17
13 18
13 19
13 20
13 21
13 22
13 23
13 31
13 41
13 42
13 52
13 59
13 60
13 65
14 16
14 17
14 18
14 19
14 20
14 22
14 23
14 24
14 30
14 34
14 37
14 39
14 45
14 46
14 50
14 65
14 67
15 16
15 17
15 18
15 19
15 20
15 21
15 22
15 23
15 24
15 25
15 26
15 28
15 33
15 41
15 44
15 46
15 47
15 48
15 58
15 66
15 69
16 17
16 18
16 19
16 20
16 21
16 22
16 23
16 24
16 25
16 26
16 27
16 28
16 29
16 30
16 31
16 32
16 33
16 34
16 35
16 36
16 37
16 38
16 40
16 41
16 43
16 45
16 46
16 47
16 50
16 51
16 53
16 55
16 69
16 71
16 72
16 73
17 18
17 19
17 20
17 21
17 22
17 23
17 24
17 25
17 26
17 28
17 30
17 31
17 32
17 33
17 35
17 39
17 41
17 42
17 44
17 45
17 46
17 51
17 55
17 58
17 60
17 62
17 64
17 65
17 66
17 71
17 72
18 19
18 20
18 21
18 22
18 23
18 24
18 25
18 26
18 27
18 28
18 29
18 32
18 35
18 37
18 38
18 40
18 48
18 49
18 50
18 53
18 55
18 58
18 59
18 61
18 66
18 71
18 74
19 20
19 21
19 22
19 23
19 24
19 25
19 26
19 27
19 28
19 29
19 33
19 37
19 40
19 41
19 42
19 47
19 49
19 50
19 53
19 57
19 59
19 60
19 62
19 66
19 71
20 21
20 22
20 23
20 24
20 25
20 28
20 30
20 33
20 34
20 35
20 37
20 42
20 44
20 46
20 49
20 51
20 55
20 56
20 57
20 60
20 66
20 68
20 70
20 74
21 23
21 25
21 26
21 27
21 28
21 29
21 30
21 31
21 32
21 34
21 35
21 37
21 41
21 43
21 44
21 46
21 47
21 48
21 50
21 53
21 57
21 60
21 67
21 69
21 70
21 72
21 73
21 74
22 23
22 26
22 29
22 30
22 31
22 32
22 33
22 34
22 35
22 36
22 37
22 38
22 39
22 40
22 41
22 42
22 45
22 46
22 47
22 49
22 50
22 52
22 54
22 59
22 61
22 64
22 65
22 66
22 67
22 68
22 70
22 71
23 24
23 25
23 26
23 27
23 29
23 31
23 33
23 34
23 35
23 36
23 37
23 38
23 41
23 42
23 43
23 44
23 45
23 48
23 49
23 50
23 51
23 52
23 53
23 54
23 55
23 57
23 58
23 59
23 60
23 61
23 62
23 64
23 65
23 68
23 73
23 74
24 25
24 26
24 27
24 28
24 30
24 31
24 32
24 33
24 34
24 35
24 37
24 39
24 40
24 43
24 44
24 46
24 47
24 48
24 51
24 52
24 53
24 56
24 57
24 61
24 62
24 63
25 26
25 27
25 28
25 29
25 33
25 35
25 38
25 40
25 45
25 47
25 49
25 50
25 52
25 57
25 58
25 61
25 69
26 27
26 28
26 30
26 31
26 32
26 33
26 36
26 38
26 40
26 43
26 44
26 49
26 52
26 54
26 60
26 61
26 67
26 69
26 70
27 28
27 29
27 30
27 34
27 36
27 38
27 39
27 40
27 41
27 42
27 43
27 44
27 45
27 47
27 48
27 49
27 51
27 52
27 55
27 57
27 59
27 62
27 63
27 68
28 29
28 31
28 32
28 34
28 35
28 36
28 38
28 39
28 40
28 41
28 47
28 55
28 56
28 60
28 61
28 66
28 68
28 71
28 72
28 73
29 30
29 31
29 33
29 37
29 39
29 41
29 44
29 45
29 46
29 48
29 53
29 56
29 59
29 62
29 66
29 69
29 70
29 73
29 74
30 32
30 37
30 39
30 44
30 48
30 50
30 54
30 55
30 59
30 63
30 64
30 66
30 72
30 73
31 32
31 34
31 35
31 36
31 39
31 41
31 43
31 44
31 47
31 48
31 49
31 51
31 54
31 56
31 57
31 58
31 60
31 62
31 67
31 70
31 71
31 73
31 72
32 35
32 36
32 38
32 39
32 40
32 43
32 51
32 52
32 54
32 56
33 36
33 38
33 40
33 42
33 43
33 54
33 62
34 36
34 38
34 39
34 42
34 43
34 51
34 53
34 60
34 64
34 65
34 68
34 70
34 72
35 37
35 38
35 41
35 43
35 44
35 53
35 56
35 64
35 69
35 72
36 38
36 46
36 47
36 48
36 49
36 50
36 52
36 54
36 56
36 57
36 62
36 63
36 67
36 68
36 71
36 73
37 39
37 42
37 44
37 45
37 51
37 53
37 57
37 60
37 72
37 74
38 42
38 45
38 49
38 52
38 55
38 56
38 57
38 58
38 61
38 62
38 65
38 66
38 68
38 71
39 40
39 42
39 43
39 46
39 52
39 53
39 56
39 58
39 62
39 63
39 64
39 67
39 69
40 45
40 46
40 48
40 54
40 68
40 69
40 71
41 42
41 44
41 45
41 50
41 55
41 56
41 59
41 60
41 65
41 74
42 43
42 46
42 57
42 58
42 59
42 62
43 48
43 50
43 55
43 63
43 68
43 70
43 71
43 72
43 73
43 74
44 45
44 50
44 54
44 65
44 66
45 47
45 49
45 51
45 54
45 57
45 58
45 61
45 63
45 65
45 70
46 47
46 51
46 66
46 67
46 71
47 48
47 50
47 51
47 52
47 53
47 55
47 56
47 61
47 63
47 67
47 68
47 69
47 72
47 73
48 49
48 51
48 56
48 59
48 66
48 67
49 52
49 56
49 58
49 63
50 54
50 60
50 61
50 62
50 65
50 70
50 73
50 74
51 52
51 55
51 59
51 60
51 62
51 63
51 70
51 71
52 54
52 59
52 64
52 67
52 69
53 61
53 64
54 55
54 58
54 64
54 67
54 70
54 62
55 63
55 71
56 65
56 67
56 74
57 58
57 64
58 63
58 65
58 72
59 63
59 64
59 69
59 73
60 61
60 63
61 66
61 70
61 71
62 64
63 66
63 67
63 74
64 66
64 72
67 68
69 73