277783149
17
75
993
0 17
0 18
0 19
0 20
0 21
0 22
0 23
0 24
0 25
0 29
0 30
0 32
0 33
0 35
0 36
0 39
0 42
0 44
0 46
0 49
0 54
0 57
0 63
0 67
0 70
0 71
1 17
1 18
1 19
1 20
1 21
1 25
1 27
1 29
1 39
1 54
1 55
1 68
1 69
1 72
2 17
2 18
2 19
2 20
2 22
2 25
2 26
2 33
2 35
2 38
2 41
2 56
2 59
2 61
2 65
2 74
3 17
3 18
3 19
3 20
3 21
3 22
3 28
3 29
3 30
3 31
3 33
3 34
3 37
3 40
3 45
3 46
3 58
3 61
3 62
3 65
4 17
4 18
4 19
4 20
4 24
4 28
4 34
4 35
4 38
4 44
4 47
4 54
4 57
4 58
5 17
5 18
5 19
5 20
5 21
5 22
5 23
5 25
5 26
5 29
5 30
5 33
5 37
5 39
5 41
5 42
5 45
5 49
5 50
5 51
5 52
5 53
5 56
5 57
5 58
5 60
5 63
5 64
5 69
5 70
6 17
6 18
6 19
6 20
6 21
6 23
6 24
6 25
6 26
6 27
6 28
6 40
6 43
6 57
6 65
6 67
6 68
6 71
6 72
7 17
7 18
7 19
7 20
7 21
7 22
7 23
7 24
7 26
7 27
7 28
7 35
7 36
7 37
7 38
7 40
7 43
7 48
7 64
7 65
7 66
7 14
8 17
8 18
8 19
8 21
8 22
8 23
8 24
8 30
8 31
8 32
8 34
8 37
8 40
8 42
8 43
8 44
8 51
8 52
8 58
8 68
9 17
9 18
9 19
9 20
9 21
9 22
9 23
9 26
9 28
9 29
9 30
9 32
9 33
9 34
9 35
9 37
9 38
9 39
9 43
9 45
9 46
9 47
9 48
9 51
9 53
9 56
9 58
9 73
10 17
10 18
10 19
10 20
10 21
10 22
10 27
10 28
10 29
10 33
10 38
10 47
10 50
10 54
10 55
10 56
10 58
10 66
10 62
11 17
11 18
11 19
11 21
11 22
11 23
11 25
11 27
11 31
11 32
11 33
11 34
11 39
11 42
11 44
11 48
11 52
11 57
11 59
11 66
11 69
11 71
11 46
12 17
12 18
12 19
12 21
12 24
12 27
12 29
12 30
12 31
12 33
12 34
12 36
12 41
12 53
12 58
12 59
12 65
12 69
13 17
13 18
13 20
13 21
13 22
13 23
13 24
13 25
13 26
13 30
13 31
13 32
13 37
13 38
13 42
13 46
13 53
13 59
13 60
13 66
14 17
14 20
14 23
14 24
14 25
14 31
14 41
14 45
14 47
14 52
14 53
14 55
14 62
15 17
15 18
15 19
15 20
15 21
15 22
15 23
15 24
15 26
15 27
15 28
15 30
15 31
15 35
15 43
15 47
15 51
15 63
15 67
15 73
15 74
16 17
16 18
16 19
16 20
16 22
16 23
16 24
16 25
16 26
16 27
16 28
16 29
16 30
16 32
16 34
16 39
16 42
16 43
16 44
16 45
16 46
16 48
16 49
16 51
16 55
16 58
16 60
16 61
16 63
16 65
16 70
17 18
17 19
17 20
17 21
17 22
17 23
17 24
17 25
17 26
17 27
17 28
17 29
17 30
17 31
17 32
17 33
17 37
17 38
17 40
17 41
17 43
17 46
17 47
17 53
17 54
17 56
17 60
17 61
17 63
17 68
17 72
17 36
18 19
18 20
18 21
18 22
18 23
18 24
18 25
18 26
18 27
18 28
18 30
18 31
18 32
18 33
18 34
18 35
18 36
18 38
18 40
18 41
18 42
18 44
18 46
18 47
18 49
18 51
18 53
18 55
18 56
18 59
18 67
18 71
18 72
19 20
19 21
19 22
19 23
19 24
19 25
19 26
19 27
19 28
19 29
19 30
19 31
19 32
19 33
19 35
19 36
19 37
19 39
19 40
19 41
19 43
19 44
19 45
19 47
19 48
19 51
19 52
19 53
19 54
19 57
19 59
19 60
19 61
19 63
19 69
19 71
19 72
19 74
20 21
20 22
20 23
20 24
20 25
20 26
20 27
20 28
20 29
20 30
20 34
20 36
20 38
20 39
20 41
20 44
20 45
20 50
20 53
20 58
20 60
20 63
20 64
20 66
20 67
20 68
20 71
20 72
20 74
21 22
21 23
21 24
21 25
21 26
21 27
21 28
21 29
21 31
21 32
21 33
21 34
21 35
21 37
21 43
21 46
21 47
21 49
21 50
21 52
21 54
21 56
21 60
21 61
21 66
21 67
21 68
21 72
21 73
21 74
21 70
22 23
22 24
22 25
22 26
22 27
22 29
22 30
22 32
22 34
22 35
22 36
22 38
22 39
22 40
22 41
22 42
22 45
22 46
22 47
22 49
22 50
22 51
22 53
22 54
22 55
22 57
22 59
22 61
22 62
22 63
22 64
22 66
22 67
22 68
22 70
22 74
23 24
23 25
23 26
23 27
23 28
23 31
23 32
23 33
23 35
23 37
23 39
23 40
23 42
23 44
23 45
23 46
23 48
23 49
23 50
23 53
23 54
23 57
23 59
23 60
23 61
23 62
23 64
23 66
23 70
24 25
24 26
24 28
24 31
24 32
24 33
24 34
24 35
24 36
24 37
24 38
24 40
24 42
24 43
24 45
24 48
24 49
24 52
24 54
24 57
24 58
24 59
24 60
24 61
24 62
24 63
24 66
24 68
24 70
24 72
24 73
25 26
25 27
25 28
25 29
25 30
25 31
25 32
25 34
25 35
25 36
25 37
25 39
25 43
25 44
25 45
25 46
25 52
25 55
25 56
25 60
25 62
25 65
25 68
25 69
25 71
26 27
26 28
26 29
26 31
26 36
26 40
26 41
26 43
26 44
26 46
26 50
26 55
26 57
26 59
26 62
26 64
26 65
26 66
26 72
26 73
26 74
26 34
27 29
27 30
27 33
27 34
27 35
27 36
27 37
27 38
27 39
27 41
27 42
27 43
27 45
27 46
27 47
27 49
27 51
27 54
27 55
27 56
27 64
27 68
28 29
28 30
28 31
28 32
28 34
28 35
28 39
28 47
28 48
28 49
28 51
28 54
28 59
28 72
28 73
29 31
29 33
29 35
29 36
29 39
29 42
29 44
29 48
29 57
29 63
29 65
29 67
29 69
29 70
29 74
30 32
30 36
30 38
30 39
30 40
30 41
30 42
30 50
30 52
30 53
30 57
30 61
30 64
30 67
30 71
31 32
31 33
31 35
31 36
31 37
31 38
31 39
31 40
31 41
31 43
31 44
31 46
31 48
31 49
31 50
31 54
31 55
31 56
31 58
31 61
31 62
31 63
31 68
31 73
32 34
32 37
32 38
32 42
32 47
32 50
32 51
32 53
32 55
32 58
32 59
32 65
32 70
32 72
32 74
33 34
33 36
33 37
33 39
33 42
33 43
33 45
33 46
33 47
33 51
33 56
33 57
33 59
33 61
33 71
33 73
34 36
34 41
34 42
34 56
34 57
34 58
34 59
34 62
34 63
34 65
35 36
35 38
35 41
35 48
35 52
35 56
35 59
35 62
35 64
35 67
36 37
36 38
36 40
36 41
36 42
36 43
36 44
36 45
36 48
36 49
36 51
36 54
36 55
36 57
36 60
36 64
36 65
36 66
36 68
36 70
37 40
37 44
37 48
37 51
37 52
37 53
37 62
37 64
37 72
37 74
38 40
38 45
38 51
38 58
38 60
38 63
38 64
38 71
38 74
39 40
39 44
39 48
39 50
39 56
39 60
39 61
39 65
39 66
39 67
39 69
40 41
40 44
40 46
40 47
40 49
40 50
40 51
40 52
40 54
40 58
40 59
40 60
40 65
40 66
40 68
40 69
40 71
40 74
41 48
41 49
41 51
41 53
41 60
41 63
41 65
41 69
41 70
41 71
41 72
42 43
42 45
42 50
42 55
42 59
42 63
42 66
42 72
42 73
43 45
43 47
43 50
43 53
43 54
43 55
43 58
43 61
43 62
43 64
43 71
44 46
44 50
44 52
44 56
44 64
44 67
44 70
45 48
45 49
45 50
45 52
45 61
45 64
45 66
45 67
46 47
46 48
46 49
46 50
46 57
46 61
46 62
46 65
46 67
46 69
46 70
46 73
47 49
47 52
47 55
47 58
47 60
47 67
47 71
48 55
48 64
48 69
48 73
48 74
49 52
49 55
49 62
49 70
49 72
50 52
50 61
50 68
50 69
51 54
51 62
51 69
51 70
51 71
52 53
52 60
52 62
52 69
52 70
52 55
54 56
54 69
54 72
54 73
55 56
55 57
55 62
55 68
56 69
56 73
56 74
58 64
58 65
58 66
58 67
58 68
58 70
58 71
58 74
59 73
60 63
61 63
61 68
61 73
62 67
62 71
63 66
63 73
67 72
68 74
69 70
71 73
71 74