706420308
7
800
6289
0 7
0 8
0 12
0 15
0 25
0 27
0 31
0 33
0 40
0 46
0 48
0 57
0 68
0 104
0 108
0 111
0 113
0 117
0 152
0 153
0 163
0 165
0 166
0 168
0 181
0 201
0 217
0 233
0 239
0 240
0 251
0 311
0 326
0 348
0 350
0 366
0 370
0 373
0 397
0 403
0 422
0 451
0 461
0 472
0 477
0 550
0 571
0 584
0 589
0 598
0 642
0 665
0 675
0 677
0 704
0 735
0 751
0 755
0 30
0 143
0 225
0 352
1 7
1 8
1 36
1 122
1 273
1 330
1 332
1 428
1 468
1 470
1 482
1 546
1 560
1 601
1 712
1 429
2 7
2 8
2 9
2 10
2 11
2 12
2 14
2 16
2 19
2 21
2 29
2 30
2 32
2 34
2 41
2 42
2 43
2 44
2 47
2 68
2 95
2 96
2 108
2 114
2 121
2 126
2 136
2 152
2 154
2 183
2 186
2 207
2 208
2 230
2 231
2 245
2 262
2 271
2 285
2 333
2 344
2 345
2 375
2 387
2 409
2 414
2 451
2 472
2 489
2 507
2 536
2 545
2 573
2 644
2 694
2 709
2 740
2 741
2 784
2 196
2 505
2 770
2 794
3 7
3 8
3 9
3 10
3 11
3 16
3 19
3 20
3 34
3 35
3 44
3 48
3 75
3 76
3 89
3 92
3 98
3 99
3 121
3 149
3 175
3 192
3 211
3 257
3 329
3 337
3 350
3 372
3 413
3 418
3 506
3 534
3 574
3 655
3 736
3 757
3 765
3 491
3 82
3 546
3 582
4 7
4 8
4 9
4 11
4 12
4 13
4 14
4 15
4 17
4 20
4 23
4 24
4 25
4 31
4 34
4 38
4 44
4 47
4 50
4 54
4 55
4 63
4 64
4 72
4 78
4 83
4 84
4 86
4 91
4 94
4 100
4 101
4 111
4 124
4 126
4 127
4 131
4 133
4 149
4 155
4 159
4 179
4 181
4 192
4 206
4 211
4 212
4 213
4 228
4 238
4 243
4 246
4 262
4 275
4 286
4 289
4 295
4 312
4 315
4 337
4 349
4 370
4 384
4 416
4 423
4 427
4 429
4 435
4 445
4 461
4 476
4 477
4 484
4 505
4 515
4 518
4 522
4 527
4 536
4 544
4 545
4 573
4 574
4 575
4 580
4 585
4 596
4 607
4 626
4 629
4 640
4 641
4 59
4 51
4 214
4 437
4 584
5 7
5 8
5 9
5 10
5 11
5 13
5 18
5 24
5 28
5 30
5 33
5 36
5 38
5 41
5 65
5 67
5 73
5 78
5 79
5 82
5 89
5 102
5 122
5 130
5 171
5 173
5 183
5 187
5 202
5 210
5 245
5 266
5 273
5 278
5 291
5 324
5 340
5 353
5 360
5 367
5 371
5 399
5 408
5 416
5 431
5 443
5 471
5 484
5 485
5 514
5 521
5 527
5 536
5 591
5 634
5 637
5 679
5 709
5 760
5 794
5 142
5 57
5 80
5 191
5 594
6 7
6 9
6 10
6 12
6 13
6 14
6 15
6 17
6 24
6 25
6 27
6 30
6 35
6 36
6 49
6 56
6 59
6 61
6 75
6 84
6 90
6 96
6 104
6 112
6 121
6 124
6 134
6 147
6 151
6 164
6 214
6 228
6 234
6 244
6 259
6 281
6 298
6 319
6 368
6 378
6 381
6 389
6 393
6 399
6 411
6 416
6 423
6 446
6 479
6 501
6 531
6 547
6 572
6 601
6 658
6 698
6 702
6 706
6 708
6 69
6 428
6 465
7 8
7 9
7 10
7 11
7 13
7 14
7 17
7 19
7 20
7 21
7 22
7 23
7 25
7 26
7 27
7 34
7 36
7 41
7 43
7 50
7 58
7 59
7 63
7 65
7 66
7 69
7 70
7 71
7 73
7 75
7 87
7 95
7 105
7 110
7 114
7 118
7 126
7 134
7 142
7 144
7 156
7 169
7 173
7 178
7 185
7 187
7 191
7 225
7 232
7 260
7 263
7 265
7 268
7 288
7 297
7 316
7 320
7 343
7 347
7 353
7 393
7 400
7 411
7 455
7 478
7 505
7 512
7 575
7 590
7 619
7 625
7 649
7 655
7 668
7 683
7 703
7 712
7 721
7 724
7 778
7 783
7 785
7 791
7 792
7 162
7 487
7 602
8 9
8 10
8 12
8 13
8 16
8 17
8 18
8 21
8 22
8 25
8 28
8 33
8 37
8 39
8 42
8 45
8 53
8 60
8 61
8 66
8 67
8 68
8 76
8 78
8 83
8 84
8 88
8 98
8 118
8 119
8 120
8 121
8 131
8 135
8 139
8 140
8 142
8 143
8 146
8 159
8 172
8 174
8 180
8 182
8 183
8 219
8 220
8 224
8 225
8 227
8 257
8 259
8 261
8 292
8 294
8 305
8 307
8 309
8 315
8 318
8 321
8 326
8 331
8 332
8 362
8 364
8 372
8 387
8 388
8 392
8 405
8 415
8 427
8 437
8 458
8 472
8 478
8 510
8 564
8 583
8 596
8 614
8 625
8 638
8 640
8 648
8 676
8 685
8 686
8 689
8 691
8 694
8 697
8 714
8 741
8 745
8 752
8 761
8 44
8 34
8 194
8 275
8 328
8 398
8 419
8 468
8 639
8 684
9 10
9 11
9 12
9 13
9 15
9 16
9 18
9 19
9 20
9 22
9 23
9 24
9 26
9 29
9 35
9 37
9 38
9 40
9 43
9 49
9 52
9 56
9 58
9 65
9 74
9 80
9 85
9 89
9 90
9 94
9 96
9 101
9 102
9 104
9 122
9 132
9 135
9 138
9 140
9 145
9 153
9 163
9 172
9 177
9 188
9 190
9 191
9 196
9 200
9 208
9 211
9 216
9 240
9 247
9 250
9 263
9 265
9 270
9 278
9 296
9 300
9 304
9 319
9 341
9 351
9 377
9 379
9 391
9 404
9 414
9 423
9 425
9 442
9 450
9 479
9 480
9 499
9 534
9 574
9 579
9 583
9 598
9 605
9 633
9 642
9 652
9 654
9 655
9 680
9 719
9 726
9 738
9 745
9 762
9 767
9 771
9 788
9 794
9 795
9 799
9 182
9 98
9 255
9 390
9 462
9 721
9 722
9 769
10 11
10 12
10 13
10 15
10 17
10 19
10 22
10 23
10 25
10 29
10 31
10 33
10 40
10 43
10 46
10 51
10 57
10 58
10 59
10 60
10 67
10 69
10 70
10 74
10 77
10 78
10 79
10 95
10 96
10 100
10 119
10 120
10 131
10 135
10 157
10 161
10 172
10 173
10 175
10 180
10 181
10 184
10 189
10 194
10 198
10 206
10 221
10 226
10 228
10 254
10 307
10 314
10 324
10 327
10 354
10 373
10 377
10 424
10 431
10 455
10 464
10 470
10 480
10 499
10 522
10 529
10 581
10 587
10 594
10 633
10 660
10 671
10 693
10 714
10 740
10 774
10 785
10 129
10 317
10 539
10 543
10 656
10 673
10 702
11 14
11 16
11 18
11 21
11 23
11 24
11 29
11 37
11 39
11 40
11 42
11 49
11 50
11 72
11 75
11 76
11 77
11 88
11 91
11 94
11 101
11 103
11 108
11 110
11 113
11 115
11 118
11 124
11 128
11 133
11 139
11 142
11 147
11 148
11 163
11 192
11 197
11 215
11 226
11 229
11 239
11 241
11 242
11 247
11 267
11 277
11 286
11 315
11 316
11 317
11 354
11 361
11 365
11 366
11 387
11 393
11 396
11 411
11 414
11 429
11 453
11 468
11 476
11 490
11 498
11 500
11 503
11 507
11 511
11 513
11 527
11 539
11 543
11 613
11 624
11 685
11 693
11 733
11 746
11 752
11 774
11 30
11 27
11 35
11 48
11 196
11 438
11 640
11 753
12 14
12 20
12 25
12 26
12 38
12 41
12 45
12 46
12 50
12 52
12 55
12 57
12 62
12 74
12 83
12 87
12 98
12 101
12 102
12 106
12 117
12 121
12 130
12 131
12 138
12 142
12 158
12 168
12 176
12 195
12 198
12 204
12 211
12 212
12 237
12 246
12 249
12 254
12 267
12 272
12 292
12 332
12 345
12 351
12 356
12 357
12 376
12 380
12 389
12 397
12 420
12 445
12 447
12 454
12 473
12 491
12 495
12 515
12 545
12 549
12 576
12 606
12 612
12 621
12 651
12 662
12 696
12 710
12 711
12 735
12 745
12 771
12 343
12 81
12 245
12 536
12 709
13 14
13 15
13 16
13 17
13 20
13 21
13 24
13 27
13 28
13 29
13 30
13 32
13 37
13 38
13 39
13 41
13 46
13 48
13 49
13 51
13 53
13 57
13 63
13 81
13 95
13 97
13 101
13 106
13 108
13 111
13 112
13 119
13 128
13 137
13 157
13 163
13 174
13 186
13 193
13 194
13 215
13 222
13 235
13 252
13 271
13 289
13 298
13 304
13 318
13 327
13 334
13 337
13 344
13 348
13 350
13 361
13 362
13 379
13 385
13 389
13 395
13 398
13 406
13 410
13 414
13 428
13 438
13 439
13 443
13 445
13 454
13 467
13 469
13 470
13 484
13 494
13 496
13 514
13 530
13 554
13 555
13 586
13 591
13 596
13 597
13 619
13 627
13 630
13 634
13 641
13 648
13 652
13 658
13 663
13 692
13 738
13 780
13 788
13 54
13 58
13 288
13 521
13 688
13 768
14 15
14 16
14 18
14 19
14 21
14 22
14 23
14 24
14 33
14 37
14 40
14 42
14 43
14 52
14 56
14 57
14 59
14 65
14 76
14 80
14 82
14 86
14 93
14 106
14 109
14 136
14 145
14 151
14 158
14 179
14 180
14 185
14 194
14 205
14 208
14 210
14 218
14 266
14 277
14 302
14 303
14 306
14 352
14 363
14 370
14 377
14 382
14 383
14 389
14 445
14 482
14 493
14 497
14 530
14 556
14 573
14 576
14 617
14 633
14 642
14 647
14 695
14 728
14 736
14 743
14 776
14 94
14 137
14 239
14 343
14 400
14 425
15 17
15 39
15 42
15 49
15 81
15 92
15 97
15 104
15 111
15 124
15 131
15 141
15 144
15 169
15 190
15 195
15 222
15 251
15 257
15 283
15 291
15 317
15 341
15 342
15 355
15 458
15 468
15 472
15 499
15 517
15 526
15 547
15 562
15 571
15 572
15 619
15 629
15 672
15 725
15 756
15 761
15 241
15 159
15 395
15 574
16 18
16 19
16 20
16 22
16 28
16 31
16 45
16 56
16 89
16 106
16 107
16 109
16 110
16 111
16 115
16 132
16 133
16 136
16 146
16 158
16 177
16 178
16 202
16 205
16 209
16 212
16 213
16 217
16 236
16 313
16 357
16 375
16 389
16 391
16 406
16 429
16 444
16 453
16 488
16 501
16 541
16 594
16 595
16 599
16 604
16 679
16 683
16 686
16 694
16 713
16 719
16 728
16 760
16 764
16 778
16 787
16 52
16 513
16 737
16 782
17 18
17 27
17 28
17 32
17 53
17 66
17 72
17 84
17 90
17 98
17 125
17 134
17 148
17 154
17 161
17 168
17 169
17 197
17 201
17 204
17 235
17 241
17 243
17 245
17 260
17 263
17 287
17 293
17 321
17 331
17 375
17 428
17 436
17 446
17 447
17 486
17 502
17 505
17 512
17 515
17 542
17 578
17 590
17 592
17 623
17 626
17 634
17 657
17 662
17 686
17 702
17 731
17 732
17 743
17 759
17 783
17 135
17 276
17 357
17 434
18 21
18 35
18 48
18 60
18 62
18 92
18 100
18 119
18 124
18 140
18 144
18 166
18 172
18 182
18 194
18 279
18 286
18 348
18 359
18 391
18 403
18 417
18 431
18 435
18 440
18 485
18 516
18 528
18 546
18 571
18 635
18 681
18 714
18 718
18 720
18 225
18 102
18 209
18 291
19 26
19 45
19 62
19 68
19 73
19 88
19 91
19 110
19 118
19 119
19 178
19 181
19 221
19 230
19 250
19 253
19 290
19 301
19 305
19 390
19 409
19 414
19 422
19 448
19 451
19 456
19 497
19 502
19 506
19 525
19 532
19 589
19 653
19 659
19 673
19 691
19 737
19 746
19 759
19 783
19 59
19 99
19 213
19 257
19 558
20 30
20 37
20 39
20 41
20 46
20 49
20 53
20 54
20 57
20 66
20 73
20 84
20 86
20 87
20 99
20 116
20 124
20 127
20 128
20 129
20 135
20 140
20 143
20 154
20 173
20 182
20 190
20 191
20 206
20 213
20 214
20 241
20 244
20 246
20 249
20 250
20 252
20 264
20 274
20 275
20 279
20 296
20 322
20 339
20 366
20 371
20 395
20 396
20 401
20 444
20 483
20 486
20 488
20 509
20 520
20 521
20 559
20 562
20 598
20 643
20 701
20 746
20 758
20 786
20 789
20 798
20 239
20 64
20 95
20 490
20 687
20 731
21 22
21 23
21 26
21 30
21 32
21 34
21 36
21 40
21 42
21 47
21 53
21 59
21 69
21 70
21 86
21 90
21 97
21 112
21 132
21 138
21 148
21 154
21 157
21 171
21 176
21 190
21 277
21 311
21 321
21 352
21 353
21 358
21 371
21 377
21 402
21 416
21 440
21 463
21 485
21 496
21 539
21 543
21 547
21 552
21 566
21 571
21 593
21 624
21 635
21 716
21 717
21 731
21 744
21 776
21 753
21 25
21 73
21 313
21 460
21 732
22 33
22 47
22 53
22 63
22 115
22 126
22 143
22 285
22 328
22 341
22 359
22 394
22 424
22 444
22 452
22 541
22 654
22 709
22 785
22 485
22 290
23 26
23 29
23 30
23 31
23 33
23 41
23 47
23 54
23 58
23 60
23 61
23 63
23 74
23 75
23 83
23 90
23 94
23 106
23 112
23 118
23 119
23 146
23 151
23 156
23 168
23 186
23 197
23 203
23 204
23 216
23 224
23 233
23 241
23 245
23 248
23 250
23 276
23 278
23 283
23 369
23 375
23 386
23 403
23 405
23 421
23 422
23 463
23 470
23 480
23 549
23 561
23 575
23 610
23 652
23 698
23 708
23 711
23 719
23 727
23 736
23 752
23 760
23 777
23 798
23 187
23 129
23 359
23 479
23 495
23 518
23 534
24 26
24 27
24 28
24 32
24 35
24 39
24 44
24 52
24 55
24 65
24 70
24 72
24 74
24 77
24 80
24 88
24 98
24 113
24 127
24 128
24 134
24 145
24 156
24 169
24 175
24 176
24 193
24 195
24 198
24 229
24 239
24 243
24 258
24 269
24 280
24 293
24 318
24 341
24 347
24 349
24 396
24 405
24 419
24 441
24 452
24 453
24 457
24 479
24 500
24 503
24 504
24 512
24 518
24 528
24 529
24 548
24 597
24 621
24 642
24 681
24 692
24 696
24 697
24 701
24 702
24 708
24 710
24 714
24 733
24 745
24 749
24 767
24 780
24 345
24 160
24 377
24 554
24 609
24 631
25 27
25 28
25 32
25 34
25 38
25 40
25 51
25 56
25 64
25 73
25 93
25 102
25 110
25 113
25 123
25 124
25 126
25 134
25 140
25 182
25 211
25 223
25 269
25 270
25 292
25 298
25 312
25 321
25 328
25 342
25 361
25 362
25 407
25 411
25 459
25 482
25 499
25 511
25 525
25 538
25 600
25 612
25 616
25 630
25 649
25 680
25 688
25 783
25 788
25 643
26 44
26 48
26 81
26 120
26 152
26 173
26 198
26 236
26 238
26 309
26 325
26 369
26 422
26 493
26 500
26 507
26 521
26 601
26 682
26 689
26 763
26 783
26 159
26 224
26 443
27 29
27 31
27 35
27 51
27 62
27 72
27 82
27 95
27 116
27 127
27 153
27 170
27 191
27 193
27 199
27 233
27 239
27 372
27 373
27 390
27 408
27 493
27 523
27 550
27 562
27 635
27 656
27 666
27 690
27 703
27 730
27 777
28 36
28 48
28 50
28 53
28 55
28 59
28 61
28 62
28 78
28 89
28 112
28 115
28 117
28 147
28 160
28 190
28 203
28 205
28 232
28 242
28 248
28 251
28 268
28 279
28 292
28 302
28 329
28 332
28 338
28 359
28 374
28 389
28 395
28 414
28 427
28 428
28 447
28 469
28 474
28 475
28 492
28 507
28 547
28 549
28 564
28 568
28 658
28 670
28 706
28 799
28 39
28 382
29 35
29 39
29 78
29 88
29 125
29 160
29 195
29 215
29 270
29 274
29 309
29 325
29 333
29 402
29 421
29 503
29 509
29 585
29 652
29 653
29 737
29 142
29 587
29 771
30 31
30 32
30 38
30 46
30 51
30 52
30 54
30 69
30 72
30 97
30 105
30 125
30 167
30 184
30 192
30 197
30 202
30 234
30 247
30 252
30 254
30 276
30 290
30 308
30 354
30 380
30 406
30 410
30 411
30 467
30 519
30 522
30 524
30 535
30 577
30 599
30 605
30 609
30 622
30 625
30 648
30 650
30 662
30 725
30 779
30 785
30 285
30 93
31 36
31 43
31 44
31 58
31 79
31 83
31 87
31 115
31 128
31 138
31 150
31 155
31 164
31 166
31 265
31 343
31 397
31 413
31 431
31 459
31 491
31 498
31 499
31 513
31 556
31 618
31 635
31 729
31 735
31 467
32 45
32 50
32 67
32 69
32 79
32 87
32 95
32 100
32 101
32 120
32 137
32 155
32 156
32 157
32 165
32 184
32 223
32 226
32 230
32 231
32 264
32 269
32 287
32 315
32 316
32 325
32 326
32 333
32 338
32 399
32 420
32 455
32 474
32 481
32 501
32 551
32 594
32 601
32 635
32 655
32 656
32 661
32 691
32 791
32 579
32 446
32 781
33 34
33 37
33 47
33 49
33 70
33 71
33 76
33 80
33 94
33 107
33 155
33 159
33 161
33 177
33 179
33 187
33 233
33 237
33 243
33 246
33 254
33 265
33 290
33 296
33 353
33 394
33 432
33 436
33 455
33 458
33 490
33 502
33 519
33 561
33 643
33 649
33 712
33 721
33 723
33 725
33 730
33 757
33 637
33 309
33 508
33 544
34 57
34 68
34 69
34 76
34 85
34 91
34 110
34 129
34 145
34 171
34 210
34 233
34 305
34 316
34 322
34 378
34 452
34 453
34 459
34 467
34 576
34 594
34 650
34 665
34 688
34 690
34 703
34 756
34 787
34 454
34 610
35 50
35 58
35 89
35 119
35 130
35 141
35 220
35 284
35 378
35 438
35 471
35 523
35 688
35 752
35 765
36 54
36 67
36 71
36 77
36 79
36 83
36 118
36 123
36 137
36 141
36 147
36 151
36 158
36 183
36 189
36 199
36 209
36 221
36 238
36 254
36 262
36 345
36 350
36 357
36 363
36 367
36 370
36 398
36 410
36 415
36 442
36 448
36 495
36 509
36 519
36 534
36 539
36 556
36 579
36 584
36 599
36 677
36 678
36 722
36 729
36 743
36 790
36 165
36 235
36 407
36 692
36 723
37 43
37 47
37 54
37 103
37 109
37 116
37 141
37 152
37 210
37 229
37 306
37 332
37 383
37 395
37 424
37 459
37 526
37 528
37 611
37 666
37 717
37 748
37 138
37 606
38 46
38 78
38 85
38 93
38 103
38 117
38 155
38 196
38 255
38 293
38 321
38 432
38 555
38 577
38 651
38 717
38 786
38 278
39 42
39 45
39 52
39 55
39 121
39 147
39 149
39 253
39 335
39 522
39 663
39 669
39 756
39 187
39 647
39 764
40 44
40 68
40 71
40 113
40 169
40 189
40 264
40 315
40 337
40 372
40 430
40 637
40 664
40 667
40 682
40 704
40 707
40 374
40 218
41 60
41 66
41 96
41 130
41 145
41 149
41 165
41 179
41 256
41 289
41 313
41 319
41 400
41 403
41 477
41 486
41 496
41 534
41 560
41 675
41 721
41 521
41 327
41 572
41 697
42 45
42 83
42 109
42 164
42 167
42 190
42 191
42 230
42 233
42 259
42 322
42 347
42 376
42 405
42 510
42 637
42 650
42 729
42 796
42 348
43 70
43 85
43 86
43 123
43 136
43 151
43 158
43 221
43 275
43 313
43 341
43 396
43 413
43 422
43 423
43 457
43 482
43 627
43 631
43 692
43 732
43 786
43 798
43 248
43 169
43 672
44 64
44 67
44 85
44 90
44 112
44 127
44 137
44 153
44 156
44 165
44 170
44 180
44 182
44 206
44 212
44 264
44 302
44 319
44 404
44 456
44 471
44 591
44 626
44 667
44 671
44 704
44 715
44 756
44 760
44 764
44 238
44 422
44 700
45 48
45 51
45 65
45 98
45 99
45 114
45 129
45 135
45 160
45 175
45 178
45 190
45 215
45 259
45 290
45 302
45 406
45 429
45 453
45 478
45 491
45 506
45 529
45 612
45 661
45 672
45 685
45 726
46 51
46 71
46 93
46 100
46 136
46 150
46 162
46 163
46 166
46 167
46 199
46 216
46 252
46 277
46 283
46 349
46 407
46 444
46 523
46 578
46 621
46 631
46 641
46 704
46 223
46 650
47 55
47 56
47 62
47 67
47 68
47 70
47 74
47 86
47 89
47 102
47 107
47 109
47 148
47 224
47 229
47 234
47 240
47 272
47 279
47 313
47 346
47 363
47 424
47 512
47 563
47 583
47 591
47 593
47 615
47 644
47 669
47 670
47 695
47 696
47 787
47 343
47 345
48 52
48 59
48 60
48 64
48 77
48 81
48 90
48 92
48 99
48 105
48 143
48 146
48 156
48 159
48 179
48 227
48 237
48 269
48 270
48 296
48 308
48 333
48 352
48 442
48 475
48 482
48 606
48 607
48 624
48 697
48 722
48 778
48 277
48 613
48 787
49 55
49 97
49 170
49 174
49 216
49 274
49 283
49 284
49 409
49 417
49 418
49 454
49 460
49 504
49 582
49 606
49 607
49 705
49 799
49 114
49 557
50 54
50 64
50 92
50 102
50 120
50 143
50 152
50 157
50 161
50 162
50 188
50 196
50 220
50 242
50 262
50 263
50 290
50 305
50 374
50 406
50 427
50 456
50 484
50 575
50 603
50 619
50 623
50 624
50 646
50 733
50 774
50 295
50 525
50 592
50 615
50 717
50 758
51 72
51 96
51 137
51 144
51 148
51 167
51 174
51 179
51 183
51 215
51 217
51 220
51 235
51 256
51 358
51 374
51 481
51 555
51 634
51 710
51 155
51 604
51 642
51 681
51 780
52 87
52 196
52 339
52 391
52 441
52 468
52 485
52 490
52 523
52 628
52 412
52 556
53 56
53 61
53 65
53 151
53 184
53 209
53 262
53 358
53 401
53 471
53 608
53 625
53 666
53 683
53 792
53 170
53 385
53 445
53 523
54 58
54 61
54 63
54 75
54 80
54 99
54 110
54 139
54 142
54 171
54 174
54 183
54 207
54 209
54 245
54 248
54 278
54 284
54 305
54 324
54 338
54 360
54 373
54 386
54 473
54 478
54 534
54 553
54 554
54 564
54 582
54 636
54 639
54 687
54 699
54 713
54 736
54 754
54 778
54 438
54 555
55 66
55 267
55 349
55 355
55 450
55 508
55 643
55 780
55 782
55 131
56 63
56 77
56 93
56 95
56 125
56 148
56 206
56 300
56 311
56 325
56 328
56 734
56 61
56 442
57 64
57 106
57 115
57 122
57 204
57 256
57 303
57 418
57 519
57 630
57 669
57 765
57 62
58 69
58 108
58 112
58 160
58 197
58 206
58 222
58 223
58 231
58 264
58 276
58 301
58 310
58 333
58 358
58 365
58 367
58 429
58 441
58 517
58 526
58 649
58 661
58 742
58 759
58 784
58 533
59 60
59 61
59 62
59 66
59 73
59 79
59 82
59 84
59 91
59 109
59 117
59 125
59 136
59 139
59 142
59 144
59 145
59 147
59 161
59 170
59 176
59 185
59 188
59 198
59 214
59 230
59 295
59 297
59 329
59 336
59 345
59 354
59 357
59 360
59 384
59 385
59 426
59 427
59 447
59 451
59 465
59 474
59 485
59 488
59 494
59 497
59 500
59 512
59 521
59 532
59 536
59 558
59 564
59 588
59 611
59 632
59 652
59 658
59 684
59 703
59 717
59 753
59 768
59 224
59 157
59 250
59 259
59 378
59 476
59 511
59 595
59 645
59 667
59 678
60 64
60 86
60 106
60 107
60 121
60 143
60 164
60 165
60 168
60 187
60 215
60 242
60 250
60 281
60 303
60 310
60 317
60 338
60 381
60 398
60 419
60 435
60 441
60 449
60 464
60 467
60 494
60 514
60 532
60 533
60 614
60 615
60 620
60 645
60 668
60 692
60 677
60 192
60 560
61 71
61 85
61 87
61 91
61 151
61 203
61 214
61 362
61 543
61 639
61 187
61 243
61 506
61 635
62 269
62 308
62 371
62 419
62 438
62 608
62 647
62 680
62 768
62 237
63 88
63 111
63 130
63 138
63 153
63 159
63 276
63 312
63 314
63 317
63 388
63 391
63 504
63 552
63 598
63 687
63 744
63 536
64 73
64 181
64 195
64 226
64 283
64 404
64 420
64 505
64 739
64 796
64 799
65 81
65 92
65 138
65 166
65 231
65 238
65 255
65 273
65 287
65 294
65 316
65 387
65 425
65 434
65 492
65 545
65 553
65 597
65 609
65 637
65 668
65 721
65 523
65 282
66 144
66 189
66 297
66 306
66 319
66 339
66 386
66 415
66 595
66 605
66 606
66 634
66 667
66 697
66 720
66 743
66 792
66 157
66 70
66 449
66 593
67 76
67 85
67 101
67 107
67 115
67 129
67 142
67 152
67 167
67 174
67 177
67 201
67 206
67 222
67 248
67 281
67 285
67 297
67 344
67 362
67 380
67 388
67 402
67 409
67 443
67 462
67 463
67 512
67 533
67 537
67 540
67 559
67 568
67 644
67 725
67 734
67 738
67 791
67 557
67 208
67 337
67 674
68 71
68 82
68 94
68 104
68 123
68 130
68 149
68 228
68 236
68 238
68 249
68 261
68 271
68 288
68 294
68 448
68 470
68 526
68 576
68 592
68 596
68 617
68 645
68 657
68 702
68 742
68 744
68 781
68 345
69 74
69 79
69 80
69 103
69 122
69 185
69 214
69 218
69 220
69 236
69 261
69 351
69 433
69 448
69 461
69 604
69 627
69 679
69 683
69 778
69 793
69 173
69 324
70 92
70 105
70 107
70 116
70 122
70 139
70 150
70 176
70 180
70 259
70 271
70 289
70 295
70 325
70 327
70 342
70 373
70 420
70 465
70 499
70 561
70 563
70 570
70 592
70 636
70 663
70 772
70 202
71 77
71 103
71 107
71 244
71 268
71 285
71 317
71 439
71 518
71 555
71 719
71 611
72 82
72 137
72 299
72 301
72 329
72 379
72 408
72 427
72 464
72 550
72 742
72 744
72 97
72 747
73 75
73 84
73 97
73 168
73 224
73 228
73 288
73 383
73 385
73 483
73 488
73 531
73 577
73 602
73 632
73 673
73 312
73 334
73 389
74 80
74 81
74 104
74 105
74 116
74 214
74 237
74 255
74 256
74 280
74 320
74 428
74 460
74 498
74 544
74 580
74 598
74 713
74 240
74 715
75 81
75 82
75 88
75 96
75 114
75 150
75 172
75 192
75 210
75 213
75 230
75 231
75 267
75 275
75 288
75 308
75 410
75 420
75 427
75 440
75 518
75 565
75 567
75 582
75 618
75 625
75 757
75 227
75 303
75 469
76 132
76 133
76 257
76 301
76 343
76 388
76 413
76 416
76 457
76 459
76 460
76 483
76 505
76 544
76 675
76 722
76 150
76 577
77 94
77 104
77 127
77 154
77 207
77 218
77 291
77 306
77 381
77 386
77 388
77 423
77 435
77 452
77 516
77 608
77 626
77 725
77 742
77 192
77 234
77 264
77 519
78 133
78 147
78 191
78 205
78 207
78 214
78 219
78 251
78 729
78 753
78 761
78 550
78 165
78 298
79 91
79 93
79 116
79 126
79 160
79 208
79 228
79 240
79 241
79 250
79 275
79 296
79 381
79 415
79 435
79 473
79 477
79 512
79 549
79 581
79 584
79 672
79 701
79 783
79 788
79 797
79 134
79 268
79 350
79 351
79 447
79 663
80 99
80 165
80 167
80 237
80 245
80 272
80 374
80 417
80 443
80 503
80 540
80 564
80 651
80 789
81 192
81 225
81 330
81 479
82 103
82 120
82 153
82 161
82 290
82 383
82 440
82 528
82 629
82 651
82 764
82 286
82 514
83 123
83 155
83 162
83 163
83 175
83 185
83 250
83 267
83 313
83 338
83 342
83 344
83 367
83 407
83 506
83 566
83 569
83 592
83 711
83 789
83 122
83 502
83 532
83 622
84 105
84 117
84 155
84 186
84 228
84 410
84 506
84 592
84 627
84 653
84 700
84 424
84 113
85 103
85 177
85 185
85 195
85 243
85 254
85 256
85 266
85 558
85 566
85 599
85 602
85 654
85 727
85 140
86 113
86 176
86 212
86 218
86 308
86 451
86 460
86 504
86 530
86 577
86 615
86 616
86 712
86 670
86 494
87 210
87 259
87 304
87 322
87 331
87 365
87 401
87 566
87 645
87 690
87 773
87 799
87 388
87 760
88 123
88 134
88 135
88 203
88 207
88 247
88 360
88 392
88 603
88 643
88 492
88 164
88 466
89 93
89 108
89 120
89 236
89 326
89 343
89 389
89 426
89 441
89 461
89 589
89 775
89 522
90 98
90 102
90 114
90 131
90 141
90 178
90 189
90 193
90 234
90 321
90 336
90 352
90 477
90 538
90 550
90 552
90 678
90 727
90 737
90 746
90 747
90 768
90 153
90 238
90 426
90 664
91 100
91 173
91 235
91 345
91 432
91 445
91 591
91 642
91 748
91 751
91 768
91 612
92 114
92 117
92 157
92 181
92 185
92 200
92 217
92 226
92 459
92 572
92 598
92 622
92 714
92 763
92 764
92 503
92 285
92 363
93 116
93 149
93 162
93 186
93 204
93 443
93 602
93 723
94 227
94 328
94 408
94 519
94 638
94 531
94 211
94 580
95 97
95 99
95 100
95 128
95 135
95 162
95 172
95 184
95 208
95 239
95 261
95 268
95 281
95 382
95 406
95 417
95 422
95 433
95 439
95 475
95 535
95 568
95 616
95 664
95 713
95 766
95 768
95 151
95 179
96 122
96 184
96 189
96 279
96 289
96 326
96 421
96 425
96 460
96 494
96 691
96 718
96 148
97 133
97 249
97 295
97 312
97 346
97 364
97 397
97 462
97 483
97 514
97 572
97 586
97 637
97 667
97 716
97 759
97 194
97 545
97 547
98 105
98 134
98 208
98 286
98 331
98 340
98 378
98 467
98 478
98 495
98 560
98 577
98 650
98 793
99 205
99 216
99 282
99 289
99 294
99 299
99 319
99 323
99 373
99 386
99 421
99 449
99 501
99 544
99 646
99 652
99 707
99 183
99 261
100 113
100 158
100 159
100 193
100 244
100 251
100 323
100 397
100 516
100 578
100 647
100 657
100 688
100 444
100 507
101 138
101 141
101 186
101 291
101 314
101 403
101 450
101 565
101 590
101 613
101 667
101 730
101 712
102 178
102 232
102 244
102 260
102 301
102 306
102 313
102 320
102 329
102 357
102 428
102 434
102 507
102 542
102 561
102 727
102 764
102 796
102 172
102 459
103 108
103 129
103 131
103 156
103 171
103 180
103 196
103 233
103 241
103 314
103 323
103 336
103 351
103 359
103 372
103 412
103 433
103 450
103 473
103 508
103 511
103 524
103 533
103 570
103 656
103 660
103 663
103 731
104 118
104 172
104 203
104 207
104 209
104 222
104 322
104 358
104 498
104 599
104 401
105 114
105 139
105 199
105 215
105 251
105 293
105 299
105 356
105 432
105 451
105 480
105 566
105 573
106 125
106 132
106 163
106 164
106 166
106 216
106 236
106 242
106 271
106 276
106 364
106 392
106 435
106 574
106 671
106 790
106 467
106 193
107 109
107 227
107 261
107 354
107 366
107 469
107 520
107 525
107 600
107 617
107 640
107 424
108 111
108 148
108 177
108 197
108 225
108 343
108 372
108 378
108 404
108 464
108 486
108 549
108 595
108 638
108 687
108 775
108 777
108 143
108 123
109 143
109 188
109 223
109 229
109 239
109 273
109 313
109 326
109 370
109 393
109 407
109 537
109 539
109 547
109 553
109 570
109 580
109 613
109 639
109 650
109 656
109 698
109 708
109 753
109 763
109 769
109 130
109 111
109 195
109 452
109 483
109 611
110 181
110 272
110 293
110 310
110 344
110 539
110 587
110 620
110 624
110 660
110 686
111 139
111 146
111 243
111 263
111 273
111 361
111 476
111 483
111 494
111 505
111 554
111 580
111 682
111 758
111 349
111 762
112 127
112 140
112 198
112 205
112 220
112 295
112 296
112 301
112 490
112 572
112 644
112 744
112 339
113 150
113 173
113 225
113 262
113 328
113 431
113 537
113 589
114 150
114 152
114 184
114 208
114 239
114 244
114 253
114 280
114 288
114 297
114 329
114 363
114 381
114 400
114 471
114 521
114 532
114 619
114 669
114 680
114 774
114 780
114 798
114 717
115 128
115 129
115 157
115 175
115 202
115 219
115 247
115 292
115 346
115 348
115 356
115 374
115 379
115 438
115 445
115 476
115 484
115 541
115 560
115 587
115 588
115 606
115 611
115 775
115 490
116 129
116 169
116 234
116 318
116 377
116 461
116 492
116 520
116 639
116 687
116 705
116 721
116 731
116 560
116 314
116 564
117 176
117 189
117 201
117 287
117 290
117 384
117 454
117 466
117 493
117 509
117 528
117 529
117 572
117 620
117 672
117 718
117 124
118 154
118 170
118 203
118 475
118 754
118 145
119 123
119 261
119 288
119 392
119 472
119 481
119 678
119 726
119 749
119 614
120 204
120 257
120 300
120 355
120 444
120 449
120 455
120 521
120 600
120 684
120 794
120 320
121 154
121 352
121 487
121 524
121 292
121 492
122 125
122 146
122 201
122 527
122 570
122 579
122 589
122 593
122 647
122 666
122 750
122 528
123 126
123 130
123 141
123 149
123 150
123 227
123 232
123 234
123 287
123 332
123 465
123 540
123 568
123 645
123 705
123 706
123 738
124 132
124 136
124 153
124 225
124 230
124 252
124 306
124 348
124 390
124 455
124 552
124 583
124 720
124 747
124 352
124 756
125 196
125 410
125 467
125 590
125 646
125 786
125 273
125 605
126 146
126 165
126 231
126 292
126 314
126 393
126 511
126 523
126 127
127 144
127 164
127 226
127 280
127 425
127 446
127 470
127 517
127 547
127 684
127 729
127 740
127 748
127 375
128 137
128 187
128 203
128 248
128 256
128 277
128 346
128 350
128 365
128 404
128 547
128 559
128 698
128 709
128 745
128 749
128 633
128 669
129 132
129 182
129 255
129 319
129 369
129 415
129 418
129 434
129 472
129 564
129 692
129 706
129 775
129 799
130 158
130 168
130 177
130 179
130 182
130 272
130 343
130 381
130 509
130 596
130 598
130 602
130 615
130 618
130 629
130 638
130 671
130 707
130 773
130 363
130 136
131 133
131 198
131 212
131 218
131 262
131 282
131 306
131 320
131 330
131 335
131 351
131 398
131 419
131 428
131 442
131 444
131 474
131 536
131 588
131 624
131 720
131 735
131 646
131 453
131 659
132 140
132 199
132 211
132 213
132 311
132 356
132 357
132 375
132 502
132 576
132 675
132 722
132 596
132 265
133 145
133 260
133 441
133 574
133 785
134 164
134 171
134 178
134 202
134 211
134 240
134 257
134 264
134 273
134 297
134 430
134 448
134 497
134 548
134 553
134 558
134 561
134 581
134 587
134 674
134 739
134 790
134 634
135 166
135 175
135 188
135 336
135 355
135 377
135 410
135 417
135 435
135 550
135 648
135 738
135 399
136 258
136 266
136 274
136 347
136 355
136 379
136 396
136 636
136 641
136 669
136 708
136 746
136 665
136 738
137 236
137 513
137 589
137 673
137 691
137 705
137 742
137 769
137 623
138 171
138 200
138 225
138 257
138 270
138 312
138 324
138 362
138 510
138 530
138 558
138 604
138 691
138 724
138 766
138 329
138 464
139 194
139 209
139 524
139 567
139 591
139 144
140 162
140 304
140 316
140 323
140 330
140 380
140 405
140 408
140 625
140 745
140 760
140 679
141 200
141 219
141 282
141 426
141 645
141 749
141 779
141 588
142 161
142 174
142 284
142 309
142 347
142 376
142 457
142 679
142 753
142 456
143 221
143 312
143 359
143 423
143 462
143 477
143 522
143 537
143 691
143 701
143 186
143 792
144 170
144 213
144 345
144 714
144 340
145 327
145 411
145 424
145 437
145 454
145 779
146 192
146 226
146 234
146 237
146 240
146 265
146 278
146 303
146 390
146 617
146 644
146 785
146 198
146 299
146 489
147 232
147 253
147 284
147 401
147 450
147 612
147 748
147 485
147 322
148 232
148 249
148 266
148 275
148 327
148 367
148 377
148 466
148 513
148 610
148 665
148 676
148 689
148 690
148 580
148 254
148 778
149 160
149 162
149 213
149 264
149 330
149 365
149 434
149 531
149 555
149 638
149 646
149 682
149 657
150 160
150 221
150 347
150 382
150 469
150 774
150 210
150 236
150 279
151 167
151 199
151 266
151 275
151 285
151 437
151 471
151 493
151 505
151 515
151 563
151 571
151 622
151 695
151 710
152 159
152 217
152 224
152 247
152 360
152 516
152 517
152 541
152 586
152 678
152 680
153 218
153 227
153 243
153 307
153 394
153 580
153 583
153 596
153 628
153 659
153 694
154 201
154 219
154 295
154 311
154 346
154 347
154 392
154 405
154 446
154 562
154 584
154 743
154 771
154 270
155 217
155 342
155 379
155 425
155 434
155 438
155 163
156 205
156 329
156 426
156 434
156 458
156 609
156 666
156 787
156 793
156 247
157 200
157 202
157 260
157 268
157 322
157 538
158 248
158 420
158 430
158 548
158 734
158 742
158 770
158 646
159 385
159 419
159 681
159 705
159 740
160 188
160 195
160 223
160 334
160 756
160 260
160 307
161 200
161 204
161 269
161 336
161 387
161 424
161 452
161 463
161 591
161 709
161 329
161 342
162 197
162 272
162 431
162 696
162 773
163 219
163 249
163 270
163 315
163 317
163 373
163 431
163 567
163 573
164 551
164 558
164 596
164 649
164 706
164 790
164 372
165 183
165 202
165 307
165 398
165 496
165 527
165 570
165 582
165 733
165 789
165 735
166 191
166 235
166 242
166 469
166 588
166 227
167 294
167 349
167 370
167 436
167 623
167 667
167 789
167 368
167 690
168 169
168 354
168 430
168 485
168 527
168 548
168 660
168 729
168 778
168 738
168 197
168 294
168 429
168 458
169 170
169 187
169 218
169 224
169 253
169 255
169 299
169 363
169 517
169 603
169 787
169 791
169 796
169 311
169 637
170 187
170 229
170 386
170 433
170 466
170 646
171 193
171 194
171 293
171 354
171 409
171 486
171 575
171 589
171 599
171 619
171 758
171 503
171 475
171 726
172 180
172 188
172 253
172 328
172 454
172 500
172 542
172 574
172 600
172 610
172 629
172 267
173 212
173 221
173 231
173 248
173 258
173 299
173 334
173 382
173 433
173 442
173 617
173 653
173 747
173 781
173 308
173 477
173 529
174 640
174 750
174 468
174 221
175 246
175 276
175 416
175 462
175 526
175 529
175 660
175 748
176 210
176 258
176 498
176 610
176 613
176 638
176 675
176 678
176 778
176 344
176 270
176 742
177 327
177 412
177 437
177 494
177 639
177 727
178 196
178 404
179 284
179 557
180 235
180 279
180 534
180 760
180 364
180 776
181 199
181 227
181 260
181 291
181 346
181 394
181 399
181 422
181 423
181 510
181 556
181 777
181 714
182 338
182 535
182 695
182 717
182 769
182 707
182 397
183 223
183 259
183 444
183 480
183 701
183 715
184 200
184 219
184 232
184 238
184 339
184 413
184 193
184 683
184 763
185 186
185 311
185 375
185 421
185 572
185 602
185 769
185 347
185 791
186 194
186 216
186 350
186 352
186 520
187 261
187 280
187 298
187 300
187 339
187 400
187 463
187 578
187 635
187 699
187 769
187 210
187 364
188 229
188 255
188 297
188 356
188 383
188 443
188 553
188 592
188 786
188 576
189 207
189 222
189 282
189 324
189 339
189 397
189 432
189 516
189 521
189 542
189 650
189 711
189 766
189 795
189 430
189 641
190 217
190 222
190 242
190 331
190 585
190 627
190 693
190 739
190 512
190 338
191 193
191 265
191 368
191 418
191 488
191 611
191 369
191 695
192 238
192 240
192 565
193 201
193 223
193 245
193 246
193 273
193 334
193 353
193 376
193 439
193 523
193 537
193 546
193 657
193 696
193 738
193 421
193 432
194 263
194 265
194 310
194 473
194 490
194 559
194 585
194 684
194 248
194 450
195 324
195 452
196 258
196 300
196 441
196 488
196 557
196 633
196 655
196 700
196 713
196 751
196 761
196 358
196 589
196 626
197 310
197 499
197 730
197 761
198 260
198 341
198 380
198 489
198 560
198 720
198 788
198 790
198 474
198 696
199 302
199 330
199 436
199 474
199 477
199 669
199 751
199 797
199 394
199 548
200 258
200 333
200 342
200 387
200 466
200 489
200 539
200 584
200 757
200 504
201 376
201 513
201 533
201 560
201 628
201 667
201 719
201 389
202 271
202 336
202 383
202 401
202 483
202 495
202 599
202 616
202 631
203 220
203 277
203 282
203 386
203 391
203 608
203 730
203 735
203 778
204 224
204 274
204 286
204 334
204 478
204 291
205 468
205 588
205 292
206 325
206 495
206 508
206 623
206 696
206 512
207 209
207 398
207 436
207 606
207 612
207 352
207 403
208 251
208 280
208 300
208 304
208 307
208 337
208 364
208 365
208 569
208 729
209 294
209 450
209 664
209 689
209 698
209 707
209 712
209 795
210 268
210 336
210 359
210 363
210 368
210 383
210 395
210 437
210 699
210 516
211 271
211 324
211 352
211 452
211 491
211 492
211 790
212 402
212 599
212 321
213 255
213 263
213 269
213 298
213 303
213 330
213 546
213 703
213 747
213 784
213 648
213 734
214 256
214 344
214 371
214 474
214 490
214 548
214 741
214 758
214 766
215 247
215 282
215 460
215 655
216 277
216 357
216 392
216 406
216 531
216 670
216 709
216 776
216 778
216 220
216 339
217 287
217 303
217 309
217 555
217 346
217 332
218 309
218 597
218 675
218 692
218 472
219 391
219 448
219 513
219 554
219 689
219 732
219 303
219 585
220 375
220 792
220 223
220 410
220 493
221 237
221 412
221 724
221 767
222 235
222 267
222 272
222 295
222 307
222 440
222 522
222 543
222 605
222 493
222 356
222 467
223 288
223 311
223 425
223 679
224 285
224 349
224 481
225 253
225 267
225 320
225 348
225 457
225 464
225 626
225 668
225 677
225 679
225 540
225 755
227 241
227 252
227 334
227 390
227 396
227 413
227 644
227 739
227 784
227 616
228 274
228 282
228 300
228 337
228 351
228 525
228 609
228 676
228 712
228 306
228 571
229 346
229 369
229 414
229 421
229 454
229 514
229 614
229 728
229 772
229 373
230 316
230 367
230 557
230 631
230 643
230 741
230 795
230 330
231 278
231 293
231 302
231 323
231 510
231 586
231 779
232 674
232 697
232 555
233 372
233 284
234 274
234 335
234 581
234 715
235 291
235 651
235 702
236 531
236 622
236 661
236 775
236 779
236 515
236 601
237 268
237 283
237 291
237 302
237 318
237 340
237 366
237 409
237 511
237 524
237 551
237 627
237 668
237 692
237 510
237 795
238 281
238 453
238 463
238 535
238 699
239 244
239 287
239 308
239 323
239 388
239 525
239 573
239 579
239 659
239 662
239 690
239 770
240 384
241 249
241 283
241 309
241 340
241 390
241 468
241 537
241 560
241 579
241 734
241 413
242 279
242 303
242 335
242 363
242 458
242 465
242 506
242 553
242 603
242 664
242 687
242 724
242 725
242 755
242 278
243 254
243 299
243 459
243 491
243 544
243 557
243 622
243 676
243 700
243 750
243 765
244 252
244 294
244 358
244 442
244 466
244 611
244 759
244 770
244 749
245 246
245 682
246 318
246 332
246 353
246 369
246 402
246 498
246 595
246 739
246 499
246 391
246 614
247 258
247 285
247 342
247 564
247 641
247 645
247 654
247 659
247 661
247 740
247 302
248 407
248 305
249 340
249 510
249 588
249 597
249 608
249 731
249 315
250 284
250 364
250 504
250 594
250 618
251 369
251 426
251 552
251 682
251 751
251 797
252 340
252 399
252 462
252 545
252 670
252 392
253 328
253 366
253 621
253 688
253 732
253 266
253 773
254 320
254 331
254 374
254 487
254 519
254 684
254 774
254 796
254 703
255 322
255 362
255 664
255 705
255 723
255 750
255 563
256 582
257 504
258 298
258 314
258 331
258 396
258 496
258 660
258 769
258 423
259 379
259 412
259 528
259 579
259 653
259 662
259 393
260 455
260 711
261 266
261 432
261 551
261 796
262 270
262 278
262 333
262 341
262 360
262 361
262 369
262 430
262 439
262 531
262 616
262 738
262 292
263 376
263 413
263 511
263 562
263 718
263 728
263 659
264 299
264 583
264 320
264 618
265 325
265 327
265 355
265 374
265 495
265 752
265 415
266 281
266 344
266 356
266 384
266 750
267 479
267 540
267 690
267 762
267 323
267 470
268 587
269 276
269 289
269 361
269 400
269 686
269 696
269 785
269 307
270 286
270 305
270 555
270 665
270 772
270 775
270 340
271 304
271 400
271 466
271 493
271 359
272 310
272 323
272 595
272 733
272 739
272 754
272 755
273 280
273 281
273 370
273 412
273 746
273 656
274 643
274 794
274 584
274 603
275 371
275 388
275 601
275 654
275 748
275 668
276 378
276 385
276 394
276 520
276 538
276 699
276 767
277 339
278 298
278 308
278 326
278 497
278 700
278 793
278 365
279 301
279 318
279 378
279 481
279 595
279 605
279 630
279 719
279 737
279 590
280 351
280 365
280 371
280 506
280 549
280 604
280 712
280 382
280 347
281 538
281 711
281 580
281 708
282 440
282 456
282 575
282 605
282 615
282 706
283 286
283 442
283 715
283 355
284 296
284 417
284 475
284 573
284 594
284 752
284 285
284 331
284 578
285 305
285 368
285 407
285 418
285 419
285 481
285 518
285 666
285 695
285 722
286 338
286 449
286 543
286 546
286 630
286 790
286 793
286 724
287 292
287 340
287 487
287 586
287 755
288 335
288 381
288 524
288 676
288 751
289 315
289 380
289 432
289 463
289 545
289 798
289 513
289 430
290 402
290 608
290 621
291 353
292 310
292 380
292 393
292 403
292 430
292 456
292 460
292 486
292 578
292 588
292 600
292 626
292 795
292 469
293 312
293 314
293 317
293 355
293 578
293 721
293 747
293 763
295 464
295 515
295 677
295 770
295 661
296 475
296 569
296 734
296 765
296 796
296 427
296 500
297 397
297 516
297 635
297 298
297 471
298 356
299 469
299 523
299 544
299 565
299 709
299 326
299 652
300 320
300 385
300 552
301 516
301 543
301 548
301 768
301 494
301 644
302 307
302 412
302 439
302 529
302 684
302 772
302 779
302 671
303 304
303 543
304 408
304 426
304 497
304 550
304 618
304 373
305 402
305 586
305 605
305 646
305 685
306 618
306 638
306 559
307 753
307 784
307 512
307 759
308 475
308 444
309 395
309 542
309 720
310 439
310 510
310 728
310 542
311 494
311 502
311 642
312 457
312 631
312 713
312 456
313 571
313 614
314 361
314 387
314 426
314 467
314 478
314 568
314 735
315 364
315 471
315 515
315 520
315 590
315 646
315 689
316 335
316 511
316 546
316 633
316 671
316 694
316 716
316 745
317 321
317 394
317 469
317 504
317 649
317 662
318 409
318 568
318 741
318 354
318 607
318 621
318 657
319 411
319 634
319 778
319 790
320 508
320 559
320 608
320 631
320 649
321 349
321 449
321 464
321 479
321 480
321 559
321 565
321 647
321 663
321 758
321 609
321 387
321 417
322 334
322 335
322 337
322 448
322 498
322 684
323 458
323 503
323 509
323 548
323 554
323 587
323 743
324 438
324 637
324 688
324 699
324 482
325 601
325 662
325 425
326 698
326 765
326 420
327 677
328 359
328 436
328 465
328 502
328 781
328 431
328 767
329 405
329 636
329 692
330 343
330 481
330 487
330 533
330 658
330 665
330 731
330 762
330 772
330 512
331 456
331 595
331 648
331 755
331 781
332 368
332 476
332 604
332 610
333 484
333 562
333 789
333 787
333 568
334 557
335 418
335 440
335 693
335 478
335 775
336 345
336 382
336 419
336 640
336 727
336 347
337 348
337 358
337 408
337 529
337 628
337 788
338 350
338 542
338 617
338 659
338 787
338 727
339 366
339 416
339 451
340 400
340 723
340 777
340 461
340 627
341 755
341 420
342 368
342 399
342 573
342 708
343 382
343 394
343 404
343 415
343 433
343 436
343 461
343 466
343 670
343 370
344 462
344 514
344 535
345 417
345 486
345 577
345 585
345 776
345 384
346 581
346 442
347 458
347 530
347 551
347 582
347 652
347 768
348 360
348 401
348 532
348 647
348 716
348 365
350 384
350 762
351 447
351 544
351 558
352 364
352 493
352 540
352 552
353 693
353 776
353 636
353 354
353 379
353 746
354 457
354 556
354 733
354 790
355 393
355 497
355 536
355 441
356 421
356 446
356 590
356 653
357 415
357 571
357 639
359 368
359 700
360 563
360 575
361 367
361 412
361 433
361 603
361 701
361 513
361 774
362 376
362 385
362 654
362 683
362 543
362 463
363 615
363 668
363 677
363 435
363 530
364 472
364 489
364 565
364 570
365 503
365 651
366 660
366 689
366 553
367 392
367 430
367 447
367 491
367 525
367 567
367 600
367 613
367 415
367 682
368 479
368 485
368 500
368 620
368 707
368 782
369 541
369 610
369 644
370 447
371 390
371 761
371 504
372 395
372 403
372 487
372 489
372 556
372 568
372 632
373 407
373 488
373 582
373 710
373 723
373 791
374 540
374 786
374 520
375 532
375 781
375 676
376 384
376 535
376 546
376 570
376 751
376 520
377 501
377 657
378 420
378 761
379 399
379 490
379 581
379 779
379 522
380 681
380 724
380 730
380 668
381 382
381 401
381 480
381 731
381 412
381 478
382 446
382 468
382 476
382 482
382 643
382 480
382 586
382 789
383 429
383 501
383 509
383 695
383 446
384 456
384 693
385 500
385 530
385 603
386 549
387 424
387 727
388 425
388 541
388 765
388 779
389 579
390 443
390 777
392 565
392 742
392 622
394 398
394 492
394 538
394 612
394 706
394 718
394 546
395 437
395 749
395 767
395 698
396 404
396 461
396 795
396 649
396 418
397 558
397 688
398 520
398 580
398 682
398 798
398 654
399 462
399 593
399 616
399 672
399 726
399 799
399 688
399 448
400 582
400 604
400 610
401 482
401 577
401 657
401 722
401 750
402 492
402 522
402 525
402 528
402 566
402 645
402 757
402 737
403 680
404 445
405 450
405 723
405 577
405 591
406 446
406 569
406 641
407 503
407 534
407 584
407 732
408 465
408 467
409 519
409 579
411 518
411 509
412 429
412 438
412 473
412 508
412 557
412 609
412 749
413 538
413 671
413 754
413 782
414 449
414 531
414 705
415 434
415 554
415 780
416 600
417 569
417 611
417 783
417 797
418 473
419 465
421 533
421 689
422 517
422 536
422 561
422 791
422 748
423 579
423 765
425 641
426 586
426 685
426 691
427 614
427 619
427 650
427 702
427 564
429 561
429 658
429 763
430 483
430 631
430 669
430 757
431 532
431 567
431 699
431 762
432 437
432 489
432 706
432 728
433 453
433 593
433 781
433 681
434 507
434 630
434 596
434 736
435 533
435 609
435 770
436 470
436 535
436 636
436 730
436 779
436 588
436 653
436 658
437 515
437 563
437 593
437 658
437 774
439 502
439 518
439 553
439 557
439 659
439 762
439 565
439 524
439 598
440 700
440 480
442 673
442 676
442 724
443 773
444 740
444 793
445 496
445 508
445 613
445 625
445 716
445 792
446 674
447 449
447 492
447 736
448 607
449 752
450 487
450 526
450 574
450 615
450 623
450 628
450 629
451 634
451 678
451 602
453 508
453 648
453 673
453 703
454 620
455 527
455 697
456 567
456 693
456 697
457 514
457 539
457 633
457 648
457 736
457 782
457 654
459 476
459 495
459 545
459 587
459 656
459 716
462 617
462 651
462 694
463 474
463 566
463 627
463 632
463 653
464 593
464 732
465 484
465 487
465 496
465 754
466 680
467 530
467 681
468 602
468 661
469 489
469 597
469 624
469 737
469 771
470 578
473 513
473 541
473 786
474 753
475 726
475 542
475 628
476 491
476 616
476 794
477 679
477 687
478 501
478 526
478 695
479 630
481 795
482 562
482 680
482 737
483 507
484 584
484 606
485 614
485 727
486 687
488 632
488 691
488 719
489 554
489 559
489 583
489 614
489 656
491 563
493 763
494 540
495 716
496 685
496 767
497 661
498 679
498 741
499 656
499 657
499 568
499 565
501 552
501 643
503 640
503 720
503 759
504 686
504 671
505 655
505 674
506 517
509 574
510 517
512 693
514 607
514 707
514 784
515 623
515 649
516 609
516 611
518 524
518 550
518 569
518 666
518 694
519 673
519 782
520 636
521 537
521 542
522 771
523 549
523 668
523 734
523 550
525 651
525 701
526 629
526 788
526 662
527 580
527 621
527 704
527 548
527 733
528 556
528 563
528 576
528 618
528 764
529 620
529 724
529 759
529 617
529 751
530 600
531 623
531 708
531 783
533 632
533 676
534 590
534 602
534 632
534 579
535 585
535 573
536 674
537 594
537 607
537 781
537 586
538 674
539 551
539 763
540 690
540 770
540 714
541 570
542 551
542 723
544 716
545 792
546 637
547 551
547 603
547 754
548 597
549 634
550 633
550 734
551 707
551 744
552 675
553 567
553 683
553 702
553 726
553 753
555 686
558 576
559 569
559 797
559 725
560 670
560 629
561 621
561 561
563 585
563 604
564 730
565 636
565 659
565 797
566 740
566 782
566 745
567 607
567 764
570 592
570 710
573 654
573 776
574 642
575 775
575 695
576 672
577 626
577 671
579 664
579 704
579 770
580 581
580 640
580 686
580 717
581 689
581 710
581 585
582 748
582 792
583 713
583 741
583 664
586 720
586 736
588 646
588 776
589 750
589 773
589 791
590 683
591 628
592 687
592 711
592 766
592 772
592 779
595 663
595 666
596 681
596 756
596 771
597 639
599 601
599 788
600 612
600 613
600 673
600 760
600 670
603 770
605 719
606 766
607 622
607 740
608 721
609 622
611 722
611 751
612 733
613 663
614 628
614 685
615 677
616 620
618 766
619 647
619 672
620 664
621 744
623 674
623 678
623 739
624 749
625 709
626 630
628 670
630 763
631 789
633 758
633 798
633 689
634 767
635 773
635 796
635 685
636 795
636 706
637 715
637 718
637 732
640 762
642 665
642 710
642 785
646 759
647 758
648 718
651 717
652 680
653 757
653 777
654 747
656 757
658 681
659 771
660 704
660 790
660 713
661 665
662 664
662 678
663 675
664 670
664 718
667 728
668 735
668 780
670 694
670 797
671 697
671 705
672 744
674 786
676 700
676 677
677 703
679 714
679 749
679 730
680 725
680 780
680 786
681 698
681 712
684 748
685 741
686 784
686 751
687 756
687 773
690 755
690 764
693 766
693 788
695 787
697 794
699 711
699 754
701 754
701 708
704 715
705 769
707 737
713 755
714 715
719 750
719 772
720 726
721 782
722 747
725 798
727 761
728 746
729 795
730 772
731 794
737 743
738 743
739 790
740 746
748 754
758 761
769 777
773 797
778 793
784 792