246113081
15
800
11779
0 15
0 16
0 17
0 20
0 21
0 22
0 23
0 24
0 25
0 29
0 36
0 38
0 40
0 46
0 49
0 50
0 54
0 58
0 60
0 61
0 64
0 66
0 81
0 86
0 93
0 108
0 116
0 139
0 140
0 158
0 170
0 195
0 207
0 210
0 216
0 217
0 232
0 262
0 314
0 328
0 339
0 343
0 352
0 354
0 356
0 361
0 375
0 392
0 418
0 421
0 442
0 444
0 450
0 457
0 477
0 493
0 518
0 528
0 538
0 557
0 568
0 571
0 573
0 585
0 598
0 654
0 679
0 759
0 770
0 780
1 15
1 16
1 17
1 18
1 19
1 20
1 25
1 26
1 27
1 30
1 33
1 34
1 35
1 36
1 37
1 43
1 48
1 49
1 54
1 55
1 57
1 59
1 65
1 68
1 69
1 86
1 87
1 89
1 92
1 94
1 99
1 105
1 110
1 112
1 115
1 117
1 118
1 120
1 124
1 126
1 134
1 155
1 159
1 160
1 168
1 179
1 188
1 191
1 205
1 209
1 210
1 219
1 221
1 230
1 250
1 253
1 264
1 265
1 291
1 293
1 312
1 313
1 322
1 345
1 364
1 394
1 400
1 429
1 433
1 442
1 446
1 451
1 455
1 456
1 485
1 487
1 494
1 502
1 525
1 527
1 528
1 538
1 541
1 542
1 545
1 548
1 599
1 656
1 674
1 680
1 685
1 692
1 731
1 740
1 760
1 770
1 780
1 783
2 15
2 16
2 18
2 19
2 20
2 22
2 23
2 26
2 29
2 30
2 33
2 47
2 49
2 51
2 88
2 96
2 115
2 116
2 131
2 154
2 172
2 187
2 194
2 209
2 228
2 229
2 243
2 245
2 327
2 359
2 365
2 376
2 384
2 415
2 417
2 517
2 552
2 574
2 617
2 677
2 685
2 703
2 788
2 796
3 15
3 17
3 18
3 22
3 23
3 24
3 25
3 26
3 28
3 30
3 31
3 37
3 38
3 39
3 40
3 41
3 42
3 44
3 47
3 49
3 50
3 54
3 56
3 65
3 67
3 69
3 74
3 78
3 81
3 83
3 104
3 115
3 134
3 138
3 141
3 143
3 145
3 153
3 178
3 181
3 191
3 199
3 237
3 286
3 292
3 316
3 319
3 324
3 333
3 341
3 367
3 386
3 387
3 428
3 432
3 438
3 441
3 457
3 481
3 490
3 496
3 510
3 516
3 521
3 526
3 544
3 579
3 584
3 590
3 620
3 630
3 643
3 656
3 670
3 683
3 706
3 717
3 728
3 771
3 776
4 15
4 16
4 17
4 18
4 19
4 20
4 21
4 22
4 24
4 25
4 27
4 32
4 34
4 35
4 37
4 39
4 40
4 48
4 49
4 65
4 80
4 83
4 92
4 96
4 98
4 106
4 109
4 115
4 126
4 127
4 129
4 137
4 146
4 147
4 148
4 162
4 169
4 170
4 172
4 174
4 176
4 188
4 195
4 205
4 207
4 245
4 252
4 254
4 263
4 273
4 288
4 292
4 294
4 298
4 307
4 317
4 323
4 347
4 352
4 387
4 396
4 471
4 499
4 520
4 529
4 539
4 558
4 568
4 578
4 595
4 606
4 614
4 623
4 647
4 691
4 716
4 721
4 723
4 741
4 747
4 754
5 15
5 16
5 17
5 18
5 20
5 26
5 27
5 29
5 30
5 45
5 60
5 78
5 82
5 91
5 95
5 105
5 136
5 157
5 162
5 170
5 200
5 207
5 228
5 270
5 272
5 284
5 303
5 339
5 360
5 361
5 369
5 401
5 410
5 460
5 484
5 485
5 568
5 590
5 603
5 699
5 711
6 15
6 16
6 17
6 18
6 19
6 22
6 32
6 33
6 34
6 36
6 38
6 44
6 46
6 49
6 52
6 70
6 71
6 80
6 88
6 90
6 93
6 96
6 98
6 100
6 103
6 110
6 111
6 118
6 121
6 140
6 172
6 182
6 215
6 230
6 234
6 236
6 261
6 270
6 326
6 328
6 331
6 337
6 339
6 351
6 366
6 382
6 408
6 446
6 466
6 477
6 491
6 493
6 519
6 544
6 554
6 568
6 583
6 593
6 643
6 646
6 659
6 704
6 712
6 727
6 762
6 777
6 784
6 787
7 15
7 16
7 17
7 18
7 19
7 20
7 21
7 24
7 30
7 34
7 36
7 42
7 43
7 48
7 55
7 63
7 75
7 76
7 83
7 90
7 104
7 107
7 110
7 118
7 120
7 133
7 134
7 135
7 137
7 145
7 161
7 177
7 184
7 188
7 191
7 193
7 205
7 207
7 227
7 246
7 247
7 252
7 267
7 281
7 290
7 305
7 315
7 321
7 347
7 364
7 366
7 406
7 418
7 422
7 429
7 454
7 472
7 491
7 501
7 511
7 514
7 552
7 561
7 564
7 572
7 589
7 646
7 666
7 676
7 707
7 731
7 744
7 745
8 15
8 16
8 17
8 18
8 19
8 20
8 21
8 23
8 25
8 26
8 27
8 30
8 33
8 37
8 41
8 42
8 46
8 47
8 50
8 53
8 56
8 59
8 69
8 70
8 73
8 86
8 88
8 92
8 105
8 106
8 124
8 131
8 147
8 155
8 157
8 171
8 201
8 229
8 241
8 287
8 289
8 306
8 323
8 325
8 341
8 344
8 345
8 375
8 405
8 419
8 422
8 428
8 444
8 448
8 514
8 516
8 562
8 578
8 593
8 658
8 660
8 667
8 669
8 742
8 756
9 15
9 16
9 17
9 18
9 19
9 24
9 25
9 27
9 30
9 31
9 32
9 34
9 35
9 37
9 44
9 54
9 57
9 66
9 68
9 75
9 78
9 92
9 106
9 116
9 120
9 121
9 129
9 131
9 135
9 153
9 156
9 163
9 169
9 174
9 191
9 192
9 199
9 204
9 209
9 213
9 220
9 233
9 235
9 238
9 240
9 262
9 264
9 273
9 274
9 284
9 288
9 299
9 306
9 317
9 326
9 360
9 399
9 402
9 418
9 424
9 453
9 463
9 486
9 498
9 516
9 523
9 553
9 561
9 575
9 578
9 588
9 593
9 611
9 622
9 628
9 638
9 667
9 672
9 676
9 684
9 708
9 712
9 718
9 720
9 799
10 15
10 16
10 21
10 26
10 58
10 165
10 229
10 235
10 301
10 555
10 567
10 604
10 606
10 627
10 665
10 689
11 15
11 16
11 17
11 19
11 21
11 22
11 23
11 24
11 25
11 26
11 28
11 29
11 31
11 32
11 33
11 34
11 35
11 41
11 43
11 48
11 50
11 51
11 61
11 63
11 67
11 73
11 75
11 80
11 82
11 86
11 93
11 95
11 98
11 101
11 104
11 112
11 117
11 133
11 150
11 170
11 176
11 181
11 185
11 206
11 211
11 215
11 216
11 220
11 222
11 231
11 233
11 239
11 240
11 277
11 280
11 290
11 298
11 311
11 322
11 330
11 339
11 346
11 390
11 414
11 428
11 449
11 450
11 453
11 475
11 495
11 498
11 513
11 570
11 609
11 612
11 634
11 644
11 652
11 688
11 693
11 712
11 719
11 721
11 726
11 731
11 753
11 755
11 764
11 781
11 797
12 15
12 16
12 17
12 18
12 19
12 20
12 21
12 23
12 27
12 28
12 38
12 45
12 64
12 67
12 69
12 102
12 108
12 119
12 127
12 129
12 130
12 163
12 206
12 207
12 211
12 244
12 245
12 272
12 279
12 284
12 302
12 314
12 317
12 323
12 324
12 338
12 355
12 412
12 446
12 459
12 480
12 481
12 503
12 507
12 538
12 552
12 558
12 596
12 607
12 616
12 639
12 645
12 694
12 696
12 717
12 746
12 777
12 785
13 15
13 16
13 17
13 18
13 19
13 20
13 21
13 22
13 23
13 24
13 28
13 42
13 46
13 47
13 50
13 81
13 90
13 98
13 112
13 114
13 115
13 140
13 144
13 159
13 173
13 241
13 269
13 286
13 369
13 388
13 395
13 400
13 411
13 503
13 504
13 701
13 721
13 749
13 770
13 773
13 781
13 789
14 15
14 16
14 17
14 18
14 19
14 20
14 21
14 22
14 23
14 25
14 27
14 31
14 32
14 33
14 35
14 38
14 39
14 43
14 44
14 45
14 46
14 47
14 48
14 49
14 53
14 59
14 65
14 66
14 73
14 74
14 75
14 76
14 80
14 83
14 85
14 86
14 87
14 91
14 101
14 103
14 106
14 115
14 120
14 127
14 139
14 164
14 168
14 172
14 178
14 184
14 189
14 203
14 233
14 245
14 266
14 269
14 297
14 308
14 313
14 317
14 344
14 377
14 391
14 394
14 395
14 403
14 423
14 425
14 427
14 442
14 453
14 478
14 489
14 522
14 535
14 601
14 617
14 645
14 661
14 672
14 682
14 715
14 729
14 766
14 777
15 16
15 17
15 18
15 19
15 20
15 21
15 22
15 23
15 24
15 25
15 26
15 27
15 28
15 30
15 31
15 33
15 34
15 37
15 39
15 40
15 42
15 43
15 44
15 45
15 49
15 51
15 52
15 53
15 54
15 55
15 56
15 60
15 65
15 67
15 69
15 73
15 74
15 81
15 87
15 88
15 99
15 100
15 101
15 105
15 109
15 111
15 113
15 114
15 121
15 122
15 124
15 125
15 128
15 134
15 138
15 140
15 142
15 143
15 145
15 153
15 159
15 161
15 167
15 174
15 176
15 177
15 179
15 186
15 187
15 193
15 196
15 201
15 208
15 211
15 213
15 215
15 233
15 235
15 239
15 243
15 244
15 245
15 246
15 257
15 261
15 266
15 269
15 272
15 273
15 274
15 277
15 279
15 280
15 283
15 287
15 299
15 301
15 305
15 306
15 307
15 310
15 312
15 315
15 319
15 330
15 334
15 353
15 360
15 371
15 373
15 391
15 394
15 399
15 401
15 403
15 407
15 421
15 425
15 427
15 441
15 454
15 456
15 464
15 473
15 484
15 491
15 495
15 504
15 505
15 508
15 519
15 536
15 538
15 541
15 553
15 564
15 581
15 594
15 600
15 616
15 627
15 647
15 658
15 667
15 677
15 684
15 686
15 696
15 722
15 729
15 735
15 755
15 765
15 779
15 786
15 790
15 791
16 17
16 18
16 19
16 20
16 21
16 22
16 23
16 24
16 25
16 26
16 27
16 28
16 29
16 30
16 31
16 32
16 33
16 34
16 35
16 36
16 38
16 39
16 40
16 41
16 46
16 48
16 50
16 51
16 52
16 54
16 56
16 59
16 61
16 67
16 68
16 70
16 78
16 79
16 83
16 84
16 85
16 88
16 94
16 100
16 105
16 106
16 107
16 108
16 109
16 110
16 113
16 116
16 124
16 125
16 128
16 130
16 132
16 142
16 149
16 152
16 153
16 157
16 162
16 164
16 166
16 187
16 189
16 192
16 194
16 195
16 197
16 201
16 203
16 214
16 221
16 222
16 227
16 238
16 248
16 251
16 256
16 260
16 261
16 271
16 273
16 274
16 277
16 286
16 287
16 304
16 305
16 306
16 309
16 310
16 324
16 328
16 333
16 336
16 349
16 352
16 375
16 389
16 392
16 398
16 399
16 404
16 409
16 411
16 417
16 420
16 425
16 426
16 434
16 450
16 457
16 458
16 461
16 469
16 486
16 496
16 504
16 508
16 536
16 557
16 560
16 579
16 581
16 586
16 593
16 602
16 615
16 618
16 621
16 627
16 659
16 683
16 690
16 691
16 704
16 716
16 732
16 742
16 748
16 759
16 768
16 779
16 786
16 797
17 18
17 19
17 20
17 21
17 22
17 23
17 24
17 25
17 26
17 27
17 28
17 29
17 30
17 31
17 32
17 33
17 34
17 35
17 36
17 40
17 45
17 46
17 57
17 60
17 62
17 63
17 65
17 66
17 67
17 72
17 76
17 80
17 81
17 92
17 96
17 100
17 101
17 102
17 108
17 110
17 112
17 117
17 124
17 130
17 144
17 145
17 146
17 147
17 148
17 150
17 153
17 164
17 165
17 170
17 175
17 177
17 179
17 180
17 181
17 184
17 187
17 203
17 208
17 232
17 233
17 249
17 256
17 258
17 259
17 260
17 265
17 268
17 270
17 276
17 288
17 292
17 293
17 320
17 332
17 352
17 356
17 370
17 409
17 421
17 424
17 429
17 431
17 443
17 445
17 449
17 452
17 454
17 467
17 495
17 496
17 500
17 503
17 525
17 533
17 540
17 547
17 569
17 612
17 629
17 647
17 651
17 661
17 666
17 669
17 688
17 693
17 705
17 709
17 717
17 720
17 743
17 748
17 750
17 756
17 759
17 762
17 772
17 774
17 775
17 780
17 789
18 19
18 20
18 21
18 22
18 23
18 24
18 25
18 26
18 27
18 28
18 29
18 30
18 31
18 33
18 36
18 39
18 42
18 43
18 46
18 47
18 50
18 51
18 52
18 53
18 54
18 55
18 57
18 59
18 60
18 63
18 66
18 68
18 69
18 70
18 71
18 73
18 74
18 76
18 77
18 81
18 85
18 86
18 87
18 88
18 89
18 90
18 93
18 95
18 98
18 99
18 101
18 102
18 105
18 106
18 111
18 113
18 114
18 116
18 117
18 121
18 123
18 124
18 127
18 129
18 132
18 133
18 136
18 138
18 139
18 141
18 149
18 150
18 156
18 158
18 159
18 167
18 170
18 176
18 179
18 183
18 184
18 185
18 186
18 187
18 188
18 190
18 193
18 197
18 199
18 200
18 201
18 204
18 221
18 222
18 229
18 235
18 240
18 241
18 242
18 247
18 254
18 263
18 264
18 267
18 273
18 276
18 280
18 286
18 293
18 299
18 307
18 314
18 315
18 319
18 324
18 325
18 328
18 340
18 351
18 359
18 360
18 372
18 377
18 380
18 388
18 389
18 391
18 393
18 403
18 408
18 410
18 411
18 417
18 419
18 420
18 430
18 433
18 456
18 462
18 463
18 474
18 485
18 487
18 494
18 495
18 497
18 504
18 506
18 510
18 512
18 515
18 522
18 534
18 539
18 540
18 542
18 549
18 572
18 580
18 582
18 585
18 591
18 602
18 604
18 615
18 616
18 632
18 639
18 646
18 650
18 681
18 682
18 694
18 702
18 713
18 723
18 724
18 725
18 728
18 729
18 737
18 742
18 744
18 747
18 748
18 751
18 756
18 758
18 764
18 770
18 775
18 780
18 781
18 787
18 793
18 795
19 20
19 21
19 22
19 23
19 24
19 26
19 31
19 32
19 36
19 37
19 38
19 39
19 41
19 44
19 50
19 57
19 63
19 66
19 67
19 74
19 77
19 78
19 79
19 85
19 96
19 101
19 102
19 107
19 109
19 110
19 114
19 116
19 118
19 134
19 136
19 137
19 148
19 151
19 159
19 166
19 170
19 188
19 189
19 200
19 206
19 208
19 212
19 216
19 222
19 225
19 242
19 259
19 305
19 335
19 336
19 351
19 358
19 367
19 371
19 376
19 379
19 383
19 387
19 389
19 398
19 410
19 417
19 427
19 432
19 439
19 452
19 462
19 484
19 511
19 534
19 537
19 550
19 562
19 568
19 570
19 580
19 589
19 601
19 603
19 606
19 608
19 616
19 624
19 633
19 668
19 684
19 701
19 739
19 742
19 757
19 772
20 21
20 22
20 23
20 24
20 25
20 26
20 27
20 29
20 30
20 31
20 32
20 33
20 34
20 36
20 37
20 38
20 39
20 41
20 43
20 44
20 45
20 52
20 53
20 54
20 55
20 57
20 58
20 59
20 60
20 61
20 67
20 68
20 70
20 71
20 72
20 75
20 77
20 80
20 82
20 84
20 85
20 86
20 87
20 89
20 91
20 93
20 98
20 99
20 100
20 102
20 104
20 106
20 108
20 110
20 121
20 126
20 130
20 136
20 141
20 142
20 149
20 154
20 155
20 158
20 163
20 164
20 166
20 177
20 178
20 190
20 191
20 192
20 196
20 197
20 198
20 201
20 208
20 220
20 222
20 225
20 226
20 230
20 247
20 260
20 270
20 275
20 277
20 297
20 309
20 317
20 319
20 329
20 331
20 332
20 333
20 334
20 335
20 347
20 350
20 358
20 359
20 366
20 372
20 374
20 375
20 389
20 398
20 399
20 403
20 404
20 407
20 427
20 434
20 446
20 449
20 450
20 454
20 459
20 478
20 492
20 500
20 501
20 510
20 511
20 513
20 523
20 539
20 544
20 545
20 547
20 548
20 561
20 584
20 587
20 607
20 610
20 613
20 619
20 623
20 629
20 633
20 645
20 649
20 669
20 675
20 681
20 705
20 717
20 722
20 731
20 740
20 741
20 758
20 778
20 783
20 787
20 798
21 22
21 23
21 25
21 26
21 27
21 28
21 29
21 33
21 35
21 36
21 37
21 38
21 40
21 41
21 43
21 44
21 46
21 47
21 48
21 49
21 51
21 52
21 58
21 61
21 63
21 64
21 65
21 66
21 69
21 70
21 76
21 80
21 81
21 82
21 87
21 94
21 95
21 99
21 100
21 107
21 111
21 112
21 118
21 119
21 126
21 127
21 133
21 135
21 138
21 139
21 144
21 146
21 147
21 150
21 151
21 154
21 161
21 164
21 168
21 170
21 171
21 172
21 173
21 174
21 177
21 180
21 185
21 187
21 188
21 190
21 196
21 197
21 200
21 204
21 209
21 212
21 213
21 215
21 227
21 230
21 232
21 233
21 237
21 238
21 242
21 244
21 247
21 249
21 254
21 257
21 262
21 264
21 267
21 281
21 282
21 284
21 285
21 293
21 298
21 308
21 309
21 323
21 329
21 333
21 334
21 336
21 338
21 339
21 340
21 342
21 346
21 352
21 359
21 363
21 371
21 378
21 379
21 399
21 400
21 402
21 406
21 407
21 420
21 423
21 432
21 434
21 436
21 448
21 456
21 462
21 464
21 480
21 481
21 483
21 506
21 512
21 533
21 546
21 552
21 560
21 562
21 563
21 567
21 605
21 609
21 615
21 616
21 624
21 626
21 635
21 645
21 647
21 657
21 663
21 677
21 684
21 686
21 691
21 707
21 713
21 714
21 723
21 726
21 729
21 737
21 747
21 770
21 774
21 778
22 24
22 28
22 29
22 31
22 32
22 36
22 38
22 39
22 41
22 42
22 48
22 49
22 50
22 53
22 55
22 59
22 60
22 61
22 62
22 64
22 67
22 72
22 73
22 77
22 82
22 83
22 88
22 90
22 99
22 100
22 109
22 118
22 119
22 123
22 126
22 137
22 142
22 146
22 148
22 151
22 153
22 158
22 159
22 168
22 175
22 178
22 180
22 183
22 191
22 202
22 203
22 222
22 234
22 238
22 253
22 272
22 290
22 291
22 334
22 368
22 378
22 379
22 382
22 405
22 440
22 467
22 471
22 476
22 480
22 481
22 494
22 515
22 548
22 599
22 610
22 611
22 624
22 639
22 640
22 649
22 657
22 659
22 668
22 669
22 684
22 700
22 708
22 710
22 720
22 730
22 751
22 760
22 799
23 24
23 26
23 28
23 29
23 30
23 32
23 37
23 39
23 40
23 41
23 42
23 45
23 48
23 54
23 55
23 57
23 60
23 61
23 63
23 67
23 69
23 70
23 71
23 72
23 77
23 88
23 89
23 106
23 108
23 112
23 113
23 114
23 117
23 127
23 134
23 140
23 157
23 163
23 177
23 198
23 202
23 206
23 208
23 222
23 223
23 228
23 230
23 233
23 235
23 236
23 248
23 251
23 277
23 278
23 284
23 306
23 327
23 334
23 337
23 350
23 363
23 368
23 381
23 392
23 412
23 419
23 437
23 441
23 456
23 459
23 460
23 461
23 496
23 509
23 534
23 539
23 542
23 550
23 557
23 582
23 585
23 610
23 634
23 639
23 653
23 654
23 663
23 674
23 697
23 709
23 743
23 744
23 762
23 763
23 767
24 25
24 28
24 29
24 30
24 35
24 39
24 40
24 41
24 43
24 44
24 45
24 47
24 50
24 53
24 62
24 63
24 64
24 71
24 73
24 84
24 93
24 99
24 102
24 108
24 110
24 116
24 120
24 121
24 130
24 131
24 132
24 133
24 136
24 140
24 143
24 149
24 152
24 153
24 162
24 169
24 174
24 175
24 178
24 185
24 190
24 191
24 202
24 203
24 205
24 215
24 217
24 228
24 229
24 231
24 234
24 236
24 241
24 252
24 259
24 262
24 265
24 273
24 290
24 297
24 317
24 325
24 327
24 332
24 352
24 353
24 359
24 366
24 379
24 380
24 382
24 384
24 386
24 397
24 402
24 409
24 417
24 422
24 426
24 454
24 466
24 469
24 483
24 507
24 523
24 546
24 557
24 561
24 595
24 596
24 597
24 610
24 625
24 637
24 662
24 663
24 676
24 678
24 689
24 697
24 705
24 716
24 739
24 754
24 760
24 553
25 27
25 28
25 29
25 32
25 33
25 35
25 38
25 41
25 42
25 43
25 44
25 47
25 53
25 55
25 60
25 62
25 64
25 66
25 78
25 83
25 96
25 97
25 100
25 110
25 114
25 115
25 125
25 126
25 137
25 161
25 176
25 190
25 192
25 196
25 200
25 212
25 213
25 218
25 236
25 245
25 262
25 266
25 271
25 277
25 291
25 298
25 300
25 303
25 307
25 311
25 317
25 318
25 328
25 333
25 334
25 339
25 355
25 358
25 374
25 394
25 414
25 428
25 434
25 438
25 466
25 514
25 530
25 540
25 546
25 549
25 577
25 611
25 617
25 632
25 643
25 670
25 673
25 695
25 698
25 737
25 787
26 27
26 28
26 29
26 30
26 31
26 34
26 36
26 37
26 39
26 40
26 42
26 43
26 46
26 47
26 50
26 51
26 55
26 56
26 57
26 61
26 62
26 63
26 65
26 66
26 74
26 80
26 81
26 82
26 83
26 84
26 87
26 88
26 89
26 90
26 97
26 99
26 103
26 104
26 110
26 112
26 120
26 135
26 138
26 139
26 145
26 157
26 161
26 164
26 167
26 168
26 172
26 181
26 187
26 199
26 201
26 213
26 220
26 253
26 263
26 266
26 277
26 290
26 302
26 328
26 334
26 336
26 342
26 345
26 351
26 363
26 375
26 378
26 382
26 385
26 388
26 410
26 414
26 415
26 435
26 467
26 478
26 480
26 501
26 512
26 532
26 534
26 537
26 545
26 583
26 586
26 590
26 592
26 601
26 613
26 616
26 626
26 629
26 631
26 667
26 705
26 707
26 709
26 710
26 711
26 749
26 771
26 787
26 798
26 799
27 28
27 29
27 31
27 32
27 34
27 35
27 38
27 39
27 41
27 42
27 43
27 44
27 47
27 53
27 60
27 63
27 65
27 70
27 72
27 73
27 74
27 76
27 78
27 81
27 85
27 89
27 106
27 107
27 111
27 116
27 120
27 128
27 135
27 145
27 146
27 147
27 151
27 152
27 164
27 167
27 183
27 186
27 196
27 200
27 224
27 231
27 247
27 248
27 255
27 259
27 269
27 272
27 280
27 286
27 295
27 302
27 312
27 336
27 351
27 371
27 372
27 388
27 441
27 477
27 491
27 493
27 497
27 498
27 510
27 513
27 522
27 531
27 543
27 556
27 569
27 575
27 628
27 646
27 669
27 673
27 678
27 679
27 682
27 683
27 700
27 701
27 724
27 737
27 745
27 792
27 799
28 32
28 38
28 40
28 41
28 45
28 50
28 51
28 52
28 55
28 56
28 63
28 91
28 98
28 107
28 114
28 125
28 126
28 127
28 137
28 168
28 190
28 211
28 219
28 221
28 231
28 232
28 234
28 235
28 245
28 254
28 255
28 290
28 296
28 321
28 330
28 335
28 337
28 369
28 371
28 378
28 382
28 392
28 441
28 448
28 459
28 462
28 468
28 496
28 500
28 508
28 524
28 563
28 591
28 607
28 635
28 638
28 660
28 673
28 697
28 729
28 744
29 31
29 34
29 35
29 36
29 40
29 41
29 49
29 51
29 57
29 58
29 59
29 62
29 65
29 70
29 72
29 75
29 82
29 96
29 97
29 100
29 101
29 121
29 122
29 126
29 131
29 143
29 147
29 150
29 156
29 167
29 172
29 181
29 184
29 188
29 192
29 197
29 199
29 203
29 205
29 214
29 222
29 223
29 226
29 227
29 231
29 245
29 249
29 252
29 253
29 258
29 267
29 271
29 283
29 300
29 305
29 314
29 328
29 329
29 330
29 340
29 344
29 346
29 369
29 385
29 386
29 394
29 401
29 406
29 426
29 438
29 440
29 467
29 475
29 482
29 504
29 517
29 525
29 528
29 531
29 535
29 536
29 548
29 605
29 619
29 645
29 646
29 658
29 663
29 666
29 671
29 675
29 727
29 739
29 740
29 741
29 774
30 31
30 33
30 34
30 35
30 36
30 37
30 38
30 47
30 55
30 56
30 62
30 66
30 69
30 80
30 84
30 87
30 94
30 109
30 125
30 140
30 145
30 158
30 178
30 180
30 181
30 182
30 187
30 189
30 190
30 192
30 195
30 196
30 198
30 201
30 226
30 232
30 239
30 261
30 285
30 290
30 313
30 324
30 328
30 329
30 330
30 332
30 336
30 345
30 403
30 412
30 447
30 457
30 472
30 485
30 490
30 505
30 506
30 514
30 538
30 579
30 580
30 587
30 589
30 594
30 616
30 627
30 631
30 697
30 712
30 714
30 719
30 733
30 739
30 746
30 752
30 759
30 798
31 32
31 33
31 37
31 42
31 48
31 49
31 52
31 55
31 65
31 66
31 69
31 70
31 73
31 77
31 79
31 84
31 87
31 94
31 95
31 97
31 98
31 103
31 104
31 106
31 110
31 112
31 115
31 120
31 122
31 132
31 134
31 136
31 143
31 150
31 152
31 155
31 171
31 173
31 180
31 182
31 190
31 196
31 202
31 208
31 214
31 219
31 220
31 227
31 233
31 237
31 253
31 260
31 270
31 280
31 294
31 306
31 313
31 316
31 331
31 334
31 338
31 353
31 354
31 355
31 358
31 367
31 370
31 376
31 393
31 395
31 413
31 424
31 457
31 482
31 490
31 508
31 518
31 521
31 524
31 530
31 532
31 538
31 545
31 546
31 576
31 579
31 581
31 589
31 605
31 617
31 619
31 628
31 629
31 644
31 649
31 688
31 710
31 719
31 724
31 736
31 737
31 781
32 37
32 42
32 45
32 47
32 48
32 51
32 52
32 57
32 58
32 59
32 62
32 63
32 64
32 65
32 68
32 70
32 72
32 74
32 77
32 78
32 103
32 107
32 111
32 114
32 115
32 117
32 135
32 138
32 143
32 144
32 149
32 162
32 163
32 166
32 167
32 176
32 179
32 215
32 217
32 263
32 271
32 276
32 281
32 285
32 302
32 326
32 385
32 402
32 412
32 423
32 426
32 427
32 452
32 462
32 464
32 493
32 500
32 506
32 511
32 515
32 526
32 538
32 567
32 578
32 587
32 597
32 602
32 613
32 628
32 636
32 646
32 660
32 663
32 666
32 671
32 682
32 689
32 742
32 783
32 784
32 785
32 791
32 797
33 34
33 35
33 37
33 41
33 44
33 45
33 57
33 60
33 62
33 67
33 69
33 72
33 76
33 83
33 86
33 87
33 91
33 92
33 94
33 95
33 97
33 105
33 111
33 113
33 118
33 123
33 134
33 144
33 155
33 160
33 175
33 182
33 195
33 217
33 219
33 224
33 225
33 230
33 232
33 237
33 244
33 261
33 267
33 272
33 275
33 277
33 294
33 297
33 300
33 329
33 340
33 354
33 361
33 366
33 379
33 380
33 435
33 454
33 482
33 493
33 502
33 504
33 518
33 522
33 529
33 579
33 586
33 604
33 607
33 608
33 626
33 657
33 673
33 674
33 691
33 717
33 739
33 797
34 35
34 39
34 45
34 49
34 54
34 55
34 57
34 63
34 68
34 69
34 83
34 85
34 99
34 100
34 101
34 105
34 106
34 108
34 117
34 122
34 133
34 134
34 139
34 147
34 152
34 158
34 159
34 163
34 169
34 188
34 197
34 205
34 243
34 246
34 260
34 263
34 276
34 288
34 290
34 310
34 322
34 326
34 332
34 341
34 358
34 364
34 380
34 382
34 397
34 401
34 402
34 404
34 410
34 424
34 425
34 445
34 451
34 452
34 465
34 479
34 501
34 523
34 527
34 528
34 554
34 555
34 561
34 574
34 584
34 591
34 594
34 620
34 635
34 652
34 665
34 673
34 676
34 679
34 682
34 690
34 711
34 715
34 724
34 735
34 775
34 791
35 36
35 38
35 40
35 42
35 43
35 44
35 45
35 46
35 47
35 48
35 53
35 56
35 57
35 59
35 71
35 74
35 75
35 80
35 82
35 84
35 86
35 88
35 92
35 93
35 95
35 102
35 108
35 115
35 116
35 127
35 128
35 130
35 132
35 134
35 137
35 157
35 160
35 163
35 167
35 168
35 174
35 183
35 185
35 187
35 189
35 191
35 199
35 208
35 210
35 211
35 213
35 230
35 232
35 234
35 235
35 240
35 253
35 257
35 258
35 259
35 271
35 279
35 293
35 300
35 303
35 310
35 329
35 349
35 364
35 387
35 393
35 401
35 424
35 433
35 437
35 442
35 471
35 473
35 479
35 492
35 501
35 524
35 532
35 533
35 535
35 542
35 560
35 561
35 564
35 591
35 636
35 640
35 649
35 667
35 684
35 694
35 696
35 698
35 712
35 723
35 726
35 758
35 762
35 765
35 777
35 788
35 791
36 39
36 43
36 44
36 45
36 48
36 49
36 51
36 52
36 58
36 61
36 64
36 70
36 73
36 76
36 77
36 78
36 80
36 84
36 86
36 92
36 94
36 96
36 104
36 106
36 109
36 114
36 117
36 121
36 123
36 125
36 127
36 129
36 131
36 132
36 146
36 163
36 165
36 166
36 169
36 172
36 173
36 182
36 201
36 210
36 214
36 220
36 233
36 238
36 239
36 248
36 262
36 264
36 268
36 271
36 280
36 281
36 288
36 291
36 303
36 317
36 343
36 349
36 350
36 362
36 366
36 377
36 382
36 411
36 419
36 422
36 424
36 432
36 454
36 464
36 471
36 483
36 506
36 522
36 554
36 560
36 565
36 572
36 579
36 583
36 609
36 611
36 616
36 633
36 663
36 683
36 692
36 694
36 709
36 733
36 739
36 764
36 769
36 771
37 40
37 44
37 46
37 48
37 50
37 51
37 52
37 54
37 55
37 58
37 61
37 62
37 63
37 69
37 71
37 72
37 74
37 76
37 80
37 83
37 88
37 100
37 101
37 106
37 107
37 113
37 114
37 119
37 121
37 139
37 140
37 147
37 149
37 155
37 166
37 176
37 178
37 183
37 185
37 186
37 188
37 195
37 204
37 209
37 211
37 212
37 213
37 223
37 228
37 252
37 253
37 258
37 260
37 267
37 269
37 270
37 276
37 306
37 320
37 322
37 323
37 331
37 342
37 361
37 364
37 376
37 380
37 385
37 396
37 403
37 404
37 405
37 408
37 410
37 412
37 416
37 422
37 425
37 426
37 428
37 429
37 447
37 448
37 456
37 479
37 497
37 503
37 507
37 512
37 515
37 526
37 529
37 533
37 537
37 568
37 571
37 573
37 597
37 606
37 609
37 615
37 622
37 643
37 648
37 664
37 665
37 678
37 688
37 712
37 717
37 719
37 722
37 734
37 736
37 745
37 774
37 776
38 40
38 42
38 43
38 56
38 60
38 73
38 83
38 91
38 99
38 105
38 107
38 115
38 126
38 128
38 133
38 142
38 145
38 150
38 169
38 179
38 246
38 256
38 264
38 270
38 274
38 277
38 283
38 287
38 289
38 290
38 293
38 300
38 310
38 337
38 354
38 361
38 374
38 397
38 417
38 465
38 470
38 476
38 488
38 501
38 514
38 552
38 618
38 625
38 635
38 652
38 657
38 675
38 679
38 680
38 687
38 689
38 696
38 697
38 757
38 764
38 774
38 781
39 48
39 53
39 72
39 88
39 89
39 90
39 91
39 99
39 108
39 118
39 123
39 127
39 132
39 135
39 138
39 145
39 149
39 151
39 168
39 181
39 194
39 199
39 204
39 214
39 227
39 234
39 240
39 266
39 273
39 279
39 283
39 308
39 313
39 334
39 355
39 368
39 370
39 372
39 397
39 398
39 405
39 414
39 425
39 426
39 428
39 469
39 475
39 484
39 489
39 525
39 545
39 553
39 596
39 612
39 614
39 652
39 674
39 679
40 46
40 47
40 52
40 54
40 59
40 62
40 64
40 77
40 78
40 79
40 80
40 85
40 89
40 90
40 95
40 103
40 111
40 129
40 148
40 160
40 167
40 170
40 172
40 196
40 199
40 211
40 217
40 220
40 224
40 230
40 231
40 235
40 236
40 240
40 242
40 300
40 315
40 338
40 342
40 390
40 399
40 420
40 430
40 476
40 480
40 533
40 537
40 545
40 579
40 592
40 595
40 596
40 599
40 619
40 626
40 637
40 653
40 673
40 685
40 694
40 706
40 720
40 726
40 734
40 740
40 777
40 798
40 799
41 45
41 51
41 52
41 68
41 84
41 89
41 95
41 97
41 100
41 105
41 113
41 118
41 120
41 128
41 129
41 132
41 138
41 139
41 148
41 152
41 154
41 156
41 162
41 168
41 180
41 181
41 182
41 183
41 224
41 242
41 249
41 258
41 264
41 291
41 300
41 319
41 337
41 357
41 367
41 374
41 413
41 434
41 448
41 450
41 509
41 532
41 548
41 566
41 568
41 592
41 598
41 644
41 656
41 658
41 666
41 723
41 753
41 771
41 793
42 53
42 57
42 58
42 75
42 76
42 90
42 103
42 104
42 109
42 119
42 122
42 132
42 134
42 149
42 152
42 161
42 162
42 166
42 169
42 175
42 187
42 204
42 209
42 226
42 268
42 279
42 297
42 303
42 376
42 392
42 393
42 394
42 401
42 415
42 461
42 490
42 491
42 493
42 496
42 543
42 555
42 558
42 563
42 571
42 581
42 593
42 620
42 628
42 637
42 720
42 747
42 799
43 49
43 50
43 59
43 61
43 66
43 71
43 72
43 74
43 76
43 77
43 78
43 84
43 85
43 94
43 104
43 112
43 120
43 126
43 136
43 137
43 144
43 168
43 180
43 183
43 192
43 198
43 201
43 209
43 210
43 214
43 215
43 217
43 281
43 299
43 320
43 321
43 329
43 331
43 341
43 347
43 348
43 352
43 353
43 369
43 371
43 380
43 413
43 426
43 438
43 439
43 446
43 472
43 477
43 479
43 511
43 517
43 528
43 580
43 605
43 606
43 607
43 638
43 658
43 685
43 696
43 715
43 724
43 726
43 742
43 751
43 791
43 796
44 46
44 55
44 56
44 58
44 68
44 82
44 83
44 90
44 97
44 103
44 105
44 119
44 122
44 125
44 140
44 143
44 145
44 151
44 169
44 173
44 175
44 177
44 198
44 213
44 215
44 219
44 225
44 227
44 239
44 252
44 275
44 276
44 278
44 288
44 289
44 295
44 296
44 310
44 315
44 326
44 381
44 392
44 425
44 436
44 470
44 473
44 491
44 508
44 540
44 614
44 642
44 655
44 685
44 705
44 707
44 729
44 739
44 745
44 746
44 749
44 751
44 762
44 763
44 776
44 789
45 46
45 51
45 53
45 54
45 56
45 58
45 59
45 61
45 66
45 71
45 79
45 89
45 91
45 92
45 102
45 132
45 155
45 170
45 174
45 193
45 195
45 198
45 211
45 214
45 216
45 226
45 246
45 250
45 253
45 261
45 265
45 354
45 370
45 374
45 375
45 378
45 387
45 388
45 389
45 401
45 423
45 426
45 492
45 499
45 500
45 508
45 545
45 551
45 566
45 572
45 608
45 611
45 615
45 655
45 666
45 674
45 698
45 703
45 706
45 749
45 759
45 769
45 784
45 792
46 50
46 56
46 63
46 70
46 74
46 78
46 79
46 80
46 86
46 95
46 98
46 102
46 111
46 112
46 149
46 157
46 164
46 189
46 199
46 206
46 212
46 221
46 223
46 226
46 228
46 235
46 247
46 250
46 262
46 268
46 279
46 284
46 301
46 309
46 311
46 316
46 332
46 338
46 367
46 378
46 381
46 393
46 399
46 407
46 410
46 417
46 441
46 444
46 474
46 487
46 505
46 534
46 537
46 565
46 575
46 594
46 599
46 620
46 653
46 705
46 711
46 729
46 763
46 766
46 771
46 793
47 53
47 61
47 64
47 66
47 71
47 76
47 86
47 94
47 111
47 114
47 127
47 128
47 145
47 152
47 154
47 156
47 165
47 194
47 195
47 207
47 210
47 215
47 218
47 228
47 241
47 251
47 256
47 275
47 277
47 284
47 304
47 309
47 323
47 329
47 331
47 371
47 388
47 397
47 413
47 439
47 459
47 469
47 474
47 494
47 520
47 554
47 565
47 587
47 588
47 618
47 628
47 649
47 682
47 723
47 781
47 790
47 795
48 51
48 58
48 59
48 64
48 73
48 78
48 85
48 101
48 130
48 138
48 143
48 146
48 149
48 185
48 186
48 206
48 254
48 271
48 278
48 282
48 297
48 308
48 347
48 357
48 362
48 366
48 377
48 391
48 395
48 449
48 521
48 550
48 557
48 570
48 573
48 587
48 588
48 602
48 633
48 638
48 646
48 678
48 694
48 735
48 760
48 774
48 483
49 52
49 60
49 64
49 68
49 73
49 76
49 82
49 89
49 98
49 111
49 144
49 158
49 168
49 171
49 180
49 189
49 196
49 202
49 213
49 258
49 268
49 286
49 323
49 333
49 362
49 374
49 386
49 408
49 426
49 430
49 436
49 438
49 444
49 469
49 478
49 531
49 548
49 603
49 614
49 620
49 629
49 673
49 698
49 716
49 751
49 757
49 759
49 760
49 769
49 777
49 786
49 791
49 797
50 52
50 53
50 54
50 56
50 61
50 62
50 67
50 68
50 74
50 77
50 79
50 97
50 120
50 122
50 124
50 126
50 129
50 130
50 131
50 135
50 142
50 143
50 154
50 158
50 173
50 179
50 183
50 189
50 196
50 220
50 222
50 227
50 232
50 234
50 243
50 247
50 249
50 255
50 259
50 261
50 265
50 267
50 277
50 283
50 287
50 297
50 301
50 306
50 325
50 340
50 344
50 356
50 370
50 371
50 379
50 392
50 393
50 396
50 399
50 401
50 406
50 410
50 421
50 426
50 437
50 468
50 474
50 481
50 489
50 502
50 504
50 510
50 527
50 529
50 530
50 534
50 535
50 563
50 572
50 579
50 584
50 597
50 605
50 616
50 640
50 649
50 657
50 679
50 689
50 698
50 702
50 709
50 718
50 721
50 760
50 772
50 779
50 798
51 59
51 65
51 66
51 111
51 114
51 119
51 123
51 130
51 148
51 149
51 156
51 169
51 193
51 202
51 212
51 244
51 252
51 290
51 302
51 311
51 367
51 451
51 466
51 521
51 537
51 577
51 585
51 613
51 641
51 645
51 700
51 765
51 788
52 56
52 57
52 58
52 60
52 84
52 87
52 92
52 93
52 98
52 101
52 114
52 123
52 152
52 182
52 184
52 191
52 203
52 213
52 220
52 238
52 275
52 286
52 323
52 348
52 387
52 398
52 414
52 416
52 457
52 466
52 542
52 572
52 643
52 783
53 54
53 70
53 90
53 94
53 113
53 115
53 123
53 145
53 155
53 162
53 165
53 174
53 182
53 185
53 194
53 216
53 218
53 233
53 238
53 243
53 244
53 262
53 271
53 272
53 287
53 295
53 306
53 308
53 316
53 318
53 352
53 375
53 379
53 407
53 430
53 445
53 458
53 477
53 504
53 535
53 605
53 615
53 638
53 658
53 693
53 713
53 758
53 775
53 790
53 798
54 58
54 62
54 64
54 67
54 76
54 117
54 133
54 137
54 155
54 193
54 194
54 216
54 241
54 248
54 275
54 327
54 335
54 404
54 445
54 453
54 495
54 536
54 544
54 591
54 606
54 634
54 641
54 679
54 694
54 737
54 741
54 750
54 787
55 56
55 60
55 62
55 68
55 75
55 77
55 81
55 96
55 97
55 102
55 104
55 106
55 141
55 148
55 151
55 161
55 177
55 185
55 204
55 213
55 214
55 220
55 221
55 226
55 241
55 247
55 249
55 252
55 260
55 281
55 289
55 345
55 362
55 375
55 377
55 382
55 424
55 430
55 435
55 436
55 487
55 516
55 553
55 610
55 611
55 632
55 647
55 664
55 695
55 727
55 735
55 742
55 799
56 73
56 77
56 99
56 113
56 119
56 130
56 132
56 159
56 221
56 224
56 259
56 292
56 322
56 466
56 467
56 497
56 551
56 552
56 566
56 608
57 58
57 71
57 75
57 78
57 84
57 91
57 95
57 102
57 104
57 108
57 121
57 136
57 138
57 142
57 153
57 171
57 177
57 199
57 200
57 212
57 242
57 265
57 272
57 302
57 310
57 323
57 333
57 370
57 374
57 402
57 406
57 410
57 419
57 423
57 445
57 464
57 465
57 479
57 489
57 519
57 531
57 544
57 550
57 566
57 610
57 612
57 622
57 629
57 697
57 736
57 749
57 762
57 775
58 71
58 77
58 83
58 112
58 113
58 119
58 133
58 151
58 156
58 167
58 200
58 221
58 233
58 240
58 254
58 255
58 256
58 309
58 310
58 329
58 387
58 405
58 436
58 498
58 500
58 506
58 517
58 541
58 543
58 551
58 555
58 616
58 620
58 628
58 647
58 685
58 729
58 738
58 776
58 777
58 780
58 783
58 795
59 61
59 64
59 65
59 71
59 79
59 81
59 98
59 111
59 116
59 123
59 132
59 135
59 139
59 143
59 144
59 158
59 161
59 169
59 170
59 183
59 186
59 211
59 217
59 226
59 248
59 250
59 258
59 277
59 292
59 294
59 297
59 299
59 327
59 332
59 351
59 403
59 440
59 448
59 461
59 477
59 487
59 529
59 531
59 578
59 589
59 617
59 619
59 625
59 626
59 666
59 668
59 681
59 689
59 735
59 753
60 62
60 68
60 72
60 86
60 91
60 94
60 98
60 101
60 103
60 113
60 117
60 121
60 122
60 124
60 137
60 141
60 144
60 154
60 155
60 166
60 167
60 176
60 180
60 187
60 197
60 199
60 223
60 227
60 228
60 241
60 260
60 280
60 282
60 284
60 287
60 296
60 300
60 301
60 302
60 307
60 310
60 315
60 329
60 355
60 359
60 361
60 369
60 382
60 402
60 403
60 427
60 440
60 446
60 482
60 486
60 503
60 506
60 512
60 524
60 549
60 569
60 589
60 614
60 616
60 633
60 650
60 668
60 687
60 691
60 699
60 711
60 718
60 725
60 741
60 755
61 64
61 67
61 68
61 70
61 72
61 74
61 75
61 78
61 92
61 97
61 99
61 111
61 117
61 118
61 119
61 142
61 161
61 164
61 184
61 193
61 198
61 204
61 216
61 220
61 230
61 232
61 234
61 245
61 250
61 251
61 252
61 254
61 279
61 296
61 332
61 335
61 338
61 341
61 345
61 352
61 363
61 370
61 404
61 405
61 416
61 436
61 444
61 455
61 473
61 484
61 509
61 512
61 520
61 537
61 539
61 554
61 578
61 582
61 590
61 601
61 604
61 605
61 606
61 610
61 632
61 652
61 670
61 678
61 700
61 766
61 796
62 69
62 75
62 88
62 104
62 107
62 118
62 127
62 128
62 137
62 141
62 166
62 180
62 190
62 194
62 205
62 207
62 211
62 236
62 240
62 254
62 258
62 267
62 276
62 296
62 307
62 431
62 436
62 444
62 452
62 453
62 455
62 497
62 509
62 525
62 593
62 654
62 720
62 725
63 67
63 82
63 85
63 91
63 96
63 98
63 105
63 123
63 125
63 126
63 157
63 160
63 169
63 186
63 193
63 195
63 201
63 202
63 209
63 217
63 222
63 223
63 224
63 231
63 244
63 255
63 260
63 275
63 288
63 316
63 320
63 330
63 351
63 362
63 412
63 423
63 446
63 454
63 458
63 474
63 478
63 498
63 501
63 542
63 547
63 586
63 604
63 650
63 659
63 661
63 683
63 731
63 761
63 783
64 65
64 69
64 76
64 77
64 79
64 90
64 105
64 121
64 129
64 131
64 135
64 160
64 176
64 182
64 201
64 205
64 212
64 222
64 229
64 239
64 250
64 253
64 263
64 265
64 271
64 273
64 282
64 283
64 286
64 288
64 290
64 299
64 301
64 302
64 320
64 321
64 328
64 332
64 335
64 337
64 345
64 365
64 390
64 404
64 435
64 456
64 466
64 514
64 515
64 539
64 540
64 564
64 600
64 632
64 638
64 686
64 689
64 707
64 716
64 749
64 785
65 68
65 71
65 87
65 90
65 92
65 94
65 95
65 103
65 106
65 113
65 116
65 119
65 123
65 133
65 153
65 155
65 158
65 160
65 165
65 166
65 179
65 181
65 208
65 214
65 218
65 229
65 231
65 242
65 255
65 273
65 279
65 282
65 285
65 289
65 292
65 340
65 342
65 355
65 383
65 387
65 389
65 408
65 413
65 417
65 422
65 456
65 466
65 491
65 515
65 520
65 534
65 542
65 551
65 579
65 642
65 647
65 654
65 663
65 687
65 754
65 762
66 71
66 74
66 75
66 84
66 88
66 93
66 95
66 96
66 120
66 122
66 124
66 134
66 135
66 148
66 164
66 178
66 184
66 190
66 193
66 204
66 207
66 218
66 221
66 225
66 227
66 236
66 242
66 254
66 291
66 341
66 369
66 396
66 400
66 412
66 440
66 443
66 492
66 512
66 520
66 550
66 582
66 592
66 622
66 639
66 641
66 642
66 644
66 660
66 679
66 690
66 699
66 716
66 742
66 784
66 792
67 79
67 81
67 85
67 110
67 124
67 131
67 140
67 142
67 151
67 160
67 162
67 165
67 203
67 255
67 269
67 280
67 285
67 293
67 295
67 301
67 356
67 358
67 384
67 420
67 447
67 524
67 539
67 596
67 615
67 619
67 631
67 637
67 645
67 648
67 656
67 768
68 75
68 87
68 104
68 153
68 157
68 160
68 178
68 184
68 190
68 197
68 360
68 377
68 378
68 408
68 439
68 456
68 534
68 593
68 598
68 601
68 605
68 651
68 692
68 752
69 72
69 73
69 79
69 93
69 97
69 102
69 133
69 136
69 153
69 185
69 190
69 205
69 216
69 226
69 230
69 231
69 234
69 257
69 268
69 280
69 281
69 288
69 325
69 340
69 341
69 347
69 351
69 352
69 355
69 374
69 406
69 433
69 443
69 447
69 521
69 531
69 558
69 564
69 572
69 604
69 607
69 611
69 620
69 652
69 694
69 735
69 770
69 782
70 72
70 82
70 86
70 87
70 91
70 93
70 100
70 117
70 118
70 123
70 127
70 135
70 144
70 147
70 163
70 165
70 167
70 173
70 174
70 176
70 191
70 192
70 205
70 206
70 237
70 260
70 261
70 282
70 286
70 293
70 308
70 314
70 353
70 364
70 372
70 387
70 391
70 416
70 429
70 433
70 450
70 458
70 460
70 461
70 463
70 473
70 488
70 495
70 500
70 508
70 512
70 536
70 541
70 571
70 581
70 585
70 592
70 620
70 625
70 633
70 646
70 650
70 687
70 699
70 703
70 718
70 747
70 764
70 767
70 773
70 799
71 94
71 119
71 122
71 150
71 161
71 171
71 176
71 192
71 194
71 196
71 216
71 229
71 240
71 262
71 295
71 299
71 313
71 320
71 327
71 386
71 393
71 394
71 398
71 443
71 469
71 492
71 493
71 556
71 563
71 615
71 627
71 638
71 641
71 752
72 92
72 100
72 113
72 120
72 127
72 129
72 132
72 134
72 162
72 165
72 191
72 193
72 207
72 216
72 234
72 235
72 254
72 281
72 287
72 295
72 296
72 302
72 308
72 341
72 344
72 416
72 417
72 436
72 437
72 447
72 449
72 466
72 479
72 502
72 572
72 600
72 619
72 679
72 688
72 721
72 727
72 730
72 733
73 75
73 79
73 80
73 87
73 90
73 91
73 92
73 101
73 104
73 112
73 120
73 144
73 147
73 149
73 167
73 175
73 197
73 198
73 204
73 213
73 237
73 239
73 241
73 247
73 261
73 265
73 266
73 267
73 274
73 282
73 284
73 289
73 303
73 309
73 312
73 317
73 320
73 345
73 353
73 354
73 361
73 367
73 391
73 400
73 405
73 418
73 428
73 431
73 436
73 445
73 460
73 462
73 470
73 472
73 473
73 499
73 501
73 514
73 516
73 532
73 536
73 539
73 550
73 557
73 568
73 581
73 588
73 620
73 621
73 624
73 634
73 645
73 660
73 663
73 701
73 717
73 725
73 745
73 756
73 763
73 793
73 795
74 85
74 96
74 103
74 109
74 110
74 124
74 146
74 152
74 178
74 179
74 182
74 207
74 218
74 223
74 242
74 257
74 312
74 318
74 322
74 343
74 352
74 393
74 431
74 438
74 475
74 521
74 559
74 664
74 685
74 707
74 709
74 767
74 776
74 786
75 79
75 82
75 84
75 95
75 97
75 111
75 116
75 131
75 154
75 161
75 162
75 170
75 203
75 210
75 212
75 221
75 237
75 243
75 244
75 250
75 269
75 298
75 312
75 330
75 332
75 339
75 357
75 360
75 369
75 382
75 384
75 442
75 452
75 463
75 542
75 554
75 565
75 580
75 605
75 618
75 619
75 650
75 654
75 674
75 677
75 700
75 739
75 772
75 784
76 81
76 83
76 89
76 93
76 108
76 109
76 123
76 136
76 143
76 155
76 168
76 172
76 175
76 176
76 181
76 193
76 195
76 211
76 245
76 261
76 262
76 263
76 283
76 284
76 289
76 322
76 326
76 331
76 343
76 348
76 351
76 359
76 364
76 376
76 393
76 397
76 411
76 415
76 422
76 430
76 451
76 487
76 527
76 543
76 548
76 556
76 598
76 621
76 633
76 662
76 670
76 691
76 699
77 79
77 81
77 82
77 89
77 97
77 125
77 137
77 148
77 156
77 159
77 166
77 172
77 216
77 219
77 221
77 223
77 238
77 264
77 267
77 282
77 301
77 316
77 338
77 342
77 371
77 373
77 389
77 400
77 420
77 511
77 543
77 546
77 562
77 582
77 583
77 633
77 708
77 734
77 794
77 799
78 79
78 91
78 121
78 131
78 156
78 158
78 163
78 169
78 173
78 198
78 213
78 214
78 215
78 216
78 230
78 232
78 237
78 240
78 281
78 295
78 326
78 338
78 346
78 350
78 360
78 378
78 385
78 389
78 414
78 424
78 426
78 483
78 509
78 532
78 552
78 562
78 571
78 595
78 670
78 671
78 688
78 692
78 715
78 728
78 746
78 756
78 762
78 766
79 82
79 89
79 93
79 94
79 141
79 164
79 191
79 192
79 251
79 280
79 303
79 309
79 327
79 367
79 387
79 389
79 392
79 401
79 528
79 565
79 604
79 694
79 715
79 738
79 750
80 81
80 96
80 98
80 107
80 113
80 146
80 151
80 177
80 203
80 225
80 226
80 235
80 242
80 265
80 268
80 284
80 290
80 300
80 307
80 312
80 315
80 320
80 334
80 349
80 361
80 374
80 395
80 451
80 455
80 463
80 475
80 502
80 513
80 518
80 524
80 553
80 564
80 610
80 621
80 640
80 652
80 654
80 692
80 745
80 753
80 765
81 85
81 88
81 102
81 110
81 130
81 139
81 143
81 146
81 150
81 153
81 179
81 218
81 219
81 224
81 229
81 241
81 244
81 257
81 292
81 295
81 301
81 312
81 314
81 315
81 338
81 340
81 351
81 356
81 358
81 365
81 367
81 377
81 390
81 392
81 405
81 411
81 415
81 432
81 447
81 448
81 461
81 475
81 479
81 481
81 513
81 520
81 534
81 544
81 585
81 644
81 659
81 660
81 665
81 683
81 723
81 735
82 84
82 86
82 89
82 104
82 113
82 121
82 125
82 128
82 129
82 148
82 154
82 158
82 168
82 210
82 220
82 260
82 274
82 281
82 283
82 286
82 291
82 292
82 302
82 304
82 335
82 376
82 389
82 390
82 418
82 431
82 442
82 445
82 451
82 461
82 470
82 524
82 535
82 591
82 592
82 595
82 604
82 634
82 640
82 645
82 699
82 706
82 732
82 743
82 747
82 782
83 85
83 93
83 107
83 165
83 200
83 211
83 228
83 234
83 246
83 252
83 255
83 258
83 353
83 369
83 431
83 483
83 506
83 523
83 547
83 581
83 595
83 598
83 618
83 658
83 732
83 757
84 107
84 116
84 120
84 141
84 142
84 144
84 153
84 156
84 171
84 230
84 244
84 265
84 266
84 272
84 297
84 313
84 318
84 394
84 401
84 452
84 459
84 464
84 514
84 519
84 529
84 532
84 553
84 582
84 589
84 670
84 671
84 674
84 705
84 732
84 752
84 782
84 792
85 103
85 112
85 119
85 130
85 136
85 142
85 146
85 154
85 186
85 203
85 206
85 212
85 215
85 231
85 236
85 243
85 252
85 274
85 284
85 298
85 307
85 308
85 322
85 354
85 379
85 399
85 402
85 418
85 423
85 435
85 441
85 471
85 583
85 587
85 611
85 617
85 647
85 663
85 698
85 702
85 705
85 752
85 771
85 789
86 91
86 92
86 95
86 96
86 99
86 101
86 108
86 115
86 150
86 171
86 172
86 173
86 178
86 198
86 229
86 241
86 248
86 252
86 263
86 266
86 382
86 460
86 461
86 557
86 584
86 607
86 652
86 676
86 722
86 737
86 783
87 123
87 131
87 162
87 173
87 184
87 197
87 210
87 211
87 212
87 265
87 285
87 299
87 303
87 341
87 346
87 353
87 373
87 385
87 427
87 449
87 508
87 598
87 707
87 710
87 726
87 731
87 780
88 90
88 105
88 124
88 130
88 133
88 135
88 141
88 144
88 149
88 150
88 159
88 167
88 183
88 193
88 202
88 211
88 255
88 304
88 319
88 335
88 363
88 377
88 409
88 423
88 438
88 440
88 457
88 459
88 468
88 479
88 491
88 502
88 511
88 529
88 562
88 574
88 615
88 618
88 630
88 632
88 655
88 670
88 683
88 694
88 719
88 721
88 735
89 93
89 97
89 108
89 109
89 145
89 177
89 178
89 180
89 200
89 209
89 226
89 260
89 264
89 273
89 305
89 357
89 396
89 409
89 415
89 417
89 432
89 523
89 531
89 543
89 562
89 573
89 582
89 618
89 764
89 775
89 792
90 96
90 112
90 121
90 122
90 137
90 196
90 218
90 286
90 294
90 296
90 298
90 307
90 319
90 355
90 431
90 438
90 471
90 566
90 587
90 609
90 634
90 640
90 684
91 109
91 125
91 129
91 130
91 148
91 164
91 168
91 217
91 234
91 261
91 271
91 286
91 287
91 290
91 324
91 350
91 362
91 374
91 375
91 407
91 451
91 458
91 585
91 588
91 667
91 705
91 729
91 739
92 94
92 115
92 122
92 126
92 140
92 151
92 157
92 166
92 176
92 180
92 183
92 218
92 263
92 271
92 298
92 337
92 346
92 356
92 398
92 472
92 488
92 496
92 576
92 600
92 687
92 721
93 107
93 123
93 148
93 163
93 171
93 172
93 212
93 224
93 238
93 246
93 250
93 266
93 278
93 313
93 321
93 342
93 350
93 378
93 401
93 436
93 467
93 480
93 518
93 537
93 587
93 626
93 628
93 648
93 651
93 765
93 781
93 798
94 101
94 107
94 134
94 141
94 142
94 155
94 159
94 165
94 212
94 234
94 239
94 250
94 287
94 292
94 303
94 305
94 308
94 313
94 332
94 344
94 377
94 382
94 386
94 394
94 458
94 459
94 469
94 500
94 518
94 527
94 540
94 560
94 562
94 605
94 665
94 670
94 708
94 740
94 753
94 772
94 787
94 791
95 99
95 103
95 124
95 128
95 152
95 161
95 192
95 198
95 202
95 212
95 217
95 220
95 248
95 250
95 251
95 263
95 277
95 283
95 304
95 321
95 334
95 355
95 366
95 375
95 384
95 413
95 446
95 462
95 482
95 489
95 500
95 536
95 577
95 579
95 604
95 616
95 661
95 671
95 680
95 698
95 719
95 724
96 97
96 102
96 105
96 109
96 112
96 114
96 132
96 141
96 142
96 151
96 161
96 221
96 246
96 247
96 257
96 297
96 336
96 359
96 364
96 429
96 475
96 486
96 518
96 522
96 541
96 555
96 584
96 745
96 781
96 799
97 109
97 115
97 138
97 164
97 169
97 175
97 207
97 215
97 217
97 225
97 228
97 239
97 256
97 260
97 263
97 280
97 300
97 302
97 304
97 348
97 352
97 358
97 369
97 385
97 418
97 431
97 460
97 480
97 482
97 496
97 503
97 524
97 549
97 559
97 569
97 582
97 591
97 624
97 628
97 630
97 636
97 692
97 713
97 715
97 734
97 757
97 780
97 781
98 100
98 103
98 117
98 124
98 136
98 142
98 146
98 210
98 213
98 231
98 262
98 271
98 281
98 294
98 324
98 357
98 398
98 404
98 410
98 431
98 433
98 435
98 439
98 442
98 509
98 522
98 535
98 543
98 566
98 578
98 583
98 594
98 608
98 625
98 635
98 659
98 681
98 712
98 714
98 732
98 751
98 780
99 117
99 127
99 136
99 138
99 140
99 210
99 218
99 250
99 258
99 295
99 317
99 362
99 365
99 368
99 388
99 490
99 505
99 519
99 552
99 586
99 614
99 672
99 676
99 692
100 102
100 103
100 114
100 129
100 133
100 141
100 157
100 162
100 166
100 171
100 176
100 183
100 200
100 219
100 225
100 239
100 244
100 251
100 270
100 296
100 305
100 372
100 374
100 390
100 450
100 467
100 526
100 560
100 573
100 577
100 639
100 700
100 730
100 747
100 363
101 108
101 117
101 128
101 136
101 157
101 179
101 203
101 251
101 276
101 311
101 325
101 402
101 486
101 519
101 539
101 540
101 542
101 580
101 586
101 663
101 675
101 680
101 716
102 116
102 119
102 125
102 126
102 141
102 147
102 150
102 160
102 165
102 166
102 194
102 273
102 274
102 317
102 319
102 326
102 348
102 350
102 355
102 383
102 423
102 443
102 474
102 529
102 549
102 584
102 624
102 640
102 671
102 696
102 716
103 137
103 149
103 157
103 193
103 223
103 247
103 275
103 321
103 322
103 335
103 387
103 397
103 408
103 442
103 443
103 510
103 525
103 529
103 591
103 641
103 644
103 693
103 729
103 798
104 109
104 125
104 145
104 160
104 185
104 191
104 195
104 197
104 227
104 235
104 268
104 282
104 283
104 313
104 325
104 357
104 376
104 460
104 465
104 476
104 482
104 496
104 532
104 550
104 576
104 581
104 606
104 643
104 690
104 724
104 754
104 777
105 118
105 128
105 160
105 178
105 235
105 257
105 268
105 341
105 374
105 406
105 451
105 493
105 626
105 652
105 731
105 748
105 785
106 110
106 118
106 128
106 135
106 138
106 153
106 154
106 177
106 178
106 218
106 226
106 228
106 230
106 232
106 242
106 274
106 305
106 348
106 356
106 362
106 398
106 425
106 443
106 451
106 484
106 492
106 526
106 550
106 555
106 619
106 622
106 626
106 631
106 715
106 755
106 775
106 799
107 118
107 119
107 130
107 185
107 197
107 299
107 312
107 330
107 439
107 463
107 479
107 493
107 499
107 509
107 547
107 552
107 569
107 587
107 614
107 697
107 702
107 726
107 779
108 122
108 126
108 161
108 206
108 360
108 384
108 448
108 450
108 501
108 502
108 530
108 541
108 552
108 580
108 651
108 657
108 672
108 711
108 712
108 765
109 169
109 206
109 209
109 233
109 267
109 378
109 424
109 447
109 453
109 460
109 484
109 497
109 517
109 614
109 683
109 704
109 731
109 774
109 781
110 152
110 157
110 225
110 247
110 294
110 328
110 334
110 359
110 386
110 490
110 502
110 517
110 521
110 531
110 559
110 585
110 629
110 725
110 730
110 737
111 116
111 132
111 147
111 159
111 264
111 296
111 353
111 371
111 372
111 394
111 428
111 429
111 443
111 563
111 576
112 156
112 165
112 198
112 202
112 206
112 240
112 269
112 294
112 353
112 379
112 385
112 392
112 433
112 468
112 473
112 488
112 569
112 574
112 594
112 620
112 632
112 652
112 674
112 678
112 712
112 737
112 757
112 768
112 776
113 129
113 139
113 159
113 223
113 237
113 240
113 251
113 275
113 305
113 358
113 381
113 392
113 450
113 551
113 564
113 590
113 702
113 769
113 772
114 140
114 278
114 291
114 323
114 404
114 480
114 543
114 556
114 590
114 684
114 759
115 163
115 283
115 299
115 304
115 351
115 563
115 565
115 572
115 576
115 604
115 649
115 782
115 799
116 153
116 169
116 179
116 185
116 224
116 244
116 258
116 265
116 292
116 314
116 317
116 407
116 444
116 449
116 509
116 602
116 628
116 652
116 660
116 676
116 699
116 740
116 743
116 781
117 122
117 124
117 128
117 150
117 189
117 253
117 262
117 276
117 303
117 311
117 312
117 325
117 358
117 366
117 379
117 383
117 396
117 420
117 427
117 475
117 586
117 615
117 651
117 710
117 746
117 763
117 795
118 134
118 136
118 140
118 141
118 147
118 173
118 182
118 223
118 227
118 229
118 252
118 269
118 274
118 294
118 295
118 310
118 364
118 382
118 430
118 435
118 441
118 473
118 491
118 574
118 643
118 663
118 690
119 129
119 143
119 145
119 160
119 174
119 217
119 250
119 269
119 319
119 320
119 330
119 349
119 350
119 453
119 464
119 504
119 571
119 590
119 596
119 662
119 668
119 681
119 744
119 770
119 784
120 131
120 133
120 146
120 151
120 152
120 179
120 184
120 201
120 216
120 224
120 251
120 278
120 305
120 338
120 346
120 358
120 378
120 389
120 396
120 403
120 460
120 488
120 491
120 533
120 558
120 601
120 628
120 640
120 643
120 647
120 653
120 685
120 722
120 766
121 122
121 125
121 138
121 139
121 146
121 154
121 171
121 188
121 220
121 226
121 279
121 291
121 324
121 391
121 407
121 442
121 468
121 469
121 507
121 521
121 564
121 621
121 671
121 680
121 686
121 772
121 775
121 790
122 128
122 131
122 133
122 139
122 141
122 143
122 146
122 148
122 162
122 163
122 171
122 183
122 215
122 218
122 247
122 255
122 264
122 304
122 325
122 339
122 345
122 359
122 385
122 415
122 506
122 527
122 528
122 582
122 692
122 704
122 748
122 749
122 754
122 786
122 789
123 125
123 138
123 152
123 213
123 237
123 301
123 315
123 344
123 417
123 440
123 474
123 488
123 523
123 611
124 172
124 189
124 193
124 200
124 206
124 225
124 229
124 230
124 263
124 274
124 303
124 350
124 370
124 427
124 604
124 615
124 619
124 630
124 644
124 722
124 724
124 725
124 738
124 767
124 768
125 131
125 184
125 199
125 227
125 228
125 262
125 278
125 285
125 298
125 304
125 348
125 423
125 465
125 484
125 529
125 576
125 585
125 603
125 650
125 660
125 700
125 703
125 711
125 768
125 792
126 154
126 175
126 181
126 192
126 205
126 230
126 236
126 247
126 250
126 259
126 293
126 316
126 317
126 333
126 334
126 347
126 354
126 366
126 393
126 428
126 439
126 446
126 466
126 468
126 489
126 499
126 502
126 535
126 546
126 571
126 656
126 709
126 752
126 781
126 791
127 139
127 142
127 152
127 167
127 175
127 194
127 198
127 214
127 223
127 243
127 247
127 257
127 272
127 273
127 274
127 289
127 341
127 346
127 360
127 394
127 395
127 421
127 455
127 460
127 478
127 589
127 639
127 680
127 690
127 742
127 760
127 769
127 773
127 782
128 139
128 148
128 173
128 185
128 193
128 203
128 225
128 236
128 243
128 248
128 266
128 270
128 318
128 328
128 333
128 360
128 363
128 404
128 413
128 525
128 563
128 593
128 595
128 602
128 618
128 629
128 636
128 693
128 702
128 774
128 792
129 184
129 209
129 225
129 231
129 246
129 296
129 313
129 382
129 391
129 407
129 421
129 451
129 471
129 524
129 578
129 600
129 608
129 689
129 779
130 158
130 170
130 186
130 192
130 200
130 206
130 217
130 218
130 249
130 254
130 300
130 326
130 346
130 349
130 379
130 385
130 389
130 390
130 405
130 411
130 421
130 498
130 545
130 608
130 670
130 708
130 713
130 720
131 199
131 234
131 243
131 345
131 369
131 415
131 501
131 533
131 617
131 668
131 675
131 697
131 768
131 784
132 159
132 164
132 197
132 204
132 214
132 239
132 268
132 300
132 318
132 354
132 372
132 472
132 476
132 497
132 549
132 561
132 617
132 622
132 673
132 774
133 135
133 144
133 150
133 151
133 177
133 183
133 189
133 198
133 208
133 231
133 236
133 257
133 315
133 378
133 402
133 426
133 433
133 459
133 461
133 463
133 465
133 485
133 488
133 523
133 537
133 551
133 562
133 563
133 609
133 611
133 621
133 630
133 690
133 769
133 787
133 789
134 140
134 143
134 158
134 183
134 205
134 207
134 289
134 304
134 315
134 323
134 350
134 353
134 362
134 371
134 379
134 397
134 404
134 470
134 473
134 526
134 564
134 598
134 637
134 661
134 677
134 745
134 797
135 144
135 147
135 163
135 167
135 171
135 182
135 186
135 224
135 240
135 246
135 289
135 326
135 356
135 383
135 390
135 398
135 425
135 487
135 522
135 526
135 579
135 653
135 679
135 728
136 137
136 209
136 245
136 253
136 266
136 268
136 280
136 341
136 350
136 373
136 384
136 423
136 465
136 518
136 603
136 621
136 632
136 662
136 671
136 706
136 719
136 728
137 155
137 180
137 186
137 189
137 200
137 245
137 256
137 268
137 272
137 306
137 310
137 349
137 354
137 366
137 370
137 406
137 447
137 468
137 500
137 503
137 544
137 587
137 595
137 703
137 712
137 770
137 790
137 794
138 147
138 149
138 150
138 155
138 186
138 246
138 256
138 262
138 274
138 283
138 291
138 325
138 334
138 342
138 362
138 399
138 497
138 498
138 585
138 598
138 618
138 630
138 635
138 649
138 684
138 686
138 714
138 781
139 151
139 174
139 191
139 203
139 336
139 364
139 367
139 384
139 405
139 431
139 439
139 494
139 503
139 523
139 529
139 648
140 172
140 202
140 219
140 256
140 288
140 293
140 299
140 318
140 343
140 411
140 430
140 455
140 544
140 583
140 584
140 700
140 701
140 377
141 156
141 168
141 181
141 202
141 278
141 306
141 442
141 445
141 449
141 450
141 452
141 476
141 478
141 518
141 521
141 711
141 798
142 165
142 173
142 174
142 254
142 347
142 353
142 356
142 526
142 545
142 555
142 559
142 562
142 676
142 677
142 739
142 789
143 158
143 160
143 164
143 171
143 175
143 179
143 199
143 208
143 210
143 222
143 237
143 245
143 251
143 282
143 309
143 311
143 314
143 315
143 344
143 371
143 419
143 558
143 585
143 639
143 641
143 644
143 728
143 788
144 196
144 253
144 259
144 272
144 297
144 309
144 448
144 455
144 541
144 551
144 595
144 735
144 748
144 767
144 769
145 174
145 177
145 180
145 194
145 204
145 225
145 239
145 267
145 302
145 408
145 429
145 442
145 444
145 457
145 502
145 571
145 624
145 690
145 693
146 154
146 157
146 173
146 191
146 212
146 224
146 240
146 263
146 288
146 306
146 311
146 321
146 327
146 333
146 343
146 348
146 353
146 389
146 447
146 493
146 574
146 575
146 588
146 643
146 651
146 668
146 710
147 159
147 163
147 165
147 170
147 171
147 173
147 181
147 186
147 242
147 258
147 294
147 326
147 349
147 366
147 415
147 456
147 468
147 559
147 573
147 651
147 654
147 682
147 689
147 706
147 791
148 196
148 209
148 224
148 228
148 229
148 288
148 299
148 335
148 388
148 396
148 403
148 409
148 502
148 504
148 509
148 519
148 520
148 531
148 535
148 563
148 581
148 599
148 603
148 656
148 675
148 704
148 770
148 793
149 154
149 161
149 182
149 188
149 220
149 231
149 232
149 238
149 259
149 264
149 275
149 363
149 443
149 452
149 484
149 606
149 642
149 656
149 665
149 681
150 206
150 261
150 264
150 292
150 297
150 318
150 330
150 393
150 533
150 577
150 609
150 618
150 638
150 668
150 716
150 734
150 753
150 770
150 790
151 156
151 210
151 237
151 308
151 338
151 342
151 373
151 383
151 384
151 386
151 467
151 468
151 474
151 505
151 512
151 548
151 622
151 709
152 184
152 194
152 215
152 279
152 309
152 339
152 347
152 370
152 403
152 474
152 484
152 508
152 546
152 614
152 649
152 662
152 779
152 794
153 156
153 160
153 162
153 174
153 175
153 180
153 205
153 208
153 221
153 256
153 265
153 298
153 312
153 347
153 424
153 466
153 475
153 477
153 483
153 500
153 519
153 558
153 567
153 573
153 591
153 605
153 615
153 648
153 654
153 666
153 669
153 737
153 784
154 156
154 175
154 176
154 189
154 198
154 214
154 444
154 585
154 603
154 626
154 650
154 682
154 695
154 725
154 729
154 759
154 767
154 786
155 188
155 194
155 204
155 205
155 207
155 219
155 241
155 246
155 258
155 269
155 277
155 317
155 329
155 356
155 401
155 410
155 453
155 464
155 465
155 470
155 472
155 494
155 520
155 549
155 595
155 625
155 636
155 684
155 719
155 746
155 769
156 187
156 225
156 280
156 297
156 298
156 313
156 346
156 454
156 482
156 513
156 550
156 554
156 560
156 566
156 599
156 711
156 733
157 219
157 227
157 233
157 246
157 288
157 309
157 318
157 331
157 368
157 384
157 407
157 414
157 433
157 487
157 495
157 506
157 521
157 534
157 544
157 547
157 549
157 555
157 583
157 596
157 620
157 640
157 646
157 654
157 668
157 681
157 772
157 778
157 797
158 195
158 218
158 223
158 241
158 287
158 296
158 318
158 355
158 357
158 365
158 373
158 392
158 406
158 462
158 478
158 483
158 512
158 530
158 578
158 606
158 627
158 674
158 731
158 743
158 747
158 760
158 789
159 187
159 216
159 414
159 448
159 467
159 485
159 495
159 507
159 597
159 610
159 676
159 707
160 207
160 235
160 237
160 251
160 273
160 314
160 345
160 351
160 380
160 421
160 438
160 471
160 480
160 535
160 540
160 551
160 599
160 614
160 623
160 634
160 641
160 684
160 721
160 725
161 177
161 187
161 243
161 287
161 293
161 294
161 295
161 302
161 310
161 408
161 419
161 459
161 575
161 589
161 625
161 661
161 662
162 186
162 223
162 243
162 285
162 295
162 333
162 339
162 344
162 348
162 383
162 418
162 426
162 427
162 432
162 437
162 452
162 463
162 502
162 628
162 668
162 685
162 690
163 190
163 195
163 205
163 242
163 258
163 266
163 285
163 289
163 306
163 310
163 327
163 344
163 356
163 368
163 369
163 406
163 411
163 425
163 453
163 455
163 475
163 510
163 543
163 555
163 573
163 594
163 599
163 621
163 623
163 663
163 714
163 719
163 738
163 763
163 785
163 794
164 166
164 175
164 181
164 187
164 215
164 290
164 295
164 377
164 415
164 471
164 485
164 516
164 521
164 527
164 576
164 587
164 603
164 612
164 618
164 623
164 691
164 694
164 764
165 170
165 178
165 184
165 192
165 255
165 258
165 266
165 307
165 327
165 331
165 349
165 373
165 391
165 394
165 566
165 576
165 577
165 653
165 658
165 672
166 182
166 285
166 296
166 316
166 346
166 355
166 373
166 392
166 416
166 424
166 462
166 472
166 473
166 476
166 493
166 517
166 599
166 609
166 640
166 696
167 197
167 254
167 278
167 302
167 442
167 527
167 600
167 605
167 612
167 642
167 646
168 182
168 218
168 219
168 249
168 272
168 337
168 368
168 381
168 385
168 386
168 390
168 440
168 446
168 447
168 638
168 665
168 685
168 692
168 701
169 278
169 318
169 322
169 383
169 455
169 679
169 720
169 757
170 174
170 179
170 186
170 209
170 219
170 259
170 260
170 276
170 314
170 343
170 389
170 397
170 437
170 463
170 470
170 511
170 514
170 631
170 658
170 672
170 750
170 754
171 189
171 242
171 279
171 285
171 293
171 307
171 342
171 378
171 403
171 567
171 633
171 658
171 681
171 740
172 295
172 341
172 358
172 365
172 437
172 484
172 489
172 568
172 632
172 637
172 666
172 671
172 693
172 724
172 748
173 194
173 231
173 251
173 269
173 272
173 273
173 286
173 387
173 429
173 448
173 456
173 516
173 556
173 640
173 681
173 684
173 730
173 758
173 791
173 792
174 181
174 188
174 190
174 196
174 204
174 252
174 308
174 364
174 373
174 399
174 438
174 513
174 550
174 568
174 589
174 595
174 729
174 738
175 201
175 267
175 329
175 336
175 381
175 454
175 475
175 479
175 506
175 680
176 189
176 201
176 207
176 236
176 305
176 316
176 324
176 374
176 386
176 573
176 586
176 591
176 596
176 597
176 686
177 202
177 208
177 217
177 285
177 345
177 395
177 420
177 443
177 489
177 506
177 526
177 674
177 712
178 200
178 201
178 202
178 208
178 226
178 236
178 249
178 278
178 286
178 289
178 297
178 322
178 365
178 372
178 403
178 488
178 536
178 576
178 634
178 705
178 710
178 727
178 793
179 222
179 285
179 289
179 337
179 371
179 466
179 485
179 579
179 583
179 636
179 680
179 696
179 761
179 786
180 185
180 255
180 294
180 299
180 301
180 327
180 423
180 458
180 468
180 493
180 541
180 561
180 579
180 589
180 675
180 780
181 188
181 243
181 279
181 358
181 390
181 419
181 462
181 497
181 507
181 510
181 542
181 546
181 751
182 188
182 204
182 224
182 229
182 296
182 316
182 346
182 349
182 368
182 373
182 393
182 402
182 419
182 447
182 451
182 515
182 536
182 537
182 569
182 605
182 667
182 789
182 795
183 245
183 257
183 259
183 298
183 303
183 319
183 325
183 330
183 357
183 380
183 396
183 485
183 505
183 538
183 547
183 613
183 694
183 699
183 758
183 761
183 782
183 784
184 238
184 257
184 313
184 316
184 331
184 349
184 372
184 376
184 395
184 432
184 511
184 525
184 563
184 583
184 639
184 648
184 657
184 751
184 788
185 192
185 195
185 255
185 257
185 311
185 359
185 409
185 423
185 446
185 562
185 667
185 741
185 747
185 755
185 779
186 206
186 236
186 238
186 249
186 287
186 307
186 319
186 338
186 357
186 375
186 396
186 414
186 437
186 447
186 504
186 529
186 550
186 597
187 232
187 369
187 384
187 400
187 403
187 422
187 443
187 631
187 719
188 190
188 197
188 208
188 232
188 259
188 265
188 275
188 282
188 301
188 308
188 363
188 364
188 365
188 412
188 536
188 556
188 564
188 567
188 601
189 223
189 261
189 376
189 378
189 415
189 441
189 466
189 510
189 572
189 582
189 593
189 613
189 620
189 749
189 766
190 217
190 222
190 233
190 244
190 282
190 283
190 321
190 336
190 402
190 440
190 513
190 545
190 570
190 574
190 607
190 626
190 791
190 795
191 194
191 214
191 219
191 221
191 263
191 286
191 287
191 343
191 365
191 482
191 529
191 530
191 540
191 559
191 629
191 661
191 706
191 713
191 718
191 747
191 752
191 764
192 210
192 228
192 274
192 314
192 339
192 362
192 400
192 480
192 601
192 736
192 761
192 786
193 195
193 199
193 219
193 228
193 269
193 379
193 492
193 496
193 532
193 560
193 563
193 574
193 597
193 634
193 653
193 683
193 718
193 721
193 727
193 732
193 778
194 233
194 243
194 279
194 290
194 310
194 383
194 430
194 457
194 471
194 504
194 527
194 532
194 556
194 575
194 577
194 691
194 700
194 753
194 770
194 774
194 795
195 224
195 264
195 268
195 281
195 304
195 326
195 343
195 395
195 413
195 436
195 438
195 450
195 455
195 462
195 491
195 505
195 529
195 594
195 620
195 670
195 743
196 329
196 399
196 427
196 438
196 472
196 487
196 508
196 518
196 570
196 614
196 705
196 731
196 740
197 203
197 284
197 301
197 378
197 425
197 488
197 562
197 577
197 590
197 592
197 690
197 702
197 716
198 202
198 211
198 340
198 368
198 520
198 563
198 590
198 643
198 687
198 713
198 775
198 777
199 338
199 397
199 425
199 439
199 487
199 724
199 744
199 768
200 214
200 260
200 340
200 370
200 372
200 383
200 391
200 396
200 411
200 415
200 416
200 459
200 461
200 567
200 603
200 623
200 638
200 661
200 686
200 723
201 208
201 310
201 316
201 340
201 361
201 373
201 386
201 391
201 479
201 489
201 499
201 521
201 544
201 558
201 723
201 732
201 760
201 787
202 279
202 360
202 361
202 370
202 401
202 408
202 416
202 474
202 508
202 516
202 519
202 612
202 629
202 665
202 716
202 725
202 797
203 246
203 270
203 281
203 294
203 298
203 416
203 433
203 475
203 525
203 530
203 572
203 596
203 680
204 278
204 296
204 343
204 566
204 618
204 662
204 665
205 237
205 254
205 337
205 412
205 427
205 440
205 479
205 506
205 513
205 524
205 551
205 574
205 591
205 704
206 209
206 222
206 226
206 341
206 384
206 435
206 620
206 741
206 746
206 763
207 314
207 401
207 420
207 451
207 557
207 609
207 730
207 750
208 210
208 238
208 242
208 263
208 273
208 375
208 381
208 387
208 430
208 463
208 481
208 586
208 598
208 718
208 723
208 736
208 774
209 239
209 250
209 269
209 271
209 292
209 331
209 360
209 532
209 676
209 726
209 740
209 743
210 235
210 244
210 249
210 256
210 270
210 308
210 340
210 357
210 518
210 582
210 607
210 639
210 646
211 251
211 322
211 339
211 342
211 363
211 422
211 429
211 437
211 445
211 490
211 554
211 559
211 635
211 655
211 657
211 704
211 760
211 789
212 298
212 303
212 312
212 359
212 380
212 395
212 430
212 435
212 451
212 453
212 463
212 471
212 501
212 538
212 612
212 627
212 655
212 661
212 665
212 692
212 792
213 216
213 253
213 282
213 309
213 339
213 344
213 346
213 373
213 391
213 395
213 411
213 474
213 531
213 540
213 627
213 662
213 695
213 741
213 748
213 759
213 788
213 790
214 225
214 238
214 248
214 320
214 321
214 323
214 324
214 360
214 413
214 418
214 428
214 456
214 467
214 507
214 521
214 553
214 584
214 741
214 777
215 275
215 279
215 328
215 332
215 383
215 501
215 568
215 627
215 640
215 703
216 430
216 576
216 691
216 799
217 311
217 328
217 376
217 514
217 709
217 728
218 221
218 269
218 289
218 307
218 322
218 368
218 391
218 439
218 447
218 522
218 548
218 564
218 625
218 641
218 651
218 733
218 791
218 795
219 245
219 249
219 264
219 299
219 333
219 358
219 402
219 405
219 420
219 434
219 489
219 517
219 555
219 575
219 657
219 670
219 682
219 695
219 736
219 737
219 744
220 248
220 249
220 312
220 346
220 540
220 638
220 655
220 691
220 755
221 239
221 274
221 318
221 365
221 410
221 455
221 489
221 558
221 588
221 722
221 758
221 775
222 229
222 302
222 317
222 330
222 388
222 437
222 457
222 541
222 593
222 613
222 681
222 708
223 232
223 253
223 261
223 275
223 309
223 349
223 356
223 397
223 471
223 473
223 478
223 485
223 530
223 635
223 655
224 236
224 237
224 266
224 276
224 292
224 301
224 304
224 311
224 333
224 385
224 422
224 501
224 518
224 524
224 542
224 582
224 605
224 706
224 724
224 731
225 227
225 293
225 296
225 311
225 324
225 337
225 431
225 509
225 519
225 540
225 571
225 600
225 639
225 668
225 687
225 714
225 729
225 782
226 248
226 251
226 259
226 295
226 315
226 320
226 325
226 336
226 349
226 358
226 444
226 445
226 494
226 641
226 673
226 789
227 244
227 248
227 249
227 275
227 285
227 364
227 394
227 399
227 449
227 463
227 469
227 561
227 593
227 730
227 779
228 241
228 246
228 254
228 267
228 291
228 331
228 373
228 385
228 390
228 428
228 461
228 498
228 539
228 633
228 661
228 794
229 238
229 262
229 278
229 293
229 303
229 356
229 425
229 438
229 464
229 508
229 514
229 528
229 545
229 550
229 706
229 725
229 732
229 757
230 347
230 409
230 435
230 525
230 629
230 650
230 724
231 248
231 278
231 288
231 301
231 313
231 314
231 318
231 331
231 362
231 372
231 452
231 611
231 704
231 718
231 730
231 788
232 234
232 250
232 255
232 261
232 276
232 291
232 335
232 345
232 444
232 497
232 528
232 621
232 672
232 744
232 793
233 265
233 293
233 304
233 315
233 342
233 381
233 404
233 421
233 453
233 499
233 547
233 553
233 560
233 571
233 625
233 634
233 635
233 648
233 656
233 684
233 736
233 751
233 779
234 241
234 283
234 284
234 307
234 319
234 472
234 576
234 612
234 630
234 698
234 772
235 243
235 256
235 277
235 292
235 306
235 335
235 347
235 356
235 385
235 407
235 436
235 439
235 515
235 521
235 560
235 607
235 630
235 632
235 651
235 689
235 736
236 256
236 324
236 351
236 430
236 463
236 507
236 551
236 567
236 600
236 606
236 622
236 645
236 786
237 239
237 240
237 270
237 307
237 321
237 325
237 362
237 420
237 433
237 537
237 592
237 654
237 656
237 675
237 680
237 693
237 753
237 765
237 784
237 785
238 268
238 368
238 474
238 496
238 515
239 270
239 271
239 340
239 349
239 414
239 431
239 447
239 464
239 498
239 533
239 599
239 650
239 760
240 305
240 383
240 424
240 425
240 437
240 475
240 569
240 609
240 676
240 770
241 412
241 449
241 490
241 504
242 271
242 283
242 338
242 367
242 375
242 400
242 434
242 476
242 480
242 481
242 515
242 527
242 541
242 547
242 559
242 603
242 613
242 624
242 654
242 660
242 699
242 744
242 752
242 754
242 762
243 248
243 299
243 322
243 350
243 360
243 377
243 397
243 400
243 452
243 468
243 470
243 478
243 556
243 571
243 578
243 615
243 633
243 713
243 728
243 752
243 758
243 782
243 789
244 249
244 253
244 318
244 337
244 363
244 431
244 467
244 499
244 642
244 652
244 683
244 697
244 747
244 788
245 267
245 325
245 343
245 352
245 357
245 365
245 373
245 407
245 497
245 540
245 648
245 658
245 702
245 750
245 754
245 792
245 795
246 257
246 276
246 292
246 300
246 311
246 321
246 326
246 348
246 473
246 599
247 255
247 256
247 259
247 280
247 282
247 333
247 334
247 359
247 367
247 437
247 446
247 469
247 497
247 527
247 541
247 590
247 696
247 697
247 733
247 758
248 276
248 314
248 319
248 337
248 346
248 348
248 371
248 380
248 387
248 392
248 408
248 433
248 449
248 463
248 469
248 494
248 505
248 513
248 520
248 523
248 580
248 597
248 607
248 625
248 648
248 721
249 257
249 305
249 331
249 336
249 418
249 439
249 490
249 551
249 631
249 646
249 773
250 266
250 354
250 370
250 409
250 537
250 552
250 559
250 608
250 657
250 776
251 252
251 352
251 361
251 400
251 406
251 420
251 457
251 529
251 618
251 714
251 762
251 771
252 287
252 329
252 434
252 489
252 503
252 526
252 530
252 578
252 626
253 270
253 300
253 399
253 426
253 465
253 486
253 623
253 664
253 687
253 698
253 721
253 780
254 291
254 350
254 357
254 365
254 411
254 418
254 481
254 675
254 696
254 761
255 256
255 285
255 357
255 427
255 509
255 528
255 557
255 597
255 745
255 786
256 275
256 281
256 291
256 304
256 321
256 355
256 365
256 384
256 386
256 406
256 421
256 503
256 510
256 579
256 603
256 687
256 742
256 764
256 773
256 790
257 312
257 327
257 364
257 367
257 374
257 405
257 547
257 555
257 593
257 600
257 619
257 642
257 749
258 278
258 325
258 342
258 390
258 393
258 650
258 693
258 731
258 785
259 322
259 330
259 343
259 376
259 386
259 580
259 701
260 272
260 298
260 304
260 321
260 336
260 441
260 470
260 493
260 671
260 757
260 775
260 787
261 268
261 270
261 328
261 471
261 472
261 492
261 569
261 574
261 637
261 659
261 661
261 675
261 708
261 752
261 778
262 297
262 315
262 339
262 340
262 341
262 354
262 359
262 408
262 412
262 433
262 455
262 472
262 488
262 538
262 547
262 548
262 551
262 597
262 637
262 654
262 697
262 699
262 715
262 738
262 753
262 772
263 316
263 319
263 369
263 459
263 476
263 555
263 601
264 336
264 351
264 352
264 359
264 388
264 544
264 546
264 585
264 642
264 740
264 758
264 762
264 764
265 305
265 327
265 432
265 566
265 766
266 431
266 469
266 483
266 493
266 543
266 566
266 577
266 592
266 604
266 663
266 665
267 308
267 361
267 363
267 440
267 492
267 615
267 617
268 323
268 330
268 332
268 357
268 453
268 499
268 573
268 587
268 619
268 675
268 677
268 727
268 735
268 793
269 282
269 383
269 421
269 424
269 469
269 750
269 765
270 380
270 381
270 422
270 443
270 444
270 494
270 583
270 623
270 686
270 722
270 759
270 772
270 778
270 790
271 289
271 428
271 435
271 445
271 448
271 480
271 592
271 706
271 771
271 790
272 276
272 281
272 364
272 400
272 480
272 525
272 555
272 603
272 612
272 704
272 767
272 788
273 300
273 345
273 409
273 420
273 423
273 474
273 514
273 552
273 689
274 391
274 400
274 444
274 476
274 487
274 496
274 547
274 581
274 600
274 641
274 649
274 656
274 713
274 740
275 337
275 353
275 365
275 388
275 397
275 413
275 422
275 454
275 455
275 710
275 746
275 754
276 363
276 395
276 490
276 498
276 500
276 505
276 539
276 553
276 592
276 641
276 644
276 699
276 712
276 771
276 780
276 791
277 308
277 400
277 406
277 430
277 555
277 574
277 580
277 586
277 653
277 677
277 723
277 736
278 316
278 390
278 421
278 443
278 458
278 485
278 570
278 571
278 586
278 588
278 677
279 280
279 284
279 319
279 363
279 368
279 372
279 380
279 413
279 418
279 458
279 470
279 536
279 570
279 576
279 614
279 643
279 761
280 320
280 324
280 382
280 394
280 458
280 543
280 601
280 766
281 409
281 711
281 721
281 782
281 786
282 386
282 409
282 418
282 521
282 548
282 562
282 570
282 584
282 637
282 645
282 646
282 685
282 728
282 767
282 768
283 437
283 465
283 581
283 592
283 593
283 656
283 733
283 750
283 762
284 288
284 303
284 311
284 316
284 320
284 330
284 353
284 380
284 405
284 470
284 472
284 526
284 565
284 576
284 591
284 610
284 640
284 653
284 695
284 696
284 701
284 705
284 730
284 731
285 306
285 309
285 351
285 411
285 440
285 464
285 540
285 554
285 597
286 336
286 449
286 553
286 592
286 742
287 327
287 438
287 440
287 516
287 517
287 617
287 649
287 778
287 782
288 332
288 335
288 347
288 459
288 494
288 594
288 739
288 753
288 778
289 294
289 321
289 342
289 388
289 491
289 522
289 533
289 535
289 547
289 667
289 722
289 799
290 291
290 326
290 383
290 412
290 505
290 546
290 584
290 633
290 651
290 657
290 695
290 749
290 769
290 772
291 323
291 343
291 348
291 354
291 383
291 398
291 554
291 578
291 625
291 627
291 673
291 686
291 716
291 758
292 294
292 381
292 401
292 482
292 512
292 574
292 635
292 756
292 764
293 392
293 429
293 450
293 495
293 528
293 532
293 567
293 662
293 692
293 703
293 727
293 744
293 752
293 797
294 313
294 388
294 390
294 438
294 465
294 486
294 499
294 510
294 551
294 553
294 570
294 663
294 766
295 464
295 487
295 515
295 548
295 608
295 729
296 444
296 561
296 616
296 726
297 442
297 484
297 560
297 587
297 636
297 665
297 772
298 311
298 333
298 347
298 429
298 432
298 434
298 458
298 465
298 477
298 525
298 611
298 651
298 761
299 344
299 388
299 414
299 446
299 610
299 656
299 658
299 727
300 320
300 328
300 350
300 361
300 427
300 487
300 494
300 542
300 566
300 717
301 314
301 380
301 455
301 514
301 516
301 527
301 561
301 569
301 681
301 751
302 318
302 444
302 756
302 779
303 326
303 344
303 348
303 416
303 419
303 486
303 491
303 526
303 580
303 626
303 671
303 696
303 750
303 779
304 345
304 362
304 393
304 398
304 450
304 462
304 464
304 484
304 575
304 630
304 653
304 660
304 745
304 776
304 793
305 379
305 456
305 516
305 581
305 602
305 654
305 672
305 720
305 730
305 740
305 758
306 312
306 375
306 416
306 419
306 465
306 483
306 487
306 525
306 559
306 570
306 580
306 622
306 671
306 735
306 770
306 773
306 783
307 420
307 507
307 509
307 520
307 634
307 657
307 664
308 320
308 323
308 356
308 365
308 372
308 449
308 450
308 474
308 528
308 560
308 596
308 602
308 609
308 661
308 677
308 702
308 762
308 770
308 771
309 338
309 366
309 390
309 436
309 448
309 517
309 532
309 626
309 719
310 355
310 370
311 366
311 374
311 410
311 422
311 486
311 510
311 527
311 564
311 719
312 361
312 362
312 397
312 415
312 476
312 558
312 570
312 619
312 656
312 679
312 723
313 327
313 507
313 513
313 531
313 549
313 565
313 577
313 590
313 610
314 332
314 335
314 371
314 454
314 537
314 571
314 625
314 783
314 790
314 792
315 349
315 403
315 445
315 520
315 654
315 713
316 535
316 547
316 796
317 339
317 432
317 463
317 560
317 577
317 595
317 597
317 622
317 623
317 660
317 702
317 726
317 768
318 340
318 381
318 460
318 608
318 623
318 672
319 381
319 391
319 445
319 478
319 511
319 577
319 601
319 608
319 621
319 695
319 698
319 710
319 725
319 727
319 731
319 785
320 324
320 395
320 502
320 530
320 638
320 648
320 665
320 750
320 762
321 344
321 361
321 434
321 749
322 415
322 434
322 648
322 733
323 324
323 367
323 381
323 397
323 408
323 660
323 787
324 337
324 468
324 499
324 550
324 711
325 329
325 354
325 393
325 396
325 400
325 428
325 437
325 449
325 462
325 481
325 512
325 538
325 539
325 589
325 602
325 631
325 659
326 368
326 385
326 398
326 428
326 439
326 453
326 492
326 530
326 575
326 662
326 701
326 751
327 368
327 386
327 433
327 441
327 492
327 582
327 630
328 331
328 342
328 373
328 395
328 443
328 473
328 542
328 642
328 655
328 669
328 686
328 704
328 728
328 731
328 755
329 414
329 456
329 494
329 508
329 639
329 647
329 664
329 722
329 778
330 363
330 490
330 623
331 411
331 768
331 771
332 398
332 413
332 419
332 434
332 461
332 502
332 509
332 535
332 592
332 668
332 674
332 675
332 693
332 707
332 763
333 335
333 343
333 372
333 412
333 431
333 442
333 496
333 498
333 558
333 643
334 402
334 467
334 538
334 585
334 588
334 602
334 613
334 632
334 709
335 376
335 429
335 459
335 675
335 730
335 738
335 750
335 791
336 348
336 360
336 388
336 419
336 434
336 489
336 505
336 533
336 561
336 584
336 755
337 347
337 354
337 408
337 412
337 516
337 531
337 565
337 696
338 343
338 375
338 380
338 639
338 642
338 664
338 745
338 767
339 419
339 627
339 710
339 754
340 541
340 628
340 678
340 734
340 773
341 376
341 410
341 434
341 534
341 559
341 623
341 655
341 683
341 782
342 369
342 441
342 471
342 544
342 557
342 622
342 681
343 344
343 482
343 486
343 496
343 609
343 637
343 669
344 404
344 406
344 465
344 477
344 478
344 490
344 547
344 641
344 701
344 706
344 727
345 348
345 355
345 428
345 457
345 477
345 494
345 543
345 633
345 662
345 672
345 714
346 430
346 483
346 485
346 493
346 513
346 567
346 589
346 603
346 628
346 735
347 367
347 370
347 466
347 481
347 488
347 507
347 583
347 636
348 350
348 409
348 422
348 468
348 495
348 532
348 784
349 357
349 441
349 476
349 570
349 655
349 718
349 720
349 744
349 760
349 793
350 363
350 377
350 486
350 509
350 523
350 538
350 614
350 646
350 667
350 711
350 761
351 366
351 418
351 508
351 557
351 669
351 684
351 707
351 719
351 728
352 384
352 464
352 519
352 543
352 611
353 376
353 389
353 469
353 506
353 523
353 534
353 621
353 636
353 741
353 769
353 788
354 606
355 377
355 408
355 490
355 522
355 596
355 603
355 635
355 640
355 700
355 714
355 724
355 735
355 785
355 792
356 387
356 409
356 453
356 486
356 515
356 528
356 552
356 556
356 625
356 636
356 659
356 773
357 396
357 407
357 435
357 452
357 474
357 553
357 619
357 698
357 742
357 747
357 792
358 414
358 440
358 468
358 519
358 573
358 608
358 683
358 738
359 410
359 446
359 457
359 477
359 549
359 602
359 607
359 679
360 368
360 407
360 448
360 495
360 505
360 545
360 673
360 687
360 732
361 416
361 533
361 570
361 761
362 418
362 558
362 666
362 679
362 684
363 395
363 542
363 748
364 381
364 404
364 405
364 512
364 672
364 676
364 776
365 452
365 462
365 467
365 482
365 496
365 507
365 524
365 600
365 644
365 709
365 736
365 795
366 433
366 458
366 532
366 639
367 565
367 641
368 484
368 503
368 554
368 667
368 676
368 701
368 734
369 399
369 413
369 479
369 483
369 594
369 613
369 688
369 782
370 421
370 446
370 654
370 690
370 796
371 405
371 422
371 435
371 481
371 530
371 574
371 650
372 417
372 491
372 501
372 609
372 619
372 703
372 750
373 377
373 525
373 591
373 606
373 759
373 775
374 402
374 483
374 566
374 632
374 792
375 384
375 483
375 551
375 659
376 377
376 381
376 419
376 423
376 429
376 471
376 514
376 580
376 653
376 667
376 709
376 763
377 379
377 424
377 538
377 594
377 746
377 758
378 394
378 439
378 468
378 505
378 512
378 516
378 579
378 642
378 656
378 683
379 458
379 483
379 502
379 563
379 672
379 685
379 736
380 406
380 466
380 518
380 586
381 477
381 515
381 560
381 630
382 475
382 503
382 510
382 556
382 606
382 628
382 760
382 763
382 766
383 484
383 669
383 695
383 703
383 714
383 724
383 796
384 449
384 683
384 688
384 691
384 733
385 407
385 461
385 487
385 629
385 631
386 416
386 486
386 519
386 564
386 568
386 588
386 611
386 622
386 650
386 704
386 745
386 753
386 756
386 793
387 437
387 460
387 669
387 695
387 796
388 413
388 448
388 537
388 600
389 398
389 404
389 414
389 467
389 512
389 614
389 660
389 784
390 396
390 457
390 568
390 688
390 750
390 768
391 417
391 425
391 432
391 524
391 591
391 602
391 631
391 696
391 781
392 432
392 645
393 396
393 426
393 477
393 543
393 568
393 653
393 664
393 689
393 719
393 775
394 546
395 409
395 464
395 467
395 516
395 519
395 527
395 562
395 634
395 756
395 767
396 417
396 478
396 630
397 412
397 420
397 421
397 451
397 470
397 473
397 475
397 519
397 626
397 634
397 649
397 776
397 796
398 485
398 499
398 505
398 528
398 530
398 537
398 545
398 705
399 434
399 476
399 526
399 559
399 584
399 694
399 702
399 717
399 776
400 411
400 413
400 432
400 520
400 567
400 670
400 713
400 795
401 421
401 481
401 489
401 583
401 588
401 595
401 631
401 669
401 674
402 454
402 515
402 686
402 710
403 429
403 565
403 664
404 427
404 551
404 599
404 678
404 705
404 729
405 414
405 416
405 491
405 528
405 570
405 600
405 632
405 691
405 737
406 439
406 460
406 556
406 590
406 641
406 700
406 748
406 757
406 764
407 480
407 553
407 706
408 462
408 549
408 689
408 734
408 744
409 415
409 416
409 417
409 701
409 708
409 719
409 761
410 424
410 441
410 595
410 659
410 769
411 490
411 511
411 541
411 567
411 669
411 700
411 723
412 485
413 435
413 503
413 556
413 565
413 746
413 761
413 773
413 789
414 441
414 443
414 460
414 476
414 495
414 498
414 557
414 610
414 645
414 741
414 771
415 447
415 486
415 498
415 516
415 517
415 523
415 569
415 590
415 601
415 617
415 674
415 680
415 704
415 790
417 436
417 454
417 477
417 488
417 492
417 583
417 596
417 651
417 736
417 782
418 455
418 494
418 526
418 541
418 711
418 773
419 432
419 500
419 507
419 510
419 607
419 610
419 682
419 730
419 797
420 450
420 518
420 553
420 558
420 590
420 707
421 459
421 490
421 607
422 470
422 488
422 494
422 669
422 696
423 453
423 461
423 497
423 549
423 613
423 618
423 656
423 701
423 786
424 435
424 479
424 546
424 617
424 630
424 649
424 669
424 685
424 741
424 796
425 479
425 482
425 658
425 756
426 445
426 451
426 481
426 539
426 548
426 559
426 575
426 609
426 634
427 513
427 613
428 492
428 546
429 481
429 511
429 575
429 730
430 583
431 673
431 704
432 457
432 527
432 534
432 596
432 631
432 708
433 573
433 605
433 622
433 709
433 785
433 794
434 445
434 460
434 510
434 522
434 531
434 575
434 633
434 657
434 756
434 762
434 790
435 436
435 442
435 470
435 534
435 539
435 573
435 621
435 627
435 636
435 670
435 720
435 737
436 440
436 478
436 549
436 596
437 486
437 572
437 600
437 647
437 728
437 734
438 545
438 572
438 616
438 720
439 461
439 522
439 588
439 637
440 465
440 504
440 564
440 574
440 598
440 599
440 733
440 748
440 778
441 452
441 517
441 522
441 525
441 535
441 653
441 722
441 791
442 655
442 671
442 754
443 476
443 498
443 612
443 642
444 469
444 478
444 485
444 536
444 690
444 706
444 710
444 712
445 456
445 472
445 488
445 625
445 674
445 799
446 511
446 664
446 736
446 742
447 483
447 558
447 655
447 698
447 715
448 511
448 524
448 539
449 482
449 495
449 577
449 598
449 617
449 726
450 495
450 508
450 530
450 678
450 744
451 454
451 546
451 548
451 699
451 783
452 472
452 523
452 565
452 681
453 592
453 631
454 571
455 470
455 560
455 564
455 710
455 751
456 458
456 492
456 503
456 699
456 706
457 458
457 498
457 511
457 543
457 544
457 571
457 587
457 627
457 644
457 673
457 796
458 492
458 556
458 578
458 635
458 665
459 480
459 557
459 601
459 692
459 743
459 755
459 759
459 773
460 499
460 621
460 746
460 796
461 797
462 587
463 499
463 672
463 673
463 707
463 714
464 714
465 598
466 642
466 666
467 473
467 477
467 621
467 625
467 727
467 785
468 500
468 507
468 517
468 536
468 566
468 582
468 683
468 743
468 790
469 489
469 518
469 567
469 608
469 623
469 688
470 536
470 569
470 615
470 624
470 668
470 692
470 695
470 707
470 713
471 482
471 497
471 607
471 668
471 689
471 708
471 793
472 575
472 687
472 757
473 500
473 513
473 559
473 586
473 602
473 661
473 686
473 727
474 488
474 497
474 507
474 531
474 541
474 581
474 655
474 716
474 767
475 517
476 520
476 538
476 593
476 597
476 660
476 726
477 506
477 606
477 629
477 637
477 693
477 720
477 755
477 756
478 783
479 533
479 563
480 561
480 659
480 688
480 700
481 524
481 586
481 665
481 674
481 715
482 550
482 573
482 581
482 695
482 733
483 588
483 659
483 725
484 554
484 603
484 647
485 499
485 655
485 697
485 792
486 581
486 582
486 624
486 638
486 662
487 495
487 505
487 548
487 640
487 659
488 503
488 576
489 569
489 577
489 586
489 741
489 794
490 534
490 544
490 545
490 626
490 627
490 727
491 677
491 796
492 569
492 594
492 650
492 742
492 753
493 515
493 517
493 763
493 772
494 501
494 540
494 633
495 504
495 523
495 559
496 562
496 577
496 594
496 612
496 679
496 743
497 509
497 513
497 520
497 526
497 601
497 617
497 738
497 747
497 778
497 793
497 794
498 533
498 695
498 717
498 779
499 634
499 723
500 552
500 770
501 588
501 796
502 542
502 570
502 740
502 746
502 760
503 536
503 567
503 598
503 657
503 772
504 589
504 635
504 672
504 699
504 744
505 642
505 709
505 713
506 555
506 580
506 718
507 556
507 651
507 710
507 743
507 765
508 531
508 549
508 568
508 601
508 682
508 708
509 554
509 741
509 747
510 535
510 561
510 678
510 759
511 514
511 584
511 690
511 756
511 797
512 589
512 611
512 662
512 718
512 749
512 786
512 794
513 550
513 574
513 652
513 750
513 795
514 680
515 575
515 644
515 739
516 575
516 658
516 670
516 699
516 763
517 530
517 552
517 557
517 565
517 621
517 629
518 610
519 591
519 620
519 647
519 677
519 743
520 546
520 585
520 636
520 644
520 714
521 522
521 695
521 760
522 781
523 594
524 609
524 700
524 778
525 572
525 623
525 738
526 572
526 776
527 544
527 584
527 675
527 713
528 689
528 703
528 718
529 533
529 557
529 666
530 693
530 732
530 735
531 578
531 612
531 690
531 774
532 556
532 644
532 688
533 613
533 720
533 783
534 565
534 678
534 721
535 622
535 643
535 682
535 686
535 718
536 553
536 561
536 576
536 661
536 785
537 675
538 711
538 753
539 590
540 639
541 658
541 715
541 776
542 554
542 766
542 767
543 680
543 717
543 798
544 622
544 624
544 776
545 594
546 578
546 755
548 549
548 630
548 643
548 721
548 732
548 777
549 569
549 588
549 602
549 624
549 653
549 748
550 651
550 780
550 798
551 667
551 780
552 554
552 666
552 688
553 636
553 797
554 558
554 648
555 630
555 704
555 718
555 798
557 614
557 700
557 768
558 650
558 787
559 580
559 599
559 636
559 715
559 738
559 755
559 778
560 567
560 617
560 618
560 682
561 573
561 599
561 612
561 649
561 779
562 632
562 636
562 682
562 764
562 773
562 785
563 651
563 676
563 717
563 734
564 566
564 635
565 598
565 650
566 705
567 698
567 756
568 708
568 755
569 652
569 686
569 784
570 739
571 645
571 691
571 771
572 691
572 709
572 725
573 702
574 596
574 643
574 693
574 726
575 648
575 661
575 732
576 604
576 637
576 697
576 755
577 604
577 608
577 637
577 644
577 666
577 749
577 761
578 613
578 635
578 697
578 778
579 597
579 598
579 600
580 646
581 608
581 676
581 715
582 602
582 624
582 627
582 662
582 678
582 698
582 754
582 777
582 794
583 616
583 641
583 647
583 670
583 743
584 659
584 668
584 769
585 677
585 692
585 703
585 715
585 733
585 738
585 795
587 593
587 631
587 666
588 595
588 653
588 741
588 752
588 777
590 638
590 687
590 785
591 638
591 655
591 680
592 752
593 604
594 693
594 714
594 736
595 649
596 664
597 652
597 787
598 671
598 774
598 785
599 624
599 707
599 737
599 776
599 798
600 734
600 739
600 751
601 612
601 660
601 755
602 725
602 745
603 623
603 632
603 664
603 765
603 782
605 701
605 752
607 695
607 725
607 784
608 769
609 637
609 648
609 671
609 678
609 688
609 723
610 613
610 750
611 631
611 667
611 730
611 761
611 797
612 657
612 662
612 680
613 629
614 624
614 647
614 667
614 678
614 788
615 707
615 727
615 796
617 677
617 703
618 757
619 694
619 722
619 763
619 774
620 677
620 728
622 664
622 681
622 716
622 797
623 740
623 746
623 749
624 720
624 732
624 789
625 773
626 703
627 761
627 765
628 724
629 687
629 730
630 648
630 733
630 768
631 702
631 771
631 796
632 672
633 697
633 708
633 710
633 717
634 645
634 685
634 766
635 664
635 738
636 715
638 663
639 747
640 686
640 691
640 748
641 642
642 726
642 779
643 703
643 756
643 775
646 751
646 769
647 664
647 767
648 712
649 694
650 698
650 714
650 716
652 678
652 752
653 722
653 733
653 743
653 798
654 681
654 687
654 734
654 766
654 767
656 703
657 728
657 740
657 788
658 685
659 758
660 735
661 711
661 732
662 749
662 777
663 742
664 726
664 773
665 757
666 673
666 778
667 708
667 763
668 706
668 771
670 743
670 788
671 765
671 794
672 682
673 713
673 732
675 693
675 701
675 728
675 754
677 690
678 702
678 733
679 702
680 734
681 794
682 687
682 692
684 708
684 766
684 788
685 704
685 746
685 754
685 761
685 766
686 751
687 688
687 717
687 721
688 744
689 722
690 767
690 779
692 745
692 782
694 768
695 777
697 758
697 783
700 712
700 717
700 734
700 737
701 765
702 798
704 764
706 722
706 753
706 774
710 718
711 748
712 788
713 738
713 787
718 768
718 790
719 784
720 738
720 780
721 745
722 759
723 739
725 748
726 759
730 734
730 736
730 757
730 789
731 754
736 746
736 757
742 769
743 775
745 753
748 794
753 780
754 783
755 764
755 794
756 786
758 765
761 763
762 787
764 765
766 783
767 773
774 795
776 793
782 794
785 786
791 793