469725394
2
80
184
0 2
0 4
0 20
0 72
0 78
0 5
1 2
1 3
1 5
1 7
1 9
1 18
1 21
1 30
1 36
1 38
1 40
1 53
1 59
1 73
2 3
2 4
2 5
2 8
2 12
2 13
2 15
2 18
2 23
2 29
2 31
2 32
2 42
2 43
2 48
2 51
2 64
2 74
2 77
2 11
2 79
3 6
3 10
3 11
3 17
3 29
3 64
3 78
3 21
3 36
4 6
4 14
4 17
4 55
4 65
5 7
5 10
5 16
5 22
5 23
5 25
5 26
5 27
5 28
5 30
5 33
5 35
5 47
5 52
5 54
5 55
5 63
5 65
5 66
5 19
5 38
5 59
6 8
6 9
6 11
6 12
6 13
6 14
6 15
6 19
6 20
6 28
6 32
6 34
6 35
6 37
6 40
6 42
6 47
6 48
6 53
6 57
6 63
6 67
6 68
6 69
6 73
6 79
7 70
8 34
8 51
8 56
9 68
11 16
11 26
11 39
11 60
12 71
14 19
14 21
14 61
14 27
14 66
15 22
15 24
15 33
15 36
15 50
15 70
17 45
18 24
18 70
19 54
19 59
19 74
20 57
20 44
20 54
20 56
21 31
21 39
21 46
21 71
22 25
23 25
25 27
25 60
25 48
27 37
28 79
29 43
29 62
29 71
30 38
30 41
30 44
30 58
31 49
31 45
32 46
32 70
32 72
32 79
32 57
33 56
33 43
35 44
35 49
36 41
38 45
40 49
42 68
44 76
45 75
47 50
49 62
49 67
49 77
50 70
51 52
54 76
55 58
58 61
60 75
64 66
65 69
66 75
69 78
70 78