910481057
16
80
1024
0 16
0 17
0 18
0 19
0 20
0 22
0 24
0 25
0 26
0 27
0 29
0 30
0 32
0 33
0 37
0 39
0 41
0 45
0 48
0 51
0 53
0 54
0 56
0 63
0 69
0 70
0 77
1 16
1 17
1 18
1 19
1 20
1 21
1 22
1 23
1 25
1 26
1 29
1 34
1 35
1 37
1 38
1 40
1 41
1 45
1 46
1 47
1 51
2 16
2 17
2 18
2 19
2 20
2 24
2 30
2 31
2 32
2 33
2 35
2 38
2 39
2 41
2 42
2 52
2 57
2 59
2 60
2 65
2 74
2 78
3 16
3 17
3 18
3 19
3 20
3 21
3 23
3 25
3 27
3 28
3 30
3 31
3 33
3 40
3 42
3 43
3 48
3 49
3 50
3 52
3 53
3 57
4 16
4 17
4 18
4 20
4 21
4 22
4 27
4 29
4 31
4 35
4 36
4 37
4 39
4 40
4 41
4 42
4 44
4 47
4 48
4 50
4 61
4 62
4 64
4 75
5 16
5 18
5 19
5 20
5 21
5 23
5 24
5 25
5 26
5 30
5 75
6 16
6 17
6 18
6 19
6 20
6 21
6 22
6 23
6 26
6 27
6 28
6 30
6 31
6 34
6 36
6 37
6 39
6 41
6 42
6 43
6 47
6 48
6 55
6 57
6 59
6 61
6 64
6 65
6 68
6 71
6 72
6 73
7 16
7 17
7 19
7 22
7 24
7 28
7 32
7 45
7 47
7 51
7 60
7 62
7 72
7 73
8 16
8 17
8 18
8 19
8 23
8 29
8 32
8 46
8 48
8 56
8 70
8 74
8 75
8 76
9 16
9 17
9 18
9 19
9 20
9 21
9 22
9 23
9 24
9 25
9 26
9 28
9 30
9 31
9 32
9 33
9 34
9 36
9 39
9 46
9 51
9 52
9 55
9 58
9 59
9 60
9 64
9 69
9 71
9 75
9 76
9 78
10 16
10 17
10 18
10 19
10 20
10 21
10 22
10 25
10 27
10 28
10 31
10 33
10 34
10 37
10 48
10 52
10 54
10 55
10 56
10 72
10 74
10 76
11 16
11 17
11 19
11 20
11 21
11 23
11 24
11 25
11 26
11 27
11 28
11 30
11 31
11 33
11 34
11 35
11 36
11 37
11 40
11 44
11 47
11 50
11 52
11 54
11 55
11 60
11 62
11 75
11 77
12 16
12 17
12 18
12 19
12 20
12 22
12 24
12 26
12 27
12 29
12 32
12 33
12 35
12 36
12 41
12 43
12 48
12 56
12 57
12 61
12 62
12 65
12 67
12 68
13 16
13 17
13 18
13 20
13 21
13 24
13 26
13 28
13 30
13 43
13 49
13 71
13 76
13 77
14 16
14 17
14 18
14 21
14 22
14 23
14 25
14 28
14 29
14 33
14 36
14 60
14 64
15 16
15 17
15 18
15 19
15 21
15 22
15 23
15 24
15 26
15 33
15 35
15 38
15 44
15 45
15 46
15 48
15 61
15 64
15 65
15 66
15 69
15 78
16 17
16 18
16 19
16 20
16 21
16 22
16 23
16 24
16 25
16 28
16 29
16 31
16 34
16 35
16 36
16 38
16 39
16 40
16 41
16 42
16 43
16 48
16 49
16 50
16 54
16 56
16 61
16 66
16 67
16 69
16 78
17 18
17 19
17 20
17 21
17 22
17 23
17 24
17 25
17 26
17 27
17 28
17 29
17 30
17 31
17 32
17 34
17 35
17 36
17 38
17 40
17 44
17 45
17 46
17 47
17 48
17 50
17 51
17 53
17 54
17 59
17 62
17 66
17 68
17 69
17 70
17 71
17 73
17 74
17 76
17 78
18 19
18 20
18 21
18 22
18 23
18 24
18 25
18 26
18 27
18 28
18 29
18 30
18 34
18 36
18 37
18 38
18 44
18 49
18 53
18 59
18 61
18 63
18 69
18 70
18 71
18 74
18 75
18 76
18 78
19 20
19 21
19 22
19 23
19 24
19 25
19 26
19 27
19 28
19 29
19 30
19 31
19 33
19 34
19 36
19 38
19 39
19 40
19 42
19 43
19 44
19 45
19 46
19 47
19 48
19 51
19 52
19 54
19 55
19 56
19 59
19 60
19 63
19 64
19 65
19 67
19 69
19 73
19 74
19 75
19 77
20 21
20 22
20 23
20 24
20 25
20 26
20 27
20 33
20 35
20 38
20 39
20 40
20 41
20 42
20 43
20 44
20 45
20 46
20 52
20 54
20 59
20 62
20 63
20 65
20 66
20 67
20 69
20 71
21 22
21 23
21 24
21 25
21 26
21 27
21 29
21 31
21 32
21 37
21 38
21 39
21 40
21 41
21 46
21 47
21 50
21 51
21 55
21 57
21 60
21 63
21 64
21 66
21 69
21 71
21 78
21 79
22 23
22 25
22 26
22 27
22 28
22 29
22 30
22 32
22 33
22 34
22 35
22 37
22 39
22 40
22 42
22 43
22 44
22 45
22 46
22 51
22 52
22 53
22 56
22 57
22 60
22 61
22 62
22 64
22 68
22 71
22 75
22 77
22 78
22 79
23 24
23 26
23 29
23 31
23 32
23 33
23 34
23 35
23 36
23 38
23 39
23 40
23 42
23 43
23 44
23 45
23 46
23 47
23 51
23 53
23 60
23 62
23 70
23 73
23 74
23 75
24 25
24 27
24 28
24 29
24 30
24 31
24 32
24 33
24 34
24 35
24 37
24 38
24 42
24 47
24 52
24 53
24 56
24 57
24 59
24 64
24 65
24 67
24 72
24 73
24 74
24 78
25 27
25 28
25 32
25 33
25 34
25 36
25 39
25 40
25 41
25 42
25 43
25 45
25 48
25 49
25 50
25 52
25 58
25 59
25 65
25 67
25 68
25 70
25 72
25 76
25 78
26 27
26 28
26 30
26 32
26 36
26 37
26 41
26 42
26 45
26 49
26 50
26 51
26 54
26 57
26 59
26 61
26 63
26 66
26 67
26 70
26 71
26 73
26 78
27 29
27 31
27 34
27 35
27 37
27 38
27 41
27 42
27 46
27 49
27 53
27 55
27 58
27 60
27 61
27 62
27 66
28 29
28 30
28 31
28 32
28 35
28 37
28 40
28 41
28 45
28 48
28 50
28 56
28 60
28 63
28 66
28 69
28 77
29 30
29 32
29 33
29 34
29 35
29 37
29 38
29 39
29 40
29 42
29 43
29 45
29 47
29 49
29 55
29 56
29 57
29 58
29 65
29 72
29 77
29 78
30 31
30 32
30 35
30 36
30 43
30 44
30 49
30 51
30 52
30 54
30 60
30 65
30 67
30 71
30 77
31 36
31 37
31 38
31 42
31 44
31 46
31 49
31 50
31 56
31 58
31 62
31 71
31 72
32 36
32 40
32 52
32 53
32 54
32 56
32 57
32 64
32 77
32 79
33 34
33 39
33 46
33 47
33 51
33 53
33 59
33 61
33 79
34 38
34 39
34 41
34 44
34 48
34 49
34 54
34 55
34 66
34 69
34 70
34 73
34 79
35 43
35 45
35 55
35 58
35 68
35 78
36 37
36 38
36 41
36 44
36 47
36 48
36 49
36 50
36 57
36 65
36 76
36 79
37 39
37 40
37 41
37 44
37 49
37 50
37 52
37 53
37 55
37 57
37 62
37 66
37 68
37 70
37 73
38 45
38 46
38 47
38 52
38 66
38 68
38 70
38 73
38 75
38 79
39 43
39 50
39 51
39 59
39 63
39 64
39 65
39 66
39 67
39 76
39 79
40 42
40 43
40 44
40 47
40 57
40 58
40 63
40 64
40 67
40 72
41 43
41 50
41 57
41 63
41 65
42 49
42 51
42 54
42 61
42 73
43 44
43 45
43 46
43 53
43 55
43 68
43 72
43 77
43 78
44 46
44 49
44 55
44 56
44 58
44 61
44 63
45 48
45 49
45 51
45 53
45 58
45 59
45 61
45 62
45 65
45 67
45 68
45 77
46 47
46 54
46 55
46 56
46 58
46 59
46 60
46 61
46 62
46 63
46 64
46 67
46 68
46 69
46 70
47 58
47 60
47 66
47 70
47 73
47 74
48 50
48 52
48 54
48 58
48 63
48 69
48 78
49 50
49 51
49 52
49 53
49 70
49 71
49 75
49 79
50 53
50 54
50 58
50 66
50 68
50 70
50 71
50 76
51 53
51 55
51 56
51 61
51 63
51 74
51 77
52 54
52 55
52 56
52 58
52 60
52 65
52 72
52 77
53 67
53 69
53 72
53 77
53 79
54 57
54 58
54 64
54 68
54 73
54 74
54 79
55 58
55 59
55 71
55 72
55 73
55 75
56 57
56 61
56 73
56 75
57 66
57 74
58 59
58 60
58 62
58 63
58 64
58 65
58 68
58 69
58 70
58 72
58 76
59 62
59 67
59 71
59 76
60 64
60 72
60 75
60 79
61 62
61 63
61 67
61 68
62 79
63 66
63 70
63 74
64 75
64 76
65 67
65 69
65 74
66 68
66 72
67 74
69 72
69 77
70 71
70 73
70 76
70 78
70 79
71 74
72 76
73 75
74 79
75 76
75 77
75 79