359630033
20
80
1233
0 20
0 21
0 22
0 23
0 25
0 26
0 28
0 31
0 35
0 37
0 43
0 54
0 67
0 10
1 20
1 21
1 22
1 23
1 24
1 26
1 28
1 31
1 32
1 35
1 38
1 41
1 43
1 44
1 47
1 49
1 54
1 60
1 61
1 71
1 75
1 78
1 3
2 20
2 21
2 22
2 24
2 25
2 26
2 29
2 30
2 39
2 40
2 44
2 45
2 46
2 48
2 50
2 51
2 53
2 60
2 62
3 20
3 21
3 22
3 25
3 26
3 27
3 28
3 29
3 30
3 31
3 35
3 36
3 37
3 38
3 40
3 42
3 43
3 45
3 46
3 50
3 51
3 62
3 68
3 72
4 20
4 21
4 23
4 26
4 27
4 31
4 33
4 34
4 36
4 43
4 45
4 47
4 52
4 54
4 62
4 63
4 64
4 67
4 69
4 74
4 78
4 35
4 14
5 20
5 22
5 23
5 24
5 25
5 26
5 29
5 33
5 34
5 45
5 46
5 61
5 5
6 20
6 21
6 22
6 23
6 24
6 25
6 27
6 28
6 29
6 32
6 33
6 34
6 37
6 38
6 50
6 52
6 56
6 58
6 62
6 63
6 64
6 68
6 69
6 72
6 76
6 79
7 20
7 21
7 22
7 23
7 24
7 25
7 26
7 27
7 28
7 29
7 30
7 32
7 33
7 34
7 36
7 39
7 42
7 43
7 44
7 45
7 46
7 49
7 51
7 52
7 55
7 56
7 57
7 58
7 63
7 72
7 73
8 20
8 21
8 22
8 23
8 24
8 25
8 26
8 27
8 28
8 29
8 31
8 33
8 34
8 35
8 37
8 38
8 39
8 43
8 44
8 45
8 49
8 61
8 64
8 72
9 20
9 21
9 22
9 23
9 24
9 25
9 26
9 29
9 30
9 31
9 32
9 33
9 40
9 41
9 46
9 47
9 48
9 49
9 58
9 60
9 65
9 72
9 77
9 79
10 20
10 21
10 22
10 23
10 24
10 25
10 27
10 28
10 32
10 33
10 38
10 47
10 59
10 61
10 75
11 20
11 21
11 22
11 23
11 24
11 32
11 35
11 42
11 47
11 49
11 58
11 64
11 73
12 20
12 21
12 22
12 23
12 24
12 25
12 27
12 28
12 33
12 38
12 41
12 42
12 44
12 60
12 62
12 66
12 69
12 73
12 76
13 20
13 21
13 22
13 23
13 24
13 25
13 26
13 27
13 28
13 30
13 33
13 34
13 36
13 38
13 39
13 40
13 45
13 48
13 50
13 52
13 54
13 55
13 56
13 58
13 59
13 60
13 63
13 64
13 65
13 67
13 73
13 77
14 20
14 21
14 22
14 23
14 24
14 25
14 26
14 27
14 28
14 29
14 34
14 35
14 36
14 37
14 38
14 39
14 40
14 41
14 45
14 48
14 50
14 52
14 54
14 61
14 62
14 63
14 72
14 73
14 74
14 75
14 78
15 20
15 21
15 22
15 23
15 24
15 25
15 26
15 27
15 28
15 29
15 30
15 31
15 34
15 35
15 36
15 44
15 57
15 59
15 60
15 63
15 65
15 68
15 76
16 20
16 21
16 22
16 23
16 24
16 25
16 26
16 27
16 28
16 29
16 30
16 36
16 37
16 38
16 39
16 40
16 44
16 45
16 47
16 48
16 50
16 51
16 55
16 57
16 61
16 75
16 76
16 77
16 79
16 53
17 20
17 21
17 22
17 23
17 24
17 25
17 27
17 28
17 30
17 31
17 32
17 34
17 35
17 37
17 41
17 44
17 50
17 53
17 56
17 59
17 61
17 70
17 73
17 76
17 79
17 48
18 20
18 21
18 23
18 24
18 30
18 39
18 40
18 42
18 55
18 56
18 63
18 68
18 71
18 73
19 20
19 21
19 22
19 26
19 27
19 29
19 30
19 31
19 32
19 36
19 40
19 45
19 54
19 60
19 62
19 63
19 75
19 79
20 21
20 22
20 23
20 24
20 25
20 26
20 27
20 28
20 29
20 30
20 31
20 32
20 34
20 35
20 36
20 37
20 38
20 39
20 41
20 43
20 46
20 48
20 49
20 54
20 55
20 56
20 57
20 59
20 60
20 61
20 62
20 63
20 71
20 75
20 67
20 70
21 22
21 23
21 24
21 25
21 26
21 27
21 28
21 29
21 30
21 31
21 32
21 33
21 34
21 36
21 38
21 39
21 40
21 41
21 42
21 43
21 44
21 46
21 48
21 50
21 51
21 55
21 57
21 58
21 60
21 61
21 64
21 65
21 66
21 67
21 69
21 70
21 74
21 76
21 77
21 37
21 49
22 23
22 24
22 25
22 26
22 27
22 28
22 29
22 30
22 31
22 32
22 33
22 34
22 35
22 36
22 37
22 38
22 39
22 41
22 42
22 43
22 45
22 46
22 47
22 49
22 51
22 52
22 53
22 54
22 55
22 56
22 60
22 61
22 64
22 67
22 68
22 69
22 72
22 73
22 75
22 76
22 79
22 59
23 24
23 25
23 26
23 27
23 28
23 29
23 30
23 31
23 32
23 33
23 34
23 35
23 36
23 37
23 38
23 39
23 41
23 42
23 43
23 44
23 46
23 47
23 48
23 49
23 51
23 52
23 53
23 56
23 57
23 59
23 60
23 62
23 65
23 68
23 70
23 72
23 73
23 77
23 78
23 75
23 45
24 25
24 26
24 27
24 28
24 29
24 30
24 31
24 32
24 33
24 34
24 35
24 36
24 37
24 39
24 40
24 41
24 42
24 43
24 44
24 46
24 48
24 49
24 50
24 51
24 52
24 53
24 55
24 57
24 58
24 59
24 60
24 62
24 66
24 69
24 70
24 71
24 75
24 77
24 78
24 56
25 26
25 27
25 28
25 29
25 30
25 31
25 32
25 33
25 34
25 35
25 37
25 40
25 41
25 45
25 47
25 48
25 49
25 51
25 52
25 53
25 54
25 57
25 58
25 60
25 65
25 67
25 68
25 69
25 72
25 77
25 79
25 46
26 27
26 28
26 29
26 30
26 31
26 32
26 33
26 35
26 36
26 37
26 38
26 39
26 40
26 41
26 42
26 44
26 46
26 47
26 49
26 50
26 51
26 53
26 54
26 55
26 57
26 58
26 59
26 62
26 63
26 64
26 67
26 68
26 69
26 71
26 74
26 78
26 79
26 66
27 29
27 30
27 31
27 32
27 33
27 36
27 37
27 38
27 39
27 40
27 42
27 43
27 44
27 45
27 46
27 47
27 48
27 49
27 50
27 54
27 56
27 64
27 67
27 70
27 71
27 72
28 29
28 30
28 31
28 32
28 34
28 35
28 36
28 37
28 38
28 39
28 40
28 41
28 42
28 43
28 44
28 47
28 49
28 51
28 52
28 53
28 60
28 64
28 65
28 68
28 69
28 71
28 72
28 73
28 74
28 75
28 78
28 79
28 58
29 30
29 31
29 32
29 33
29 34
29 35
29 38
29 39
29 44
29 49
29 52
29 53
29 56
29 63
29 66
29 70
29 71
29 72
29 74
29 76
30 31
30 32
30 33
30 34
30 36
30 37
30 38
30 40
30 41
30 42
30 45
30 47
30 48
30 51
30 53
30 55
30 56
30 57
30 59
30 61
30 62
30 63
30 64
30 65
30 66
30 71
30 73
30 76
30 77
30 44
31 32
31 33
31 34
31 35
31 36
31 37
31 39
31 42
31 43
31 45
31 47
31 48
31 49
31 50
31 54
31 56
31 57
31 58
31 62
31 64
31 65
31 66
31 67
31 70
31 76
31 78
31 61
32 33
32 34
32 35
32 37
32 39
32 40
32 41
32 44
32 45
32 50
32 51
32 52
32 54
32 56
32 57
32 58
32 59
32 60
32 61
32 64
32 68
32 74
32 75
32 77
32 46
33 35
33 36
33 37
33 39
33 43
33 44
33 46
33 48
33 49
33 51
33 52
33 53
33 54
33 55
33 56
33 57
33 64
33 66
33 67
33 69
33 72
33 79
33 75
34 35
34 36
34 39
34 40
34 41
34 42
34 43
34 45
34 46
34 48
34 50
34 51
34 53
34 54
34 57
34 61
34 62
34 63
34 64
34 65
34 67
34 75
34 77
34 78
35 37
35 38
35 41
35 43
35 45
35 47
35 48
35 50
35 51
35 57
35 58
35 59
35 62
35 63
35 65
35 67
35 68
35 69
35 70
35 73
35 74
35 78
36 40
36 41
36 42
36 45
36 46
36 49
36 50
36 53
36 55
36 57
36 61
36 66
36 67
36 69
36 70
36 72
36 75
36 77
37 38
37 40
37 41
37 42
37 43
37 44
37 49
37 51
37 54
37 55
37 56
37 59
37 60
37 61
37 64
37 65
37 66
37 68
37 70
37 71
38 41
38 42
38 43
38 47
38 48
38 52
38 53
38 55
38 61
38 63
38 65
38 69
38 70
38 76
38 77
39 40
39 42
39 46
39 47
39 48
39 49
39 50
39 51
39 52
39 53
39 61
39 66
39 67
39 68
39 72
39 76
39 78
39 75
40 43
40 44
40 46
40 52
40 54
40 55
40 58
40 66
40 70
40 73
40 77
40 67
40 74
41 42
41 44
41 47
41 48
41 50
41 54
41 55
41 56
41 57
41 59
41 61
41 62
41 70
41 71
41 74
42 45
42 46
42 47
42 57
42 63
42 67
42 68
42 72
42 74
42 78
43 48
43 52
43 53
43 56
43 57
43 58
43 59
43 64
43 66
43 68
43 70
43 71
43 78
43 79
44 46
44 47
44 49
44 50
44 51
44 52
44 53
44 55
44 58
44 59
44 66
44 67
44 68
44 70
44 72
44 73
44 74
44 78
44 79
45 46
45 57
45 58
45 59
45 69
45 74
46 52
46 53
46 54
46 59
46 62
46 69
46 71
46 72
46 73
46 74
46 78
47 51
47 54
47 55
47 58
47 62
47 76
47 77
47 64
48 53
48 55
48 58
48 61
48 64
48 67
48 68
48 71
48 74
48 75
48 78
48 66
48 77
49 50
49 64
49 65
49 66
49 69
49 72
49 75
49 79
50 53
50 56
50 60
50 63
50 74
51 52
51 65
51 68
51 69
51 71
52 56
52 62
52 65
52 73
52 74
52 76
52 78
52 79
53 56
53 58
53 59
53 63
53 65
53 66
53 71
53 73
53 74
53 75
53 76
53 77
53 79
53 64
54 55
54 58
54 60
54 65
54 67
54 77
55 59
55 64
55 66
55 75
55 79
55 77
56 66
56 73
56 78
56 65
57 60
57 61
57 62
57 66
57 70
57 71
57 74
58 59
58 66
58 67
58 70
59 60
59 69
59 73
59 76
60 63
60 67
60 79
62 63
62 66
62 71
63 65
63 69
63 76
63 79
64 65
64 68
64 69
64 71
64 77
64 79
65 68
65 70
65 79
66 71
66 77
67 70
67 74
68 70
68 75
69 72
69 73
69 78
70 75
70 76
70 79
71 74
72 76
72 77
73 75
73 76
74 75
76 77
77 78
78 79