291598459
23
80
1338
0 23
0 24
0 25
0 26
0 27
0 29
0 31
0 32
0 35
0 37
0 38
0 39
0 40
0 43
0 52
0 54
0 56
0 57
0 61
0 64
0 65
0 77
1 23
1 24
1 25
1 26
1 27
1 28
1 30
1 31
1 32
1 33
1 34
1 38
1 40
1 41
1 42
1 43
1 47
1 53
1 55
1 63
1 65
1 66
1 51
2 23
2 24
2 25
2 26
2 29
2 32
2 33
2 34
2 35
2 36
2 38
2 41
2 42
2 45
2 49
2 55
2 61
2 62
2 64
2 69
2 70
2 76
3 23
3 24
3 25
3 26
3 29
3 30
3 34
3 36
3 37
3 38
3 39
3 43
3 44
3 46
3 47
3 52
3 53
3 59
3 61
3 66
3 68
3 71
4 23
4 24
4 25
4 27
4 28
4 29
4 30
4 32
4 33
4 35
4 39
4 41
4 42
4 44
4 48
4 50
4 54
4 67
4 69
4 64
5 23
5 24
5 25
5 26
5 27
5 30
5 34
5 36
5 37
5 38
5 39
5 41
5 42
5 44
5 47
5 48
5 50
5 52
5 59
5 60
5 68
5 56
6 23
6 24
6 25
6 26
6 27
6 28
6 29
6 30
6 33
6 34
6 36
6 38
6 39
6 40
6 42
6 43
6 44
6 47
6 48
6 50
6 54
6 56
6 57
6 58
6 61
6 64
6 65
6 71
6 72
6 73
6 78
6 16
7 23
7 24
7 25
7 26
7 27
7 28
7 30
7 32
7 33
7 35
7 36
7 40
7 51
7 52
7 55
7 63
7 67
7 68
7 71
7 29
8 23
8 24
8 26
8 27
8 28
8 29
8 31
8 32
8 36
8 37
8 40
8 44
8 46
8 48
8 49
8 50
8 54
8 55
8 60
8 64
8 71
8 74
8 75
8 77
8 78
8 33
9 23
9 24
9 25
9 26
9 27
9 28
9 29
9 30
9 31
9 32
9 33
9 34
9 35
9 36
9 37
9 40
9 41
9 43
9 45
9 46
9 47
9 49
9 57
9 59
9 60
9 61
9 65
9 73
10 23
10 24
10 25
10 26
10 27
10 28
10 29
10 30
10 34
10 37
10 39
10 41
10 42
10 45
10 46
10 58
10 61
10 63
10 64
10 66
10 71
10 75
10 77
10 78
11 23
11 24
11 25
11 26
11 27
11 28
11 30
11 31
11 34
11 36
11 38
11 46
11 48
11 51
11 58
11 65
11 68
11 69
11 78
11 75
12 23
12 24
12 25
12 26
12 27
12 30
12 32
12 34
12 35
12 39
12 44
12 49
12 50
12 51
12 52
12 53
12 54
12 57
12 58
12 59
12 64
12 70
12 73
13 23
13 24
13 25
13 27
13 28
13 29
13 30
13 31
13 32
13 33
13 39
13 40
13 42
13 43
13 44
13 45
13 46
13 47
13 48
13 49
13 53
13 77
14 23
14 24
14 25
14 26
14 27
14 28
14 29
14 30
14 31
14 34
14 35
14 37
14 39
14 40
14 41
14 42
14 45
14 46
14 48
14 50
14 53
14 55
14 59
14 64
14 72
14 75
14 78
15 23
15 25
15 28
15 30
15 31
15 32
15 35
15 36
15 40
15 41
15 42
15 43
15 46
15 48
15 50
15 51
15 58
15 63
15 68
15 74
15 77
16 23
16 24
16 26
16 27
16 28
16 29
16 31
16 34
16 37
16 40
16 43
16 50
16 52
16 58
16 60
16 62
16 67
16 72
16 77
16 78
17 23
17 24
17 25
17 26
17 27
17 28
17 29
17 30
17 31
17 33
17 36
17 37
17 38
17 43
17 45
17 50
17 51
17 53
17 56
17 59
17 67
17 74
17 77
17 78
17 79
18 23
18 24
18 25
18 26
18 27
18 28
18 29
18 31
18 32
18 33
18 35
18 36
18 45
18 50
18 60
18 66
18 75
18 76
18 79
19 23
19 24
19 25
19 26
19 27
19 28
19 29
19 30
19 31
19 32
19 33
19 35
19 38
19 39
19 41
19 53
19 56
19 57
19 59
19 62
19 69
19 75
19 44
20 23
20 24
20 25
20 26
20 28
20 29
20 31
20 33
20 36
20 37
20 38
20 40
20 41
20 44
20 50
20 51
20 53
20 56
20 58
20 64
20 68
20 78
21 23
21 24
21 25
21 26
21 27
21 28
21 29
21 31
21 32
21 33
21 34
21 36
21 37
21 38
21 42
21 43
21 45
21 47
21 55
21 56
21 58
21 60
21 63
21 65
21 66
21 68
21 70
21 71
21 72
21 77
21 78
21 79
21 30
22 23
22 24
22 25
22 26
22 27
22 28
22 29
22 30
22 31
22 32
22 33
22 34
22 35
22 36
22 38
22 40
22 41
22 42
22 45
22 46
22 49
22 52
22 58
22 63
22 66
22 68
22 71
22 77
22 78
22 79
22 75
23 24
23 25
23 26
23 27
23 28
23 29
23 30
23 31
23 32
23 33
23 34
23 35
23 36
23 37
23 39
23 40
23 41
23 43
23 44
23 45
23 46
23 47
23 49
23 51
23 53
23 54
23 56
23 57
23 60
23 61
23 66
23 67
23 69
23 73
23 74
23 75
23 76
24 25
24 26
24 27
24 28
24 29
24 30
24 31
24 32
24 33
24 34
24 35
24 36
24 37
24 38
24 39
24 40
24 42
24 43
24 44
24 45
24 46
24 48
24 49
24 50
24 51
24 53
24 55
24 56
24 57
24 58
24 61
24 63
24 64
24 65
24 68
24 69
24 70
24 71
24 72
24 73
24 75
24 76
24 79
24 62
25 26
25 27
25 28
25 29
25 30
25 31
25 32
25 33
25 34
25 35
25 36
25 37
25 38
25 39
25 40
25 41
25 42
25 43
25 44
25 45
25 46
25 47
25 48
25 49
25 51
25 56
25 58
25 59
25 61
25 62
25 64
25 66
25 67
25 72
25 74
25 76
25 68
26 27
26 28
26 29
26 30
26 31
26 32
26 33
26 34
26 35
26 37
26 38
26 39
26 40
26 41
26 43
26 44
26 45
26 47
26 49
26 50
26 53
26 54
26 56
26 57
26 58
26 62
26 63
26 64
26 65
26 66
26 67
26 70
26 73
26 75
26 78
27 28
27 29
27 30
27 31
27 32
27 33
27 34
27 35
27 38
27 39
27 40
27 41
27 42
27 43
27 44
27 46
27 47
27 48
27 49
27 50
27 51
27 52
27 54
27 56
27 57
27 58
27 59
27 60
27 65
27 66
27 67
27 70
27 73
27 76
27 79
28 29
28 30
28 31
28 32
28 33
28 35
28 36
28 37
28 39
28 40
28 41
28 42
28 43
28 44
28 45
28 46
28 47
28 49
28 50
28 51
28 52
28 53
28 54
28 55
28 56
28 59
28 61
28 62
28 65
28 66
28 72
28 73
28 74
28 75
28 76
28 77
29 30
29 31
29 32
29 33
29 34
29 35
29 36
29 37
29 39
29 40
29 41
29 42
29 43
29 46
29 48
29 50
29 51
29 52
29 53
29 55
29 60
29 62
29 63
29 64
29 69
29 70
29 72
29 77
29 78
29 67
30 31
30 32
30 33
30 34
30 35
30 37
30 38
30 39
30 40
30 42
30 45
30 47
30 48
30 49
30 50
30 51
30 52
30 54
30 55
30 59
30 60
30 61
30 62
30 63
30 64
30 66
30 68
30 69
30 70
30 71
30 73
30 74
30 76
30 77
30 36
31 32
31 33
31 34
31 35
31 38
31 41
31 44
31 45
31 46
31 48
31 51
31 55
31 56
31 60
31 61
31 62
31 65
31 67
31 68
31 70
31 72
31 73
31 75
31 77
31 79
31 64
32 33
32 34
32 35
32 36
32 37
32 38
32 39
32 40
32 42
32 43
32 44
32 47
32 50
32 52
32 53
32 54
32 55
32 56
32 57
32 60
32 63
32 65
32 68
32 69
32 72
32 74
32 75
32 62
33 34
33 35
33 36
33 37
33 38
33 39
33 40
33 41
33 42
33 43
33 44
33 45
33 48
33 50
33 51
33 54
33 55
33 57
33 58
33 60
33 61
33 63
33 64
33 70
33 71
33 73
33 74
33 76
33 78
33 79
34 35
34 36
34 37
34 38
34 39
34 42
34 45
34 46
34 47
34 48
34 49
34 50
34 54
34 55
34 56
34 58
34 59
34 62
34 63
34 66
34 68
34 70
34 71
34 79
34 67
35 36
35 37
35 38
35 39
35 42
35 44
35 45
35 46
35 47
35 48
35 50
35 51
35 52
35 55
35 56
35 57
35 58
35 62
35 66
35 67
35 69
35 70
35 72
35 73
35 76
35 79
36 37
36 38
36 39
36 41
36 45
36 46
36 47
36 48
36 49
36 51
36 52
36 55
36 57
36 58
36 59
36 60
36 62
36 64
36 66
36 68
36 69
36 70
36 71
36 72
36 73
36 75
36 77
36 78
37 40
37 41
37 43
37 47
37 48
37 50
37 51
37 52
37 53
37 54
37 58
37 61
37 62
37 63
37 65
37 66
37 67
37 68
37 69
37 73
37 75
37 77
37 79
38 41
38 42
38 44
38 45
38 47
38 48
38 52
38 53
38 55
38 57
38 58
38 59
38 62
38 63
38 64
38 65
38 72
38 73
38 79
39 42
39 43
39 44
39 48
39 49
39 51
39 52
39 53
39 54
39 56
39 60
39 61
39 62
39 64
39 65
39 66
39 67
39 69
39 74
39 78
39 79
39 71
40 41
40 43
40 44
40 45
40 46
40 49
40 51
40 52
40 53
40 54
40 55
40 57
40 59
40 60
40 61
40 63
40 69
40 72
40 73
40 75
40 76
40 79
40 58
41 43
41 44
41 46
41 47
41 49
41 51
41 53
41 54
41 55
41 56
41 57
41 59
41 60
41 62
41 65
41 68
41 69
41 71
41 73
41 74
41 78
42 46
42 47
42 48
42 49
42 52
42 59
42 60
42 67
42 72
42 77
43 44
43 45
43 46
43 47
43 49
43 53
43 54
43 58
43 61
43 62
43 63
43 64
43 66
43 68
43 70
43 71
43 73
43 74
43 75
43 78
43 79
44 47
44 49
44 50
44 53
44 54
44 56
44 57
44 61
44 63
44 69
44 72
44 78
44 76
45 51
45 55
45 59
45 63
45 67
45 70
45 71
45 74
45 77
46 48
46 49
46 57
46 62
46 73
46 75
46 69
47 49
47 53
47 54
47 55
47 57
47 63
47 64
47 70
47 72
47 74
47 75
48 51
48 52
48 54
48 57
48 60
48 61
48 62
48 63
48 64
48 65
48 69
48 74
48 76
49 52
49 56
49 60
49 65
49 68
49 72
49 74
49 76
49 62
50 52
50 53
50 58
50 60
50 62
50 67
50 68
50 70
50 75
50 79
51 52
51 54
51 56
51 57
51 58
51 59
51 65
51 66
51 67
51 72
51 73
51 74
51 77
51 78
52 61
52 62
52 66
52 67
52 77
53 54
53 55
53 56
53 59
53 61
53 67
53 69
53 73
53 79
54 55
54 57
54 59
54 60
54 62
54 67
54 70
54 72
54 74
54 76
54 77
54 78
54 79
55 56
55 57
55 58
55 60
55 64
55 66
55 67
55 68
55 71
55 74
55 76
55 79
56 61
56 62
56 63
56 65
56 67
56 69
56 71
56 75
56 77
57 59
57 61
57 65
57 70
57 75
57 76
57 78
58 59
58 66
58 71
58 74
58 77
59 63
59 64
59 68
59 69
59 71
59 72
59 74
59 76
60 64
60 68
60 69
60 76
61 65
61 71
62 66
62 71
62 75
62 77
62 78
63 65
63 67
63 70
63 72
63 74
63 76
63 79
63 73
64 67
64 70
64 73
64 75
65 68
65 70
65 78
66 69
66 71
66 76
66 74
67 69
67 72
67 73
67 78
68 70
68 71
68 76
68 79
69 79
70 75
70 76
72 76
73 74
73 77
77 79
78 79