951618396
22
80
1286
0 22
0 23
0 24
0 25
0 26
0 27
0 28
0 29
0 30
0 32
0 34
0 35
0 36
0 41
0 47
0 49
0 54
0 55
0 58
0 59
0 66
0 72
0 57
1 22
1 23
1 24
1 27
1 28
1 30
1 31
1 33
1 36
1 43
1 49
1 52
1 53
1 57
1 58
1 64
1 67
1 76
1 79
2 22
2 23
2 24
2 25
2 27
2 28
2 30
2 31
2 32
2 37
2 39
2 44
2 45
2 46
2 49
2 57
2 61
2 62
2 64
2 68
2 69
2 79
3 22
3 23
3 24
3 25
3 26
3 27
3 28
3 29
3 30
3 33
3 35
3 36
3 37
3 38
3 39
3 47
3 48
3 49
3 52
3 53
3 54
3 58
3 61
3 64
3 70
3 71
3 74
3 79
4 22
4 23
4 24
4 25
4 26
4 27
4 28
4 30
4 31
4 34
4 36
4 40
4 41
4 42
4 46
4 51
4 52
4 56
4 57
4 58
4 59
4 60
4 61
4 64
4 67
4 68
4 69
4 71
4 73
5 22
5 24
5 25
5 26
5 27
5 30
5 31
5 32
5 36
5 39
5 41
5 42
5 51
5 53
5 65
5 67
5 78
6 22
6 23
6 24
6 25
6 26
6 27
6 28
6 29
6 30
6 31
6 32
6 33
6 34
6 37
6 40
6 41
6 43
6 45
6 46
6 48
6 50
6 51
6 52
6 53
6 56
6 57
6 61
6 65
6 66
6 68
6 70
6 73
6 74
7 22
7 23
7 24
7 25
7 26
7 27
7 29
7 31
7 34
7 35
7 37
7 38
7 40
7 41
7 46
7 47
7 49
7 51
7 53
7 54
7 57
7 60
7 63
7 64
7 61
8 22
8 23
8 24
8 25
8 26
8 27
8 28
8 29
8 30
8 31
8 32
8 33
8 34
8 35
8 37
8 38
8 39
8 40
8 41
8 44
8 48
8 49
8 50
8 51
8 52
8 58
8 62
8 65
8 69
8 75
9 22
9 23
9 24
9 26
9 28
9 29
9 32
9 33
9 36
9 40
9 41
9 45
9 46
9 48
9 50
9 53
9 56
9 59
9 62
9 64
9 70
9 75
9 18
10 22
10 23
10 25
10 29
10 34
10 36
10 44
11 22
11 23
11 24
11 25
11 26
11 27
11 28
11 30
11 31
11 32
11 33
11 35
11 38
11 39
11 40
11 41
11 42
11 43
11 47
11 54
11 55
11 59
11 63
11 65
12 22
12 23
12 24
12 25
12 26
12 27
12 28
12 29
12 30
12 32
12 33
12 35
12 38
12 40
12 42
12 44
12 45
12 47
12 49
12 52
12 57
12 60
12 67
12 75
12 77
12 79
13 22
13 23
13 24
13 25
13 26
13 27
13 29
13 34
13 37
13 38
13 46
13 47
13 50
13 51
13 53
13 60
13 63
14 22
14 23
14 24
14 25
14 26
14 27
14 28
14 29
14 30
14 32
14 33
14 34
14 35
14 36
14 37
14 40
14 43
14 45
14 46
14 48
14 55
14 56
14 60
14 64
14 68
14 69
14 76
14 66
15 22
15 23
15 24
15 25
15 26
15 27
15 29
15 31
15 33
15 35
15 38
15 39
15 42
15 43
15 49
15 50
15 57
15 64
15 65
15 71
15 77
16 22
16 23
16 24
16 25
16 26
16 27
16 28
16 29
16 31
16 32
16 33
16 36
16 37
16 42
16 43
16 45
16 47
16 49
16 50
16 54
16 59
16 66
16 69
16 71
16 75
17 22
17 23
17 25
17 26
17 28
17 30
17 32
17 35
17 37
17 38
17 39
17 40
17 41
17 42
17 43
17 45
17 48
17 55
17 56
17 67
17 71
17 73
17 74
17 77
18 22
18 23
18 24
18 25
18 26
18 27
18 28
18 30
18 31
18 32
18 34
18 35
18 36
18 38
18 39
18 41
18 43
18 44
18 45
18 46
18 47
18 52
18 53
18 54
18 55
18 58
18 66
18 69
18 71
18 74
18 76
18 78
18 79
19 22
19 23
19 24
19 25
19 26
19 28
19 29
19 31
19 32
19 40
19 41
19 42
19 44
19 48
19 56
19 60
19 62
19 72
19 73
19 79
20 22
20 23
20 24
20 25
20 28
20 29
20 30
20 32
20 33
20 34
20 38
20 39
20 42
20 43
20 44
20 47
20 48
20 53
20 59
20 63
20 66
20 67
20 68
20 70
20 76
21 22
21 23
21 24
21 26
21 27
21 29
21 31
21 32
21 33
21 36
21 39
21 42
21 44
21 45
21 47
21 54
21 55
21 58
21 62
21 64
21 70
21 72
21 74
21 75
22 23
22 24
22 25
22 26
22 27
22 28
22 29
22 30
22 31
22 32
22 33
22 34
22 35
22 36
22 37
22 38
22 39
22 43
22 44
22 45
22 46
22 47
22 48
22 49
22 50
22 51
22 53
22 55
22 56
22 58
22 60
22 62
22 63
22 64
22 65
22 70
22 72
22 73
22 74
22 75
22 78
22 79
23 24
23 25
23 26
23 27
23 28
23 29
23 30
23 31
23 32
23 33
23 34
23 35
23 36
23 37
23 38
23 39
23 40
23 42
23 43
23 44
23 47
23 48
23 49
23 50
23 52
23 53
23 54
23 55
23 57
23 58
23 60
23 61
23 63
23 64
23 65
23 66
23 67
23 68
23 70
23 72
23 78
24 25
24 26
24 27
24 28
24 29
24 30
24 31
24 33
24 34
24 35
24 36
24 37
24 39
24 42
24 43
24 44
24 48
24 51
24 52
24 54
24 55
24 57
24 58
24 60
24 61
24 62
24 66
24 70
24 71
24 75
24 77
24 78
25 26
25 27
25 28
25 29
25 30
25 31
25 32
25 33
25 34
25 35
25 36
25 37
25 39
25 41
25 44
25 46
25 51
25 53
25 56
25 59
25 60
25 61
25 62
25 64
25 65
25 67
25 72
25 73
25 74
25 76
25 77
25 78
25 79
26 27
26 28
26 29
26 30
26 31
26 32
26 33
26 34
26 35
26 38
26 39
26 41
26 43
26 46
26 50
26 51
26 52
26 53
26 54
26 57
26 58
26 59
26 61
26 68
26 69
26 70
26 72
26 73
26 74
27 28
27 29
27 30
27 31
27 32
27 34
27 35
27 37
27 38
27 39
27 40
27 41
27 42
27 43
27 46
27 48
27 51
27 52
27 53
27 55
27 57
27 58
27 63
27 65
27 66
27 67
27 69
27 71
27 74
27 75
27 76
27 78
27 44
28 29
28 30
28 31
28 33
28 34
28 35
28 36
28 37
28 38
28 39
28 40
28 42
28 43
28 44
28 45
28 46
28 47
28 48
28 49
28 50
28 52
28 53
28 54
28 55
28 57
28 58
28 59
28 63
28 66
28 67
28 70
28 72
28 74
28 75
28 77
28 79
29 30
29 31
29 32
29 33
29 34
29 36
29 37
29 38
29 40
29 41
29 42
29 43
29 44
29 45
29 46
29 47
29 49
29 50
29 51
29 52
29 53
29 54
29 56
29 57
29 59
29 60
29 61
29 62
29 64
29 66
29 67
29 70
29 72
29 74
29 75
29 76
29 77
30 31
30 32
30 33
30 34
30 35
30 36
30 37
30 38
30 39
30 40
30 41
30 42
30 43
30 44
30 46
30 47
30 48
30 51
30 53
30 55
30 56
30 59
30 61
30 62
30 63
30 64
30 66
30 69
30 73
31 33
31 34
31 35
31 36
31 37
31 38
31 40
31 41
31 42
31 43
31 44
31 46
31 48
31 49
31 50
31 51
31 52
31 53
31 54
31 55
31 57
31 60
31 65
31 66
31 67
31 70
31 73
31 79
31 56
32 33
32 34
32 35
32 36
32 37
32 39
32 41
32 44
32 46
32 48
32 50
32 51
32 52
32 53
32 54
32 55
32 56
32 57
32 58
32 59
32 60
32 62
32 66
32 68
32 70
32 71
32 72
32 74
32 75
32 78
33 34
33 35
33 36
33 37
33 38
33 40
33 42
33 44
33 45
33 46
33 50
33 55
33 57
33 58
33 60
33 61
33 66
33 68
33 70
33 78
34 35
34 36
34 37
34 39
34 40
34 41
34 43
34 44
34 46
34 50
34 59
34 71
34 78
34 79
35 37
35 38
35 40
35 41
35 44
35 45
35 48
35 51
35 52
35 53
35 55
35 56
35 59
35 63
35 64
35 68
35 69
35 70
35 71
35 73
35 75
35 77
35 79
36 38
36 39
36 40
36 41
36 42
36 43
36 45
36 47
36 48
36 51
36 53
36 56
36 57
36 61
36 63
36 64
36 67
36 68
36 70
36 72
36 76
37 38
37 42
37 45
37 48
37 49
37 50
37 55
37 57
37 60
37 64
37 66
37 67
37 68
37 69
37 72
37 73
37 74
37 78
37 79
38 39
38 40
38 41
38 42
38 44
38 45
38 49
38 50
38 53
38 57
38 58
38 59
38 60
38 62
38 63
38 67
38 68
38 77
39 40
39 45
39 46
39 47
39 48
39 49
39 51
39 56
39 64
39 66
39 67
39 73
40 42
40 43
40 45
40 47
40 50
40 51
40 52
40 58
40 59
40 61
40 62
40 63
40 65
40 67
40 68
40 70
40 71
40 72
40 73
40 77
40 79
40 74
41 43
41 46
41 47
41 48
41 49
41 55
41 61
41 62
41 63
41 65
41 74
41 77
41 53
42 44
42 45
42 47
42 49
42 50
42 54
42 57
42 59
42 60
42 62
42 63
42 65
42 68
42 69
42 71
42 72
42 73
42 75
42 76
42 77
43 45
43 46
43 49
43 50
43 51
43 52
43 54
43 59
43 61
43 62
43 64
43 65
43 66
43 78
44 45
44 47
44 49
44 50
44 56
44 58
44 61
44 65
44 69
44 70
44 75
44 76
44 79
45 47
45 49
45 51
45 59
45 60
45 67
45 70
45 72
46 54
46 55
46 57
46 58
46 62
46 66
46 69
46 73
46 65
47 48
47 50
47 52
47 54
47 60
47 61
47 62
47 63
47 65
47 69
47 74
47 76
47 77
48 51
48 52
48 54
48 55
48 56
48 57
48 62
48 63
48 65
48 67
48 71
48 72
48 74
48 75
48 79
49 54
49 55
49 56
49 59
49 60
49 64
49 67
49 71
49 75
49 77
49 78
49 79
50 52
50 54
50 56
50 58
50 61
50 63
50 64
50 65
50 68
50 73
50 76
50 78
51 52
51 56
51 63
51 66
51 69
51 72
51 74
51 75
52 54
52 55
52 60
52 63
52 68
52 69
52 71
52 72
52 76
52 79
53 56
53 58
53 61
53 62
53 65
53 67
53 68
53 71
53 76
54 56
54 59
54 63
54 66
54 71
54 75
54 76
55 56
55 61
55 71
55 74
55 75
56 65
56 66
56 68
56 73
56 74
56 77
57 58
57 61
57 62
57 68
57 69
57 77
57 79
58 59
58 60
58 70
58 73
58 78
59 65
59 70
59 71
59 72
59 73
59 76
59 77
60 61
60 62
60 66
60 69
60 75
60 76
60 78
60 79
61 63
61 78
62 64
62 65
62 67
62 69
62 77
62 79
63 75
63 78
64 68
64 72
64 76
64 78
65 69
65 71
65 72
65 74
65 76
65 77
65 78
66 68
66 74
66 77
67 70
67 72
67 74
67 76
67 78
68 69
68 71
68 73
68 78
69 73
69 76
70 75
70 77
71 73
71 76
72 77
75 79
78 79