604210148
19
80
1181
0 19
0 20
0 21
0 22
0 23
0 24
0 25
0 26
0 28
0 29
0 31
0 32
0 33
0 34
0 35
0 36
0 37
0 38
0 40
0 41
0 43
0 44
0 54
0 58
0 61
0 64
0 71
0 75
0 76
0 77
0 42
0 11
1 19
1 20
1 22
1 23
1 26
1 27
1 28
1 31
1 36
1 43
1 58
1 64
1 66
1 77
2 19
2 20
2 21
2 22
2 23
2 24
2 25
2 26
2 27
2 29
2 31
2 34
2 37
2 41
2 47
2 49
2 50
2 52
2 54
2 67
2 70
2 71
2 72
3 19
3 20
3 21
3 22
3 24
3 25
3 26
3 27
3 29
3 32
3 33
3 34
3 36
3 38
3 39
3 41
3 44
3 45
3 46
3 49
3 50
3 53
3 60
3 67
3 68
3 72
3 40
3 23
4 19
4 20
4 21
4 22
4 23
4 24
4 25
4 26
4 28
4 32
4 35
4 36
4 43
4 45
4 50
4 51
4 52
4 54
4 56
4 57
4 60
4 61
4 64
4 66
4 71
4 73
4 75
5 19
5 20
5 21
5 22
5 28
5 29
5 30
5 31
5 32
5 33
5 37
5 38
5 39
5 40
5 41
5 48
5 50
5 52
5 53
5 60
5 61
5 63
5 70
5 71
5 76
5 51
6 19
6 20
6 21
6 22
6 23
6 24
6 26
6 27
6 28
6 29
6 30
6 31
6 32
6 34
6 35
6 37
6 41
6 42
6 46
6 49
6 52
6 53
6 55
6 56
6 58
6 59
6 62
6 64
6 67
6 69
6 70
6 73
6 74
6 76
6 79
7 19
7 20
7 21
7 22
7 23
7 24
7 25
7 26
7 28
7 32
7 33
7 34
7 35
7 36
7 38
7 39
7 41
7 42
7 44
7 46
7 47
7 54
7 55
7 58
7 61
7 68
7 74
7 76
7 77
7 78
8 19
8 20
8 21
8 22
8 23
8 24
8 25
8 26
8 27
8 28
8 29
8 30
8 34
8 35
8 36
8 39
8 42
8 44
8 46
8 47
8 50
8 56
8 57
8 61
8 64
8 67
8 70
8 71
8 73
8 77
9 19
9 20
9 21
9 23
9 24
9 25
9 26
9 27
9 30
9 35
9 36
9 38
9 39
9 42
9 45
9 47
9 59
9 62
9 64
9 78
10 19
10 20
10 21
10 23
10 24
10 25
10 27
10 32
10 33
10 38
10 43
10 45
10 46
10 47
10 48
10 49
10 51
10 52
10 57
10 60
10 61
10 62
10 63
10 67
10 69
11 19
11 20
11 21
11 22
11 24
11 26
11 27
11 29
11 31
11 44
11 45
11 51
11 54
11 58
11 68
11 69
11 71
11 74
11 75
12 19
12 20
12 21
12 22
12 23
12 24
12 25
12 35
12 37
12 39
12 41
12 42
12 43
12 44
12 47
12 51
12 52
12 54
12 55
12 60
12 66
12 70
12 71
12 72
12 75
12 30
13 19
13 20
13 22
13 24
13 25
13 26
13 27
13 28
13 29
13 32
13 34
13 35
13 36
13 37
13 40
13 43
13 44
13 47
13 48
13 50
13 56
13 67
13 69
13 73
13 74
13 76
13 77
14 19
14 21
14 22
14 23
14 24
14 25
14 26
14 27
14 30
14 32
14 33
14 36
14 38
14 41
14 42
14 43
14 46
14 53
14 59
14 61
14 64
14 70
14 74
14 50
15 19
15 20
15 21
15 22
15 23
15 24
15 27
15 33
15 40
15 43
15 68
15 69
16 19
16 20
16 21
16 23
16 25
16 28
16 30
16 31
16 33
16 36
16 37
16 38
16 40
16 42
17 19
17 20
17 21
17 22
17 23
17 25
17 28
17 29
17 30
17 33
17 34
17 35
17 36
17 37
17 47
17 69
17 74
18 19
18 20
18 21
18 22
18 23
18 24
18 26
18 27
18 28
18 30
18 31
18 34
18 36
18 38
18 41
18 43
18 48
18 57
18 58
18 60
18 63
18 64
18 68
18 77
18 56
19 20
19 21
19 22
19 23
19 24
19 25
19 26
19 27
19 28
19 29
19 30
19 31
19 33
19 34
19 35
19 37
19 38
19 39
19 41
19 44
19 48
19 49
19 50
19 52
19 54
19 56
19 58
19 60
19 64
19 65
19 69
19 72
19 74
19 78
19 79
20 21
20 22
20 23
20 24
20 25
20 26
20 27
20 28
20 29
20 30
20 32
20 33
20 35
20 36
20 37
20 39
20 40
20 41
20 42
20 44
20 47
20 49
20 50
20 52
20 53
20 54
20 57
20 62
20 70
20 71
20 73
20 75
20 43
21 22
21 23
21 24
21 25
21 26
21 27
21 28
21 29
21 30
21 31
21 32
21 33
21 34
21 35
21 36
21 39
21 40
21 41
21 42
21 44
21 45
21 47
21 48
21 50
21 51
21 53
21 56
21 57
21 59
21 60
21 68
21 69
21 70
21 72
21 73
21 75
21 78
22 23
22 25
22 26
22 27
22 28
22 29
22 30
22 31
22 32
22 37
22 39
22 40
22 42
22 43
22 45
22 49
22 50
22 51
22 52
22 57
22 59
22 61
22 64
22 66
22 67
22 72
22 74
22 77
22 79
23 24
23 25
23 26
23 28
23 29
23 30
23 31
23 32
23 33
23 37
23 38
23 41
23 44
23 45
23 46
23 47
23 48
23 49
23 50
23 51
23 52
23 53
23 55
23 56
23 59
23 60
23 63
23 64
23 65
23 68
23 69
23 74
23 75
23 76
24 25
24 27
24 29
24 30
24 31
24 32
24 33
24 34
24 35
24 36
24 37
24 38
24 39
24 40
24 42
24 44
24 45
24 46
24 49
24 50
24 51
24 53
24 55
24 56
24 57
24 58
24 59
24 62
24 63
24 65
24 71
24 72
24 75
24 77
24 79
24 76
25 26
25 27
25 28
25 29
25 30
25 31
25 33
25 34
25 35
25 36
25 38
25 40
25 41
25 43
25 44
25 45
25 47
25 49
25 51
25 52
25 53
25 54
25 57
25 58
25 64
25 65
25 66
25 67
25 69
25 73
25 74
25 76
25 77
25 79
26 27
26 28
26 29
26 30
26 31
26 32
26 33
26 34
26 35
26 36
26 37
26 39
26 40
26 42
26 43
26 45
26 46
26 48
26 51
26 52
26 53
26 54
26 56
26 57
26 58
26 63
26 65
26 66
26 67
26 70
26 71
26 75
26 78
27 28
27 29
27 30
27 31
27 32
27 33
27 37
27 38
27 39
27 40
27 42
27 43
27 45
27 48
27 51
27 52
27 53
27 62
27 63
27 64
27 65
27 67
27 77
28 29
28 30
28 31
28 32
28 33
28 34
28 37
28 38
28 39
28 40
28 41
28 42
28 44
28 46
28 49
28 55
28 63
28 66
28 67
28 70
28 75
29 30
29 31
29 32
29 34
29 37
29 40
29 43
29 44
29 46
29 47
29 48
29 49
29 52
29 55
29 57
29 58
29 59
29 61
29 63
29 65
29 69
29 70
29 71
29 74
29 78
29 72
30 31
30 33
30 34
30 35
30 39
30 46
30 48
30 50
30 51
30 54
30 55
30 57
30 67
30 68
30 70
30 59
31 32
31 34
31 39
31 40
31 41
31 42
31 43
31 45
31 54
31 56
31 57
31 58
31 59
31 60
31 64
31 65
31 68
31 70
31 71
31 72
31 78
31 79
31 74
32 35
32 37
32 39
32 41
32 42
32 44
32 45
32 46
32 49
32 54
32 55
32 57
32 58
32 59
32 60
32 66
32 68
32 69
32 70
32 78
32 79
32 36
33 34
33 35
33 36
33 38
33 40
33 43
33 46
33 50
33 51
33 60
33 61
33 65
33 66
33 68
33 69
33 70
33 71
33 73
33 78
33 42
34 35
34 38
34 39
34 43
34 44
34 47
34 48
34 50
34 55
34 56
34 58
34 62
34 63
34 65
34 66
34 69
34 72
34 75
34 76
35 36
35 37
35 38
35 41
35 46
35 47
35 48
35 49
35 51
35 54
35 55
35 56
35 57
35 58
35 66
35 68
35 71
35 72
35 73
35 75
35 76
35 78
35 79
36 40
36 42
36 46
36 47
36 51
36 53
36 54
36 55
36 61
36 62
36 63
36 64
36 70
36 72
36 74
36 77
37 38
37 40
37 43
37 45
37 46
37 49
37 55
37 57
37 59
37 60
37 67
37 68
37 74
38 39
38 40
38 44
38 50
38 53
38 54
38 55
38 66
38 72
38 74
38 75
38 79
39 45
39 49
39 51
39 53
39 54
39 56
39 60
39 61
39 62
39 66
39 73
39 77
40 41
40 42
40 44
40 45
40 47
40 48
40 52
40 53
40 54
40 56
40 57
40 60
40 62
40 64
40 65
40 67
40 68
40 71
40 73
41 42
41 43
41 46
41 48
41 51
41 53
41 60
41 61
41 63
41 65
41 74
41 78
42 45
42 46
42 47
42 48
42 49
42 50
42 53
42 58
42 61
42 64
42 68
42 69
42 72
42 73
42 54
42 63
43 47
43 48
43 52
43 55
43 58
43 59
43 63
43 73
43 76
44 45
44 48
44 50
44 57
44 72
44 79
45 48
45 49
45 50
45 51
45 52
45 56
45 62
45 63
45 65
45 67
45 68
45 72
45 75
45 77
45 78
46 49
46 52
46 53
46 56
46 60
46 61
46 63
46 72
46 48
47 53
47 59
47 62
47 76
48 51
48 54
48 62
48 64
48 66
48 71
48 74
48 78
48 79
49 52
49 59
49 62
49 63
49 76
49 79
50 56
50 59
50 61
51 55
51 56
51 59
51 63
51 65
51 72
51 71
52 55
52 61
52 62
52 64
52 73
52 74
53 55
53 60
53 62
53 69
53 78
53 79
53 57
54 55
54 58
54 63
54 67
54 72
54 73
54 76
54 78
55 56
55 59
55 62
55 69
56 57
56 60
56 61
56 65
56 70
56 73
56 75
56 79
57 58
57 59
57 65
57 66
57 67
57 77
58 59
58 61
58 62
58 68
58 79
59 65
59 66
59 67
59 78
59 79
60 65
60 68
60 69
60 71
60 77
60 79
61 62
61 68
61 71
62 63
62 65
62 66
62 71
62 76
62 78
62 69
63 66
63 73
63 75
63 76
64 73
64 77
65 66
65 67
65 69
65 70
65 79
66 75
68 75
68 76
68 78
69 70
71 72
71 73
71 74
71 76
71 77
72 74
72 75
72 77
74 76
75 76
75 77
76 79
77 78
78 79