854969374
40
80
1600
0 40
0 41
0 42
0 43
0 44
0 45
0 46
0 47
0 48
0 49
0 50
0 52
0 53
0 54
0 55
0 59
0 61
0 64
0 66
0 67
0 68
0 69
0 74
0 76
0 77
1 40
1 41
1 42
1 43
1 44
1 45
1 46
1 47
1 48
1 50
1 51
1 52
1 53
1 54
1 58
1 63
1 65
1 69
1 70
1 71
1 72
1 73
1 74
1 76
1 77
1 78
1 79
2 40
2 41
2 43
2 44
2 45
2 46
2 47
2 49
2 50
2 51
2 52
2 54
2 59
2 60
2 61
2 64
2 65
2 69
2 73
2 77
2 79
3 40
3 41
3 42
3 43
3 45
3 47
3 48
3 49
3 51
3 52
3 67
3 69
3 70
3 72
3 78
4 40
4 41
4 42
4 43
4 44
4 45
4 46
4 47
4 48
4 49
4 50
4 53
4 54
4 55
4 56
4 60
4 66
4 72
4 75
4 79
5 40
5 41
5 42
5 43
5 44
5 45
5 46
5 47
5 49
5 50
5 51
5 53
5 54
5 55
5 58
5 60
5 61
5 63
5 64
5 68
5 70
5 72
5 76
5 79
6 40
6 41
6 42
6 43
6 44
6 48
6 49
6 50
6 51
6 54
6 55
6 57
6 59
6 64
6 65
6 66
6 67
6 68
6 72
6 75
6 78
7 40
7 41
7 42
7 43
7 44
7 45
7 46
7 47
7 49
7 50
7 52
7 53
7 55
7 56
7 57
7 58
7 60
7 61
7 65
7 68
7 69
7 70
7 71
7 73
7 74
7 75
8 40
8 41
8 42
8 43
8 44
8 45
8 46
8 47
8 51
8 52
8 53
8 54
8 55
8 56
8 57
8 58
8 59
8 60
8 61
8 63
8 66
8 69
8 71
8 75
9 40
9 41
9 42
9 44
9 45
9 46
9 47
9 48
9 50
9 52
9 53
9 54
9 55
9 56
9 58
9 59
9 62
9 63
9 64
9 65
9 66
9 67
9 68
9 72
9 73
9 75
9 79
10 40
10 41
10 42
10 43
10 44
10 46
10 47
10 48
10 49
10 51
10 52
10 54
10 57
10 62
10 63
10 64
10 65
10 67
10 72
10 75
10 76
11 40
11 41
11 42
11 43
11 44
11 45
11 46
11 48
11 49
11 51
11 52
11 56
11 57
11 59
11 60
11 64
11 65
11 74
11 76
11 77
11 78
12 40
12 41
12 42
12 43
12 44
12 45
12 46
12 47
12 48
12 49
12 51
12 52
12 54
12 55
12 56
12 57
12 58
12 60
12 61
12 62
12 64
12 66
12 69
12 70
12 71
12 74
12 79
13 40
13 41
13 42
13 44
13 45
13 46
13 47
13 48
13 49
13 50
13 51
13 52
13 53
13 54
13 55
13 56
13 57
13 59
13 60
13 61
13 62
13 67
13 68
13 69
13 70
13 71
13 74
13 76
13 79
14 40
14 41
14 42
14 43
14 44
14 45
14 46
14 47
14 48
14 50
14 51
14 52
14 53
14 54
14 56
14 58
14 59
14 60
14 61
14 62
14 63
14 64
14 65
14 66
14 67
14 68
14 69
14 70
14 71
14 73
14 75
14 77
14 78
15 40
15 41
15 42
15 43
15 44
15 45
15 47
15 48
15 50
15 51
15 52
15 53
15 55
15 56
15 58
15 60
15 61
15 63
15 64
15 66
15 68
15 72
15 73
15 76
15 77
15 79
16 40
16 41
16 42
16 43
16 44
16 45
16 46
16 47
16 49
16 50
16 52
16 53
16 54
16 55
16 56
16 57
16 58
16 64
16 70
16 73
16 74
16 75
16 77
17 40
17 41
17 42
17 43
17 44
17 45
17 46
17 47
17 49
17 50
17 51
17 53
17 54
17 57
17 58
17 61
17 62
17 64
17 65
17 67
17 69
17 70
17 73
17 77
18 40
18 41
18 42
18 43
18 44
18 45
18 46
18 47
18 48
18 49
18 50
18 52
18 55
18 56
18 57
18 59
18 60
18 62
18 64
18 65
18 75
18 77
18 78
19 40
19 41
19 42
19 43
19 44
19 45
19 46
19 47
19 48
19 49
19 50
19 53
19 54
19 55
19 56
19 58
19 62
19 63
19 64
19 70
19 72
19 73
19 79
20 40
20 41
20 42
20 43
20 45
20 46
20 47
20 48
20 49
20 50
20 51
20 52
20 56
20 58
20 59
20 60
20 64
20 66
20 70
20 71
20 73
20 75
20 78
20 79
21 40
21 41
21 42
21 43
21 44
21 45
21 46
21 47
21 48
21 49
21 51
21 52
21 54
21 55
21 57
21 59
21 60
21 61
21 62
21 65
21 67
21 68
21 70
21 71
21 72
21 74
21 75
21 78
22 40
22 41
22 42
22 43
22 44
22 45
22 46
22 47
22 48
22 49
22 50
22 52
22 53
22 56
22 57
22 60
22 61
22 63
22 69
22 71
22 75
22 76
22 77
22 78
22 79
23 40
23 41
23 42
23 43
23 45
23 46
23 47
23 48
23 49
23 51
23 52
23 53
23 54
23 56
23 58
23 66
23 68
24 40
24 41
24 42
24 43
24 44
24 45
24 46
24 47
24 49
24 50
24 53
24 56
24 57
24 58
24 59
24 62
24 63
24 71
24 75
24 78
25 40
25 41
25 42
25 43
25 44
25 45
25 48
25 49
25 50
25 53
25 55
25 59
25 61
25 62
25 63
25 66
25 68
25 71
25 74
25 75
25 77
25 78
25 79
26 40
26 41
26 42
26 43
26 44
26 45
26 47
26 48
26 49
26 50
26 51
26 54
26 55
26 56
26 59
26 63
26 64
26 67
26 68
26 70
26 71
26 74
27 40
27 41
27 42
27 43
27 44
27 45
27 46
27 47
27 48
27 49
27 52
27 53
27 55
27 56
27 57
27 58
27 62
27 64
27 66
27 67
27 72
27 79
28 40
28 41
28 42
28 43
28 44
28 45
28 46
28 47
28 48
28 49
28 50
28 51
28 53
28 54
28 55
28 56
28 57
28 58
28 59
28 60
28 61
28 63
28 65
28 67
28 68
28 70
28 72
28 77
29 40
29 41
29 42
29 43
29 44
29 45
29 46
29 47
29 48
29 49
29 50
29 51
29 52
29 53
29 55
29 56
29 57
29 58
29 60
29 61
29 62
29 71
29 73
29 74
29 77
30 40
30 41
30 42
30 43
30 44
30 45
30 46
30 48
30 50
30 51
30 52
30 53
30 54
30 55
30 56
30 57
30 62
30 68
30 69
30 70
30 74
30 77
31 40
31 41
31 42
31 43
31 44
31 45
31 46
31 47
31 48
31 49
31 50
31 51
31 53
31 55
31 58
31 60
31 61
31 63
31 64
31 67
31 73
31 74
31 77
32 40
32 41
32 42
32 43
32 44
32 45
32 46
32 48
32 49
32 50
32 51
32 52
32 53
32 54
32 55
32 57
32 58
32 59
32 60
32 62
32 65
32 72
32 74
32 76
32 78
33 40
33 41
33 42
33 43
33 44
33 45
33 46
33 47
33 48
33 50
33 51
33 52
33 53
33 56
33 57
33 58
33 59
33 61
33 65
33 66
33 67
33 68
33 69
33 73
33 74
33 76
33 77
33 79
34 40
34 41
34 42
34 43
34 44
34 46
34 47
34 48
34 49
34 50
34 51
34 52
34 54
34 55
34 57
34 59
34 61
34 65
34 73
34 74
34 77
35 40
35 41
35 42
35 43
35 44
35 45
35 46
35 48
35 51
35 52
35 53
35 54
35 55
35 56
35 57
35 60
35 61
35 62
35 63
35 65
35 66
35 67
35 68
35 69
35 70
35 71
35 74
35 76
35 79
36 40
36 41
36 42
36 43
36 44
36 46
36 47
36 48
36 49
36 50
36 51
36 52
36 54
36 58
36 59
36 60
36 61
36 64
36 69
36 77
37 40
37 41
37 42
37 43
37 44
37 45
37 46
37 47
37 48
37 49
37 50
37 51
37 52
37 53
37 54
37 55
37 56
37 57
37 58
37 59
37 60
37 61
37 62
37 63
37 64
37 67
37 68
37 71
37 72
37 74
37 75
38 40
38 41
38 42
38 45
38 46
38 47
38 48
38 49
38 50
38 51
38 53
38 54
38 57
38 59
38 61
38 63
38 65
38 68
38 71
38 76
38 78
38 79
39 40
39 43
39 44
39 51
39 55
39 56
39 62
39 66
39 67
39 69
39 70
40 41
40 42
40 43
40 44
40 45
40 46
40 47
40 48
40 49
40 50
40 51
40 52
40 53
40 54
40 55
40 56
40 57
40 58
40 59
40 60
40 61
40 62
40 63
40 64
40 65
40 66
40 67
40 68
40 69
40 70
40 71
40 72
40 73
40 74
40 75
40 77
40 78
41 42
41 43
41 44
41 45
41 46
41 47
41 48
41 49
41 50
41 51
41 52
41 53
41 54
41 55
41 56
41 57
41 58
41 59
41 60
41 61
41 62
41 63
41 64
41 65
41 66
41 67
41 68
41 69
41 70
41 71
41 72
41 74
41 75
41 77
41 78
42 43
42 44
42 45
42 46
42 47
42 48
42 49
42 50
42 51
42 52
42 53
42 54
42 55
42 56
42 57
42 58
42 59
42 60
42 61
42 62
42 63
42 64
42 65
42 66
42 67
42 68
42 69
42 70
42 71
42 72
42 73
42 74
42 75
42 76
42 78
43 44
43 45
43 46
43 47
43 48
43 49
43 50
43 51
43 52
43 53
43 54
43 55
43 56
43 57
43 58
43 59
43 60
43 62
43 63
43 64
43 65
43 66
43 67
43 68
43 69
43 70
43 71
43 72
43 74
43 77
43 78
43 79
44 45
44 46
44 47
44 48
44 49
44 50
44 51
44 52
44 53
44 54
44 55
44 56
44 57
44 58
44 59
44 60
44 61
44 62
44 63
44 64
44 65
44 66
44 67
44 68
44 69
44 70
44 75
44 77
45 46
45 47
45 48
45 49
45 50
45 51
45 52
45 53
45 54
45 55
45 56
45 57
45 58
45 59
45 60
45 61
45 62
45 63
45 64
45 66
45 67
45 68
45 70
45 71
45 72
45 73
45 75
45 76
45 77
45 78
45 79
46 47
46 48
46 49
46 50
46 51
46 52
46 53
46 54
46 55
46 56
46 57
46 58
46 59
46 60
46 61
46 62
46 63
46 64
46 65
46 66
46 67
46 68
46 70
46 72
46 73
46 74
46 75
46 76
46 78
47 48
47 49
47 50
47 51
47 52
47 53
47 54
47 55
47 56
47 57
47 58
47 59
47 61
47 62
47 63
47 64
47 65
47 68
47 71
47 72
47 75
47 76
47 78
47 79
48 49
48 50
48 51
48 52
48 53
48 54
48 55
48 56
48 57
48 58
48 59
48 60
48 61
48 62
48 63
48 65
48 66
48 67
48 68
48 69
48 72
48 73
48 74
48 75
48 76
48 77
48 78
49 50
49 51
49 52
49 53
49 54
49 55
49 57
49 58
49 59
49 60
49 61
49 62
49 63
49 64
49 66
49 67
49 70
49 71
49 72
49 73
49 74
49 75
49 76
49 77
49 78
49 79
50 51
50 52
50 53
50 54
50 56
50 57
50 58
50 59
50 60
50 62
50 63
50 64
50 65
50 66
50 67
50 68
50 69
50 70
50 71
50 72
50 73
50 74
50 75
50 76
50 77
50 79
51 52
51 53
51 54
51 55
51 56
51 57
51 58
51 59
51 60
51 61
51 62
51 63
51 64
51 65
51 66
51 67
51 68
51 69
51 70
51 71
51 73
51 75
51 76
51 77
52 53
52 54
52 55
52 56
52 57
52 58
52 59
52 60
52 62
52 63
52 64
52 65
52 66
52 67
52 68
52 69
52 70
52 71
52 72
52 73
52 74
52 75
52 76
52 77
52 78
52 79
53 54
53 55
53 56
53 57
53 58
53 59
53 60
53 61
53 62
53 63
53 65
53 66
53 67
53 69
53 70
53 71
53 73
53 74
53 75
53 76
53 78
54 55
54 56
54 57
54 58
54 59
54 60
54 61
54 62
54 63
54 64
54 65
54 66
54 67
54 68
54 69
54 70
54 71
54 72
54 73
54 74
54 76
54 77
54 78
55 56
55 57
55 58
55 59
55 60
55 61
55 62
55 63
55 64
55 65
55 66
55 68
55 69
55 70
55 71
55 72
55 73
55 75
55 76
55 78
55 79
56 57
56 58
56 59
56 60
56 61
56 62
56 63
56 65
56 66
56 68
56 69
56 70
56 71
56 73
56 76
56 77
56 78
57 58
57 59
57 60
57 61
57 62
57 63
57 64
57 65
57 66
57 67
57 69
57 70
57 71
57 72
57 73
57 74
57 76
57 77
57 78
57 79
58 59
58 60
58 61
58 62
58 63
58 64
58 65
58 66
58 67
58 68
58 69
58 70
58 72
58 74
58 75
58 76
58 77
58 78
58 79
59 60
59 61
59 62
59 63
59 64
59 65
59 66
59 67
59 68
59 69
59 70
59 72
59 73
59 74
59 76
59 77
59 78
60 61
60 62
60 63
60 65
60 66
60 67
60 69
60 71
60 72
60 73
60 74
60 75
60 77
60 79
61 62
61 63
61 64
61 65
61 66
61 67
61 70
61 71
61 72
61 73
61 74
61 76
61 77
61 78
61 79
62 63
62 64
62 65
62 66
62 67
62 68
62 69
62 71
62 72
62 73
62 75
62 78
62 79
63 64
63 65
63 66
63 68
63 69
63 71
63 72
63 73
63 75
63 77
63 78
63 79
64 65
64 66
64 67
64 68
64 69
64 70
64 71
64 72
64 73
64 76
64 79
65 66
65 67
65 69
65 70
65 71
65 72
65 73
65 75
65 76
65 78
66 67
66 68
66 69
66 72
66 73
66 74
66 75
66 76
66 79
67 68
67 69
67 70
67 71
67 74
67 75
67 76
67 77
67 79
68 69
68 71
68 72
68 75
68 76
68 77
68 79
69 70
69 72
69 73
69 74
69 76
69 79
70 71
70 72
70 73
70 74
70 75
70 76
70 78
70 79
71 73
71 76
72 73
72 74
72 75
72 76
72 77
73 74
73 75
73 76
73 77
73 78
73 79
74 78
74 79
75 76
75 78
76 78
76 79
77 78
77 79
78 79