287869009
1
80
132
0 1
0 2
0 3
0 7
0 13
0 28
0 41
0 52
0 57
0 76
0 4
0 37
0 40
1 5
1 14
1 19
1 29
1 34
1 36
1 58
1 63
1 65
1 67
1 69
1 1
1 7
1 16
1 27
1 53
1 59
2 4
2 8
2 12
2 18
2 23
2 43
2 49
2 50
2 64
2 75
2 72
2 6
2 21
2 29
2 74
4 6
4 17
4 22
4 27
4 31
4 42
4 45
4 66
4 19
4 64
4 79
5 10
5 21
5 44
6 9
6 24
6 54
6 73
6 52
6 76
7 37
7 38
7 79
7 51
8 16
8 61
8 71
8 72
8 78
8 29
8 46
9 11
9 26
9 69
11 48
11 73
13 26
13 30
13 59
13 35
13 72
14 15
14 35
14 72
14 66
15 20
15 51
15 23
15 39
15 61
17 68
17 45
18 56
19 33
19 46
19 44
19 49
19 50
20 25
20 32
20 53
20 60
22 47
24 59
24 36
27 39
31 40
32 67
33 47
33 59
34 55
35 62
35 71
35 78
40 58
41 55
47 55
48 74
50 70
55 72
59 77
59 65
61 62
65 67
67 70
68 74
68 69