166082912
18
80
1128
0 18
0 19
0 20
0 21
0 24
0 25
0 26
0 27
0 29
0 30
0 31
0 33
0 34
0 35
0 37
0 39
0 40
0 43
0 49
0 53
0 55
0 56
0 59
0 63
0 67
0 68
0 69
0 70
0 76
0 78
1 18
1 19
1 20
1 21
1 23
1 24
1 28
1 30
1 31
1 32
1 35
1 36
1 51
1 55
1 60
1 72
1 75
2 18
2 19
2 20
2 22
2 23
2 24
2 27
2 28
2 33
2 41
3 18
3 19
3 20
3 21
3 22
3 24
3 25
3 27
3 28
3 30
3 32
3 34
3 35
3 36
3 37
3 41
3 43
3 45
3 47
3 51
3 53
3 60
3 62
3 65
3 68
4 18
4 19
4 20
4 21
4 22
4 23
4 24
4 25
4 26
4 27
4 31
4 32
4 33
4 34
4 36
4 39
4 40
4 41
4 44
4 50
4 62
4 63
4 65
4 70
4 73
4 37
5 18
5 19
5 20
5 21
5 22
5 23
5 25
5 27
5 28
5 29
5 31
5 32
5 36
5 42
5 45
5 49
5 50
5 51
5 52
5 55
5 62
5 69
5 73
5 77
6 18
6 19
6 20
6 22
6 23
6 24
6 25
6 28
6 33
6 34
6 38
6 39
6 40
6 41
6 42
6 44
6 45
6 58
6 60
6 65
6 67
6 68
6 69
6 70
6 71
6 74
6 78
7 18
7 19
7 20
7 21
7 22
7 23
7 24
7 25
7 35
7 37
7 44
7 46
7 51
7 52
7 53
7 54
7 63
8 18
8 19
8 21
8 22
8 26
8 27
8 34
8 38
8 53
8 54
8 56
8 59
8 73
8 77
8 79
8 25
9 18
9 20
9 21
9 22
9 23
9 24
9 25
9 26
9 27
9 30
9 31
9 32
9 36
9 42
9 45
9 46
9 48
9 58
9 62
9 67
9 71
9 72
9 73
9 75
9 79
9 29
10 18
10 19
10 20
10 21
10 22
10 23
10 24
10 26
10 29
10 30
10 31
10 33
10 35
10 37
10 38
10 41
10 42
10 47
10 49
10 50
10 51
10 52
10 54
10 56
10 57
10 61
10 65
10 66
10 68
10 70
10 75
10 79
11 18
11 19
11 20
11 21
11 22
11 23
11 26
11 29
11 32
11 34
11 35
11 36
11 37
11 42
11 46
11 51
11 54
11 56
11 59
11 61
11 76
11 78
11 79
12 18
12 19
12 20
12 21
12 22
12 23
12 24
12 25
12 26
12 27
12 28
12 29
12 30
12 31
12 32
12 33
12 34
12 37
12 39
12 40
12 44
12 45
12 46
12 50
12 52
12 54
12 59
12 60
12 61
12 69
12 70
12 74
12 79
13 18
13 19
13 20
13 21
13 25
13 26
13 27
13 33
13 35
13 36
13 39
13 41
13 42
13 47
13 49
13 51
13 53
13 54
13 64
13 71
14 18
14 19
14 23
14 24
14 25
14 26
14 30
14 31
14 33
14 39
14 44
14 54
14 57
14 58
14 73
15 18
15 19
15 20
15 21
15 22
15 23
15 25
15 27
15 28
15 29
15 30
15 33
15 38
15 40
15 42
15 44
15 46
15 47
15 50
15 51
15 52
15 54
15 56
15 58
15 59
15 61
15 63
15 69
15 71
15 72
15 74
15 75
15 78
16 18
16 19
16 20
16 21
16 22
16 26
16 28
16 29
16 43
16 46
16 64
16 66
16 67
17 18
17 19
17 20
17 21
17 22
17 23
17 24
17 27
17 28
17 32
17 35
17 37
17 43
17 50
17 57
17 62
17 64
17 65
17 76
18 19
18 20
18 21
18 22
18 23
18 24
18 25
18 26
18 27
18 28
18 29
18 30
18 31
18 32
18 34
18 36
18 37
18 38
18 40
18 43
18 44
18 46
18 49
18 50
18 54
18 59
18 60
18 63
18 65
18 66
18 70
18 72
18 74
18 75
18 76
18 78
19 20
19 21
19 22
19 23
19 24
19 25
19 26
19 27
19 28
19 29
19 30
19 31
19 33
19 36
19 37
19 39
19 40
19 41
19 42
19 43
19 44
19 46
19 47
19 48
19 50
19 51
19 52
19 54
19 58
19 59
19 60
19 61
19 62
19 65
19 69
19 71
19 72
19 73
19 75
19 78
20 21
20 22
20 23
20 24
20 25
20 26
20 28
20 29
20 30
20 32
20 33
20 34
20 35
20 38
20 39
20 40
20 43
20 45
20 46
20 47
20 48
20 49
20 54
20 55
20 57
20 58
20 59
20 64
20 67
20 68
20 69
20 76
21 22
21 23
21 24
21 25
21 26
21 27
21 28
21 29
21 30
21 31
21 34
21 35
21 36
21 37
21 38
21 40
21 42
21 43
21 46
21 47
21 48
21 51
21 53
21 55
21 57
21 58
21 64
21 66
21 67
21 71
21 73
21 75
21 78
21 79
22 23
22 24
22 25
22 26
22 27
22 28
22 29
22 30
22 31
22 32
22 33
22 34
22 35
22 36
22 37
22 38
22 39
22 41
22 42
22 44
22 45
22 47
22 48
22 49
22 50
22 53
22 55
22 57
22 58
22 59
22 63
22 66
22 69
22 70
22 71
22 72
22 73
22 74
22 76
22 77
22 79
23 24
23 25
23 26
23 27
23 29
23 30
23 31
23 33
23 34
23 35
23 36
23 38
23 39
23 40
23 41
23 48
23 50
23 52
23 53
23 55
23 58
23 61
23 77
23 78
23 79
23 71
24 25
24 26
24 28
24 29
24 31
24 32
24 33
24 34
24 35
24 37
24 38
24 39
24 40
24 42
24 43
24 44
24 45
24 52
24 56
24 57
24 58
24 59
24 60
24 61
24 62
24 64
24 67
24 72
24 74
25 26
25 27
25 28
25 29
25 32
25 34
25 35
25 36
25 37
25 38
25 39
25 41
25 42
25 43
25 44
25 46
25 47
25 51
25 59
25 60
25 63
25 70
25 71
25 73
25 74
25 76
25 78
26 27
26 28
26 29
26 30
26 32
26 33
26 35
26 39
26 40
26 41
26 43
26 45
26 46
26 47
26 49
26 50
26 52
26 56
26 61
26 62
26 63
26 67
26 68
26 70
26 71
26 74
27 28
27 29
27 30
27 31
27 32
27 34
27 35
27 37
27 38
27 39
27 43
27 46
27 47
27 48
27 49
27 52
27 55
27 56
27 57
27 60
27 61
27 63
27 64
27 67
27 70
27 71
27 75
27 76
28 29
28 30
28 31
28 32
28 33
28 36
28 37
28 41
28 43
28 44
28 48
28 49
28 50
28 53
28 54
28 55
28 56
28 61
28 64
28 66
28 67
28 72
28 76
28 57
29 30
29 31
29 33
29 38
29 40
29 42
29 43
29 44
29 45
29 50
29 51
29 53
29 54
29 58
29 60
29 62
29 63
29 68
29 69
29 70
29 73
29 75
29 79
30 31
30 32
30 33
30 35
30 36
30 37
30 38
30 40
30 43
30 45
30 46
30 48
30 49
30 51
30 52
30 53
30 55
30 57
30 58
30 62
30 64
30 65
30 66
30 68
30 75
30 77
30 79
31 32
31 34
31 38
31 39
31 40
31 41
31 42
31 43
31 44
31 45
31 46
31 48
31 49
31 55
31 56
31 57
31 59
31 60
31 63
31 64
31 66
31 69
31 75
31 77
31 78
32 34
32 36
32 39
32 42
32 44
32 45
32 48
32 52
32 53
32 56
32 59
32 61
32 62
32 66
32 69
32 70
32 78
32 50
33 34
33 35
33 36
33 37
33 40
33 42
33 45
33 47
33 59
33 61
33 63
33 64
33 68
33 70
33 74
33 78
34 36
34 45
34 48
34 49
34 51
34 52
34 53
34 55
34 64
34 71
34 73
34 74
34 78
34 34
35 38
35 40
35 41
35 42
35 45
35 46
35 49
35 56
35 57
35 60
35 63
35 68
35 76
35 77
35 39
36 37
36 38
36 39
36 44
36 45
36 47
36 63
36 65
36 68
36 74
37 38
37 39
37 40
37 41
37 46
37 50
37 52
37 53
37 57
37 62
37 66
37 68
37 77
38 41
38 42
38 47
38 48
38 49
38 61
38 65
38 67
38 70
38 71
38 72
38 77
38 79
39 41
39 43
39 44
39 48
39 50
39 52
39 54
39 55
39 56
39 65
39 68
39 71
39 77
40 41
40 47
40 48
40 49
40 50
40 51
40 55
40 57
40 60
40 62
40 63
40 64
40 66
40 67
40 72
40 77
41 45
41 47
41 53
41 54
41 55
41 56
41 59
41 60
41 63
41 64
41 66
41 67
41 72
42 43
42 44
42 47
42 48
42 51
42 55
42 58
42 65
42 66
42 69
42 71
42 75
43 48
43 50
43 52
43 63
43 66
43 72
43 74
43 46
44 46
44 49
44 52
44 62
44 63
45 47
45 48
45 51
45 57
45 59
45 64
45 65
45 66
45 72
45 77
46 53
46 56
46 70
46 71
46 72
46 78
47 49
47 53
47 56
47 62
47 68
47 78
48 53
48 57
48 58
48 61
48 66
48 69
48 70
48 73
48 76
48 79
49 50
49 51
49 54
49 55
49 60
49 64
49 65
49 66
49 69
49 73
50 52
50 56
50 59
50 61
50 65
50 73
50 78
50 79
51 54
51 56
51 58
52 55
52 57
52 58
52 60
52 62
52 63
52 67
52 76
52 77
52 78
53 54
53 57
53 60
53 61
53 67
53 70
53 75
54 57
54 58
54 59
54 61
54 68
54 71
54 72
54 75
54 77
54 79
55 62
55 69
55 71
55 75
55 79
56 58
56 66
56 68
56 73
56 74
56 77
56 64
57 60
57 64
57 68
58 65
58 74
58 79
59 61
59 62
59 76
59 77
60 64
60 65
60 71
60 72
60 77
61 65
61 69
61 73
62 67
62 73
63 72
64 68
64 77
65 67
65 74
66 67
66 69
66 72
66 73
66 74
66 75
66 76
66 79
67 70
67 76
67 77
68 69
68 76
69 74
71 75
71 76
71 78
72 74
72 75
74 76
75 79