213975820
29
80
1496
0 29
0 30
0 31
0 32
0 33
0 34
0 35
0 36
0 37
0 38
0 48
0 49
0 50
0 52
0 56
0 58
0 59
0 60
0 63
0 64
0 65
0 79
1 29
1 30
1 31
1 32
1 33
1 34
1 35
1 36
1 38
1 40
1 42
1 44
1 46
1 47
1 50
1 51
1 52
1 57
1 58
1 59
1 62
1 68
1 70
1 73
1 74
2 29
2 30
2 31
2 32
2 33
2 34
2 35
2 36
2 37
2 38
2 40
2 42
2 44
2 47
2 48
2 49
2 50
2 51
2 53
2 54
2 56
2 59
2 61
2 62
2 63
2 66
2 67
2 72
2 75
2 78
3 29
3 30
3 31
3 32
3 34
3 35
3 38
3 40
3 43
3 46
3 49
3 50
3 52
3 57
3 59
3 60
3 64
3 65
3 69
3 73
3 78
3 79
4 29
4 30
4 31
4 32
4 33
4 34
4 35
4 36
4 37
4 38
4 40
4 42
4 43
4 44
4 46
4 53
4 56
4 61
4 64
4 67
4 71
4 73
4 76
4 77
5 29
5 30
5 32
5 33
5 35
5 36
5 37
5 41
5 43
5 44
5 46
5 47
5 48
5 49
5 54
5 59
5 61
5 65
5 70
5 71
5 72
5 77
5 78
5 22
6 29
6 30
6 32
6 34
6 38
6 39
6 41
6 43
6 44
6 45
6 50
6 52
6 54
6 56
6 60
6 61
6 62
6 69
6 72
6 74
6 77
7 29
7 30
7 31
7 32
7 33
7 34
7 35
7 36
7 38
7 41
7 43
7 51
7 53
7 69
7 72
7 76
7 78
8 29
8 30
8 31
8 32
8 33
8 34
8 35
8 36
8 37
8 39
8 41
8 42
8 43
8 44
8 46
8 48
8 49
8 54
8 56
8 59
8 62
8 64
8 69
8 73
8 75
8 76
9 29
9 30
9 31
9 32
9 33
9 34
9 36
9 37
9 39
9 42
9 43
9 44
9 46
9 49
9 54
9 59
9 69
9 73
9 74
10 29
10 30
10 31
10 32
10 33
10 34
10 35
10 36
10 38
10 39
10 41
10 42
10 44
10 47
10 50
10 51
10 52
10 54
10 55
10 56
10 58
10 60
10 61
10 62
10 69
10 73
10 75
10 79
11 29
11 30
11 31
11 32
11 33
11 34
11 35
11 36
11 37
11 38
11 39
11 40
11 41
11 42
11 43
11 45
11 47
11 48
11 50
11 51
11 55
11 59
11 64
11 70
11 71
11 73
11 74
11 49
12 29
12 31
12 32
12 33
12 34
12 35
12 36
12 37
12 38
12 39
12 40
12 41
12 43
12 44
12 45
12 46
12 47
12 48
12 51
12 52
12 56
12 61
12 64
12 65
12 66
12 70
12 74
12 75
12 76
12 78
12 62
13 29
13 30
13 31
13 32
13 33
13 34
13 36
13 37
13 38
13 39
13 40
13 42
13 45
13 47
13 54
13 55
13 64
13 66
13 71
13 75
13 24
14 29
14 30
14 31
14 32
14 33
14 34
14 35
14 36
14 37
14 38
14 40
14 41
14 42
14 43
14 44
14 46
14 53
14 55
14 56
14 57
14 58
14 61
14 68
14 71
14 77
14 78
14 79
15 29
15 30
15 31
15 33
15 36
15 37
15 38
15 39
15 41
15 42
15 45
15 46
15 49
15 50
15 51
15 55
15 57
15 58
15 61
15 63
15 71
15 73
15 76
15 26
16 29
16 30
16 31
16 32
16 33
16 35
16 36
16 37
16 38
16 39
16 40
16 42
16 43
16 45
16 49
16 50
16 51
16 52
16 54
16 57
16 58
16 59
16 66
16 68
16 70
16 71
16 73
16 74
16 77
16 78
17 29
17 30
17 31
17 32
17 33
17 34
17 37
17 39
17 40
17 42
17 43
17 45
17 48
17 49
17 51
17 55
17 58
17 62
17 68
17 69
17 70
17 72
17 77
17 78
17 79
18 29
18 30
18 31
18 32
18 33
18 34
18 35
18 36
18 37
18 38
18 39
18 40
18 41
18 42
18 43
18 49
18 50
18 53
18 54
18 55
18 64
18 66
18 67
18 70
18 76
19 29
19 30
19 31
19 32
19 33
19 35
19 37
19 38
19 39
19 40
19 41
19 43
19 44
19 47
19 52
19 54
19 56
19 58
19 62
19 66
19 67
19 68
19 69
19 73
19 78
19 79
20 29
20 30
20 31
20 32
20 33
20 34
20 35
20 36
20 38
20 39
20 40
20 42
20 48
20 50
20 51
20 52
20 53
20 54
20 58
20 59
20 60
20 72
20 49
21 29
21 30
21 31
21 33
21 34
21 35
21 39
21 40
21 41
21 47
21 49
21 54
21 55
21 60
21 62
21 66
22 29
22 30
22 31
22 32
22 33
22 34
22 35
22 38
22 41
22 44
22 45
22 46
22 47
22 50
22 53
22 61
22 63
22 64
22 67
22 69
22 75
23 29
23 30
23 31
23 33
23 34
23 35
23 37
23 39
23 41
23 45
23 46
23 47
23 48
23 49
23 59
23 61
23 62
23 72
23 74
23 75
24 29
24 30
24 31
24 32
24 33
24 34
24 35
24 36
24 37
24 38
24 40
24 41
24 42
24 43
24 44
24 45
24 46
24 47
24 50
24 52
24 53
24 54
24 55
24 56
24 57
24 58
24 59
24 61
24 62
24 63
24 64
24 67
24 68
24 71
24 76
24 77
24 79
25 29
25 30
25 31
25 32
25 34
25 36
25 37
25 39
25 40
25 44
25 48
25 51
25 53
25 54
25 64
25 75
25 79
26 29
26 30
26 31
26 32
26 34
26 35
26 36
26 37
26 39
26 41
26 43
26 45
26 48
26 65
26 78
27 29
27 30
27 31
27 32
27 33
27 35
27 36
27 37
27 39
27 40
27 41
27 44
27 45
27 46
27 47
27 48
27 51
27 53
27 55
27 57
27 58
27 60
27 61
27 72
27 74
28 29
28 30
28 31
28 32
28 33
28 34
28 35
28 36
28 37
28 38
28 39
28 40
28 41
28 42
28 43
28 45
28 46
28 47
28 48
28 49
28 50
28 53
28 56
28 57
28 61
28 62
28 63
28 66
28 68
28 69
28 71
28 75
28 77
28 78
29 30
29 31
29 32
29 33
29 34
29 35
29 36
29 37
29 38
29 39
29 40
29 41
29 42
29 43
29 44
29 45
29 47
29 48
29 49
29 50
29 51
29 53
29 55
29 56
29 57
29 59
29 60
29 61
29 62
29 63
29 65
29 67
29 69
29 70
29 72
29 73
29 74
29 75
29 76
29 78
29 79
30 31
30 32
30 33
30 34
30 35
30 36
30 37
30 38
30 39
30 40
30 41
30 42
30 44
30 45
30 48
30 49
30 51
30 52
30 53
30 56
30 57
30 58
30 60
30 61
30 63
30 64
30 65
30 67
30 68
30 70
30 71
30 72
30 73
30 76
30 77
30 78
30 79
31 32
31 33
31 34
31 35
31 36
31 37
31 38
31 39
31 40
31 41
31 42
31 43
31 44
31 45
31 46
31 47
31 48
31 49
31 50
31 51
31 52
31 53
31 55
31 56
31 57
31 60
31 61
31 62
31 63
31 64
31 65
31 66
31 67
31 68
31 70
31 71
31 72
31 73
31 74
31 75
31 76
31 78
31 31
32 33
32 34
32 35
32 36
32 37
32 38
32 39
32 40
32 41
32 42
32 43
32 44
32 45
32 46
32 47
32 49
32 50
32 52
32 53
32 57
32 58
32 59
32 60
32 61
32 62
32 63
32 65
32 66
32 67
32 68
32 70
32 71
32 74
32 75
32 76
32 77
32 78
32 72
32 48
33 34
33 35
33 36
33 37
33 38
33 39
33 40
33 41
33 42
33 43
33 44
33 45
33 46
33 47
33 48
33 50
33 51
33 52
33 53
33 54
33 56
33 57
33 58
33 59
33 60
33 63
33 64
33 65
33 66
33 68
33 69
33 71
33 72
33 75
33 76
33 79
33 61
34 35
34 36
34 37
34 38
34 39
34 40
34 41
34 42
34 43
34 44
34 45
34 46
34 47
34 48
34 49
34 50
34 51
34 52
34 53
34 55
34 56
34 57
34 58
34 60
34 61
34 63
34 64
34 65
34 69
34 70
34 71
34 72
34 78
34 79
35 36
35 37
35 38
35 39
35 40
35 41
35 42
35 44
35 45
35 46
35 47
35 48
35 49
35 50
35 52
35 53
35 54
35 55
35 57
35 59
35 60
35 62
35 63
35 64
35 65
35 66
35 67
35 68
35 70
35 72
35 73
35 74
35 75
35 76
35 77
36 37
36 38
36 39
36 40
36 41
36 42
36 43
36 45
36 46
36 47
36 48
36 49
36 50
36 51
36 52
36 54
36 55
36 56
36 57
36 59
36 60
36 62
36 64
36 65
36 66
36 67
36 68
36 69
36 70
36 71
36 72
36 73
36 74
36 76
36 79
37 38
37 39
37 40
37 41
37 42
37 43
37 44
37 45
37 46
37 47
37 48
37 49
37 50
37 51
37 52
37 53
37 54
37 55
37 56
37 57
37 58
37 61
37 63
37 65
37 67
37 68
37 69
37 70
37 72
37 73
38 39
38 40
38 41
38 42
38 43
38 44
38 45
38 46
38 48
38 50
38 51
38 52
38 53
38 54
38 55
38 57
38 58
38 59
38 62
38 63
38 64
38 65
38 66
38 67
38 68
38 69
38 70
38 71
38 72
38 74
38 76
38 77
38 78
38 79
39 40
39 41
39 42
39 43
39 44
39 45
39 46
39 47
39 48
39 49
39 51
39 52
39 53
39 54
39 56
39 57
39 60
39 62
39 63
39 65
39 66
39 67
39 68
39 73
39 75
39 78
39 79
39 69
40 42
40 43
40 44
40 45
40 46
40 47
40 48
40 49
40 50
40 52
40 53
40 54
40 55
40 56
40 58
40 59
40 60
40 63
40 64
40 67
40 69
40 70
40 71
40 72
40 73
40 76
41 42
41 43
41 44
41 45
41 46
41 47
41 51
41 52
41 53
41 55
41 56
41 57
41 59
41 60
41 63
41 64
41 65
41 67
41 68
41 69
41 71
41 73
41 41
42 43
42 44
42 45
42 46
42 47
42 48
42 49
42 50
42 51
42 52
42 53
42 54
42 55
42 59
42 60
42 61
42 62
42 68
42 69
42 72
42 73
42 76
42 77
42 78
43 44
43 45
43 46
43 47
43 48
43 51
43 55
43 57
43 58
43 59
43 60
43 61
43 64
43 65
43 66
43 67
43 68
43 69
43 70
43 72
43 75
43 76
44 45
44 46
44 47
44 48
44 49
44 50
44 52
44 54
44 57
44 58
44 60
44 65
44 66
44 67
44 68
44 69
44 71
44 76
44 77
44 62
45 46
45 47
45 49
45 50
45 51
45 52
45 53
45 54
45 55
45 56
45 57
45 58
45 59
45 62
45 64
45 65
45 69
45 70
45 76
45 77
45 78
46 48
46 49
46 50
46 51
46 52
46 53
46 54
46 55
46 56
46 60
46 61
46 62
46 63
46 70
46 71
46 75
46 64
46 58
47 48
47 49
47 51
47 54
47 55
47 57
47 58
47 59
47 61
47 65
47 66
47 67
47 68
47 69
47 70
47 73
47 74
47 75
47 53
48 49
48 51
48 52
48 53
48 54
48 56
48 57
48 58
48 59
48 60
48 61
48 62
48 63
48 64
48 65
48 66
48 67
48 72
48 74
48 75
48 76
48 78
48 79
49 50
49 52
49 53
49 54
49 55
49 56
49 57
49 62
49 63
49 65
49 66
49 68
49 71
49 72
49 73
49 76
49 77
49 79
50 51
50 53
50 56
50 59
50 61
50 63
50 64
50 66
50 67
50 72
50 77
50 79
51 52
51 54
51 55
51 56
51 58
51 60
51 62
51 63
51 64
51 66
51 68
51 69
51 74
51 76
52 55
52 57
52 58
52 59
52 60
52 61
52 62
52 63
52 65
52 66
52 69
52 75
52 76
53 55
53 56
53 58
53 62
53 63
53 68
53 69
53 70
53 71
53 75
53 78
53 79
54 55
54 56
54 57
54 58
54 65
54 66
54 67
54 70
54 71
54 73
54 74
54 77
54 78
54 79
55 57
55 59
55 65
55 68
55 71
55 74
55 75
55 77
56 58
56 60
56 63
56 64
56 68
56 72
56 73
56 75
57 58
57 60
57 64
57 71
57 73
57 74
57 75
58 59
58 60
58 61
58 62
58 63
58 64
58 67
58 69
58 79
59 60
59 61
59 63
59 66
59 67
59 70
59 72
59 73
59 74
59 75
59 77
59 79
60 61
60 62
60 66
60 68
60 75
60 77
60 79
61 62
61 63
61 65
61 66
61 67
61 70
61 72
61 74
61 77
61 79
62 64
62 65
62 66
62 67
62 68
62 69
62 70
62 72
62 74
62 75
63 65
63 68
63 71
63 76
63 77
63 79
64 66
64 67
64 74
65 70
65 71
65 73
65 75
65 77
65 78
66 67
66 69
66 73
66 76
66 78
66 79
67 74
68 70
68 71
68 72
68 73
68 74
68 76
68 77
68 78
69 70
69 71
69 74
69 76
69 78
70 75
70 76
70 77
70 79
71 72
71 74
71 77
72 77
72 78
73 74
74 77
74 78
75 79
76 79
78 79