683279107
17
80
1076
0 17
0 18
0 19
0 20
0 21
0 22
0 23
0 30
0 33
0 36
0 38
0 40
0 41
0 45
0 48
0 65
0 27
1 17
1 18
1 19
1 21
1 26
1 27
1 28
1 30
1 34
1 37
1 42
1 51
1 53
1 54
1 62
1 66
1 75
1 77
2 17
2 18
2 19
2 20
2 21
2 22
2 23
2 24
2 25
2 27
2 29
2 31
2 35
2 37
2 38
2 50
2 54
2 55
2 58
2 59
2 62
2 74
3 17
3 18
3 19
3 20
3 21
3 22
3 23
3 24
3 25
3 27
3 28
3 30
3 31
3 32
3 34
3 41
3 43
3 51
3 53
3 55
3 56
3 60
3 61
3 62
3 64
3 66
3 68
3 70
3 72
3 75
3 78
3 79
4 17
4 18
4 19
4 20
4 21
4 22
4 23
4 24
4 25
4 31
4 34
4 39
4 56
4 58
5 17
5 18
5 19
5 21
5 22
5 25
5 30
5 33
5 35
5 36
5 37
5 40
5 43
5 44
5 46
5 47
5 50
5 52
5 54
5 67
5 70
6 17
6 18
6 19
6 20
6 21
6 23
6 24
6 26
6 27
6 32
6 33
6 38
6 39
6 41
6 43
6 46
6 49
6 55
6 59
6 62
6 63
6 66
6 70
6 76
6 51
7 17
7 18
7 19
7 20
7 24
7 26
7 27
7 30
7 32
7 33
7 35
7 49
7 57
7 61
7 64
7 68
8 17
8 18
8 19
8 20
8 22
8 23
8 24
8 25
8 26
8 27
8 28
8 29
8 30
8 31
8 33
8 35
8 36
8 39
8 40
8 41
8 45
8 48
8 49
8 51
8 53
8 58
8 61
8 72
8 74
8 76
9 17
9 18
9 19
9 20
9 21
9 22
9 23
9 24
9 25
9 26
9 29
9 30
9 32
9 34
9 35
9 36
9 37
9 43
9 47
9 48
9 50
9 51
9 53
9 57
9 58
9 59
9 63
9 64
9 65
9 67
9 72
9 75
9 77
9 78
9 79
10 17
10 18
10 24
10 26
10 28
10 29
10 32
10 34
10 35
10 49
10 53
10 55
10 57
10 58
10 59
10 67
10 69
10 70
10 71
11 17
11 18
11 19
11 20
11 21
11 22
11 23
11 24
11 25
11 29
11 31
11 33
11 36
11 37
11 38
11 39
11 40
11 59
11 63
11 77
11 79
12 17
12 18
12 19
12 20
12 21
12 22
12 23
12 25
12 26
12 30
12 33
12 39
12 42
12 44
12 46
12 50
12 55
12 56
12 60
12 69
12 72
12 76
13 17
13 20
13 25
13 27
13 28
13 29
13 43
13 49
13 50
13 55
13 58
13 66
13 72
14 17
14 18
14 19
14 20
14 21
14 22
14 23
14 24
14 25
14 26
14 27
14 28
14 31
14 32
14 34
14 36
14 40
14 41
14 43
14 44
14 45
14 46
14 50
14 51
14 52
14 56
14 65
14 69
14 73
14 75
14 76
14 77
14 79
15 17
15 18
15 19
15 20
15 21
15 22
15 23
15 24
15 25
15 30
15 31
15 34
15 36
15 37
15 42
15 54
15 56
15 64
15 65
15 66
16 17
16 18
16 19
16 20
16 21
16 22
16 25
16 26
16 27
16 32
16 38
16 45
16 46
16 47
16 48
16 50
16 51
16 53
16 54
16 55
16 57
16 60
16 62
16 65
16 69
16 71
16 74
17 18
17 19
17 20
17 21
17 22
17 23
17 24
17 25
17 26
17 28
17 29
17 30
17 34
17 35
17 36
17 39
17 40
17 41
17 42
17 45
17 46
17 47
17 51
17 52
17 53
17 54
17 58
17 63
17 64
17 66
17 67
17 68
17 76
17 77
17 78
18 19
18 20
18 21
18 22
18 23
18 24
18 26
18 27
18 28
18 29
18 30
18 31
18 33
18 34
18 35
18 36
18 37
18 38
18 39
18 41
18 42
18 43
18 44
18 48
18 49
18 50
18 53
18 55
18 57
18 58
18 59
18 62
18 63
18 68
18 70
18 71
18 72
18 73
18 76
18 78
19 20
19 21
19 22
19 23
19 24
19 26
19 27
19 28
19 31
19 32
19 33
19 34
19 35
19 38
19 39
19 41
19 42
19 43
19 47
19 48
19 52
19 54
19 55
19 57
19 66
19 69
19 70
19 74
19 75
19 76
19 77
19 79
20 21
20 22
20 23
20 24
20 25
20 26
20 27
20 28
20 29
20 30
20 31
20 32
20 33
20 34
20 35
20 36
20 37
20 38
20 39
20 41
20 42
20 43
20 45
20 46
20 50
20 51
20 52
20 54
20 63
20 64
20 67
20 70
20 73
20 76
20 77
20 78
21 22
21 23
21 24
21 25
21 26
21 27
21 28
21 29
21 32
21 33
21 34
21 35
21 36
21 37
21 38
21 39
21 40
21 42
21 44
21 45
21 46
21 51
21 52
21 53
21 54
21 57
21 60
21 61
21 64
21 65
21 67
21 69
21 71
21 75
22 23
22 25
22 26
22 27
22 28
22 29
22 30
22 31
22 32
22 33
22 35
22 36
22 37
22 38
22 39
22 41
22 45
22 50
22 57
22 58
22 59
22 60
22 61
22 62
22 63
22 64
22 66
22 68
22 69
22 70
22 71
22 77
23 24
23 26
23 27
23 28
23 29
23 30
23 31
23 32
23 34
23 41
23 43
23 45
23 46
23 48
23 53
23 62
23 63
23 66
23 72
23 74
23 77
23 68
24 25
24 27
24 28
24 29
24 30
24 31
24 32
24 33
24 34
24 35
24 37
24 38
24 39
24 40
24 41
24 42
24 43
24 46
24 47
24 48
24 49
24 50
24 52
24 53
24 58
24 60
24 61
24 63
24 64
24 72
24 77
25 26
25 28
25 29
25 31
25 34
25 35
25 36
25 37
25 39
25 43
25 44
25 45
25 46
25 47
25 56
25 57
25 63
25 64
25 67
25 68
25 71
25 73
26 27
26 28
26 29
26 30
26 32
26 33
26 36
26 37
26 38
26 39
26 40
26 43
26 44
26 48
26 49
26 50
26 51
26 54
26 60
26 62
26 68
26 71
26 72
26 73
26 74
26 78
26 79
27 28
27 29
27 32
27 36
27 38
27 39
27 40
27 42
27 43
27 44
27 45
27 46
27 47
27 48
27 49
27 51
27 52
27 54
27 55
27 57
27 58
27 62
27 64
27 66
27 69
27 71
27 72
27 74
27 75
28 29
28 30
28 31
28 32
28 33
28 39
28 40
28 41
28 42
28 43
28 44
28 46
28 49
28 50
28 51
28 53
28 61
28 65
28 69
28 70
28 71
28 73
28 78
29 31
29 32
29 35
29 37
29 44
29 45
29 56
29 61
29 65
29 66
29 67
29 74
29 75
29 79
30 31
30 33
30 34
30 35
30 37
30 40
30 44
30 48
30 51
30 52
30 55
30 56
30 60
30 62
30 66
30 69
30 76
31 37
31 41
31 47
31 49
31 50
31 52
31 54
31 70
31 72
31 73
31 78
32 33
32 34
32 35
32 36
32 38
32 40
32 42
32 44
32 50
32 65
32 67
32 73
32 76
33 41
33 42
33 43
33 46
33 47
33 51
33 53
33 55
33 56
33 58
33 60
33 61
33 62
33 72
33 76
34 38
34 39
34 40
34 42
34 43
34 44
34 46
34 49
34 51
34 52
34 53
34 59
34 62
34 73
34 74
34 77
34 78
35 36
35 38
35 40
35 42
35 44
35 45
35 46
35 47
35 49
35 50
35 58
35 60
35 62
35 64
35 67
35 68
35 70
35 75
36 37
36 42
36 47
36 57
36 59
36 60
36 73
36 78
36 79
37 38
37 40
37 44
37 47
37 48
37 52
37 54
37 57
37 59
37 65
37 67
37 70
37 71
37 72
37 74
37 75
38 41
38 44
38 45
38 47
38 53
38 56
38 57
38 62
38 76
39 40
39 41
39 48
39 57
39 71
39 76
40 57
40 61
40 77
40 78
41 42
41 46
41 48
41 53
41 55
41 56
41 60
41 64
41 68
41 71
41 75
41 76
41 78
41 79
42 44
42 45
42 47
42 48
42 50
42 52
42 56
42 58
42 79
43 45
43 47
43 49
43 51
43 54
43 59
43 68
43 71
43 72
43 73
43 79
44 45
44 48
44 54
44 55
44 56
44 57
44 58
44 59
44 60
44 64
44 66
44 69
44 78
45 47
45 49
45 51
45 52
45 55
45 56
45 61
45 65
45 66
45 69
45 73
45 74
45 77
45 78
46 49
46 52
46 55
46 56
46 57
46 65
46 67
46 70
46 71
46 75
46 79
47 48
47 49
47 60
47 61
47 62
47 67
47 70
47 74
48 58
48 68
48 75
49 52
49 59
49 61
49 65
50 59
50 61
50 62
50 63
50 66
50 67
50 69
50 71
50 75
51 52
51 53
51 61
51 65
51 69
51 72
52 54
52 55
52 56
52 58
52 60
52 63
52 64
52 73
53 54
53 59
53 61
53 63
53 66
53 75
53 77
53 79
54 60
54 63
54 64
55 56
55 59
55 60
55 61
55 63
55 68
55 73
55 76
56 65
57 59
57 65
57 71
57 72
57 75
57 78
58 64
58 67
58 74
59 65
59 66
59 69
60 68
60 71
60 73
60 79
61 63
61 69
61 75
61 78
61 79
62 63
62 67
62 68
62 70
62 72
63 71
63 73
64 67
64 68
65 68
65 71
66 74
66 77
66 79
67 68
67 70
67 76
67 77
68 69
68 74
68 76
69 70
69 77
70 74
71 73
71 78
72 79
73 74