711674513
3
80
237
0 3
0 4
0 5
0 11
0 14
0 16
0 28
0 33
0 71
0 75
0 76
0 31
1 3
1 4
1 5
1 6
1 9
1 16
1 21
1 25
1 33
1 41
1 45
1 60
2 3
2 17
2 18
2 50
3 4
3 5
3 6
3 7
3 8
3 11
3 12
3 20
3 21
3 22
3 26
3 34
3 37
3 47
3 49
3 50
3 56
3 66
3 70
3 72
4 7
4 8
4 9
4 10
4 12
4 22
4 24
4 29
4 30
4 31
4 38
4 62
4 63
5 6
5 7
5 10
5 13
5 47
5 55
5 60
5 68
5 74
5 79
6 9
6 23
6 28
6 34
6 43
7 8
7 25
7 38
7 42
7 69
8 15
8 63
9 10
9 19
9 35
9 64
9 66
10 11
10 13
10 15
10 19
10 24
10 25
10 26
10 27
10 43
10 48
10 53
10 56
10 58
10 59
10 64
10 71
10 72
10 75
11 12
11 13
11 14
11 15
11 17
11 18
11 29
11 31
11 32
12 17
12 43
12 60
13 14
13 19
13 20
13 23
13 44
13 45
13 57
13 59
13 79
14 31
14 33
14 47
14 55
14 77
14 26
15 16
15 24
15 26
15 27
15 38
15 51
15 63
15 67
15 78
16 18
16 27
16 30
16 48
16 52
16 58
16 78
16 39
17 32
17 36
17 40
17 62
18 21
18 22
18 30
18 35
18 36
18 48
18 61
18 65
18 69
19 20
19 39
19 46
19 51
19 52
19 53
19 69
19 74
19 30
20 23
20 46
20 58
20 67
21 35
21 44
21 52
21 57
21 68
21 72
23 32
23 76
24 37
24 41
24 59
24 62
24 65
24 67
25 28
25 70
25 76
26 34
26 53
26 56
26 61
26 68
28 29
29 54
31 66
32 68
33 40
33 41
33 46
33 49
34 37
34 42
34 45
34 54
35 36
35 39
35 44
35 65
35 73
35 74
36 42
36 49
36 57
37 39
37 55
37 78
39 40
39 50
40 79
42 51
44 64
44 77
45 61
45 70
48 54
51 73
55 60
57 71
64 77
66 75
69 73