102434163
3
80
289
0 3
0 4
0 5
0 6
0 7
0 11
0 13
0 16
0 17
0 36
0 38
0 41
0 44
0 74
0 25
0 27
0 53
1 3
1 4
1 41
1 68
1 72
1 19
1 76
2 3
2 4
2 6
2 8
2 12
2 18
2 20
2 26
2 27
2 40
2 44
2 48
2 50
2 63
2 15
2 29
2 33
3 5
3 9
3 11
3 14
3 16
3 22
3 25
3 27
3 33
3 37
3 39
3 51
3 56
3 57
3 62
3 72
3 73
3 31
3 45
4 5
4 6
4 7
4 10
4 12
4 19
4 23
4 25
4 29
4 30
4 33
4 37
4 45
4 47
4 53
4 60
4 67
4 76
4 4
4 35
5 7
5 8
5 10
5 16
5 17
5 18
5 19
5 22
5 24
5 31
5 34
5 36
5 45
5 46
5 55
5 59
5 61
5 62
5 66
5 74
5 6
5 75
6 8
6 9
6 15
6 25
6 26
6 31
6 35
6 39
6 40
6 41
6 45
6 48
6 51
6 52
6 64
6 67
6 10
6 20
6 58
7 9
7 14
7 19
7 30
7 44
7 58
7 67
8 10
8 18
8 20
8 27
8 28
8 32
8 58
8 69
8 72
9 11
9 17
9 21
9 53
9 77
9 64
10 13
10 15
10 28
10 53
10 66
10 70
10 71
11 12
11 13
11 15
11 23
11 24
11 31
11 38
11 42
11 47
11 48
11 50
11 55
11 60
11 61
11 70
11 75
11 27
11 22
11 26
11 68
12 14
12 22
12 23
12 30
12 35
12 37
12 43
12 54
12 55
12 59
12 65
12 73
12 50
12 44
13 21
13 28
13 32
13 34
14 21
14 46
15 63
15 64
15 36
15 59
16 20
16 32
16 70
16 59
17 52
18 34
18 40
18 69
18 76
18 56
19 69
19 74
21 29
21 76
21 27
22 49
22 56
23 24
23 61
23 63
24 26
24 29
24 33
24 42
24 65
24 48
25 36
25 64
26 55
26 60
26 61
26 77
27 38
27 54
27 65
27 39
27 49
28 43
28 50
28 51
28 71
29 35
29 39
29 47
30 68
30 35
30 46
31 68
31 48
31 50
32 36
33 46
33 49
33 65
35 56
35 58
35 71
36 57
36 72
37 45
38 52
38 57
38 54
40 43
40 49
40 56
41 42
41 59
41 50
43 54
43 60
45 78
47 63
48 62
48 72
49 77
49 78
51 63
54 78
54 69
56 75
57 69
58 74
59 66
59 79
61 73
61 70
62 75
62 78
62 79
66 78
67 73
72 77
72 79
73 79