229303187
5
80
394
0 5
0 6
0 17
0 22
0 36
0 40
0 41
1 5
1 6
1 7
1 8
1 9
1 12
1 14
1 24
1 26
1 29
1 31
1 33
1 64
1 72
1 77
2 5
2 6
2 7
2 12
2 18
2 25
2 27
2 35
2 44
2 79
3 5
3 6
3 7
3 8
3 11
3 13
3 14
3 16
3 18
3 21
3 39
3 40
3 52
3 55
3 69
3 71
3 74
3 68
4 5
4 10
4 42
4 44
4 46
4 53
5 6
5 7
5 8
5 9
5 10
5 11
5 12
5 13
5 14
5 15
5 16
5 25
5 27
5 28
5 29
5 30
5 31
5 34
5 35
5 37
5 39
5 40
5 45
5 46
5 47
5 48
5 49
5 56
5 59
5 61
5 62
5 66
5 74
5 75
5 76
5 77
5 26
6 7
6 8
6 9
6 10
6 11
6 12
6 14
6 15
6 19
6 23
6 27
6 29
6 42
6 43
6 55
6 56
6 62
6 68
6 28
7 8
7 9
7 11
7 13
7 14
7 15
7 17
7 21
7 23
7 24
7 25
7 28
7 29
7 30
7 32
7 33
7 39
7 43
7 45
7 56
7 63
7 65
7 67
8 9
8 10
8 13
8 18
8 20
8 21
8 24
8 27
8 28
8 29
8 32
8 34
8 38
8 41
8 46
8 47
8 52
8 65
8 67
8 79
9 10
9 11
9 12
9 13
9 15
9 18
9 19
9 23
9 27
9 35
9 51
9 54
9 55
9 59
9 60
10 19
10 28
10 30
10 31
10 38
10 45
10 46
10 56
10 71
10 11
11 15
11 19
11 25
11 32
11 37
11 51
11 57
11 58
11 60
11 67
11 69
11 75
11 64
11 28
11 62
12 16
12 17
12 33
12 42
12 66
12 72
12 76
13 17
13 18
13 20
13 37
13 38
13 40
13 54
13 64
13 74
13 77
14 16
14 17
14 19
14 26
14 33
14 36
14 48
14 51
14 58
14 78
15 16
15 20
15 21
15 33
15 47
15 50
15 53
15 61
15 67
16 35
16 38
16 62
16 63
16 70
17 22
17 24
17 26
17 28
17 30
17 34
17 39
17 45
17 49
17 52
17 73
17 78
17 55
18 20
18 22
18 24
18 26
18 52
18 71
18 73
18 75
18 65
18 54
19 20
19 22
19 23
19 60
19 57
20 21
20 22
20 23
20 34
20 43
20 44
20 58
20 63
20 72
20 75
20 45
21 30
21 32
21 40
21 59
21 65
21 56
22 39
22 43
22 68
22 40
23 25
23 32
23 34
23 37
23 43
23 46
23 49
23 62
23 63
23 69
24 31
24 36
24 50
24 65
25 26
25 31
25 36
25 41
25 48
25 50
25 66
25 74
26 35
26 37
26 45
26 51
26 57
26 59
26 76
27 48
27 52
27 57
27 73
27 78
27 71
28 48
28 57
29 36
30 51
30 53
30 73
32 53
32 56
32 61
33 66
33 69
35 41
35 44
35 57
36 38
36 70
37 54
37 60
37 67
38 53
39 41
39 44
39 70
40 42
40 47
40 49
40 50
40 55
41 42
41 61
41 79
41 44
42 47
42 76
43 53
43 64
43 65
44 50
45 54
45 60
45 70
45 72
45 78
46 70
47 68
47 73
48 49
48 58
48 61
48 66
48 74
48 70
49 64
49 71
50 54
50 68
51 55
51 63
52 62
52 77
52 78
53 59
53 76
54 58
54 64
57 77
58 75
60 64
61 68
63 69
63 79
65 72
70 71
73 79