311044797
6
80
499
0 6
0 7
0 11
0 17
0 20
0 23
0 27
0 39
0 40
0 42
0 46
0 47
0 52
0 55
0 74
0 73
0 63
1 6
1 7
1 8
1 9
1 12
1 20
1 23
1 25
1 30
1 31
1 42
1 45
1 50
1 51
1 53
1 65
1 67
1 71
1 75
1 46
2 6
2 7
2 8
2 9
2 11
2 13
2 14
2 15
2 16
2 19
2 27
2 28
2 40
2 43
2 53
2 54
2 57
2 59
2 60
2 62
3 6
3 7
3 8
3 9
3 10
3 12
3 13
3 15
3 18
3 21
3 28
3 35
3 38
3 43
3 44
3 49
3 59
3 60
3 63
3 72
3 79
3 55
4 6
4 11
4 29
5 6
5 7
5 8
5 10
5 14
5 11
6 7
6 8
6 9
6 10
6 11
6 12
6 14
6 15
6 16
6 17
6 18
6 21
6 22
6 23
6 24
6 26
6 27
6 29
6 30
6 31
6 32
6 34
6 36
6 37
6 39
6 40
6 41
6 42
6 44
6 46
6 47
6 54
6 55
6 58
6 62
6 63
6 65
6 71
6 53
7 8
7 9
7 10
7 11
7 12
7 15
7 16
7 17
7 18
7 20
7 22
7 25
7 28
7 29
7 30
7 31
7 32
7 33
7 37
7 39
7 40
7 42
7 51
7 69
7 70
7 72
7 78
7 79
7 7
7 27
7 71
8 9
8 10
8 11
8 12
8 13
8 15
8 17
8 20
8 22
8 23
8 24
8 25
8 29
8 33
8 39
8 44
8 48
8 52
8 58
8 61
8 62
8 73
8 74
8 76
8 36
8 51
8 64
9 10
9 12
9 13
9 14
9 16
9 17
9 18
9 20
9 21
9 28
9 29
9 32
9 43
9 47
9 49
9 52
9 53
9 64
9 67
9 70
9 72
9 48
10 11
10 13
10 19
10 34
10 41
10 49
10 66
10 75
10 76
10 79
10 22
11 13
11 14
11 19
11 26
11 34
11 44
11 50
11 51
11 61
11 67
11 70
11 53
12 14
12 16
12 17
12 18
12 21
12 24
12 26
12 27
12 28
12 30
12 35
12 36
12 41
12 45
12 55
12 66
12 68
12 72
12 73
12 75
12 77
12 79
13 15
13 16
13 29
13 40
13 45
13 46
13 50
13 51
13 71
13 75
13 76
13 79
13 21
14 18
14 19
14 24
14 34
14 38
14 41
14 42
14 44
14 49
14 66
14 67
14 25
15 35
15 36
15 49
15 52
15 54
15 55
15 57
15 69
15 71
15 73
15 16
15 24
15 30
15 41
16 19
16 22
16 26
16 27
16 54
16 57
16 65
16 70
17 19
17 20
17 23
17 26
17 29
17 31
17 33
17 37
17 47
17 56
17 58
17 42
18 21
18 24
18 32
18 34
18 35
18 61
18 75
18 33
18 31
19 23
19 25
19 34
19 46
19 56
19 59
19 36
19 72
20 21
20 22
20 36
20 38
20 44
20 46
20 47
20 69
20 73
20 40
20 77
21 22
21 25
21 31
21 32
21 33
21 35
21 36
21 38
21 43
21 45
21 59
21 65
21 73
22 24
22 25
22 30
22 36
22 37
22 50
22 52
22 57
22 59
22 61
23 30
23 32
23 40
23 41
23 48
23 53
23 56
23 62
23 68
23 71
23 78
23 34
23 39
24 26
24 27
24 31
24 33
24 39
24 43
24 53
24 55
24 56
24 57
25 41
25 46
25 48
25 53
25 63
25 66
25 74
25 25
26 28
26 49
26 54
26 57
26 60
26 61
26 65
26 45
27 51
27 68
27 78
28 37
29 52
30 50
30 58
31 42
32 33
33 39
33 50
34 35
34 37
34 38
34 45
34 47
34 51
34 58
34 60
34 62
34 72
34 76
34 78
35 38
36 58
36 63
36 64
36 68
36 69
36 77
37 38
37 64
37 78
38 43
38 48
38 50
38 62
38 65
38 76
38 42
39 48
39 56
39 66
40 70
40 76
40 77
41 45
41 59
42 64
43 48
44 60
44 70
44 71
44 58
45 48
45 67
45 73
46 78
46 76
48 54
48 68
49 71
51 55
51 77
52 75
54 56
54 68
54 78
56 63
57 67
57 70
57 74
57 72
57 75
58 60
58 61
59 73
59 69
60 63
60 64
61 66
61 69
61 77
61 74
61 70
62 69
62 63
63 64
64 74
65 72
66 75
67 68
67 74
68 74
71 77
72 79
73 79
74 79