715452407
7
80
552
0 7
0 8
0 9
0 19
0 26
0 31
0 32
0 44
0 46
0 49
0 58
1 7
1 9
1 10
1 12
1 14
1 16
1 18
1 20
1 26
1 27
1 31
1 42
1 43
1 52
1 59
1 63
1 65
2 7
2 8
2 11
2 12
2 13
2 14
2 15
2 16
2 17
2 18
2 19
2 20
2 21
2 22
2 26
2 35
2 36
2 48
2 49
2 50
2 51
2 59
2 60
2 66
2 38
2 3
3 7
3 8
3 9
3 10
3 11
3 13
3 14
3 15
3 20
3 21
3 28
3 34
3 38
3 45
3 47
3 56
3 59
3 61
3 70
3 76
3 77
4 7
4 8
4 9
4 10
4 11
4 12
4 13
4 15
4 17
4 22
4 23
4 24
4 32
4 38
4 44
4 56
4 65
4 73
4 52
4 16
4 49
5 7
5 8
5 9
5 10
5 11
5 12
5 24
5 39
5 43
5 46
5 49
5 53
5 58
5 61
5 76
5 16
6 7
6 8
6 10
6 11
6 15
6 17
6 20
6 21
6 30
6 35
6 40
6 44
6 57
6 60
6 63
6 67
6 72
7 8
7 9
7 10
7 14
7 17
7 19
7 20
7 22
7 23
7 24
7 25
7 26
7 29
7 30
7 33
7 35
7 39
7 41
7 42
7 46
7 48
7 50
7 57
7 60
7 62
7 63
7 70
7 71
7 76
7 49
7 18
8 9
8 11
8 12
8 13
8 14
8 15
8 16
8 17
8 21
8 22
8 27
8 28
8 30
8 32
8 34
8 38
8 49
8 51
8 60
8 62
8 64
8 66
8 67
8 79
8 37
9 10
9 11
9 12
9 13
9 14
9 15
9 16
9 17
9 18
9 20
9 23
9 27
9 32
9 33
9 38
9 40
9 42
9 46
9 50
9 64
9 75
9 76
9 62
10 13
10 15
10 18
10 31
10 33
10 52
10 73
10 75
10 79
11 12
11 16
11 17
11 18
11 23
11 24
11 25
11 26
11 28
11 29
11 31
11 36
11 39
11 47
11 50
11 51
11 52
11 54
11 60
11 66
12 13
12 16
12 18
12 19
12 21
12 26
12 27
12 28
12 29
12 32
12 33
12 35
12 36
12 37
12 39
12 41
12 44
12 46
12 47
12 53
12 54
12 57
12 61
12 65
12 69
12 70
12 73
12 17
12 71
13 14
13 22
13 29
13 37
13 38
13 41
13 55
13 56
13 58
13 70
13 74
13 75
13 78
13 13
14 18
14 19
14 23
14 34
14 36
14 47
14 51
14 52
14 58
14 61
15 16
15 19
15 24
15 25
15 26
15 27
15 28
15 29
15 30
15 32
15 33
15 34
15 41
15 43
15 44
15 48
15 49
15 57
15 72
15 74
15 75
15 77
15 55
15 42
16 21
16 27
16 40
16 44
16 48
16 53
16 55
16 63
16 78
17 19
17 22
17 23
17 25
17 27
17 29
17 30
17 34
17 37
17 38
17 45
17 46
17 47
17 53
17 62
17 68
17 75
17 78
17 79
17 67
18 20
18 24
18 25
18 30
18 35
18 37
18 43
18 51
18 66
18 68
18 76
18 77
19 21
19 22
19 31
19 42
19 45
19 48
19 49
19 66
19 69
19 72
19 73
19 74
20 23
20 34
20 35
20 36
20 42
20 44
20 45
20 47
20 50
20 66
20 33
21 24
21 29
21 30
21 31
21 39
21 40
21 48
21 50
21 56
21 59
21 61
21 74
21 57
22 25
22 28
22 32
22 33
22 34
22 56
22 57
22 75
22 23
23 25
23 28
23 37
23 39
23 40
23 42
23 45
23 64
23 71
23 66
24 43
24 56
24 60
25 31
25 35
25 42
25 47
25 54
25 59
25 76
25 45
26 51
26 64
27 33
27 41
27 57
27 71
27 59
28 50
28 61
28 67
28 78
29 69
29 72
29 77
29 51
30 36
30 39
30 43
30 49
30 61
30 69
30 71
31 36
31 38
31 51
31 68
31 55
32 37
32 40
32 41
32 54
32 59
32 62
33 53
33 77
34 37
34 54
34 61
34 72
34 73
34 74
35 45
35 53
35 57
35 60
35 77
35 43
36 45
36 69
37 55
37 56
37 70
38 64
38 65
39 40
39 41
39 63
39 67
39 77
39 47
40 54
40 69
40 73
41 43
41 64
41 41
42 69
42 73
42 79
43 55
43 62
43 65
43 68
43 71
43 78
43 59
44 46
44 58
44 62
44 73
44 79
45 48
45 54
45 55
45 63
46 66
46 74
47 55
47 58
47 63
49 52
49 55
49 62
50 52
50 53
50 59
50 67
51 52
51 72
52 64
53 67
53 68
53 77
53 79
53 75
54 58
55 62
55 64
55 69
55 79
57 65
57 74
58 72
59 67
59 78
60 70
60 71
60 76
60 66
61 75
63 65
63 78
64 68
64 71
65 68
66 70
66 75
66 78
68 79
71 79
72 79