936970951
8
80
604
0 8
0 9
0 12
0 13
0 14
0 15
0 16
0 18
0 21
0 23
0 29
0 32
0 35
0 37
0 39
0 41
0 43
0 44
0 46
0 49
0 52
0 55
0 57
0 76
0 78
0 7
1 8
1 9
1 10
1 11
1 13
1 18
1 22
1 24
1 25
1 26
1 29
1 31
1 38
1 40
1 46
1 51
1 56
1 63
1 69
1 70
1 73
1 77
1 61
2 8
2 10
2 11
3 8
3 9
3 10
3 11
3 12
3 14
3 17
3 20
3 25
3 29
3 41
3 43
3 50
3 51
3 53
3 55
3 57
3 69
3 74
4 8
4 9
4 10
4 12
4 13
4 14
4 15
4 16
4 18
4 19
4 20
4 22
4 24
4 27
4 29
4 33
4 39
4 45
4 47
4 48
4 54
4 64
4 66
4 73
4 46
5 8
5 9
5 11
5 12
5 14
5 16
5 18
5 32
5 37
5 48
5 72
5 78
6 8
6 9
6 10
6 11
6 13
6 15
6 22
6 24
6 25
6 29
6 31
6 32
6 44
6 45
6 53
6 59
6 60
6 71
6 72
6 77
7 8
7 9
7 10
7 13
7 19
7 20
7 22
7 30
7 31
7 32
7 33
7 36
7 39
7 44
7 51
7 52
7 54
7 65
7 66
7 67
7 70
7 72
7 15
7 74
8 9
8 10
8 11
8 12
8 13
8 17
8 18
8 19
8 23
8 25
8 27
8 33
8 38
8 39
8 40
8 43
8 44
8 47
8 48
8 55
8 57
8 58
8 62
8 66
8 68
8 70
8 71
8 72
8 76
8 15
9 10
9 11
9 12
9 14
9 16
9 20
9 22
9 23
9 24
9 25
9 26
9 37
9 38
9 40
9 41
9 42
9 44
9 48
9 54
9 56
9 59
9 61
9 63
9 71
9 74
9 77
9 17
10 11
10 12
10 13
10 14
10 15
10 16
10 19
10 20
10 21
10 23
10 27
10 29
10 32
10 35
10 36
10 38
10 46
10 50
10 53
10 56
10 58
10 62
10 63
10 64
10 69
10 73
10 77
10 78
11 12
11 13
11 14
11 15
11 17
11 18
11 23
11 25
11 32
11 35
11 36
11 40
11 41
11 48
11 49
11 50
11 51
11 56
11 58
11 61
11 64
11 65
11 70
11 75
11 21
12 14
12 15
12 17
12 21
12 26
12 28
12 30
12 31
12 34
12 47
12 53
12 54
12 61
12 68
12 69
13 15
13 16
13 17
13 19
13 20
13 21
13 23
13 25
13 27
13 28
13 30
13 34
13 39
13 42
13 44
13 50
13 55
13 62
13 70
13 75
13 31
14 15
14 16
14 17
14 18
14 19
14 21
14 22
14 24
14 26
14 28
14 31
14 34
14 36
14 37
14 39
14 45
14 63
14 64
14 70
14 73
14 76
14 77
14 32
15 16
15 17
15 18
15 21
15 24
15 26
15 27
15 28
15 33
15 36
15 45
15 46
15 47
15 48
15 49
15 53
15 54
15 55
15 56
15 59
15 62
15 63
15 66
15 67
15 70
15 75
16 17
16 22
16 35
16 36
16 65
16 44
17 19
17 27
17 28
17 29
17 32
17 34
17 37
17 42
17 47
17 49
17 57
17 62
17 74
18 19
18 20
18 22
18 24
18 33
18 34
18 36
18 38
18 43
18 46
18 56
18 57
18 67
18 51
19 20
19 21
19 23
19 30
19 33
19 35
19 37
19 38
19 39
19 45
19 46
19 47
19 49
19 54
19 57
19 58
19 60
19 67
19 24
20 21
20 23
20 25
20 26
20 27
20 28
20 35
20 40
20 43
20 47
20 61
20 64
20 65
20 73
20 49
21 27
21 28
21 40
21 43
21 62
21 76
21 33
22 24
22 28
22 30
22 38
22 41
22 42
22 48
22 50
22 52
22 53
22 59
22 60
22 67
23 42
23 44
24 26
24 29
24 30
24 38
24 49
24 68
25 26
25 35
25 36
25 39
25 59
25 61
25 62
25 65
25 67
25 68
25 69
25 72
25 75
26 30
26 31
26 32
26 37
26 41
26 46
26 52
26 66
26 68
26 75
27 30
27 47
27 52
27 74
28 31
28 33
28 34
28 41
28 43
28 45
28 57
28 60
28 75
28 78
29 33
29 40
29 50
29 62
29 63
30 31
30 37
30 56
30 59
31 34
31 43
31 55
31 76
32 40
32 42
32 51
33 34
33 41
33 49
33 51
33 53
33 60
33 78
33 79
34 35
34 42
34 45
34 49
34 55
34 64
34 75
35 51
35 52
35 54
35 68
35 37
35 41
35 64
36 42
36 46
36 50
36 52
36 54
36 60
36 63
36 73
36 74
36 79
37 55
37 58
37 64
37 66
37 71
37 72
37 78
38 50
38 65
39 68
39 69
39 71
39 73
39 75
40 44
40 67
42 71
43 45
43 68
43 72
44 58
44 67
45 61
45 66
45 74
45 75
45 58
45 55
46 51
46 52
46 59
46 69
46 79
47 48
47 57
47 60
48 58
48 59
48 64
48 73
48 74
48 76
48 54
48 63
49 58
49 60
49 76
50 61
51 53
51 63
51 71
53 69
54 56
54 65
54 69
54 78
55 79
55 76
56 65
56 70
58 72
59 67
59 71
60 61
60 77
62 76
62 79
63 66
63 74
67 77
69 79
71 79
72 73
72 78
73 77
74 78
74 79