577862505
9
80
656
0 9
0 10
0 11
0 52
0 63
1 9
1 10
1 11
1 12
1 13
1 14
1 15
1 16
1 18
1 21
1 31
1 35
1 40
1 45
1 47
1 53
1 64
2 9
2 10
2 13
2 17
2 20
2 23
2 26
2 27
2 30
2 32
2 33
2 37
2 38
2 40
2 43
2 50
2 52
2 56
2 58
2 69
2 74
2 63
3 9
3 10
3 11
3 12
3 13
3 14
3 15
3 16
3 17
3 18
3 19
3 20
3 22
3 23
3 29
3 37
3 41
3 45
3 78
4 9
4 11
4 12
4 13
4 17
4 24
4 43
4 55
4 20
5 9
5 10
5 11
5 12
5 14
5 15
5 17
5 19
5 20
5 21
5 24
5 25
5 29
5 30
5 32
5 53
5 56
5 60
5 79
6 9
6 10
6 14
6 19
6 23
6 25
6 36
6 57
6 59
6 71
7 9
7 10
7 11
7 12
7 15
7 16
7 17
7 18
7 19
7 20
7 28
7 32
7 34
7 43
7 56
7 76
8 9
8 10
8 11
8 12
8 13
8 21
8 23
8 27
8 31
8 44
8 46
8 49
8 51
8 62
8 64
8 78
9 10
9 11
9 12
9 13
9 14
9 15
9 16
9 18
9 22
9 23
9 27
9 30
9 31
9 33
9 34
9 36
9 38
9 39
9 42
9 43
9 49
9 52
9 53
9 55
9 57
9 62
9 68
9 71
9 73
10 11
10 12
10 13
10 14
10 15
10 16
10 18
10 19
10 20
10 21
10 22
10 23
10 24
10 25
10 26
10 27
10 31
10 33
10 35
10 37
10 38
10 39
10 40
10 44
10 48
10 66
10 71
10 77
10 10
10 50
11 12
11 13
11 14
11 16
11 17
11 20
11 24
11 27
11 28
11 29
11 30
11 33
11 39
11 43
11 45
11 47
11 52
11 63
11 64
11 69
11 71
11 78
11 31
12 13
12 14
12 15
12 16
12 17
12 18
12 19
12 20
12 21
12 22
12 24
12 25
12 27
12 28
12 29
12 30
12 32
12 34
12 36
12 37
12 39
12 42
12 43
12 46
12 49
12 51
12 53
12 55
12 56
12 57
12 58
12 59
12 61
12 63
12 67
12 68
12 71
12 73
12 75
12 77
12 78
13 14
13 15
13 16
13 18
13 21
13 23
13 24
13 25
13 26
13 28
13 29
13 32
13 34
13 35
13 40
13 44
13 45
13 47
13 49
13 50
13 53
13 54
13 65
13 66
13 70
13 72
13 75
13 79
13 73
14 15
14 16
14 17
14 18
14 21
14 22
14 23
14 24
14 25
14 26
14 28
14 30
14 32
14 34
14 35
14 36
14 38
14 40
14 41
14 45
14 46
14 54
14 68
14 70
14 76
14 77
15 17
15 19
15 22
15 24
15 25
15 30
15 34
15 39
15 40
15 41
15 42
15 43
15 46
15 50
15 52
15 61
15 65
15 75
16 18
16 19
16 21
16 22
16 26
16 29
16 31
16 34
16 41
16 46
16 50
16 51
16 54
16 55
16 58
16 59
16 61
16 70
16 79
16 60
17 19
17 20
17 25
17 42
17 46
17 49
17 50
17 51
17 56
17 63
17 64
17 68
17 70
17 71
17 75
18 20
18 32
18 37
18 38
18 39
18 51
18 71
19 22
19 23
19 25
19 28
19 33
19 34
19 35
19 38
19 41
19 56
19 58
19 60
19 66
19 67
19 68
19 72
19 77
19 26
20 21
20 24
20 26
20 30
20 31
20 36
20 38
20 45
20 49
20 52
20 65
20 79
20 32
21 22
21 27
21 31
21 32
21 35
21 37
21 47
21 49
21 55
21 66
21 67
21 68
21 69
22 26
22 28
22 33
22 34
22 36
22 39
22 43
22 44
22 55
22 56
22 64
22 73
23 26
23 27
23 28
23 29
23 32
23 37
23 44
23 48
23 55
23 56
23 60
23 66
24 26
24 27
24 37
24 41
24 43
24 44
24 48
24 58
24 59
24 60
24 64
24 72
24 73
24 75
24 77
24 54
25 33
25 36
25 38
25 39
25 40
25 45
25 50
25 60
25 61
25 62
25 63
25 66
25 76
26 29
26 47
26 51
26 58
26 64
26 67
26 69
27 28
27 29
27 42
27 46
27 56
27 69
27 39
28 30
28 40
28 45
28 47
28 48
28 52
28 54
28 59
28 60
28 75
29 31
29 36
29 39
29 40
29 49
29 59
29 60
29 62
29 65
29 67
29 79
29 30
30 31
30 33
30 41
30 50
30 53
30 54
30 61
30 62
30 65
30 67
31 33
31 35
31 36
31 42
31 46
31 48
31 57
31 58
31 65
31 70
31 72
31 74
32 35
32 38
32 42
32 47
32 54
32 55
32 61
32 62
32 67
32 69
32 71
33 35
33 64
33 65
33 68
34 37
34 44
34 48
34 49
34 63
34 70
35 51
35 52
35 68
36 41
36 44
36 47
36 60
36 63
36 68
36 73
36 77
36 79
37 41
37 48
37 70
37 74
38 50
38 55
38 69
39 52
39 61
39 72
40 42
40 46
40 54
40 70
41 42
41 48
41 53
41 57
41 66
41 72
41 74
41 75
41 77
41 78
41 79
42 48
42 53
42 65
42 66
42 69
42 75
43 44
43 45
43 58
44 47
44 51
44 57
44 73
44 77
44 78
45 51
45 74
45 79
45 59
46 57
47 57
47 61
47 69
48 62
48 67
49 50
49 53
49 57
49 62
49 73
49 74
50 54
50 59
50 62
50 66
51 60
51 73
51 77
52 59
52 61
52 70
53 54
53 67
53 74
53 68
55 58
55 65
56 59
56 63
56 64
56 78
57 72
57 73
57 76
58 75
60 63
61 72
61 76
61 78
62 79
62 75
63 76
67 69
68 72
68 76
69 76
70 71
70 74
71 74
71 76
76 79
77 78