973747574
11
80
761
0 11
0 12
0 13
0 14
0 15
0 18
0 19
0 20
0 21
0 22
0 26
0 31
0 35
0 36
0 37
0 40
0 41
0 42
0 44
0 47
0 53
0 54
0 76
0 78
0 79
0 29
1 11
1 13
1 14
1 16
1 17
1 18
1 19
1 25
1 26
1 27
1 32
1 34
1 46
1 50
1 52
1 61
1 62
1 73
1 76
1 78
1 79
2 11
2 12
2 13
2 15
2 17
2 20
2 21
2 22
2 25
2 27
2 30
2 31
2 32
2 33
2 35
2 37
2 38
2 44
2 45
2 52
2 53
2 54
2 55
2 58
2 62
2 68
2 69
2 71
2 72
3 11
3 12
3 13
3 14
3 15
3 16
3 20
3 22
3 29
3 35
3 38
3 43
3 58
3 60
3 74
4 11
4 12
4 13
4 14
4 15
4 17
4 18
4 23
4 26
4 28
4 36
4 43
4 46
4 49
4 51
4 53
4 54
4 57
4 59
4 67
4 73
5 11
5 12
5 13
5 14
5 15
5 16
5 17
5 18
5 23
5 26
5 28
5 34
5 39
5 41
5 43
5 45
5 46
5 54
5 58
5 72
5 73
5 74
5 76
6 11
6 12
6 13
6 14
6 15
6 16
6 17
6 18
6 19
6 20
6 21
6 22
6 24
6 25
6 29
6 30
6 32
6 38
6 39
6 45
6 46
6 57
6 61
6 62
7 11
7 12
7 15
7 19
7 20
7 23
7 24
7 28
7 33
7 38
7 63
7 66
7 69
8 11
8 12
8 13
8 14
8 16
8 19
8 23
8 24
8 26
8 27
8 28
8 31
8 33
8 34
8 40
8 42
8 44
9 11
9 12
9 13
9 14
9 17
9 22
9 29
9 33
9 37
9 43
9 49
9 54
9 56
9 63
9 66
9 71
10 11
10 12
10 16
10 57
11 12
11 13
11 14
11 15
11 16
11 17
11 18
11 19
11 20
11 21
11 22
11 25
11 27
11 29
11 33
11 34
11 35
11 38
11 42
11 48
11 55
11 56
11 61
11 65
11 69
11 77
12 13
12 14
12 15
12 16
12 17
12 18
12 19
12 20
12 21
12 23
12 24
12 36
12 39
12 46
12 50
12 51
12 52
12 53
12 54
12 59
12 61
12 65
12 66
12 67
12 69
12 70
12 71
12 72
12 74
12 75
12 77
13 14
13 15
13 16
13 17
13 18
13 21
13 22
13 24
13 26
13 27
13 29
13 32
13 34
13 36
13 38
13 40
13 42
13 43
13 46
13 49
13 52
13 57
13 60
13 63
13 64
13 66
13 69
13 70
14 15
14 16
14 17
14 18
14 21
14 22
14 23
14 24
14 25
14 26
14 27
14 28
14 30
14 31
14 32
14 33
14 34
14 36
14 38
14 39
14 41
14 42
14 44
14 47
14 50
14 54
14 55
14 57
14 59
14 63
14 64
14 68
14 70
14 73
15 16
15 17
15 18
15 19
15 20
15 24
15 27
15 28
15 29
15 30
15 35
15 44
15 46
15 48
15 50
15 55
15 58
16 19
16 20
16 21
16 23
16 25
16 29
16 30
16 31
16 33
16 35
16 43
16 44
16 47
16 48
16 50
16 52
16 55
16 70
16 77
16 26
17 18
17 19
17 21
17 22
17 24
17 25
17 28
17 32
17 38
17 41
17 42
17 49
17 53
17 60
17 66
17 68
17 71
17 73
18 19
18 20
18 21
18 22
18 24
18 31
18 35
18 36
18 42
18 43
18 50
18 54
18 55
18 57
18 58
18 61
18 68
18 70
18 72
18 75
18 77
19 20
19 23
19 25
19 27
19 28
19 30
19 31
19 32
19 37
19 40
19 41
19 42
19 44
19 48
19 51
19 56
19 60
19 66
19 69
19 73
19 75
19 78
19 79
20 21
20 22
20 23
20 24
20 30
20 32
20 33
20 34
20 44
20 45
20 48
20 51
20 59
20 62
20 72
20 76
20 77
20 79
21 23
21 24
21 25
21 26
21 28
21 32
21 36
21 37
21 39
21 45
21 51
21 52
21 57
21 60
21 67
21 72
22 23
22 26
22 28
22 29
22 31
22 37
22 40
22 43
22 51
22 53
22 59
22 64
22 76
23 25
23 26
23 27
23 30
23 40
23 51
23 60
23 62
23 69
24 25
24 27
24 29
24 30
24 35
24 36
24 37
24 39
24 53
24 54
24 65
24 79
25 26
25 29
25 30
25 31
25 33
25 34
25 37
25 40
25 42
25 43
25 47
25 59
25 64
25 66
25 68
25 69
25 76
26 27
26 28
26 33
26 35
26 37
26 38
26 40
26 48
26 49
26 50
26 52
26 56
26 62
26 67
26 74
26 75
27 32
27 34
27 37
27 39
27 45
27 46
27 67
27 73
28 29
28 32
28 36
28 41
28 45
28 55
28 61
28 78
29 30
29 31
29 34
29 36
29 39
29 45
29 46
29 47
29 55
29 64
29 70
29 75
29 76
30 31
30 33
30 35
30 44
30 56
30 61
30 66
30 67
30 70
30 74
30 79
31 36
31 40
31 41
31 48
31 77
32 34
32 43
32 58
32 61
32 68
32 70
32 73
33 35
33 47
33 53
33 57
33 62
33 68
33 77
33 79
34 39
34 44
34 49
34 53
34 55
34 59
34 65
34 66
34 67
34 72
34 74
34 75
34 77
34 79
35 37
35 39
35 41
35 45
35 50
35 52
35 53
35 57
35 58
35 60
35 65
36 38
36 40
36 46
36 49
36 58
36 59
36 62
36 65
36 67
36 72
36 76
37 38
37 41
37 42
37 44
37 49
37 51
37 53
37 55
37 58
37 66
37 67
37 71
37 75
38 39
38 41
38 47
38 51
38 52
38 60
38 61
38 63
38 78
38 79
39 40
39 41
39 52
39 54
39 62
39 64
39 68
39 78
40 46
40 49
40 50
40 51
40 56
40 59
40 72
40 75
41 42
41 43
41 57
41 64
41 69
41 79
42 45
42 47
42 48
42 50
42 51
42 56
42 64
42 70
42 76
42 78
43 45
43 56
43 71
43 73
43 78
44 47
44 56
44 65
45 47
45 48
45 50
45 61
45 63
46 47
46 48
46 49
46 59
47 48
47 52
47 61
47 62
48 49
48 62
48 68
48 69
48 71
48 72
49 56
49 65
49 68
49 69
49 70
50 58
50 68
50 78
51 55
51 71
52 54
52 64
52 74
53 56
53 60
53 63
53 65
53 74
54 74
54 77
56 57
56 63
56 73
57 58
57 59
57 60
57 74
57 78
58 60
58 63
58 76
59 65
60 63
60 64
61 63
61 64
61 66
61 75
61 77
61 78
62 71
62 76
63 67
64 65
64 73
65 67
66 71
66 75
67 72
67 75
68 70
69 71
69 77
71 74
72 79