636197361
10
80
709
0 10
0 11
0 12
0 13
0 15
0 16
0 17
0 18
0 20
0 23
0 29
0 35
0 37
0 44
0 48
0 49
0 50
0 55
0 57
0 60
0 75
0 77
1 10
1 11
1 12
1 13
1 14
1 15
1 17
1 19
1 25
1 28
1 29
1 32
1 34
1 36
1 38
1 62
1 64
1 74
1 79
2 10
2 11
2 12
2 16
2 22
2 24
2 29
2 35
2 41
2 59
2 61
2 67
2 77
2 79
2 57
3 10
3 11
3 12
3 13
3 14
3 16
3 19
3 21
3 22
3 37
3 40
3 48
3 50
3 52
3 53
3 55
3 60
3 61
3 62
3 68
3 73
3 74
3 75
4 10
4 11
4 12
4 13
4 14
4 15
4 16
4 17
4 18
4 20
4 21
4 24
4 28
4 36
4 39
4 40
4 41
4 42
4 47
4 49
4 55
4 65
4 71
4 77
5 10
5 11
5 12
5 14
5 15
5 21
5 25
5 28
5 31
5 32
5 36
5 40
5 41
5 45
5 57
5 59
5 74
6 10
6 14
6 28
7 10
7 11
7 12
7 13
7 14
7 15
7 16
7 17
7 20
7 23
7 24
7 33
7 39
7 51
7 56
7 57
7 68
7 78
8 10
8 11
8 12
8 13
8 14
8 15
8 16
8 17
8 20
8 26
8 30
8 31
8 33
8 38
8 39
8 44
8 45
8 46
8 52
8 53
8 69
8 76
8 36
9 10
9 11
9 13
9 16
9 18
9 21
9 22
9 24
9 31
9 50
9 56
9 63
9 67
10 11
10 12
10 13
10 14
10 17
10 18
10 19
10 20
10 21
10 22
10 25
10 27
10 29
10 30
10 34
10 38
10 39
10 40
10 46
10 47
10 52
10 54
10 55
10 56
10 58
10 61
10 62
10 68
10 71
11 12
11 13
11 14
11 15
11 16
11 17
11 18
11 19
11 20
11 21
11 23
11 25
11 26
11 27
11 28
11 30
11 31
11 33
11 34
11 36
11 37
11 38
11 39
11 42
11 43
11 48
11 51
11 52
11 54
11 55
11 57
11 58
11 60
11 61
11 62
11 68
11 69
11 74
11 77
11 78
12 13
12 14
12 15
12 16
12 18
12 19
12 22
12 23
12 24
12 26
12 27
12 29
12 32
12 34
12 35
12 36
12 40
12 41
12 42
12 43
12 44
12 46
12 47
12 49
12 52
12 53
12 54
12 59
12 60
12 65
12 68
12 71
12 72
12 73
12 78
13 15
13 17
13 18
13 19
13 21
13 25
13 26
13 27
13 30
13 32
13 34
13 35
13 38
13 41
13 43
13 44
13 45
13 51
13 56
13 60
13 61
13 65
13 67
13 72
13 76
14 15
14 16
14 18
14 19
14 20
14 21
14 22
14 23
14 24
14 26
14 29
14 32
14 36
14 39
14 43
14 61
14 62
14 64
14 66
14 70
14 74
15 17
15 19
15 20
15 22
15 23
15 24
15 25
15 26
15 27
15 30
15 35
15 38
15 42
15 43
15 44
15 47
15 51
15 53
15 63
15 65
15 67
15 69
15 73
15 75
15 21
15 57
16 17
16 18
16 20
16 21
16 24
16 30
16 34
16 37
16 38
16 41
16 42
16 45
16 48
16 54
16 58
16 59
16 64
16 66
16 71
16 72
16 76
17 18
17 19
17 23
17 24
17 25
17 27
17 30
17 31
17 33
17 34
17 35
17 36
17 42
17 46
17 49
17 57
17 58
17 61
17 62
17 64
17 66
17 68
17 69
17 71
18 19
18 21
18 22
18 23
18 27
18 28
18 29
18 31
18 32
18 33
18 35
18 37
18 38
18 39
18 41
18 45
18 46
18 59
18 66
18 68
18 69
18 70
19 20
19 22
19 23
19 25
19 26
19 27
19 29
19 30
19 32
19 37
19 38
19 42
19 44
19 46
19 47
19 49
19 50
19 52
19 54
19 57
19 64
19 65
19 67
19 72
19 78
20 23
20 24
20 26
20 27
20 28
20 34
20 43
20 50
20 62
20 70
20 73
21 22
21 25
21 26
21 28
21 31
21 32
21 34
21 36
21 46
21 47
21 51
21 79
22 25
22 28
22 31
22 33
22 37
22 42
22 43
22 45
22 46
22 48
22 53
22 54
22 57
22 60
22 65
22 66
22 69
22 70
23 30
23 31
23 43
23 45
23 56
23 66
23 70
23 76
23 78
24 27
24 29
24 36
24 39
24 40
24 41
24 44
24 47
24 57
24 63
24 66
24 70
24 71
24 72
24 76
24 79
25 26
25 30
25 32
25 33
25 34
25 38
25 39
25 40
25 45
25 49
25 52
25 53
25 55
25 67
25 69
26 28
26 29
26 35
26 39
26 43
26 47
26 49
26 50
26 51
26 52
26 53
26 57
26 72
26 73
26 75
26 78
27 31
27 35
27 47
27 56
28 32
28 36
28 50
28 56
29 33
29 40
29 42
29 49
29 63
29 71
29 75
29 79
29 56
30 33
30 37
30 46
30 50
30 58
30 59
30 62
30 55
31 33
31 35
31 37
31 48
31 54
32 55
32 60
32 73
32 74
32 76
33 40
33 48
33 59
33 64
33 70
33 47
34 40
34 41
34 43
34 44
34 46
34 47
34 49
34 60
34 66
34 73
35 42
35 51
36 37
36 49
36 53
36 60
36 78
37 50
37 58
37 70
37 72
37 74
38 44
38 53
38 63
39 51
39 55
39 58
39 65
39 69
39 71
40 41
40 44
40 50
40 51
40 52
40 54
40 55
40 56
40 60
40 76
40 77
41 48
41 54
41 74
43 45
43 58
43 63
43 77
44 45
44 59
44 62
45 48
45 59
45 63
45 66
45 68
45 73
46 48
47 53
47 54
47 58
47 63
47 64
47 66
48 51
48 52
48 62
48 63
48 67
48 68
48 69
48 70
48 77
48 79
49 55
49 67
49 73
49 78
50 64
51 56
51 75
51 54
53 57
53 59
53 61
53 65
53 76
54 61
54 65
54 68
54 72
55 56
55 58
55 64
55 74
55 77
56 61
56 64
56 67
56 71
57 67
57 75
57 78
58 72
58 75
59 69
59 71
61 65
61 77
62 63
63 79
64 75
64 78
66 75
67 74
68 75
68 79
69 70
69 72
69 77
72 73
72 76
74 76
76 79
78 79