345734857
11
80
814
0 11
0 12
0 13
0 14
0 15
0 20
0 21
0 23
0 24
0 25
0 27
0 38
0 40
0 41
0 47
0 60
0 67
0 73
0 19
0 10
1 11
1 13
1 14
1 18
1 19
1 34
1 54
1 72
1 41
2 11
2 12
2 13
2 14
2 16
2 17
2 18
2 22
2 23
2 24
2 25
2 28
2 30
2 31
2 32
2 35
2 36
2 41
2 42
2 45
2 47
2 49
2 52
2 55
2 63
2 75
2 61
3 11
3 12
3 13
3 14
3 15
3 16
3 18
3 20
3 21
3 22
3 23
3 24
3 26
3 27
3 28
3 30
3 32
3 34
3 35
3 38
3 43
3 44
3 46
3 47
3 49
3 53
3 54
3 56
3 59
3 61
3 64
3 65
3 66
3 70
3 71
3 77
3 19
4 11
4 12
4 13
4 14
4 19
4 20
4 33
4 34
4 40
4 44
4 51
4 66
4 68
4 38
5 11
5 12
5 14
5 15
5 16
5 20
5 33
5 39
5 8
6 11
6 12
6 13
6 17
6 23
6 27
6 31
6 39
6 45
6 48
6 58
6 63
6 70
6 76
6 56
6 7
6 43
6 64
6 69
7 11
7 12
7 13
7 14
7 15
7 16
7 17
7 18
7 21
7 28
7 41
7 43
7 57
7 64
7 67
7 74
7 77
7 78
7 29
7 33
7 76
8 11
8 12
8 15
8 16
8 17
8 18
8 19
8 20
8 21
8 22
8 23
8 29
8 30
8 35
8 37
8 40
8 42
8 43
8 45
8 50
8 51
8 53
8 54
8 57
8 61
8 64
8 70
8 71
8 76
8 28
9 11
9 12
9 13
9 15
9 16
9 20
9 26
9 28
9 29
9 36
9 48
9 53
9 55
9 67
9 10
9 22
10 11
10 12
10 13
10 14
10 15
10 17
10 18
10 19
10 22
10 23
10 24
10 28
10 30
10 34
10 43
10 45
10 46
10 51
10 52
10 55
10 59
10 60
10 66
10 67
10 70
10 21
11 12
11 13
11 14
11 15
11 16
11 17
11 18
11 19
11 20
11 21
11 22
11 25
11 28
11 29
11 30
11 31
11 33
11 34
11 35
11 37
11 38
11 39
11 41
11 46
11 49
11 50
11 52
11 54
11 62
11 65
11 66
11 68
11 69
11 74
11 75
11 77
11 78
11 42
11 26
12 13
12 14
12 15
12 16
12 17
12 18
12 19
12 20
12 21
12 23
12 25
12 27
12 28
12 29
12 31
12 32
12 35
12 36
12 38
12 39
12 41
12 42
12 43
12 47
12 49
12 51
12 53
12 54
12 56
12 58
12 62
12 75
12 77
12 78
12 79
12 68
13 14
13 15
13 16
13 17
13 18
13 19
13 20
13 21
13 22
13 24
13 26
13 30
13 31
13 38
13 39
13 41
13 42
13 46
13 50
13 54
13 55
13 56
13 62
13 68
13 53
13 72
14 15
14 16
14 17
14 18
14 19
14 22
14 24
14 27
14 29
14 31
14 32
14 38
14 42
14 43
14 58
14 59
14 62
14 63
14 66
14 67
14 71
14 78
14 61
15 16
15 17
15 19
15 20
15 23
15 24
15 25
15 26
15 27
15 28
15 29
15 30
15 33
15 35
15 37
15 42
15 44
15 45
15 47
15 48
15 56
15 60
15 64
15 74
15 75
15 76
15 78
16 17
16 29
16 30
16 32
16 33
16 34
16 36
16 43
16 44
16 45
16 48
16 49
16 53
16 57
16 58
16 60
16 64
16 67
16 69
16 70
16 72
16 75
16 77
16 19
16 35
17 18
17 19
17 20
17 21
17 23
17 25
17 26
17 27
17 31
17 36
17 37
17 38
17 39
17 40
17 43
17 44
17 48
17 50
17 54
17 56
17 57
17 58
17 59
17 60
17 61
17 62
17 71
17 79
17 49
18 19
18 21
18 22
18 24
18 25
18 27
18 34
18 46
18 49
18 64
18 65
18 68
18 70
18 53
19 21
19 22
19 26
19 29
19 33
19 35
19 36
19 37
19 42
19 46
19 62
19 63
19 74
19 77
19 45
20 21
20 22
20 23
20 25
20 26
20 28
20 29
20 30
20 32
20 33
20 34
20 43
20 44
20 48
20 52
20 55
20 58
20 61
20 65
20 66
20 67
20 54
21 22
21 23
21 24
21 25
21 26
21 28
21 29
21 31
21 32
21 33
21 35
21 37
21 40
21 41
21 42
21 46
21 52
21 62
21 64
21 65
21 66
21 68
21 70
21 72
21 73
21 74
21 75
21 76
22 24
22 25
22 26
22 27
22 30
22 32
22 35
22 37
22 38
22 40
22 41
22 48
22 49
22 56
22 57
22 60
22 61
22 71
22 72
22 74
22 77
22 79
23 24
23 25
23 26
23 27
23 35
23 43
23 48
23 49
23 55
23 58
23 60
23 65
23 71
23 74
23 79
23 44
23 66
24 32
24 33
24 39
24 40
24 45
24 51
24 65
24 68
24 52
25 26
25 27
25 28
25 29
25 30
25 31
25 32
25 34
25 36
25 37
25 41
25 44
25 46
25 48
25 50
25 58
25 64
25 70
25 79
25 42
26 36
26 37
26 39
26 40
26 45
26 48
26 51
26 53
26 54
26 58
27 31
27 36
27 40
27 43
27 44
27 47
27 51
27 64
27 70
27 71
28 31
28 35
28 36
28 39
28 41
28 44
28 46
28 53
28 56
28 58
28 63
29 33
29 38
29 41
29 45
29 67
29 69
29 70
29 73
29 77
30 32
30 40
30 47
30 53
30 57
30 61
30 68
30 41
31 34
31 37
31 47
31 54
31 56
31 57
31 64
31 71
31 73
31 74
31 76
31 78
31 39
32 33
32 38
32 40
32 47
32 50
32 54
32 55
32 62
32 63
32 65
32 69
32 77
32 72
32 42
32 46
33 34
33 39
33 46
33 54
33 55
33 59
33 61
33 69
34 78
34 45
35 36
35 38
35 45
35 55
36 37
36 44
36 50
36 52
36 56
36 60
36 63
36 64
36 68
36 72
36 77
36 70
37 39
37 53
37 63
37 72
37 76
38 42
38 53
38 76
38 79
38 70
39 42
39 49
39 50
39 51
39 67
39 69
39 73
39 79
40 47
40 48
40 50
40 51
40 59
40 62
40 79
41 42
41 44
41 46
41 49
41 50
41 55
41 60
41 70
41 71
41 72
41 76
42 49
42 52
42 57
42 59
42 60
42 73
42 74
42 76
42 56
43 45
43 65
43 73
43 74
43 76
44 51
44 52
44 58
44 75
44 65
45 52
45 67
45 63
46 47
46 50
46 52
46 61
46 66
46 69
46 75
47 59
47 63
47 69
47 75
49 51
49 52
49 53
49 60
49 61
49 62
49 65
49 66
49 68
50 56
50 65
50 78
51 71
51 70
52 59
52 66
52 76
52 79
53 57
54 55
54 59
54 78
55 56
55 57
55 67
55 68
55 79
55 70
56 57
56 61
56 69
56 72
56 75
57 59
57 61
57 62
57 66
57 75
58 69
58 78
59 68
61 63
61 67
61 77
61 68
62 63
62 73
63 71
63 72
63 79
64 73
65 69
65 70
66 73
66 74
67 68
67 72
67 77
68 72
68 78
69 73
71 74
78 79