251607979
12
80
866
0 12
0 14
0 16
0 17
0 18
0 19
0 20
0 22
0 34
0 35
0 44
0 55
0 63
0 64
0 69
0 72
0 75
0 6
0 40
1 12
1 13
1 14
1 15
1 18
1 19
1 20
1 21
1 27
1 31
1 35
1 36
1 47
1 48
1 50
1 53
1 57
1 61
1 70
2 12
2 13
2 14
2 15
2 16
2 18
2 20
2 23
2 25
2 26
2 29
2 32
2 35
2 37
2 39
2 40
2 41
2 52
2 57
2 58
2 60
2 69
2 74
2 79
2 34
3 12
3 13
3 15
3 17
3 20
3 21
3 22
3 23
3 26
3 40
3 49
3 53
3 54
3 55
3 68
3 71
3 73
3 78
3 72
3 27
3 37
3 46
4 12
4 13
4 15
4 17
4 21
4 23
4 25
4 26
4 39
4 43
4 50
4 51
4 62
4 35
5 12
5 13
5 14
5 16
5 17
5 18
5 19
5 23
5 24
5 25
5 27
5 28
5 32
5 33
5 34
5 38
5 49
5 52
5 63
5 74
6 12
6 13
6 14
6 15
6 16
6 17
6 19
6 21
6 23
6 24
6 26
6 30
6 31
6 34
6 39
6 42
6 44
6 55
6 56
6 61
6 64
6 67
6 73
6 43
7 12
7 13
7 14
7 15
7 16
7 22
7 23
7 28
7 31
7 32
7 36
7 38
7 44
7 45
7 49
7 55
7 56
7 57
7 70
8 12
8 13
8 14
8 15
8 17
8 21
8 30
8 41
8 44
8 52
8 57
8 65
8 78
8 70
9 12
9 13
9 14
9 15
9 16
9 18
9 22
9 26
9 28
9 39
9 42
9 50
9 59
9 71
9 56
10 12
10 13
10 14
10 16
10 17
10 18
10 20
10 21
10 23
10 24
10 31
10 33
10 37
10 40
10 41
10 43
10 46
10 47
10 53
10 56
10 64
10 77
10 79
11 12
11 13
11 14
11 15
11 16
11 18
11 19
11 20
11 21
11 22
11 24
11 25
11 28
11 29
11 32
11 33
11 35
11 45
11 47
11 48
11 50
11 52
11 58
11 60
11 66
11 69
11 72
12 13
12 14
12 15
12 16
12 17
12 18
12 19
12 20
12 21
12 22
12 24
12 25
12 27
12 28
12 30
12 31
12 33
12 36
12 37
12 40
12 41
12 42
12 43
12 44
12 45
12 48
12 49
12 50
12 51
12 57
12 70
12 72
12 74
12 77
13 14
13 15
13 16
13 17
13 18
13 19
13 20
13 22
13 25
13 26
13 28
13 29
13 30
13 32
13 33
13 41
13 43
13 45
13 46
13 49
13 53
13 59
13 65
13 68
13 71
13 74
13 75
13 79
13 67
14 15
14 16
14 17
14 18
14 19
14 20
14 22
14 23
14 24
14 25
14 26
14 27
14 28
14 29
14 32
14 33
14 36
14 38
14 39
14 41
14 43
14 51
14 52
14 54
14 61
14 62
14 68
14 69
14 72
14 77
14 79
15 16
15 17
15 18
15 19
15 20
15 21
15 22
15 24
15 26
15 27
15 28
15 30
15 31
15 33
15 34
15 36
15 37
15 39
15 41
15 44
15 45
15 47
15 56
15 59
15 60
15 64
15 68
15 69
15 71
15 74
15 75
15 77
15 15
16 17
16 18
16 19
16 21
16 22
16 24
16 26
16 27
16 28
16 31
16 32
16 36
16 38
16 40
16 46
16 51
16 63
16 64
16 72
16 73
16 77
16 37
17 19
17 23
17 24
17 26
17 28
17 29
17 30
17 35
17 36
17 37
17 38
17 39
17 40
17 43
17 45
17 46
17 53
17 58
17 59
17 65
17 67
17 72
17 60
18 19
18 20
18 22
18 23
18 24
18 25
18 27
18 28
18 30
18 31
18 32
18 33
18 40
18 41
18 43
18 44
18 46
18 48
18 49
18 50
18 52
18 54
18 55
18 56
18 57
18 58
18 60
18 61
18 62
18 63
18 64
18 66
18 73
18 74
18 77
18 72
19 20
19 21
19 23
19 27
19 29
19 31
19 32
19 34
19 35
19 37
19 42
19 45
19 46
19 53
19 54
19 56
19 57
19 59
19 61
19 63
19 64
19 69
19 70
19 78
20 21
20 29
20 35
20 38
20 39
20 40
20 45
20 47
20 48
20 56
20 58
20 59
20 69
20 71
20 75
21 22
21 23
21 24
21 25
21 27
21 30
21 33
21 35
21 36
21 39
21 41
21 46
21 48
21 49
21 51
21 53
21 54
21 59
21 61
21 63
21 68
21 70
21 71
21 72
21 73
21 74
21 78
21 79
21 76
22 25
22 27
22 28
22 29
22 32
22 33
22 36
22 38
22 41
22 42
22 43
22 60
22 61
22 63
22 64
22 67
22 68
22 69
22 74
23 24
23 25
23 26
23 29
23 30
23 31
23 34
23 44
23 45
23 51
23 53
23 56
23 61
23 65
23 74
23 79
23 59
23 38
24 25
24 26
24 29
24 30
24 34
24 42
24 47
24 54
24 59
24 61
24 73
24 75
24 32
25 27
25 30
25 31
25 33
25 37
25 38
25 41
25 47
25 50
25 54
25 64
25 65
25 73
25 77
25 79
25 35
26 27
26 29
26 36
26 44
26 52
26 69
26 34
27 34
27 35
27 37
27 40
27 43
27 47
27 50
27 52
27 60
27 62
27 66
27 78
28 29
28 35
28 37
28 40
28 42
28 48
28 58
28 60
28 67
28 72
28 75
28 76
28 31
28 59
28 74
28 77
29 30
29 31
29 32
29 34
29 36
29 37
29 42
29 45
29 48
29 52
29 61
29 65
29 73
29 76
29 40
29 53
30 32
30 34
30 35
30 41
30 42
30 47
30 49
30 51
30 61
30 63
30 75
30 65
31 33
31 39
31 43
31 48
31 50
31 59
31 60
31 62
31 63
31 66
31 67
31 68
31 73
31 74
31 75
31 76
31 77
31 61
31 78
32 34
32 38
32 42
32 45
32 51
32 54
32 56
32 59
32 67
32 71
33 34
33 35
33 37
33 38
33 42
33 44
33 45
33 46
33 47
33 48
33 51
33 65
33 68
33 70
33 71
33 72
33 78
33 39
34 36
34 49
34 51
34 56
34 58
34 63
34 65
35 38
35 39
35 40
35 44
35 49
35 53
35 55
35 57
35 58
35 60
35 63
35 66
35 69
35 70
35 75
35 76
35 35
36 37
36 46
36 52
36 53
36 62
37 38
37 39
37 40
37 42
37 43
37 44
37 46
37 51
37 55
37 59
37 66
37 67
37 77
37 78
37 58
38 46
38 48
38 50
38 53
38 55
38 56
38 60
38 64
38 76
38 79
38 39
39 54
39 57
39 68
39 76
40 50
40 51
40 52
40 64
40 65
40 66
41 47
41 49
41 50
41 52
41 67
41 76
41 78
41 79
41 63
41 68
42 43
42 54
42 66
42 79
42 63
43 47
43 55
43 56
43 57
43 62
43 68
44 46
44 58
44 59
44 71
44 77
45 55
45 58
45 66
46 54
46 57
46 70
46 51
47 48
47 55
47 58
47 70
47 52
48 49
48 57
48 60
48 61
48 62
48 63
48 65
48 73
48 67
49 53
49 55
49 72
49 75
50 72
51 65
51 73
51 76
52 75
52 72
53 54
53 58
53 62
53 74
53 63
53 75
54 62
54 70
54 71
54 78
55 65
55 67
55 76
56 60
56 62
56 66
56 77
56 57
56 71
57 78
57 79
57 59
59 64
59 66
59 67
59 68
59 69
59 70
59 71
59 75
59 76
59 78
60 62
61 66
61 68
61 71
61 79
62 69
63 76
64 64
65 67
66 67
66 70
68 77
69 72
69 78
70 73
71 76
72 74
73 77
73 79