87003631
13
80
919
0 13
0 14
0 17
0 18
0 19
0 20
0 22
0 25
0 39
0 44
0 51
0 54
0 58
0 63
0 72
0 77
0 78
0 43
0 46
1 13
1 14
1 15
1 16
1 17
1 18
1 19
1 20
1 23
1 35
1 41
1 42
1 45
1 48
1 62
1 74
1 75
1 76
2 13
2 14
2 17
2 21
2 26
2 31
2 45
2 46
2 53
2 58
2 64
2 69
2 71
2 77
2 4
2 57
3 13
3 14
3 15
3 16
3 17
3 24
3 29
3 36
3 45
3 56
3 59
3 65
3 77
3 7
4 13
4 14
4 15
4 16
4 18
4 31
4 46
4 48
4 55
4 71
4 76
5 13
5 14
5 15
5 16
5 17
5 18
5 21
5 23
5 24
5 25
5 26
5 29
5 30
5 33
5 40
5 46
5 47
5 56
5 58
5 66
5 67
5 71
5 74
5 75
5 77
5 19
5 34
6 13
6 14
6 15
6 16
6 17
6 18
6 19
6 20
6 21
6 22
6 24
6 25
6 26
6 27
6 28
6 31
6 32
6 33
6 34
6 35
6 40
6 43
6 45
6 48
6 50
6 53
6 55
6 56
6 57
6 59
6 61
6 63
6 64
6 67
6 69
6 71
6 74
6 76
6 79
6 42
7 13
7 14
7 15
7 16
7 19
7 20
7 22
7 23
7 24
7 25
7 28
7 31
7 32
7 34
7 35
7 43
7 44
7 46
7 53
7 55
7 60
7 61
7 71
7 73
7 78
8 13
8 14
8 15
8 16
8 17
8 18
8 19
8 20
8 21
8 27
8 29
8 30
8 34
8 41
8 44
8 49
8 53
8 56
8 65
8 68
8 70
8 73
8 79
9 13
9 14
9 15
9 16
9 17
9 18
9 19
9 20
9 21
9 23
9 24
9 26
9 27
9 28
9 30
9 34
9 35
9 41
9 43
9 47
9 49
9 50
9 51
9 52
9 59
9 60
9 62
9 72
9 76
9 77
9 79
9 78
9 32
10 13
10 14
10 15
10 16
10 25
10 26
10 30
10 34
10 37
10 41
10 46
10 47
10 49
10 52
10 57
10 63
10 67
10 59
11 13
11 14
11 15
11 18
11 19
11 20
11 22
11 24
11 29
11 30
11 33
11 37
11 63
11 64
11 70
11 27
12 13
12 15
12 16
12 17
12 19
12 20
12 21
12 22
12 23
12 24
12 26
12 28
12 32
12 34
12 44
12 48
12 49
12 56
12 60
12 63
12 68
12 71
12 76
13 14
13 15
13 16
13 17
13 18
13 19
13 20
13 21
13 22
13 25
13 26
13 27
13 29
13 32
13 33
13 36
13 37
13 39
13 41
13 42
13 43
13 44
13 47
13 48
13 49
13 51
13 53
13 54
13 57
13 58
13 59
13 62
13 67
13 71
13 73
13 61
14 15
14 16
14 17
14 18
14 19
14 21
14 22
14 23
14 24
14 25
14 26
14 27
14 29
14 30
14 31
14 32
14 33
14 37
14 38
14 43
14 44
14 47
14 48
14 49
14 52
14 58
14 59
14 64
14 66
14 67
14 68
14 72
14 73
14 74
15 16
15 17
15 18
15 19
15 21
15 22
15 23
15 24
15 27
15 28
15 29
15 30
15 31
15 32
15 33
15 34
15 35
15 37
15 38
15 40
15 42
15 43
15 44
15 47
15 51
15 56
15 58
15 63
15 70
15 77
15 79
16 17
16 18
16 20
16 23
16 25
16 26
16 29
16 30
16 31
16 33
16 38
16 39
16 40
16 42
16 43
16 48
16 49
16 50
16 53
16 55
16 60
16 61
16 62
16 67
16 73
16 74
16 75
16 76
16 35
16 54
17 18
17 19
17 20
17 21
17 22
17 23
17 25
17 26
17 27
17 28
17 29
17 31
17 32
17 33
17 34
17 36
17 38
17 40
17 42
17 43
17 49
17 50
17 52
17 53
17 54
17 58
17 61
17 66
17 67
17 69
17 72
17 73
17 78
17 37
18 19
18 20
18 21
18 22
18 23
18 24
18 27
18 28
18 31
18 32
18 35
18 37
18 38
18 39
18 40
18 42
18 44
18 45
18 50
18 57
18 58
18 61
18 63
18 65
18 66
18 69
18 71
18 78
19 20
19 21
19 22
19 23
19 24
19 25
19 26
19 27
19 28
19 29
19 31
19 32
19 33
19 34
19 35
19 37
19 39
19 40
19 41
19 42
19 43
19 45
19 46
19 52
19 53
19 56
19 62
19 64
19 65
19 69
19 73
19 74
19 78
19 38
19 55
20 21
20 22
20 23
20 24
20 27
20 28
20 31
20 34
20 36
20 37
20 38
20 40
20 45
20 52
20 55
20 60
20 62
20 65
20 68
20 72
20 79
20 44
21 22
21 23
21 25
21 26
21 28
21 29
21 32
21 35
21 37
21 38
21 39
21 41
21 42
21 46
21 51
21 52
21 55
21 56
21 65
21 75
21 77
21 79
22 24
22 25
22 26
22 27
22 28
22 30
22 32
22 36
22 38
22 39
22 40
22 41
22 47
22 54
22 57
22 73
22 76
22 79
22 48
22 61
23 25
23 29
23 30
23 32
23 33
23 37
23 38
23 39
23 41
23 43
23 50
23 56
23 57
23 60
23 63
23 79
23 75
24 28
24 30
24 32
24 34
24 35
24 42
24 47
24 48
24 49
24 56
24 66
24 67
24 71
24 75
24 77
24 33
24 62
24 68
24 73
25 27
25 30
25 35
25 37
25 39
25 44
25 49
25 58
25 68
25 70
25 72
25 75
25 78
25 32
26 27
26 28
26 31
26 33
26 35
26 36
26 38
26 45
26 47
26 49
26 55
26 56
26 58
26 64
26 73
26 74
26 76
26 77
26 43
27 29
27 31
27 36
27 38
27 39
27 40
27 41
27 43
27 44
27 47
27 50
27 52
27 54
27 57
27 59
27 66
27 67
27 68
27 69
27 73
27 76
27 77
27 79
27 32
28 33
28 36
28 40
28 59
28 68
28 70
28 75
28 69
29 30
29 36
29 38
29 40
29 43
29 50
29 54
29 55
29 56
29 60
29 68
29 72
29 35
29 31
30 42
30 46
30 50
30 52
30 55
30 60
30 69
30 79
30 59
31 33
31 34
31 35
31 41
31 44
31 46
31 47
31 50
31 51
31 54
31 57
31 61
31 71
31 75
32 35
32 36
32 39
32 45
32 48
32 54
32 57
32 58
32 59
32 62
32 65
32 74
32 41
32 51
33 34
33 36
33 37
33 40
33 44
33 51
33 53
33 54
33 64
33 67
33 68
33 72
33 77
33 78
33 79
34 36
34 41
34 45
34 51
34 52
34 69
34 73
34 75
34 76
34 77
35 36
35 37
35 39
35 45
35 46
35 48
35 49
35 50
35 54
35 60
35 61
35 64
35 67
35 69
35 70
35 73
36 38
36 41
36 44
36 45
36 46
36 64
37 39
37 42
37 49
37 62
37 64
37 66
37 77
37 60
38 42
38 48
38 52
38 53
38 57
38 58
38 63
38 66
38 70
39 46
39 48
39 55
39 59
39 61
39 72
39 78
40 42
40 45
40 54
40 60
40 62
40 64
40 67
40 74
41 43
41 51
41 59
41 60
41 64
41 71
41 78
41 45
42 47
42 52
42 53
42 61
42 64
42 66
42 71
43 46
43 48
43 57
43 61
43 65
43 66
43 67
43 68
43 69
43 75
43 79
44 51
44 55
44 57
44 61
44 65
44 76
44 47
44 78
45 50
45 53
45 54
45 55
45 57
45 62
45 65
45 70
46 47
46 50
46 60
46 61
46 63
46 65
46 70
46 78
47 51
47 52
47 56
47 59
47 60
47 61
47 66
47 68
47 70
48 51
48 65
48 69
49 51
49 59
49 70
50 55
50 66
51 53
51 59
52 62
52 76
53 54
53 62
53 68
53 67
54 72
54 78
55 58
55 62
55 74
55 77
56 63
56 76
58 63
58 70
58 72
58 68
59 63
59 70
59 71
59 78
60 70
60 72
60 75
60 78
61 74
62 68
62 69
63 64
63 65
63 66
63 69
63 79
64 72
64 73
66 75
68 74
68 76
68 70
69 75
73 74
73 76
75 79