282869349
14
80
971
0 14
0 15
0 16
0 17
0 19
0 20
0 22
0 23
0 24
0 25
0 26
0 30
0 32
0 35
0 36
0 38
0 40
0 41
0 42
0 50
0 61
0 63
0 52
1 14
1 15
1 16
1 18
1 22
1 29
1 35
1 38
1 39
1 55
1 56
1 73
1 76
1 43
2 14
2 15
2 16
2 17
2 18
2 19
2 21
2 23
2 24
2 26
2 27
2 34
2 35
2 39
2 45
2 47
2 49
2 51
2 59
2 63
2 73
2 76
2 78
2 10
3 14
3 15
3 19
3 20
3 21
3 29
3 30
3 35
3 43
3 59
3 60
3 62
3 66
3 74
3 77
4 14
4 15
4 16
4 17
4 18
4 20
4 21
4 22
4 23
4 28
4 30
4 31
4 33
4 38
4 39
4 43
4 44
4 56
4 57
4 70
4 72
4 73
4 76
4 79
4 53
5 14
5 15
5 16
5 17
5 18
5 19
5 26
5 28
5 30
5 38
5 50
5 53
5 67
5 71
5 74
5 10
6 14
6 15
6 16
6 17
6 19
6 33
6 36
6 51
6 52
6 57
6 70
6 76
6 40
7 14
7 15
7 16
7 17
7 18
7 19
7 20
7 23
7 25
7 27
7 28
7 30
7 31
7 37
7 41
7 44
7 45
7 48
7 49
7 51
7 55
7 62
7 64
7 66
7 69
7 70
7 33
7 21
8 14
8 15
8 16
8 17
8 18
8 19
8 20
8 21
8 22
8 23
8 24
8 25
8 26
8 27
8 28
8 30
8 32
8 33
8 34
8 38
8 39
8 45
8 46
8 49
8 52
8 56
8 58
8 59
8 62
8 64
8 68
8 75
8 79
8 47
9 14
9 15
9 16
9 17
9 18
9 19
9 20
9 21
9 22
9 24
9 25
9 30
9 31
9 34
9 37
9 39
9 45
9 46
9 47
9 55
9 57
9 66
9 67
9 69
9 78
9 23
10 14
10 15
10 16
10 17
10 23
10 24
10 25
10 27
10 29
10 30
10 37
10 40
10 43
10 55
10 64
10 22
11 14
11 18
11 19
11 21
11 25
11 28
11 29
11 33
11 41
11 43
11 59
11 61
11 40
11 38
12 14
12 15
12 16
12 17
12 18
12 20
12 21
12 22
12 23
12 24
12 25
12 35
12 45
12 46
12 47
12 61
12 62
12 75
12 38
12 40
13 14
13 15
13 16
13 17
13 18
13 20
13 21
13 22
13 30
13 32
13 33
13 39
13 48
13 50
13 53
13 57
13 68
13 78
13 79
13 63
13 35
14 15
14 16
14 17
14 18
14 19
14 20
14 21
14 22
14 23
14 24
14 25
14 26
14 27
14 28
14 30
14 31
14 32
14 33
14 34
14 35
14 36
14 37
14 40
14 42
14 43
14 44
14 47
14 48
14 49
14 51
14 53
14 54
14 56
14 58
14 64
14 67
14 70
14 71
14 75
14 77
14 57
15 16
15 17
15 18
15 19
15 20
15 21
15 22
15 23
15 24
15 26
15 29
15 31
15 32
15 33
15 36
15 37
15 38
15 41
15 42
15 45
15 46
15 47
15 49
15 51
15 53
15 57
15 60
15 61
15 63
15 64
15 66
15 67
15 68
15 77
16 17
16 18
16 19
16 20
16 21
16 22
16 23
16 24
16 25
16 27
16 28
16 29
16 31
16 32
16 33
16 37
16 41
16 43
16 46
16 48
16 52
16 53
16 54
16 55
16 56
16 57
16 58
16 59
16 60
16 62
16 63
16 68
16 70
16 72
16 73
16 74
16 75
16 76
16 77
16 79
16 65
16 47
17 18
17 19
17 20
17 21
17 22
17 23
17 25
17 26
17 27
17 28
17 29
17 30
17 31
17 33
17 34
17 36
17 37
17 40
17 41
17 44
17 47
17 50
17 52
17 55
17 61
17 62
17 64
17 65
17 66
17 69
17 72
17 79
17 54
17 24
18 19
18 20
18 21
18 22
18 26
18 27
18 28
18 29
18 31
18 33
18 34
18 35
18 43
18 44
18 45
18 47
18 48
18 49
18 50
18 51
18 52
18 53
18 56
18 62
18 65
18 67
18 68
18 69
18 70
18 78
18 71
19 20
19 23
19 24
19 26
19 27
19 28
19 30
19 31
19 32
19 33
19 34
19 35
19 36
19 37
19 38
19 42
19 44
19 45
19 48
19 52
19 53
19 54
19 56
19 57
19 58
19 59
19 60
19 61
19 63
19 65
19 75
19 78
19 19
20 21
20 22
20 23
20 24
20 25
20 26
20 28
20 29
20 32
20 34
20 36
20 37
20 40
20 42
20 43
20 46
20 51
20 52
20 54
20 58
20 64
20 66
20 72
20 79
21 22
21 23
21 24
21 25
21 27
21 28
21 29
21 31
21 32
21 33
21 36
21 37
21 38
21 40
21 41
21 43
21 45
21 46
21 47
21 50
21 53
21 54
21 75
21 76
21 73
22 24
22 25
22 26
22 27
22 29
22 31
22 32
22 34
22 35
22 38
22 39
22 40
22 46
22 48
22 53
22 56
22 57
22 64
22 73
22 77
22 60
23 24
23 25
23 26
23 27
23 28
23 29
23 31
23 34
23 35
23 36
23 39
23 41
23 42
23 48
23 49
23 51
23 52
23 56
23 60
23 61
23 63
23 65
23 66
23 68
23 70
23 71
23 73
23 74
23 75
23 78
24 26
24 27
24 28
24 30
24 31
24 35
24 36
24 38
24 39
24 40
24 41
24 47
24 49
24 50
24 52
24 53
24 59
24 72
25 26
25 29
25 33
25 36
25 37
25 38
25 44
25 47
25 49
25 57
25 61
25 62
25 65
25 66
25 73
25 76
25 77
25 31
26 27
26 30
26 34
26 35
26 42
26 43
26 46
26 51
26 55
26 68
26 71
26 72
26 74
26 67
27 29
27 34
27 36
27 39
27 40
27 41
27 44
27 45
27 46
27 47
27 48
27 55
27 58
27 60
27 63
27 64
27 66
27 69
27 75
28 32
28 34
28 39
28 42
28 45
28 47
28 49
28 51
28 54
28 63
28 64
28 66
28 67
28 69
28 70
28 72
28 76
29 31
29 32
29 42
29 47
29 52
29 54
29 56
29 60
29 62
29 63
29 77
30 32
30 35
30 37
30 38
30 39
30 40
30 41
30 43
30 44
30 45
30 48
30 54
30 62
30 63
30 67
30 69
30 71
30 72
30 78
30 65
31 32
31 33
31 34
31 36
31 37
31 38
31 41
31 44
31 45
31 48
31 58
31 59
31 64
31 66
31 67
31 70
31 73
31 75
31 78
31 79
32 35
32 39
32 40
32 42
32 43
32 48
32 50
32 52
32 53
32 61
32 75
32 78
33 40
33 43
33 44
33 48
33 51
33 54
33 55
33 60
33 68
33 69
33 72
33 79
34 40
34 41
34 50
34 53
34 56
34 57
34 58
34 68
34 72
34 74
34 79
35 36
35 38
35 41
35 51
35 56
35 60
35 63
35 65
35 67
35 68
35 75
35 77
35 79
35 37
36 37
36 42
36 50
36 54
36 58
36 65
36 70
36 74
36 75
36 76
36 78
36 59
37 40
37 44
37 46
37 47
37 48
37 49
37 51
37 55
37 56
37 57
37 58
37 61
37 62
37 70
37 73
38 39
38 42
38 46
38 58
38 59
38 61
38 64
38 69
38 71
38 76
39 42
39 44
39 50
39 54
39 58
39 64
39 65
39 71
39 72
39 73
39 63
39 49
40 42
40 44
40 46
40 52
40 54
40 59
40 60
40 63
40 65
40 67
40 68
40 71
40 73
40 77
41 43
41 46
41 49
41 50
41 69
41 70
41 75
41 62
42 49
42 54
42 59
42 62
42 65
42 69
42 75
42 76
43 55
43 65
43 70
43 48
44 45
44 50
44 53
44 55
44 57
44 59
44 66
44 71
44 77
44 58
45 52
45 53
45 56
45 66
45 75
46 52
46 64
46 68
46 77
47 49
47 50
47 57
47 59
47 65
47 73
48 51
48 61
48 62
48 63
48 76
49 58
49 60
49 68
49 71
50 55
50 60
50 76
50 79
51 54
51 66
51 69
51 71
51 77
52 63
52 74
52 78
53 58
53 60
54 55
54 57
54 59
54 60
54 71
54 74
55 67
55 74
56 67
56 69
56 74
57 70
57 72
57 74
57 69
58 61
58 78
59 62
60 61
60 65
60 69
60 68
61 74
61 79
62 72
62 73
62 77
62 70
63 65
64 78
64 69
65 67
65 77
65 79
65 72
66 67
66 68
66 71
66 73
66 74
66 79
66 78
68 79
68 74
68 77
69 72
69 76
70 71
73 78
76 77