755957261
27
85
1569
0 27
0 28
0 29
0 30
0 31
0 32
0 34
0 35
0 38
0 39
0 49
0 50
0 51
0 53
0 55
0 57
0 59
0 60
0 63
0 68
0 72
0 80
0 81
0 82
0 83
0 84
1 27
1 28
1 29
1 30
1 33
1 34
1 36
1 37
1 40
1 41
1 42
1 44
1 51
1 52
1 59
1 60
1 63
1 64
1 70
1 76
2 27
2 28
2 29
2 30
2 31
2 32
2 33
2 34
2 36
2 38
2 39
2 40
2 41
2 43
2 44
2 45
2 50
2 55
2 56
2 59
2 61
2 62
2 65
2 69
2 73
2 74
2 78
2 81
2 83
2 84
3 27
3 28
3 29
3 30
3 31
3 33
3 34
3 35
3 36
3 37
3 38
3 39
3 41
3 42
3 43
3 44
3 45
3 46
3 48
3 57
3 59
3 63
3 69
3 75
4 27
4 28
4 29
4 30
4 31
4 32
4 33
4 35
4 36
4 38
4 39
4 40
4 41
4 42
4 43
4 44
4 45
4 46
4 47
4 48
4 49
4 50
4 52
4 53
4 54
4 55
4 56
4 59
4 61
4 64
4 65
4 66
4 67
4 68
4 70
4 77
4 79
4 80
4 83
5 27
5 28
5 29
5 30
5 31
5 33
5 34
5 37
5 38
5 41
5 42
5 45
5 47
5 48
5 49
5 50
5 53
5 56
5 57
5 59
5 60
5 61
5 63
5 64
5 65
5 70
5 74
5 75
5 77
6 27
6 28
6 29
6 30
6 32
6 33
6 35
6 36
6 38
6 40
6 41
6 42
6 45
6 46
6 47
6 48
6 51
6 56
6 60
6 65
6 69
6 70
6 72
6 73
6 76
6 77
6 81
6 83
7 27
7 28
7 30
7 31
7 37
7 40
7 42
7 43
7 45
7 47
7 58
7 61
7 66
7 73
7 76
7 81
7 83
8 27
8 28
8 29
8 30
8 31
8 32
8 33
8 34
8 37
8 38
8 39
8 40
8 42
8 44
8 46
8 49
8 50
8 55
8 57
8 60
8 63
8 64
8 67
8 68
8 69
8 71
8 78
8 79
8 82
8 83
9 27
9 28
9 29
9 30
9 31
9 32
9 33
9 35
9 36
9 37
9 38
9 39
9 40
9 41
9 42
9 43
9 45
9 50
9 53
9 55
9 56
9 57
9 58
9 59
9 60
9 64
9 66
9 68
9 72
9 76
9 77
9 84
10 27
10 28
10 29
10 30
10 31
10 32
10 33
10 34
10 35
10 36
10 37
10 38
10 39
10 41
10 44
10 45
10 48
10 49
10 51
10 52
10 60
10 62
10 63
10 64
10 70
10 71
10 74
10 75
10 76
11 27
11 28
11 29
11 30
11 31
11 32
11 35
11 36
11 37
11 41
11 42
11 45
11 46
11 47
11 50
11 54
11 59
11 60
11 63
11 64
11 66
11 67
11 71
11 74
11 78
11 82
11 83
12 27
12 28
12 30
12 31
12 32
12 33
12 34
12 35
12 36
12 38
12 39
12 42
12 44
12 46
12 50
12 55
12 61
12 62
12 70
12 71
12 74
12 79
13 27
13 29
13 30
13 32
13 33
13 34
13 36
13 37
13 43
13 45
13 46
13 47
13 49
13 51
13 53
13 58
13 59
13 61
13 64
13 65
13 79
13 81
14 27
14 28
14 29
14 30
14 31
14 32
14 33
14 35
14 36
14 37
14 39
14 40
14 42
14 46
14 47
14 49
14 59
14 61
14 62
14 63
14 64
14 70
14 72
14 73
14 76
14 78
14 83
15 27
15 28
15 29
15 31
15 32
15 33
15 34
15 35
15 36
15 37
15 38
15 39
15 40
15 41
15 43
15 46
15 47
15 48
15 50
15 51
15 56
15 59
15 67
15 70
15 72
15 74
15 80
16 27
16 28
16 29
16 30
16 31
16 32
16 33
16 34
16 35
16 36
16 37
16 38
16 41
16 45
16 48
16 49
16 52
16 54
16 57
16 61
16 63
16 67
16 68
16 73
16 74
16 75
16 84
17 27
17 28
17 29
17 30
17 31
17 32
17 33
17 34
17 35
17 40
17 42
17 45
17 47
17 48
17 56
17 65
17 66
17 68
17 69
18 27
18 28
18 29
18 30
18 31
18 32
18 33
18 37
18 38
18 39
18 40
18 41
18 42
18 43
18 44
18 47
18 50
18 51
18 53
18 57
18 58
18 61
18 62
18 66
18 75
18 78
18 79
18 81
18 83
19 27
19 28
19 29
19 31
19 32
19 33
19 34
19 35
19 36
19 37
19 40
19 43
19 44
19 45
19 51
19 55
19 56
19 62
19 63
19 67
19 68
19 71
19 80
19 84
20 27
20 28
20 29
20 30
20 32
20 34
20 35
20 36
20 40
20 44
20 46
20 47
20 48
20 50
20 52
20 60
20 75
20 83
20 84
21 27
21 28
21 29
21 30
21 31
21 32
21 33
21 34
21 35
21 36
21 38
21 39
21 42
21 43
21 46
21 47
21 49
21 52
21 53
21 55
21 62
21 64
21 67
21 69
21 76
21 78
21 81
21 82
22 27
22 28
22 29
22 31
22 32
22 34
22 35
22 40
22 44
22 49
22 50
22 51
22 52
22 76
23 27
23 28
23 29
23 30
23 31
23 32
23 34
23 35
23 36
23 37
23 38
23 39
23 41
23 42
23 44
23 45
23 49
23 51
23 52
23 53
23 58
23 59
23 60
23 61
23 62
23 66
23 70
23 75
23 77
23 79
23 80
24 27
24 28
24 29
24 30
24 31
24 33
24 34
24 35
24 36
24 37
24 39
24 41
24 46
24 48
24 53
24 54
24 56
24 60
24 64
24 66
24 68
24 71
24 72
24 73
24 74
24 78
25 27
25 28
25 29
25 30
25 31
25 32
25 33
25 34
25 38
25 39
25 40
25 42
25 43
25 47
25 50
25 52
25 53
25 54
25 58
25 66
25 72
25 81
26 27
26 28
26 29
26 30
26 31
26 32
26 33
26 34
26 35
26 37
26 40
26 43
26 44
26 45
26 46
26 47
26 49
26 50
26 51
26 56
26 58
26 61
26 64
26 71
26 81
26 82
26 84
27 28
27 29
27 30
27 31
27 32
27 33
27 34
27 35
27 36
27 37
27 38
27 39
27 40
27 41
27 42
27 43
27 44
27 45
27 46
27 48
27 49
27 50
27 51
27 52
27 53
27 54
27 55
27 56
27 57
27 60
27 61
27 64
27 65
27 68
27 69
27 71
27 72
27 73
27 75
27 76
27 77
27 79
27 80
27 81
28 29
28 30
28 31
28 32
28 33
28 34
28 35
28 36
28 37
28 38
28 39
28 40
28 41
28 42
28 43
28 44
28 46
28 48
28 49
28 50
28 52
28 54
28 55
28 58
28 61
28 62
28 63
28 65
28 67
28 68
28 69
28 70
28 72
28 74
28 75
28 76
28 77
28 78
28 79
28 81
28 83
28 84
29 30
29 31
29 32
29 33
29 34
29 35
29 36
29 37
29 38
29 39
29 40
29 41
29 42
29 43
29 44
29 45
29 46
29 47
29 48
29 49
29 51
29 53
29 54
29 55
29 57
29 58
29 60
29 65
29 66
29 67
29 68
29 69
29 70
29 73
29 74
29 78
29 79
29 81
29 84
30 31
30 32
30 33
30 34
30 35
30 36
30 37
30 38
30 39
30 40
30 41
30 42
30 43
30 44
30 47
30 48
30 50
30 51
30 52
30 53
30 54
30 55
30 56
30 57
30 61
30 66
30 67
30 68
30 69
30 71
30 72
30 73
30 74
30 75
30 77
30 79
30 80
31 32
31 33
31 34
31 35
31 36
31 37
31 38
31 39
31 40
31 41
31 42
31 43
31 45
31 46
31 47
31 48
31 51
31 53
31 54
31 56
31 57
31 58
31 59
31 60
31 61
31 62
31 63
31 64
31 65
31 67
31 68
31 71
31 72
31 73
31 74
31 76
31 77
31 78
31 79
31 80
31 81
31 82
31 83
31 84
32 33
32 34
32 35
32 36
32 37
32 38
32 39
32 41
32 43
32 44
32 46
32 47
32 48
32 49
32 50
32 51
32 53
32 54
32 56
32 58
32 63
32 64
32 66
32 68
32 70
32 71
32 79
32 82
33 34
33 35
33 36
33 37
33 38
33 39
33 40
33 41
33 42
33 43
33 45
33 46
33 47
33 48
33 49
33 51
33 52
33 53
33 54
33 56
33 57
33 58
33 59
33 61
33 62
33 63
33 64
33 66
33 67
33 68
33 69
33 74
33 75
33 76
33 80
33 82
33 83
34 35
34 36
34 37
34 38
34 39
34 40
34 41
34 44
34 46
34 47
34 48
34 49
34 50
34 52
34 55
34 56
34 57
34 58
34 59
34 60
34 61
34 62
34 63
34 65
34 67
34 68
34 69
34 70
34 71
34 75
34 76
34 78
34 80
34 82
34 83
34 84
35 36
35 37
35 38
35 39
35 40
35 41
35 42
35 43
35 44
35 45
35 46
35 47
35 49
35 50
35 51
35 52
35 53
35 54
35 55
35 56
35 57
35 58
35 59
35 61
35 62
35 63
35 64
35 67
35 69
35 75
35 77
35 80
35 82
35 83
35 84
36 37
36 38
36 39
36 40
36 41
36 42
36 43
36 44
36 46
36 48
36 49
36 52
36 53
36 54
36 57
36 58
36 60
36 61
36 62
36 64
36 66
36 67
36 69
36 71
36 73
36 75
36 77
36 79
36 80
36 83
37 38
37 39
37 40
37 41
37 42
37 43
37 44
37 45
37 46
37 48
37 51
37 52
37 53
37 54
37 55
37 56
37 57
37 58
37 59
37 60
37 61
37 63
37 65
37 67
37 69
37 70
37 71
37 72
37 73
37 74
37 75
37 78
37 79
37 82
37 83
38 39
38 43
38 44
38 45
38 48
38 49
38 50
38 51
38 52
38 54
38 55
38 56
38 57
38 61
38 64
38 68
38 69
38 73
38 74
38 77
38 79
38 82
38 84
39 40
39 41
39 42
39 43
39 44
39 45
39 46
39 48
39 49
39 52
39 54
39 55
39 56
39 58
39 59
39 60
39 62
39 66
39 67
39 68
39 69
39 70
39 72
39 76
39 81
39 82
39 83
40 41
40 42
40 43
40 44
40 45
40 46
40 48
40 50
40 60
40 64
40 65
40 67
40 69
40 70
40 71
40 73
40 78
40 81
40 84
41 43
41 44
41 45
41 47
41 49
41 51
41 52
41 53
41 54
41 55
41 57
41 61
41 62
41 63
41 65
41 66
41 67
41 71
41 75
41 78
41 81
42 43
42 47
42 48
42 50
42 51
42 52
42 55
42 56
42 57
42 59
42 61
42 65
42 66
42 71
42 78
42 79
42 80
42 82
42 84
43 44
43 45
43 46
43 47
43 48
43 51
43 52
43 53
43 54
43 55
43 57
43 58
43 61
43 62
43 65
43 66
43 70
43 71
43 72
43 74
43 76
43 77
43 80
43 78
44 45
44 47
44 50
44 51
44 53
44 55
44 56
44 58
44 59
44 60
44 62
44 64
44 67
44 68
44 69
44 70
44 72
44 73
44 75
44 77
44 79
44 80
45 46
45 47
45 48
45 49
45 52
45 53
45 54
45 56
45 57
45 58
45 59
45 60
45 61
45 62
45 65
45 68
45 69
45 73
45 75
45 77
45 81
46 47
46 49
46 50
46 52
46 54
46 55
46 56
46 57
46 60
46 61
46 67
46 70
46 75
46 80
47 48
47 49
47 51
47 52
47 53
47 54
47 55
47 56
47 58
47 59
47 60
47 63
47 65
47 67
47 69
47 70
47 71
47 73
47 74
47 77
47 78
47 79
47 82
47 84
48 49
48 50
48 54
48 55
48 56
48 57
48 58
48 59
48 62
48 63
48 67
48 69
48 72
48 73
48 74
48 76
48 81
48 84
49 50
49 51
49 52
49 53
49 54
49 57
49 58
49 59
49 62
49 63
49 64
49 65
49 67
49 68
49 69
49 70
49 71
49 72
49 77
49 80
49 81
49 82
50 51
50 52
50 53
50 54
50 57
50 60
50 62
50 63
50 64
50 65
50 66
50 72
50 75
50 76
50 78
50 84
51 54
51 58
51 59
51 60
51 66
51 67
51 71
51 73
51 77
52 53
52 55
52 56
52 58
52 59
52 60
52 62
52 63
52 64
52 65
52 66
52 69
52 72
52 74
52 76
52 78
52 80
52 81
53 54
53 55
53 57
53 58
53 72
53 82
54 55
54 57
54 60
54 62
54 65
54 66
54 67
54 68
54 70
54 72
54 77
54 78
54 83
55 58
55 61
55 65
55 68
55 71
55 72
55 73
55 74
55 75
55 77
55 78
55 82
55 84
56 62
56 63
56 66
56 68
56 69
56 70
56 73
56 74
56 78
56 81
56 82
57 63
57 65
57 66
57 68
57 69
57 71
57 73
57 74
57 75
57 77
57 79
57 80
57 82
57 83
58 59
58 62
58 68
58 73
58 74
58 76
58 79
58 81
58 83
59 64
59 65
59 66
59 71
59 77
59 79
59 82
59 83
60 62
60 64
60 65
60 67
60 68
60 73
60 75
60 76
60 78
60 79
60 80
60 83
60 84
61 63
61 70
61 71
61 73
61 74
61 75
61 77
61 80
61 82
62 63
62 65
62 72
62 76
62 78
62 80
62 83
63 64
63 66
63 69
63 80
63 84
64 74
64 79
64 82
64 75
65 66
65 72
65 76
65 77
65 78
65 68
66 70
66 72
66 79
67 70
67 73
67 74
67 75
67 76
67 77
67 81
67 84
68 70
68 71
68 78
68 81
68 82
68 83
70 71
70 72
70 74
70 77
70 78
70 80
70 82
71 72
71 76
71 78
71 82
72 73
72 77
72 80
72 81
72 84
73 75
73 76
73 79
73 81
73 82
74 75
74 76
74 80
75 76
75 80
75 84
77 79
77 84
78 79
78 83
78 84
79 81
81 83
81 84