941209655
18
85
1213
0 18
0 19
0 20
0 21
0 23
0 24
0 25
0 26
0 28
0 29
0 33
0 54
0 59
0 72
0 76
0 83
1 18
1 19
1 20
1 21
1 23
1 26
1 27
1 28
1 30
1 31
1 32
1 40
1 41
1 43
1 45
1 46
1 50
1 58
1 59
1 61
1 63
1 64
1 69
1 74
1 75
1 79
1 81
2 18
2 19
2 20
2 21
2 22
2 25
2 27
2 29
2 30
2 31
2 33
2 42
2 47
2 50
2 51
2 54
2 58
2 60
2 62
2 75
2 76
2 78
2 84
3 18
3 19
3 20
3 21
3 23
3 24
3 25
3 26
3 27
3 29
3 30
3 33
3 37
3 38
3 41
3 47
3 54
3 58
3 59
3 62
3 66
3 68
3 72
3 76
3 80
4 18
4 19
4 20
4 21
4 22
4 23
4 24
4 25
4 26
4 27
4 28
4 30
4 33
4 35
4 38
4 39
4 40
4 41
4 42
4 44
4 46
4 48
4 49
4 50
4 52
4 53
4 54
4 56
4 57
4 61
4 64
4 66
4 67
4 70
4 74
4 75
4 78
4 82
4 45
5 18
5 19
5 20
5 21
5 22
5 24
5 25
5 26
5 27
5 29
5 30
5 31
5 36
5 37
5 40
5 42
5 48
5 49
5 55
5 63
5 70
6 18
6 19
6 20
6 21
6 22
6 23
6 27
6 28
6 30
6 31
6 32
6 34
6 35
6 37
6 38
6 39
6 40
6 41
6 43
6 44
6 45
6 47
6 52
6 53
6 58
6 59
6 63
6 65
6 73
6 75
6 77
6 80
6 84
7 18
7 19
7 20
7 21
7 22
7 23
7 26
7 27
7 32
7 33
7 34
7 39
7 49
7 51
7 78
7 81
8 18
8 19
8 20
8 21
8 22
8 23
8 24
8 25
8 27
8 28
8 29
8 31
8 32
8 34
8 35
8 38
8 40
8 42
8 50
8 51
8 52
8 58
8 61
8 74
9 18
9 19
9 20
9 21
9 22
9 23
9 24
9 25
9 28
9 29
9 31
9 32
9 36
9 39
9 43
9 44
9 51
9 57
9 58
9 64
9 65
9 68
9 70
9 73
9 75
9 76
9 77
9 80
9 83
9 84
10 18
10 21
10 22
10 24
10 26
10 27
10 29
10 32
10 34
10 35
10 36
10 41
10 46
10 51
10 52
10 54
10 56
10 60
10 74
10 76
10 80
11 18
11 19
11 20
11 21
11 22
11 23
11 24
11 31
11 32
11 35
11 37
11 38
11 41
11 47
11 48
11 50
11 55
11 59
11 71
11 72
11 84
12 18
12 19
12 22
12 23
12 24
12 26
12 31
12 34
12 36
12 37
12 38
12 41
12 44
12 45
12 46
12 48
12 53
12 55
12 56
12 57
12 58
12 62
12 63
12 84
13 18
13 19
13 20
13 22
13 23
13 24
13 25
13 28
13 29
13 30
13 34
13 35
13 36
13 37
13 38
13 40
13 42
13 44
13 50
13 60
13 63
13 67
13 71
14 18
14 19
14 20
14 22
14 23
14 24
14 25
14 26
14 29
14 30
14 33
14 35
14 50
14 53
14 60
14 70
14 81
15 18
15 19
15 20
15 21
15 23
15 27
15 28
15 38
15 43
15 59
15 62
15 67
16 18
16 19
16 20
16 21
16 22
16 24
16 25
16 28
16 32
16 35
16 38
16 42
16 43
16 45
16 52
16 56
16 62
16 68
16 77
16 84
17 18
17 19
17 20
17 21
17 22
17 25
17 26
17 27
17 28
17 29
17 31
17 32
17 33
17 34
17 36
17 37
17 39
17 55
17 58
17 60
17 70
18 19
18 20
18 21
18 22
18 23
18 24
18 25
18 26
18 27
18 28
18 29
18 30
18 31
18 32
18 33
18 34
18 36
18 37
18 38
18 39
18 40
18 43
18 44
18 45
18 46
18 48
18 49
18 51
18 52
18 57
18 58
18 63
18 64
18 65
18 68
18 73
18 74
18 75
18 80
18 83
19 20
19 21
19 22
19 23
19 24
19 25
19 26
19 27
19 28
19 29
19 30
19 31
19 32
19 33
19 34
19 35
19 36
19 37
19 38
19 39
19 41
19 42
19 43
19 45
19 46
19 48
19 49
19 50
19 51
19 53
19 58
19 63
19 65
19 66
19 67
19 69
19 71
19 72
19 78
20 21
20 22
20 23
20 24
20 25
20 26
20 27
20 29
20 30
20 31
20 32
20 33
20 38
20 40
20 42
20 43
20 44
20 46
20 47
20 49
20 51
20 52
20 55
20 57
20 59
20 63
20 69
20 77
20 81
21 22
21 23
21 24
21 25
21 26
21 27
21 28
21 29
21 30
21 31
21 34
21 35
21 36
21 39
21 43
21 45
21 47
21 48
21 49
21 51
21 53
21 56
21 59
21 60
21 61
21 62
21 63
21 65
21 67
21 73
21 74
21 75
21 78
21 81
21 82
22 23
22 24
22 25
22 26
22 28
22 29
22 31
22 33
22 34
22 35
22 37
22 39
22 41
22 43
22 44
22 45
22 47
22 49
22 50
22 51
22 53
22 55
22 57
22 58
22 62
22 73
22 75
22 76
22 78
22 79
22 82
23 24
23 25
23 26
23 27
23 28
23 29
23 30
23 31
23 32
23 33
23 34
23 35
23 36
23 38
23 39
23 41
23 42
23 44
23 46
23 48
23 49
23 50
23 53
23 54
23 55
23 57
23 63
23 64
23 65
23 68
23 70
23 71
23 73
23 74
23 76
23 80
23 83
23 84
23 82
24 25
24 26
24 27
24 30
24 35
24 37
24 39
24 40
24 41
24 42
24 43
24 44
24 45
24 46
24 47
24 52
24 53
24 57
24 64
24 69
24 70
24 78
24 79
24 80
24 81
24 84
25 26
25 28
25 30
25 31
25 32
25 33
25 34
25 35
25 36
25 38
25 40
25 42
25 43
25 46
25 47
25 49
25 54
25 56
25 57
25 58
25 59
25 60
25 61
25 64
25 66
25 68
25 71
25 73
25 75
25 77
25 80
25 81
25 83
25 51
26 27
26 28
26 29
26 30
26 31
26 32
26 34
26 35
26 36
26 37
26 39
26 40
26 41
26 42
26 48
26 49
26 51
26 52
26 53
26 59
26 64
26 68
26 69
26 71
26 72
26 74
26 75
26 80
26 82
26 83
27 28
27 30
27 33
27 35
27 37
27 39
27 40
27 42
27 44
27 47
27 48
27 53
27 54
27 55
27 57
27 61
27 63
27 64
27 65
27 66
27 73
27 79
27 81
27 84
28 29
28 30
28 31
28 32
28 33
28 34
28 39
28 40
28 41
28 54
28 60
28 62
28 65
28 66
28 69
28 70
28 76
28 78
28 83
29 32
29 33
29 34
29 35
29 36
29 37
29 43
29 44
29 48
29 54
29 56
29 59
29 60
29 61
29 63
29 65
29 66
29 67
29 69
29 71
29 72
29 73
29 74
29 64
30 32
30 35
30 36
30 37
30 38
30 39
30 41
30 44
30 45
30 46
30 47
30 50
30 51
30 52
30 54
30 55
30 60
30 61
30 62
30 64
30 66
30 67
30 69
30 70
30 71
30 72
30 73
30 74
30 75
30 76
30 77
30 79
30 80
31 33
31 34
31 36
31 38
31 39
31 42
31 45
31 48
31 49
31 50
31 51
31 52
31 53
31 58
31 59
31 61
31 63
31 65
31 66
31 69
31 72
31 73
31 75
31 77
31 79
31 81
31 82
31 70
32 33
32 36
32 40
32 42
32 43
32 44
32 48
32 49
32 52
32 55
32 59
32 62
32 66
32 67
32 69
32 71
32 72
32 77
32 78
32 79
32 80
32 81
32 83
32 84
33 34
33 36
33 37
33 42
33 45
33 49
33 50
33 52
33 56
33 61
33 63
33 67
33 68
33 72
33 76
33 81
33 83
34 36
34 37
34 41
34 45
34 46
34 47
34 49
34 51
34 54
34 61
34 65
34 69
34 70
34 72
34 81
34 84
35 37
35 39
35 40
35 41
35 43
35 45
35 46
35 47
35 49
35 57
35 58
35 60
35 62
35 68
35 71
35 72
35 73
35 76
35 78
35 79
35 80
35 81
35 83
36 38
36 39
36 40
36 43
36 47
36 55
36 56
36 57
36 59
36 65
36 66
36 69
36 79
36 82
36 51
37 38
37 41
37 50
37 53
37 55
37 63
37 66
37 72
37 74
37 76
37 83
38 40
38 42
38 46
38 47
38 48
38 54
38 58
38 66
38 68
38 78
38 79
38 82
39 40
39 44
39 45
39 46
39 47
39 48
39 49
39 52
39 53
39 54
39 57
39 58
39 61
39 62
39 64
39 65
39 67
39 68
39 70
40 41
40 43
40 46
40 47
40 51
40 56
40 58
40 60
40 61
40 64
40 65
40 69
40 70
40 77
40 79
40 76
41 42
41 44
41 59
41 60
41 71
41 84
42 43
42 44
42 45
42 51
42 52
42 56
42 60
42 64
42 75
42 78
42 82
43 44
43 45
43 47
43 48
43 56
43 61
43 64
43 84
44 45
44 46
44 48
44 50
44 52
44 54
44 55
44 64
44 65
44 66
44 68
44 74
44 76
45 46
45 50
45 51
45 53
45 54
45 56
45 57
45 61
45 62
45 68
45 71
45 74
45 75
45 79
46 48
46 50
46 53
46 55
46 56
46 61
46 62
46 67
46 73
46 78
46 79
46 82
47 49
47 56
47 57
47 59
47 60
47 70
47 72
47 73
47 75
47 80
48 51
48 55
48 57
48 68
48 69
48 76
48 78
49 50
49 52
49 54
49 55
49 56
49 60
49 67
49 69
49 78
49 83
50 53
50 57
50 66
50 74
50 79
51 52
51 53
51 54
51 55
51 63
51 67
51 71
51 72
51 77
51 83
52 57
52 63
52 67
52 72
52 81
53 55
53 56
53 58
53 63
53 69
53 71
53 75
53 81
53 82
54 61
54 62
54 64
54 65
54 70
54 77
55 56
55 60
55 62
55 67
55 68
55 70
55 74
55 77
55 84
56 59
56 60
56 68
56 79
56 80
56 84
57 59
57 70
57 72
57 77
58 61
58 66
58 68
59 62
59 64
59 67
59 70
59 72
59 75
59 76
59 80
59 83
59 84
60 62
60 65
60 67
60 77
60 79
60 82
60 83
61 78
61 79
61 82
61 84
62 66
62 71
62 75
62 77
62 78
62 81
63 64
63 65
63 66
63 70
63 71
63 74
63 77
63 80
63 82
63 83
63 84
64 73
64 77
65 71
65 76
65 82
66 67
66 68
66 71
66 73
66 74
66 79
67 69
67 73
67 81
68 69
68 76
69 76
69 78
69 81
70 82
72 73
72 77
72 82
72 83
73 74
77 80
77 82
78 82
79 80
79 83