32657540
14
85
1035
0 14
0 15
0 16
0 17
0 18
0 19
0 25
0 30
0 32
0 39
0 46
0 51
0 56
0 61
0 64
0 73
0 74
0 80
0 27
0 81
1 14
1 15
1 16
1 17
1 18
1 20
1 22
1 23
1 24
1 25
1 27
1 28
1 33
1 37
1 42
1 43
1 45
1 51
1 52
1 55
1 56
1 58
1 63
1 70
1 71
1 78
1 82
2 14
2 15
2 16
2 17
2 19
2 21
2 22
2 27
2 28
2 31
2 34
2 35
2 36
2 47
2 50
2 56
2 62
2 64
2 66
2 73
2 78
2 81
2 82
2 75
2 3
2 40
3 14
3 15
3 16
3 18
3 19
3 20
3 25
3 26
3 28
3 31
3 33
3 34
3 36
3 38
3 40
3 42
3 43
3 45
3 51
3 64
3 66
3 72
3 81
3 84
3 12
4 14
4 19
4 20
4 21
4 24
4 29
4 35
4 37
4 48
4 49
4 52
4 57
4 60
4 67
4 69
4 72
4 82
4 11
5 14
5 15
5 16
5 17
5 18
5 20
5 21
5 30
5 32
5 38
5 41
5 43
5 47
5 49
5 53
5 68
5 71
5 80
5 83
5 12
6 14
6 15
6 16
6 17
6 18
6 19
6 20
6 21
6 22
6 23
6 24
6 26
6 28
6 29
6 30
6 31
6 32
6 33
6 34
6 45
6 46
6 50
6 55
6 61
6 62
6 63
6 72
6 78
6 79
6 83
6 68
7 14
7 15
7 18
7 19
7 20
7 22
7 23
7 29
7 38
7 45
7 47
7 48
7 56
7 59
7 63
7 71
7 83
8 14
8 15
8 16
8 17
8 18
8 19
8 21
8 22
8 23
8 24
8 25
8 26
8 27
8 29
8 33
8 35
8 36
8 41
8 43
8 45
8 48
8 52
8 62
8 63
8 65
8 66
8 67
8 75
8 76
8 77
8 83
8 84
8 60
9 14
9 15
9 16
9 17
9 20
9 23
9 27
9 34
9 39
9 41
9 50
9 52
9 59
9 65
9 68
9 78
10 14
10 15
10 16
10 17
10 18
10 19
10 20
10 21
10 22
10 23
10 29
10 31
10 34
10 38
10 40
10 41
10 44
10 45
10 50
10 51
10 60
10 61
10 64
10 65
10 68
10 72
10 77
10 81
11 14
11 15
11 16
11 17
11 18
11 19
11 21
11 22
11 24
11 26
11 27
11 28
11 29
11 30
11 31
11 32
11 36
11 37
11 41
11 43
11 45
11 47
11 49
11 50
11 54
11 57
11 60
11 68
11 73
11 74
11 80
11 81
11 64
12 14
12 15
12 16
12 17
12 20
12 21
12 24
12 27
12 29
12 31
12 44
12 57
12 58
12 59
12 69
12 73
12 80
13 14
13 15
13 16
13 17
13 18
13 20
13 24
13 25
13 26
13 33
13 34
13 36
13 37
13 39
13 43
13 45
13 51
13 59
13 62
13 70
13 75
13 78
13 49
14 15
14 16
14 17
14 18
14 19
14 20
14 21
14 22
14 23
14 24
14 25
14 26
14 27
14 28
14 29
14 30
14 31
14 32
14 33
14 35
14 39
14 40
14 42
14 46
14 47
14 48
14 50
14 54
14 55
14 57
14 58
14 61
14 65
14 70
14 72
14 74
14 77
14 80
15 16
15 17
15 18
15 19
15 21
15 22
15 23
15 24
15 25
15 27
15 28
15 30
15 31
15 36
15 37
15 40
15 42
15 44
15 46
15 47
15 49
15 53
15 54
15 56
15 58
15 63
15 65
15 67
15 69
15 72
15 73
15 75
15 83
15 84
16 17
16 18
16 19
16 20
16 21
16 22
16 23
16 25
16 26
16 27
16 28
16 29
16 30
16 31
16 32
16 33
16 34
16 35
16 36
16 37
16 40
16 42
16 43
16 44
16 48
16 54
16 59
16 60
16 64
16 73
16 76
16 77
16 78
16 79
16 82
16 83
16 84
17 18
17 19
17 22
17 23
17 26
17 27
17 28
17 32
17 34
17 37
17 46
17 52
17 54
17 58
17 59
17 63
17 70
17 71
17 74
17 80
18 19
18 20
18 21
18 22
18 23
18 24
18 25
18 26
18 27
18 28
18 30
18 33
18 34
18 36
18 37
18 39
18 41
18 42
18 44
18 47
18 50
18 52
18 53
18 56
18 59
18 63
18 64
18 66
18 67
18 72
18 74
18 76
18 81
18 83
18 84
19 20
19 21
19 23
19 24
19 25
19 26
19 28
19 29
19 30
19 32
19 33
19 35
19 39
19 40
19 41
19 43
19 44
19 45
19 46
19 48
19 51
19 55
19 61
19 63
19 66
19 70
19 71
19 77
19 83
19 84
19 38
20 21
20 22
20 23
20 24
20 25
20 26
20 29
20 30
20 32
20 33
20 35
20 37
20 38
20 44
20 47
20 49
20 51
20 52
20 56
20 58
20 59
20 60
20 63
20 64
20 65
20 68
20 74
20 75
20 82
20 48
20 69
21 22
21 23
21 24
21 25
21 26
21 27
21 28
21 29
21 31
21 34
21 35
21 38
21 43
21 47
21 49
21 50
21 53
21 54
21 57
21 60
21 62
21 65
21 67
21 79
21 83
22 24
22 25
22 26
22 27
22 28
22 29
22 30
22 31
22 35
22 39
22 40
22 41
22 43
22 44
22 45
22 47
22 48
22 49
22 50
22 53
22 55
22 57
22 70
22 75
22 76
22 81
22 36
23 25
23 27
23 33
23 38
23 41
23 43
23 46
23 55
23 59
23 60
23 61
23 62
23 66
23 68
23 69
23 77
23 81
24 26
24 28
24 29
24 31
24 36
24 38
24 39
24 42
24 43
24 49
24 50
24 53
24 54
24 55
24 58
24 59
24 67
24 69
24 74
24 78
24 72
25 31
25 32
25 34
25 35
25 36
25 38
25 39
25 40
25 41
25 51
25 55
25 56
25 69
25 78
25 82
25 83
25 84
25 46
25 29
25 76
26 30
26 32
26 34
26 36
26 39
26 40
26 47
26 49
26 52
26 53
26 57
26 59
26 63
26 64
26 66
26 68
26 70
26 75
26 82
26 37
27 32
27 35
27 36
27 38
27 41
27 44
27 46
27 48
27 49
27 50
27 52
27 53
27 56
27 58
27 61
27 65
27 68
27 70
27 72
27 79
27 80
27 84
27 62
27 34
28 30
28 33
28 35
28 36
28 42
28 48
28 54
28 58
28 61
28 65
28 69
28 71
28 74
29 30
29 33
29 34
29 37
29 38
29 39
29 41
29 44
29 48
29 49
29 52
29 56
29 57
29 58
29 60
29 62
29 64
29 67
29 72
29 73
29 79
29 82
29 84
30 31
30 32
30 35
30 38
30 39
30 43
30 47
30 51
30 55
30 57
30 60
30 62
30 70
30 74
30 76
31 32
31 37
31 40
31 42
31 44
31 45
31 53
31 54
31 55
31 68
31 76
31 57
32 33
32 34
32 40
32 48
32 55
32 65
32 67
32 74
32 76
32 79
32 80
32 83
33 35
33 36
33 37
33 38
33 46
33 66
33 67
33 69
33 73
33 75
33 77
33 80
34 39
34 40
34 42
34 45
34 52
34 62
34 68
34 75
34 77
35 37
35 40
35 42
35 43
35 49
35 53
35 57
35 58
35 59
35 75
35 82
35 84
35 41
36 37
36 41
36 42
36 44
36 45
36 46
36 47
36 48
36 53
36 63
36 64
36 69
36 70
36 73
36 76
36 79
37 38
37 39
37 40
37 50
37 57
37 71
37 78
37 79
37 66
38 42
38 44
38 60
38 65
38 73
38 77
38 84
39 46
39 57
39 60
39 62
39 66
39 67
39 68
39 69
39 72
39 73
39 83
39 52
40 41
40 42
40 46
40 49
40 51
40 52
40 55
40 57
40 60
40 61
40 65
40 68
40 71
40 79
40 84
40 45
41 46
41 52
41 53
41 79
41 81
41 82
42 44
42 46
42 47
42 49
42 53
42 62
42 66
42 83
42 70
43 51
43 53
43 66
43 69
43 52
44 45
44 50
44 55
44 56
44 59
44 61
44 74
44 79
44 81
44 62
44 71
45 48
45 51
45 59
45 61
45 62
45 66
45 69
45 70
45 73
45 76
45 80
46 48
46 60
46 62
46 72
47 51
47 54
47 55
47 58
47 70
47 84
48 50
48 54
48 64
48 67
48 73
48 79
48 80
48 83
49 52
49 54
49 64
49 77
49 81
49 50
49 73
50 51
50 54
50 56
50 58
50 72
51 57
51 63
51 65
51 55
52 54
52 56
52 71
52 72
52 76
53 56
53 64
53 69
53 70
53 76
53 77
53 80
54 67
54 72
54 69
55 60
55 66
55 68
55 71
56 62
56 63
56 71
56 74
56 75
56 76
56 79
56 80
56 81
56 59
57 58
57 61
57 73
57 77
57 78
58 75
58 76
59 61
59 77
59 82
60 61
61 71
61 78
61 80
62 63
62 65
62 66
62 67
62 74
63 64
63 69
63 76
63 80
64 70
64 71
64 74
64 75
65 67
65 75
65 80
66 82
67 68
68 71
69 81
70 74
70 77
70 79
71 78
73 75
74 78
75 78
76 82
77 81
77 83
77 84
80 81
81 82