147933546
34
85
1747
0 34
0 35
0 36
0 37
0 38
0 39
0 40
0 41
0 42
0 44
0 45
0 46
0 47
0 51
0 54
0 55
0 57
0 58
0 59
0 60
0 61
0 63
0 65
0 67
0 69
0 74
0 75
0 80
0 81
0 82
0 83
0 84
1 34
1 35
1 36
1 37
1 38
1 39
1 40
1 41
1 42
1 44
1 45
1 47
1 48
1 51
1 53
1 54
1 56
1 58
1 61
1 68
1 77
1 81
1 82
2 34
2 35
2 36
2 37
2 38
2 39
2 40
2 41
2 42
2 44
2 45
2 47
2 49
2 53
2 55
2 57
2 63
2 64
2 67
2 71
2 72
2 74
2 76
2 78
3 34
3 36
3 37
3 38
3 39
3 40
3 41
3 43
3 44
3 47
3 49
3 50
3 51
3 52
3 53
3 55
3 56
3 63
3 66
3 67
3 69
3 71
3 74
3 78
3 80
4 34
4 35
4 36
4 38
4 39
4 40
4 41
4 42
4 43
4 44
4 45
4 46
4 49
4 50
4 51
4 53
4 56
4 59
4 60
4 62
4 63
4 64
4 65
4 66
4 69
4 71
4 73
4 74
4 79
4 81
4 82
5 34
5 35
5 36
5 37
5 38
5 39
5 40
5 41
5 42
5 46
5 47
5 49
5 51
5 53
5 54
5 57
5 61
5 62
5 65
5 66
5 67
5 71
5 72
5 73
5 75
5 80
5 81
5 83
6 34
6 35
6 36
6 37
6 39
6 41
6 45
6 48
6 50
6 52
6 57
6 60
6 62
6 79
6 80
6 53
6 14
7 34
7 35
7 36
7 37
7 39
7 40
7 41
7 43
7 44
7 45
7 46
7 48
7 50
7 51
7 61
7 65
7 73
7 82
8 34
8 35
8 36
8 37
8 41
8 42
8 43
8 44
8 45
8 46
8 47
8 49
8 52
8 53
8 54
8 55
8 57
8 58
8 67
8 71
8 72
8 73
8 75
8 79
8 83
9 34
9 35
9 36
9 37
9 38
9 39
9 41
9 42
9 43
9 44
9 45
9 46
9 47
9 48
9 49
9 51
9 52
9 56
9 57
9 58
9 59
9 60
9 61
9 63
9 64
9 65
9 66
9 67
9 68
9 70
9 72
9 74
9 79
9 80
9 81
9 84
9 83
10 34
10 35
10 36
10 37
10 38
10 40
10 41
10 43
10 44
10 45
10 46
10 47
10 48
10 50
10 54
10 57
10 58
10 60
10 63
10 64
10 65
10 67
10 68
10 71
10 72
10 73
10 74
10 76
11 34
11 35
11 36
11 37
11 38
11 39
11 40
11 41
11 42
11 43
11 44
11 45
11 46
11 47
11 48
11 49
11 50
11 51
11 52
11 56
11 57
11 59
11 60
11 63
11 65
11 68
11 71
11 74
11 76
11 78
11 83
12 34
12 35
12 36
12 37
12 38
12 39
12 40
12 41
12 42
12 43
12 44
12 45
12 47
12 50
12 56
12 58
12 60
12 63
12 67
12 70
12 75
12 80
12 83
13 34
13 35
13 37
13 38
13 39
13 42
13 48
13 51
13 52
13 58
13 62
13 67
13 68
13 73
13 79
13 81
14 34
14 35
14 36
14 37
14 38
14 39
14 40
14 42
14 43
14 45
14 47
14 53
14 54
14 55
14 56
14 67
14 69
14 70
14 76
14 80
15 34
15 35
15 36
15 37
15 38
15 39
15 40
15 41
15 42
15 48
15 50
15 52
15 53
15 54
15 59
15 62
15 71
15 74
15 75
15 78
15 81
15 82
15 83
16 34
16 35
16 36
16 37
16 38
16 40
16 41
16 42
16 43
16 44
16 46
16 47
16 48
16 49
16 52
16 55
16 57
16 59
16 64
16 70
16 71
16 75
16 77
16 80
16 83
16 25
17 34
17 35
17 36
17 37
17 38
17 39
17 40
17 41
17 42
17 43
17 44
17 45
17 47
17 49
17 50
17 51
17 52
17 54
17 56
17 59
17 60
17 62
17 63
17 65
17 66
17 68
17 71
17 72
17 82
17 83
17 84
18 34
18 35
18 36
18 38
18 40
18 43
18 45
18 46
18 49
18 50
18 52
18 53
18 60
18 62
18 64
18 69
18 71
18 73
18 74
18 75
18 77
18 79
18 82
18 63
19 34
19 35
19 36
19 37
19 38
19 39
19 40
19 41
19 42
19 43
19 44
19 45
19 46
19 48
19 52
19 54
19 56
19 57
19 58
19 62
19 66
19 67
19 69
19 70
19 71
19 72
19 73
19 75
19 77
19 78
19 81
20 34
20 35
20 36
20 37
20 38
20 39
20 40
20 42
20 43
20 44
20 46
20 47
20 49
20 50
20 53
20 55
20 57
20 58
20 62
20 66
20 69
20 70
20 71
20 76
21 34
21 35
21 36
21 37
21 38
21 39
21 40
21 42
21 43
21 44
21 45
21 46
21 48
21 49
21 50
21 51
21 55
21 63
21 64
21 79
21 84
22 34
22 35
22 36
22 37
22 38
22 39
22 40
22 42
22 44
22 45
22 46
22 47
22 48
22 49
22 54
22 55
22 59
22 60
22 65
22 70
22 77
22 84
22 26
23 34
23 35
23 36
23 37
23 38
23 39
23 40
23 41
23 43
23 44
23 46
23 47
23 48
23 49
23 50
23 51
23 56
23 58
23 59
23 61
23 67
23 69
23 70
23 74
23 75
23 78
23 79
23 82
24 34
24 35
24 36
24 38
24 39
24 41
24 43
24 44
24 45
24 47
24 48
24 49
24 50
24 51
24 52
24 54
24 55
24 57
24 58
24 61
24 62
24 65
24 69
24 76
24 77
24 81
25 34
25 35
25 36
25 37
25 38
25 39
25 41
25 42
25 45
25 46
25 47
25 48
25 51
25 54
25 55
25 58
25 61
25 64
25 67
25 68
25 70
25 72
25 73
25 80
25 81
25 84
26 34
26 35
26 36
26 37
26 38
26 39
26 40
26 41
26 42
26 43
26 45
26 46
26 47
26 48
26 49
26 50
26 55
26 58
26 60
26 61
26 69
26 70
26 75
26 77
26 81
26 84
27 34
27 35
27 36
27 37
27 39
27 40
27 41
27 42
27 43
27 44
27 46
27 47
27 48
27 50
27 51
27 58
27 60
27 61
27 64
27 66
27 72
27 74
27 75
27 78
28 34
28 35
28 36
28 37
28 38
28 39
28 40
28 41
28 42
28 43
28 44
28 45
28 47
28 48
28 51
28 52
28 53
28 54
28 55
28 59
28 61
28 63
28 66
28 68
28 70
28 77
28 78
28 82
29 34
29 35
29 36
29 37
29 38
29 39
29 40
29 42
29 43
29 44
29 46
29 49
29 52
29 53
29 56
29 57
29 58
29 60
29 64
29 67
29 69
29 70
29 72
29 73
29 74
29 75
29 78
29 80
29 81
30 34
30 35
30 36
30 37
30 38
30 39
30 40
30 41
30 42
30 43
30 44
30 46
30 48
30 49
30 51
30 52
30 53
30 54
30 56
30 58
30 59
30 60
30 62
30 63
30 64
30 65
30 67
30 68
30 78
30 79
31 34
31 35
31 37
31 38
31 40
31 41
31 42
31 43
31 44
31 45
31 46
31 48
31 49
31 50
31 51
31 53
31 54
31 55
31 56
31 59
31 60
31 62
31 66
31 70
31 73
31 77
31 78
31 79
32 34
32 35
32 36
32 37
32 38
32 39
32 40
32 41
32 43
32 45
32 46
32 47
32 51
32 52
32 53
32 54
32 58
32 59
32 61
32 63
32 64
32 66
32 67
32 68
32 70
32 72
32 74
32 76
32 81
32 82
32 83
33 34
33 35
33 36
33 37
33 38
33 39
33 40
33 41
33 42
33 43
33 45
33 48
33 50
33 52
33 53
33 55
33 59
33 61
33 64
33 65
33 66
33 67
33 69
33 71
33 72
33 73
33 75
33 77
33 78
33 81
33 82
34 35
34 36
34 37
34 38
34 39
34 40
34 41
34 42
34 43
34 44
34 45
34 46
34 47
34 48
34 49
34 50
34 52
34 53
34 54
34 55
34 56
34 57
34 58
34 59
34 60
34 61
34 62
34 63
34 65
34 66
34 67
34 68
34 69
34 71
34 72
34 73
34 74
34 75
34 76
34 77
34 78
34 80
34 82
34 84
35 36
35 37
35 38
35 39
35 40
35 41
35 42
35 43
35 44
35 46
35 48
35 49
35 50
35 51
35 52
35 53
35 55
35 56
35 57
35 58
35 59
35 60
35 61
35 62
35 63
35 64
35 65
35 66
35 68
35 69
35 70
35 71
35 72
35 74
35 75
35 76
35 77
35 80
35 82
35 84
36 37
36 38
36 39
36 40
36 41
36 42
36 43
36 44
36 45
36 46
36 47
36 48
36 49
36 50
36 51
36 52
36 53
36 54
36 55
36 56
36 57
36 58
36 59
36 60
36 61
36 62
36 63
36 64
36 67
36 68
36 69
36 71
36 73
36 76
36 77
36 82
36 83
36 84
37 38
37 39
37 40
37 41
37 42
37 43
37 44
37 45
37 46
37 47
37 48
37 49
37 50
37 51
37 52
37 53
37 54
37 55
37 56
37 57
37 59
37 60
37 61
37 62
37 63
37 64
37 65
37 66
37 68
37 69
37 70
37 71
37 75
37 76
37 77
37 79
37 80
37 83
38 39
38 40
38 41
38 42
38 43
38 44
38 45
38 46
38 47
38 48
38 49
38 50
38 51
38 52
38 53
38 54
38 55
38 56
38 58
38 59
38 60
38 61
38 62
38 63
38 64
38 65
38 66
38 67
38 68
38 69
38 71
38 72
38 73
38 74
38 75
38 77
38 78
38 79
38 81
38 82
38 83
38 84
39 40
39 41
39 42
39 43
39 44
39 45
39 46
39 47
39 48
39 49
39 50
39 51
39 53
39 54
39 55
39 56
39 57
39 59
39 60
39 61
39 62
39 63
39 64
39 65
39 66
39 68
39 69
39 70
39 72
39 73
39 74
39 80
39 81
39 79
40 41
40 42
40 43
40 44
40 45
40 46
40 47
40 48
40 49
40 50
40 51
40 52
40 53
40 54
40 55
40 56
40 57
40 58
40 60
40 61
40 63
40 65
40 66
40 67
40 68
40 70
40 71
40 72
40 73
40 78
40 80
40 82
40 83
40 84
41 42
41 43
41 44
41 45
41 46
41 47
41 48
41 49
41 50
41 51
41 52
41 53
41 54
41 55
41 56
41 57
41 58
41 59
41 60
41 61
41 62
41 63
41 64
41 65
41 66
41 67
41 69
41 70
41 72
41 75
41 76
41 77
41 78
41 79
41 82
41 83
41 84
42 43
42 44
42 45
42 46
42 47
42 48
42 49
42 50
42 51
42 52
42 53
42 54
42 55
42 56
42 57
42 58
42 59
42 60
42 61
42 62
42 63
42 64
42 65
42 66
42 67
42 68
42 71
42 73
42 74
42 76
42 77
42 78
42 83
42 84
43 44
43 45
43 46
43 47
43 48
43 49
43 50
43 51
43 52
43 53
43 54
43 56
43 57
43 58
43 60
43 61
43 62
43 63
43 64
43 65
43 66
43 67
43 68
43 69
43 73
43 74
43 75
43 76
43 77
43 79
43 80
43 83
43 84
44 45
44 46
44 47
44 48
44 49
44 50
44 51
44 52
44 53
44 54
44 56
44 57
44 58
44 59
44 60
44 61
44 62
44 63
44 64
44 65
44 66
44 69
44 71
44 72
44 73
44 75
44 76
44 77
44 78
44 79
44 80
44 82
44 83
44 74
45 46
45 47
45 48
45 49
45 50
45 51
45 52
45 53
45 54
45 55
45 56
45 57
45 59
45 62
45 63
45 65
45 67
45 68
45 69
45 70
45 71
45 72
45 73
45 74
45 75
45 76
45 77
45 78
45 79
45 80
45 81
45 82
45 83
45 84
46 47
46 49
46 50
46 51
46 52
46 53
46 55
46 56
46 57
46 58
46 59
46 61
46 62
46 64
46 66
46 67
46 68
46 70
46 72
46 73
46 74
46 75
46 76
46 80
46 81
46 82
46 84
46 63
47 48
47 49
47 50
47 52
47 53
47 54
47 55
47 56
47 57
47 58
47 59
47 61
47 63
47 64
47 65
47 67
47 68
47 69
47 70
47 73
47 74
47 75
47 76
47 80
47 81
47 82
47 83
47 66
48 49
48 50
48 51
48 52
48 54
48 55
48 56
48 57
48 59
48 60
48 65
48 66
48 68
48 69
48 70
48 72
48 74
48 75
48 76
48 78
48 79
48 80
48 83
49 50
49 51
49 52
49 53
49 54
49 55
49 56
49 57
49 58
49 59
49 60
49 61
49 62
49 64
49 65
49 66
49 68
49 69
49 72
49 73
49 74
49 76
49 79
49 82
49 83
49 84
50 51
50 52
50 53
50 54
50 55
50 56
50 58
50 59
50 60
50 61
50 62
50 63
50 65
50 67
50 72
50 74
50 82
50 83
51 52
51 53
51 54
51 55
51 56
51 57
51 58
51 60
51 61
51 62
51 63
51 64
51 65
51 68
51 70
51 72
51 74
51 75
51 76
51 77
51 79
51 80
51 81
51 82
51 83
51 84
52 53
52 54
52 55
52 56
52 57
52 61
52 64
52 65
52 66
52 67
52 71
52 72
52 73
52 74
52 75
52 76
52 77
52 78
52 79
52 82
53 54
53 55
53 56
53 57
53 59
53 62
53 66
53 68
53 69
53 70
53 71
53 72
53 73
53 75
53 79
54 55
54 56
54 57
54 58
54 59
54 60
54 61
54 62
54 64
54 65
54 66
54 68
54 69
54 70
54 71
54 72
54 74
54 78
54 82
55 57
55 59
55 62
55 63
55 65
55 66
55 67
55 68
55 70
55 71
55 73
55 76
55 78
55 80
55 81
55 84
55 55
56 57
56 58
56 59
56 60
56 62
56 63
56 64
56 65
56 68
56 69
56 74
56 76
56 77
56 78
56 80
56 83
57 58
57 59
57 60
57 63
57 70
57 72
57 73
57 74
57 75
57 78
57 80
58 60
58 61
58 62
58 63
58 65
58 67
58 73
58 75
58 77
58 80
58 81
58 84
59 61
59 62
59 64
59 66
59 68
59 69
59 70
59 71
59 76
59 77
59 80
59 81
59 83
59 84
60 61
60 63
60 64
60 67
60 71
60 72
60 76
60 77
60 81
60 82
60 83
60 69
61 62
61 64
61 66
61 70
61 73
61 75
61 78
61 79
61 81
61 82
61 84
62 63
62 64
62 66
62 67
62 68
62 69
62 71
62 72
62 77
62 81
63 64
63 66
63 67
63 68
63 70
63 75
63 76
63 78
63 79
63 84
64 65
64 66
64 68
64 69
64 72
64 73
64 74
64 75
64 77
64 78
64 80
64 81
64 83
64 84
65 68
65 69
65 70
65 71
65 76
65 77
65 78
65 79
66 69
66 71
66 74
66 77
66 78
66 79
66 81
66 82
66 83
66 84
67 70
67 71
67 74
67 76
67 81
67 83
67 79
68 69
68 70
68 72
68 73
68 76
68 79
68 80
68 81
68 82
69 73
69 75
69 79
69 83
69 84
70 71
70 76
70 77
70 79
70 80
70 83
70 84
71 72
71 77
71 81
71 82
71 84
72 73
72 74
72 75
72 76
72 77
72 79
72 80
72 81
73 76
73 78
73 79
73 80
73 81
74 76
74 78
74 79
74 80
75 78
75 79
75 81
75 84
76 77
76 78
77 79
77 82
77 83
78 79
78 83
78 84
79 80
79 83
80 82
80 84
81 82
81 84
82 84