357393946
29
85
1628
0 29
0 30
0 31
0 32
0 34
0 36
0 37
0 39
0 40
0 42
0 43
0 45
0 48
0 50
0 52
0 56
0 58
0 62
0 63
0 66
0 73
0 75
0 76
0 80
0 83
0 84
1 29
1 30
1 31
1 32
1 33
1 34
1 35
1 36
1 37
1 39
1 40
1 41
1 44
1 46
1 49
1 50
1 52
1 58
1 60
1 68
1 69
1 72
1 76
1 78
1 81
2 29
2 30
2 31
2 33
2 35
2 36
2 39
2 40
2 42
2 44
2 45
2 48
2 49
2 50
2 52
2 53
2 54
2 55
2 56
2 59
2 61
2 64
2 68
2 72
2 74
2 76
2 81
3 29
3 30
3 31
3 32
3 33
3 34
3 35
3 37
3 38
3 40
3 42
3 43
3 44
3 49
3 53
3 55
3 60
3 62
3 69
3 70
3 77
3 84
4 29
4 30
4 31
4 32
4 33
4 34
4 35
4 36
4 38
4 40
4 41
4 42
4 43
4 44
4 45
4 48
4 49
4 51
4 53
4 54
4 56
4 59
4 60
4 62
4 63
4 66
4 74
4 77
4 78
4 79
4 83
5 29
5 30
5 31
5 32
5 33
5 35
5 36
5 37
5 39
5 40
5 42
5 44
5 45
5 47
5 48
5 50
5 51
5 55
5 58
5 60
5 63
5 64
5 65
5 67
5 70
5 71
5 72
5 73
5 76
5 78
5 83
5 84
6 29
6 30
6 31
6 32
6 33
6 34
6 35
6 36
6 37
6 38
6 39
6 41
6 43
6 45
6 47
6 50
6 53
6 54
6 55
6 57
6 58
6 59
6 60
6 61
6 62
6 64
6 77
6 79
7 29
7 30
7 31
7 32
7 33
7 34
7 35
7 37
7 38
7 39
7 41
7 42
7 54
7 62
7 65
7 66
7 69
7 70
7 76
7 83
8 29
8 30
8 31
8 32
8 33
8 34
8 35
8 36
8 38
8 39
8 40
8 41
8 42
8 43
8 45
8 46
8 53
8 57
8 60
8 72
8 73
8 74
8 75
8 78
9 29
9 30
9 31
9 32
9 33
9 34
9 35
9 38
9 41
9 43
9 46
9 47
9 49
9 50
9 51
9 52
9 53
9 56
9 57
9 58
9 60
9 63
9 70
9 74
9 75
9 78
9 79
10 29
10 30
10 31
10 32
10 33
10 35
10 36
10 38
10 39
10 40
10 42
10 43
10 44
10 45
10 50
10 52
10 56
10 62
10 67
10 68
10 71
10 76
10 78
10 81
10 82
10 41
11 29
11 30
11 31
11 32
11 34
11 36
11 37
11 38
11 40
11 41
11 43
11 44
11 45
11 50
11 54
11 56
11 57
11 62
11 68
11 69
11 70
11 72
11 74
11 79
12 29
12 30
12 32
12 34
12 37
12 38
12 43
12 45
12 46
12 48
12 66
12 76
12 77
12 79
12 82
12 84
13 29
13 30
13 31
13 32
13 33
13 34
13 38
13 39
13 40
13 46
13 47
13 51
13 56
13 57
13 61
13 66
13 68
13 69
13 72
13 74
13 78
13 81
13 83
14 29
14 30
14 31
14 32
14 33
14 34
14 35
14 36
14 37
14 40
14 41
14 42
14 43
14 44
14 47
14 48
14 52
14 56
14 61
14 63
14 64
15 29
15 30
15 31
15 32
15 33
15 34
15 35
15 36
15 37
15 39
15 41
15 42
15 44
15 45
15 46
15 48
15 51
15 52
15 53
15 54
15 61
15 62
15 64
15 65
15 68
15 70
15 73
15 80
15 81
15 82
15 50
16 29
16 30
16 31
16 33
16 34
16 35
16 36
16 37
16 40
16 41
16 42
16 44
16 49
16 50
16 53
16 54
16 55
16 56
16 58
16 59
16 61
16 63
16 65
16 66
16 76
16 79
16 81
17 29
17 31
17 32
17 33
17 34
17 35
17 36
17 37
17 39
17 40
17 44
17 46
17 47
17 48
17 51
17 52
17 54
17 56
17 57
17 59
17 60
17 64
17 65
17 71
17 72
17 73
17 74
17 79
17 82
17 84
18 29
18 30
18 31
18 32
18 33
18 34
18 35
18 37
18 38
18 39
18 41
18 43
18 44
18 45
18 46
18 47
18 55
18 56
18 60
18 61
18 63
18 65
18 66
18 67
18 68
18 69
18 72
18 74
18 79
18 83
18 26
19 29
19 30
19 31
19 32
19 33
19 34
19 35
19 40
19 41
19 42
19 43
19 45
19 49
19 51
19 54
19 55
19 58
19 61
19 66
19 67
19 72
19 77
19 82
20 29
20 30
20 31
20 32
20 35
20 36
20 37
20 38
20 39
20 41
20 42
20 45
20 46
20 47
20 48
20 50
20 51
20 54
20 55
20 57
20 59
20 64
20 67
20 72
20 73
20 74
20 75
20 77
20 78
20 82
20 83
20 84
21 29
21 30
21 31
21 32
21 33
21 34
21 35
21 36
21 37
21 38
21 39
21 42
21 43
21 44
21 45
21 46
21 47
21 48
21 49
21 50
21 51
21 54
21 55
21 57
21 58
21 59
21 63
21 64
21 65
21 66
21 67
21 70
21 77
21 78
21 80
21 83
21 84
22 29
22 30
22 32
22 33
22 34
22 35
22 36
22 37
22 38
22 39
22 40
22 41
22 42
22 43
22 44
22 45
22 46
22 48
22 49
22 54
22 55
22 58
22 59
22 62
22 68
22 69
22 73
22 75
22 77
22 78
22 79
22 84
23 29
23 30
23 31
23 32
23 33
23 36
23 37
23 38
23 39
23 40
23 41
23 43
23 47
23 48
23 49
23 51
23 52
23 53
23 55
23 56
23 57
23 59
23 64
23 66
23 69
23 83
24 29
24 30
24 31
24 32
24 33
24 34
24 35
24 36
24 37
24 38
24 40
24 41
24 42
24 44
24 45
24 48
24 51
24 54
24 63
24 64
24 65
24 67
24 68
24 77
24 82
25 29
25 30
25 31
25 32
25 33
25 34
25 36
25 37
25 38
25 40
25 42
25 47
25 49
25 52
25 53
25 56
25 57
25 62
25 68
25 69
25 71
25 72
25 78
25 80
25 82
26 29
26 30
26 31
26 32
26 33
26 34
26 35
26 36
26 38
26 39
26 40
26 41
26 43
26 48
26 51
26 52
26 56
26 59
26 61
26 63
26 64
26 65
26 79
26 80
26 81
27 29
27 30
27 31
27 32
27 33
27 34
27 35
27 36
27 37
27 38
27 39
27 43
27 45
27 46
27 47
27 48
27 51
27 52
27 54
27 55
27 56
27 59
27 60
27 64
27 65
27 68
27 69
27 72
27 73
27 74
27 78
27 80
27 82
27 84
28 29
28 30
28 31
28 33
28 34
28 35
28 36
28 37
28 38
28 39
28 44
28 46
28 49
28 50
28 57
28 58
28 60
28 78
28 82
29 30
29 31
29 32
29 33
29 34
29 35
29 36
29 37
29 38
29 39
29 41
29 42
29 43
29 44
29 45
29 46
29 47
29 48
29 50
29 51
29 52
29 53
29 54
29 55
29 56
29 58
29 60
29 62
29 63
29 65
29 66
29 67
29 68
29 70
29 71
29 72
29 73
29 74
29 75
29 76
29 78
29 79
29 80
29 81
29 82
29 83
30 31
30 32
30 33
30 34
30 35
30 36
30 37
30 38
30 39
30 40
30 41
30 42
30 43
30 44
30 45
30 46
30 47
30 48
30 49
30 50
30 51
30 52
30 53
30 54
30 55
30 56
30 57
30 58
30 59
30 60
30 61
30 63
30 64
30 65
30 68
30 71
30 72
30 73
30 75
30 76
30 78
30 79
30 80
30 81
30 82
30 83
31 32
31 33
31 34
31 35
31 36
31 37
31 38
31 39
31 40
31 41
31 42
31 43
31 44
31 45
31 46
31 47
31 48
31 49
31 50
31 51
31 55
31 56
31 57
31 58
31 60
31 62
31 63
31 65
31 66
31 67
31 68
31 69
31 70
31 72
31 73
31 74
31 75
31 76
31 78
31 80
31 82
31 84
32 33
32 34
32 35
32 36
32 37
32 38
32 39
32 40
32 41
32 42
32 43
32 44
32 45
32 46
32 47
32 48
32 49
32 50
32 51
32 52
32 53
32 54
32 56
32 57
32 59
32 60
32 61
32 62
32 63
32 64
32 65
32 66
32 67
32 68
32 70
32 71
32 73
32 74
32 77
32 79
32 81
32 82
32 84
33 34
33 35
33 36
33 37
33 38
33 39
33 40
33 41
33 42
33 43
33 45
33 46
33 47
33 48
33 49
33 50
33 51
33 52
33 53
33 55
33 56
33 57
33 58
33 59
33 60
33 61
33 62
33 63
33 65
33 67
33 68
33 72
33 73
33 74
33 75
33 76
33 80
33 81
33 83
33 84
34 35
34 36
34 37
34 38
34 39
34 40
34 41
34 42
34 43
34 44
34 45
34 46
34 47
34 48
34 49
34 50
34 51
34 52
34 53
34 55
34 56
34 57
34 60
34 63
34 64
34 67
34 68
34 72
34 75
34 76
34 77
34 83
35 36
35 37
35 38
35 39
35 40
35 41
35 42
35 43
35 44
35 45
35 46
35 47
35 48
35 49
35 50
35 51
35 52
35 53
35 54
35 55
35 57
35 58
35 59
35 62
35 64
35 65
35 66
35 67
35 69
35 70
35 71
35 72
35 75
35 76
35 77
35 79
35 80
35 81
35 83
36 37
36 38
36 39
36 40
36 41
36 42
36 44
36 46
36 49
36 51
36 52
36 53
36 55
36 59
36 62
36 65
36 69
36 74
36 75
36 76
36 80
36 83
37 38
37 39
37 40
37 41
37 42
37 43
37 44
37 45
37 46
37 47
37 48
37 49
37 50
37 52
37 54
37 55
37 57
37 58
37 60
37 61
37 63
37 64
37 65
37 66
37 69
37 71
37 74
37 75
37 76
37 77
37 84
38 39
38 40
38 41
38 42
38 43
38 44
38 45
38 46
38 47
38 49
38 50
38 52
38 54
38 55
38 57
38 58
38 59
38 61
38 62
38 63
38 65
38 66
38 67
38 68
38 69
38 70
38 71
38 73
38 74
38 75
38 78
38 79
38 82
38 84
39 40
39 41
39 42
39 43
39 44
39 47
39 48
39 49
39 50
39 52
39 53
39 54
39 56
39 58
39 59
39 60
39 61
39 64
39 67
39 70
39 71
39 72
39 73
39 75
39 76
39 77
39 78
39 79
39 81
39 82
39 51
40 41
40 42
40 43
40 44
40 45
40 46
40 47
40 48
40 49
40 50
40 52
40 54
40 56
40 57
40 58
40 59
40 61
40 62
40 63
40 64
40 68
40 69
40 70
40 71
40 78
40 84
41 44
41 45
41 46
41 47
41 50
41 51
41 52
41 53
41 54
41 57
41 58
41 59
41 61
41 62
41 63
41 65
41 72
41 74
41 79
41 81
41 83
42 43
42 46
42 47
42 49
42 50
42 51
42 52
42 53
42 54
42 55
42 56
42 57
42 58
42 59
42 60
42 61
42 62
42 63
42 66
42 67
42 71
42 72
42 73
42 75
42 76
42 77
42 80
42 83
42 84
43 44
43 46
43 47
43 48
43 49
43 51
43 53
43 58
43 59
43 60
43 62
43 67
43 70
43 73
43 77
43 79
43 82
43 83
44 45
44 46
44 47
44 48
44 49
44 50
44 53
44 54
44 55
44 56
44 60
44 61
44 67
44 69
44 70
44 71
44 73
44 78
44 79
44 80
44 81
44 82
45 46
45 47
45 48
45 50
45 51
45 53
45 54
45 55
45 56
45 57
45 60
45 61
45 62
45 64
45 66
45 70
45 71
45 74
45 76
45 77
45 79
45 82
46 47
46 48
46 49
46 51
46 52
46 54
46 55
46 57
46 58
46 59
46 60
46 61
46 63
46 66
46 67
46 68
46 69
46 70
46 71
46 73
46 74
46 75
46 77
46 78
46 79
46 81
46 82
46 84
47 49
47 50
47 51
47 52
47 53
47 54
47 55
47 58
47 59
47 61
47 64
47 66
47 67
47 68
47 69
47 70
47 71
47 72
47 73
47 75
47 82
47 84
48 49
48 50
48 51
48 52
48 53
48 57
48 60
48 61
48 62
48 63
48 64
48 65
48 66
48 67
48 69
48 71
48 72
48 73
48 74
48 75
48 79
48 80
48 81
48 83
49 51
49 52
49 53
49 55
49 57
49 58
49 60
49 61
49 62
49 63
49 64
49 68
49 69
49 70
49 71
49 72
49 73
49 76
49 80
49 84
50 53
50 55
50 58
50 60
50 62
50 65
50 66
50 68
50 69
50 70
50 71
50 72
50 75
50 80
50 83
50 84
51 53
51 56
51 58
51 59
51 60
51 62
51 64
51 67
51 70
51 76
51 77
51 79
51 80
51 81
51 83
52 53
52 54
52 55
52 56
52 57
52 58
52 60
52 61
52 62
52 63
52 64
52 66
52 67
52 69
52 70
52 71
52 73
52 75
52 76
52 78
52 80
52 81
52 82
52 83
52 84
53 56
53 57
53 59
53 61
53 62
53 67
53 70
53 74
53 76
53 77
53 78
53 82
53 83
54 57
54 58
54 61
54 63
54 64
54 65
54 66
54 70
54 73
54 75
54 77
54 79
54 80
54 81
54 82
54 83
54 84
55 59
55 61
55 69
55 74
55 76
55 77
56 59
56 62
56 63
56 64
56 65
56 67
56 68
56 69
56 70
56 71
56 74
56 75
56 83
56 84
57 61
57 65
57 66
57 68
57 70
57 71
57 80
57 82
58 59
58 63
58 64
58 67
58 71
58 72
58 73
58 78
58 81
59 68
59 76
59 77
60 63
60 64
60 65
60 66
60 67
60 68
60 71
60 73
60 76
60 78
61 65
61 66
61 69
61 75
61 79
61 80
61 81
61 83
61 84
62 65
62 66
62 68
62 69
62 72
62 74
62 75
62 76
62 77
62 78
62 82
62 83
63 65
63 66
63 67
63 69
63 71
63 74
63 80
64 69
64 77
64 79
64 81
64 83
65 67
65 73
65 75
65 78
65 81
66 71
66 72
66 81
66 83
66 84
67 68
67 70
67 71
67 72
67 74
67 76
67 80
68 74
68 77
68 79
68 80
68 81
68 82
69 70
69 77
69 84
70 71
70 73
70 75
70 76
70 77
70 78
70 81
70 82
71 73
72 78
72 80
73 74
73 75
73 79
73 80
73 81
73 82
74 75
74 77
74 84
76 80
77 79
77 80
79 81
81 84
82 84