795640252
1
85
144
0 1
0 7
1 2
1 4
1 5
1 6
1 11
1 24
1 36
1 38
1 66
1 53
1 3
1 25
1 39
1 46
1 50
1 60
2 3
2 9
2 13
2 22
2 46
2 61
2 69
2 76
2 81
2 35
2 52
2 65
3 37
3 74
4 7
4 25
4 68
4 6
4 20
5 8
5 17
5 23
5 30
5 45
5 53
5 7
6 16
6 20
6 28
6 49
6 41
7 10
7 14
7 26
7 27
7 35
7 55
7 67
7 18
7 33
7 36
7 37
7 40
7 63
7 76
8 32
8 50
8 68
9 21
10 12
10 39
11 15
11 18
11 29
11 51
11 31
11 82
12 19
12 75
13 62
14 26
15 73
15 77
15 55
15 66
16 52
17 39
17 44
17 54
17 23
17 53
18 33
18 64
18 83
18 62
19 74
22 47
22 56
22 65
22 40
22 28
23 42
23 79
26 40
26 27
27 31
27 75
28 57
28 71
29 34
29 72
29 40
31 48
31 78
31 79
33 43
33 68
34 39
34 47
34 77
35 62
35 70
35 52
36 60
36 72
36 73
37 42
38 63
38 71
38 58
38 69
39 41
41 51
41 81
41 84
42 57
43 74
43 61
50 59
51 67
52 58
53 84
67 82
69 74
72 80
74 80