325349207
42
85
1806
0 42
0 43
0 44
0 45
0 46
0 47
0 48
0 49
0 50
0 51
0 52
0 53
0 55
0 56
0 57
0 59
0 61
0 63
0 67
0 68
0 70
0 73
0 74
0 75
0 78
0 80
0 81
1 42
1 43
1 44
1 45
1 46
1 47
1 48
1 49
1 50
1 51
1 52
1 56
1 57
1 58
1 60
1 62
1 65
1 66
1 68
1 69
1 70
1 71
1 74
1 77
1 78
2 42
2 43
2 45
2 46
2 47
2 48
2 49
2 50
2 55
2 57
2 59
2 61
2 64
2 69
2 70
2 73
2 79
2 80
2 81
2 83
3 42
3 43
3 44
3 45
3 46
3 47
3 48
3 49
3 50
3 51
3 52
3 55
3 56
3 57
3 58
3 59
3 60
3 61
3 63
3 65
3 66
3 68
3 77
3 79
3 81
4 42
4 43
4 44
4 45
4 46
4 47
4 48
4 49
4 50
4 51
4 52
4 54
4 55
4 56
4 57
4 59
4 60
4 61
4 65
4 68
4 70
4 71
4 75
4 76
4 77
4 79
4 80
4 81
4 82
5 42
5 43
5 44
5 45
5 46
5 47
5 48
5 49
5 50
5 51
5 56
5 57
5 58
5 59
5 61
5 64
5 69
5 70
5 75
5 79
5 82
5 84
6 42
6 43
6 44
6 45
6 46
6 47
6 49
6 51
6 53
6 54
6 55
6 56
6 57
6 58
6 59
6 60
6 61
6 62
6 63
6 65
6 66
6 70
6 71
6 72
6 73
6 74
6 76
6 78
6 79
6 80
6 81
6 82
6 83
6 84
7 42
7 43
7 44
7 45
7 47
7 49
7 50
7 51
7 52
7 53
7 54
7 59
7 61
7 62
7 63
7 65
7 66
7 67
7 69
7 71
7 75
7 79
7 81
7 83
7 84
8 42
8 43
8 44
8 45
8 46
8 47
8 48
8 49
8 50
8 51
8 52
8 53
8 54
8 56
8 58
8 61
8 62
8 64
8 67
8 76
8 78
9 42
9 44
9 45
9 46
9 47
9 48
9 50
9 51
9 53
9 54
9 56
9 58
9 69
9 73
9 78
9 79
9 81
9 84
10 42
10 43
10 44
10 45
10 46
10 47
10 49
10 51
10 52
10 53
10 54
10 57
10 58
10 60
10 63
10 64
10 66
10 67
10 68
10 70
10 72
10 74
10 78
10 79
10 80
11 42
11 43
11 44
11 46
11 47
11 48
11 49
11 50
11 51
11 52
11 53
11 54
11 55
11 56
11 57
11 59
11 61
11 62
11 63
11 66
11 67
11 68
11 70
11 71
11 72
11 73
11 74
11 75
11 78
11 79
12 42
12 43
12 44
12 45
12 46
12 48
12 49
12 50
12 51
12 52
12 53
12 54
12 56
12 58
12 59
12 60
12 61
12 69
12 72
12 73
12 74
12 75
12 77
12 78
12 81
12 82
12 84
13 42
13 43
13 44
13 45
13 46
13 47
13 48
13 49
13 50
13 51
13 52
13 53
13 55
13 60
13 62
13 63
13 68
13 72
13 73
13 74
13 75
13 76
13 80
13 83
14 42
14 43
14 44
14 45
14 46
14 47
14 48
14 49
14 50
14 51
14 52
14 53
14 54
14 55
14 56
14 58
14 59
14 60
14 61
14 62
14 65
14 66
14 67
14 69
14 71
14 72
14 74
14 76
14 81
15 42
15 43
15 44
15 45
15 46
15 47
15 48
15 49
15 50
15 51
15 52
15 53
15 54
15 55
15 56
15 60
15 61
15 62
15 64
15 66
15 67
15 69
15 72
15 74
15 80
15 81
15 83
16 42
16 43
16 44
16 45
16 46
16 47
16 48
16 50
16 52
16 53
16 54
16 55
16 56
16 57
16 59
16 60
16 62
16 63
16 64
16 65
16 67
16 68
16 69
16 70
16 71
16 76
16 79
16 80
16 83
17 42
17 43
17 44
17 45
17 46
17 47
17 49
17 51
17 52
17 53
17 54
17 55
17 56
17 57
17 58
17 59
17 60
17 62
17 69
17 70
17 75
17 76
17 82
17 83
18 42
18 43
18 44
18 45
18 46
18 47
18 48
18 49
18 50
18 52
18 53
18 54
18 57
18 58
18 65
18 67
18 68
18 69
18 71
18 77
18 82
18 84
19 42
19 43
19 44
19 45
19 46
19 47
19 48
19 49
19 50
19 51
19 52
19 53
19 55
19 56
19 57
19 58
19 59
19 62
19 63
19 64
19 65
19 69
19 70
19 73
19 75
19 76
19 77
19 80
19 81
20 42
20 43
20 44
20 45
20 46
20 47
20 48
20 49
20 50
20 53
20 54
20 55
20 57
20 58
20 60
20 62
20 64
20 66
20 67
20 68
20 74
20 77
20 78
20 80
20 82
20 84
21 42
21 43
21 45
21 46
21 47
21 48
21 49
21 50
21 51
21 52
21 55
21 56
21 58
21 59
21 63
21 65
21 66
21 68
21 70
21 71
21 72
21 73
21 74
21 76
21 81
22 42
22 43
22 44
22 45
22 46
22 47
22 48
22 52
22 53
22 54
22 55
22 57
22 60
22 61
22 65
22 68
22 69
22 71
22 72
22 75
22 76
22 77
22 78
22 80
22 83
23 42
23 43
23 44
23 47
23 48
23 51
23 52
23 54
23 55
23 58
23 59
23 62
23 63
23 64
23 66
23 67
23 68
23 70
23 71
23 83
24 42
24 43
24 44
24 45
24 46
24 47
24 48
24 49
24 51
24 52
24 53
24 54
24 55
24 56
24 58
24 59
24 60
24 61
24 62
24 63
24 64
24 65
24 66
24 68
24 70
24 73
24 74
24 75
24 76
24 78
24 79
24 80
24 83
25 42
25 43
25 44
25 45
25 46
25 47
25 48
25 49
25 50
25 51
25 52
25 53
25 55
25 56
25 57
25 58
25 59
25 60
25 61
25 62
25 64
25 65
25 67
25 69
25 70
25 71
25 73
25 74
25 75
25 76
25 77
25 79
25 80
25 82
25 83
25 84
26 42
26 43
26 44
26 45
26 46
26 47
26 48
26 50
26 51
26 52
26 54
26 55
26 57
26 58
26 60
26 62
26 65
26 66
26 68
26 70
26 71
26 73
26 82
27 42
27 43
27 44
27 45
27 46
27 47
27 48
27 49
27 50
27 51
27 53
27 54
27 56
27 57
27 60
27 61
27 62
27 63
27 64
27 66
27 67
27 68
27 69
27 72
27 77
27 80
27 81
27 84
28 42
28 43
28 44
28 45
28 46
28 47
28 48
28 49
28 50
28 52
28 53
28 54
28 55
28 56
28 57
28 59
28 60
28 61
28 63
28 64
28 65
28 66
28 67
28 70
28 71
28 72
28 75
28 77
28 78
28 81
28 82
28 84
29 42
29 43
29 44
29 45
29 46
29 48
29 49
29 55
29 56
29 58
29 59
29 61
29 64
29 67
29 71
29 82
30 42
30 43
30 44
30 45
30 46
30 47
30 48
30 49
30 50
30 51
30 52
30 53
30 54
30 55
30 58
30 61
30 62
30 63
30 66
30 67
30 75
30 77
30 79
30 82
30 84
31 42
31 43
31 44
31 45
31 46
31 48
31 50
31 51
31 52
31 53
31 54
31 55
31 56
31 58
31 59
31 61
31 64
31 65
31 66
31 70
31 71
31 72
31 73
31 74
31 78
31 80
31 81
31 82
31 84
32 42
32 43
32 44
32 45
32 46
32 47
32 49
32 50
32 51
32 57
32 64
32 65
32 66
32 75
32 76
32 78
33 42
33 43
33 44
33 45
33 46
33 47
33 48
33 49
33 50
33 52
33 53
33 54
33 55
33 56
33 58
33 59
33 63
33 64
33 65
33 66
33 68
33 69
33 70
33 71
33 72
33 75
33 76
33 83
34 42
34 43
34 44
34 45
34 48
34 51
34 53
34 54
34 57
34 59
34 63
34 64
34 67
34 68
34 80
35 42
35 43
35 44
35 45
35 46
35 47
35 48
35 49
35 50
35 51
35 52
35 53
35 54
35 55
35 58
35 60
35 63
35 64
35 65
35 67
35 69
35 70
35 71
35 74
35 76
35 77
35 79
36 42
36 43
36 44
36 45
36 46
36 47
36 48
36 49
36 50
36 51
36 52
36 53
36 54
36 55
36 57
36 61
36 63
36 64
36 65
36 69
36 70
36 71
36 77
36 79
36 80
36 81
36 84
37 42
37 43
37 44
37 45
37 46
37 47
37 48
37 49
37 50
37 51
37 52
37 53
37 54
37 55
37 56
37 57
37 58
37 59
37 60
37 61
37 62
37 64
37 65
37 67
37 68
37 69
37 70
37 72
37 73
37 74
37 77
37 78
37 79
37 81
37 83
38 42
38 43
38 44
38 45
38 46
38 47
38 48
38 49
38 50
38 52
38 53
38 54
38 55
38 56
38 57
38 58
38 59
38 60
38 62
38 63
38 64
38 67
38 70
38 71
38 72
38 74
38 75
38 79
39 42
39 43
39 44
39 45
39 48
39 49
39 50
39 51
39 52
39 53
39 54
39 56
39 57
39 60
39 61
39 62
39 63
39 67
39 68
39 69
39 73
39 76
39 78
39 79
39 80
39 81
39 84
40 42
40 43
40 44
40 45
40 46
40 47
40 49
40 50
40 51
40 56
40 57
40 59
40 60
40 64
40 65
40 66
40 68
40 69
40 73
40 74
40 75
40 83
41 42
41 43
41 44
41 46
41 47
41 48
41 49
41 50
41 51
41 52
41 53
41 54
41 55
41 56
41 57
41 58
41 59
41 60
41 61
41 62
41 64
41 66
41 67
41 68
41 72
41 73
41 74
41 75
41 76
41 80
41 82
41 83
41 84
42 43
42 44
42 45
42 46
42 47
42 48
42 49
42 50
42 51
42 52
42 53
42 54
42 55
42 56
42 57
42 58
42 59
42 60
42 61
42 62
42 63
42 64
42 65
42 66
42 67
42 68
42 69
42 70
42 71
42 72
42 73
42 74
42 75
42 77
42 78
42 81
42 82
43 44
43 45
43 46
43 47
43 48
43 49
43 50
43 51
43 52
43 53
43 54
43 55
43 56
43 57
43 58
43 59
43 60
43 61
43 62
43 63
43 64
43 65
43 66
43 67
43 69
43 70
43 71
43 72
43 73
43 74
43 75
43 76
43 77
43 78
43 79
43 81
43 83
43 84
44 45
44 46
44 47
44 48
44 49
44 50
44 51
44 52
44 53
44 54
44 55
44 56
44 57
44 58
44 59
44 60
44 61
44 62
44 63
44 64
44 65
44 66
44 68
44 69
44 70
44 71
44 72
44 73
44 75
44 76
44 78
44 79
44 80
44 81
44 82
44 84
45 46
45 47
45 48
45 49
45 50
45 51
45 52
45 53
45 54
45 55
45 56
45 57
45 58
45 59
45 60
45 61
45 62
45 63
45 64
45 65
45 66
45 67
45 69
45 71
45 72
45 74
45 75
45 77
45 78
45 79
45 81
45 82
45 84
46 47
46 48
46 49
46 50
46 51
46 52
46 53
46 54
46 55
46 56
46 57
46 58
46 59
46 60
46 61
46 62
46 63
46 64
46 65
46 66
46 67
46 68
46 69
46 70
46 71
46 72
46 73
46 74
46 76
46 77
46 78
46 79
46 80
46 82
46 84
47 48
47 49
47 50
47 51
47 52
47 53
47 54
47 55
47 56
47 57
47 58
47 59
47 60
47 61
47 62
47 63
47 64
47 65
47 66
47 67
47 68
47 69
47 71
47 72
47 73
47 74
47 75
47 77
47 78
47 79
47 81
47 82
47 83
47 84
48 49
48 50
48 51
48 52
48 53
48 54
48 55
48 56
48 57
48 58
48 59
48 60
48 61
48 62
48 63
48 64
48 65
48 67
48 68
48 69
48 72
48 73
48 74
48 75
48 76
48 77
48 78
48 80
48 82
48 84
49 50
49 51
49 52
49 53
49 54
49 55
49 56
49 57
49 58
49 59
49 60
49 61
49 62
49 63
49 64
49 65
49 66
49 67
49 68
49 71
49 73
49 74
49 75
49 76
49 77
49 78
49 81
49 82
49 83
49 84
50 51
50 52
50 53
50 54
50 55
50 56
50 57
50 58
50 59
50 60
50 61
50 62
50 63
50 64
50 65
50 66
50 67
50 68
50 69
50 70
50 71
50 72
50 73
50 74
50 75
50 76
50 77
50 78
50 81
50 82
50 83
51 52
51 53
51 54
51 55
51 56
51 57
51 58
51 59
51 60
51 61
51 62
51 63
51 64
51 65
51 66
51 67
51 69
51 70
51 71
51 72
51 74
51 75
51 76
51 77
51 79
51 80
51 81
51 82
51 83
51 84
52 53
52 54
52 55
52 56
52 57
52 58
52 59
52 60
52 61
52 62
52 63
52 64
52 65
52 66
52 67
52 68
52 69
52 71
52 72
52 74
52 76
52 77
52 78
52 79
52 80
52 83
53 54
53 55
53 56
53 57
53 58
53 59
53 60
53 61
53 62
53 63
53 64
53 65
53 66
53 67
53 68
53 70
53 71
53 72
53 73
53 74
53 76
53 77
53 78
53 79
53 82
53 83
53 84
54 55
54 56
54 57
54 58
54 60
54 61
54 62
54 63
54 65
54 66
54 67
54 68
54 69
54 70
54 71
54 72
54 73
54 74
54 75
54 76
54 78
54 79
54 80
54 82
54 83
54 84
55 56
55 57
55 58
55 59
55 60
55 61
55 62
55 63
55 64
55 65
55 66
55 67
55 69
55 71
55 72
55 73
55 75
55 76
55 79
55 82
55 83
55 84
56 57
56 58
56 59
56 60
56 61
56 62
56 63
56 64
56 65
56 66
56 67
56 68
56 69
56 71
56 72
56 73
56 74
56 76
56 77
56 78
56 79
56 80
56 81
56 82
56 84
57 58
57 59
57 60
57 61
57 62
57 63
57 66
57 67
57 68
57 70
57 71
57 73
57 74
57 75
57 78
57 79
57 81
57 82
57 83
57 84
58 59
58 60
58 61
58 62
58 63
58 64
58 65
58 66
58 67
58 69
58 70
58 71
58 72
58 73
58 74
58 75
58 76
58 77
58 79
58 80
58 82
58 83
59 60
59 62
59 63
59 64
59 66
59 67
59 68
59 69
59 70
59 71
59 72
59 73
59 74
59 76
59 77
59 81
59 83
59 84
60 61
60 62
60 63
60 64
60 67
60 68
60 69
60 70
60 71
60 72
60 73
60 75
60 77
60 78
60 80
60 81
60 82
60 83
61 62
61 63
61 65
61 66
61 67
61 69
61 70
61 71
61 72
61 73
61 74
61 75
61 80
61 81
61 84
62 63
62 64
62 65
62 66
62 67
62 68
62 69
62 70
62 71
62 72
62 73
62 74
62 75
62 76
62 77
62 79
62 80
62 81
62 82
62 83
62 84
63 65
63 66
63 68
63 70
63 71
63 72
63 75
63 78
63 79
63 80
63 81
63 82
63 84
64 65
64 66
64 68
64 69
64 73
64 76
64 77
64 78
64 79
64 80
64 82
64 83
64 84
65 68
65 69
65 70
65 72
65 73
65 74
65 75
65 76
65 77
65 79
65 80
65 81
65 82
65 83
65 84
66 68
66 69
66 70
66 72
66 76
66 77
66 78
66 79
66 80
66 81
66 82
66 83
66 84
67 68
67 70
67 71
67 72
67 73
67 74
67 76
67 77
67 78
67 79
67 81
68 70
68 72
68 73
68 74
68 77
68 78
68 81
68 82
68 83
69 72
69 73
69 74
69 75
69 76
69 77
69 78
69 80
69 83
69 84
70 72
70 73
70 75
70 76
70 77
70 79
70 81
70 83
71 73
71 74
71 75
71 76
71 79
71 80
71 83
71 84
72 75
72 76
72 78
72 81
72 83
73 76
73 77
73 78
73 79
73 80
73 83
73 84
74 75
74 77
74 78
74 82
74 83
75 76
75 77
75 78
75 79
75 80
75 83
76 77
76 78
76 79
76 80
76 81
76 82
76 83
77 80
77 81
77 82
78 80
78 81
78 82
78 83
79 80
79 84
80 82
80 84
81 82
81 84
82 84