291632530
20
85
1331
0 20
0 21
0 22
0 23
0 24
0 26
0 27
0 32
0 33
0 35
0 37
0 38
0 39
0 44
0 47
0 50
0 51
0 58
0 65
0 68
0 71
0 73
0 80
0 83
0 84
1 20
1 21
1 22
1 23
1 24
1 25
1 27
1 28
1 31
1 32
1 33
1 34
1 35
1 42
1 44
1 45
1 46
1 51
1 52
1 54
1 55
1 60
1 67
1 68
1 78
1 75
2 20
2 21
2 22
2 23
2 25
2 26
2 28
2 29
2 31
2 32
2 33
2 34
2 35
2 36
2 37
2 38
2 40
2 41
2 44
2 45
2 47
2 48
2 50
2 52
2 53
2 54
2 55
2 56
2 57
2 63
2 65
2 67
2 68
2 69
2 73
2 82
2 83
3 20
3 21
3 22
3 23
3 24
3 25
3 26
3 27
3 30
3 31
3 32
3 34
3 36
3 38
3 39
3 40
3 42
3 43
3 44
3 51
3 57
3 59
3 63
3 68
3 73
3 84
4 20
4 21
4 22
4 24
4 25
4 26
4 28
4 32
4 33
4 35
4 36
4 38
4 39
4 40
4 46
4 51
4 52
4 53
4 57
4 58
4 61
4 62
4 66
4 67
4 68
4 69
4 70
4 75
4 84
4 82
5 20
5 21
5 22
5 23
5 24
5 25
5 26
5 27
5 28
5 32
5 35
5 38
5 41
5 65
5 68
5 71
5 79
5 80
5 81
5 82
5 84
5 36
6 20
6 21
6 22
6 23
6 25
6 26
6 28
6 29
6 30
6 31
6 33
6 35
6 37
6 40
6 43
6 45
6 47
6 53
6 56
6 57
6 58
6 59
6 60
6 61
6 63
6 65
6 69
6 72
6 74
6 76
6 82
6 83
6 52
7 20
7 21
7 22
7 23
7 24
7 25
7 26
7 27
7 29
7 30
7 33
7 39
7 46
7 49
7 50
7 51
7 55
7 67
7 76
7 82
8 20
8 21
8 22
8 23
8 24
8 25
8 27
8 28
8 29
8 30
8 31
8 32
8 35
8 37
8 40
8 43
8 45
8 47
8 57
8 58
8 59
8 64
8 69
8 81
8 83
8 39
9 20
9 21
9 23
9 24
9 27
9 28
9 31
9 32
9 33
9 38
9 40
9 45
9 47
9 48
9 52
9 53
9 57
9 62
9 63
9 79
9 81
9 84
10 20
10 21
10 22
10 23
10 24
10 25
10 26
10 27
10 28
10 29
10 30
10 31
10 32
10 34
10 37
10 40
10 41
10 50
10 54
10 55
10 66
10 74
10 82
10 84
11 20
11 21
11 22
11 23
11 26
11 29
11 31
11 32
11 33
11 34
11 37
11 41
11 42
11 43
11 45
11 46
11 50
11 55
11 59
11 60
11 62
11 67
11 71
11 75
11 76
11 78
11 83
11 84
12 20
12 22
12 23
12 24
12 26
12 29
12 30
12 45
12 58
13 20
13 21
13 22
13 23
13 24
13 25
13 26
13 27
13 28
13 30
13 35
13 36
13 39
13 40
13 42
13 44
13 46
13 54
13 58
13 63
13 70
13 74
13 77
13 79
13 80
13 29
14 20
14 21
14 28
14 29
14 35
14 36
14 51
14 62
14 64
14 72
15 20
15 21
15 22
15 23
15 24
15 25
15 27
15 28
15 29
15 30
15 31
15 32
15 33
15 34
15 35
15 36
15 37
15 38
15 39
15 45
15 46
15 49
15 51
15 52
15 58
15 61
15 65
15 68
15 73
15 81
15 83
16 20
16 21
16 22
16 23
16 24
16 25
16 26
16 27
16 29
16 32
16 34
16 35
16 42
16 43
16 44
16 45
16 47
16 51
16 61
16 62
16 65
16 70
16 73
16 78
17 20
17 21
17 22
17 23
17 24
17 25
17 29
17 30
17 31
17 32
17 34
17 35
17 36
17 38
17 39
17 41
17 42
17 43
17 44
17 48
17 53
17 55
17 56
17 59
17 61
17 63
17 64
17 65
17 66
17 74
17 77
17 79
17 80
17 71
18 20
18 21
18 22
18 23
18 24
18 25
18 26
18 27
18 28
18 33
18 34
18 36
18 37
18 41
18 48
18 49
18 53
18 54
18 55
18 56
18 58
18 59
18 68
18 72
18 74
18 77
18 78
18 81
19 20
19 21
19 22
19 24
19 25
19 26
19 27
19 28
19 30
19 35
19 37
19 40
19 41
19 43
19 44
19 48
19 49
19 50
19 52
19 55
19 60
19 67
19 68
19 71
19 72
19 77
20 21
20 22
20 23
20 24
20 25
20 26
20 27
20 28
20 29
20 30
20 31
20 32
20 33
20 34
20 35
20 36
20 38
20 39
20 40
20 41
20 42
20 44
20 47
20 50
20 55
20 56
20 61
20 64
20 65
20 68
20 69
20 70
20 73
20 74
20 75
20 76
20 80
20 82
21 22
21 23
21 24
21 25
21 26
21 27
21 28
21 29
21 30
21 31
21 33
21 34
21 37
21 38
21 39
21 41
21 43
21 47
21 48
21 49
21 51
21 53
21 54
21 56
21 57
21 58
21 60
21 62
21 63
21 64
21 65
21 66
21 68
21 69
21 70
21 71
21 72
21 73
21 74
21 75
21 77
21 78
21 80
21 81
21 83
21 84
21 67
22 23
22 24
22 25
22 26
22 27
22 28
22 29
22 30
22 31
22 32
22 35
22 36
22 37
22 39
22 40
22 41
22 42
22 45
22 46
22 47
22 48
22 49
22 50
22 51
22 52
22 54
22 56
22 59
22 60
22 62
22 65
22 66
22 67
22 70
22 71
22 73
22 74
22 77
22 78
22 80
22 81
22 82
22 84
22 44
23 24
23 25
23 26
23 27
23 28
23 29
23 30
23 33
23 34
23 35
23 37
23 39
23 40
23 41
23 42
23 43
23 44
23 45
23 46
23 48
23 50
23 52
23 53
23 56
23 58
23 59
23 61
23 62
23 64
23 66
23 67
23 72
23 75
23 79
23 23
23 76
24 25
24 26
24 27
24 28
24 29
24 30
24 31
24 36
24 38
24 39
24 46
24 48
24 49
24 51
24 52
24 54
24 56
24 58
24 60
24 61
24 62
24 64
24 66
24 67
24 69
24 70
24 72
24 73
24 76
24 77
24 78
24 84
25 26
25 27
25 28
25 29
25 30
25 31
25 32
25 33
25 34
25 35
25 36
25 37
25 39
25 40
25 41
25 42
25 43
25 45
25 47
25 50
25 53
25 56
25 59
25 61
25 62
25 65
25 66
25 69
25 70
25 72
25 73
25 76
25 80
25 83
26 27
26 28
26 29
26 30
26 31
26 32
26 33
26 37
26 38
26 46
26 49
26 50
26 54
26 55
26 56
26 65
26 66
26 69
26 70
26 75
26 76
26 78
26 79
26 80
26 82
26 84
26 45
27 29
27 30
27 31
27 33
27 34
27 36
27 37
27 38
27 39
27 41
27 42
27 44
27 46
27 48
27 49
27 54
27 57
27 60
27 61
27 67
27 69
27 70
27 71
28 29
28 30
28 31
28 32
28 33
28 34
28 35
28 38
28 39
28 40
28 41
28 42
28 43
28 44
28 47
28 52
28 53
28 54
28 55
28 56
28 61
28 62
28 65
28 74
28 81
29 30
29 31
29 32
29 34
29 36
29 37
29 38
29 39
29 40
29 42
29 44
29 47
29 48
29 50
29 51
29 53
29 56
29 58
29 59
29 60
29 62
29 63
29 68
29 69
29 72
29 74
29 75
29 76
29 78
29 79
29 84
29 35
30 31
30 32
30 33
30 34
30 35
30 36
30 37
30 39
30 40
30 41
30 42
30 43
30 45
30 47
30 48
30 49
30 50
30 53
30 56
30 57
30 58
30 61
30 62
30 65
30 66
30 69
30 70
30 71
30 72
30 73
30 77
30 82
30 83
31 33
31 34
31 36
31 37
31 38
31 40
31 42
31 43
31 44
31 45
31 46
31 49
31 51
31 52
31 53
31 54
31 56
31 57
31 59
31 60
31 61
31 63
31 66
31 70
31 74
31 75
31 81
31 82
31 83
31 84
32 33
32 34
32 36
32 37
32 38
32 41
32 44
32 45
32 46
32 47
32 48
32 50
32 52
32 53
32 59
32 63
32 64
32 69
32 77
32 82
32 76
33 34
33 35
33 36
33 37
33 40
33 41
33 42
33 43
33 45
33 49
33 52
33 54
33 56
33 57
33 59
33 60
33 64
33 70
33 74
33 79
34 36
34 38
34 39
34 41
34 42
34 43
34 46
34 52
34 55
34 56
34 57
34 58
34 63
34 64
34 65
34 68
34 74
34 75
34 76
34 77
34 78
34 79
34 62
35 36
35 38
35 39
35 43
35 45
35 46
35 47
35 48
35 49
35 50
35 51
35 53
35 57
35 60
35 61
35 67
35 69
35 72
35 75
35 76
35 77
35 78
35 81
35 82
35 63
36 38
36 43
36 44
36 48
36 50
36 52
36 53
36 54
36 59
36 65
36 66
36 67
36 68
36 72
36 75
36 78
36 80
37 39
37 40
37 42
37 43
37 45
37 48
37 49
37 52
37 57
37 60
37 63
37 66
37 68
37 75
37 76
37 79
37 81
37 83
37 38
37 47
38 41
38 44
38 45
38 46
38 50
38 54
38 55
38 58
38 60
38 63
38 67
38 70
38 71
38 76
38 79
38 82
38 84
38 43
39 40
39 42
39 43
39 44
39 46
39 47
39 49
39 51
39 55
39 60
39 62
39 63
39 66
39 67
39 70
39 74
39 75
39 80
39 81
39 83
39 84
39 53
40 41
40 42
40 46
40 48
40 49
40 51
40 53
40 55
40 56
40 57
40 64
40 65
40 70
40 78
40 79
40 80
40 81
40 82
40 83
41 44
41 46
41 47
41 50
41 51
41 55
41 63
41 65
41 67
41 68
41 71
41 81
42 43
42 44
42 47
42 50
42 52
42 54
42 56
42 59
42 67
42 68
42 71
42 75
42 76
42 78
42 83
43 45
43 46
43 48
43 59
43 60
43 63
43 64
43 75
43 79
43 84
44 47
44 49
44 50
44 51
44 52
44 53
44 54
44 55
44 57
44 58
44 64
44 66
44 69
44 70
44 72
44 73
44 74
44 77
44 81
44 82
44 84
44 46
45 47
45 48
45 49
45 57
45 59
45 60
45 61
45 64
45 69
45 77
46 51
46 52
46 61
46 62
46 64
46 68
46 69
46 72
46 74
46 77
46 66
47 48
47 49
47 51
47 53
47 54
47 57
47 64
47 72
47 77
47 69
48 49
48 52
48 55
48 59
48 61
48 62
48 63
48 74
48 75
48 76
48 80
49 56
49 57
49 59
49 61
49 64
49 80
49 83
49 84
50 53
50 55
50 57
50 58
50 59
50 65
50 66
50 72
50 73
50 75
50 77
50 80
51 55
51 58
51 63
51 69
51 72
51 78
51 81
52 54
52 67
52 71
52 76
52 81
52 83
53 54
53 66
53 67
53 71
53 73
54 60
54 62
54 65
54 70
54 71
54 72
54 74
54 80
54 82
55 58
55 60
55 61
55 63
55 66
55 68
55 71
55 74
56 73
56 83
57 58
57 64
57 73
57 76
57 78
57 79
57 61
58 66
58 69
58 70
58 77
58 79
58 74
58 71
59 60
59 61
59 62
59 63
59 64
59 66
59 72
59 76
59 77
60 62
60 68
60 73
60 77
60 84
61 62
61 67
61 70
61 82
62 64
62 67
62 81
63 71
64 71
65 71
65 72
65 82
66 78
66 79
66 82
66 83
66 74
67 69
67 71
67 78
67 79
67 70
67 80
68 71
68 73
68 76
68 77
68 80
69 73
69 74
69 75
70 78
70 80
71 73
71 78
72 75
72 76
72 77
73 80
73 82
74 75
74 76
74 81
75 79
75 80
75 83
76 79
76 84
77 79
77 81
79 81
81 83