167331297
16
85
1153
0 16
0 17
0 18
0 19
0 20
0 23
0 25
0 26
0 31
0 36
0 40
0 42
0 46
0 47
0 51
0 53
0 55
0 56
0 57
0 63
0 64
0 73
0 75
0 79
0 83
0 52
0 59
1 16
1 17
1 18
1 20
1 21
1 25
1 26
1 27
1 28
1 29
1 37
1 38
1 47
1 53
1 58
1 68
1 78
1 83
1 84
1 67
1 2
1 77
2 16
2 17
2 18
2 19
2 20
2 21
2 22
2 25
2 27
2 28
2 29
2 30
2 32
2 36
2 38
2 45
2 48
2 54
2 58
2 66
2 69
2 71
2 73
2 84
3 16
3 17
3 18
3 20
3 21
3 22
3 23
3 24
3 26
3 29
3 49
3 50
3 59
3 61
3 72
3 73
3 75
4 16
4 17
4 18
4 19
4 20
4 21
4 22
4 25
4 26
4 27
4 28
4 29
4 31
4 36
4 38
4 39
4 41
4 59
4 62
4 63
4 64
4 66
4 69
4 71
4 77
4 80
5 16
5 17
5 18
5 19
5 20
5 21
5 22
5 24
5 25
5 29
5 35
5 36
5 40
5 42
5 43
5 47
5 57
5 73
5 81
5 23
6 16
6 17
6 18
6 20
6 21
6 22
6 23
6 24
6 26
6 27
6 28
6 33
6 36
6 43
6 44
6 46
6 55
6 57
6 62
6 67
6 69
6 74
6 79
6 83
6 59
6 30
7 16
7 17
7 18
7 19
7 21
7 22
7 23
7 24
7 25
7 28
7 31
7 32
7 33
7 34
7 35
7 39
7 42
7 43
7 44
7 45
7 46
7 47
7 49
7 53
7 54
7 59
7 60
7 61
7 67
7 76
8 16
8 17
8 18
8 19
8 20
8 21
8 25
8 26
8 30
8 32
8 34
8 37
8 38
8 41
8 45
8 47
8 48
8 52
8 54
8 55
8 57
8 60
8 65
8 42
9 16
9 17
9 19
9 23
9 24
9 29
9 30
9 31
9 33
9 41
9 48
9 49
9 52
9 54
9 60
9 66
9 76
9 72
10 16
10 17
10 18
10 19
10 20
10 21
10 22
10 23
10 24
10 26
10 32
10 33
10 35
10 39
10 40
10 43
10 47
10 50
10 56
10 68
10 75
10 76
10 30
11 16
11 17
11 19
11 28
11 38
11 44
11 49
11 65
11 13
12 16
12 17
12 18
12 19
12 20
12 21
12 22
12 23
12 24
12 28
12 30
12 34
12 36
12 37
12 41
12 44
12 45
12 46
12 49
12 50
12 56
12 59
12 65
12 70
12 73
12 74
12 76
12 63
13 16
13 18
13 19
13 20
13 21
13 22
13 23
13 24
13 25
13 27
13 30
13 32
13 33
13 36
13 38
13 46
13 52
13 58
13 59
13 63
13 71
13 80
13 81
13 60
14 16
14 17
14 18
14 19
14 20
14 21
14 22
14 23
14 24
14 25
14 26
14 27
14 28
14 29
14 31
14 34
14 37
14 39
14 41
14 42
14 46
14 48
14 51
14 55
14 58
14 59
14 64
14 66
14 69
14 70
14 71
14 73
14 82
14 84
14 33
15 16
15 17
15 18
15 19
15 22
15 30
15 35
15 39
15 41
15 50
15 51
15 53
15 57
15 62
15 68
15 72
15 75
15 76
15 78
15 79
15 82
15 31
16 17
16 18
16 19
16 20
16 21
16 22
16 23
16 24
16 25
16 26
16 27
16 28
16 29
16 30
16 31
16 32
16 34
16 35
16 36
16 37
16 38
16 39
16 40
16 43
16 45
16 46
16 47
16 50
16 52
16 55
16 56
16 57
16 58
16 60
16 65
16 67
16 70
16 71
16 72
16 73
16 74
16 75
16 77
16 78
16 80
16 82
16 63
17 18
17 19
17 20
17 21
17 22
17 23
17 24
17 26
17 27
17 29
17 30
17 31
17 32
17 33
17 34
17 35
17 36
17 38
17 42
17 43
17 45
17 46
17 47
17 50
17 51
17 52
17 53
17 54
17 56
17 57
17 58
17 61
17 62
17 64
17 66
17 68
17 71
17 73
17 75
17 79
17 80
17 81
17 76
18 19
18 20
18 21
18 22
18 23
18 25
18 26
18 27
18 28
18 29
18 31
18 32
18 34
18 35
18 36
18 39
18 41
18 42
18 45
18 47
18 50
18 52
18 53
18 55
18 59
18 63
18 65
18 67
18 68
18 69
18 73
18 74
18 82
18 84
19 20
19 21
19 22
19 23
19 24
19 25
19 26
19 27
19 30
19 31
19 33
19 35
19 37
19 38
19 39
19 43
19 44
19 45
19 46
19 55
19 56
19 58
19 60
19 61
19 63
19 65
19 68
19 71
19 75
19 77
19 83
19 84
19 53
20 23
20 24
20 25
20 26
20 27
20 28
20 32
20 33
20 34
20 36
20 37
20 38
20 39
20 40
20 41
20 44
20 48
20 51
20 52
20 54
20 55
20 59
20 60
20 64
20 66
20 67
20 69
20 70
20 74
20 75
20 82
20 83
20 84
20 21
20 35
21 22
21 23
21 24
21 25
21 26
21 27
21 30
21 31
21 33
21 34
21 35
21 36
21 37
21 39
21 41
21 44
21 45
21 49
21 56
21 58
21 61
21 63
21 65
21 68
21 74
21 76
21 79
21 81
21 82
21 84
21 32
22 23
22 24
22 25
22 27
22 28
22 29
22 30
22 31
22 32
22 33
22 35
22 40
22 41
22 44
22 46
22 48
22 50
22 51
22 56
22 57
22 59
22 61
22 62
22 63
22 64
22 66
22 67
22 69
22 71
22 78
22 79
22 81
22 65
23 24
23 26
23 27
23 28
23 29
23 31
23 33
23 37
23 38
23 39
23 42
23 43
23 44
23 50
23 52
23 56
23 63
23 65
23 68
23 72
23 74
23 78
23 79
23 48
24 25
24 27
24 28
24 29
24 30
24 31
24 34
24 35
24 38
24 40
24 43
24 46
24 47
24 48
24 55
24 57
24 58
24 59
24 65
24 66
24 67
24 70
24 72
24 74
24 76
24 77
24 78
24 79
24 80
24 81
24 82
24 32
25 26
25 29
25 30
25 31
25 33
25 36
25 37
25 39
25 40
25 42
25 47
25 54
25 58
25 61
25 64
25 71
25 72
25 74
25 75
25 81
25 82
25 84
25 63
26 27
26 28
26 32
26 33
26 34
26 37
26 40
26 42
26 43
26 46
26 48
26 49
26 50
26 51
26 57
26 59
26 61
26 63
26 68
26 69
26 70
26 72
26 73
26 79
26 82
27 28
27 29
27 30
27 32
27 34
27 37
27 39
27 41
27 42
27 45
27 49
27 50
27 51
27 55
27 56
27 57
27 59
27 60
27 62
27 63
27 66
27 67
27 71
27 77
27 80
27 81
28 29
28 30
28 31
28 32
28 33
28 34
28 35
28 40
28 41
28 49
28 50
28 51
28 52
28 53
28 54
28 62
28 66
28 67
28 69
28 70
28 72
28 76
28 77
28 78
28 79
28 80
28 83
28 42
28 71
29 30
29 32
29 33
29 34
29 35
29 37
29 40
29 41
29 42
29 44
29 47
29 48
29 52
29 53
29 54
29 55
29 57
29 61
29 66
29 72
29 77
29 80
29 82
29 46
29 74
30 31
30 32
30 34
30 35
30 36
30 38
30 40
30 43
30 45
30 48
30 49
30 51
30 52
30 54
30 57
30 58
30 60
30 61
30 62
30 64
30 69
30 70
30 71
30 73
30 76
30 79
30 81
31 32
31 35
31 36
31 40
31 41
31 42
31 43
31 47
31 56
31 59
31 60
31 62
31 64
31 65
31 70
31 72
31 79
31 80
31 83
31 45
31 58
32 33
32 37
32 38
32 41
32 42
32 44
32 48
32 49
32 51
32 54
32 55
32 60
32 64
32 68
32 76
32 81
32 84
33 34
33 35
33 36
33 37
33 38
33 40
33 42
33 44
33 45
33 53
33 54
33 58
33 59
33 60
33 61
33 64
33 66
33 67
33 81
34 39
34 43
34 46
34 54
34 56
34 57
34 58
34 65
34 76
34 80
35 37
35 42
35 45
35 48
35 51
35 60
35 61
35 65
35 66
35 75
35 82
35 83
36 38
36 40
36 43
36 44
36 45
36 46
36 48
36 49
36 53
36 54
36 56
36 58
36 60
36 62
36 66
36 67
36 73
36 76
36 77
36 78
36 80
36 81
37 39
37 48
37 53
37 55
37 56
37 62
37 63
37 65
37 70
37 73
37 75
37 78
38 39
38 42
38 46
38 47
38 48
38 49
38 50
38 51
38 55
38 68
38 75
38 77
38 57
39 40
39 43
39 44
39 47
39 52
39 57
39 67
39 68
39 75
39 84
39 69
40 41
40 44
40 45
40 52
40 53
40 69
40 70
40 84
41 43
41 47
41 50
41 51
41 58
41 59
41 60
41 68
41 73
41 81
42 46
42 53
42 54
42 56
42 57
42 60
42 62
42 68
42 70
42 74
43 44
43 52
43 59
43 62
43 64
43 76
44 45
44 49
44 50
44 60
44 67
44 76
44 77
44 83
44 51
45 49
45 77
45 79
45 83
46 48
46 51
46 52
46 53
46 54
46 56
46 72
46 81
46 61
47 49
47 61
47 67
47 69
47 70
47 77
47 78
47 48
48 50
48 53
48 55
48 64
48 65
48 66
48 76
48 84
48 79
49 53
49 55
49 65
49 82
49 83
50 51
50 66
50 74
50 75
50 77
50 82
50 80
51 52
51 62
51 69
51 70
51 84
51 80
52 74
52 78
52 73
53 61
53 63
53 70
53 72
53 75
54 58
54 61
54 69
54 71
54 72
54 79
54 84
55 62
55 63
55 64
55 69
55 72
55 74
56 61
56 64
56 75
56 84
57 67
57 77
58 68
58 71
58 76
59 63
59 64
59 68
59 82
59 83
60 63
60 65
60 73
60 74
60 77
61 62
61 63
61 80
61 66
62 84
63 67
64 71
64 72
64 73
64 74
64 83
64 80
65 69
65 78
65 79
65 80
65 83
65 75
66 78
67 70
67 81
68 81
68 82
69 71
69 74
69 79
69 82
70 71
70 74
70 83
71 72
71 77
71 78
72 78
72 83
73 78
74 80
74 83
75 81
76 80
77 80
80 84
82 83