270358974
22
85
1391
0 22
0 23
0 24
0 26
0 27
0 28
0 31
0 32
0 40
0 43
0 45
0 59
0 66
1 22
1 23
1 24
1 25
1 26
1 27
1 28
1 34
1 36
1 37
1 39
1 42
1 47
1 48
1 50
1 51
1 53
1 56
1 58
1 64
1 65
1 70
1 72
1 76
1 66
2 22
2 23
2 24
2 25
2 26
2 30
2 31
2 32
2 34
2 38
2 39
2 44
2 47
2 50
2 52
2 54
2 66
2 69
3 22
3 23
3 24
3 25
3 26
3 27
3 28
3 29
3 30
3 31
3 32
3 33
3 34
3 35
3 36
3 38
3 40
3 41
3 43
3 45
3 49
3 51
3 52
3 53
3 55
3 59
3 60
3 61
3 69
3 71
3 72
3 73
3 76
4 22
4 23
4 25
4 28
4 31
4 32
4 37
4 39
4 40
4 41
4 42
4 46
4 51
4 60
4 66
4 81
4 83
5 22
5 23
5 24
5 25
5 26
5 27
5 28
5 29
5 30
5 31
5 33
5 34
5 36
5 37
5 39
5 40
5 42
5 43
5 47
5 48
5 49
5 52
5 57
5 60
5 62
5 63
5 70
5 74
5 77
5 78
5 79
6 22
6 23
6 24
6 25
6 26
6 27
6 29
6 30
6 33
6 34
6 36
6 37
6 38
6 39
6 41
6 44
6 45
6 46
6 47
6 49
6 50
6 54
6 56
6 57
6 59
6 60
6 62
6 69
6 81
7 22
7 23
7 24
7 25
7 26
7 28
7 29
7 30
7 32
7 34
7 35
7 39
7 41
7 42
7 44
7 45
7 46
7 47
7 50
7 51
7 57
7 58
7 61
7 63
7 67
7 69
7 72
7 81
7 82
8 22
8 23
8 24
8 26
8 27
8 28
8 29
8 30
8 33
8 35
8 37
8 38
8 39
8 41
8 42
8 43
8 53
8 56
8 59
8 63
8 67
8 68
8 71
8 80
9 22
9 23
9 24
9 25
9 27
9 29
9 32
9 37
9 38
9 40
9 43
9 52
9 56
9 59
9 65
9 68
9 72
9 74
9 76
9 84
10 22
10 23
10 24
10 25
10 26
10 27
10 28
10 29
10 31
10 32
10 33
10 35
10 36
10 39
10 40
10 41
10 45
10 46
10 47
10 48
10 56
10 58
10 60
10 65
10 68
10 69
10 72
10 74
10 81
11 22
11 23
11 24
11 25
11 26
11 27
11 28
11 29
11 30
11 33
11 39
11 40
11 43
11 44
11 45
11 55
11 57
11 62
11 64
11 65
11 67
11 70
11 74
11 76
11 80
11 82
11 42
12 22
12 23
12 24
12 25
12 26
12 27
12 29
12 31
12 34
12 35
12 38
12 41
12 43
12 48
12 49
12 54
12 55
12 66
12 68
12 70
12 71
12 74
12 78
12 83
13 22
13 23
13 24
13 27
13 28
13 30
13 32
13 35
13 55
13 56
13 62
13 73
13 79
13 83
14 22
14 23
14 25
14 26
14 27
14 28
14 29
14 31
14 32
14 33
14 35
14 36
14 37
14 40
14 41
14 42
14 44
14 45
14 50
14 51
14 56
14 57
14 58
14 60
14 66
14 68
14 72
14 79
14 80
14 81
14 83
15 22
15 24
15 25
15 26
15 29
15 31
15 32
15 33
15 35
15 41
15 45
15 46
15 47
15 49
15 50
15 52
15 54
15 59
15 65
15 66
15 73
15 77
15 79
15 82
15 84
16 22
16 23
16 24
16 25
16 26
16 27
16 28
16 29
16 30
16 31
16 32
16 34
16 35
16 36
16 38
16 42
16 48
16 52
16 53
16 54
16 56
16 59
16 65
16 70
16 71
16 72
16 75
16 77
16 79
16 84
17 22
17 23
17 24
17 25
17 26
17 27
17 28
17 29
17 30
17 31
17 32
17 34
17 36
17 38
17 39
17 42
17 43
17 44
17 45
17 50
17 52
17 53
17 54
17 55
17 58
17 59
17 60
17 61
17 62
17 63
17 64
17 68
17 69
17 72
17 73
17 75
17 76
17 77
17 78
17 81
18 22
18 23
18 24
18 25
18 26
18 27
18 28
18 29
18 30
18 32
18 34
18 35
18 36
18 37
18 38
18 40
18 41
18 44
18 47
18 48
18 50
18 54
18 58
18 60
18 68
18 72
18 74
18 78
18 82
19 22
19 23
19 24
19 25
19 26
19 27
19 29
19 30
19 31
19 32
19 33
19 34
19 35
19 37
19 40
19 43
19 44
19 49
19 54
19 55
19 69
19 75
19 83
20 22
20 23
20 24
20 25
20 26
20 28
20 30
20 33
20 36
20 37
20 39
20 52
20 65
20 66
20 68
20 73
20 74
20 76
20 77
21 22
21 23
21 24
21 25
21 27
21 28
21 30
21 31
21 33
21 38
21 40
21 42
21 43
21 45
21 49
21 55
21 68
21 81
21 82
22 23
22 24
22 25
22 26
22 27
22 28
22 29
22 30
22 31
22 32
22 33
22 34
22 35
22 36
22 38
22 39
22 40
22 41
22 45
22 46
22 51
22 54
22 55
22 57
22 60
22 61
22 62
22 63
22 64
22 65
22 66
22 69
22 70
22 71
22 72
22 76
22 78
22 81
22 83
23 24
23 25
23 26
23 27
23 28
23 29
23 30
23 31
23 32
23 33
23 34
23 36
23 37
23 38
23 39
23 40
23 41
23 42
23 43
23 44
23 45
23 46
23 48
23 49
23 51
23 52
23 53
23 54
23 57
23 58
23 61
23 62
23 63
23 66
23 69
23 70
23 71
23 73
23 74
23 75
23 78
23 83
24 25
24 26
24 27
24 28
24 29
24 30
24 31
24 32
24 33
24 34
24 35
24 36
24 37
24 39
24 40
24 42
24 43
24 46
24 47
24 48
24 49
24 52
24 53
24 54
24 55
24 57
24 59
24 60
24 61
24 62
24 63
24 67
24 68
24 69
24 72
24 73
24 75
24 76
24 80
24 84
25 26
25 27
25 28
25 29
25 30
25 31
25 32
25 33
25 34
25 35
25 36
25 37
25 38
25 39
25 40
25 41
25 42
25 43
25 44
25 45
25 46
25 47
25 48
25 49
25 52
25 54
25 55
25 56
25 58
25 59
25 61
25 63
25 64
25 67
25 70
25 71
25 73
25 75
25 76
25 78
25 80
25 82
26 27
26 28
26 29
26 30
26 31
26 32
26 33
26 34
26 35
26 36
26 37
26 38
26 41
26 43
26 44
26 45
26 46
26 48
26 49
26 50
26 51
26 55
26 56
26 58
26 61
26 62
26 63
26 65
26 67
26 75
26 76
26 79
26 80
26 81
26 82
27 28
27 29
27 30
27 31
27 33
27 34
27 35
27 36
27 37
27 38
27 40
27 41
27 42
27 44
27 46
27 48
27 50
27 54
27 55
27 56
27 57
27 59
27 60
27 62
27 63
27 64
27 65
27 66
27 67
27 68
27 69
27 71
27 72
27 73
27 75
27 77
27 78
27 80
27 82
27 84
28 29
28 30
28 31
28 33
28 34
28 36
28 37
28 40
28 41
28 42
28 43
28 44
28 48
28 49
28 51
28 53
28 55
28 56
28 57
28 59
28 60
28 61
28 62
28 63
28 65
28 67
28 68
28 70
28 72
28 73
28 74
28 75
28 76
28 79
28 80
28 81
29 30
29 31
29 32
29 33
29 34
29 35
29 36
29 37
29 38
29 39
29 40
29 42
29 45
29 46
29 48
29 51
29 53
29 56
29 59
29 62
29 63
29 65
29 66
29 67
29 69
29 72
29 74
29 79
29 82
30 31
30 32
30 33
30 34
30 35
30 36
30 37
30 38
30 39
30 42
30 43
30 46
30 48
30 49
30 52
30 53
30 55
30 56
30 57
30 58
30 64
30 65
30 67
30 69
30 71
30 76
30 78
30 80
30 82
31 32
31 33
31 35
31 39
31 42
31 44
31 46
31 48
31 50
31 52
31 53
31 54
31 57
31 64
31 65
31 67
31 71
31 73
31 75
31 81
31 83
31 84
32 33
32 34
32 35
32 36
32 37
32 38
32 40
32 42
32 43
32 44
32 46
32 47
32 48
32 49
32 50
32 53
32 54
32 57
32 61
32 63
32 66
32 68
32 70
32 71
32 74
32 76
32 77
32 80
33 34
33 35
33 36
33 38
33 39
33 40
33 41
33 43
33 44
33 45
33 46
33 47
33 49
33 50
33 52
33 56
33 59
33 61
33 68
33 69
33 75
33 76
33 77
33 83
34 35
34 36
34 37
34 39
34 42
34 46
34 47
34 49
34 51
34 52
34 55
34 56
34 58
34 59
34 63
34 64
34 66
34 67
34 68
34 74
34 75
34 82
35 37
35 38
35 40
35 41
35 44
35 45
35 46
35 47
35 48
35 49
35 50
35 52
35 55
35 56
35 57
35 58
35 59
35 63
35 70
35 73
35 74
35 78
35 81
35 83
36 37
36 38
36 39
36 41
36 42
36 49
36 51
36 52
36 54
36 55
36 58
36 60
36 64
36 71
36 73
37 38
37 41
37 44
37 45
37 47
37 50
37 51
37 53
37 54
37 58
37 60
37 61
37 63
37 66
37 67
37 70
37 77
37 79
37 80
37 84
38 39
38 42
38 43
38 44
38 47
38 50
38 51
38 52
38 57
38 61
38 64
38 65
38 66
38 70
38 71
38 72
38 73
38 76
38 80
38 83
38 84
39 40
39 41
39 43
39 45
39 47
39 50
39 51
39 54
39 58
39 60
39 64
39 68
39 69
39 72
39 74
39 76
39 78
39 79
39 80
39 84
40 41
40 48
40 49
40 51
40 52
40 55
40 56
40 61
40 64
40 69
40 76
40 79
40 80
40 84
40 44
41 42
41 43
41 44
41 45
41 46
41 48
41 49
41 52
41 53
41 54
41 60
41 62
41 64
41 66
41 68
41 73
41 75
41 76
41 77
41 80
41 84
42 43
42 44
42 45
42 46
42 47
42 48
42 51
42 53
42 56
42 57
42 58
42 60
42 63
42 65
42 75
42 69
43 44
43 45
43 46
43 47
43 48
43 50
43 51
43 52
43 55
43 57
43 58
43 60
43 65
43 69
43 79
43 80
43 81
44 47
44 49
44 50
44 53
44 58
44 59
44 61
44 63
44 70
44 71
44 72
44 77
44 79
44 81
45 46
45 47
45 48
45 49
45 50
45 57
45 58
45 59
45 61
45 62
45 63
45 66
45 68
45 70
45 75
45 80
45 81
45 83
46 47
46 50
46 53
46 54
46 57
46 59
46 60
46 62
46 63
46 64
46 65
46 66
46 76
46 79
46 82
46 84
47 51
47 54
47 56
47 61
47 63
47 72
47 75
47 77
47 80
48 51
48 52
48 53
48 54
48 57
48 60
48 64
48 68
48 70
48 74
48 79
48 83
48 84
49 50
49 51
49 53
49 56
49 59
49 63
49 64
49 65
49 73
49 74
49 82
49 84
50 51
50 53
50 55
50 58
50 61
50 64
50 69
50 70
50 72
50 74
50 75
50 77
50 78
50 83
51 53
51 55
51 56
51 60
51 61
51 66
51 77
51 78
52 53
52 62
52 64
52 65
52 66
52 71
52 73
52 76
52 78
53 59
53 60
53 61
53 62
53 64
53 79
54 55
54 59
54 62
54 64
54 67
54 68
54 70
54 71
54 77
54 81
54 83
55 57
55 62
55 68
55 70
55 75
55 77
56 57
56 58
56 61
56 62
56 66
56 67
56 72
56 78
56 80
56 84
57 58
57 69
57 74
57 82
57 83
57 84
58 61
58 62
58 65
58 67
58 71
58 72
58 73
58 74
58 78
59 62
59 67
59 69
59 71
59 76
59 81
59 84
60 65
60 67
60 70
60 71
60 77
60 83
60 84
61 67
61 73
61 77
61 78
61 80
61 82
61 83
62 64
62 68
62 73
62 74
62 76
62 77
62 79
63 66
63 67
63 81
63 83
64 67
64 70
64 73
64 79
65 71
65 73
65 74
65 68
66 67
66 82
66 84
67 69
67 70
67 72
67 74
67 81
68 69
68 77
68 78
68 79
68 82
69 71
69 75
69 77
69 78
69 82
70 71
70 75
70 77
70 79
70 84
71 75
71 82
71 84
72 78
72 84
73 75
73 79
73 80
74 83
75 78
75 79
75 81
76 78
76 81
77 80
77 82
77 83
78 83
79 81
79 82
80 82