194503552
3
85
263
0 3
0 4
0 5
0 16
0 23
0 24
0 37
0 53
0 55
0 64
0 65
0 75
1 3
1 6
1 12
1 13
1 26
1 28
1 34
1 42
1 47
1 49
1 60
1 75
1 81
2 3
2 4
2 5
2 10
2 11
2 21
2 29
2 43
2 71
2 78
2 23
3 4
3 5
3 6
3 7
3 8
3 9
3 11
3 15
3 16
3 18
3 20
3 25
3 34
3 37
3 39
3 40
3 43
3 49
3 65
3 72
3 73
3 78
3 82
3 46
4 8
4 10
4 11
4 15
4 20
4 23
4 30
4 40
4 41
4 45
4 57
4 58
4 69
5 6
5 7
5 12
5 13
5 15
5 19
5 20
5 21
5 29
5 31
5 32
5 33
5 39
5 41
5 44
5 48
5 53
5 56
5 62
5 63
5 26
6 7
6 13
6 14
6 40
6 44
6 48
6 58
6 79
7 8
7 9
7 10
7 19
7 38
7 62
7 72
7 74
8 9
8 18
8 22
8 35
8 45
8 56
8 84
9 12
9 17
9 18
9 23
9 30
9 31
9 39
9 52
9 61
9 70
9 80
10 14
10 17
10 22
10 32
10 47
10 50
10 56
10 71
10 75
11 14
11 24
11 54
11 71
12 19
12 24
12 25
12 28
12 30
12 36
12 37
12 47
12 73
14 17
14 26
14 28
14 33
14 41
14 49
14 50
14 63
15 16
15 25
15 36
15 38
15 43
15 50
16 27
16 61
16 74
19 22
19 27
19 35
19 42
19 51
19 54
19 59
20 21
20 27
20 35
20 36
21 79
22 32
22 52
22 76
22 35
23 33
23 68
23 83
24 46
24 55
24 70
25 26
25 34
25 73
26 31
26 42
27 29
27 46
27 67
27 80
27 83
27 42
27 62
29 62
29 78
30 38
30 45
30 54
31 46
31 77
31 83
32 44
32 52
32 69
33 67
34 57
34 74
35 59
35 72
35 76
35 82
35 65
36 66
36 81
36 43
36 51
39 58
39 75
41 51
41 59
41 68
42 48
42 55
42 60
42 63
42 77
43 51
45 57
45 80
46 61
47 53
47 64
47 65
47 67
47 73
50 81
51 66
51 70
51 77
53 81
56 76
57 84
58 60
58 68
60 69
61 69
62 64
65 66
66 68
66 79
71 76
73 84
74 76
78 82
78 79