674643168
4
85
381
0 4
0 5
0 7
0 11
0 12
0 13
0 19
0 23
0 24
0 29
0 30
0 38
0 40
0 44
0 45
0 53
0 56
0 58
0 76
0 20
1 4
1 6
1 8
1 10
1 11
1 12
1 13
1 20
1 29
1 55
1 60
1 64
1 69
1 7
1 80
2 4
2 5
2 7
2 8
2 10
2 15
2 24
2 27
2 37
2 39
2 41
2 65
2 70
2 72
2 69
2 23
2 50
2 68
3 4
3 5
3 6
3 9
3 28
3 34
3 39
3 40
3 48
3 50
3 82
4 5
4 6
4 8
4 9
4 16
4 18
4 21
4 25
4 28
4 33
4 34
4 45
4 51
4 64
4 73
4 78
4 80
4 47
4 72
5 6
5 7
5 8
5 14
5 16
5 17
5 20
5 21
5 22
5 29
5 43
5 48
5 49
5 65
5 68
5 71
5 74
5 80
5 84
5 52
5 15
5 27
6 7
6 10
6 11
6 14
6 18
6 19
6 22
6 28
6 30
6 36
6 38
6 51
6 54
6 59
6 61
6 64
6 68
6 70
6 75
6 79
6 49
7 9
7 12
7 14
7 15
7 17
7 21
7 24
7 25
7 31
7 42
7 43
7 44
7 47
7 59
7 67
7 72
7 75
7 54
7 69
7 74
8 9
8 11
8 12
8 13
8 31
8 32
8 44
8 55
8 58
8 68
8 69
8 29
8 48
9 10
9 13
9 18
9 23
9 24
9 30
9 31
9 32
9 35
9 42
9 43
9 44
9 62
9 70
9 47
10 15
10 17
10 19
10 20
10 21
10 23
10 26
10 29
10 31
10 36
10 39
10 47
10 48
10 53
10 57
10 61
10 71
10 77
10 78
10 83
11 14
11 58
11 59
11 66
11 32
12 15
12 16
12 17
12 18
12 27
12 37
12 40
12 51
12 53
12 54
12 56
12 77
12 81
12 70
13 19
13 35
13 53
13 57
13 76
13 73
14 16
14 23
14 30
14 33
14 41
14 49
14 56
14 61
14 78
14 84
14 46
14 34
15 20
15 22
15 26
15 33
15 34
15 38
15 40
15 41
15 42
15 46
15 47
15 56
15 60
15 69
15 72
15 81
16 66
17 25
17 26
17 46
17 50
17 51
17 62
17 66
17 19
18 28
18 32
18 36
18 37
18 21
18 67
19 32
20 45
20 52
20 64
20 72
20 37
21 22
21 25
21 84
22 36
22 55
22 60
22 40
23 27
23 69
23 75
24 26
24 34
24 35
24 37
24 39
24 46
24 47
24 52
24 69
24 80
25 27
25 35
25 41
25 63
25 73
25 83
25 38
26 80
26 39
27 33
27 54
29 55
30 81
30 76
30 35
31 49
31 50
31 62
31 84
31 54
32 38
33 60
33 37
34 45
34 46
34 81
35 58
36 55
36 79
36 53
37 57
37 67
37 71
38 42
38 62
38 76
38 83
39 48
39 77
39 83
39 57
40 54
41 43
41 50
42 63
42 65
42 75
42 76
42 69
44 63
44 67
44 74
44 79
45 71
46 49
46 52
46 59
46 60
46 46
46 54
46 71
47 52
48 65
49 83
49 75
53 69
54 57
54 78
55 67
55 73
55 74
56 66
56 74
56 60
56 82
57 61
57 79
57 82
58 83
59 82
60 68
62 63
62 79
64 73
65 66
65 77
67 77
69 70
69 81
71 77
75 82
76 79
81 84