866106330
3
85
322
0 3
0 22
1 3
1 4
1 13
1 29
1 42
1 46
1 64
1 67
1 69
1 8
2 3
2 4
2 5
2 6
2 7
2 8
2 9
2 15
2 17
2 23
2 24
2 25
2 26
2 41
2 43
2 48
2 49
2 54
2 55
2 56
2 58
2 61
2 62
2 65
2 67
2 72
2 57
2 73
2 83
3 4
3 5
3 8
3 10
3 12
3 16
3 18
3 20
3 21
3 30
3 32
3 36
3 40
3 44
3 50
3 59
3 61
3 64
3 73
3 14
3 41
3 51
4 5
4 6
4 7
4 11
4 13
4 14
4 18
4 20
4 23
4 25
4 28
4 38
4 44
4 70
4 61
5 6
5 7
5 11
5 14
5 15
5 22
5 24
5 27
5 29
5 33
5 34
5 37
5 49
5 50
5 51
5 57
5 76
5 42
5 19
5 68
5 78
6 10
6 12
6 20
6 39
6 45
6 73
6 83
6 84
6 6
6 7
6 52
7 8
7 9
7 12
7 14
7 19
7 21
7 22
7 25
7 29
7 30
7 37
7 42
7 53
7 74
7 78
7 11
7 82
8 9
8 16
8 19
8 31
8 47
8 51
8 60
8 70
8 82
8 45
9 10
9 17
9 21
9 26
9 27
9 45
9 60
9 65
9 83
9 32
9 28
9 36
9 43
10 11
10 13
10 15
10 19
10 23
10 41
10 44
11 41
11 43
11 75
12 16
12 24
12 27
12 28
12 32
12 39
12 45
12 46
12 50
12 56
12 62
12 68
12 72
12 74
12 75
12 80
12 42
12 13
12 23
12 30
12 44
12 70
13 33
13 35
13 36
13 69
13 71
13 59
14 18
14 34
14 36
14 79
14 70
14 58
15 37
15 55
16 17
16 26
16 58
16 84
16 33
16 47
16 69
17 28
17 51
17 63
17 79
17 81
18 22
18 40
18 43
18 48
18 52
18 46
18 32
21 35
21 29
22 31
22 34
23 31
23 57
23 81
24 33
24 65
24 74
25 32
25 66
25 70
25 72
25 77
26 30
26 31
26 38
26 47
26 69
26 82
26 74
27 34
27 35
27 40
28 35
28 39
28 44
28 73
30 49
30 64
30 81
30 54
30 57
30 60
31 47
31 38
31 74
32 40
33 35
33 75
33 55
34 38
34 59
34 60
34 67
34 80
34 76
35 42
35 58
35 43
35 67
37 57
37 61
37 66
37 54
37 38
37 64
38 77
40 46
40 59
41 81
42 53
42 59
43 63
43 80
44 48
44 53
44 74
44 80
45 56
45 63
45 82
45 84
46 55
46 69
46 79
46 61
46 48
47 62
47 71
48 54
49 68
49 80
50 52
51 52
51 83
51 77
52 54
54 61
55 78
56 57
57 66
59 76
61 68
61 71
61 62
63 76
64 71
65 71
68 81
70 75
72 77
72 76
74 76
74 78
78 79