170038644
5
85
441
0 5
0 6
0 7
0 9
0 19
0 20
0 21
0 24
0 27
0 28
0 31
0 35
0 37
0 38
0 43
0 48
0 49
0 53
0 58
0 61
0 62
0 75
0 81
1 5
1 6
1 7
1 8
1 9
1 33
1 74
1 46
2 5
2 6
2 7
2 13
2 15
2 24
2 49
2 52
2 57
2 69
3 5
3 6
3 9
3 10
3 12
3 17
3 36
3 39
3 52
3 60
3 77
3 40
4 5
4 8
4 9
4 10
4 11
4 12
4 16
4 18
4 19
4 27
4 29
4 31
4 32
4 34
4 37
4 41
4 43
4 51
4 53
4 56
4 59
4 67
4 68
4 76
4 17
4 82
5 6
5 7
5 8
5 10
5 11
5 13
5 14
5 15
5 17
5 19
5 22
5 23
5 25
5 28
5 29
5 34
5 36
5 45
5 47
5 48
5 53
5 56
5 57
5 63
5 66
5 67
5 68
5 76
5 80
5 82
6 7
6 8
6 10
6 11
6 12
6 13
6 15
6 20
6 23
6 24
6 26
6 29
6 40
6 52
6 58
6 63
6 65
6 66
6 75
6 16
6 21
6 32
6 44
7 8
7 11
7 12
7 14
7 15
7 16
7 17
7 18
7 25
7 30
7 31
7 33
7 34
7 37
7 43
7 44
7 46
7 59
7 60
7 65
7 67
7 68
7 77
7 7
7 72
8 9
8 14
8 18
8 19
8 22
8 23
8 24
8 26
8 32
8 41
8 45
8 50
8 56
8 60
8 61
8 62
8 63
8 64
8 65
8 49
8 46
8 58
9 10
9 11
9 12
9 13
9 14
9 21
9 23
9 25
9 32
9 33
9 40
9 42
9 45
9 46
9 61
9 62
9 71
9 76
9 77
9 83
9 84
9 15
9 59
9 70
10 16
10 20
10 25
10 26
10 39
10 54
10 55
10 29
11 16
11 17
11 18
11 30
11 36
11 53
11 62
11 64
11 75
12 13
12 15
12 16
12 19
12 24
12 30
12 37
12 46
12 51
12 54
12 55
12 82
12 83
12 62
13 14
13 21
13 28
13 31
13 37
13 44
13 76
13 80
13 54
14 18
14 20
14 21
14 28
14 33
14 41
14 43
14 51
14 54
14 63
14 66
14 70
14 76
14 45
14 69
15 17
15 21
15 22
15 26
15 34
15 35
15 36
15 39
15 40
15 61
15 64
15 75
15 78
15 80
15 24
15 41
16 61
16 68
16 38
17 22
17 29
17 35
17 44
17 46
17 48
17 50
17 58
17 70
17 72
17 73
17 62
18 22
18 30
18 33
18 39
18 41
18 52
18 57
18 62
18 65
18 75
18 79
18 84
19 20
19 64
19 65
19 66
19 43
20 31
20 59
20 69
21 23
21 25
21 28
21 30
21 42
21 47
21 59
21 60
21 71
21 74
21 80
21 81
21 83
21 84
22 27
22 35
22 36
22 47
22 58
22 63
23 27
23 45
23 49
23 55
23 79
24 26
24 29
24 38
24 40
24 42
24 50
24 74
25 27
25 34
25 35
25 40
25 44
25 47
25 54
25 70
25 72
25 74
25 51
25 50
26 55
26 72
26 43
27 32
27 38
27 51
27 71
27 72
27 80
28 79
28 82
29 84
30 42
30 69
30 70
30 81
30 83
31 32
32 39
32 49
32 50
32 60
32 63
32 64
32 78
33 41
33 43
33 84
34 38
34 78
34 60
35 54
35 56
36 42
36 48
36 58
36 73
37 38
37 44
38 58
38 77
38 78
39 45
39 67
39 79
40 48
40 51
41 46
41 69
41 83
44 55
45 50
45 52
45 63
45 84
46 47
46 59
47 49
47 53
47 78
50 57
51 56
51 57
52 79
53 81
54 77
55 68
58 79
59 73
60 78
60 82
61 66
61 67
62 73
62 80
62 76
63 70
63 71
63 72
65 82
66 69
67 71
67 73
68 81
69 83
71 74
73 81
76 77