735086818
7
85
560
0 7
0 8
0 10
0 27
0 33
0 77
0 80
1 7
1 8
1 9
1 10
1 11
1 12
1 13
1 15
1 17
1 19
1 20
1 31
1 32
1 34
1 42
1 45
1 48
1 53
1 55
1 57
1 60
2 7
2 9
2 11
2 13
2 14
2 15
2 18
2 19
2 22
2 26
2 27
2 32
2 38
2 40
2 41
2 44
2 53
2 56
2 64
2 65
2 78
2 80
3 7
3 8
3 9
3 10
3 12
3 13
3 14
3 15
3 16
3 17
3 21
3 23
3 24
3 29
3 31
3 37
3 40
3 41
3 46
3 53
3 57
4 7
4 8
4 9
4 23
4 30
4 32
4 46
4 67
5 7
5 8
5 9
5 10
5 11
5 12
5 14
5 17
5 20
5 22
5 23
5 24
5 29
5 35
5 37
5 40
5 42
5 45
5 47
5 50
5 56
5 59
5 61
5 70
5 80
6 7
6 8
6 10
6 12
6 15
6 16
6 21
6 25
6 32
6 52
6 77
6 80
6 74
6 56
7 8
7 9
7 10
7 11
7 16
7 17
7 20
7 26
7 27
7 30
7 33
7 34
7 36
7 40
7 45
7 46
7 48
7 55
7 70
7 74
7 75
7 79
7 15
7 41
8 9
8 10
8 11
8 12
8 13
8 14
8 15
8 21
8 22
8 23
8 25
8 27
8 31
8 32
8 35
8 41
8 43
8 46
8 47
8 51
8 52
8 55
8 67
8 71
8 82
8 83
9 11
9 12
9 13
9 14
9 16
9 17
9 19
9 20
9 22
9 23
9 24
9 25
9 28
9 37
9 38
9 44
9 57
9 66
9 69
9 78
9 83
9 84
10 11
10 12
10 15
10 17
10 19
10 22
10 24
10 25
10 29
10 34
10 37
10 39
10 47
10 49
10 52
10 54
10 71
10 78
10 84
11 13
11 14
11 16
11 17
11 18
11 19
11 20
11 21
11 33
11 36
11 38
11 40
11 41
11 42
11 47
11 49
11 62
11 67
11 82
11 84
11 44
12 13
12 21
12 25
12 29
12 31
12 32
12 33
12 42
12 44
12 51
12 54
12 55
12 61
12 63
12 68
12 79
12 16
13 14
13 16
13 18
13 19
13 20
13 25
13 26
13 27
13 29
13 32
13 33
13 34
13 39
13 41
13 49
13 50
13 56
13 64
13 75
13 76
13 83
14 15
14 16
14 18
14 27
14 28
14 30
14 31
14 34
14 39
14 45
14 48
14 58
14 68
14 73
14 76
14 82
15 18
15 23
15 25
15 35
15 36
15 38
15 43
15 50
15 54
15 60
15 63
15 66
15 68
15 82
15 49
16 18
16 19
16 20
16 22
16 26
16 27
16 36
16 39
16 41
16 49
16 53
16 54
16 55
16 63
16 64
16 67
16 74
16 77
16 79
16 82
16 83
16 84
16 78
17 18
17 21
17 23
17 24
17 35
17 36
17 38
17 39
17 40
17 43
17 59
17 64
17 67
17 69
17 70
18 26
18 28
18 35
18 38
18 50
18 51
18 58
18 71
18 78
19 22
19 24
19 26
19 30
19 31
19 43
19 49
19 50
19 53
19 63
19 65
19 66
19 71
19 73
19 77
19 82
19 84
19 62
20 21
20 24
20 30
20 34
20 36
20 44
20 68
20 74
20 80
21 30
21 37
21 52
21 53
21 54
21 77
21 78
21 26
22 26
22 28
22 33
22 37
22 55
22 73
22 74
22 79
22 84
23 35
23 43
23 48
23 56
23 61
23 79
24 28
24 31
24 33
24 37
24 44
24 51
24 52
24 57
24 58
24 63
24 64
24 83
24 84
25 29
25 39
25 41
25 48
25 69
25 77
26 28
26 34
26 35
26 43
26 47
26 56
26 68
27 28
27 29
27 30
27 40
27 49
27 62
27 65
27 74
27 55
28 44
28 69
28 70
28 75
29 39
29 46
29 52
29 64
29 69
29 81
30 42
30 54
30 60
30 80
31 47
31 50
31 59
31 61
31 71
31 72
31 73
32 42
32 53
32 56
32 62
32 78
32 81
32 74
33 36
33 46
33 51
33 58
33 62
33 79
34 47
34 51
34 54
34 56
34 60
34 66
34 67
34 76
34 78
35 38
35 48
35 50
35 57
35 59
35 62
36 73
36 81
36 83
37 45
37 59
37 65
37 68
38 43
38 55
38 66
38 73
39 45
39 48
39 51
39 74
40 46
40 63
40 71
41 42
41 45
41 59
41 60
41 75
42 44
42 76
43 57
43 72
46 59
46 81
47 58
47 60
47 61
47 65
47 75
48 49
48 65
49 52
49 62
49 65
49 69
49 74
50 64
50 67
50 70
50 79
50 82
51 58
51 63
51 72
51 81
53 81
53 84
53 57
54 58
54 61
54 66
54 71
54 73
54 76
55 57
55 61
55 72
58 60
59 62
59 72
60 72
61 66
61 69
61 70
62 70
63 68
66 75
66 80
67 72
69 76
70 75
70 77
70 81
74 83
75 76