570812072
6
85
500
0 6
0 7
0 11
0 12
0 13
0 14
0 19
0 20
0 22
0 36
0 42
0 43
0 55
0 84
1 6
1 7
1 8
1 9
1 27
1 29
1 33
1 38
1 47
1 53
1 60
1 71
1 82
2 6
2 15
2 18
2 22
2 33
2 38
2 68
2 17
3 6
3 7
3 8
3 9
3 10
3 11
3 14
3 15
3 17
3 18
3 26
3 30
3 43
3 45
3 56
3 74
3 77
3 81
3 64
4 6
4 7
4 8
4 27
4 39
4 74
5 6
5 7
5 8
5 9
5 10
5 11
5 13
5 16
5 17
5 20
5 26
5 30
5 32
5 43
5 47
5 54
5 57
5 59
5 75
5 84
5 81
6 7
6 8
6 9
6 10
6 11
6 12
6 17
6 18
6 19
6 24
6 25
6 28
6 35
6 39
6 42
6 43
6 50
6 51
6 37
6 52
6 75
7 8
7 9
7 10
7 11
7 12
7 13
7 14
7 16
7 17
7 28
7 29
7 35
7 36
7 37
7 45
7 47
7 53
7 63
7 73
8 9
8 10
8 11
8 12
8 22
8 23
8 24
8 27
8 28
8 31
8 32
8 37
8 46
8 52
8 54
8 58
8 62
8 65
8 72
8 73
8 75
8 78
8 80
8 82
8 84
8 34
8 56
9 10
9 12
9 13
9 14
9 16
9 18
9 20
9 21
9 23
9 25
9 32
9 36
9 38
9 39
9 40
9 41
9 42
9 47
9 49
9 55
9 63
9 70
9 74
9 77
9 80
10 12
10 14
10 15
10 16
10 17
10 19
10 21
10 22
10 25
10 28
10 30
10 31
10 35
10 37
10 39
10 56
10 58
10 70
10 72
10 83
11 13
11 15
11 19
11 23
11 24
11 31
11 35
11 38
11 44
11 46
11 47
11 51
11 52
11 58
11 75
11 76
12 13
12 16
12 22
12 26
12 27
12 28
12 32
12 33
12 34
12 37
12 41
12 45
12 54
12 64
12 65
12 72
12 69
12 70
13 14
13 15
13 17
13 20
13 21
13 25
13 27
13 42
13 48
13 58
13 79
13 81
13 34
13 80
14 15
14 16
14 18
14 19
14 21
14 22
14 23
14 24
14 30
14 33
14 34
14 38
14 43
14 48
14 51
14 53
14 55
14 60
14 64
14 67
14 69
14 70
14 71
14 75
14 77
14 42
14 66
15 18
15 20
15 21
15 23
15 24
15 29
15 35
15 42
15 45
15 49
15 51
15 63
15 69
15 71
15 76
15 43
15 53
16 44
16 57
17 21
17 23
17 25
17 31
17 32
17 39
17 55
17 57
17 63
17 66
17 73
17 77
17 68
18 19
18 20
18 24
18 25
18 28
18 32
18 34
18 50
18 51
18 61
18 66
18 82
18 83
18 42
19 26
19 29
19 33
19 35
19 38
19 39
19 40
19 43
19 48
19 52
19 57
19 58
19 60
19 61
19 62
19 68
19 71
19 75
19 78
19 81
19 83
19 84
20 34
20 44
20 49
20 45
21 26
21 30
21 31
21 33
21 53
21 63
21 65
21 79
21 43
22 26
22 34
22 62
22 64
22 68
23 29
23 44
23 51
23 65
23 83
24 27
24 37
24 41
24 49
24 50
24 52
25 40
25 42
25 45
26 41
26 50
26 55
26 57
27 36
27 52
27 53
27 54
27 61
27 62
27 69
28 29
28 30
28 31
28 44
28 45
28 46
28 55
28 59
28 60
28 62
28 84
29 34
29 40
29 46
29 56
29 68
29 72
29 38
30 36
30 41
30 54
30 58
30 79
30 81
31 49
31 64
32 46
32 62
32 64
32 72
33 44
33 67
34 36
34 40
34 46
34 48
34 49
34 65
34 69
34 72
34 84
35 54
36 37
36 40
36 52
36 57
36 61
36 66
36 82
37 67
38 41
38 48
38 66
38 74
38 76
38 77
39 47
39 50
39 56
39 59
39 57
40 67
41 67
42 76
42 79
43 67
43 73
44 56
44 69
44 78
45 59
45 77
45 78
45 69
46 64
46 68
46 81
47 48
47 63
47 67
48 50
48 56
48 61
48 66
48 70
49 69
49 71
49 73
50 61
51 59
51 65
51 76
52 53
53 66
53 68
54 80
55 59
55 60
55 83
56 84
57 70
58 60
58 82
59 79
61 74
61 75
62 77
63 78
63 80
64 74
65 71
65 78
67 70
67 73
68 79
70 80
71 81
72 76
73 82
75 80
75 83