115708661
8
85
678
0 8
0 10
0 12
0 13
0 15
0 16
0 20
0 32
0 41
0 57
0 62
0 69
0 71
0 3
0 9
1 8
1 9
1 12
1 13
1 15
1 19
1 21
1 24
1 28
1 30
1 33
1 51
1 56
1 64
1 65
1 71
1 76
1 82
1 63
2 8
2 9
2 10
2 11
2 14
2 24
2 31
2 34
2 41
2 46
2 50
2 51
2 67
2 75
2 76
2 77
2 84
2 15
3 8
3 9
3 10
3 11
3 14
3 16
3 17
3 18
3 20
3 21
3 22
3 25
3 26
3 27
3 29
3 33
3 34
3 36
3 37
3 39
3 40
3 41
3 48
3 51
3 61
3 63
3 66
3 73
3 77
3 81
3 82
3 84
3 5
4 8
4 9
4 10
4 12
4 24
4 26
4 31
4 32
4 43
4 47
4 56
4 57
4 72
4 79
4 81
4 35
4 52
5 8
5 9
5 11
5 19
5 22
5 23
5 24
5 27
5 29
5 35
5 36
5 43
5 51
5 74
6 8
6 9
6 10
6 11
6 15
6 16
6 29
6 34
6 48
6 49
6 52
6 58
6 74
6 77
7 8
7 9
7 10
7 11
7 12
7 13
7 14
7 18
7 23
7 33
7 35
7 37
7 41
7 59
7 65
7 42
7 69
7 80
8 9
8 10
8 11
8 12
8 13
8 14
8 15
8 16
8 17
8 18
8 19
8 23
8 28
8 29
8 30
8 34
8 35
8 37
8 38
8 40
8 41
8 43
8 47
8 51
8 52
8 53
8 54
8 60
8 61
8 65
8 76
8 81
8 58
8 25
8 46
9 10
9 11
9 12
9 13
9 16
9 17
9 21
9 31
9 32
9 35
9 40
9 42
9 44
9 46
9 48
9 52
9 56
9 57
9 58
9 64
9 66
9 73
9 74
9 80
9 83
10 11
10 12
10 13
10 14
10 15
10 16
10 17
10 18
10 19
10 20
10 21
10 22
10 23
10 24
10 25
10 26
10 27
10 29
10 30
10 35
10 36
10 42
10 43
10 44
10 50
10 52
10 53
10 56
10 60
10 61
10 62
10 63
10 69
10 71
10 77
10 78
10 80
10 82
10 83
10 84
11 12
11 13
11 14
11 15
11 18
11 19
11 20
11 23
11 25
11 27
11 37
11 38
11 45
11 47
11 48
11 50
11 51
11 67
11 68
11 73
11 78
11 79
11 84
11 63
12 13
12 14
12 16
12 17
12 22
12 23
12 27
12 32
12 44
12 54
12 59
12 60
12 62
12 63
12 64
12 67
12 70
12 72
12 78
12 31
12 21
12 30
12 48
13 14
13 15
13 17
13 18
13 20
13 21
13 22
13 27
13 28
13 29
13 30
13 31
13 32
13 33
13 34
13 37
13 38
13 39
13 41
13 42
13 44
13 45
13 49
13 53
13 58
13 74
13 76
13 78
13 79
13 82
13 43
14 15
14 16
14 17
14 18
14 19
14 20
14 21
14 25
14 29
14 33
14 38
14 40
14 49
14 50
14 53
14 54
14 55
14 58
14 75
14 83
15 22
15 23
15 24
15 25
15 27
15 28
15 40
15 43
15 46
15 53
15 56
15 57
15 71
15 77
15 16
15 60
16 17
16 19
16 21
16 24
16 25
16 28
16 30
16 36
16 39
16 42
16 46
16 49
16 53
16 56
16 57
16 63
16 65
16 69
16 73
16 75
16 79
16 22
17 18
17 20
17 22
17 24
17 26
17 35
17 43
17 49
17 52
17 60
17 69
17 71
17 82
18 19
18 26
18 30
18 31
18 36
18 37
18 39
18 48
18 50
18 66
18 70
18 72
18 75
19 20
19 21
19 25
19 34
19 45
19 46
19 51
19 62
19 69
19 19
19 71
20 26
20 27
20 28
20 29
20 31
20 33
20 37
20 39
20 41
20 45
20 48
20 49
20 52
20 54
20 55
20 58
20 61
20 63
20 67
20 68
20 73
20 76
20 79
20 42
21 22
21 25
21 26
21 33
21 47
21 50
21 83
21 84
21 39
21 45
22 23
22 28
22 30
22 31
22 32
22 33
22 46
22 55
22 60
22 64
22 66
22 75
22 78
22 81
22 84
23 28
23 32
23 36
23 37
23 38
23 42
23 44
23 54
23 56
23 59
23 63
23 65
23 72
23 80
23 81
23 84
23 49
23 26
23 34
23 70
23 73
23 75
24 35
24 36
24 38
24 40
24 48
24 54
24 59
24 62
24 70
24 72
24 77
24 79
24 84
24 61
25 26
25 31
26 40
26 44
26 47
26 76
26 77
27 31
27 39
27 42
27 44
27 49
27 58
27 84
27 82
28 35
28 46
28 54
28 64
28 68
28 82
28 43
28 57
29 30
29 47
29 49
29 54
29 57
29 59
29 77
29 31
30 32
30 39
30 40
30 57
30 60
30 71
30 75
31 34
31 36
31 64
31 66
31 72
31 75
31 40
31 79
32 34
32 39
32 45
32 48
32 52
32 55
32 68
32 82
32 56
32 59
33 79
33 53
34 38
34 50
34 59
34 63
35 42
35 47
35 57
35 64
35 80
36 41
36 43
36 47
36 68
36 70
36 38
37 38
37 45
37 61
37 66
37 78
38 43
38 44
38 61
38 70
38 76
38 83
38 55
39 45
39 59
40 42
40 46
40 60
40 70
40 83
41 55
41 63
42 55
42 56
42 67
42 62
43 50
43 59
43 66
43 67
43 81
44 45
44 53
44 65
44 69
44 80
44 59
45 77
46 52
46 60
46 68
46 69
46 73
46 78
46 80
47 81
47 53
47 66
48 61
48 68
48 80
49 51
49 61
49 67
49 73
50 63
51 53
51 55
51 65
51 74
52 58
52 62
52 64
53 72
53 74
54 55
54 68
54 71
54 82
54 77
56 62
56 75
57 58
57 71
57 78
57 79
58 62
59 66
59 70
59 78
60 67
61 70
62 65
62 83
63 74
65 76
65 80
65 81
66 72
67 73
68 69
70 74
70 83
71 73
72 74
72 75
72 83
76 84
80 81
80 83