365815352
10
85
797
0 10
0 12
0 13
0 14
0 17
0 21
0 22
0 24
0 29
0 30
0 59
0 63
0 80
0 81
1 10
1 11
1 12
1 13
1 14
1 15
1 16
1 18
1 20
1 21
1 22
1 23
1 24
1 25
1 27
1 28
1 29
1 30
1 32
1 34
1 36
1 38
1 42
1 46
1 49
1 56
1 62
1 66
1 67
1 70
1 74
1 80
1 83
1 26
2 10
2 11
2 12
2 15
2 16
2 17
2 18
2 24
2 25
2 27
2 36
2 41
2 43
2 48
2 50
2 55
2 66
2 68
2 70
2 81
2 84
3 10
3 11
3 13
3 15
3 16
3 17
3 22
3 24
3 30
3 39
3 82
4 10
4 11
4 12
4 14
4 15
4 16
4 19
4 23
4 26
4 32
4 44
4 45
4 61
4 62
4 66
4 41
5 10
5 11
5 13
5 16
5 18
5 22
5 30
5 61
5 71
6 10
6 11
6 12
6 13
6 14
6 17
6 19
6 21
6 24
6 26
6 29
6 31
6 33
6 35
6 36
6 38
6 41
6 46
6 48
6 78
6 82
6 84
6 34
7 10
7 11
7 12
7 13
7 14
7 16
7 18
7 19
7 20
7 26
7 27
7 32
7 47
7 48
7 53
7 57
7 65
7 72
7 83
7 56
7 58
8 10
8 11
8 12
8 15
8 17
8 18
8 19
8 20
8 26
8 27
8 34
8 45
8 65
8 66
8 68
8 78
8 84
8 16
8 24
8 39
9 10
9 11
9 12
9 13
9 14
9 16
9 23
9 28
9 36
9 50
9 75
9 77
9 26
10 11
10 12
10 13
10 14
10 15
10 18
10 20
10 21
10 22
10 23
10 25
10 26
10 27
10 28
10 29
10 30
10 31
10 32
10 33
10 34
10 39
10 41
10 42
10 46
10 47
10 48
10 53
10 54
10 55
10 56
10 57
10 58
10 59
10 64
10 67
10 68
10 69
10 71
10 72
10 73
10 74
10 19
11 12
11 13
11 14
11 15
11 16
11 19
11 20
11 21
11 22
11 25
11 26
11 27
11 29
11 30
11 31
11 35
11 38
11 39
11 42
11 44
11 47
11 52
11 53
11 59
11 64
11 65
11 70
11 77
11 80
12 13
12 14
12 15
12 16
12 17
12 18
12 19
12 21
12 22
12 23
12 24
12 29
12 30
12 32
12 33
12 37
12 41
12 42
12 47
12 48
12 49
12 51
12 52
12 55
12 58
12 62
12 64
12 66
12 67
12 68
12 69
12 74
12 80
12 31
13 14
13 15
13 16
13 17
13 19
13 20
13 21
13 23
13 25
13 28
13 29
13 30
13 35
13 47
13 48
13 51
13 52
13 53
13 56
13 57
13 77
13 79
13 80
13 81
13 46
14 15
14 17
14 18
14 19
14 20
14 21
14 25
14 26
14 28
14 29
14 30
14 32
14 34
14 35
14 39
14 42
14 44
14 45
14 49
14 57
14 62
14 63
14 64
14 79
14 55
14 27
15 17
15 18
15 19
15 24
15 25
15 27
15 31
15 33
15 37
15 38
15 39
15 40
15 41
15 47
15 55
15 57
15 64
15 65
15 68
15 69
15 70
15 72
15 73
15 76
15 80
15 81
15 16
16 17
16 20
16 22
16 23
16 24
16 25
16 33
16 34
16 36
16 37
16 38
16 44
16 45
16 46
16 53
16 54
16 56
16 59
16 62
16 63
16 65
16 71
16 74
16 82
16 80
17 18
17 19
17 27
17 28
17 33
17 34
17 37
17 43
17 44
17 50
17 51
17 52
17 54
17 58
17 61
17 77
17 78
17 31
18 20
18 25
18 31
18 32
18 33
18 36
18 37
18 40
18 43
18 51
18 52
18 69
18 76
18 78
18 82
18 84
18 35
18 75
19 20
19 21
19 22
19 23
19 27
19 28
19 33
19 34
19 35
19 36
19 37
19 40
19 48
19 53
19 54
19 55
19 57
19 58
19 59
19 60
19 64
19 65
19 66
19 67
19 70
19 73
19 74
19 81
19 83
20 21
20 24
20 28
20 31
20 34
20 36
20 59
20 72
20 74
20 75
21 22
21 23
21 26
21 28
21 29
21 32
21 35
21 40
21 42
21 45
21 48
21 54
21 55
21 58
21 60
21 61
21 62
21 68
21 76
21 46
21 51
22 23
22 26
22 30
22 31
22 33
22 34
22 36
22 37
22 38
22 40
22 45
22 46
22 51
22 57
22 58
22 73
22 76
22 83
22 56
23 24
23 26
23 28
23 31
23 39
23 44
23 45
23 46
23 48
23 51
23 52
23 60
23 63
23 74
23 76
23 80
23 40
24 25
24 37
24 51
24 53
24 55
24 56
24 59
24 67
24 71
24 77
24 81
24 84
25 27
25 39
25 42
25 45
25 53
25 60
25 61
25 64
25 76
25 77
25 78
25 80
25 83
25 31
26 32
26 35
26 40
26 42
26 46
26 52
26 63
26 69
26 70
26 79
26 82
26 83
26 27
26 59
27 29
27 31
27 32
27 34
27 35
27 38
27 39
27 41
27 43
27 56
27 57
27 78
27 79
27 81
27 84
28 33
28 35
28 58
28 59
28 67
28 73
28 82
28 83
29 31
29 39
29 49
29 56
29 64
29 70
29 71
29 78
29 32
30 36
30 43
30 47
30 71
31 38
31 41
31 46
31 60
31 66
31 70
31 71
31 76
31 81
31 83
31 45
32 35
32 37
32 38
32 46
32 54
32 62
32 63
32 73
32 84
32 80
33 44
33 45
33 49
33 51
33 54
33 66
33 67
33 68
33 75
33 79
33 83
33 84
34 37
34 38
34 41
34 43
34 44
34 47
34 49
34 55
34 59
34 63
34 65
34 67
34 68
34 70
34 76
35 40
35 42
35 44
35 45
35 47
35 49
35 51
35 56
35 79
35 65
36 40
36 41
36 43
36 76
36 77
37 40
37 41
37 54
37 58
37 70
37 78
37 73
37 74
38 39
38 40
38 42
38 43
38 44
38 50
38 57
38 58
38 65
38 74
38 75
38 83
39 43
39 46
39 50
39 51
39 60
39 61
39 66
39 67
39 73
39 80
40 50
40 71
40 78
41 43
41 47
41 49
41 52
41 58
41 62
41 77
41 75
42 50
42 53
42 61
42 69
42 78
43 50
43 61
43 71
43 72
44 49
44 55
44 60
44 68
44 77
44 80
45 48
45 53
45 60
45 79
46 50
46 52
46 59
46 61
46 62
46 73
47 49
47 50
47 54
47 60
47 68
47 74
47 75
47 76
48 52
48 56
48 63
48 69
49 55
49 62
49 57
49 68
49 77
51 56
51 57
51 69
52 57
53 54
53 75
53 84
54 60
54 61
54 66
54 72
54 75
55 65
55 69
55 72
55 79
56 63
56 73
56 82
57 71
57 82
58 63
58 64
58 72
58 82
59 64
60 65
60 75
61 71
61 67
62 71
62 73
64 80
66 67
66 72
66 75
66 76
66 79
68 69
68 77
68 83
68 82
68 84
69 72
69 73
71 82
72 74
72 75
75 81
76 84
78 79
79 80
80 81