360667199
11
85
856
0 11
0 12
0 13
0 17
0 22
0 30
0 31
0 36
0 50
0 51
0 63
0 81
0 29
1 11
1 12
1 13
1 14
1 15
1 16
1 19
1 20
1 21
1 22
1 26
1 32
1 47
1 51
1 52
1 59
1 60
1 79
1 9
1 66
2 11
2 12
2 13
2 14
2 17
2 18
2 19
2 22
2 26
2 36
2 46
2 50
2 55
2 59
2 63
2 65
2 67
2 76
2 28
3 11
3 12
3 13
3 14
3 15
3 21
3 22
3 27
3 28
3 32
3 46
3 58
3 59
3 61
3 63
3 65
3 50
4 11
4 12
4 13
4 15
4 18
4 19
4 20
4 22
4 23
4 25
4 31
4 32
4 33
4 34
4 41
4 43
4 44
4 50
4 51
4 76
4 81
4 83
4 56
5 11
5 14
5 16
5 24
5 52
5 53
5 56
5 64
5 76
5 20
6 11
6 12
6 13
6 14
6 15
6 16
6 18
6 20
6 21
6 24
6 35
6 39
6 41
6 45
6 46
6 52
6 57
6 60
6 76
6 80
6 84
7 11
7 12
7 13
7 14
7 15
7 16
7 17
7 20
7 21
7 22
7 23
7 24
7 25
7 28
7 32
7 38
7 40
7 45
7 46
7 51
7 53
7 54
7 81
7 83
8 11
8 12
8 13
8 15
8 17
8 47
8 49
8 63
8 70
8 78
8 81
8 23
9 11
9 12
9 14
9 16
9 17
9 25
9 39
9 41
9 48
9 58
9 71
9 75
10 11
10 12
10 13
10 14
10 15
10 16
10 18
10 19
10 21
10 22
10 25
10 27
10 29
10 35
10 37
10 38
10 43
10 50
10 55
10 57
10 59
10 60
10 66
10 67
10 69
10 75
10 83
11 12
11 13
11 14
11 15
11 16
11 17
11 18
11 19
11 21
11 23
11 24
11 27
11 28
11 29
11 30
11 33
11 35
11 37
11 41
11 45
11 61
11 64
11 65
11 69
11 81
11 36
12 13
12 14
12 15
12 16
12 17
12 18
12 19
12 20
12 21
12 22
12 23
12 24
12 25
12 26
12 27
12 28
12 30
12 32
12 33
12 35
12 38
12 41
12 44
12 46
12 47
12 49
12 53
12 54
12 59
12 61
12 63
12 64
12 66
12 68
12 73
12 77
12 78
12 80
12 82
12 31
12 65
13 14
13 15
13 16
13 17
13 18
13 19
13 20
13 21
13 23
13 25
13 26
13 27
13 28
13 29
13 31
13 33
13 34
13 35
13 37
13 39
13 40
13 41
13 42
13 43
13 45
13 46
13 47
13 49
13 51
13 54
13 55
13 56
13 59
13 62
13 65
13 67
13 69
13 78
13 80
13 82
13 84
13 72
13 44
14 15
14 16
14 17
14 18
14 20
14 24
14 25
14 26
14 27
14 30
14 34
14 36
14 38
14 42
14 47
14 51
14 62
14 65
14 69
14 74
14 76
14 79
14 23
15 16
15 17
15 18
15 19
15 20
15 21
15 23
15 26
15 29
15 30
15 31
15 33
15 34
15 38
15 39
15 40
15 41
15 42
15 44
15 46
15 48
15 49
15 50
15 51
15 57
15 63
15 64
15 69
15 71
15 72
15 73
15 74
15 75
15 76
15 77
15 79
15 81
15 25
16 17
16 18
16 19
16 20
16 23
16 24
16 25
16 26
16 27
16 28
16 30
16 32
16 33
16 34
16 35
16 41
16 45
16 47
16 48
16 51
16 53
16 54
16 55
16 56
16 57
16 58
16 59
16 72
16 74
16 75
16 80
16 81
16 82
16 84
16 29
17 18
17 19
17 20
17 22
17 23
17 24
17 25
17 27
17 29
17 31
17 38
17 40
17 44
17 45
17 46
17 49
17 50
17 54
17 61
17 64
17 66
17 67
17 71
17 72
17 77
17 56
18 19
18 23
18 24
18 26
18 27
18 28
18 30
18 31
18 34
18 35
18 36
18 37
18 39
18 40
18 42
18 43
18 44
18 45
18 53
18 54
18 56
18 57
18 59
18 61
18 62
18 68
18 72
18 73
18 81
18 82
19 20
19 21
19 22
19 29
19 30
19 32
19 38
19 39
19 42
19 43
19 44
19 46
19 61
19 67
19 70
19 71
19 83
19 65
20 21
20 22
20 23
20 24
20 25
20 26
20 30
20 31
20 33
20 36
20 37
20 38
20 44
20 48
20 53
20 56
20 58
20 61
20 68
20 72
20 73
20 75
20 76
20 80
20 82
20 62
21 29
21 31
21 34
21 36
21 53
21 56
21 58
21 67
21 77
21 84
21 40
22 23
22 26
22 27
22 28
22 29
22 30
22 31
22 33
22 37
22 39
22 40
22 42
22 44
22 45
22 47
22 48
22 49
22 50
22 52
22 55
22 56
22 57
22 66
22 68
23 24
23 25
23 27
23 28
23 29
23 31
23 32
23 38
23 43
23 49
23 55
23 60
23 65
23 70
23 73
23 74
23 79
23 81
23 84
23 35
23 40
24 26
24 32
24 35
24 36
24 37
24 42
24 46
24 47
24 54
24 64
24 69
24 70
24 76
24 81
24 83
24 63
25 28
25 29
25 30
25 32
25 39
25 40
25 48
25 56
25 72
25 75
25 78
25 79
25 41
26 28
26 33
26 36
26 52
26 63
26 68
26 70
26 75
26 76
27 33
27 38
27 40
27 49
27 75
27 81
27 84
27 32
27 28
28 29
28 32
28 35
28 40
28 44
28 45
28 50
28 67
28 70
28 72
29 33
29 36
29 37
29 46
29 48
29 53
29 66
29 67
29 68
29 83
30 31
30 34
30 39
30 41
30 43
30 44
30 49
30 52
30 53
30 55
30 60
30 69
30 71
30 76
30 77
30 78
30 84
31 34
31 36
31 39
31 40
31 41
31 43
31 47
31 49
31 52
31 57
31 60
31 74
31 75
31 63
32 34
32 35
32 36
32 37
32 42
32 55
32 56
32 67
32 69
32 72
32 74
32 80
33 34
33 37
33 42
33 43
33 45
33 51
33 52
33 54
33 57
33 61
33 63
33 64
33 66
33 69
33 72
33 74
33 75
33 78
33 79
33 83
34 35
34 38
34 41
34 43
34 55
34 57
34 59
34 62
34 70
34 73
34 79
35 37
35 49
35 52
35 56
35 58
35 61
35 66
35 69
35 70
36 44
36 48
36 52
36 58
36 67
36 84
36 42
37 39
37 45
37 53
37 55
37 58
37 63
37 65
37 46
38 52
38 61
38 66
38 71
39 40
39 42
39 48
39 60
39 64
39 70
39 74
39 44
39 73
40 42
40 43
40 47
40 68
40 80
40 83
40 84
41 48
41 51
41 54
41 55
41 62
41 78
42 56
42 60
42 78
43 50
43 60
43 64
43 69
43 82
44 47
44 48
44 50
44 51
44 54
44 57
44 60
44 64
44 66
44 67
44 71
44 77
45 57
45 58
45 71
46 83
47 58
47 65
47 71
47 75
47 80
48 50
48 58
48 59
48 71
49 53
49 65
49 82
50 65
50 71
50 72
50 78
51 62
52 60
53 54
53 62
53 63
53 68
54 59
54 62
54 63
54 66
54 68
54 74
54 82
55 64
55 66
55 73
55 83
56 65
56 73
56 74
56 76
56 77
57 73
57 78
57 80
57 60
58 77
58 80
59 61
59 62
59 79
59 84
60 62
61 62
61 65
61 84
62 77
64 68
64 72
64 67
65 68
65 73
65 78
65 82
66 78
67 70
67 79
67 75
68 70
68 79
68 80
69 77
71 73
71 74
71 77
71 80
71 82
72 80
75 83
75 84
76 82
77 80
78 79
78 81
78 83