737390140
13
85
975
0 13
0 14
0 15
0 17
0 18
0 24
0 29
0 76
1 13
1 14
1 15
1 16
1 17
1 18
1 21
1 22
1 23
1 24
1 27
1 30
1 32
1 37
1 40
1 41
1 42
1 43
1 44
1 46
1 52
1 56
1 61
1 65
1 66
1 69
1 71
1 72
1 74
1 76
1 82
1 83
1 84
1 45
2 13
2 15
2 16
2 21
2 23
2 28
2 29
2 30
2 32
2 40
2 50
2 58
2 59
2 61
2 62
2 71
2 73
2 51
3 13
3 14
3 15
3 16
3 17
3 18
3 19
3 20
3 22
3 23
3 24
3 30
3 32
3 33
3 34
3 41
3 42
3 44
3 45
3 46
3 52
3 55
3 58
3 66
3 72
3 80
4 13
4 14
4 15
4 16
4 18
4 19
4 20
4 22
4 24
4 25
4 26
4 28
4 30
4 31
4 33
4 35
4 36
4 37
4 40
4 41
4 42
4 57
4 61
4 62
4 68
4 74
4 77
4 81
4 49
5 13
5 14
5 15
5 16
5 17
5 19
5 20
5 21
5 23
5 28
5 32
5 33
5 37
5 39
5 43
5 45
5 46
5 50
5 53
5 60
5 63
5 68
5 74
5 79
5 51
5 58
6 13
6 14
6 15
6 16
6 17
6 18
6 19
6 21
6 22
6 24
6 25
6 26
6 27
6 28
6 29
6 31
6 32
6 34
6 38
6 41
6 43
6 46
6 48
6 50
6 53
6 57
6 59
6 60
6 61
6 64
6 67
6 69
6 73
6 78
6 80
7 13
7 14
7 17
7 19
7 20
7 23
7 26
7 31
7 35
7 44
7 45
7 48
7 62
7 64
7 71
7 79
7 15
8 13
8 14
8 16
8 17
8 18
8 21
8 24
8 27
8 29
8 31
8 34
8 38
8 46
8 47
8 77
9 13
9 14
9 15
9 16
9 17
9 18
9 19
9 20
9 21
9 22
9 25
9 27
9 28
9 30
9 31
9 36
9 40
9 42
9 43
9 46
9 49
9 55
9 63
9 64
9 65
9 77
9 80
9 50
10 13
10 14
10 15
10 25
10 26
10 29
10 36
10 37
10 39
10 42
10 44
10 52
10 55
10 62
10 67
10 73
10 16
11 13
11 14
11 15
11 16
11 18
11 20
11 30
11 33
11 40
11 43
11 47
11 71
11 68
12 13
12 14
12 15
12 16
12 17
12 18
12 19
12 20
12 30
12 31
12 32
12 33
12 36
12 42
12 44
12 50
12 51
12 52
12 53
12 57
12 58
12 63
12 64
12 66
12 67
12 69
12 70
12 74
12 77
12 81
13 14
13 15
13 16
13 17
13 18
13 19
13 20
13 21
13 22
13 23
13 24
13 25
13 26
13 27
13 29
13 30
13 31
13 33
13 34
13 36
13 40
13 45
13 47
13 48
13 49
13 51
13 52
13 53
13 55
13 58
13 62
13 63
13 65
13 66
13 67
13 69
13 70
13 72
13 75
13 76
13 80
14 15
14 16
14 17
14 18
14 19
14 22
14 23
14 24
14 25
14 26
14 27
14 28
14 29
14 34
14 35
14 37
14 38
14 39
14 43
14 44
14 46
14 48
14 49
14 53
14 54
14 55
14 56
14 57
14 58
14 59
14 60
14 64
14 65
14 67
14 69
14 70
14 71
14 74
14 78
14 81
14 84
14 14
15 16
15 17
15 18
15 19
15 20
15 21
15 22
15 23
15 24
15 27
15 28
15 33
15 35
15 41
15 43
15 44
15 48
15 50
15 52
15 53
15 55
15 57
15 60
15 63
15 64
15 66
15 68
15 69
15 71
15 73
15 74
15 83
16 17
16 19
16 20
16 21
16 23
16 24
16 26
16 32
16 33
16 34
16 35
16 36
16 43
16 44
16 45
16 46
16 52
16 58
16 61
16 70
16 72
16 18
16 77
17 18
17 19
17 20
17 21
17 22
17 23
17 24
17 25
17 26
17 27
17 35
17 37
17 39
17 41
17 42
17 43
17 44
17 48
17 51
17 52
17 54
17 55
17 57
17 59
17 62
17 67
17 68
17 72
17 74
17 75
17 76
17 78
17 79
17 83
17 84
18 19
18 20
18 21
18 22
18 23
18 25
18 27
18 28
18 29
18 34
18 37
18 41
18 45
18 47
18 49
18 50
18 51
18 54
18 62
18 63
19 20
19 21
19 22
19 26
19 27
19 30
19 31
19 32
19 36
19 37
19 39
19 45
19 47
19 48
19 54
19 55
19 56
19 57
19 60
19 66
19 68
19 71
19 76
19 77
19 80
19 84
20 21
20 22
20 25
20 27
20 31
20 35
20 36
20 37
20 38
20 39
20 47
20 49
20 55
20 57
20 73
20 75
20 76
20 79
20 80
20 82
20 30
20 78
21 22
21 23
21 24
21 25
21 26
21 27
21 28
21 29
21 31
21 33
21 35
21 36
21 39
21 41
21 42
21 47
21 52
21 54
21 62
21 71
21 55
22 23
22 24
22 25
22 26
22 28
22 30
22 32
22 33
22 35
22 37
22 38
22 39
22 40
22 41
22 42
22 44
22 45
22 50
22 51
22 52
22 56
22 60
22 62
22 63
22 65
22 67
22 69
22 70
22 73
22 74
22 81
22 82
22 84
22 22
23 25
23 29
23 31
23 32
23 34
23 37
23 38
23 51
23 57
23 60
23 71
24 25
24 26
24 29
24 30
24 32
24 34
24 35
24 42
24 45
24 46
24 47
24 55
24 56
24 59
24 61
24 67
24 75
24 77
25 26
25 28
25 31
25 32
25 34
25 37
25 38
25 39
25 41
25 42
25 51
25 54
25 55
25 58
25 60
25 61
25 64
25 68
25 73
25 78
25 80
25 82
25 84
25 27
26 27
26 28
26 29
26 34
26 36
26 37
26 40
26 43
26 44
26 48
26 50
26 57
26 61
26 65
26 66
26 71
26 49
26 69
27 28
27 30
27 31
27 32
27 35
27 38
27 44
27 48
27 49
27 50
27 53
27 54
27 66
27 70
27 77
27 82
27 62
27 68
28 29
28 38
28 40
28 41
28 42
28 45
28 49
28 60
29 30
29 33
29 35
29 36
29 51
29 63
29 67
29 75
29 83
29 65
29 40
29 54
30 33
30 34
30 41
30 53
30 59
30 62
30 77
30 80
30 84
30 46
31 36
31 38
31 53
31 54
31 64
31 70
31 72
31 75
31 76
31 79
31 81
31 82
31 83
31 34
32 33
32 34
32 36
32 38
32 40
32 43
32 45
32 46
32 49
32 50
32 54
32 60
32 69
32 75
32 79
32 72
33 39
33 47
33 49
33 59
33 64
33 65
33 70
33 73
33 81
33 82
33 40
34 35
34 38
34 39
34 40
34 52
34 59
34 61
34 67
34 69
34 77
35 40
35 43
35 46
35 47
35 48
35 72
35 73
35 75
35 52
36 38
36 49
36 50
36 54
36 55
36 56
36 57
36 58
36 70
36 75
36 40
37 39
37 50
37 59
37 70
37 75
37 77
37 83
38 39
38 44
38 47
38 55
38 56
38 67
38 73
38 77
39 40
39 41
39 42
39 43
39 48
39 49
39 54
39 70
39 73
39 74
39 82
39 84
40 45
40 46
40 47
40 61
40 68
40 76
40 80
41 51
41 53
41 56
41 58
41 62
41 65
41 81
42 50
42 51
42 52
42 53
42 56
42 58
42 61
42 65
42 71
42 75
42 78
42 82
42 83
42 84
42 79
43 45
43 48
43 49
43 72
43 73
43 76
43 78
43 79
43 80
44 46
44 47
44 48
44 51
44 58
44 59
44 60
44 65
44 68
44 69
44 84
44 67
44 74
45 51
45 52
45 54
45 64
45 66
45 67
45 83
46 56
46 58
46 64
46 66
46 72
47 49
47 66
47 68
47 82
48 56
48 62
48 70
48 74
48 84
49 56
50 51
50 53
50 56
50 60
50 63
50 72
50 79
50 82
51 76
51 62
52 53
52 57
52 77
53 54
53 58
53 59
53 61
53 63
53 64
53 65
53 69
53 71
53 81
53 83
54 60
54 61
54 78
55 57
55 59
55 64
55 65
55 72
55 78
56 63
56 66
56 79
56 81
56 83
57 70
57 78
57 79
57 81
57 68
58 59
58 62
58 63
58 78
59 68
60 69
60 77
60 84
61 82
61 83
62 63
62 68
62 76
62 78
63 71
64 65
64 66
64 72
64 82
64 83
65 68
65 74
65 73
66 67
66 81
67 68
67 69
67 72
67 79
67 80
68 73
68 74
68 78
68 79
68 81
69 78
69 80
69 83
70 75
70 79
72 75
72 76
73 74
74 76
74 80
75 81
77 83
78 82
80 81
82 84