959338492
12
85
916
0 12
0 13
0 14
0 15
0 16
0 17
0 18
0 21
0 25
0 30
0 33
0 44
0 55
0 67
0 69
0 78
1 12
1 13
1 14
1 15
1 16
1 17
1 19
1 20
1 22
1 27
1 32
1 35
1 46
1 50
1 51
1 52
1 57
1 59
1 64
1 68
1 82
1 83
1 5
1 10
2 12
2 13
2 14
2 16
2 17
2 18
2 19
2 20
2 22
2 29
2 30
2 31
2 32
2 40
2 42
2 47
2 54
2 57
2 63
2 67
2 68
2 78
2 83
2 84
2 51
2 77
3 12
3 13
3 15
3 16
3 17
3 18
3 19
3 20
3 21
3 24
3 32
3 34
3 35
3 38
3 41
3 43
3 45
3 53
3 55
3 60
3 61
3 70
3 75
3 68
4 12
4 14
4 15
4 16
4 19
4 26
4 62
4 66
4 67
4 74
4 76
4 75
5 12
5 13
5 15
5 17
5 23
5 29
5 35
5 37
5 40
5 45
6 12
6 13
6 14
6 15
6 16
6 17
6 18
6 20
6 21
6 22
6 23
6 24
6 25
6 26
6 27
6 31
6 37
6 42
6 44
6 49
6 55
6 62
6 67
6 68
6 77
6 79
6 81
6 83
6 19
6 28
6 74
7 12
7 13
7 14
7 15
7 18
7 19
7 20
7 22
7 23
7 25
7 29
7 32
7 35
7 38
7 39
7 46
7 51
7 55
7 69
7 72
7 73
7 37
8 12
8 13
8 14
8 15
8 16
8 18
8 24
8 25
8 26
8 28
9 12
9 13
9 14
9 17
9 19
9 20
9 22
9 23
9 25
9 26
9 28
9 36
9 38
9 42
9 43
9 44
9 47
9 52
9 53
9 54
9 59
9 66
9 70
9 73
9 78
9 49
10 12
10 13
10 14
10 21
10 26
10 41
10 51
10 61
10 77
10 83
11 12
11 13
11 14
11 15
11 16
11 17
11 18
11 21
11 23
11 24
11 26
11 27
11 33
11 34
11 36
11 44
11 48
11 69
11 76
12 13
12 14
12 15
12 16
12 17
12 18
12 19
12 20
12 21
12 22
12 23
12 24
12 27
12 28
12 29
12 30
12 32
12 37
12 38
12 40
12 41
12 42
12 44
12 45
12 46
12 49
12 55
12 56
12 58
12 62
12 65
12 67
12 69
12 72
12 74
12 77
12 81
12 84
13 14
13 15
13 16
13 17
13 18
13 20
13 21
13 22
13 23
13 24
13 26
13 27
13 28
13 30
13 31
13 32
13 35
13 36
13 40
13 41
13 42
13 43
13 45
13 48
13 49
13 53
13 54
13 56
13 57
13 59
13 66
13 71
13 79
13 70
13 60
14 15
14 16
14 18
14 19
14 20
14 25
14 26
14 27
14 30
14 31
14 32
14 35
14 36
14 37
14 39
14 40
14 44
14 45
14 47
14 52
14 57
14 59
14 62
14 65
14 69
14 70
14 74
14 75
14 82
15 16
15 17
15 19
15 21
15 22
15 23
15 26
15 29
15 39
15 53
15 56
15 60
15 78
15 81
15 83
15 62
16 17
16 18
16 19
16 20
16 21
16 24
16 25
16 29
16 32
16 33
16 41
16 43
16 46
16 47
16 50
16 52
16 53
16 62
16 63
16 65
16 76
16 79
16 84
16 81
17 18
17 19
17 21
17 23
17 25
17 26
17 27
17 28
17 30
17 32
17 34
17 35
17 39
17 45
17 47
17 51
17 53
17 59
17 60
17 66
17 72
17 75
17 20
18 19
18 20
18 22
18 23
18 24
18 25
18 28
18 29
18 30
18 33
18 34
18 35
18 39
18 40
18 43
18 45
18 47
18 52
18 53
18 64
18 75
19 20
19 21
19 22
19 23
19 24
19 25
19 27
19 28
19 30
19 31
19 33
19 34
19 37
19 39
19 41
19 42
19 43
19 44
19 50
19 54
19 56
19 58
19 63
19 64
19 71
19 73
19 80
19 81
19 84
19 45
19 59
20 21
20 22
20 24
20 25
20 26
20 27
20 28
20 30
20 31
20 32
20 33
20 35
20 36
20 40
20 42
20 48
20 50
20 53
20 54
20 57
20 61
20 62
20 65
20 67
20 70
20 72
20 73
20 74
20 76
20 77
20 78
20 84
20 29
20 55
21 22
21 23
21 24
21 25
21 28
21 29
21 31
21 34
21 35
21 39
21 41
21 42
21 46
21 47
21 62
21 63
21 65
21 69
21 71
21 73
21 79
21 83
22 27
22 29
22 30
22 33
22 36
22 37
22 39
22 40
22 43
22 44
22 47
22 48
22 49
22 52
22 55
22 56
22 57
22 58
22 61
22 63
22 70
22 71
22 73
22 76
22 79
22 84
23 24
23 26
23 28
23 31
23 38
23 43
23 49
23 61
23 65
23 66
23 70
23 71
23 83
24 28
24 29
24 31
24 33
24 36
24 39
24 40
24 41
24 44
24 47
24 55
24 56
24 64
24 67
24 68
24 71
24 73
24 74
24 75
24 76
24 77
24 78
24 80
24 82
24 83
25 27
25 31
25 33
25 34
25 38
25 41
25 42
25 44
25 45
25 52
25 53
25 60
25 68
25 69
25 71
25 75
25 79
25 80
25 81
25 78
26 27
26 31
26 33
26 34
26 35
26 38
26 39
26 42
26 46
26 48
26 51
26 52
26 60
26 63
26 75
26 79
27 28
27 29
27 31
27 38
27 40
27 42
27 43
27 45
27 46
27 49
27 50
27 53
27 54
27 59
27 60
27 61
27 62
27 65
27 69
27 70
27 74
27 80
27 81
27 82
27 84
28 29
28 30
28 32
28 33
28 36
28 39
28 45
28 48
28 52
28 54
28 57
28 59
28 64
28 68
28 80
29 30
29 32
29 34
29 37
29 38
29 39
29 40
29 41
29 44
29 56
29 58
29 63
29 64
29 65
29 66
29 70
29 71
29 73
29 74
29 77
29 78
30 33
30 35
30 37
30 43
30 45
30 49
30 53
30 55
30 61
30 77
30 80
30 84
31 34
31 36
31 41
31 49
31 50
31 51
31 56
31 58
31 60
31 73
31 66
32 34
32 36
32 37
32 38
32 49
32 58
32 59
32 62
32 66
32 68
32 81
32 80
33 34
33 36
33 37
33 38
33 46
33 47
33 51
33 56
33 65
33 66
33 69
33 71
33 72
33 79
33 39
34 37
34 38
34 47
34 48
34 51
34 52
34 61
34 64
34 65
34 68
34 69
34 73
34 75
34 78
34 79
34 80
34 41
35 36
35 42
35 46
35 55
35 56
35 57
35 58
35 63
35 64
35 69
35 75
35 79
35 82
35 84
35 78
36 37
36 48
36 51
36 58
36 67
36 71
36 80
36 81
37 40
37 41
37 50
37 51
37 56
37 57
37 58
37 68
38 46
38 51
38 52
38 54
38 58
38 59
39 43
39 48
39 50
39 57
39 60
39 61
39 78
40 43
40 48
40 49
40 59
40 72
40 42
41 52
41 59
41 60
41 64
41 72
42 44
42 45
42 46
42 48
42 51
42 54
42 55
42 58
42 59
42 63
42 66
42 67
42 72
42 74
42 76
42 79
42 83
42 70
43 49
43 53
43 54
43 63
43 68
43 74
43 81
43 69
44 63
44 67
45 46
45 47
45 50
45 55
45 61
45 67
45 70
45 71
45 64
46 50
46 54
46 62
46 70
47 48
47 50
47 56
47 61
47 75
47 76
48 49
48 60
48 61
48 82
49 50
49 66
49 72
50 65
50 68
50 70
50 76
50 82
50 51
51 54
51 64
51 73
52 60
52 77
52 80
52 56
52 70
53 55
53 70
53 73
53 74
53 83
54 58
55 57
55 64
55 68
56 57
56 60
56 62
56 64
56 66
56 79
57 66
57 76
57 78
58 80
59 62
59 65
59 74
59 80
59 82
60 63
60 68
60 71
60 75
60 76
60 84
61 76
62 72
62 77
62 83
63 67
63 72
63 82
65 69
65 78
66 72
66 77
67 75
67 78
67 80
67 84
67 72
68 80
68 81
68 82
68 83
69 81
70 82
72 74
72 77
72 81
73 82
74 77
75 82
76 79
79 84
81 83
82 84