209595356
8
900
7851
0 8
0 10
0 11
0 12
0 13
0 16
0 18
0 20
0 21
0 25
0 29
0 30
0 35
0 37
0 39
0 43
0 46
0 55
0 56
0 57
0 59
0 63
0 65
0 66
0 68
0 79
0 88
0 90
0 109
0 111
0 112
0 123
0 131
0 140
0 154
0 157
0 158
0 159
0 161
0 172
0 174
0 181
0 184
0 206
0 216
0 218
0 241
0 273
0 296
0 299
0 313
0 321
0 327
0 332
0 342
0 351
0 393
0 407
0 438
0 442
0 452
0 478
0 484
0 505
0 527
0 536
0 588
0 596
0 628
0 642
0 647
0 682
0 714
0 717
0 724
0 725
0 733
0 772
0 778
0 793
0 879
0 895
0 144
0 5
0 280
0 311
0 553
0 569
0 621
0 728
0 735
0 791
0 872
0 889
1 8
1 9
1 10
1 11
1 12
1 13
1 15
1 17
1 22
1 26
1 30
1 33
1 42
1 55
1 56
1 57
1 67
1 78
1 95
1 97
1 100
1 103
1 108
1 127
1 133
1 141
1 144
1 149
1 154
1 171
1 174
1 176
1 201
1 203
1 210
1 214
1 220
1 222
1 223
1 224
1 228
1 248
1 274
1 301
1 304
1 316
1 322
1 323
1 354
1 371
1 377
1 391
1 392
1 399
1 405
1 428
1 431
1 437
1 454
1 483
1 490
1 514
1 525
1 534
1 551
1 556
1 589
1 593
1 595
1 620
1 658
1 692
1 723
1 812
1 827
1 830
1 838
1 839
1 846
1 856
1 864
1 897
1 170
1 286
2 8
2 9
2 56
2 71
2 155
2 172
2 208
2 292
2 391
2 587
2 616
2 3
2 749
3 8
3 9
3 10
3 11
3 12
3 13
3 14
3 15
3 17
3 18
3 19
3 22
3 25
3 26
3 28
3 32
3 33
3 34
3 36
3 39
3 41
3 59
3 60
3 66
3 69
3 70
3 72
3 74
3 76
3 79
3 86
3 94
3 95
3 97
3 99
3 110
3 114
3 119
3 126
3 127
3 131
3 145
3 163
3 167
3 188
3 194
3 195
3 213
3 227
3 232
3 233
3 241
3 242
3 245
3 251
3 252
3 270
3 276
3 281
3 283
3 301
3 306
3 335
3 357
3 384
3 391
3 394
3 407
3 410
3 426
3 467
3 559
3 561
3 576
3 607
3 620
3 621
3 646
3 687
3 693
3 707
3 737
3 753
3 791
3 798
3 853
3 865
3 868
3 899
3 469
3 44
3 71
3 228
3 475
3 703
4 8
4 9
4 10
4 12
4 13
4 15
4 20
4 21
4 25
4 27
4 29
4 31
4 34
4 35
4 38
4 40
4 42
4 49
4 51
4 55
4 62
4 70
4 72
4 81
4 83
4 94
4 106
4 113
4 116
4 129
4 131
4 132
4 134
4 136
4 140
4 174
4 181
4 188
4 223
4 239
4 271
4 273
4 281
4 285
4 288
4 293
4 335
4 343
4 346
4 355
4 363
4 367
4 389
4 393
4 403
4 407
4 414
4 424
4 425
4 433
4 451
4 453
4 456
4 465
4 498
4 509
4 514
4 533
4 546
4 554
4 592
4 597
4 617
4 651
4 663
4 673
4 682
4 687
4 710
4 718
4 729
4 731
4 747
4 755
4 765
4 781
4 794
4 796
4 824
4 869
4 885
4 886
4 887
4 56
4 118
4 185
4 304
4 537
4 665
4 719
4 789
5 8
5 9
5 10
5 12
5 13
5 16
5 18
5 19
5 24
5 26
5 29
5 30
5 32
5 42
5 48
5 52
5 58
5 82
5 88
5 89
5 108
5 113
5 134
5 144
5 155
5 183
5 199
5 229
5 247
5 253
5 268
5 273
5 274
5 296
5 342
5 343
5 372
5 389
5 398
5 400
5 403
5 446
5 460
5 505
5 567
5 570
5 588
5 596
5 610
5 626
5 627
5 630
5 662
5 667
5 669
5 674
5 681
5 764
5 792
5 796
5 810
5 841
5 869
5 98
5 468
5 508
5 618
6 8
6 9
6 11
6 17
6 23
6 36
6 47
6 60
6 98
6 99
6 123
6 128
6 152
6 200
6 203
6 211
6 226
6 278
6 316
6 343
6 362
6 483
6 503
6 549
6 573
6 636
6 666
6 668
6 699
6 811
6 885
6 389
6 714
7 8
7 9
7 10
7 11
7 14
7 15
7 18
7 20
7 22
7 27
7 32
7 35
7 39
7 44
7 47
7 50
7 51
7 52
7 66
7 68
7 71
7 78
7 81
7 85
7 87
7 100
7 102
7 104
7 112
7 115
7 124
7 129
7 137
7 139
7 161
7 162
7 166
7 175
7 177
7 182
7 186
7 188
7 189
7 194
7 199
7 210
7 212
7 238
7 246
7 264
7 300
7 306
7 308
7 318
7 325
7 329
7 333
7 335
7 347
7 369
7 400
7 412
7 428
7 440
7 485
7 497
7 511
7 517
7 520
7 530
7 598
7 615
7 640
7 643
7 653
7 670
7 686
7 695
7 699
7 707
7 714
7 751
7 761
7 766
7 771
7 777
7 782
7 786
7 801
7 803
7 819
7 821
7 826
7 876
7 883
7 886
7 899
7 25
7 67
7 77
7 136
7 203
7 352
7 429
7 559
7 581
7 712
7 784
8 9
8 10
8 11
8 12
8 14
8 15
8 17
8 18
8 19
8 20
8 23
8 24
8 27
8 28
8 32
8 33
8 36
8 38
8 45
8 46
8 53
8 54
8 55
8 58
8 61
8 75
8 78
8 79
8 81
8 85
8 88
8 89
8 117
8 132
8 146
8 148
8 160
8 163
8 165
8 180
8 183
8 187
8 203
8 208
8 214
8 222
8 226
8 227
8 240
8 244
8 254
8 258
8 263
8 266
8 274
8 281
8 286
8 288
8 290
8 300
8 309
8 358
8 363
8 385
8 388
8 413
8 427
8 466
8 488
8 533
8 539
8 573
8 583
8 601
8 608
8 609
8 614
8 617
8 621
8 629
8 633
8 640
8 671
8 682
8 712
8 741
8 750
8 752
8 785
8 789
8 791
8 793
8 795
8 826
8 836
8 887
8 897
8 127
8 129
8 139
8 247
8 338
8 366
8 368
8 399
8 511
9 10
9 11
9 12
9 13
9 14
9 18
9 19
9 20
9 21
9 23
9 24
9 25
9 26
9 27
9 28
9 29
9 30
9 31
9 33
9 35
9 37
9 39
9 41
9 50
9 51
9 52
9 57
9 62
9 64
9 65
9 69
9 70
9 74
9 77
9 79
9 80
9 83
9 84
9 85
9 87
9 89
9 91
9 92
9 97
9 98
9 101
9 103
9 104
9 106
9 110
9 111
9 120
9 122
9 123
9 124
9 125
9 130
9 131
9 134
9 135
9 146
9 148
9 149
9 152
9 153
9 158
9 162
9 166
9 168
9 169
9 177
9 179
9 186
9 188
9 190
9 193
9 199
9 202
9 209
9 211
9 214
9 217
9 219
9 228
9 229
9 232
9 241
9 248
9 265
9 267
9 280
9 283
9 285
9 286
9 338
9 345
9 356
9 358
9 359
9 368
9 376
9 381
9 383
9 397
9 401
9 418
9 419
9 434
9 440
9 449
9 463
9 464
9 466
9 476
9 485
9 503
9 512
9 513
9 517
9 518
9 529
9 532
9 538
9 547
9 556
9 563
9 569
9 590
9 594
9 599
9 600
9 623
9 630
9 641
9 643
9 665
9 691
9 705
9 706
9 707
9 723
9 728
9 771
9 788
9 795
9 818
9 827
9 845
9 857
9 881
9 884
9 899
9 36
9 167
9 191
9 231
9 314
9 411
9 549
9 558
9 610
9 612
9 639
9 683
9 769
9 854
9 862
9 893
10 11
10 13
10 14
10 15
10 16
10 17
10 19
10 20
10 22
10 23
10 31
10 38
10 43
10 45
10 46
10 48
10 51
10 53
10 63
10 66
10 68
10 77
10 79
10 84
10 91
10 92
10 93
10 100
10 107
10 110
10 111
10 113
10 115
10 119
10 121
10 127
10 130
10 132
10 134
10 136
10 139
10 149
10 158
10 171
10 180
10 184
10 185
10 191
10 192
10 203
10 212
10 214
10 215
10 232
10 234
10 237
10 251
10 255
10 265
10 273
10 274
10 284
10 292
10 297
10 309
10 322
10 326
10 327
10 332
10 338
10 363
10 378
10 384
10 391
10 398
10 406
10 414
10 427
10 439
10 444
10 469
10 484
10 486
10 500
10 508
10 525
10 557
10 589
10 602
10 615
10 616
10 635
10 646
10 652
10 654
10 657
10 663
10 665
10 677
10 685
10 693
10 700
10 711
10 718
10 740
10 793
10 798
10 816
10 893
10 897
10 696
10 39
10 164
10 430
10 695
10 713
10 773
10 896
11 12
11 13
11 14
11 15
11 16
11 17
11 21
11 22
11 24
11 25
11 26
11 31
11 32
11 34
11 35
11 37
11 40
11 42
11 43
11 44
11 52
11 53
11 58
11 62
11 64
11 73
11 74
11 76
11 81
11 88
11 89
11 91
11 93
11 105
11 109
11 113
11 136
11 137
11 138
11 162
11 163
11 170
11 174
11 175
11 201
11 202
11 208
11 210
11 211
11 218
11 251
11 256
11 274
11 275
11 279
11 286
11 295
11 306
11 309
11 328
11 331
11 337
11 339
11 343
11 358
11 364
11 367
11 380
11 381
11 395
11 400
11 404
11 415
11 430
11 431
11 432
11 435
11 442
11 448
11 465
11 511
11 514
11 535
11 546
11 548
11 551
11 570
11 575
11 585
11 608
11 634
11 644
11 651
11 652
11 712
11 715
11 745
11 756
11 763
11 776
11 818
11 831
11 835
11 841
11 865
11 869
11 871
11 68
11 75
11 85
11 750
11 853
12 14
12 16
12 19
12 20
12 31
12 32
12 33
12 36
12 37
12 47
12 48
12 68
12 76
12 80
12 86
12 90
12 94
12 96
12 104
12 111
12 121
12 127
12 128
12 130
12 140
12 153
12 155
12 156
12 159
12 168
12 176
12 189
12 193
12 210
12 222
12 233
12 237
12 243
12 250
12 268
12 286
12 289
12 305
12 306
12 307
12 314
12 315
12 316
12 324
12 330
12 340
12 349
12 367
12 373
12 399
12 409
12 448
12 449
12 466
12 470
12 486
12 491
12 501
12 522
12 547
12 565
12 594
12 598
12 641
12 646
12 648
12 674
12 691
12 692
12 705
12 713
12 727
12 780
12 784
12 786
12 833
12 847
12 865
12 883
12 896
12 898
12 26
12 109
12 160
12 378
12 459
12 467
12 602
12 606
12 676
13 14
13 15
13 16
13 17
13 21
13 23
13 24
13 29
13 32
13 37
13 40
13 44
13 45
13 53
13 61
13 65
13 69
13 75
13 81
13 90
13 91
13 92
13 99
13 100
13 101
13 114
13 118
13 131
13 132
13 141
13 161
13 170
13 176
13 179
13 182
13 196
13 197
13 206
13 220
13 231
13 234
13 248
13 257
13 260
13 266
13 292
13 324
13 347
13 370
13 374
13 384
13 387
13 421
13 447
13 449
13 452
13 453
13 487
13 500
13 506
13 510
13 516
13 527
13 528
13 557
13 567
13 576
13 590
13 613
13 640
13 653
13 753
13 775
13 800
13 808
13 817
13 849
13 850
13 863
13 890
13 892
13 777
13 287
13 709
14 16
14 17
14 21
14 22
14 24
14 31
14 35
14 36
14 37
14 38
14 42
14 45
14 50
14 54
14 57
14 64
14 65
14 72
14 76
14 87
14 93
14 106
14 120
14 122
14 127
14 137
14 141
14 143
14 146
14 150
14 163
14 170
14 172
14 187
14 191
14 197
14 204
14 206
14 207
14 209
14 230
14 240
14 250
14 257
14 310
14 315
14 323
14 324
14 332
14 335
14 347
14 353
14 354
14 371
14 379
14 381
14 394
14 404
14 409
14 410
14 428
14 456
14 458
14 464
14 467
14 471
14 476
14 478
14 496
14 499
14 508
14 516
14 527
14 528
14 535
14 543
14 604
14 606
14 610
14 631
14 647
14 663
14 675
14 677
14 695
14 698
14 703
14 709
14 719
14 721
14 727
14 734
14 751
14 754
14 781
14 782
14 792
14 810
14 840
14 850
14 866
14 871
14 98
14 364
15 16
15 21
15 34
15 40
15 43
15 44
15 48
15 52
15 58
15 64
15 67
15 72
15 79
15 85
15 86
15 96
15 100
15 105
15 107
15 108
15 109
15 113
15 119
15 157
15 160
15 173
15 205
15 209
15 236
15 295
15 306
15 314
15 332
15 349
15 352
15 354
15 355
15 366
15 389
15 400
15 423
15 424
15 436
15 450
15 475
15 574
15 591
15 634
15 667
15 684
15 692
15 696
15 736
15 739
15 748
15 781
15 782
15 788
15 790
15 808
15 854
15 95
15 337
15 406
15 414
15 465
15 512
15 783
15 831
15 885
16 18
16 22
16 26
16 33
16 34
16 36
16 38
16 39
16 42
16 43
16 49
16 53
16 54
16 57
16 63
16 65
16 68
16 84
16 92
16 102
16 106
16 107
16 110
16 111
16 120
16 124
16 125
16 127
16 128
16 131
16 137
16 141
16 152
16 162
16 164
16 182
16 183
16 187
16 200
16 205
16 212
16 235
16 240
16 258
16 267
16 278
16 279
16 287
16 289
16 290
16 295
16 296
16 301
16 305
16 307
16 309
16 314
16 324
16 337
16 382
16 403
16 404
16 412
16 414
16 439
16 444
16 472
16 477
16 480
16 490
16 492
16 510
16 536
16 539
16 548
16 572
16 578
16 582
16 604
16 607
16 635
16 641
16 650
16 663
16 667
16 696
16 704
16 716
16 720
16 751
16 765
16 772
16 780
16 783
16 813
16 864
16 866
16 890
16 894
16 385
16 27
16 625
16 768
17 18
17 19
17 23
17 25
17 34
17 56
17 57
17 66
17 77
17 86
17 87
17 92
17 98
17 104
17 116
17 118
17 134
17 138
17 143
17 145
17 147
17 149
17 156
17 164
17 177
17 204
17 244
17 276
17 294
17 322
17 339
17 340
17 364
17 367
17 369
17 403
17 435
17 464
17 465
17 493
17 496
17 516
17 530
17 531
17 552
17 625
17 629
17 708
17 713
17 718
17 732
17 798
17 842
17 867
17 878
17 298
18 19
18 20
18 24
18 25
18 28
18 41
18 42
18 48
18 50
18 51
18 57
18 70
18 76
18 89
18 116
18 117
18 125
18 136
18 148
18 158
18 175
18 179
18 186
18 224
18 238
18 239
18 241
18 280
18 286
18 299
18 301
18 327
18 330
18 381
18 428
18 431
18 442
18 445
18 472
18 474
18 479
18 563
18 576
18 611
18 613
18 626
18 699
18 716
18 758
18 779
18 783
18 785
18 809
18 868
18 894
18 114
19 22
19 23
19 27
19 31
19 45
19 94
19 95
19 161
19 180
19 182
19 195
19 198
19 209
19 236
19 239
19 247
19 288
19 289
19 302
19 304
19 336
19 347
19 354
19 387
19 394
19 410
19 417
19 425
19 426
19 430
19 452
19 477
19 506
19 558
19 582
19 655
19 676
19 726
19 759
19 767
19 860
19 553
19 424
19 578
19 640
19 897
20 21
20 23
20 24
20 25
20 28
20 30
20 35
20 37
20 39
20 46
20 47
20 48
20 49
20 53
20 55
20 63
20 66
20 72
20 73
20 78
20 85
20 113
20 126
20 136
20 152
20 155
20 159
20 181
20 182
20 184
20 186
20 234
20 239
20 240
20 243
20 284
20 299
20 302
20 314
20 318
20 325
20 329
20 362
20 365
20 371
20 387
20 389
20 402
20 425
20 436
20 464
20 486
20 517
20 524
20 563
20 575
20 580
20 631
20 658
20 721
20 725
20 733
20 738
20 747
20 779
20 308
20 29
20 40
20 396
20 450
21 27
21 28
21 45
21 46
21 47
21 49
21 54
21 56
21 71
21 79
21 84
21 97
21 101
21 122
21 128
21 139
21 182
21 193
21 198
21 216
21 217
21 218
21 242
21 259
21 269
21 358
21 384
21 387
21 392
21 396
21 417
21 449
21 459
21 469
21 472
21 522
21 523
21 536
21 543
21 553
21 583
21 610
21 654
21 670
21 803
21 820
21 848
21 55
21 339
21 348
21 894
22 28
22 29
22 30
22 35
22 40
22 47
22 54
22 60
22 73
22 92
22 108
22 135
22 137
22 158
22 182
22 187
22 208
22 222
22 225
22 255
22 280
22 282
22 298
22 299
22 355
22 370
22 394
22 399
22 440
22 508
22 558
22 584
22 661
22 665
22 899
22 183
22 386
23 28
23 44
23 50
23 55
23 58
23 65
23 76
23 99
23 143
23 175
23 177
23 185
23 192
23 193
23 208
23 263
23 270
23 306
23 366
23 421
23 422
23 425
23 438
23 454
23 456
23 572
23 584
23 723
23 812
23 858
23 867
23 886
23 282
23 423
23 823
24 26
24 27
24 29
24 38
24 40
24 41
24 44
24 51
24 69
24 82
24 86
24 90
24 94
24 102
24 104
24 115
24 122
24 124
24 139
24 142
24 160
24 165
24 190
24 202
24 205
24 223
24 257
24 298
24 307
24 370
24 371
24 437
24 441
24 444
24 482
24 495
24 503
24 541
24 543
24 563
24 599
24 629
24 658
24 669
24 685
24 722
24 740
24 750
24 752
24 760
24 770
24 775
24 790
24 793
24 820
24 828
24 844
24 849
24 879
24 898
24 475
24 101
24 288
24 330
25 26
25 31
25 42
25 45
25 48
25 54
25 58
25 59
25 71
25 73
25 75
25 82
25 90
25 103
25 106
25 111
25 116
25 135
25 137
25 153
25 179
25 190
25 230
25 255
25 260
25 277
25 336
25 363
25 378
25 402
25 407
25 409
25 444
25 450
25 455
25 461
25 467
25 486
25 495
25 507
25 515
25 545
25 550
25 554
25 561
25 570
25 580
25 609
25 624
25 639
25 643
25 646
25 711
25 718
25 728
25 733
25 738
25 749
25 796
25 809
25 838
25 849
25 852
25 856
25 867
25 257
25 782
26 27
26 29
26 30
26 34
26 38
26 40
26 59
26 65
26 82
26 100
26 101
26 105
26 138
26 140
26 147
26 152
26 163
26 164
26 166
26 177
26 186
26 199
26 218
26 219
26 233
26 291
26 293
26 305
26 307
26 330
26 334
26 344
26 350
26 369
26 383
26 386
26 409
26 411
26 484
26 518
26 527
26 532
26 534
26 561
26 594
26 598
26 603
26 626
26 636
26 637
26 672
26 709
26 742
26 770
26 784
26 797
26 849
26 195
26 253
26 285
26 529
26 631
27 41
27 70
27 83
27 101
27 107
27 114
27 147
27 149
27 156
27 160
27 168
27 192
27 193
27 211
27 250
27 285
27 336
27 411
27 449
27 568
27 569
27 618
27 638
27 650
27 652
27 661
27 667
27 690
27 706
27 760
27 817
27 843
27 862
27 894
27 170
27 764
27 837
28 34
28 36
28 57
28 69
28 121
28 209
28 214
28 253
28 269
28 278
28 291
28 376
28 416
28 496
28 675
28 686
28 705
28 517
28 687
28 826
28 867
29 30
29 38
29 46
29 55
29 58
29 59
29 74
29 75
29 78
29 99
29 114
29 115
29 127
29 136
29 162
29 194
29 208
29 215
29 230
29 272
29 295
29 307
29 357
29 419
29 519
29 524
29 615
29 617
29 656
29 729
29 733
29 748
29 766
29 818
29 825
29 834
29 873
29 895
29 798
30 32
30 41
30 52
30 62
30 84
30 89
30 102
30 125
30 141
30 144
30 155
30 177
30 195
30 200
30 218
30 225
30 233
30 244
30 246
30 290
30 302
30 323
30 353
30 360
30 389
30 410
30 436
30 498
30 506
30 525
30 549
30 550
30 556
30 559
30 560
30 594
30 643
30 680
30 730
30 762
30 782
30 825
30 827
30 857
30 891
30 893
30 254
30 564
30 600
31 33
31 54
31 63
31 71
31 80
31 89
31 95
31 97
31 101
31 110
31 132
31 133
31 141
31 149
31 173
31 177
31 181
31 191
31 219
31 229
31 278
31 279
31 293
31 319
31 327
31 342
31 372
31 388
31 473
31 591
31 666
31 674
31 678
31 725
31 727
31 728
31 742
31 745
31 827
31 858
31 897
31 427
31 190
31 323
31 405
31 440
32 33
32 37
32 41
32 46
32 47
32 49
32 50
32 65
32 67
32 70
32 74
32 77
32 101
32 109
32 114
32 115
32 117
32 125
32 126
32 134
32 139
32 149
32 162
32 163
32 168
32 176
32 177
32 186
32 193
32 205
32 232
32 234
32 240
32 249
32 261
32 292
32 310
32 316
32 323
32 326
32 331
32 337
32 342
32 348
32 358
32 365
32 403
32 419
32 422
32 446
32 460
32 473
32 514
32 518
32 541
32 551
32 633
32 638
32 647
32 708
32 754
32 765
32 769
32 777
32 778
32 781
32 782
32 785
32 794
32 819
32 822
32 824
32 846
32 857
32 882
32 883
32 158
32 113
32 278
32 494
32 662
33 43
33 61
33 72
33 73
33 74
33 80
33 83
33 94
33 96
33 108
33 109
33 112
33 121
33 139
33 156
33 173
33 181
33 185
33 233
33 236
33 237
33 238
33 249
33 253
33 305
33 310
33 311
33 313
33 325
33 338
33 376
33 420
33 429
33 443
33 446
33 451
33 458
33 459
33 527
33 585
33 610
33 618
33 644
33 657
33 685
33 717
33 732
33 735
33 751
33 799
33 804
33 816
33 876
33 879
33 880
33 374
33 176
33 251
34 39
34 48
34 49
34 51
34 59
34 69
34 91
34 97
34 109
34 145
34 150
34 153
34 164
34 189
34 266
34 276
34 291
34 301
34 315
34 327
34 328
34 351
34 461
34 465
34 531
34 547
34 600
34 603
34 620
34 621
34 643
34 662
34 680
34 692
34 698
34 830
34 155
34 738
35 36
35 44
35 45
35 49
35 50
35 52
35 63
35 67
35 68
35 70
35 83
35 97
35 98
35 117
35 119
35 133
35 144
35 150
35 160
35 169
35 195
35 196
35 197
35 220
35 222
35 231
35 238
35 245
35 247
35 251
35 282
35 287
35 298
35 317
35 375
35 378
35 390
35 391
35 394
35 402
35 405
35 408
35 421
35 423
35 449
35 486
35 487
35 509
35 535
35 536
35 547
35 555
35 603
35 669
35 677
35 708
35 718
35 733
35 771
35 813
35 825
35 856
35 254
35 193
35 239
35 313
35 702
35 805
35 870
36 39
36 40
36 41
36 43
36 47
36 55
36 58
36 75
36 76
36 79
36 81
36 92
36 102
36 104
36 125
36 138
36 145
36 156
36 185
36 202
36 206
36 214
36 234
36 270
36 279
36 296
36 321
36 330
36 331
36 346
36 373
36 377
36 395
36 481
36 503
36 506
36 543
36 573
36 579
36 591
36 596
36 616
36 624
36 657
36 659
36 679
36 688
36 734
36 759
36 773
36 775
36 822
36 860
36 491
36 159
36 166
36 219
36 230
36 325
36 387
36 444
36 812
37 64
37 90
37 93
37 95
37 115
37 123
37 139
37 151
37 152
37 157
37 159
37 166
37 169
37 216
37 222
37 340
37 365
37 415
37 444
37 467
37 470
37 479
37 506
37 522
37 559
37 664
37 673
37 687
37 722
37 863
37 885
37 37
37 92
37 240
37 244
38 69
38 74
38 114
38 118
38 120
38 145
38 168
38 171
38 180
38 193
38 194
38 203
38 212
38 398
38 538
38 553
38 573
38 593
38 625
38 664
38 674
38 677
38 696
38 735
38 740
38 743
38 799
38 836
38 874
38 883
38 884
38 221
38 509
39 59
39 62
39 71
39 74
39 84
39 85
39 128
39 163
39 170
39 184
39 189
39 190
39 238
39 242
39 252
39 265
39 268
39 271
39 288
39 372
39 389
39 446
39 457
39 500
39 511
39 559
39 584
39 607
39 655
39 673
39 683
39 811
39 829
39 872
39 895
39 209
39 279
39 620
39 832
40 46
40 49
40 52
40 56
40 67
40 80
40 95
40 98
40 119
40 120
40 127
40 150
40 180
40 190
40 241
40 242
40 253
40 321
40 337
40 342
40 350
40 371
40 406
40 411
40 418
40 435
40 440
40 470
40 628
40 659
40 690
40 714
40 742
40 764
40 851
40 867
40 463
40 827
41 43
41 61
41 78
41 84
41 119
41 180
41 220
41 235
41 267
41 271
41 294
41 299
41 305
41 318
41 320
41 325
41 368
41 406
41 430
41 438
41 441
41 457
41 470
41 479
41 493
41 511
41 537
41 633
41 640
41 774
41 786
41 805
41 852
41 886
41 67
41 89
42 44
42 69
42 84
42 98
42 110
42 114
42 134
42 148
42 188
42 198
42 215
42 296
42 330
42 348
42 369
42 387
42 699
42 713
42 831
42 834
42 839
42 694
42 370
42 684
43 60
43 61
43 67
43 68
43 72
43 80
43 94
43 115
43 118
43 120
43 129
43 131
43 138
43 147
43 151
43 160
43 165
43 173
43 183
43 190
43 196
43 198
43 200
43 207
43 230
43 249
43 257
43 259
43 317
43 319
43 320
43 331
43 349
43 364
43 375
43 396
43 454
43 504
43 528
43 635
43 637
43 674
43 704
43 710
43 729
43 861
43 895
44 60
44 64
44 102
44 143
44 148
44 157
44 172
44 198
44 229
44 243
44 372
44 383
44 394
44 428
44 451
44 459
44 523
44 583
44 589
44 593
44 604
44 619
44 634
44 664
44 787
44 788
44 806
44 853
44 864
44 317
44 392
45 50
45 54
45 59
45 61
45 62
45 64
45 78
45 92
45 97
45 143
45 146
45 147
45 178
45 194
45 199
45 215
45 253
45 262
45 264
45 282
45 285
45 356
45 371
45 421
45 433
45 522
45 558
45 597
45 601
45 611
45 670
45 700
45 702
45 727
45 753
45 776
45 777
45 747
46 51
46 62
46 64
46 82
46 103
46 116
46 142
46 148
46 152
46 154
46 155
46 167
46 184
46 186
46 201
46 204
46 212
46 224
46 227
46 231
46 246
46 248
46 249
46 253
46 257
46 290
46 302
46 304
46 328
46 333
46 350
46 353
46 357
46 370
46 376
46 392
46 489
46 499
46 531
46 544
46 575
46 592
46 593
46 599
46 623
46 637
46 641
46 671
46 698
46 702
46 707
46 731
46 743
46 785
46 867
46 882
46 211
46 540
47 88
47 133
47 266
47 288
47 429
47 434
47 452
47 493
47 513
47 575
47 611
47 848
47 795
48 53
48 202
48 235
48 280
48 334
48 341
48 404
48 574
48 578
48 662
48 665
48 714
48 716
48 738
48 739
48 787
48 788
48 664
48 804
49 53
49 56
49 60
49 63
49 71
49 103
49 112
49 161
49 168
49 173
49 176
49 181
49 238
49 255
49 258
49 260
49 263
49 278
49 284
49 300
49 319
49 329
49 345
49 346
49 406
49 496
49 521
49 529
49 533
49 549
49 603
49 609
49 645
49 659
49 762
49 842
49 889
49 281
49 107
50 61
50 71
50 73
50 77
50 86
50 107
50 129
50 152
50 164
50 189
50 272
50 308
50 434
50 462
50 474
50 491
50 516
50 682
50 698
50 887
50 273
51 61
51 73
51 115
51 116
51 118
51 119
51 130
51 142
51 158
51 218
51 224
51 236
51 251
51 271
51 291
51 350
51 361
51 380
51 408
51 439
51 470
51 479
51 510
51 524
51 540
51 600
51 617
51 654
51 678
51 690
51 695
51 754
51 808
51 862
51 876
51 898
51 800
51 57
51 201
51 213
51 689
52 56
52 80
52 89
52 214
52 221
52 566
52 649
52 669
52 758
52 802
53 60
53 66
53 93
53 205
53 231
53 245
53 280
53 289
53 349
53 373
53 376
53 428
53 596
53 647
53 661
53 691
53 730
53 781
53 806
53 824
53 833
53 866
53 888
53 53
53 145
53 410
53 478
54 75
54 77
54 87
54 118
54 135
54 184
54 188
54 207
54 270
54 301
54 331
54 411
54 421
54 462
54 809
54 878
54 770
55 63
55 67
55 70
55 73
55 81
55 116
55 141
55 142
55 146
55 172
55 220
55 271
55 294
55 303
55 333
55 360
55 422
55 483
55 488
55 538
55 602
55 777
55 808
55 835
55 837
55 854
55 399
55 412
55 571
55 860
56 66
56 77
56 90
56 95
56 107
56 132
56 163
56 171
56 176
56 182
56 210
56 246
56 250
56 343
56 349
56 401
56 407
56 437
56 467
56 472
56 494
56 554
56 565
56 581
56 607
56 626
56 632
56 697
56 737
56 741
56 758
56 778
56 799
56 809
56 845
56 134
56 272
57 60
57 75
57 106
57 117
57 124
57 133
57 140
57 147
57 153
57 173
57 208
57 288
57 295
57 361
57 398
57 460
57 508
57 537
57 571
57 719
57 766
57 835
57 198
57 326
58 62
58 87
58 88
58 91
58 106
58 132
58 161
58 166
58 189
58 205
58 206
58 243
58 246
58 277
58 286
58 379
58 408
58 417
58 427
58 441
58 487
58 532
58 534
58 542
58 545
58 597
58 605
58 606
58 649
58 664
58 674
58 677
58 872
58 140
58 116
58 739
59 75
59 99
59 133
59 155
59 192
59 221
59 298
59 347
59 358
59 443
59 613
59 625
59 682
59 685
59 686
59 721
59 888
59 151
59 457
60 77
60 88
60 91
60 100
60 102
60 179
60 219
60 268
60 272
60 287
60 322
60 328
60 381
60 488
60 509
60 539
60 572
60 684
60 864
60 898
60 146
60 520
61 67
61 96
61 98
61 101
61 142
61 143
61 156
61 192
61 199
61 202
61 225
61 245
61 256
61 258
61 261
61 273
61 302
61 309
61 325
61 333
61 334
61 343
61 396
61 462
61 541
61 561
61 578
61 630
61 646
61 706
61 709
61 804
61 822
61 344
61 470
61 808
62 87
62 130
62 172
62 189
62 196
62 221
62 222
62 267
62 295
62 297
62 382
62 471
62 485
62 579
62 596
62 609
62 655
62 674
62 676
62 801
62 656
62 628
63 95
63 108
63 114
63 169
63 188
63 259
63 295
63 314
63 431
63 444
63 502
63 511
63 595
63 628
63 639
63 728
63 754
63 762
63 651
63 796
64 72
64 87
64 88
64 103
64 109
64 150
64 246
64 250
64 256
64 310
64 760
64 774
64 814
64 848
64 555
64 413
65 68
65 76
65 151
65 173
65 272
65 276
65 341
65 462
65 580
65 660
65 776
65 779
65 784
65 798
65 823
65 851
65 872
65 342
65 504
65 666
66 85
66 166
66 179
66 224
66 262
66 272
66 288
66 340
66 348
66 349
66 351
66 352
66 387
66 405
66 445
66 576
66 615
66 852
66 871
66 669
66 829
67 82
67 86
67 91
67 96
67 103
67 167
67 183
67 184
67 189
67 210
67 229
67 250
67 257
67 289
67 300
67 315
67 323
67 338
67 340
67 366
67 381
67 457
67 526
67 540
67 572
67 600
67 602
67 653
67 678
67 689
67 693
67 745
67 756
67 791
67 834
67 835
67 842
67 848
67 861
67 862
67 177
67 436
68 107
68 135
68 148
68 150
68 181
68 190
68 191
68 225
68 317
68 353
68 370
68 414
68 421
68 484
68 509
68 548
68 589
68 613
68 678
68 716
68 720
68 845
68 206
69 78
69 112
69 159
69 183
69 184
69 312
69 319
69 356
69 452
69 523
69 545
69 609
69 655
69 689
69 828
69 753
69 736
70 81
70 83
70 110
70 117
70 119
70 128
70 138
70 140
70 147
70 151
70 183
70 194
70 263
70 274
70 300
70 307
70 317
70 402
70 432
70 468
70 583
70 614
70 672
70 704
70 732
70 737
70 741
70 793
70 844
70 775
70 268
70 393
70 500
70 725
71 80
71 105
71 128
71 174
71 187
71 209
71 481
71 488
71 619
71 653
71 775
71 168
72 83
72 116
72 138
72 146
72 149
72 161
72 196
72 204
72 207
72 213
72 239
72 260
72 269
72 315
72 436
72 523
72 612
72 615
72 732
72 746
72 767
72 794
72 807
72 858
72 883
72 643
72 223
72 390
72 484
72 598
73 83
73 86
73 93
73 96
73 98
73 99
73 105
73 109
73 123
73 178
73 264
73 310
73 333
73 356
73 377
73 390
73 414
73 473
73 507
73 511
73 539
73 547
73 555
73 588
73 720
73 729
73 746
73 763
73 812
73 873
73 616
73 121
73 699
73 741
74 82
74 104
74 117
74 227
74 466
74 538
74 621
74 647
74 670
74 699
74 710
74 762
74 770
74 830
74 833
74 876
74 893
74 565
75 94
75 113
75 167
75 255
75 352
75 377
75 386
75 435
75 480
75 542
75 797
75 842
75 256
76 90
76 105
76 107
76 108
76 117
76 126
76 143
76 158
76 200
76 244
76 261
76 453
76 490
76 582
76 624
76 683
76 823
76 874
76 897
76 837
76 503
76 866
77 85
77 123
77 146
77 159
77 175
77 379
77 442
77 506
77 659
77 703
77 769
77 773
77 883
78 105
78 129
78 135
78 192
78 222
78 225
78 230
78 245
78 285
78 366
78 373
78 382
78 399
78 424
78 464
78 489
78 690
78 855
78 874
78 582
78 585
79 112
79 124
79 151
79 169
79 176
79 263
79 291
79 303
79 358
79 382
79 416
79 423
79 427
79 428
79 463
79 466
79 497
79 499
79 503
79 648
79 728
79 812
79 884
79 891
79 319
80 82
80 129
80 165
80 240
80 258
80 265
80 329
80 337
80 341
80 462
80 478
80 487
80 491
80 498
80 522
80 530
80 611
80 713
80 738
80 588
80 786
81 93
81 121
81 126
81 130
81 158
81 180
81 201
81 277
81 311
81 345
81 371
81 389
81 460
81 470
81 475
81 589
81 604
81 617
81 625
81 627
81 650
81 707
81 817
81 280
81 672
81 883
82 145
82 159
82 166
82 176
82 204
82 243
82 265
82 380
82 390
82 509
82 519
82 765
82 94
82 271
82 408
83 156
83 298
83 308
83 315
83 325
83 328
83 341
83 420
83 553
83 630
83 631
83 758
84 96
84 100
84 102
84 118
84 133
84 178
84 181
84 187
84 219
84 230
84 235
84 259
84 276
84 372
84 380
84 385
84 475
84 603
84 613
84 758
84 832
84 109
85 121
85 122
85 254
85 309
85 382
85 461
85 712
85 761
85 787
85 796
85 800
85 850
85 862
85 870
85 881
85 234
86 122
86 154
86 165
86 199
86 252
86 353
86 399
86 532
86 578
86 593
86 708
87 93
87 113
87 240
87 251
87 255
87 262
87 339
87 384
87 391
87 565
87 619
87 675
87 289
87 446
87 492
87 653
88 99
88 110
88 137
88 139
88 178
88 197
88 237
88 283
88 340
88 443
88 498
88 524
88 563
88 629
88 636
88 693
88 746
88 772
88 857
88 899
88 207
88 249
89 96
89 153
89 156
89 174
89 262
89 311
89 338
89 355
89 397
89 475
89 478
89 567
89 662
90 126
90 130
90 142
90 170
90 175
90 200
90 208
90 251
90 386
90 493
90 505
90 515
90 622
90 630
90 714
90 722
90 757
90 758
90 282
90 861
91 104
91 118
91 155
91 197
91 245
91 293
91 330
91 386
91 391
91 412
91 418
91 612
91 726
91 744
91 831
91 103
92 178
92 186
92 213
92 250
92 336
92 368
92 392
92 398
92 479
92 546
92 559
92 635
92 693
92 734
92 742
92 764
92 765
92 855
92 437
93 103
93 147
93 187
93 195
93 204
93 227
93 264
93 294
93 437
93 499
93 550
93 635
94 112
94 229
94 439
94 616
94 715
94 724
94 747
94 844
94 432
95 174
95 309
95 519
95 710
95 830
95 871
95 887
95 826
95 119
95 762
96 124
96 151
96 180
96 197
96 217
96 224
96 234
96 281
96 283
96 290
96 302
96 396
96 504
96 528
96 612
96 619
96 643
96 676
96 719
96 815
96 817
96 388
97 167
97 224
97 226
97 241
97 330
97 401
97 443
97 556
97 676
97 679
97 863
97 430
98 111
98 123
98 194
98 243
98 374
98 439
98 460
98 478
98 529
98 652
98 691
98 693
98 706
98 880
98 110
99 136
99 137
99 141
99 169
99 170
99 212
99 304
99 313
99 340
99 359
99 388
99 459
99 514
99 695
99 725
99 829
99 850
99 485
99 607
99 785
100 105
100 112
100 122
100 129
100 175
100 241
100 248
100 256
100 294
100 353
100 424
100 459
100 885
100 374
100 124
101 120
101 150
101 235
101 277
101 315
101 659
101 673
101 784
101 876
102 228
102 539
102 604
102 740
102 335
103 108
103 123
103 167
103 179
103 275
103 279
103 408
103 426
103 447
103 518
103 602
103 622
103 675
103 801
103 829
103 277
104 215
104 242
104 389
104 404
104 460
104 627
104 733
104 748
105 106
105 120
105 128
105 144
105 154
105 229
105 234
105 282
105 283
105 311
105 335
105 432
105 584
105 832
105 877
106 140
106 143
106 216
106 226
106 314
106 473
106 525
106 627
106 647
106 735
106 893
106 522
107 342
107 356
107 409
107 472
107 565
107 739
107 745
108 157
108 260
108 313
108 357
108 407
108 545
108 573
108 577
108 602
108 715
108 865
108 890
108 146
108 624
109 111
109 132
109 164
109 249
109 252
109 285
109 287
109 308
109 313
109 314
109 322
109 326
109 330
109 379
109 410
109 462
109 493
109 495
109 501
109 514
109 524
109 536
109 551
109 555
109 563
109 618
109 637
109 728
109 745
109 807
109 811
109 818
109 875
109 204
109 206
109 301
110 122
110 198
110 207
110 268
110 305
110 310
110 320
110 379
110 608
110 638
110 677
110 688
110 723
110 791
110 794
110 806
110 864
110 869
110 490
111 125
111 129
111 135
111 154
111 162
111 164
111 169
111 201
111 233
111 259
111 270
111 374
111 415
111 429
111 436
111 520
111 565
111 566
111 570
111 690
111 699
111 846
111 851
111 379
112 133
112 144
112 223
112 224
112 312
112 313
112 345
112 361
112 386
112 417
112 426
112 462
112 480
112 513
112 633
112 737
112 753
112 816
112 890
112 682
113 131
113 191
113 203
113 237
113 312
113 324
113 337
113 344
113 345
113 346
113 459
113 498
113 528
113 583
113 626
113 632
113 672
113 701
113 735
113 769
113 772
113 881
113 466
114 153
114 226
114 247
114 401
114 477
114 521
114 548
114 594
114 631
114 320
115 121
115 227
115 228
115 254
115 405
115 544
115 578
115 584
115 595
115 631
115 720
115 897
115 211
116 136
116 140
116 178
116 236
116 417
116 439
116 505
116 513
116 519
116 596
116 611
116 633
116 643
116 701
116 703
116 767
116 779
116 802
116 803
116 815
116 816
116 821
116 884
116 322
116 800
117 144
117 165
117 175
117 325
117 344
117 367
117 468
117 557
117 823
117 245
117 162
117 328
117 681
118 124
118 125
118 126
118 153
118 311
118 341
118 388
118 427
118 437
118 451
118 476
118 594
118 683
118 819
118 471
119 145
119 151
119 173
119 185
119 223
119 238
119 265
119 279
119 307
119 308
119 315
119 318
119 337
119 434
119 477
119 500
119 544
119 567
119 577
119 618
119 693
119 704
119 725
119 743
119 759
119 805
119 838
119 870
119 384
119 442
119 865
120 121
120 157
120 194
120 209
120 236
120 257
120 269
120 274
120 296
120 356
120 368
120 377
120 412
120 455
120 460
120 471
120 492
120 510
120 595
120 639
120 642
120 644
120 682
120 724
120 772
120 784
120 827
120 604
121 134
121 169
121 201
121 269
121 289
121 333
121 598
121 603
121 624
122 138
122 195
122 216
122 308
122 344
122 502
122 568
122 628
122 642
122 720
122 743
122 784
122 789
122 854
122 596
123 259
123 354
123 369
123 395
123 446
123 526
124 130
124 154
124 195
124 215
124 272
124 332
124 333
124 390
124 489
124 525
124 601
124 715
124 731
124 835
125 126
125 207
125 244
125 256
125 279
125 290
125 371
125 455
125 479
125 564
125 592
125 633
125 775
125 889
125 644
125 543
125 658
126 168
126 217
126 269
126 301
126 308
126 369
126 448
126 469
126 521
126 611
126 627
126 628
126 637
126 670
126 691
127 135
127 166
127 210
127 211
127 221
127 321
127 354
127 373
127 386
127 579
127 606
127 618
127 683
127 725
127 765
127 836
127 643
128 142
128 145
128 204
128 225
128 287
128 310
128 323
128 324
128 473
128 492
128 631
128 757
128 804
128 820
128 177
129 242
129 243
129 292
129 320
129 368
129 533
129 635
129 807
129 814
129 862
129 737
130 197
130 248
130 316
130 361
130 454
130 530
130 732
130 750
130 873
130 389
130 226
130 613
131 170
131 228
131 235
131 262
131 263
131 271
131 347
131 395
131 415
131 540
131 601
131 622
131 680
131 749
131 786
131 797
131 595
131 589
131 787
132 157
132 195
132 226
132 261
132 291
132 316
132 318
132 323
132 431
132 500
132 567
132 605
132 699
132 723
132 730
132 838
132 850
132 860
132 862
132 782
132 186
133 167
133 214
133 530
133 535
133 634
133 636
133 653
133 670
133 673
133 798
133 177
133 779
134 146
134 170
134 223
134 233
134 265
134 297
134 304
134 436
134 463
134 475
134 634
134 713
134 754
134 307
135 151
135 167
135 185
135 211
135 217
135 273
135 290
135 294
135 312
135 359
135 375
135 396
135 442
135 444
135 445
135 491
135 510
135 555
135 619
135 629
135 634
135 661
135 825
135 646
135 264
136 144
136 148
136 159
136 171
136 213
136 225
136 261
136 262
136 282
136 351
136 504
136 606
136 712
136 723
136 817
136 895
137 157
137 191
137 267
137 269
137 303
137 346
137 417
137 429
137 432
137 480
137 859
137 898
137 300
137 327
137 400
138 142
138 162
138 216
138 300
138 304
138 331
138 379
138 560
138 820
138 869
138 836
138 717
138 878
139 317
139 401
139 656
140 202
140 268
140 383
140 385
140 411
140 432
140 614
140 689
140 713
140 807
140 809
140 895
140 241
140 373
141 160
141 438
141 442
141 468
141 472
141 498
141 508
141 518
141 754
141 812
141 852
141 244
141 376
142 165
142 171
142 256
142 363
142 454
142 468
142 544
142 566
142 698
142 780
142 242
142 647
143 185
143 220
143 251
143 258
143 283
143 435
143 453
143 465
143 545
143 643
143 758
143 799
143 874
143 415
144 217
144 227
144 248
144 305
144 334
144 404
144 405
144 425
144 491
144 601
144 649
144 718
144 743
144 756
144 778
144 819
144 882
144 266
144 521
145 150
145 164
145 171
145 172
145 290
145 342
145 365
145 367
145 426
145 435
145 583
145 680
145 689
145 830
145 839
145 855
145 202
145 479
145 690
145 873
146 200
146 221
146 230
146 366
146 374
146 375
146 413
146 471
146 544
146 545
146 578
146 580
146 630
146 677
146 199
146 315
146 851
147 168
147 213
147 249
147 266
147 342
147 350
147 459
147 481
147 526
147 556
147 589
147 648
147 701
147 748
147 852
147 894
147 361
148 193
148 199
148 203
148 221
148 260
148 298
148 336
148 341
148 448
148 460
148 486
148 538
148 873
148 789
148 155
148 599
149 160
149 267
149 293
149 326
149 332
149 336
149 383
149 392
149 451
149 461
149 484
149 558
149 588
149 684
149 818
149 830
149 881
149 175
149 495
150 178
150 212
150 235
150 250
150 282
150 292
150 318
150 334
150 433
150 546
150 559
150 688
150 711
150 718
150 858
150 287
150 220
150 248
150 876
151 216
151 252
151 259
151 273
151 332
151 360
151 370
151 408
151 461
151 476
151 581
151 617
151 644
151 724
151 693
152 179
152 204
152 211
152 286
152 422
152 488
152 505
152 597
152 641
152 801
152 832
152 522
152 269
152 523
153 154
153 190
153 205
153 273
153 293
153 316
153 336
153 349
153 399
153 401
153 419
153 483
153 579
153 702
153 704
153 717
153 719
153 344
153 246
153 630
154 205
154 242
154 339
154 341
154 352
154 485
154 581
154 587
154 626
154 661
154 679
154 696
154 724
154 761
154 783
154 811
154 841
154 860
154 230
155 161
155 197
155 268
155 328
155 367
155 399
155 443
155 481
155 489
155 490
155 526
155 541
155 557
155 656
155 721
155 741
155 749
155 762
156 192
156 206
156 239
156 242
156 271
156 278
156 319
156 356
156 381
156 385
156 421
156 441
156 536
156 555
156 649
156 655
156 657
156 667
156 668
156 696
156 766
157 287
157 711
157 744
157 754
157 806
157 863
157 888
157 637
158 201
158 216
158 228
158 321
158 327
158 497
158 517
158 528
158 719
158 773
158 884
158 603
159 171
159 191
159 244
159 279
159 302
159 304
159 387
159 446
159 447
159 537
159 802
159 502
160 256
160 303
160 347
160 362
160 373
160 397
160 456
160 600
160 606
160 609
161 293
161 334
161 365
161 412
161 423
161 486
161 542
161 570
161 775
161 884
161 200
161 705
162 219
162 303
162 380
162 434
162 645
162 658
162 811
162 837
162 843
163 165
163 196
163 218
163 318
163 339
163 381
163 520
163 721
163 824
163 515
163 788
164 178
164 221
164 284
164 419
164 496
164 636
164 703
164 860
164 887
165 187
165 207
165 275
165 283
165 311
165 368
165 396
165 411
165 413
165 430
165 546
165 574
165 586
165 644
165 706
165 811
165 673
166 174
166 185
166 220
166 264
166 284
166 292
166 567
166 670
166 867
167 196
167 277
167 284
167 686
168 207
168 223
168 228
168 244
168 288
168 310
168 340
168 361
168 385
168 409
168 434
168 456
168 458
168 567
168 651
168 656
168 660
168 668
168 709
168 724
168 808
168 896
168 834
169 281
169 287
169 374
169 546
169 726
169 631
170 172
170 402
170 423
170 456
170 482
170 525
170 554
170 829
170 834
170 874
170 895
171 219
171 246
171 217
172 231
172 261
172 282
172 585
172 605
172 608
172 705
172 765
173 183
173 196
173 206
173 227
173 267
173 343
173 407
173 412
173 480
173 587
173 594
173 666
173 787
173 835
173 470
174 296
174 320
174 329
174 373
174 475
174 394
175 191
175 221
175 239
175 247
175 252
175 277
175 278
175 281
175 289
175 309
175 344
175 360
175 406
175 429
175 432
175 465
175 494
175 502
175 515
175 524
175 549
175 608
175 700
175 711
175 723
175 727
175 763
175 822
175 879
175 890
175 195
175 263
175 710
176 217
176 231
176 275
176 286
176 298
176 344
176 364
176 420
176 625
176 627
176 688
176 749
176 816
176 820
176 847
177 213
177 217
177 225
177 395
177 416
177 427
177 601
177 683
177 787
177 790
178 237
178 282
178 384
178 443
178 639
178 682
178 819
178 894
179 228
179 247
179 339
179 364
179 392
179 430
179 504
179 506
179 528
179 549
179 657
179 664
179 752
179 795
179 798
180 232
180 246
180 253
180 502
180 533
180 537
180 731
180 777
180 892
180 428
181 809
182 201
182 213
182 237
182 382
182 388
182 399
182 448
182 642
182 718
182 769
182 851
182 881
182 882
182 333
182 210
182 801
183 249
183 376
183 395
183 400
183 430
183 571
183 675
183 750
183 789
183 795
183 876
183 886
183 482
184 212
184 507
184 741
184 856
184 241
185 209
185 266
185 276
185 294
185 351
185 510
185 622
185 773
186 211
186 300
186 312
186 364
186 494
186 701
187 188
187 192
187 308
187 492
187 548
187 579
187 893
187 372
188 206
188 355
188 447
188 500
188 648
188 717
188 793
188 405
189 236
189 254
189 284
189 514
189 621
189 625
189 660
189 767
189 795
189 808
189 247
189 486
190 202
190 226
190 260
190 345
190 457
190 551
190 562
190 579
190 590
190 606
190 674
190 748
190 847
191 203
191 337
191 367
191 400
191 450
191 506
191 552
191 597
191 739
191 785
191 857
191 899
192 198
192 276
192 281
192 372
192 383
192 390
192 450
192 583
192 622
192 668
192 848
192 277
193 319
193 414
193 417
193 458
193 488
193 607
193 638
193 649
193 688
193 844
193 859
193 290
193 353
194 306
194 323
194 420
194 423
194 449
194 497
194 499
194 507
194 528
194 793
194 827
194 763
195 200
195 261
195 348
195 388
195 420
195 435
195 497
195 616
195 756
195 461
196 198
196 231
196 262
196 272
196 304
196 319
196 406
196 474
196 537
196 559
196 593
196 679
196 691
196 692
196 730
196 755
196 773
196 797
196 452
196 516
196 623
196 723
197 266
197 317
197 465
197 544
197 548
197 736
197 792
197 797
197 451
197 281
198 241
198 366
198 416
198 423
198 527
198 681
198 729
199 213
199 230
199 237
199 249
199 280
199 285
199 312
199 321
199 339
199 362
199 426
199 488
199 498
199 512
199 717
199 820
199 831
199 835
199 860
199 864
199 874
199 880
199 891
199 790
199 294
199 617
200 275
200 283
200 298
200 303
200 608
200 771
200 888
200 889
200 308
200 464
201 210
201 232
201 253
201 254
201 272
201 297
201 324
201 356
201 360
201 368
201 439
201 532
201 542
201 560
201 701
201 767
201 779
201 780
201 822
202 295
202 385
202 403
202 440
202 450
202 463
202 877
203 220
203 248
203 259
203 260
203 373
203 543
203 610
203 702
203 765
203 825
203 241
204 235
204 313
204 325
204 327
204 355
204 432
204 468
204 475
204 577
204 655
204 691
205 255
205 303
205 322
205 374
205 700
205 891
205 875
206 215
206 257
206 353
206 454
206 515
206 540
206 595
206 797
206 343
207 226
207 233
207 238
207 267
207 335
207 383
207 490
207 651
207 679
207 813
207 848
207 659
208 400
208 453
208 458
208 476
208 229
208 771
209 219
209 274
209 280
209 369
209 454
209 463
209 496
209 529
209 603
209 783
209 808
209 574
210 215
210 380
210 403
210 658
210 724
210 767
211 223
211 232
211 258
211 266
211 350
211 398
211 402
211 566
211 581
211 653
211 672
211 677
211 301
212 324
212 375
212 444
212 447
212 521
212 569
212 802
212 394
212 438
213 231
213 351
213 478
213 515
213 719
213 743
213 822
213 826
214 264
214 390
214 408
214 457
214 774
214 797
214 710
214 299
215 245
215 247
215 598
215 730
215 836
216 320
216 378
216 387
216 686
216 720
216 891
216 306
216 752
217 218
217 454
217 470
217 494
217 522
217 566
217 591
217 740
217 758
217 791
217 802
217 828
217 760
218 322
218 390
218 562
218 569
218 587
218 668
218 763
218 863
218 872
218 873
218 892
219 294
219 299
219 374
219 437
219 455
219 552
219 625
219 689
219 701
219 708
219 752
219 804
219 824
219 871
219 891
219 892
219 469
220 441
220 492
220 700
220 881
221 413
221 486
221 519
221 318
221 864
222 252
222 270
222 326
222 519
222 547
222 599
222 624
222 744
222 755
222 842
222 237
223 236
223 293
223 634
223 699
223 297
224 229
224 258
224 416
224 439
224 453
224 473
224 500
224 503
224 564
224 574
224 656
224 671
224 691
224 747
224 769
224 855
224 892
224 313
225 234
225 313
225 350
225 359
225 398
225 410
225 416
225 418
225 429
225 447
225 474
225 480
225 645
225 651
225 652
225 706
225 732
225 592
225 888
226 239
226 256
226 391
226 425
226 646
226 675
227 240
227 254
227 287
227 297
227 311
227 334
227 348
227 364
227 408
227 468
227 501
227 518
227 553
227 596
227 692
227 377
228 247
228 355
228 711
228 832
228 891
229 276
229 335
229 363
229 437
229 445
229 554
229 564
229 695
229 697
229 713
229 852
229 510
230 244
230 433
230 499
230 721
230 768
230 899
231 232
231 268
231 450
231 526
231 660
231 715
231 768
231 853
232 264
232 270
232 292
232 418
232 516
233 311
233 377
233 459
233 512
233 520
233 744
233 800
234 348
234 359
234 433
234 476
234 558
234 592
234 641
234 672
234 748
234 805
234 849
234 276
234 525
235 270
235 372
235 452
235 681
235 736
235 771
235 859
236 275
236 355
236 598
236 848
236 854
236 685
236 255
236 354
237 243
237 262
237 393
237 447
237 600
237 694
237 764
238 261
238 289
238 317
238 319
238 320
238 352
238 405
238 415
238 433
238 452
238 476
238 581
238 725
238 757
238 770
238 793
238 811
238 821
238 828
239 252
239 378
239 379
239 453
239 523
239 529
239 700
239 760
240 749
240 814
240 878
241 275
241 328
241 331
241 338
241 386
241 393
241 394
241 422
241 455
241 474
241 477
241 502
241 507
241 522
241 564
241 735
241 739
241 756
241 870
242 263
242 338
242 382
242 595
242 666
242 753
242 875
243 535
243 837
244 245
244 377
244 537
244 621
244 706
244 727
244 752
244 760
244 853
245 254
245 390
245 393
245 402
245 479
245 571
245 577
245 619
245 697
245 847
245 478
245 742
246 433
247 269
247 271
247 312
247 336
247 383
247 466
247 504
247 518
247 561
247 624
247 630
247 877
248 265
248 278
248 307
248 322
248 328
248 329
248 522
248 613
248 650
248 857
249 820
250 264
250 364
250 397
250 414
250 572
250 581
250 594
250 691
250 746
250 756
250 761
250 766
250 786
250 283
251 254
251 277
251 301
251 378
251 482
251 487
251 538
251 570
251 588
251 592
251 631
251 727
251 776
251 885
251 433
252 299
252 429
252 473
252 510
252 582
252 661
252 667
252 688
252 750
252 809
252 893
252 487
252 601
253 255
253 393
253 532
253 566
253 627
253 751
253 771
253 774
253 865
253 586
254 424
254 450
254 532
254 545
254 761
254 811
254 868
254 878
254 428
255 314
255 321
255 541
255 715
255 849
255 506
256 296
256 415
256 427
256 458
256 478
256 489
256 678
256 830
258 417
258 494
258 499
258 526
258 565
258 629
258 714
258 742
258 751
258 889
258 352
258 727
258 734
259 404
259 418
259 467
259 609
259 614
259 712
259 739
259 779
259 785
260 263
260 303
260 353
260 497
260 567
260 758
261 284
261 326
261 513
261 558
261 737
261 873
261 864
262 474
262 483
262 818
262 878
263 333
263 363
263 562
263 589
263 622
263 722
263 860
264 280
264 306
264 354
264 362
264 370
264 484
264 501
264 558
264 560
264 580
264 585
264 589
264 816
264 859
264 892
264 371
265 579
265 668
266 352
266 398
266 469
266 678
267 275
267 338
267 525
267 555
267 573
267 886
268 437
268 483
268 515
268 549
268 551
268 568
268 571
268 731
268 826
268 309
269 368
269 384
269 478
269 541
270 277
270 291
270 327
270 357
270 360
270 418
270 455
270 476
270 501
270 575
270 688
270 817
270 538
271 291
271 317
271 406
271 441
271 463
271 516
271 625
271 362
271 626
272 372
272 497
272 524
272 539
272 549
272 668
272 778
272 792
272 877
272 535
273 321
273 350
273 517
274 335
274 346
274 457
274 514
274 560
274 568
274 577
274 602
274 801
274 807
274 576
275 285
275 536
275 546
275 712
275 858
275 860
275 293
275 534
276 357
276 384
276 669
276 497
276 668
277 320
277 469
277 515
277 603
277 665
277 813
277 817
277 844
278 281
278 345
278 485
278 501
278 542
278 591
278 605
278 738
278 870
278 873
278 882
279 659
279 803
279 810
280 526
280 828
281 562
281 635
281 820
281 550
282 378
282 388
282 395
282 396
282 420
282 430
282 438
282 455
282 531
282 557
282 707
282 777
282 785
282 801
282 809
282 832
282 845
282 859
282 880
283 299
283 375
283 385
283 426
283 483
283 527
283 561
283 565
283 576
283 586
283 613
283 641
283 656
283 770
283 806
283 839
283 861
283 865
283 416
283 694
284 329
284 344
284 362
284 576
284 580
284 679
284 695
284 823
284 839
284 384
285 416
285 424
285 441
285 512
285 561
285 565
285 640
285 825
285 845
285 866
286 297
286 312
286 358
286 539
286 496
287 365
287 375
287 484
287 487
287 498
287 519
287 530
287 560
287 566
287 653
287 666
287 672
287 814
287 824
287 870
287 872
287 425
288 532
288 623
288 776
288 824
289 409
289 490
290 297
290 302
290 344
290 411
290 446
290 570
290 871
291 305
291 401
291 512
291 637
291 755
291 829
292 297
292 326
292 687
292 729
292 761
292 788
292 796
293 300
293 352
293 359
293 366
293 374
293 397
293 422
293 451
293 462
293 509
293 690
293 744
293 830
293 319
294 405
294 422
294 776
294 874
294 420
295 464
295 472
295 508
295 529
295 563
295 611
295 637
295 834
295 837
296 339
296 651
296 700
296 771
296 840
296 878
297 316
297 807
298 326
298 347
298 436
298 438
298 586
298 593
298 618
298 632
298 650
299 380
299 732
299 890
300 318
300 346
300 534
300 587
301 413
301 426
301 527
302 491
302 668
302 713
302 383
303 331
303 377
303 438
303 585
303 722
303 825
303 847
303 391
304 419
304 495
304 551
304 552
304 566
304 590
304 657
304 725
304 792
305 359
305 360
305 469
305 481
305 534
305 582
305 701
305 757
305 880
305 343
306 329
306 525
306 737
306 817
306 871
307 422
307 592
308 332
308 574
308 689
308 695
308 844
308 894
308 376
309 334
309 351
309 393
309 831
309 435
310 357
310 382
310 493
310 571
310 761
310 617
310 363
311 487
312 406
312 449
312 504
312 550
312 698
312 760
312 805
312 801
312 565
313 360
313 365
313 410
313 641
313 642
313 671
313 723
313 752
314 465
314 467
315 341
315 683
315 611
315 754
316 504
316 517
316 543
316 721
316 872
316 887
317 415
317 418
317 538
318 362
318 458
318 471
318 645
318 648
318 792
318 404
319 366
319 375
319 452
319 471
319 568
319 572
319 573
319 604
319 858
319 892
319 472
319 560
320 412
320 656
320 598
321 348
321 446
321 550
321 558
321 582
321 605
321 654
321 778
322 556
322 571
322 581
322 657
322 545
322 685
323 409
323 521
323 584
323 588
323 623
323 680
323 694
323 695
323 863
324 392
324 553
324 647
324 734
324 806
325 408
325 431
325 591
325 635
325 787
325 796
325 856
325 547
326 734
326 768
326 789
326 883
326 403
327 352
327 361
327 420
327 431
327 541
327 644
327 751
328 365
328 397
328 428
328 458
328 650
328 763
329 480
330 343
330 354
330 513
330 520
330 586
330 507
331 386
331 550
331 600
331 636
331 779
331 833
331 448
332 575
332 671
332 755
332 624
332 551
333 357
333 430
333 463
333 612
333 686
333 814
334 401
334 429
334 485
334 520
334 780
334 532
335 363
335 423
335 505
335 516
335 530
335 582
335 593
335 669
335 621
336 376
336 393
336 427
336 509
336 792
336 813
336 557
337 405
337 502
337 682
337 728
337 818
338 346
338 361
338 445
338 553
338 663
339 351
339 380
339 467
339 689
339 836
339 577
340 361
340 441
340 557
340 662
340 675
340 687
340 837
340 601
340 857
341 392
341 425
341 491
341 583
341 735
341 843
341 421
342 574
342 782
343 482
343 513
343 551
343 650
344 345
344 348
344 378
344 471
344 500
344 540
344 613
344 660
344 681
344 688
345 349
345 438
345 564
345 615
345 626
345 791
345 831
345 593
345 680
345 770
346 442
346 479
346 620
346 663
346 802
346 810
346 875
346 789
347 396
347 810
347 831
348 369
348 420
348 456
348 585
348 832
348 652
348 663
349 505
349 524
349 571
349 595
349 667
349 683
349 736
349 858
349 708
350 379
350 508
350 543
350 563
350 604
350 865
350 874
350 534
351 362
351 404
351 484
351 540
351 599
351 617
351 705
351 735
351 841
351 889
351 749
351 402
351 575
351 825
351 869
352 564
352 615
352 823
353 679
353 689
354 672
354 731
354 832
354 886
355 602
355 605
355 781
355 804
355 836
355 800
356 359
356 493
356 628
356 694
356 739
357 548
357 608
357 664
357 665
357 681
357 727
357 751
357 795
358 477
358 494
358 511
358 554
358 806
358 894
359 370
359 440
359 474
359 501
359 521
359 534
359 599
359 620
359 624
359 805
359 364
359 858
360 435
360 436
360 470
360 501
360 521
360 646
360 670
360 678
360 778
360 783
360 819
361 400
361 407
361 572
361 836
361 850
361 896
362 499
362 587
362 632
362 676
362 703
362 742
362 814
362 831
363 619
364 376
364 720
364 855
365 456
365 637
365 840
366 495
366 652
367 385
367 491
367 505
367 557
367 591
367 805
367 808
367 847
367 890
368 453
368 457
368 632
368 855
369 388
369 397
369 425
369 445
369 599
369 683
369 700
370 562
370 568
370 616
370 623
370 658
371 564
371 614
371 874
372 397
372 424
372 590
372 624
372 754
372 764
373 395
373 440
373 536
373 614
373 868
374 520
374 736
374 762
374 882
375 403
375 607
375 875
375 511
376 815
377 424
377 773
377 866
377 782
378 495
378 614
378 773
378 853
379 489
379 645
379 668
379 738
379 851
379 879
380 447
380 597
380 724
380 837
380 896
380 850
381 410
381 477
382 496
382 716
382 748
382 444
382 590
383 394
383 492
383 523
383 609
383 675
383 810
383 862
384 457
384 466
384 732
385 556
385 671
385 847
385 790
386 782
386 799
387 413
387 468
387 846
388 464
388 409
389 432
389 654
389 726
389 641
390 623
390 632
390 649
390 851
391 833
392 414
392 451
392 587
392 629
393 421
393 639
393 663
393 664
393 693
393 719
393 734
393 804
394 416
394 489
394 537
394 548
394 861
394 442
395 402
395 687
395 548
396 450
396 473
396 483
396 515
396 540
396 580
396 596
396 663
396 697
396 759
396 794
397 431
397 531
397 709
397 730
397 835
397 646
398 648
398 716
398 741
398 769
398 783
398 792
398 645
399 411
399 442
399 489
399 585
399 604
399 651
399 679
399 697
399 734
399 781
399 824
399 852
400 497
400 526
400 648
400 736
400 855
400 757
401 799
401 882
401 562
402 472
402 544
402 880
403 526
403 828
404 419
404 586
404 540
404 767
405 461
405 494
405 584
405 598
405 843
405 863
405 555
406 496
406 880
406 821
407 412
407 843
407 434
408 586
408 628
408 684
408 888
408 422
410 415
410 433
410 443
410 455
410 463
410 535
410 658
410 735
410 766
411 413
411 609
411 814
412 413
412 485
412 878
412 426
412 473
413 419
413 480
413 512
413 770
413 445
414 434
414 445
414 471
414 580
414 715
414 827
415 475
415 582
415 701
415 763
416 511
416 564
416 632
416 676
416 789
417 443
417 554
417 555
418 468
418 588
418 633
418 768
418 815
418 844
418 466
419 477
419 490
419 521
419 575
419 615
419 681
419 862
419 592
420 469
420 531
420 618
421 481
421 482
421 639
421 696
421 705
421 816
422 804
422 828
422 592
422 772
422 781
424 655
424 769
425 434
425 448
425 669
425 806
425 855
426 523
426 722
426 749
426 455
427 552
427 619
427 644
427 772
428 440
428 503
428 531
428 645
428 775
429 495
429 834
429 514
430 448
430 802
431 451
431 655
431 821
433 466
433 507
433 592
433 702
433 740
433 879
434 485
434 744
434 764
435 576
435 785
436 510
436 653
436 710
437 622
438 520
438 579
438 764
439 704
439 721
439 768
439 826
439 896
439 710
439 544
440 474
440 481
440 577
440 633
440 660
440 755
440 746
441 728
441 778
442 508
442 513
442 612
442 629
442 730
442 734
442 761
442 801
442 816
443 448
443 487
443 575
443 696
443 748
443 759
443 805
443 796
443 722
444 445
444 516
444 752
444 790
445 523
445 584
445 853
447 482
447 790
447 897
448 576
448 716
448 733
448 743
448 824
448 833
449 477
449 507
449 555
449 577
449 638
449 709
449 570
450 542
450 568
450 581
450 801
450 812
450 857
450 897
451 488
451 612
451 789
451 893
452 481
452 692
452 709
452 722
452 783
452 812
452 870
452 479
452 632
453 492
453 493
453 540
453 578
453 649
453 745
453 889
453 663
454 529
454 639
454 656
454 742
454 792
454 492
455 461
455 803
456 512
456 535
456 538
456 804
456 823
456 872
456 788
457 533
457 642
457 813
457 826
457 847
458 544
458 606
458 537
458 899
459 464
459 644
460 461
460 617
460 786
460 846
461 469
461 482
461 886
462 712
462 800
462 481
463 482
463 590
463 620
464 550
464 717
464 841
464 851
465 658
465 687
465 698
466 507
466 654
466 763
467 519
467 676
468 561
468 697
468 778
469 492
469 597
469 654
469 662
469 750
469 896
470 610
470 694
470 799
470 838
471 494
471 620
471 756
471 649
472 794
473 529
473 680
473 684
473 746
473 823
473 825
473 845
473 887
474 843
474 681
474 542
475 503
475 552
475 568
475 694
475 750
475 861
476 556
476 559
476 574
476 608
476 616
476 646
476 702
476 593
478 865
479 517
479 645
479 746
480 490
480 502
480 587
480 755
480 766
481 553
481 640
481 538
481 660
482 591
482 702
482 764
482 615
483 623
484 547
484 649
484 842
485 534
485 611
485 692
485 726
485 859
485 656
486 509
486 546
486 628
486 705
486 803
487 577
487 621
487 631
487 833
487 671
489 517
489 542
489 857
489 505
489 595
490 895
491 502
491 714
491 737
491 747
491 843
491 891
491 605
492 533
492 570
492 573
492 607
492 652
492 763
492 851
493 789
493 866
493 639
494 495
494 512
494 726
494 743
494 813
495 673
495 856
496 685
497 798
497 806
498 614
498 680
499 530
499 531
499 541
499 542
499 571
499 705
500 539
501 578
501 863
502 504
502 518
502 562
502 600
502 621
502 712
502 815
503 794
505 547
505 632
506 638
506 681
506 694
506 749
506 774
507 535
507 654
507 784
507 797
507 519
507 740
508 550
508 603
509 821
510 569
510 590
510 607
510 787
510 837
510 847
513 586
513 776
513 864
514 703
515 638
515 865
516 601
516 757
517 790
518 574
518 630
518 673
518 747
518 856
519 770
520 527
520 597
520 662
520 881
521 664
521 703
521 838
522 537
522 588
522 610
522 861
522 866
522 822
523 534
523 702
524 553
524 599
524 622
525 543
525 638
525 710
526 702
526 746
527 592
527 662
527 733
527 767
528 612
528 671
528 774
528 839
528 723
529 545
529 569
529 708
529 839
529 846
530 590
531 562
531 829
532 533
532 867
533 554
533 759
533 850
534 771
535 746
536 661
536 725
536 605
537 665
537 833
537 809
538 552
538 790
539 627
540 562
540 572
540 868
540 888
540 667
540 675
541 590
542 717
542 766
542 788
544 552
544 772
544 849
545 549
545 660
545 704
545 739
545 832
545 864
545 875
546 569
546 842
546 577
547 645
547 676
547 711
548 710
548 724
548 873
550 557
550 601
550 665
550 697
550 744
550 757
550 840
551 623
551 652
551 666
551 750
551 821
552 849
553 691
554 647
554 705
554 756
555 569
555 602
555 809
555 651
556 637
557 560
557 626
557 784
557 881
558 560
558 779
559 738
559 829
561 586
561 642
561 743
561 766
562 838
563 610
563 677
564 598
564 612
564 790
564 883
565 639
565 669
565 672
565 741
566 880
567 672
568 719
570 666
570 774
571 606
571 707
572 616
572 779
573 803
573 846
573 868
575 605
575 666
575 706
575 736
577 618
577 640
577 661
577 815
578 753
579 770
579 788
579 836
579 840
580 585
580 762
580 833
580 811
581 737
581 741
582 640
583 795
583 615
584 648
584 886
584 891
584 766
585 701
585 800
585 850
585 871
586 881
587 650
587 657
587 760
587 877
589 707
589 753
590 605
590 807
591 667
592 595
592 711
592 755
592 849
593 890
593 724
593 814
595 642
595 765
595 777
595 834
598 759
598 768
598 841
598 868
598 664
599 696
602 659
602 810
602 819
602 842
602 670
603 768
603 732
604 634
605 636
605 742
605 774
605 866
607 714
607 823
609 719
609 895
611 798
612 620
612 696
612 786
612 812
613 783
613 871
615 708
616 726
616 796
617 869
617 688
619 686
619 802
619 868
620 636
620 660
620 876
620 888
622 678
622 738
622 800
622 845
622 787
624 745
626 716
629 690
629 805
630 757
631 726
632 845
634 763
634 781
634 819
636 830
637 685
637 704
638 844
638 852
640 685
641 773
641 775
642 690
643 694
643 731
643 799
643 821
644 852
645 684
645 709
645 778
646 651
646 818
646 859
646 884
647 822
648 650
650 850
650 863
651 715
651 854
651 885
654 708
654 740
654 892
657 659
657 729
657 745
657 800
657 749
658 869
659 717
660 749
660 807
662 684
662 729
663 684
663 731
665 710
665 744
665 819
666 671
669 791
669 686
670 753
671 694
671 697
672 673
672 685
674 796
674 873
676 680
676 686
677 687
677 818
678 813
679 681
680 874
682 858
684 780
684 853
684 887
686 706
687 788
689 861
691 730
691 840
691 828
692 698
692 722
692 883
693 747
693 697
694 841
696 822
697 853
698 703
698 870
698 810
699 780
700 782
700 859
702 815
703 846
705 826
705 885
705 892
706 834
706 839
708 894
708 815
711 720
711 757
713 745
713 835
715 722
716 740
716 840
719 798
719 837
719 869
720 723
721 791
722 768
722 772
722 829
722 884
723 786
723 794
723 802
725 795
727 780
727 856
729 747
729 759
729 843
732 856
733 879
734 861
735 736
736 762
737 787
738 877
739 752
739 760
739 777
739 828
740 800
740 876
741 810
741 792
743 803
744 797
744 777
745 767
745 885
745 879
746 854
747 790
748 854
749 888
752 816
753 840
755 867
758 893
759 840
759 848
761 815
762 776
764 875
765 769
767 840
768 772
768 827
768 841
768 889
770 898
771 789
776 877
776 841
779 831
783 875
784 899
785 821
787 882
790 834
790 879
792 839
796 826
796 897
797 814
797 877
797 878
797 835
799 898
803 896
806 872
814 846
816 889
817 838
817 882
827 878
828 863
834 844
841 898
847 848
848 854
848 870
848 871
849 868
866 875
870 887
877 896