684802868
1
900
899
0 1
0 6
0 7
0 11
0 15
0 43
0 74
0 82
0 106
0 119
0 177
0 256
0 265
0 307
0 360
0 467
0 475
0 496
0 532
0 544
0 549
0 562
0 571
0 593
0 619
0 687
0 691
0 743
0 748
0 766
0 781
0 790
0 867
1 2
1 3
1 23
1 32
1 40
1 51
1 76
1 109
1 142
1 200
1 224
1 230
1 301
1 353
1 565
1 621
1 671
1 685
1 754
2 801
3 4
3 8
3 16
3 20
3 24
3 34
3 38
3 39
3 107
3 147
3 151
3 228
3 232
3 251
3 320
3 321
3 373
3 406
3 506
3 519
3 569
3 825
3 861
4 5
4 9
4 13
4 28
4 35
4 36
4 47
4 54
4 87
4 89
4 91
4 92
4 98
4 101
4 103
4 125
4 171
4 179
4 180
4 246
4 248
4 249
4 254
4 260
4 271
4 288
4 304
4 358
4 389
4 405
4 408
4 424
4 425
4 448
4 451
4 458
4 510
4 518
4 563
4 583
4 594
4 652
4 688
4 732
4 753
4 796
4 797
4 805
4 862
4 882
4 888
5 14
5 234
6 715
6 822
7 30
7 68
7 86
7 116
7 152
7 259
7 494
7 531
7 804
8 78
8 79
8 84
8 95
8 133
8 154
8 188
8 206
8 241
8 315
8 327
8 340
8 459
8 478
8 580
8 585
8 636
8 683
8 701
8 729
8 791
8 806
8 864
9 10
9 12
9 17
9 22
9 52
9 56
9 65
9 97
9 112
9 135
9 153
9 164
9 181
9 182
9 196
9 203
9 220
9 221
9 243
9 286
9 300
9 328
9 330
9 460
9 505
9 520
9 578
9 599
9 783
9 792
9 821
10 21
10 29
10 72
10 73
10 226
10 308
10 314
10 368
10 470
10 605
10 712
10 795
10 800
11 18
11 37
11 46
11 48
11 75
11 121
11 192
11 274
11 289
11 303
11 313
11 335
11 473
11 665
12 102
12 127
13 19
13 69
13 675
14 132
14 134
14 161
14 404
14 407
16 136
16 261
16 577
16 624
17 55
17 326
17 760
18 90
18 96
18 111
18 143
18 149
18 166
18 219
18 367
18 429
18 509
18 588
18 662
18 745
18 831
19 317
19 477
20 439
20 481
20 526
20 788
21 66
21 128
21 205
21 310
21 521
21 528
21 686
22 120
22 215
22 339
22 365
22 474
22 610
22 763
22 776
22 857
23 25
23 26
23 27
23 33
23 41
23 50
23 53
23 59
23 123
23 185
23 218
23 255
23 266
23 316
23 440
23 472
23 628
23 650
23 787
23 853
25 884
26 359
26 559
26 608
26 627
27 108
27 654
28 70
28 276
28 657
29 298
30 31
30 126
30 432
30 813
33 42
34 689
35 279
35 345
35 392
35 457
36 94
36 131
36 268
36 334
36 595
36 808
37 60
37 71
37 80
37 214
37 305
37 391
37 437
37 739
37 798
37 836
38 62
38 64
38 141
38 431
38 495
38 508
39 44
39 45
39 49
39 63
39 67
39 77
39 88
39 139
39 183
39 184
39 222
39 612
39 736
39 793
40 61
43 195
43 782
45 58
45 235
45 450
45 465
45 728
45 741
45 875
46 100
46 306
46 452
47 178
47 302
47 455
47 737
47 772
48 277
49 115
49 122
49 229
49 244
49 267
49 607
49 679
49 824
50 114
50 620
50 742
52 105
52 162
52 176
52 199
52 273
52 575
52 629
52 711
53 168
53 282
54 57
54 169
54 240
54 247
54 386
54 676
54 843
55 253
55 426
55 539
55 564
55 669
56 158
56 201
57 421
57 603
57 649
57 713
59 140
59 338
60 488
60 622
60 717
60 891
61 423
61 833
62 572
63 93
63 415
65 81
65 159
65 400
65 446
65 456
65 604
65 707
67 83
67 755
69 129
69 157
69 186
69 558
70 85
70 449
72 390
74 213
74 385
74 442
74 512
74 630
74 639
75 117
75 295
75 479
76 160
76 233
76 284
76 363
76 388
76 427
76 724
77 144
77 430
77 513
77 667
78 349
78 444
79 381
79 828
81 175
81 333
81 698
82 99
82 435
83 156
83 209
84 150
84 216
85 590
87 419
88 848
88 873
89 137
89 138
89 211
89 322
89 329
89 547
89 721
95 299
95 642
98 155
99 198
100 113
100 399
100 497
100 830
101 104
102 163
102 275
102 637
102 641
103 167
103 189
103 239
103 498
103 634
103 705
103 807
104 501
104 586
104 704
106 118
107 245
108 110
108 148
110 146
110 165
110 281
110 560
111 616
113 471
114 370
114 398
114 517
114 553
115 170
115 764
115 823
117 651
118 270
118 280
119 826
120 124
120 145
120 193
120 285
120 463
120 487
120 554
120 653
120 702
121 325
121 410
121 752
121 794
121 880
123 130
123 242
123 311
123 341
125 347
125 438
127 258
127 323
127 337
127 417
127 422
127 631
128 827
129 602
130 402
134 191
134 362
134 710
134 852
135 173
135 319
135 356
135 469
135 516
135 660
135 895
136 264
136 343
137 378
137 543
137 726
139 207
139 309
142 257
142 348
142 617
142 659
145 899
149 355
151 466
151 515
151 570
151 841
152 190
152 237
152 262
152 374
152 403
152 538
152 550
152 664
152 789
152 799
152 855
154 561
155 708
160 202
160 204
160 412
160 413
160 416
160 489
160 533
160 840
162 818
163 252
163 357
164 227
165 663
166 324
167 172
167 434
172 174
172 236
172 441
172 615
172 819
173 197
173 443
174 346
175 187
175 504
178 194
178 697
180 297
180 556
181 290
181 371
181 393
181 394
183 576
184 210
185 383
186 292
188 217
188 379
188 428
188 591
188 673
188 699
188 716
188 812
190 293
190 668
191 294
191 318
191 336
191 414
191 706
192 369
192 540
192 757
193 834
194 397
194 723
196 677
198 225
199 208
199 212
199 500
199 530
201 250
201 734
202 238
203 816
204 574
205 223
205 350
205 557
205 633
205 774
205 814
208 802
209 877
210 395
210 447
213 291
214 396
214 420
218 351
218 579
218 762
219 401
219 623
220 380
221 720
224 287
224 678
224 769
225 765
228 644
229 231
229 283
229 382
229 681
230 384
230 872
232 887
236 263
237 573
238 767
240 418
241 545
244 695
246 269
246 332
246 784
246 809
249 499
250 534
250 709
250 839
250 844
253 278
253 411
253 493
253 535
253 718
253 838
253 870
256 485
256 542
256 645
259 672
267 759
271 272
271 366
271 626
274 409
274 484
278 296
278 482
278 661
282 568
287 655
288 503
289 863
290 375
290 600
290 680
290 758
292 387
293 536
293 777
294 773
296 632
297 342
297 454
297 507
297 832
300 352
300 829
300 897
304 354
304 361
304 693
304 893
305 525
307 312
307 461
307 552
307 581
307 738
307 883
310 344
317 746
317 778
320 480
321 865
325 436
327 377
327 546
327 658
327 700
329 331
332 874
334 866
339 696
339 849
343 364
344 372
344 751
348 376
349 453
349 889
350 842
354 656
357 731
359 551
361 601
365 548
366 719
367 648
371 674
373 486
373 722
375 514
375 596
375 609
375 635
384 492
385 856
387 725
388 464
388 522
388 879
389 527
389 541
398 490
399 886
405 567
405 750
407 898
408 761
409 768
410 885
412 770
415 582
415 647
416 878
418 468
423 858
426 433
426 511
428 749
430 462
430 476
430 555
431 606
436 613
439 643
441 524
442 445
443 837
450 483
453 523
453 727
453 735
460 666
460 780
461 491
462 876
463 730
467 845
470 779
476 587
476 820
477 592
480 589
481 892
484 529
485 703
490 537
491 646
494 740
496 502
498 614
498 744
502 566
503 890
506 846
515 597
515 598
515 682
516 618
518 847
525 625
530 894
550 868
557 584
557 611
557 810
557 860
571 640
571 747
581 803
594 786
596 670
596 854
596 871
597 851
602 684
604 690
606 785
609 638
630 775
659 859
675 733
681 692
684 714
690 694
692 756
721 835
722 881
724 771
725 815
725 817
732 869
747 811
818 850
889 896