525912601
26
90
1692
0 26
0 27
0 28
0 29
0 30
0 31
0 32
0 33
0 34
0 35
0 39
0 40
0 49
0 52
0 55
0 56
0 64
0 23
1 26
1 27
1 28
1 29
1 30
1 31
1 32
1 33
1 34
1 36
1 37
1 39
1 40
1 41
1 42
1 43
1 44
1 45
1 46
1 50
1 51
1 52
1 54
1 57
1 58
1 59
1 61
1 63
1 68
1 69
1 70
1 72
1 73
1 79
1 89
1 49
2 26
2 27
2 28
2 29
2 34
2 35
2 38
2 42
2 44
2 46
2 53
2 60
2 67
2 77
2 81
2 88
3 26
3 27
3 28
3 30
3 31
3 36
3 38
3 39
3 44
3 45
3 46
3 50
3 51
3 52
3 54
3 58
3 63
3 68
3 69
3 72
3 76
3 77
3 86
4 26
4 27
4 28
4 29
4 30
4 31
4 32
4 33
4 34
4 35
4 36
4 37
4 38
4 41
4 42
4 44
4 49
4 53
4 55
4 56
4 58
4 60
4 62
4 64
4 66
4 72
4 77
4 80
4 81
4 84
4 85
4 89
5 26
5 27
5 28
5 29
5 30
5 31
5 32
5 33
5 34
5 35
5 36
5 37
5 38
5 40
5 41
5 42
5 43
5 44
5 47
5 50
5 51
5 56
5 59
5 63
5 65
5 69
5 72
5 74
5 78
5 79
5 80
5 81
5 85
5 87
5 46
6 26
6 27
6 28
6 29
6 30
6 32
6 33
6 34
6 40
6 50
6 61
6 73
6 74
6 76
6 81
6 83
7 26
7 27
7 28
7 29
7 30
7 31
7 32
7 33
7 34
7 35
7 37
7 39
7 40
7 41
7 42
7 44
7 47
7 48
7 49
7 51
7 52
7 54
7 55
7 57
7 58
7 59
7 60
7 61
7 62
7 67
7 72
7 77
7 78
7 79
7 81
7 82
7 83
7 86
7 89
7 20
8 26
8 27
8 28
8 29
8 30
8 31
8 32
8 33
8 36
8 37
8 42
8 50
8 52
8 64
8 73
8 81
8 88
8 89
8 84
9 26
9 27
9 28
9 29
9 30
9 31
9 33
9 34
9 35
9 36
9 38
9 43
9 57
9 59
9 62
9 81
9 85
9 88
10 26
10 27
10 28
10 29
10 30
10 31
10 32
10 33
10 34
10 36
10 37
10 38
10 40
10 41
10 42
10 44
10 46
10 47
10 51
10 56
10 57
10 58
10 61
10 64
10 69
10 71
10 74
10 75
10 78
10 80
10 85
10 88
11 26
11 27
11 28
11 29
11 30
11 31
11 32
11 33
11 34
11 35
11 41
11 43
11 53
11 55
11 56
11 59
11 62
11 64
11 67
11 81
11 83
11 38
12 26
12 27
12 28
12 29
12 30
12 31
12 32
12 33
12 36
12 37
12 39
12 40
12 41
12 42
12 43
12 44
12 45
12 46
12 47
12 48
12 49
12 50
12 60
12 69
12 71
12 72
12 73
12 74
12 75
12 79
12 84
13 26
13 27
13 28
13 29
13 30
13 31
13 32
13 33
13 34
13 35
13 36
13 37
13 39
13 43
13 44
13 45
13 47
13 48
13 49
13 51
13 53
13 54
13 56
13 57
13 58
13 60
13 62
13 65
13 66
13 68
13 69
13 76
13 77
13 81
13 83
13 84
14 26
14 27
14 28
14 30
14 31
14 33
14 35
14 36
14 38
14 39
14 40
14 42
14 43
14 45
14 46
14 48
14 53
14 54
14 60
14 61
14 63
14 64
14 66
14 69
14 76
14 78
14 79
14 89
15 26
15 27
15 28
15 29
15 30
15 31
15 33
15 34
15 35
15 36
15 37
15 38
15 40
15 42
15 43
15 44
15 45
15 47
15 49
15 55
15 60
15 63
15 66
15 77
15 79
15 81
15 88
15 41
16 26
16 27
16 28
16 29
16 30
16 31
16 32
16 33
16 35
16 36
16 37
16 39
16 40
16 42
16 47
16 51
16 52
16 56
16 59
16 65
16 72
16 74
16 76
16 77
16 80
16 85
16 86
16 88
16 89
17 26
17 27
17 28
17 29
17 30
17 31
17 32
17 34
17 38
17 39
17 41
17 46
17 58
17 60
17 67
17 68
17 72
17 80
17 89
18 26
18 27
18 28
18 29
18 31
18 34
18 35
18 36
18 37
18 43
18 46
18 48
18 52
18 61
18 68
18 78
18 81
19 26
19 27
19 28
19 29
19 30
19 31
19 32
19 35
19 37
19 38
19 39
19 40
19 43
19 45
19 50
19 51
19 53
19 54
19 55
19 57
19 58
19 59
19 68
19 73
19 75
19 87
19 88
19 49
20 26
20 29
20 30
20 32
20 35
20 36
20 37
20 38
20 41
20 42
20 43
20 45
20 53
20 56
20 57
20 61
20 65
20 69
20 73
20 76
20 77
20 78
20 82
20 86
20 87
20 47
21 26
21 27
21 28
21 31
21 32
21 34
21 37
21 38
21 40
21 44
21 50
21 51
21 56
21 57
21 59
21 61
21 62
21 63
21 68
21 71
21 80
21 83
21 89
21 36
22 26
22 27
22 28
22 29
22 30
22 31
22 32
22 33
22 34
22 35
22 37
22 38
22 39
22 41
22 42
22 43
22 44
22 45
22 46
22 47
22 48
22 49
22 50
22 57
22 62
22 63
22 64
22 67
22 69
22 70
22 71
22 78
22 79
22 82
22 83
23 26
23 27
23 28
23 29
23 30
23 31
23 32
23 33
23 34
23 35
23 36
23 37
23 38
23 41
23 42
23 51
23 52
23 55
23 56
23 58
23 61
23 66
23 68
23 69
23 71
23 73
23 79
23 88
24 26
24 27
24 29
24 30
24 32
24 33
24 34
24 35
24 36
24 38
24 39
24 40
24 41
24 43
24 46
24 47
24 52
24 54
24 56
24 58
24 67
24 72
24 82
24 83
24 87
24 81
25 26
25 27
25 28
25 29
25 32
25 33
25 39
25 40
25 41
25 45
25 46
25 47
25 49
25 52
25 57
25 58
25 60
25 61
25 62
25 69
25 77
25 84
26 27
26 28
26 29
26 30
26 31
26 32
26 33
26 34
26 35
26 36
26 37
26 38
26 39
26 40
26 41
26 43
26 44
26 45
26 46
26 47
26 48
26 49
26 50
26 51
26 52
26 53
26 54
26 55
26 56
26 57
26 58
26 60
26 61
26 65
26 66
26 67
26 70
26 71
26 74
26 75
26 77
26 78
26 79
26 83
26 26
27 28
27 29
27 30
27 31
27 32
27 33
27 34
27 35
27 36
27 37
27 38
27 39
27 40
27 41
27 42
27 43
27 44
27 45
27 47
27 48
27 49
27 51
27 52
27 54
27 55
27 56
27 59
27 61
27 64
27 65
27 66
27 67
27 68
27 69
27 72
27 73
27 74
27 78
27 80
27 81
27 82
27 84
27 85
27 88
27 89
27 63
27 87
28 29
28 30
28 31
28 32
28 33
28 34
28 35
28 36
28 37
28 38
28 39
28 40
28 41
28 43
28 44
28 45
28 46
28 47
28 48
28 49
28 51
28 52
28 53
28 54
28 55
28 56
28 57
28 59
28 61
28 63
28 64
28 65
28 67
28 68
28 69
28 70
28 71
28 75
28 79
28 81
28 82
28 83
28 88
28 89
28 80
29 30
29 31
29 32
29 33
29 34
29 35
29 36
29 37
29 38
29 39
29 40
29 41
29 42
29 43
29 44
29 45
29 47
29 49
29 50
29 51
29 52
29 53
29 54
29 57
29 58
29 59
29 60
29 62
29 65
29 66
29 67
29 70
29 73
29 75
29 78
29 80
29 84
29 86
29 87
29 89
30 31
30 32
30 33
30 34
30 35
30 36
30 37
30 38
30 39
30 40
30 41
30 42
30 43
30 44
30 45
30 46
30 47
30 48
30 49
30 50
30 51
30 53
30 54
30 55
30 57
30 58
30 59
30 60
30 61
30 62
30 63
30 64
30 66
30 67
30 68
30 69
30 71
30 72
30 74
30 75
30 78
30 82
30 83
30 87
31 32
31 33
31 34
31 35
31 36
31 37
31 38
31 39
31 41
31 42
31 43
31 44
31 45
31 46
31 47
31 48
31 49
31 50
31 51
31 53
31 54
31 55
31 56
31 57
31 58
31 60
31 61
31 62
31 63
31 64
31 66
31 67
31 69
31 70
31 75
31 77
31 79
31 82
31 84
31 85
31 86
31 87
31 88
32 33
32 34
32 35
32 36
32 37
32 38
32 39
32 40
32 41
32 42
32 43
32 44
32 45
32 48
32 49
32 50
32 51
32 53
32 54
32 56
32 57
32 59
32 60
32 61
32 62
32 64
32 66
32 67
32 68
32 69
32 72
32 73
32 74
32 75
32 76
32 79
32 80
32 83
32 84
32 86
32 88
33 34
33 35
33 36
33 37
33 38
33 39
33 40
33 41
33 42
33 45
33 46
33 47
33 48
33 49
33 50
33 51
33 53
33 54
33 55
33 56
33 57
33 59
33 61
33 65
33 67
33 68
33 69
33 70
33 71
33 73
33 74
33 75
33 76
33 79
33 86
33 87
34 35
34 36
34 39
34 41
34 42
34 44
34 45
34 46
34 47
34 48
34 51
34 52
34 53
34 54
34 55
34 56
34 57
34 60
34 62
34 63
34 64
34 65
34 66
34 68
34 69
34 70
34 71
34 72
34 73
34 74
34 75
34 77
34 79
34 80
34 83
34 86
34 87
34 89
35 36
35 37
35 38
35 39
35 40
35 42
35 43
35 44
35 45
35 47
35 48
35 49
35 50
35 52
35 53
35 54
35 55
35 56
35 57
35 58
35 59
35 62
35 65
35 66
35 67
35 68
35 70
35 71
35 72
35 73
35 74
35 77
35 78
35 80
35 82
35 84
35 88
35 89
35 63
36 37
36 38
36 39
36 40
36 41
36 42
36 43
36 45
36 47
36 49
36 53
36 56
36 58
36 59
36 61
36 62
36 64
36 71
36 76
36 77
36 78
36 80
36 82
36 83
36 68
37 38
37 39
37 40
37 41
37 43
37 44
37 45
37 46
37 47
37 48
37 49
37 50
37 51
37 52
37 53
37 54
37 58
37 60
37 61
37 63
37 65
37 66
37 68
37 70
37 72
37 73
37 77
37 78
37 79
37 82
37 84
37 85
37 86
37 87
37 88
37 89
38 39
38 40
38 41
38 42
38 45
38 46
38 47
38 48
38 49
38 52
38 53
38 54
38 55
38 58
38 59
38 62
38 63
38 64
38 65
38 66
38 69
38 70
38 71
38 73
38 76
38 78
38 82
38 84
38 85
38 86
38 87
38 89
38 43
39 40
39 41
39 42
39 43
39 44
39 45
39 46
39 47
39 48
39 51
39 52
39 54
39 55
39 56
39 57
39 58
39 59
39 60
39 64
39 66
39 67
39 71
39 73
39 74
39 77
39 82
39 85
39 87
39 88
39 83
40 43
40 44
40 46
40 48
40 50
40 51
40 52
40 53
40 54
40 55
40 57
40 58
40 59
40 61
40 62
40 65
40 67
40 68
40 70
40 71
40 73
40 76
40 80
40 81
40 82
40 83
40 86
41 42
41 44
41 45
41 46
41 48
41 49
41 50
41 51
41 52
41 55
41 57
41 60
41 62
41 63
41 64
41 65
41 66
41 68
41 69
41 71
41 72
41 73
41 75
41 80
41 82
41 84
41 58
42 43
42 44
42 46
42 47
42 48
42 49
42 50
42 51
42 54
42 55
42 56
42 59
42 62
42 63
42 64
42 65
42 67
42 68
42 70
42 71
42 74
42 76
42 79
42 82
42 83
42 87
43 46
43 48
43 49
43 50
43 51
43 52
43 53
43 55
43 58
43 59
43 60
43 61
43 62
43 65
43 67
43 68
43 72
43 74
43 77
43 78
43 80
43 84
43 86
44 45
44 46
44 48
44 49
44 50
44 52
44 53
44 55
44 56
44 58
44 59
44 61
44 62
44 63
44 64
44 65
44 67
44 70
44 71
44 78
44 80
44 81
44 83
44 87
45 46
45 47
45 48
45 50
45 51
45 52
45 54
45 57
45 58
45 60
45 61
45 62
45 63
45 66
45 71
45 72
45 74
45 78
45 79
45 80
45 83
45 84
45 85
45 87
45 88
45 89
46 47
46 48
46 49
46 54
46 55
46 57
46 59
46 62
46 65
46 68
46 70
46 71
46 72
46 73
46 75
46 76
46 84
46 85
46 86
46 87
46 63
46 67
47 48
47 49
47 50
47 52
47 58
47 59
47 64
47 67
47 70
47 73
47 75
47 76
47 79
47 83
47 87
47 88
48 50
48 53
48 55
48 57
48 61
48 63
48 67
48 75
48 76
48 77
48 81
48 84
48 89
49 50
49 52
49 57
49 61
49 63
49 66
49 69
49 72
49 74
49 75
49 76
49 79
49 85
50 53
50 54
50 56
50 62
50 68
50 74
50 75
50 76
50 82
50 84
50 85
50 86
50 87
50 88
51 53
51 54
51 55
51 56
51 60
51 63
51 64
51 65
51 69
51 73
51 75
51 77
51 86
51 52
52 53
52 56
52 63
52 64
52 65
52 66
52 68
52 70
52 72
52 73
52 75
52 76
52 79
52 85
53 59
53 62
53 66
53 70
53 71
53 72
53 74
53 76
53 81
53 82
53 84
53 87
54 55
54 58
54 60
54 61
54 62
54 63
54 65
54 70
54 72
54 75
54 78
54 81
54 82
54 86
54 87
54 89
55 69
55 71
55 72
55 74
55 78
55 80
55 82
55 85
56 59
56 60
56 63
56 67
56 70
56 76
56 79
56 85
56 88
57 60
57 64
57 65
57 66
57 68
57 74
57 78
57 80
57 82
57 89
58 60
58 65
58 66
58 70
58 77
58 79
58 81
58 83
58 85
58 86
58 88
58 89
59 60
59 64
59 66
59 68
59 69
59 74
59 76
59 85
59 86
59 89
60 63
60 64
60 65
60 66
60 68
60 70
60 71
60 73
60 74
60 76
60 77
60 78
60 80
60 82
60 89
61 63
61 67
61 71
61 72
61 73
61 76
61 82
61 86
61 88
62 63
62 64
62 66
62 67
62 69
62 71
62 74
62 78
62 80
62 86
62 87
62 82
63 67
63 73
63 74
63 76
63 77
63 78
63 79
63 80
64 65
64 81
64 82
65 70
65 77
65 81
65 84
65 88
66 72
66 75
66 79
66 83
66 77
67 70
67 75
67 77
67 80
67 83
67 86
68 69
68 70
68 73
68 74
68 77
68 80
68 84
68 87
69 70
69 71
69 78
69 82
69 84
69 85
70 75
70 84
70 85
70 86
70 87
71 75
71 81
71 83
71 77
72 75
72 76
72 77
72 81
72 85
72 86
72 88
72 89
73 75
73 81
73 83
73 84
73 85
73 86
74 76
74 83
74 75
75 78
75 84
76 81
76 87
77 79
77 80
77 84
77 87
77 88
78 79
78 85
79 80
79 83
79 85
79 86
80 81
80 82
80 83
80 84
80 89
80 80
81 87
83 89
84 85
84 88
85 88
88 89