574238970
16
90
1224
0 16
0 17
0 18
0 19
0 21
0 23
0 26
0 30
0 36
0 42
0 64
0 75
0 55
1 16
1 17
1 18
1 19
1 20
1 21
1 22
1 23
1 25
1 29
1 32
1 33
1 38
1 39
1 40
1 41
1 45
1 50
1 58
1 64
1 72
1 73
1 78
1 87
1 43
2 16
2 17
2 18
2 19
2 21
2 22
2 23
2 24
2 29
2 30
2 32
2 40
2 49
2 50
2 58
2 61
2 73
2 53
3 16
3 17
3 18
3 19
3 20
3 21
3 23
3 24
3 26
3 27
3 28
3 32
3 33
3 34
3 36
3 37
3 39
3 40
3 44
3 45
3 46
3 50
3 53
3 56
3 62
3 67
3 71
3 73
3 75
3 84
3 3
4 16
4 17
4 18
4 19
4 20
4 22
4 24
4 27
4 28
4 34
4 42
4 59
4 62
4 64
4 68
4 75
4 78
4 35
5 16
5 17
5 18
5 19
5 20
5 21
5 22
5 24
5 26
5 27
5 28
5 29
5 30
5 31
5 32
5 33
5 35
5 36
5 39
5 40
5 41
5 42
5 43
5 44
5 46
5 50
5 54
5 60
5 64
5 68
5 79
5 81
5 85
6 16
6 17
6 20
6 33
6 41
6 48
6 50
6 80
7 16
7 17
7 19
7 20
7 21
7 22
7 23
7 24
7 25
7 27
7 30
7 34
7 35
7 37
7 38
7 45
7 47
7 48
7 51
7 58
7 60
7 63
7 65
7 72
7 79
7 81
7 84
7 86
7 89
7 76
8 16
8 17
8 18
8 19
8 21
8 24
8 25
8 26
8 29
8 31
8 33
8 35
8 42
8 52
8 54
8 55
8 60
8 69
8 73
8 75
8 77
8 78
8 81
8 83
8 23
9 16
9 18
9 19
9 20
9 23
9 25
9 26
9 30
9 37
9 43
9 44
9 45
9 51
9 52
9 55
9 56
9 62
9 70
9 71
9 73
9 21
10 16
10 17
10 18
10 20
10 21
10 22
10 24
10 25
10 26
10 29
10 31
10 34
10 35
10 41
10 42
10 44
10 48
10 53
10 55
10 66
10 83
11 16
11 17
11 18
11 19
11 20
11 21
11 23
11 28
11 31
11 37
11 55
11 65
11 74
11 22
11 41
12 16
12 17
12 18
12 19
12 22
12 23
12 25
12 26
12 27
12 28
12 29
12 32
12 33
12 35
12 36
12 37
12 38
12 39
12 42
12 44
12 45
12 46
12 48
12 53
12 54
12 57
12 65
12 69
12 87
13 16
13 17
13 18
13 19
13 20
13 21
13 22
13 24
13 25
13 26
13 27
13 31
13 33
13 34
13 38
13 42
13 43
13 47
13 49
13 55
13 58
13 59
13 63
13 67
13 77
13 80
13 82
13 84
13 86
13 69
14 16
14 17
14 18
14 19
14 20
14 21
14 22
14 23
14 25
14 28
14 29
14 30
14 35
14 39
14 40
14 44
14 50
14 53
14 57
14 58
14 61
14 64
14 67
14 73
15 16
15 17
15 18
15 20
15 22
15 32
15 48
15 55
15 75
15 87
16 17
16 18
16 19
16 20
16 21
16 22
16 23
16 24
16 25
16 26
16 27
16 28
16 29
16 30
16 34
16 36
16 38
16 40
16 41
16 43
16 44
16 48
16 50
16 51
16 52
16 54
16 56
16 57
16 59
16 62
16 64
16 66
16 67
16 68
16 70
16 72
16 73
16 74
16 77
16 78
16 79
16 82
16 84
16 65
17 18
17 19
17 20
17 21
17 22
17 23
17 24
17 25
17 26
17 27
17 28
17 30
17 31
17 34
17 35
17 36
17 37
17 38
17 39
17 41
17 43
17 44
17 45
17 46
17 47
17 49
17 50
17 51
17 56
17 58
17 60
17 61
17 66
17 70
17 72
17 74
17 77
17 78
17 79
17 81
17 82
17 86
17 88
17 89
17 63
18 19
18 20
18 21
18 22
18 23
18 24
18 25
18 26
18 27
18 28
18 30
18 31
18 32
18 33
18 34
18 35
18 36
18 38
18 39
18 41
18 43
18 44
18 45
18 46
18 48
18 49
18 51
18 52
18 54
18 56
18 58
18 60
18 66
18 67
18 70
18 71
18 74
18 75
18 76
18 88
18 89
18 68
18 72
19 20
19 21
19 22
19 23
19 24
19 25
19 26
19 27
19 28
19 29
19 30
19 31
19 32
19 34
19 37
19 38
19 39
19 40
19 41
19 42
19 45
19 47
19 52
19 53
19 55
19 57
19 59
19 60
19 61
19 63
19 65
19 66
19 69
19 71
19 76
19 77
19 78
19 80
19 82
19 85
19 88
19 89
20 21
20 22
20 23
20 24
20 25
20 26
20 27
20 28
20 29
20 30
20 36
20 39
20 40
20 44
20 46
20 47
20 48
20 49
20 51
20 52
20 57
20 58
20 62
20 63
20 67
20 68
20 69
20 70
20 81
20 82
20 83
20 85
21 22
21 23
21 24
21 25
21 27
21 28
21 29
21 30
21 31
21 32
21 34
21 35
21 36
21 37
21 38
21 40
21 41
21 42
21 43
21 48
21 49
21 52
21 53
21 55
21 61
21 63
21 64
21 65
21 67
21 68
21 71
21 76
21 83
21 85
21 87
21 89
22 23
22 24
22 25
22 26
22 27
22 31
22 33
22 35
22 37
22 38
22 39
22 41
22 43
22 47
22 56
22 57
22 59
22 60
22 61
22 62
22 65
22 66
22 68
22 70
22 71
22 72
22 76
22 77
22 79
22 83
22 85
22 86
22 87
23 24
23 28
23 29
23 30
23 31
23 32
23 34
23 35
23 40
23 41
23 42
23 46
23 58
23 66
23 67
23 72
23 73
23 77
23 78
23 81
23 82
23 87
23 64
24 25
24 26
24 27
24 28
24 30
24 31
24 32
24 34
24 40
24 42
24 45
24 47
24 49
24 52
24 54
24 55
24 56
24 60
24 63
24 65
24 68
24 70
24 76
24 83
24 88
24 36
24 46
25 26
25 27
25 28
25 29
25 31
25 32
25 33
25 35
25 36
25 37
25 38
25 39
25 40
25 41
25 43
25 44
25 48
25 49
25 61
25 64
25 65
25 66
25 68
25 69
25 75
25 77
25 83
26 27
26 28
26 29
26 30
26 32
26 33
26 34
26 36
26 39
26 43
26 45
26 46
26 47
26 49
26 51
26 53
26 57
26 58
26 59
26 63
26 64
26 67
26 68
26 69
26 70
26 72
26 86
26 77
27 29
27 30
27 33
27 34
27 35
27 37
27 40
27 44
27 46
27 47
27 51
27 55
27 56
27 60
27 69
27 71
27 74
27 79
27 80
28 29
28 31
28 32
28 34
28 36
28 38
28 47
28 49
28 50
28 51
28 54
28 57
28 59
28 62
28 64
28 65
28 66
28 69
28 70
28 71
28 72
28 74
28 75
28 76
28 79
28 80
28 88
28 89
28 43
28 48
29 31
29 32
29 33
29 35
29 38
29 46
29 47
29 50
29 51
29 52
29 53
29 55
29 56
29 59
29 64
29 69
29 71
29 72
29 74
29 78
29 81
30 31
30 33
30 34
30 35
30 37
30 38
30 39
30 43
30 45
30 46
30 47
30 49
30 53
30 55
30 56
30 62
30 71
30 72
30 74
30 78
30 79
30 84
30 86
30 88
30 57
31 32
31 33
31 36
31 37
31 38
31 43
31 45
31 48
31 50
31 56
31 58
31 60
31 62
31 65
31 66
31 74
31 77
31 79
31 81
31 83
31 84
31 89
31 34
31 88
32 33
32 36
32 40
32 44
32 45
32 48
32 53
32 62
32 65
32 72
32 74
32 75
32 77
32 85
32 42
33 36
33 37
33 39
33 44
33 45
33 51
33 53
33 55
33 57
33 62
33 63
33 66
33 68
33 70
33 71
33 72
33 73
33 74
33 80
33 87
33 60
34 35
34 36
34 37
34 38
34 39
34 43
34 52
34 55
34 58
34 59
34 60
34 61
34 63
34 73
34 74
34 76
34 77
34 86
34 87
35 39
35 40
35 41
35 42
35 46
35 49
35 51
35 52
35 53
35 54
35 59
35 62
35 64
35 66
35 70
35 71
35 72
35 77
35 78
35 80
35 81
35 82
35 84
35 89
36 37
36 41
36 42
36 43
36 47
36 50
36 54
36 59
36 61
36 65
36 68
36 77
36 79
36 82
36 84
36 88
37 41
37 43
37 45
37 47
37 57
37 59
37 60
37 61
37 67
37 76
37 82
37 88
37 89
38 40
38 42
38 44
38 46
38 50
38 52
38 54
38 55
38 56
38 58
38 59
38 63
38 64
38 76
38 79
38 83
38 85
38 89
39 41
39 42
39 45
39 46
39 47
39 50
39 58
39 59
39 61
39 68
39 86
39 89
39 48
40 42
40 43
40 51
40 52
40 53
40 57
40 61
40 62
40 83
40 85
40 88
40 72
41 48
41 49
41 54
41 56
41 68
41 69
41 70
41 73
41 78
42 46
42 48
42 49
42 52
42 53
42 57
42 62
42 64
42 79
42 81
42 82
42 86
42 88
43 44
43 46
43 47
43 48
43 49
43 57
43 59
43 63
43 65
43 72
43 74
43 79
43 84
43 87
43 89
44 51
44 61
44 63
44 65
44 73
44 79
44 85
44 78
44 59
45 53
45 54
45 56
45 57
45 60
45 66
45 68
45 76
45 82
45 83
45 84
46 49
46 51
46 54
46 67
46 86
47 48
47 54
47 69
47 84
47 85
47 86
47 89
47 80
47 81
48 50
48 51
48 52
48 56
48 58
48 60
48 62
48 75
48 77
48 80
48 84
48 86
49 50
49 57
49 61
49 62
49 63
49 67
49 68
49 71
49 73
49 75
49 76
49 78
49 82
49 84
49 87
49 88
49 54
50 54
50 56
50 57
50 58
50 63
50 69
50 70
50 80
50 81
50 86
50 71
51 52
51 53
51 59
51 60
51 65
51 68
51 71
51 74
51 80
51 86
52 54
52 70
52 72
52 73
52 76
52 81
52 83
52 85
52 66
53 55
53 67
53 75
53 80
54 61
54 66
54 71
54 84
54 87
55 66
55 67
55 80
55 83
55 88
56 60
56 67
56 78
56 82
56 85
56 88
56 89
57 61
57 66
57 69
57 72
58 64
58 69
58 70
58 78
58 81
58 85
58 86
58 87
58 88
59 67
59 69
59 81
60 63
60 73
60 78
60 88
61 65
61 76
61 80
61 81
62 63
62 75
62 77
62 84
62 85
63 64
63 70
63 80
63 82
63 84
64 75
64 79
64 80
66 69
66 75
67 75
67 76
67 83
67 85
67 84
68 73
68 74
68 76
68 80
68 81
68 85
69 71
69 74
69 82
69 85
69 89
70 77
70 87
72 83
73 76
73 87
75 87
76 78
76 89
78 79
78 82
81 83
82 87
84 87
84 88
85 86
85 89
87 89