898601035
20
90
1425
0 20
0 21
0 22
0 23
0 24
0 25
0 27
0 28
0 29
0 37
0 40
0 46
0 47
0 48
0 51
0 59
0 63
0 64
0 66
0 69
0 70
0 75
0 78
0 79
0 87
0 89
0 49
1 20
1 21
1 22
1 23
1 24
1 26
1 28
1 30
1 33
1 37
1 39
1 42
1 45
1 59
1 68
1 73
1 62
2 20
2 21
2 22
2 23
2 24
2 25
2 26
2 27
2 36
2 43
2 45
2 50
2 52
2 56
2 57
2 60
2 63
2 79
2 85
3 20
3 21
3 22
3 23
3 24
3 26
3 27
3 28
3 29
3 31
3 32
3 34
3 35
3 36
3 38
3 40
3 41
3 42
3 43
3 47
3 50
3 51
3 53
3 60
3 61
3 62
3 64
3 69
3 72
3 73
3 77
3 78
3 81
3 82
3 83
3 85
3 30
4 20
4 21
4 22
4 23
4 24
4 25
4 27
4 28
4 31
4 32
4 33
4 38
4 39
4 40
4 41
4 42
4 44
4 49
4 55
4 56
4 67
4 72
4 73
4 80
4 82
4 84
4 87
4 89
5 20
5 21
5 22
5 23
5 24
5 25
5 26
5 27
5 28
5 30
5 32
5 34
5 36
5 46
5 50
5 57
5 62
5 65
6 20
6 21
6 22
6 23
6 24
6 25
6 26
6 27
6 28
6 29
6 31
6 32
6 34
6 35
6 38
6 39
6 40
6 42
6 43
6 45
6 49
6 52
6 54
6 57
6 58
6 60
6 63
6 64
6 66
6 67
6 76
6 77
6 87
6 88
6 48
6 75
7 20
7 21
7 22
7 23
7 24
7 25
7 26
7 27
7 29
7 30
7 31
7 34
7 36
7 37
7 40
7 44
7 51
7 52
7 58
7 74
7 77
7 84
7 87
8 20
8 21
8 22
8 23
8 24
8 25
8 26
8 27
8 30
8 32
8 33
8 35
8 38
8 42
8 44
8 45
8 49
8 53
8 56
8 67
8 68
8 70
8 75
8 84
8 85
9 20
9 21
9 22
9 23
9 25
9 27
9 28
9 29
9 31
9 33
9 40
9 41
9 45
9 47
9 50
9 59
9 66
9 69
9 75
9 81
9 11
10 20
10 21
10 22
10 24
10 25
10 26
10 27
10 28
10 29
10 30
10 32
10 34
10 35
10 39
10 40
10 44
10 48
10 51
10 55
10 57
10 58
10 60
10 66
10 70
10 75
10 80
10 81
10 83
10 89
10 56
10 14
11 20
11 21
11 23
11 25
11 26
11 28
11 29
11 31
11 32
11 35
11 36
11 38
11 39
11 45
11 46
11 49
11 50
11 56
11 64
11 70
11 71
11 74
11 76
11 78
11 80
11 83
11 84
12 20
12 21
12 22
12 24
12 27
12 29
12 30
12 32
12 33
12 36
12 37
12 42
12 43
12 44
12 45
12 46
12 54
12 72
12 80
12 88
13 20
13 21
13 23
13 24
13 25
13 26
13 30
13 31
13 33
13 34
13 36
13 37
13 38
13 41
13 44
13 48
13 50
13 51
13 52
13 53
13 55
13 56
13 66
13 73
13 75
13 80
13 81
13 85
14 20
14 21
14 22
14 23
14 24
14 25
14 26
14 27
14 28
14 29
14 30
14 33
14 41
14 50
14 53
14 63
14 66
14 70
14 74
14 76
14 83
15 20
15 21
15 22
15 23
15 26
15 30
15 32
15 34
15 38
15 42
15 47
15 54
15 65
15 68
15 70
15 73
15 74
16 20
16 22
16 30
16 35
16 81
17 20
17 21
17 22
17 23
17 24
17 25
17 26
17 28
17 29
17 31
17 33
17 35
17 36
17 42
17 43
17 45
17 46
17 48
17 49
17 52
17 55
17 58
17 60
17 61
17 64
17 66
17 67
17 70
17 84
17 85
17 89
17 27
18 20
18 21
18 22
18 23
18 24
18 25
18 26
18 30
18 31
18 32
18 34
18 35
18 36
18 37
18 41
18 45
18 46
18 47
18 48
18 49
18 52
18 57
18 64
18 65
18 76
18 77
18 79
18 38
19 20
19 21
19 22
19 23
19 24
19 25
19 27
19 28
19 29
19 30
19 31
19 32
19 33
19 34
19 37
19 40
19 41
19 44
19 46
19 47
19 48
19 49
19 50
19 51
19 55
19 68
19 72
19 74
19 75
19 76
19 79
19 81
19 82
19 83
19 88
19 85
20 21
20 22
20 23
20 24
20 25
20 26
20 27
20 28
20 29
20 30
20 31
20 32
20 33
20 34
20 38
20 39
20 40
20 41
20 43
20 47
20 49
20 53
20 54
20 55
20 56
20 57
20 58
20 60
20 62
20 64
20 65
20 67
20 68
20 69
20 70
20 71
20 72
20 74
20 78
20 79
20 80
20 82
20 84
20 85
20 88
20 59
21 22
21 23
21 24
21 25
21 26
21 27
21 28
21 29
21 32
21 33
21 34
21 35
21 37
21 38
21 39
21 40
21 41
21 42
21 43
21 45
21 48
21 49
21 50
21 51
21 56
21 58
21 60
21 62
21 63
21 66
21 67
21 68
21 70
21 76
21 78
21 79
21 81
21 83
21 84
21 85
21 86
21 87
21 88
21 82
21 57
22 23
22 24
22 25
22 26
22 27
22 28
22 29
22 30
22 31
22 32
22 33
22 34
22 35
22 36
22 37
22 38
22 39
22 41
22 42
22 43
22 44
22 45
22 46
22 48
22 51
22 52
22 55
22 57
22 59
22 60
22 61
22 62
22 63
22 64
22 65
22 68
22 69
22 71
22 73
22 74
22 75
22 77
22 78
22 82
22 84
22 86
22 87
23 24
23 25
23 26
23 27
23 28
23 29
23 30
23 31
23 33
23 34
23 36
23 38
23 39
23 41
23 44
23 45
23 46
23 49
23 51
23 52
23 53
23 54
23 57
23 59
23 66
23 68
23 73
23 76
23 79
23 88
24 25
24 26
24 27
24 28
24 29
24 30
24 31
24 32
24 33
24 34
24 35
24 36
24 38
24 39
24 40
24 42
24 43
24 44
24 45
24 48
24 49
24 50
24 51
24 52
24 53
24 54
24 55
24 56
24 58
24 60
24 61
24 62
24 64
24 67
24 69
24 73
24 74
24 75
24 78
24 80
24 82
24 83
24 85
24 86
24 88
24 89
25 26
25 27
25 28
25 29
25 30
25 31
25 32
25 33
25 34
25 35
25 37
25 38
25 39
25 40
25 41
25 42
25 43
25 44
25 45
25 48
25 49
25 50
25 52
25 53
25 56
25 57
25 60
25 64
25 66
25 70
25 73
25 74
25 79
25 81
25 86
25 89
25 87
26 27
26 28
26 29
26 30
26 31
26 32
26 34
26 35
26 36
26 37
26 38
26 39
26 41
26 42
26 43
26 44
26 45
26 46
26 48
26 50
26 51
26 52
26 53
26 57
26 60
26 61
26 71
26 75
26 78
26 81
26 84
26 85
26 88
27 28
27 29
27 31
27 33
27 35
27 36
27 37
27 38
27 39
27 40
27 41
27 45
27 46
27 47
27 48
27 54
27 55
27 56
27 58
27 59
27 60
27 61
27 62
27 65
27 70
27 73
27 77
27 78
27 80
27 81
27 85
27 87
27 88
28 29
28 30
28 31
28 32
28 33
28 34
28 35
28 38
28 40
28 41
28 43
28 44
28 45
28 49
28 50
28 52
28 54
28 55
28 57
28 59
28 61
28 62
28 65
28 67
28 69
28 71
28 75
28 78
28 79
28 80
28 81
28 82
28 86
29 30
29 31
29 33
29 34
29 35
29 36
29 37
29 40
29 43
29 44
29 47
29 48
29 49
29 54
29 55
29 56
29 57
29 59
29 60
29 61
29 62
29 63
29 65
29 66
29 67
29 71
29 76
29 77
29 82
29 83
29 84
29 86
29 88
29 45
29 68
30 31
30 32
30 33
30 35
30 36
30 37
30 38
30 39
30 46
30 47
30 48
30 49
30 50
30 51
30 52
30 53
30 54
30 56
30 64
30 65
30 66
30 67
30 68
30 70
30 71
30 72
30 73
30 74
30 80
30 81
30 83
30 84
30 85
30 89
31 32
31 37
31 42
31 43
31 50
31 52
31 53
31 54
31 57
31 58
31 61
31 65
31 67
31 69
31 72
31 88
32 33
32 34
32 35
32 36
32 37
32 38
32 39
32 41
32 42
32 43
32 44
32 46
32 47
32 48
32 52
32 54
32 56
32 57
32 59
32 60
32 66
32 67
32 70
32 76
32 77
32 78
32 82
32 83
32 84
32 55
33 34
33 35
33 36
33 37
33 39
33 40
33 43
33 44
33 46
33 48
33 49
33 51
33 54
33 55
33 62
33 64
33 65
33 66
33 75
33 81
33 87
34 35
34 36
34 37
34 39
34 40
34 41
34 42
34 44
34 46
34 47
34 48
34 52
34 53
34 54
34 55
34 56
34 57
34 58
34 59
34 60
34 63
34 65
34 66
34 69
34 70
34 71
34 72
34 73
34 75
34 77
34 79
34 82
34 86
35 36
35 37
35 38
35 39
35 40
35 42
35 43
35 45
35 47
35 51
35 54
35 59
35 63
35 71
35 72
35 79
35 81
35 82
35 89
36 37
36 38
36 39
36 41
36 42
36 44
36 47
36 52
36 53
36 54
36 55
36 56
36 61
36 62
36 64
36 66
36 67
36 73
36 75
36 77
36 79
36 82
36 84
36 87
37 39
37 41
37 43
37 47
37 49
37 56
37 57
37 58
37 59
37 62
37 64
37 65
37 66
37 71
37 75
37 77
37 78
37 80
37 86
38 40
38 42
38 46
38 47
38 48
38 50
38 55
38 61
38 63
38 64
38 66
38 68
38 69
38 74
38 75
38 76
38 77
38 86
38 89
38 58
39 40
39 46
39 49
39 51
39 53
39 55
39 58
39 59
39 64
39 69
39 71
39 72
39 74
39 75
39 78
39 82
39 87
40 41
40 42
40 43
40 44
40 46
40 50
40 51
40 54
40 56
40 58
40 59
40 61
40 76
40 79
40 80
40 83
40 87
40 88
41 43
41 45
41 47
41 48
41 50
41 52
41 55
41 59
41 63
41 71
41 72
41 74
41 76
41 78
41 84
41 87
42 44
42 59
42 61
42 65
42 68
42 69
42 74
42 77
42 86
43 45
43 46
43 47
43 51
43 53
43 54
43 57
43 62
43 69
43 71
43 72
43 75
43 87
44 47
44 50
44 52
44 58
44 59
44 72
44 76
44 77
44 88
45 46
45 47
45 48
45 49
45 51
45 53
45 55
45 59
45 60
45 63
45 67
45 72
45 82
45 83
45 86
46 50
46 52
46 56
46 58
46 60
46 61
46 62
46 63
46 68
46 77
46 81
46 83
46 87
47 49
47 51
47 55
47 57
47 61
47 63
47 65
47 67
47 68
47 70
47 71
47 72
47 73
47 78
47 85
47 88
47 89
48 56
48 62
48 65
48 69
48 80
49 53
49 54
49 56
49 69
49 72
49 74
49 75
49 77
49 79
49 82
49 86
49 87
49 88
50 51
50 53
50 54
50 57
50 58
50 60
50 61
50 63
50 65
50 66
50 69
50 73
50 77
50 78
50 87
50 88
50 89
51 53
51 58
51 62
51 65
51 70
51 73
51 85
52 53
52 58
52 59
52 60
52 68
52 79
52 85
52 89
53 55
53 58
53 62
53 64
53 67
53 76
53 84
54 63
54 68
54 70
54 76
54 80
54 81
54 83
54 89
55 58
55 61
55 63
55 65
55 67
55 69
55 83
55 86
55 89
56 57
56 59
56 61
56 62
56 63
56 64
56 67
56 68
56 70
56 72
56 73
56 76
56 79
56 83
56 86
57 67
57 72
57 77
57 80
57 85
58 61
58 62
58 63
58 64
58 71
58 79
58 81
58 82
58 86
59 60
59 65
59 68
59 70
59 71
59 73
59 75
59 79
59 80
59 83
59 84
59 86
59 88
60 61
60 62
60 63
60 64
60 66
60 76
60 78
60 81
60 88
60 89
61 71
61 80
61 85
62 69
62 74
63 68
63 69
63 74
63 79
63 87
64 67
64 68
64 70
64 72
64 88
65 69
65 71
65 73
65 79
65 80
66 72
66 76
66 78
66 85
67 68
67 73
67 74
67 77
67 79
67 80
67 83
67 89
68 71
68 77
68 78
68 80
68 82
68 85
68 86
69 76
69 84
70 71
70 76
70 80
70 83
70 81
71 74
71 75
71 81
71 82
71 87
71 89
72 84
72 76
73 74
73 87
75 81
76 78
77 82
77 89
78 84
78 85
78 87
79 86
79 88
79 89
80 84
80 86
81 82
81 83
81 86
82 89
83 85
83 88
84 85