801079474
23
90
1558
0 23
0 24
0 25
0 26
0 29
0 31
0 32
0 33
0 34
0 35
0 36
0 37
0 38
0 40
0 41
0 42
0 46
0 47
0 48
0 49
0 51
0 53
0 55
0 57
0 60
0 63
0 65
0 66
0 82
0 84
0 87
0 88
0 89
1 23
1 24
1 25
1 26
1 27
1 28
1 29
1 30
1 32
1 34
1 36
1 37
1 38
1 41
1 56
1 62
1 63
1 72
1 85
2 23
2 24
2 25
2 26
2 29
2 31
2 33
2 34
2 37
2 38
2 40
2 44
2 47
2 49
2 52
2 60
2 75
2 79
2 82
2 88
3 23
3 24
3 25
3 26
3 27
3 28
3 29
3 30
3 31
3 32
3 33
3 34
3 35
3 37
3 40
3 48
3 51
3 52
3 53
3 56
3 57
3 58
3 71
3 74
3 80
3 87
3 11
4 23
4 24
4 25
4 26
4 27
4 28
4 29
4 31
4 33
4 34
4 37
4 39
4 40
4 42
4 43
4 45
4 47
4 49
4 51
4 60
4 65
4 68
4 74
4 75
4 77
4 81
4 87
4 89
5 23
5 24
5 25
5 26
5 27
5 29
5 30
5 31
5 35
5 44
5 45
5 49
5 61
5 66
5 69
5 83
5 86
5 34
6 23
6 24
6 25
6 26
6 27
6 28
6 30
6 31
6 32
6 33
6 34
6 35
6 37
6 38
6 41
6 44
6 48
6 53
6 59
6 60
6 61
6 64
6 66
6 67
6 70
6 73
6 76
6 77
6 83
7 23
7 24
7 25
7 26
7 27
7 28
7 29
7 30
7 31
7 32
7 33
7 35
7 41
7 43
7 44
7 48
7 52
7 54
7 56
7 61
7 62
7 65
7 67
7 69
7 75
7 85
8 23
8 24
8 25
8 26
8 27
8 28
8 31
8 33
8 38
8 39
8 48
8 49
8 59
8 61
8 64
8 65
8 74
8 77
8 78
8 79
9 23
9 24
9 25
9 26
9 27
9 28
9 30
9 31
9 35
9 36
9 39
9 40
9 41
9 45
9 46
9 54
9 56
9 69
9 71
9 77
9 83
10 23
10 24
10 27
10 29
10 32
10 34
10 36
10 37
10 47
10 54
10 55
10 57
10 66
10 68
10 72
10 81
10 85
10 87
10 39
11 23
11 24
11 25
11 26
11 27
11 28
11 29
11 30
11 31
11 32
11 33
11 35
11 36
11 37
11 38
11 39
11 40
11 41
11 42
11 43
11 45
11 46
11 51
11 52
11 55
11 56
11 57
11 63
11 64
11 66
11 69
11 71
11 72
11 73
11 77
11 78
11 79
11 81
11 83
11 85
11 88
12 23
12 24
12 25
12 26
12 27
12 28
12 29
12 30
12 31
12 32
12 33
12 34
12 35
12 37
12 40
12 41
12 43
12 46
12 47
12 48
12 50
12 52
12 55
12 57
12 62
12 65
12 67
12 74
12 77
12 78
12 81
12 84
12 88
13 23
13 24
13 25
13 26
13 27
13 28
13 29
13 30
13 32
13 33
13 35
13 36
13 37
13 38
13 39
13 42
13 43
13 47
13 48
13 50
13 52
13 53
13 55
13 56
13 58
13 59
13 60
13 62
13 64
13 66
13 70
13 73
13 86
13 89
14 23
14 24
14 25
14 26
14 27
14 30
14 31
14 32
14 33
14 39
14 76
14 81
15 23
15 24
15 26
15 28
15 29
15 30
15 33
15 34
15 35
15 36
15 38
15 40
15 41
15 44
15 46
15 53
15 55
15 62
15 74
15 82
15 89
16 23
16 24
16 25
16 27
16 28
16 29
16 30
16 34
16 35
16 38
16 41
16 42
16 44
16 45
16 46
16 47
16 49
16 53
16 59
16 60
16 61
16 64
16 69
16 78
16 87
16 89
17 23
17 24
17 25
17 26
17 27
17 28
17 29
17 30
17 31
17 32
17 33
17 34
17 36
17 37
17 38
17 40
17 42
17 43
17 45
17 46
17 47
17 49
17 52
17 55
17 58
17 60
17 61
17 62
17 65
17 71
17 72
17 75
17 78
17 79
17 80
17 81
17 85
17 86
17 89
17 76
18 23
18 24
18 25
18 26
18 27
18 28
18 29
18 30
18 32
18 33
18 34
18 35
18 36
18 39
18 41
18 42
18 45
18 47
18 49
18 50
18 54
18 55
18 56
18 59
18 67
18 69
18 71
18 75
18 76
18 80
18 82
18 84
18 85
19 23
19 24
19 25
19 26
19 28
19 30
19 31
19 35
19 40
19 41
19 42
19 43
19 44
19 46
19 50
19 51
19 52
19 53
19 55
19 59
19 60
19 62
19 76
19 77
19 78
19 87
20 23
20 24
20 25
20 26
20 27
20 28
20 29
20 30
20 32
20 36
20 39
20 40
20 41
20 47
20 51
20 55
20 59
20 68
20 78
20 79
20 87
21 23
21 24
21 25
21 26
21 27
21 28
21 29
21 31
21 32
21 33
21 35
21 37
21 39
21 40
21 41
21 43
21 52
21 53
21 57
21 65
21 72
21 74
21 76
21 80
21 82
21 83
21 89
22 23
22 25
22 27
22 28
22 30
22 32
22 36
22 41
22 42
22 44
22 50
22 51
22 58
22 63
22 68
22 70
22 73
22 86
23 24
23 25
23 26
23 27
23 28
23 29
23 30
23 31
23 32
23 33
23 34
23 36
23 37
23 38
23 39
23 40
23 43
23 44
23 47
23 48
23 49
23 50
23 51
23 52
23 53
23 55
23 57
23 62
23 63
23 64
23 65
23 67
23 68
23 73
23 74
23 75
23 78
23 79
23 80
23 81
23 84
23 23
24 25
24 26
24 27
24 28
24 29
24 30
24 31
24 32
24 33
24 34
24 36
24 37
24 39
24 40
24 41
24 42
24 43
24 45
24 46
24 47
24 48
24 49
24 50
24 51
24 52
24 54
24 55
24 56
24 57
24 59
24 62
24 64
24 66
24 67
24 68
24 70
24 71
24 72
24 73
24 74
24 79
24 80
24 82
24 83
24 84
24 85
24 86
24 88
24 89
24 24
25 26
25 27
25 28
25 29
25 30
25 31
25 32
25 33
25 34
25 35
25 36
25 37
25 38
25 39
25 40
25 41
25 44
25 45
25 47
25 48
25 49
25 50
25 51
25 53
25 54
25 55
25 56
25 57
25 58
25 60
25 63
25 68
25 69
25 71
25 78
25 79
25 80
25 83
25 86
25 87
25 89
25 42
26 27
26 28
26 29
26 30
26 31
26 33
26 34
26 35
26 36
26 38
26 39
26 40
26 41
26 42
26 44
26 50
26 52
26 53
26 56
26 60
26 62
26 63
26 64
26 65
26 67
26 68
26 71
26 72
26 73
26 74
26 77
26 83
26 87
26 89
26 59
27 28
27 29
27 30
27 31
27 32
27 34
27 35
27 36
27 38
27 39
27 41
27 42
27 43
27 44
27 45
27 46
27 47
27 48
27 49
27 50
27 51
27 52
27 54
27 55
27 56
27 57
27 58
27 62
27 68
27 74
27 75
27 80
27 81
27 84
27 86
28 29
28 31
28 32
28 34
28 36
28 37
28 38
28 39
28 40
28 42
28 44
28 46
28 47
28 49
28 51
28 56
28 57
28 58
28 59
28 60
28 61
28 63
28 64
28 66
28 68
28 69
28 70
28 74
28 76
28 77
28 78
28 79
28 84
29 30
29 31
29 32
29 33
29 34
29 35
29 36
29 37
29 38
29 39
29 40
29 41
29 42
29 43
29 44
29 46
29 48
29 49
29 50
29 51
29 52
29 54
29 56
29 57
29 58
29 59
29 60
29 61
29 63
29 64
29 65
29 66
29 67
29 69
29 70
29 74
29 76
29 79
29 80
29 86
29 87
29 88
29 89
30 31
30 32
30 33
30 34
30 35
30 36
30 37
30 38
30 39
30 40
30 42
30 43
30 44
30 45
30 46
30 50
30 51
30 52
30 53
30 54
30 55
30 56
30 58
30 59
30 60
30 64
30 65
30 66
30 67
30 70
30 71
30 72
30 73
30 74
30 78
30 82
30 85
30 86
30 88
31 32
31 33
31 34
31 35
31 36
31 37
31 38
31 39
31 40
31 41
31 42
31 43
31 45
31 46
31 47
31 49
31 50
31 51
31 53
31 54
31 56
31 58
31 60
31 61
31 63
31 64
31 65
31 67
31 71
31 75
31 76
31 80
31 82
31 84
31 87
31 44
32 33
32 34
32 35
32 36
32 38
32 39
32 42
32 43
32 44
32 45
32 46
32 47
32 48
32 50
32 53
32 54
32 55
32 56
32 57
32 58
32 60
32 61
32 62
32 63
32 65
32 70
32 73
32 74
32 75
32 76
32 77
32 78
32 79
32 81
32 82
33 34
33 35
33 36
33 37
33 38
33 40
33 43
33 44
33 45
33 49
33 50
33 52
33 56
33 57
33 59
33 62
33 63
33 65
33 66
33 67
33 68
33 70
33 74
33 76
33 81
33 83
33 84
33 86
34 35
34 36
34 37
34 38
34 39
34 41
34 42
34 43
34 45
34 46
34 47
34 48
34 50
34 53
34 56
34 58
34 59
34 61
34 68
34 73
34 74
34 76
34 77
34 78
34 80
34 85
35 37
35 39
35 42
35 43
35 44
35 45
35 47
35 48
35 49
35 51
35 54
35 61
35 62
35 63
35 64
35 66
35 68
35 69
35 72
35 73
35 75
35 76
35 78
35 84
36 37
36 38
36 39
36 41
36 42
36 43
36 45
36 48
36 49
36 50
36 53
36 54
36 58
36 60
36 61
36 62
36 63
36 65
36 67
36 70
36 72
36 75
36 76
36 77
36 81
36 83
36 84
37 38
37 40
37 45
37 47
37 48
37 49
37 60
37 64
37 66
37 67
37 68
37 69
37 72
37 75
37 77
37 79
37 81
37 86
38 39
38 43
38 45
38 46
38 47
38 52
38 53
38 55
38 56
38 59
38 64
38 67
38 70
38 72
38 80
38 81
38 87
38 89
39 40
39 41
39 42
39 43
39 44
39 45
39 46
39 48
39 52
39 54
39 55
39 58
39 59
39 60
39 61
39 62
39 64
39 69
39 70
39 74
39 76
39 79
39 80
39 82
39 87
39 88
39 89
39 86
40 42
40 44
40 45
40 46
40 47
40 48
40 49
40 53
40 54
40 55
40 57
40 58
40 59
40 61
40 62
40 65
40 66
40 68
40 69
40 70
40 72
40 74
40 75
40 78
40 83
41 42
41 43
41 44
41 45
41 46
41 48
41 49
41 50
41 52
41 53
41 54
41 55
41 57
41 58
41 59
41 60
41 62
41 64
41 65
41 67
41 71
41 72
41 74
41 76
41 77
41 78
41 79
41 83
41 84
41 89
42 43
42 44
42 46
42 48
42 50
42 51
42 52
42 54
42 55
42 57
42 58
42 60
42 61
42 64
42 70
42 72
42 73
42 75
42 81
42 83
42 84
42 85
42 87
43 44
43 46
43 47
43 51
43 52
43 57
43 59
43 62
43 66
43 67
43 73
43 76
43 79
43 81
43 84
43 85
43 87
43 88
44 45
44 46
44 48
44 50
44 51
44 54
44 56
44 57
44 58
44 59
44 61
44 66
44 71
44 74
44 76
44 77
44 78
44 79
45 50
45 51
45 52
45 59
45 63
45 66
45 68
45 71
45 73
45 76
45 78
45 86
45 89
46 48
46 50
46 54
46 56
46 61
46 67
46 68
46 75
46 77
46 80
46 83
46 87
46 89
47 49
47 50
47 51
47 52
47 53
47 55
47 56
47 58
47 61
47 64
47 66
47 68
47 69
47 71
47 73
47 75
47 82
47 83
47 88
47 89
48 49
48 53
48 54
48 58
48 65
48 68
48 69
48 71
48 72
48 76
48 78
48 81
48 82
48 87
49 51
49 57
49 63
49 76
49 79
49 82
49 84
49 86
49 87
50 51
50 53
50 54
50 61
50 63
50 65
50 68
50 69
50 72
50 73
50 75
50 82
50 84
50 86
50 88
50 89
51 53
51 55
51 56
51 57
51 59
51 60
51 63
51 64
51 67
51 70
51 71
51 72
51 81
51 82
51 87
51 88
52 54
52 58
52 67
52 69
52 80
52 81
52 82
53 54
53 59
53 61
53 63
53 66
53 70
53 75
53 78
53 79
53 81
53 82
53 89
53 85
53 55
54 57
54 58
54 60
54 61
54 62
54 64
54 67
54 69
54 70
54 71
54 72
54 73
54 76
54 77
54 80
54 84
54 85
54 88
55 61
55 63
55 68
55 73
55 78
55 79
55 80
55 86
55 87
55 88
56 57
56 59
56 62
56 63
56 66
56 67
56 71
56 72
56 74
56 79
56 88
57 58
57 60
57 62
57 63
57 65
57 69
57 70
57 73
57 76
57 80
57 82
57 83
57 85
57 88
58 64
58 65
58 66
58 72
58 73
58 77
58 84
58 86
58 88
59 66
59 71
59 86
60 62
60 65
60 67
60 69
60 70
60 71
60 81
60 83
60 84
60 85
60 89
61 65
61 68
61 70
61 74
61 75
61 77
61 79
61 82
61 84
61 85
61 88
62 63
62 64
62 68
62 70
62 75
62 77
62 79
62 84
62 88
63 67
63 71
63 72
63 74
63 75
63 77
63 79
63 80
63 81
63 83
64 66
64 69
64 70
64 72
64 73
64 77
64 80
64 82
64 88
64 89
65 71
65 75
65 76
65 85
65 87
66 71
66 81
66 70
67 69
67 75
67 86
68 69
68 70
68 73
68 86
69 78
69 82
69 89
69 83
69 88
70 83
71 77
71 83
71 85
71 88
72 73
72 78
72 80
72 85
72 86
72 88
72 89
73 85
73 86
74 81
74 83
75 82
76 84
76 85
76 86
77 80
77 83
77 85
78 83
78 87
79 80
79 82
79 84
80 85
81 85
82 89
85 86
85 87
87 88
88 89