448298216
17
90
1291
0 17
0 18
0 20
0 22
0 25
0 31
0 41
0 71
0 87
1 17
1 18
1 19
1 20
1 21
1 22
1 23
1 24
1 25
1 27
1 28
1 29
1 30
1 31
1 32
1 36
1 37
1 42
1 43
1 45
1 47
1 53
1 59
1 60
1 61
1 69
1 75
1 79
1 39
2 17
2 18
2 19
2 20
2 21
2 22
2 23
2 24
2 26
2 27
2 31
2 32
2 34
2 35
2 37
2 38
2 39
2 45
2 47
2 51
2 52
2 54
2 55
2 57
2 59
2 61
2 62
2 69
2 70
2 71
2 77
2 89
2 83
2 10
2 14
3 17
3 18
3 19
3 20
3 21
3 22
3 25
3 28
3 30
3 31
3 33
3 35
3 38
3 40
3 44
3 46
3 47
3 50
3 53
3 57
3 63
3 64
3 70
3 73
3 58
4 17
4 18
4 19
4 20
4 21
4 24
4 25
4 27
4 28
4 29
4 30
4 35
4 37
4 38
4 42
4 50
4 58
4 65
4 66
4 73
4 76
4 83
4 85
4 86
5 17
5 18
5 19
5 20
5 21
5 22
5 23
5 24
5 26
5 28
5 29
5 30
5 31
5 36
5 37
5 42
5 46
5 55
5 57
5 58
5 59
5 65
5 69
5 76
5 78
5 80
5 81
5 83
5 85
5 89
5 47
6 17
6 18
6 19
6 21
6 22
6 24
6 25
6 26
6 28
6 29
6 30
6 31
6 32
6 33
6 34
6 35
6 40
6 44
6 45
6 51
6 60
6 63
6 65
6 76
6 79
6 84
6 85
6 52
7 17
7 18
7 19
7 20
7 22
7 23
7 24
7 27
7 29
7 34
7 39
7 44
7 48
7 49
7 53
7 57
7 59
7 60
7 75
7 78
7 82
7 88
7 32
8 17
8 18
8 19
8 20
8 21
8 22
8 23
8 27
8 28
8 29
8 32
8 36
8 38
8 40
8 48
8 51
8 52
8 54
8 65
8 67
8 68
8 70
8 72
8 81
8 84
8 88
8 89
8 53
8 33
9 17
9 18
9 19
9 20
9 21
9 25
9 26
9 28
9 29
9 30
9 31
9 32
9 35
9 36
9 37
9 43
9 44
9 46
9 47
9 53
9 54
9 56
9 59
9 67
9 70
9 82
9 89
10 17
10 18
10 19
10 20
10 21
10 22
10 23
10 24
10 26
10 32
10 33
10 35
10 40
10 41
10 44
10 46
10 47
10 55
10 56
10 59
10 61
10 67
10 74
10 81
10 82
10 83
11 17
11 18
11 21
11 23
11 24
11 25
11 27
11 31
11 39
11 50
11 54
11 56
11 66
11 81
11 88
11 12
12 17
12 18
12 19
12 20
12 21
12 23
12 26
12 29
12 32
12 36
12 37
12 39
12 40
12 43
12 49
12 54
12 63
12 66
12 68
12 71
12 78
12 74
13 17
13 18
13 19
13 20
13 21
13 22
13 24
13 25
13 27
13 34
13 36
13 38
13 51
13 87
14 17
14 18
14 19
14 20
14 22
14 23
14 24
14 25
14 26
14 27
14 30
14 31
14 34
14 37
14 39
14 41
14 44
14 45
14 46
14 47
14 48
14 52
14 54
14 61
14 64
14 65
14 73
14 77
14 78
14 79
14 83
14 84
14 86
14 87
14 88
15 17
15 19
15 23
15 26
15 38
15 58
15 87
15 85
16 17
16 18
16 19
16 20
16 21
16 22
16 23
16 25
16 26
16 27
16 30
16 32
16 34
16 35
16 38
16 39
16 43
16 47
16 48
16 52
16 63
16 66
16 75
16 76
16 77
16 82
16 85
16 87
16 62
17 18
17 19
17 20
17 21
17 22
17 23
17 24
17 25
17 26
17 27
17 28
17 30
17 32
17 33
17 35
17 38
17 40
17 41
17 42
17 44
17 45
17 46
17 47
17 48
17 49
17 50
17 51
17 54
17 56
17 57
17 59
17 60
17 61
17 62
17 67
17 70
17 71
17 74
17 76
17 77
17 78
17 79
17 80
17 81
17 82
17 83
17 84
17 85
17 86
17 87
17 17
17 89
18 19
18 20
18 21
18 22
18 23
18 24
18 25
18 26
18 27
18 28
18 29
18 30
18 31
18 32
18 33
18 34
18 35
18 36
18 39
18 40
18 41
18 42
18 43
18 44
18 46
18 47
18 48
18 49
18 50
18 52
18 54
18 55
18 62
18 64
18 65
18 66
18 68
18 70
18 71
18 72
18 73
18 75
18 76
18 77
18 88
18 89
18 85
19 20
19 21
19 22
19 23
19 24
19 26
19 27
19 28
19 29
19 30
19 31
19 32
19 33
19 34
19 35
19 37
19 39
19 41
19 42
19 45
19 46
19 50
19 51
19 52
19 53
19 55
19 56
19 58
19 61
19 63
19 65
19 68
19 69
19 71
19 74
19 75
19 77
19 83
19 86
19 87
19 73
19 64
19 76
20 21
20 22
20 23
20 24
20 25
20 26
20 27
20 28
20 29
20 30
20 31
20 33
20 34
20 36
20 37
20 38
20 39
20 40
20 41
20 42
20 44
20 45
20 46
20 48
20 53
20 55
20 56
20 57
20 59
20 60
20 61
20 65
20 66
20 68
20 70
20 76
20 80
20 81
20 83
20 86
20 72
21 22
21 23
21 24
21 25
21 27
21 28
21 29
21 30
21 33
21 35
21 36
21 37
21 38
21 40
21 45
21 47
21 49
21 54
21 56
21 57
21 58
21 65
21 66
21 69
21 70
21 73
21 75
21 77
21 86
21 87
22 23
22 24
22 25
22 26
22 27
22 28
22 29
22 30
22 31
22 32
22 33
22 34
22 35
22 36
22 37
22 39
22 40
22 41
22 43
22 44
22 45
22 47
22 48
22 50
22 51
22 52
22 57
22 59
22 61
22 66
22 67
22 68
22 70
22 71
22 72
22 74
22 76
22 77
22 85
22 88
22 73
23 24
23 25
23 26
23 27
23 28
23 29
23 30
23 31
23 32
23 33
23 34
23 36
23 37
23 39
23 40
23 41
23 42
23 43
23 45
23 46
23 49
23 50
23 53
23 54
23 57
23 71
23 74
23 80
23 82
23 84
23 88
23 38
24 25
24 26
24 28
24 29
24 30
24 31
24 32
24 33
24 34
24 36
24 40
24 41
24 42
24 45
24 46
24 48
24 49
24 50
24 53
24 55
24 57
24 58
24 61
24 64
24 65
24 66
24 68
24 69
24 73
24 75
24 79
24 83
24 84
25 26
25 28
25 33
25 38
25 41
25 42
25 43
25 46
25 48
25 52
25 53
25 57
25 62
25 63
25 66
25 67
25 68
25 69
25 76
25 77
25 78
25 82
25 85
25 89
26 27
26 28
26 30
26 32
26 33
26 34
26 35
26 37
26 38
26 41
26 43
26 46
26 47
26 48
26 49
26 52
26 53
26 57
26 59
26 67
26 68
26 72
26 75
26 80
26 85
27 29
27 34
27 35
27 36
27 39
27 43
27 45
27 47
27 49
27 52
27 55
27 56
27 57
27 59
27 61
27 62
27 64
27 73
27 74
27 80
27 82
27 83
27 84
27 88
27 30
27 28
28 29
28 31
28 33
28 34
28 35
28 37
28 38
28 41
28 44
28 45
28 47
28 49
28 53
28 60
28 61
28 62
28 63
28 64
28 67
28 72
28 73
28 77
28 80
28 81
28 84
28 87
28 89
28 68
29 36
29 37
29 38
29 40
29 45
29 51
29 56
29 57
29 58
29 60
29 61
29 62
29 63
29 65
29 72
29 73
29 74
29 75
29 86
29 44
30 31
30 32
30 33
30 34
30 36
30 39
30 42
30 47
30 48
30 52
30 58
30 69
30 71
30 73
30 74
30 80
30 81
30 84
30 87
30 43
30 50
30 60
31 32
31 33
31 39
31 40
31 42
31 47
31 51
31 55
31 56
31 62
31 63
31 64
31 69
31 71
31 72
31 73
31 75
31 86
31 88
32 33
32 35
32 38
32 42
32 43
32 45
32 46
32 49
32 54
32 55
32 58
32 59
32 64
32 66
32 67
32 72
32 80
32 88
32 83
32 81
33 34
33 35
33 36
33 37
33 40
33 41
33 43
33 49
33 51
33 55
33 56
33 58
33 60
33 61
33 62
33 63
33 67
33 71
33 75
33 82
33 83
33 88
33 89
34 36
34 46
34 50
34 59
34 60
34 65
34 69
34 86
34 87
34 89
34 54
34 38
35 37
35 41
35 42
35 43
35 46
35 48
35 49
35 52
35 54
35 58
35 59
35 63
35 66
35 69
35 74
35 79
35 82
35 86
36 38
36 39
36 42
36 49
36 51
36 57
36 58
36 66
36 67
36 68
36 55
37 38
37 39
37 40
37 41
37 44
37 51
37 52
37 55
37 60
37 79
37 80
37 37
38 39
38 41
38 42
38 43
38 44
38 45
38 48
38 55
38 58
38 65
38 70
38 74
38 79
38 83
38 88
39 40
39 43
39 44
39 47
39 50
39 51
39 53
39 54
39 56
39 59
39 62
39 63
39 64
39 66
39 74
39 76
39 77
39 80
39 81
39 71
40 42
40 49
40 54
40 60
40 61
40 62
40 71
40 73
40 86
41 43
41 44
41 50
41 51
41 52
41 54
41 64
41 67
41 69
41 70
41 77
41 81
41 85
41 88
42 43
42 44
42 48
42 49
42 50
42 52
42 53
42 57
42 58
42 62
42 64
42 65
42 70
42 72
42 80
42 81
42 82
42 86
43 44
43 45
43 46
43 48
43 53
43 55
43 62
43 63
43 68
43 70
43 76
43 78
43 79
43 86
43 89
44 49
44 56
44 60
44 62
44 65
44 67
44 70
44 79
44 81
44 85
45 50
45 60
45 64
45 68
45 74
45 80
45 84
45 86
46 50
46 51
46 57
46 60
46 69
46 73
46 85
46 56
47 48
47 50
47 51
47 55
47 56
47 58
47 64
47 66
47 67
47 68
47 74
47 75
47 77
48 50
48 52
48 53
48 55
48 63
48 76
48 79
48 83
48 88
48 89
49 53
49 54
49 56
49 58
49 66
49 67
49 68
49 70
49 72
49 80
50 51
50 52
50 56
50 62
50 66
50 69
50 76
50 77
50 78
51 53
51 55
51 59
51 60
51 61
51 62
51 63
51 72
51 74
51 79
51 83
51 84
51 56
52 56
52 64
52 68
52 69
52 75
52 78
52 79
52 84
52 86
52 87
53 54
53 71
53 74
53 76
53 59
53 66
54 61
54 67
54 68
54 77
54 79
54 83
55 63
55 64
55 74
55 78
55 89
55 86
56 58
56 64
56 65
56 72
56 75
56 83
56 85
56 89
57 60
57 61
57 70
57 72
58 59
58 67
58 69
58 71
58 72
58 77
58 81
58 73
59 60
59 62
59 69
59 70
59 73
59 75
59 78
59 79
59 80
59 82
59 83
59 86
59 87
60 71
60 82
61 64
61 65
61 71
61 72
61 73
61 75
61 78
61 79
61 87
62 63
62 72
62 87
62 67
63 68
63 75
63 79
64 77
64 78
64 79
64 82
64 85
64 89
65 73
66 72
66 82
67 73
67 84
67 85
68 71
68 76
68 78
68 81
68 82
68 86
69 76
69 81
69 84
70 75
70 76
70 88
70 74
71 74
71 78
71 85
71 86
72 78
72 82
73 89
74 87
75 81
75 88
76 85
76 87
77 78
77 80
77 84
79 80
79 81
79 83
81 84
81 89
82 84
82 85
83 85
84 88
84 89
86 87