877077192
1
90
156
0 1
0 2
0 3
0 4
0 5
0 12
0 24
0 29
0 31
0 35
0 42
0 58
0 82
0 85
0 81
0 8
0 44
0 66
0 84
1 7
1 19
1 30
1 49
1 60
1 74
1 14
1 28
1 88
2 13
2 37
2 23
3 6
3 22
3 62
3 86
3 23
3 17
3 27
4 8
4 9
4 31
4 40
4 68
5 37
6 10
6 12
7 25
7 56
7 71
8 15
8 81
8 26
8 37
8 77
9 20
9 50
9 67
9 89
9 21
9 33
9 42
9 74
9 76
10 11
10 52
10 76
10 15
11 18
11 59
11 79
11 51
11 39
11 45
11 49
11 61
11 82
12 21
12 33
12 53
12 78
12 13
12 23
12 24
12 75
13 14
13 17
13 55
13 28
13 78
14 32
14 34
14 39
14 51
14 83
14 38
14 50
14 57
15 16
15 41
15 46
15 57
15 81
15 58
16 71
17 23
17 36
17 29
19 26
19 23
20 87
20 55
21 27
21 28
23 44
25 30
25 54
26 63
26 89
27 45
27 69
27 77
27 53
28 40
28 61
28 64
28 66
30 49
31 48
32 38
32 54
32 72
34 47
34 68
34 51
37 83
39 83
39 56
40 43
40 64
41 63
41 70
41 73
41 79
41 67
45 48
45 65
46 68
57 75
57 84
60 85
62 67
66 86
67 88
72 79
77 80
80 81