664752454
30
90
1825
0 30
0 31
0 32
0 33
0 34
0 35
0 37
0 38
0 40
0 41
0 43
0 44
0 45
0 46
0 47
0 48
0 49
0 50
0 51
0 54
0 55
0 57
0 61
0 63
0 65
0 67
0 68
0 72
0 73
0 75
0 77
0 79
0 85
0 12
0 17
1 30
1 31
1 32
1 33
1 35
1 36
1 37
1 39
1 40
1 41
1 42
1 43
1 45
1 48
1 51
1 53
1 54
1 55
1 57
1 60
1 69
1 71
1 78
1 80
1 82
1 83
2 30
2 31
2 32
2 33
2 34
2 35
2 36
2 38
2 39
2 40
2 42
2 43
2 44
2 46
2 47
2 48
2 51
2 53
2 54
2 55
2 61
2 62
2 64
2 75
2 80
2 82
2 83
2 84
2 85
2 87
3 30
3 31
3 32
3 33
3 34
3 36
3 37
3 38
3 46
3 47
3 48
3 49
3 50
3 53
3 55
3 59
3 60
3 65
3 72
3 80
3 82
3 88
3 89
4 30
4 31
4 32
4 33
4 35
4 36
4 38
4 40
4 41
4 42
4 43
4 44
4 46
4 47
4 48
4 49
4 50
4 53
4 54
4 58
4 63
4 64
4 65
4 66
4 73
4 77
4 84
4 85
4 34
5 30
5 31
5 32
5 33
5 34
5 35
5 36
5 37
5 38
5 39
5 40
5 41
5 43
5 45
5 46
5 49
5 50
5 53
5 55
5 56
5 61
5 63
5 65
5 66
5 72
5 75
5 81
5 83
5 89
6 30
6 31
6 32
6 33
6 34
6 35
6 36
6 37
6 38
6 39
6 41
6 42
6 43
6 45
6 47
6 48
6 51
6 52
6 55
6 59
6 60
6 65
6 67
6 70
6 71
6 77
6 85
6 87
6 10
7 30
7 31
7 32
7 33
7 34
7 35
7 36
7 38
7 39
7 40
7 45
7 47
7 48
7 54
7 62
7 70
7 74
7 79
7 87
7 88
8 30
8 31
8 32
8 33
8 34
8 35
8 36
8 38
8 39
8 40
8 41
8 42
8 47
8 49
8 50
8 51
8 52
8 53
8 55
8 56
8 58
8 62
8 74
8 81
8 82
8 88
9 30
9 31
9 32
9 33
9 34
9 35
9 36
9 39
9 40
9 41
9 44
9 45
9 46
9 53
9 58
9 60
9 64
9 66
9 67
9 68
9 69
9 76
9 78
9 80
10 30
10 31
10 32
10 33
10 34
10 37
10 40
10 47
10 48
10 49
10 54
10 58
10 61
10 63
10 70
10 72
11 30
11 31
11 32
11 33
11 34
11 35
11 36
11 37
11 38
11 40
11 41
11 42
11 43
11 45
11 46
11 47
11 51
11 56
11 58
11 59
11 61
11 62
11 63
11 67
11 69
11 70
11 72
11 73
11 74
11 76
11 87
11 88
11 89
11 25
12 30
12 31
12 32
12 33
12 34
12 36
12 37
12 38
12 39
12 41
12 45
12 49
12 50
12 60
12 67
12 71
12 72
12 77
12 82
12 83
12 89
12 73
13 30
13 31
13 32
13 33
13 34
13 35
13 36
13 37
13 39
13 41
13 44
13 46
13 47
13 48
13 49
13 51
13 53
13 56
13 57
13 58
13 60
13 64
13 65
13 67
13 73
13 76
13 77
13 80
13 81
13 82
13 84
13 85
14 30
14 31
14 32
14 33
14 36
14 37
14 39
14 42
14 44
14 46
14 48
14 50
14 53
14 54
14 57
14 65
14 67
14 69
14 74
14 87
15 30
15 31
15 34
15 35
15 37
15 38
15 39
15 40
15 41
15 42
15 43
15 46
15 47
15 48
15 51
15 52
15 53
15 54
15 55
15 58
15 61
15 62
15 63
15 65
15 68
15 70
15 71
15 77
15 78
15 81
15 82
15 86
15 87
16 30
16 31
16 32
16 33
16 34
16 35
16 36
16 37
16 38
16 39
16 43
16 44
16 48
16 49
16 51
16 53
16 56
16 60
16 61
16 66
16 68
16 69
16 73
16 75
16 76
16 78
16 88
16 29
17 30
17 31
17 32
17 33
17 34
17 36
17 37
17 39
17 40
17 41
17 43
17 44
17 45
17 47
17 52
17 54
17 57
17 59
17 61
17 62
17 63
17 72
17 75
17 83
17 84
17 87
17 88
18 30
18 31
18 32
18 33
18 34
18 35
18 36
18 37
18 38
18 39
18 40
18 42
18 44
18 45
18 47
18 52
18 54
18 55
18 57
18 58
18 59
18 60
18 63
18 65
18 67
18 68
18 72
18 73
18 74
18 78
18 81
18 82
18 85
18 88
18 89
19 30
19 31
19 32
19 33
19 34
19 35
19 37
19 39
19 40
19 41
19 42
19 43
19 44
19 46
19 49
19 50
19 52
19 54
19 55
19 56
19 59
19 61
19 63
19 64
19 72
19 76
19 80
19 81
19 83
19 88
20 30
20 31
20 32
20 33
20 34
20 35
20 36
20 37
20 38
20 39
20 40
20 41
20 42
20 43
20 45
20 46
20 52
20 61
20 67
20 70
20 73
20 76
20 80
20 83
20 84
20 89
21 30
21 31
21 32
21 33
21 34
21 35
21 36
21 38
21 41
21 44
21 50
21 52
21 55
21 65
21 67
21 68
21 71
21 77
21 80
21 84
21 86
22 30
22 31
22 35
22 37
22 38
22 42
22 43
22 44
22 45
22 51
22 56
22 59
22 60
22 64
22 65
22 66
22 69
22 78
23 30
23 31
23 32
23 33
23 34
23 35
23 36
23 37
23 39
23 40
23 41
23 42
23 44
23 45
23 46
23 47
23 49
23 52
23 54
23 55
23 57
23 58
23 60
23 62
23 63
23 69
23 70
23 71
23 72
23 73
23 74
23 77
23 78
23 79
23 81
23 86
24 30
24 31
24 32
24 33
24 34
24 35
24 36
24 37
24 38
24 39
24 42
24 44
24 46
24 50
24 54
24 56
24 58
24 59
24 69
24 71
24 74
24 77
24 80
24 81
24 84
24 86
24 87
25 30
25 32
25 33
25 34
25 35
25 36
25 37
25 38
25 39
25 40
25 41
25 43
25 44
25 45
25 46
25 47
25 49
25 50
25 51
25 52
25 54
25 57
25 62
25 64
25 66
25 68
25 71
25 74
25 75
25 76
25 79
25 83
25 85
25 87
25 88
25 89
26 30
26 31
26 32
26 33
26 34
26 35
26 36
26 37
26 38
26 39
26 40
26 42
26 43
26 44
26 45
26 46
26 51
26 52
26 53
26 55
26 58
26 63
26 64
26 67
26 68
26 69
26 70
26 77
26 78
26 80
26 82
26 66
27 30
27 31
27 32
27 34
27 35
27 36
27 37
27 38
27 39
27 40
27 41
27 42
27 43
27 44
27 46
27 47
27 48
27 49
27 50
27 51
27 52
27 61
27 63
27 65
27 68
27 75
27 82
28 30
28 31
28 32
28 33
28 34
28 35
28 36
28 37
28 38
28 40
28 41
28 42
28 43
28 44
28 45
28 49
28 52
28 57
28 58
28 60
28 62
28 66
28 73
28 74
28 78
29 30
29 31
29 32
29 33
29 34
29 35
29 38
29 41
29 42
29 47
29 48
29 51
29 59
29 60
29 63
29 71
29 72
29 74
30 31
30 32
30 33
30 34
30 35
30 36
30 37
30 38
30 39
30 40
30 41
30 42
30 43
30 44
30 45
30 46
30 47
30 49
30 50
30 51
30 52
30 53
30 55
30 56
30 57
30 58
30 59
30 60
30 61
30 62
30 63
30 64
30 66
30 68
30 70
30 71
30 72
30 74
30 75
30 76
30 77
30 78
30 79
30 80
30 81
30 82
30 83
30 84
30 85
30 86
31 32
31 33
31 34
31 35
31 36
31 37
31 38
31 39
31 40
31 41
31 42
31 43
31 44
31 45
31 48
31 50
31 51
31 54
31 55
31 56
31 57
31 59
31 62
31 63
31 64
31 65
31 66
31 67
31 68
31 70
31 75
31 76
31 77
31 80
31 83
31 84
31 85
31 86
31 88
31 89
31 46
32 33
32 34
32 35
32 36
32 37
32 38
32 39
32 40
32 41
32 42
32 43
32 44
32 45
32 46
32 47
32 48
32 49
32 50
32 51
32 52
32 53
32 56
32 57
32 59
32 60
32 62
32 63
32 64
32 65
32 66
32 68
32 69
32 73
32 74
32 75
32 76
32 79
32 85
32 88
33 34
33 35
33 36
33 37
33 38
33 39
33 40
33 41
33 42
33 43
33 44
33 45
33 46
33 47
33 48
33 49
33 50
33 51
33 52
33 53
33 54
33 55
33 56
33 57
33 59
33 60
33 61
33 63
33 64
33 65
33 66
33 67
33 71
33 73
33 74
33 75
33 76
33 77
33 78
33 79
33 80
33 81
33 86
33 87
33 88
34 35
34 36
34 37
34 38
34 39
34 40
34 41
34 42
34 43
34 44
34 45
34 46
34 47
34 48
34 49
34 50
34 51
34 52
34 53
34 54
34 56
34 57
34 58
34 60
34 61
34 62
34 64
34 66
34 68
34 70
34 71
34 75
34 76
34 78
34 79
34 80
34 81
34 84
34 85
34 86
34 87
34 88
35 36
35 37
35 38
35 39
35 40
35 41
35 42
35 43
35 44
35 45
35 46
35 47
35 48
35 49
35 51
35 52
35 53
35 56
35 57
35 58
35 60
35 61
35 62
35 64
35 65
35 66
35 72
35 74
35 76
35 78
35 80
35 81
35 82
35 85
35 86
35 88
35 89
35 69
36 37
36 38
36 39
36 40
36 41
36 42
36 43
36 44
36 45
36 46
36 47
36 48
36 49
36 50
36 51
36 53
36 54
36 55
36 56
36 57
36 58
36 59
36 60
36 61
36 65
36 66
36 67
36 68
36 69
36 70
36 71
36 73
36 76
36 79
36 80
36 81
36 85
36 87
36 89
37 38
37 39
37 40
37 41
37 42
37 43
37 45
37 46
37 47
37 48
37 49
37 50
37 51
37 52
37 53
37 54
37 55
37 56
37 57
37 58
37 59
37 61
37 62
37 64
37 65
37 66
37 70
37 71
37 79
37 80
37 82
37 87
37 88
37 89
38 39
38 40
38 41
38 42
38 43
38 44
38 45
38 46
38 47
38 48
38 49
38 51
38 52
38 53
38 54
38 56
38 57
38 58
38 59
38 60
38 61
38 62
38 64
38 65
38 66
38 67
38 68
38 69
38 73
38 76
38 77
38 79
38 81
38 82
38 84
39 40
39 42
39 43
39 44
39 47
39 48
39 49
39 50
39 51
39 52
39 53
39 54
39 55
39 56
39 57
39 58
39 60
39 61
39 62
39 65
39 67
39 69
39 72
39 76
39 77
39 81
39 82
39 83
39 86
39 88
39 89
39 45
40 41
40 42
40 43
40 44
40 45
40 46
40 47
40 48
40 49
40 50
40 52
40 53
40 54
40 55
40 56
40 57
40 58
40 59
40 60
40 62
40 63
40 64
40 66
40 67
40 69
40 70
40 71
40 72
40 73
40 74
40 75
40 78
40 79
40 80
40 83
40 84
40 85
40 87
40 88
40 89
41 42
41 43
41 44
41 45
41 46
41 47
41 48
41 49
41 50
41 52
41 53
41 55
41 56
41 57
41 58
41 59
41 60
41 61
41 62
41 63
41 64
41 66
41 68
41 69
41 70
41 71
41 73
41 74
41 75
41 77
41 81
41 83
41 84
41 85
41 86
41 87
42 43
42 44
42 45
42 46
42 48
42 49
42 50
42 51
42 52
42 53
42 56
42 57
42 59
42 60
42 62
42 63
42 64
42 66
42 67
42 68
42 70
42 74
42 75
42 77
42 81
42 82
42 83
42 89
42 85
43 45
43 47
43 48
43 49
43 50
43 51
43 52
43 54
43 56
43 58
43 60
43 62
43 64
43 65
43 67
43 71
43 72
43 73
43 78
43 82
43 85
43 87
43 43
44 45
44 46
44 49
44 50
44 52
44 53
44 56
44 58
44 59
44 68
44 71
44 75
44 83
44 88
44 89
44 84
45 46
45 47
45 48
45 49
45 50
45 51
45 53
45 54
45 55
45 56
45 57
45 58
45 59
45 60
45 61
45 64
45 67
45 69
45 72
45 75
45 78
45 83
45 86
45 87
46 48
46 50
46 54
46 55
46 56
46 57
46 58
46 59
46 61
46 62
46 63
46 64
46 65
46 67
46 69
46 70
46 74
46 80
46 83
46 84
46 86
46 89
46 77
47 48
47 49
47 50
47 51
47 54
47 55
47 56
47 58
47 60
47 63
47 66
47 68
47 70
47 71
47 72
47 75
47 83
47 84
47 85
47 86
48 50
48 52
48 53
48 55
48 61
48 66
48 67
48 69
48 71
48 73
48 75
48 76
48 77
48 78
48 79
48 80
48 81
48 82
48 85
48 86
48 88
48 89
48 83
49 50
49 51
49 52
49 54
49 55
49 56
49 57
49 58
49 59
49 61
49 62
49 63
49 64
49 65
49 66
49 67
49 68
49 69
49 71
49 72
49 74
49 75
49 76
49 78
49 79
49 81
49 84
49 86
49 87
49 88
49 89
50 51
50 52
50 53
50 54
50 55
50 57
50 59
50 63
50 64
50 65
50 66
50 67
50 68
50 69
50 70
50 72
50 73
50 75
50 77
50 79
50 80
50 83
50 87
51 52
51 53
51 55
51 56
51 59
51 61
51 62
51 64
51 65
51 66
51 68
51 70
51 71
51 77
51 79
51 80
51 81
51 82
51 83
51 85
51 87
51 89
52 53
52 54
52 55
52 57
52 58
52 59
52 63
52 64
52 67
52 69
52 70
52 73
52 78
52 81
52 83
52 84
52 86
52 88
53 54
53 55
53 56
53 61
53 62
53 64
53 65
53 66
53 67
53 68
53 69
53 71
53 72
53 73
53 74
53 78
53 80
53 82
53 83
53 84
53 87
53 89
54 57
54 59
54 60
54 72
54 73
54 74
54 75
54 82
54 84
54 86
54 87
54 88
54 89
55 56
55 57
55 59
55 60
55 62
55 63
55 65
55 68
55 69
55 70
55 72
55 73
55 76
55 77
55 78
55 79
55 85
55 87
55 89
56 57
56 58
56 59
56 60
56 61
56 62
56 63
56 64
56 65
56 66
56 67
56 68
56 70
56 73
56 74
56 78
56 81
56 82
56 83
56 85
56 87
56 89
56 84
57 58
57 61
57 62
57 63
57 64
57 65
57 66
57 67
57 69
57 70
57 74
57 76
57 77
57 79
57 80
57 89
58 59
58 60
58 61
58 62
58 66
58 67
58 68
58 69
58 70
58 72
58 74
58 75
58 76
58 79
58 84
58 85
59 62
59 66
59 68
59 70
59 71
59 73
59 76
59 77
59 79
59 81
59 83
60 61
60 63
60 65
60 66
60 67
60 70
60 71
60 74
60 75
60 76
60 79
60 80
60 81
60 82
60 83
60 85
60 87
60 72
61 63
61 68
61 69
61 70
61 71
61 73
61 74
61 76
61 77
61 78
61 79
61 83
61 84
61 88
62 71
62 72
62 74
62 76
62 86
62 87
62 63
63 64
63 68
63 71
63 72
63 73
63 74
63 79
63 84
63 85
63 86
64 73
64 76
64 78
64 81
64 82
64 83
64 84
64 86
64 87
64 64
65 68
65 69
65 70
65 71
65 72
65 73
65 75
65 76
65 77
65 78
65 79
65 80
65 82
65 84
65 85
66 69
66 72
66 86
67 69
67 70
67 71
67 72
67 76
67 79
67 84
68 69
68 76
68 77
68 78
68 79
68 85
68 86
69 72
69 73
69 75
69 79
69 80
69 82
69 85
69 89
70 74
70 75
70 81
70 82
70 84
70 87
70 76
71 73
71 75
71 77
71 79
71 82
71 85
71 89
71 83
72 75
72 76
72 79
72 80
72 83
73 74
73 75
73 77
73 78
73 80
73 84
73 86
73 88
73 89
74 78
74 81
74 82
74 84
74 88
74 89
75 77
75 78
75 80
76 77
76 85
76 89
77 78
77 81
77 83
77 88
78 79
78 81
78 86
78 88
79 86
80 81
80 83
80 84
80 85
80 86
80 80
81 82
81 84
81 86
81 88
82 87
82 89
83 85
83 86
84 86
84 87
84 88
85 88
87 88