587797256
14
90
1091
0 14
0 15
0 16
0 18
0 19
0 25
0 30
0 34
0 38
0 48
0 55
0 81
0 67
1 14
1 15
1 16
1 17
1 18
1 23
1 24
1 27
1 37
1 42
1 45
1 49
1 54
1 60
1 64
1 66
1 74
1 20
2 14
2 15
2 16
2 20
2 21
2 23
2 25
2 30
2 32
2 33
2 35
2 39
2 43
2 48
2 50
2 63
2 65
2 74
2 80
2 81
2 89
2 22
3 14
3 15
3 16
3 17
3 21
3 23
3 25
3 29
3 30
3 33
3 37
3 39
3 40
3 41
3 42
3 43
3 52
3 55
3 59
3 62
3 63
3 71
3 72
3 73
3 78
3 82
3 85
3 88
4 14
4 15
4 17
4 18
4 20
4 21
4 22
4 23
4 35
4 36
4 43
4 58
4 63
4 65
4 67
4 74
4 75
4 76
4 85
4 86
5 14
5 15
5 16
5 17
5 19
5 20
5 21
5 22
5 25
5 27
5 36
5 39
5 40
5 41
5 45
5 56
5 60
5 61
6 14
6 15
6 16
6 17
6 18
6 19
6 21
6 22
6 23
6 24
6 27
6 28
6 29
6 31
6 32
6 38
6 39
6 40
6 41
6 42
6 51
6 54
6 58
6 70
6 75
6 79
6 81
6 84
6 8
7 14
7 15
7 16
7 20
7 34
7 44
7 55
7 58
8 14
8 15
8 17
8 18
8 19
8 21
8 22
8 25
8 26
8 27
8 28
8 29
8 30
8 33
8 34
8 37
8 41
8 42
8 43
8 48
8 50
8 57
8 62
8 63
8 77
8 12
9 14
9 16
9 17
9 18
9 19
9 24
9 25
9 26
9 32
9 34
9 40
9 52
9 57
9 62
9 69
9 73
9 78
9 86
10 14
10 15
10 16
10 17
10 18
10 19
10 20
10 21
10 22
10 23
10 24
10 26
10 27
10 28
10 29
10 31
10 40
10 43
10 46
10 47
10 48
10 50
10 54
10 59
10 63
10 64
10 75
10 78
10 85
10 89
11 14
11 15
11 16
11 17
11 18
11 19
11 20
11 21
11 22
11 23
11 27
11 28
11 30
11 31
11 35
11 36
11 41
11 42
11 45
11 46
11 47
11 48
11 49
11 50
11 54
11 59
11 64
11 66
11 67
11 68
11 72
11 78
11 83
11 84
11 86
11 87
12 14
12 15
12 16
12 17
12 18
12 19
12 20
12 23
12 24
12 26
12 29
12 31
12 32
12 36
12 38
12 40
12 41
12 46
12 50
12 56
12 59
12 61
12 62
12 64
12 66
12 68
12 70
12 72
12 75
12 84
12 88
12 78
13 14
13 15
13 16
13 17
13 18
13 19
13 20
13 21
13 22
13 24
13 25
13 26
13 28
13 29
13 32
13 35
13 36
13 42
13 43
13 44
13 50
13 53
13 56
13 58
13 61
13 74
13 82
13 89
14 15
14 16
14 17
14 18
14 19
14 20
14 22
14 23
14 24
14 25
14 26
14 29
14 30
14 31
14 32
14 33
14 34
14 35
14 39
14 40
14 41
14 49
14 50
14 51
14 53
14 57
14 59
14 65
14 67
14 73
14 80
14 86
15 16
15 17
15 18
15 19
15 20
15 21
15 22
15 23
15 26
15 27
15 28
15 29
15 31
15 32
15 33
15 34
15 36
15 38
15 40
15 42
15 43
15 44
15 46
15 49
15 51
15 52
15 55
15 60
15 61
15 65
15 66
15 70
15 71
15 73
15 75
15 77
15 79
15 81
15 84
15 86
15 87
15 88
15 89
16 17
16 18
16 19
16 20
16 21
16 22
16 23
16 24
16 26
16 27
16 29
16 30
16 31
16 32
16 33
16 35
16 38
16 39
16 43
16 48
16 51
16 52
16 53
16 59
16 64
16 66
16 70
16 71
16 72
16 75
16 76
16 79
16 82
16 87
17 18
17 19
17 20
17 21
17 22
17 24
17 26
17 27
17 29
17 30
17 31
17 32
17 33
17 36
17 37
17 38
17 40
17 42
17 45
17 46
17 47
17 51
17 53
17 56
17 59
17 61
17 62
17 63
17 66
17 75
17 76
17 77
17 84
17 85
17 86
17 88
17 89
17 34
18 19
18 20
18 21
18 22
18 23
18 25
18 26
18 27
18 28
18 31
18 32
18 35
18 37
18 39
18 42
18 43
18 48
18 49
18 51
18 53
18 67
18 69
18 70
18 77
18 85
18 86
18 73
19 20
19 23
19 24
19 25
19 27
19 28
19 29
19 33
19 34
19 36
19 37
19 38
19 39
19 42
19 44
19 47
19 48
19 50
19 52
19 53
19 57
19 58
19 64
19 66
19 67
19 68
19 70
19 75
19 79
19 88
20 21
20 22
20 23
20 24
20 28
20 29
20 30
20 31
20 34
20 35
20 37
20 38
20 39
20 42
20 44
20 45
20 47
20 48
20 50
20 51
20 53
20 54
20 57
20 58
20 62
20 68
20 71
20 72
20 74
20 76
20 81
20 82
20 83
20 84
21 22
21 24
21 25
21 26
21 28
21 30
21 32
21 34
21 35
21 44
21 45
21 46
21 59
21 65
21 67
21 71
21 80
21 83
21 84
21 85
21 87
21 89
21 61
22 24
22 25
22 26
22 27
22 29
22 35
22 38
22 40
22 45
22 47
22 48
22 50
22 51
22 52
22 53
22 60
22 66
22 69
22 70
22 77
22 80
22 86
22 87
23 24
23 25
23 26
23 28
23 29
23 30
23 34
23 38
23 39
23 41
23 42
23 43
23 45
23 48
23 52
23 55
23 57
23 61
23 67
23 80
24 25
24 26
24 27
24 28
24 31
24 32
24 33
24 35
24 36
24 40
24 43
24 45
24 47
24 49
24 56
24 58
24 61
24 64
24 73
24 78
24 87
24 24
25 28
25 30
25 31
25 32
25 34
25 35
25 37
25 41
25 43
25 46
25 51
25 58
25 60
25 70
25 76
25 77
25 82
25 85
26 27
26 28
26 31
26 33
26 44
26 50
26 52
26 64
26 65
26 67
26 69
26 76
26 77
26 79
26 86
27 30
27 36
27 38
27 46
27 49
27 53
27 59
27 77
27 78
27 80
27 86
27 87
27 32
28 32
28 33
28 35
28 36
28 37
28 43
28 45
28 52
28 53
28 57
28 62
28 66
28 68
28 74
28 78
28 79
28 80
28 82
28 88
29 30
29 31
29 33
29 34
29 37
29 51
29 52
29 54
29 60
29 62
29 76
29 77
29 78
29 79
29 80
29 86
29 89
29 72
30 33
30 34
30 35
30 36
30 40
30 41
30 49
30 57
30 64
30 65
30 67
30 69
30 75
30 70
31 41
31 44
31 51
31 53
31 57
31 60
31 72
31 73
31 74
31 75
31 87
31 77
32 33
32 36
32 37
32 38
32 39
32 41
32 44
32 46
32 47
32 48
32 49
32 53
32 57
32 58
32 69
32 71
32 76
32 80
32 82
32 89
33 34
33 36
33 38
33 43
33 44
33 45
33 50
33 52
33 55
33 62
33 65
33 78
33 79
33 82
33 85
34 37
34 39
34 44
34 45
34 47
34 55
34 57
34 62
34 63
34 66
34 68
34 69
34 73
34 79
34 83
34 84
34 88
35 37
35 38
35 41
35 52
35 54
35 59
35 76
35 83
35 87
35 71
36 37
36 39
36 56
36 57
36 61
36 63
36 65
36 66
36 72
36 88
37 42
37 45
37 46
37 47
37 53
37 56
37 62
37 65
37 70
37 71
37 72
37 78
37 84
37 85
38 39
38 40
38 41
38 42
38 44
38 46
38 47
38 50
38 56
38 60
38 63
38 67
38 69
38 77
38 78
39 40
39 46
39 47
39 52
39 54
39 55
39 56
39 68
39 71
39 73
40 44
40 52
40 54
40 56
40 58
40 59
40 60
40 65
40 73
40 76
40 78
40 81
40 85
40 88
40 45
41 46
41 49
41 50
41 51
41 54
41 56
41 58
41 59
41 66
41 86
42 44
42 46
42 48
42 49
42 58
42 61
42 63
42 80
42 82
42 86
42 54
43 48
43 49
43 51
43 54
43 55
43 59
43 61
43 63
43 68
43 72
43 73
43 77
43 83
43 47
43 57
43 58
44 45
44 47
44 60
44 61
44 83
44 88
44 89
44 49
45 49
45 55
45 69
45 71
45 78
45 80
46 47
46 51
46 57
46 60
46 65
46 67
46 79
46 83
47 57
47 63
47 64
47 68
47 69
47 70
47 73
47 74
47 81
47 83
47 87
48 49
48 60
48 74
48 87
49 54
49 55
49 64
49 67
49 74
49 77
49 81
50 56
50 75
50 86
51 53
51 54
51 56
51 68
51 69
51 72
51 74
51 75
51 82
51 83
52 54
52 55
52 74
52 80
52 84
52 87
52 88
52 61
53 55
53 58
53 60
53 61
53 62
53 67
53 70
53 73
53 78
53 79
53 80
53 87
54 55
54 62
54 66
54 69
54 71
54 81
55 56
55 59
55 61
55 65
55 68
55 70
55 71
55 76
55 72
56 58
56 61
56 62
56 63
56 64
56 71
56 75
56 76
56 81
56 84
56 80
57 60
57 63
57 65
57 81
57 89
58 68
58 69
58 71
58 81
58 82
58 64
58 74
59 68
59 71
59 88
59 89
60 68
60 83
61 64
61 70
61 76
63 64
63 69
63 72
63 74
63 89
64 67
64 72
64 76
64 82
65 66
65 79
65 80
65 82
65 85
66 73
67 72
67 75
67 81
68 70
68 81
68 83
69 72
69 77
69 79
69 84
71 74
71 82
71 88
72 73
72 79
72 82
74 83
75 77
75 83
75 84
75 88
77 89
78 85
78 87
78 89
80 85
82 84
83 85