92092167
21
90
1491
0 21
0 22
0 23
0 24
0 25
0 28
0 29
0 30
0 32
0 33
0 34
0 35
0 36
0 37
0 38
0 42
0 43
0 44
0 45
0 46
0 48
0 54
0 55
0 56
0 59
0 66
0 67
0 68
0 71
0 73
0 77
0 82
0 84
0 88
1 21
1 22
1 23
1 24
1 25
1 27
1 29
1 30
1 34
1 49
1 52
1 55
1 66
1 68
1 71
1 82
1 84
1 86
1 44
1 37
2 21
2 22
2 23
2 24
2 26
2 27
2 29
2 30
2 31
2 32
2 33
2 34
2 37
2 38
2 40
2 42
2 49
2 50
2 51
2 53
2 60
2 64
2 74
2 76
2 78
2 81
2 83
2 84
2 25
3 21
3 22
3 23
3 24
3 25
3 26
3 27
3 28
3 29
3 34
3 35
3 36
3 37
3 44
3 47
3 49
3 52
3 54
3 58
3 60
3 62
3 64
3 66
3 70
3 71
3 73
3 74
3 80
3 84
3 88
3 56
3 12
4 21
4 22
4 23
4 24
4 25
4 26
4 27
4 29
4 30
4 31
4 32
4 33
4 36
4 38
4 39
4 40
4 43
4 44
4 46
4 49
4 55
4 58
4 62
4 63
4 64
4 71
4 72
4 74
4 81
4 87
4 42
5 21
5 22
5 23
5 25
5 26
5 27
5 28
5 30
5 31
5 32
5 34
5 35
5 36
5 40
5 41
5 42
5 53
5 54
5 56
5 57
5 61
5 62
5 66
5 75
5 83
5 85
5 88
5 24
6 21
6 22
6 23
6 24
6 25
6 27
6 32
6 33
6 38
6 41
6 42
6 47
6 48
6 56
6 58
6 69
6 78
6 80
7 21
7 22
7 23
7 24
7 25
7 26
7 27
7 28
7 30
7 32
7 33
7 34
7 35
7 36
7 40
7 41
7 43
7 44
7 45
7 46
7 47
7 48
7 50
7 54
7 61
7 65
7 68
7 70
7 72
7 77
7 79
7 86
7 88
7 89
7 76
8 21
8 22
8 23
8 24
8 25
8 26
8 27
8 28
8 29
8 31
8 33
8 35
8 37
8 38
8 39
8 41
8 45
8 46
8 50
8 54
8 56
8 57
8 60
8 61
8 63
8 64
8 65
8 69
8 71
8 74
8 81
8 86
8 53
9 21
9 23
9 24
9 25
9 26
9 41
9 61
9 64
9 70
9 75
9 76
9 82
9 39
10 21
10 22
10 23
10 24
10 26
10 27
10 28
10 39
10 40
10 42
10 43
10 46
10 50
10 51
10 54
10 61
10 64
10 73
10 78
10 80
10 12
11 21
11 22
11 24
11 26
11 27
11 28
11 29
11 31
11 32
11 34
11 35
11 37
11 42
11 43
11 51
11 53
11 68
11 86
12 21
12 22
12 23
12 24
12 25
12 26
12 27
12 28
12 29
12 31
12 32
12 33
12 36
12 39
12 45
12 47
12 48
12 51
12 52
12 54
12 55
12 56
12 58
12 59
12 61
12 62
12 63
12 66
12 67
12 69
12 73
12 74
12 75
12 76
12 82
12 84
12 86
12 88
12 38
12 89
13 21
13 22
13 23
13 24
13 25
13 27
13 28
13 29
13 30
13 32
13 33
13 39
13 42
13 43
13 45
13 48
13 50
13 51
13 55
13 74
13 76
13 86
13 20
14 21
14 22
14 25
14 26
14 27
14 30
14 31
14 32
14 34
14 35
14 42
14 45
14 49
14 50
14 56
14 57
14 59
14 64
14 89
15 21
15 22
15 23
15 24
15 26
15 28
15 30
15 31
15 40
15 43
15 44
15 47
15 48
15 52
15 54
15 58
15 59
15 60
15 61
15 65
15 68
15 78
15 79
15 81
16 21
16 22
16 23
16 24
16 25
16 26
16 27
16 28
16 29
16 30
16 31
16 33
16 36
16 37
16 38
16 40
16 42
16 43
16 44
16 47
16 49
16 54
16 55
16 59
16 61
16 64
16 65
16 66
16 71
16 75
16 76
16 85
16 86
16 89
16 39
17 21
17 22
17 23
17 24
17 25
17 26
17 27
17 28
17 31
17 32
17 34
17 35
17 36
17 39
17 40
17 42
17 44
17 45
17 47
17 48
17 54
17 58
17 62
17 63
17 78
17 79
17 87
18 21
18 22
18 23
18 24
18 25
18 26
18 28
18 29
18 34
18 35
18 36
18 37
18 46
18 58
18 86
19 21
19 22
19 23
19 24
19 25
19 29
19 30
19 33
19 34
19 35
19 37
19 41
19 43
19 45
19 46
19 50
19 51
19 54
19 55
19 59
19 61
19 63
19 65
19 73
19 75
19 88
19 89
20 21
20 22
20 23
20 25
20 26
20 28
20 29
20 30
20 31
20 32
20 33
20 37
20 38
20 40
20 41
20 43
20 47
20 49
20 52
20 56
20 57
20 63
20 64
20 65
20 67
20 73
20 75
20 85
20 88
21 22
21 23
21 24
21 25
21 26
21 27
21 28
21 29
21 30
21 31
21 33
21 34
21 35
21 36
21 41
21 42
21 43
21 45
21 46
21 47
21 48
21 50
21 51
21 53
21 55
21 59
21 61
21 63
21 72
21 76
21 77
21 78
21 83
21 84
21 85
21 86
21 87
21 89
22 23
22 24
22 25
22 26
22 27
22 28
22 29
22 30
22 31
22 32
22 33
22 35
22 36
22 37
22 38
22 39
22 40
22 42
22 44
22 45
22 50
22 52
22 53
22 55
22 56
22 58
22 60
22 65
22 66
22 68
22 70
22 72
22 74
22 75
22 76
22 78
22 79
22 81
22 82
22 85
23 24
23 25
23 26
23 27
23 28
23 29
23 30
23 31
23 32
23 33
23 34
23 35
23 36
23 38
23 39
23 40
23 41
23 42
23 43
23 45
23 47
23 48
23 49
23 50
23 51
23 53
23 54
23 55
23 56
23 57
23 60
23 62
23 63
23 64
23 65
23 68
23 69
23 70
23 71
23 72
23 73
23 74
23 75
23 77
23 78
23 80
23 81
23 83
23 87
23 46
23 59
24 25
24 26
24 27
24 28
24 29
24 30
24 31
24 32
24 33
24 37
24 38
24 42
24 44
24 45
24 46
24 48
24 49
24 52
24 53
24 55
24 56
24 57
24 58
24 62
24 68
24 70
24 71
24 72
24 78
24 83
24 85
24 87
24 63
25 26
25 27
25 28
25 29
25 30
25 31
25 32
25 33
25 34
25 35
25 36
25 39
25 44
25 45
25 46
25 48
25 51
25 53
25 55
25 56
25 57
25 62
25 63
25 64
25 71
25 74
25 76
25 77
25 78
25 79
25 81
25 82
25 83
25 84
25 88
26 27
26 28
26 29
26 30
26 31
26 32
26 33
26 34
26 36
26 37
26 38
26 39
26 40
26 41
26 42
26 43
26 44
26 46
26 49
26 51
26 53
26 55
26 56
26 57
26 58
26 59
26 61
26 62
26 63
26 65
26 67
26 68
26 69
26 70
26 71
26 72
26 73
26 75
26 78
26 79
26 81
26 85
26 87
26 89
27 28
27 29
27 30
27 31
27 32
27 34
27 35
27 36
27 37
27 38
27 39
27 40
27 41
27 42
27 43
27 44
27 45
27 47
27 48
27 49
27 50
27 52
27 53
27 54
27 56
27 58
27 59
27 60
27 61
27 62
27 63
27 64
27 65
27 66
27 67
27 68
27 69
27 70
27 71
27 72
27 77
27 79
27 80
27 81
27 82
27 83
27 84
27 87
27 78
27 74
28 29
28 30
28 31
28 32
28 33
28 34
28 35
28 36
28 37
28 38
28 39
28 40
28 43
28 44
28 45
28 47
28 48
28 49
28 50
28 52
28 53
28 58
28 59
28 61
28 65
28 67
28 69
28 70
28 75
28 79
28 81
28 84
28 85
28 88
28 89
28 83
29 30
29 31
29 32
29 33
29 34
29 35
29 36
29 37
29 38
29 39
29 40
29 41
29 42
29 44
29 45
29 47
29 48
29 51
29 54
29 57
29 59
29 62
29 66
29 69
29 72
29 76
29 77
29 80
29 84
29 89
29 60
30 31
30 32
30 33
30 34
30 38
30 39
30 41
30 42
30 44
30 46
30 51
30 53
30 55
30 58
30 60
30 63
30 64
30 65
30 69
30 73
30 75
30 76
30 80
30 85
30 86
30 87
30 88
30 78
31 33
31 35
31 36
31 37
31 38
31 39
31 41
31 43
31 44
31 45
31 46
31 47
31 48
31 51
31 54
31 55
31 59
31 60
31 63
31 64
31 65
31 66
31 69
31 70
31 71
31 72
31 73
31 76
31 79
31 80
31 81
31 82
31 85
31 87
31 88
32 34
32 35
32 37
32 38
32 39
32 40
32 41
32 47
32 49
32 51
32 53
32 65
32 66
32 67
32 70
32 75
32 79
32 83
32 87
32 88
32 89
33 34
33 35
33 36
33 37
33 39
33 40
33 43
33 44
33 45
33 46
33 49
33 50
33 51
33 55
33 57
33 58
33 59
33 61
33 64
33 67
33 69
33 70
33 71
33 80
33 88
33 38
33 83
34 35
34 36
34 37
34 38
34 41
34 43
34 47
34 51
34 52
34 56
34 58
34 65
34 67
34 68
34 77
34 78
34 82
34 83
34 87
34 89
34 85
34 45
35 36
35 37
35 38
35 39
35 40
35 41
35 42
35 46
35 50
35 52
35 60
35 62
35 63
35 66
35 68
35 71
35 74
35 80
35 82
35 84
35 85
35 87
35 61
36 37
36 38
36 39
36 40
36 41
36 42
36 43
36 44
36 46
36 49
36 50
36 52
36 53
36 56
36 58
36 59
36 62
36 66
36 67
36 70
36 72
36 74
36 82
36 83
36 88
37 38
37 39
37 47
37 49
37 50
37 52
37 53
37 54
37 56
37 57
37 60
37 62
37 66
37 67
37 69
37 70
37 71
37 72
37 74
37 75
37 77
37 80
37 81
37 82
37 83
37 85
37 86
38 39
38 40
38 41
38 42
38 43
38 44
38 46
38 48
38 49
38 50
38 59
38 60
38 69
38 70
38 72
38 77
38 83
38 84
38 85
38 86
38 88
38 89
38 68
39 40
39 41
39 45
39 46
39 47
39 48
39 49
39 52
39 53
39 59
39 60
39 61
39 65
39 66
39 67
39 74
39 77
39 81
39 87
40 41
40 43
40 44
40 45
40 46
40 48
40 49
40 50
40 54
40 55
40 57
40 58
40 62
40 63
40 68
40 73
40 76
40 80
40 85
40 86
41 46
41 48
41 52
41 53
41 54
41 58
41 62
41 63
41 64
41 66
41 67
41 74
41 75
41 79
41 86
41 88
42 44
42 46
42 50
42 53
42 70
42 73
42 81
42 86
42 87
43 45
43 47
43 50
43 51
43 53
43 54
43 56
43 58
43 59
43 60
43 61
43 62
43 63
43 66
43 68
43 69
43 74
43 78
43 82
43 85
43 86
43 88
43 89
44 47
44 49
44 51
44 57
44 61
44 68
44 71
44 72
44 75
44 79
44 80
44 73
45 47
45 48
45 51
45 52
45 54
45 56
45 57
45 59
45 63
45 64
45 67
45 68
45 69
45 77
45 84
45 89
46 48
46 51
46 57
46 60
46 62
46 63
46 73
46 75
46 77
46 80
46 83
46 84
46 85
46 88
47 52
47 56
47 77
47 80
47 82
47 83
47 84
47 86
47 87
48 49
48 50
48 52
48 57
48 61
48 67
48 68
48 76
48 79
48 81
49 52
49 53
49 56
49 57
49 61
49 62
49 64
49 65
49 68
49 69
49 72
49 73
49 74
49 80
49 82
49 88
49 89
50 51
50 52
50 53
50 55
50 60
50 61
50 65
50 67
50 71
50 76
50 79
50 80
50 81
50 85
50 86
50 83
51 52
51 55
51 56
51 57
51 58
51 60
51 64
51 65
51 73
51 75
51 76
51 79
51 82
51 83
51 88
52 55
52 67
52 69
52 70
52 76
52 78
52 80
52 75
53 54
53 57
53 60
53 62
53 72
53 73
53 76
53 77
53 78
53 79
53 81
53 82
53 85
53 89
54 55
54 59
54 63
54 68
54 72
54 74
54 75
54 76
54 78
54 79
54 85
54 80
55 57
55 58
55 60
55 64
55 66
55 67
55 68
55 69
55 70
55 74
55 87
55 89
55 75
56 57
56 59
56 60
56 69
56 71
56 73
56 75
56 83
56 87
57 59
57 60
57 61
57 63
57 69
57 80
57 88
58 62
58 67
58 75
58 77
58 83
58 88
58 66
58 64
59 64
59 66
59 74
59 63
60 65
60 73
60 75
60 81
60 87
61 70
61 76
61 83
62 65
62 66
62 78
62 82
62 84
62 85
64 66
64 67
64 68
64 70
64 72
64 73
64 77
64 78
64 81
65 69
65 72
65 84
66 67
66 72
66 80
67 71
67 85
67 86
68 71
68 74
68 81
68 83
68 89
69 70
69 71
69 73
69 76
69 77
70 72
70 73
70 74
70 76
70 79
70 81
70 84
70 87
70 89
71 78
71 82
72 83
73 77
73 78
73 89
74 77
74 79
74 84
74 85
74 86
75 77
76 77
76 78
76 79
76 82
76 87
77 80
77 83
78 79
79 86
79 87
80 82
82 84
82 87
83 84
86 88
87 89
88 89