984922462
36
90
1959
0 36
0 37
0 38
0 39
0 40
0 41
0 43
0 45
0 47
0 48
0 49
0 50
0 51
0 52
0 53
0 55
0 56
0 58
0 59
0 60
0 62
0 63
0 66
0 68
0 74
0 75
0 77
0 79
0 82
0 86
0 88
0 89
0 87
0 19
1 36
1 37
1 38
1 39
1 40
1 42
1 43
1 44
1 45
1 46
1 47
1 48
1 49
1 54
1 55
1 57
1 58
1 60
1 61
1 63
1 64
1 66
1 67
1 69
1 74
1 77
1 87
1 75
2 36
2 37
2 38
2 39
2 40
2 41
2 42
2 43
2 44
2 45
2 46
2 48
2 50
2 51
2 52
2 53
2 54
2 56
2 57
2 58
2 59
2 60
2 61
2 62
2 63
2 65
2 72
2 74
2 77
2 81
3 36
3 37
3 38
3 39
3 41
3 42
3 43
3 44
3 45
3 49
3 50
3 51
3 52
3 53
3 54
3 55
3 57
3 59
3 60
3 62
3 67
3 75
3 79
3 81
3 21
3 20
4 36
4 37
4 38
4 40
4 41
4 42
4 43
4 44
4 46
4 47
4 49
4 51
4 53
4 54
4 55
4 56
4 58
4 61
4 62
4 63
4 64
4 66
4 69
4 72
4 73
4 74
4 78
4 79
4 81
4 82
4 83
4 84
4 85
4 87
5 36
5 37
5 38
5 39
5 41
5 42
5 44
5 47
5 48
5 49
5 50
5 51
5 52
5 54
5 55
5 62
5 65
5 66
5 70
5 74
5 77
5 84
5 87
5 43
6 36
6 37
6 38
6 39
6 40
6 41
6 43
6 44
6 45
6 46
6 47
6 48
6 49
6 53
6 54
6 55
6 56
6 58
6 59
6 60
6 61
6 63
6 65
6 66
6 67
6 68
6 70
6 73
6 74
6 75
6 76
6 78
6 79
6 83
6 85
6 88
6 89
7 36
7 37
7 38
7 39
7 40
7 41
7 42
7 43
7 44
7 45
7 46
7 47
7 48
7 50
7 52
7 54
7 55
7 56
7 59
7 60
7 63
7 65
7 67
7 70
7 72
7 75
7 81
7 84
8 36
8 37
8 38
8 39
8 40
8 41
8 42
8 43
8 44
8 45
8 46
8 47
8 48
8 51
8 52
8 55
8 59
8 62
8 68
8 70
8 71
8 74
8 76
8 78
8 79
8 80
8 85
9 36
9 37
9 38
9 39
9 40
9 41
9 42
9 43
9 44
9 46
9 47
9 48
9 49
9 50
9 51
9 52
9 54
9 55
9 56
9 59
9 61
9 66
9 68
9 70
9 71
9 72
9 76
9 79
9 81
9 85
9 87
9 28
10 36
10 37
10 38
10 39
10 40
10 41
10 42
10 43
10 44
10 45
10 47
10 49
10 50
10 51
10 52
10 55
10 56
10 58
10 60
10 62
10 65
10 69
10 72
10 73
10 75
10 78
10 82
10 85
10 87
11 36
11 37
11 38
11 39
11 40
11 41
11 42
11 43
11 44
11 45
11 46
11 47
11 48
11 49
11 50
11 51
11 52
11 54
11 55
11 56
11 57
11 59
11 60
11 61
11 63
11 65
11 67
11 68
11 69
11 74
11 78
11 80
11 82
11 83
11 87
11 88
12 36
12 37
12 38
12 39
12 40
12 42
12 43
12 45
12 46
12 47
12 49
12 50
12 51
12 53
12 56
12 57
12 59
12 60
12 61
12 63
12 66
12 67
12 68
12 77
12 85
12 86
12 88
12 89
13 36
13 37
13 39
13 40
13 41
13 42
13 43
13 44
13 45
13 46
13 47
13 48
13 50
13 51
13 52
13 53
13 54
13 55
13 56
13 59
13 61
13 62
13 64
13 65
13 68
13 73
13 74
13 76
13 77
13 78
13 79
13 84
13 87
13 88
14 36
14 38
14 39
14 40
14 41
14 42
14 43
14 45
14 50
14 52
14 53
14 54
14 57
14 58
14 60
14 61
14 64
14 67
14 68
14 74
14 75
14 79
15 36
15 37
15 38
15 39
15 40
15 41
15 44
15 45
15 46
15 50
15 52
15 53
15 54
15 55
15 59
15 60
15 64
15 70
15 72
15 74
15 77
15 80
15 88
16 36
16 37
16 38
16 39
16 40
16 42
16 43
16 44
16 45
16 48
16 49
16 53
16 55
16 57
16 66
16 67
16 70
16 72
16 75
16 77
16 79
16 84
16 85
16 89
17 36
17 37
17 38
17 39
17 40
17 41
17 42
17 43
17 46
17 47
17 48
17 49
17 50
17 51
17 52
17 53
17 56
17 60
17 62
17 65
17 67
17 73
17 75
17 77
17 80
17 81
17 84
17 86
17 89
18 36
18 37
18 38
18 39
18 40
18 41
18 42
18 43
18 44
18 45
18 46
18 47
18 48
18 50
18 51
18 53
18 56
18 57
18 58
18 59
18 61
18 62
18 63
18 64
18 66
18 68
18 69
18 70
18 71
18 72
18 73
18 75
18 79
19 36
19 37
19 38
19 40
19 41
19 42
19 43
19 44
19 45
19 47
19 48
19 49
19 51
19 53
19 57
19 61
19 62
19 64
19 66
19 69
19 74
19 78
19 81
19 89
20 36
20 37
20 38
20 39
20 40
20 41
20 42
20 43
20 44
20 45
20 46
20 47
20 48
20 49
20 50
20 51
20 52
20 54
20 57
20 60
20 62
20 64
20 67
20 73
20 74
20 75
20 77
20 80
20 82
20 83
20 88
21 36
21 37
21 38
21 39
21 40
21 41
21 42
21 44
21 46
21 47
21 48
21 50
21 58
21 61
21 62
21 63
21 70
21 75
21 76
21 77
21 80
21 85
22 36
22 37
22 39
22 40
22 41
22 42
22 43
22 45
22 48
22 49
22 50
22 51
22 53
22 55
22 57
22 68
22 70
22 79
22 83
22 84
23 36
23 37
23 38
23 39
23 40
23 41
23 45
23 46
23 48
23 54
23 55
23 59
23 62
23 65
23 66
23 67
23 71
23 82
24 36
24 37
24 38
24 40
24 41
24 42
24 44
24 45
24 46
24 47
24 48
24 49
24 50
24 53
24 55
24 56
24 57
24 58
24 60
24 62
24 63
24 65
24 73
24 74
24 76
24 77
24 80
24 81
24 85
24 88
25 36
25 37
25 38
25 39
25 40
25 42
25 43
25 44
25 45
25 46
25 47
25 52
25 53
25 54
25 55
25 57
25 65
25 66
25 67
25 70
25 72
25 78
25 85
25 89
26 36
26 37
26 38
26 39
26 40
26 41
26 42
26 43
26 47
26 48
26 52
26 60
26 61
26 63
26 67
26 69
26 72
26 74
26 77
26 78
26 80
26 83
26 85
26 89
27 36
27 37
27 38
27 39
27 40
27 41
27 43
27 44
27 46
27 47
27 48
27 49
27 52
27 53
27 56
27 57
27 58
27 59
27 61
27 62
27 64
27 66
27 70
27 71
27 73
27 75
27 77
27 85
27 86
27 87
27 88
27 67
28 36
28 37
28 38
28 39
28 40
28 41
28 42
28 43
28 44
28 46
28 47
28 49
28 50
28 53
28 54
28 58
28 60
28 66
28 71
28 74
28 80
28 81
28 82
28 83
28 84
28 89
29 36
29 37
29 38
29 39
29 40
29 41
29 44
29 45
29 46
29 51
29 59
29 63
29 71
29 72
29 78
29 88
30 36
30 37
30 38
30 39
30 40
30 41
30 42
30 43
30 44
30 45
30 46
30 47
30 49
30 51
30 52
30 53
30 54
30 56
30 58
30 59
30 61
30 62
30 69
30 73
30 75
30 76
30 80
30 86
30 87
30 88
31 36
31 37
31 38
31 39
31 42
31 43
31 44
31 45
31 46
31 49
31 50
31 51
31 54
31 58
31 60
31 61
31 63
31 66
31 78
31 80
31 83
31 84
31 86
31 88
31 89
32 36
32 37
32 38
32 39
32 40
32 41
32 42
32 43
32 45
32 46
32 47
32 48
32 50
32 51
32 52
32 53
32 54
32 55
32 56
32 58
32 59
32 60
32 61
32 62
32 64
32 66
32 68
32 69
32 71
32 72
32 77
32 84
32 85
33 36
33 37
33 38
33 39
33 41
33 42
33 43
33 44
33 46
33 47
33 48
33 49
33 52
33 53
33 55
33 56
33 57
33 58
33 59
33 73
33 76
33 81
33 82
33 84
34 36
34 37
34 38
34 39
34 40
34 41
34 42
34 43
34 44
34 45
34 48
34 49
34 51
34 55
34 56
34 57
34 58
34 60
34 62
34 65
34 67
34 68
34 71
34 75
34 77
34 79
34 81
34 84
34 85
34 87
34 89
34 54
35 36
35 37
35 38
35 39
35 40
35 41
35 42
35 44
35 45
35 46
35 49
35 50
35 52
35 54
35 57
35 70
35 73
35 76
35 80
35 82
35 83
35 84
36 37
36 38
36 39
36 40
36 41
36 42
36 43
36 44
36 45
36 46
36 47
36 48
36 49
36 50
36 51
36 52
36 53
36 54
36 55
36 56
36 58
36 59
36 60
36 61
36 62
36 65
36 67
36 69
36 72
36 73
36 77
36 78
36 79
36 82
36 83
36 86
36 88
36 89
37 38
37 39
37 40
37 41
37 42
37 43
37 44
37 45
37 46
37 47
37 48
37 49
37 50
37 51
37 52
37 53
37 54
37 55
37 56
37 57
37 58
37 59
37 60
37 62
37 63
37 64
37 65
37 66
37 67
37 68
37 69
37 71
37 72
37 73
37 76
37 77
37 78
37 79
37 80
37 84
37 85
37 86
37 87
37 88
37 89
38 39
38 40
38 41
38 42
38 43
38 44
38 45
38 46
38 47
38 48
38 49
38 50
38 51
38 52
38 53
38 54
38 56
38 57
38 58
38 59
38 60
38 61
38 62
38 63
38 64
38 66
38 67
38 68
38 69
38 70
38 71
38 72
38 73
38 76
38 77
38 79
38 80
38 83
38 85
38 87
38 88
39 40
39 41
39 42
39 43
39 44
39 45
39 46
39 47
39 48
39 49
39 50
39 51
39 52
39 53
39 54
39 55
39 56
39 58
39 59
39 60
39 63
39 64
39 65
39 66
39 68
39 69
39 70
39 71
39 72
39 73
39 74
39 75
39 79
39 80
39 83
39 84
39 86
39 87
39 88
39 89
39 85
40 41
40 42
40 43
40 44
40 45
40 46
40 47
40 48
40 49
40 50
40 51
40 52
40 53
40 54
40 55
40 56
40 57
40 58
40 59
40 60
40 61
40 62
40 63
40 64
40 65
40 66
40 67
40 68
40 70
40 71
40 72
40 73
40 76
40 78
40 80
40 81
40 83
40 84
40 86
40 87
40 88
40 89
40 82
41 42
41 43
41 44
41 45
41 46
41 47
41 48
41 49
41 50
41 51
41 52
41 53
41 54
41 55
41 56
41 57
41 58
41 60
41 61
41 63
41 64
41 65
41 67
41 68
41 69
41 71
41 72
41 73
41 75
41 78
41 79
41 80
41 81
41 86
41 87
41 88
41 89
42 43
42 44
42 45
42 46
42 47
42 48
42 49
42 50
42 51
42 52
42 53
42 54
42 55
42 56
42 57
42 58
42 59
42 60
42 61
42 64
42 65
42 66
42 68
42 70
42 71
42 72
42 73
42 74
42 75
42 77
42 78
42 79
42 83
42 84
42 85
42 88
42 89
43 44
43 45
43 46
43 47
43 48
43 49
43 50
43 51
43 52
43 53
43 54
43 55
43 56
43 57
43 58
43 59
43 60
43 63
43 64
43 65
43 66
43 68
43 70
43 71
43 74
43 75
43 76
43 78
43 79
43 81
43 82
43 87
44 45
44 46
44 47
44 48
44 49
44 50
44 51
44 52
44 53
44 54
44 55
44 56
44 57
44 58
44 62
44 63
44 64
44 66
44 67
44 68
44 69
44 70
44 71
44 72
44 73
44 74
44 75
44 76
44 77
44 78
44 79
44 80
44 82
44 83
44 84
44 85
44 87
45 46
45 47
45 48
45 49
45 50
45 51
45 52
45 54
45 55
45 57
45 58
45 59
45 61
45 62
45 63
45 64
45 65
45 66
45 67
45 68
45 69
45 70
45 71
45 73
45 75
45 78
45 79
45 80
45 81
45 89
46 47
46 48
46 49
46 50
46 51
46 52
46 53
46 55
46 56
46 57
46 58
46 60
46 61
46 62
46 63
46 64
46 66
46 67
46 69
46 70
46 71
46 73
46 76
46 78
46 81
46 82
46 83
46 85
46 86
46 89
47 48
47 49
47 50
47 51
47 52
47 53
47 54
47 56
47 57
47 58
47 59
47 62
47 63
47 64
47 65
47 67
47 68
47 69
47 70
47 72
47 74
47 76
47 81
47 82
47 84
47 85
47 88
47 89
47 60
48 49
48 50
48 51
48 52
48 54
48 56
48 57
48 58
48 59
48 60
48 61
48 62
48 63
48 64
48 66
48 67
48 68
48 69
48 70
48 71
48 72
48 74
48 75
48 77
48 79
48 80
48 81
48 84
48 86
48 89
49 50
49 51
49 53
49 54
49 57
49 59
49 60
49 61
49 63
49 64
49 65
49 66
49 67
49 68
49 69
49 70
49 72
49 74
49 75
49 77
49 78
49 82
49 83
50 51
50 52
50 53
50 54
50 55
50 56
50 57
50 58
50 59
50 60
50 61
50 64
50 65
50 66
50 68
50 69
50 71
50 73
50 76
50 77
50 79
50 80
50 82
50 86
50 87
51 52
51 53
51 54
51 55
51 56
51 57
51 59
51 60
51 61
51 62
51 64
51 65
51 66
51 67
51 69
51 70
51 71
51 72
51 73
51 75
51 76
51 77
51 78
51 80
51 81
51 82
51 83
51 84
51 85
51 86
51 88
52 53
52 54
52 55
52 56
52 57
52 58
52 60
52 61
52 62
52 63
52 64
52 65
52 66
52 67
52 69
52 70
52 71
52 72
52 73
52 74
52 76
52 78
52 81
52 82
52 86
52 87
52 88
52 89
53 55
53 56
53 57
53 58
53 61
53 62
53 63
53 64
53 65
53 66
53 68
53 69
53 71
53 73
53 75
53 76
53 77
53 79
53 82
53 83
53 84
53 85
53 86
53 87
53 88
54 55
54 56
54 57
54 58
54 59
54 60
54 61
54 64
54 65
54 67
54 68
54 69
54 71
54 72
54 74
54 76
54 78
54 80
54 82
54 83
54 86
54 87
54 89
55 56
55 57
55 58
55 59
55 60
55 61
55 62
55 63
55 64
55 69
55 70
55 72
55 73
55 74
55 75
55 76
55 77
55 79
55 80
55 81
55 82
55 83
55 86
55 87
55 89
56 57
56 59
56 61
56 62
56 63
56 64
56 65
56 66
56 67
56 68
56 69
56 70
56 71
56 72
56 73
56 74
56 75
56 78
56 79
56 81
56 82
56 83
56 86
56 88
56 89
56 56
57 58
57 59
57 61
57 63
57 64
57 65
57 66
57 68
57 69
57 70
57 71
57 76
57 77
57 78
57 80
57 81
57 86
57 88
58 59
58 61
58 62
58 63
58 64
58 65
58 66
58 67
58 68
58 69
58 70
58 71
58 74
58 75
58 79
58 82
58 83
58 87
58 88
58 89
59 60
59 61
59 63
59 64
59 65
59 67
59 68
59 73
59 74
59 75
59 78
59 79
59 82
59 84
59 89
59 59
60 62
60 63
60 64
60 65
60 67
60 68
60 69
60 71
60 73
60 74
60 75
60 77
60 80
60 82
60 84
60 85
60 87
60 89
61 62
61 63
61 64
61 65
61 67
61 69
61 70
61 71
61 72
61 73
61 74
61 76
61 79
61 80
61 83
61 84
61 85
61 86
61 88
62 63
62 64
62 65
62 66
62 67
62 68
62 69
62 70
62 71
62 74
62 76
62 77
62 79
62 80
62 81
62 82
62 83
62 86
63 65
63 67
63 68
63 69
63 71
63 72
63 73
63 75
63 76
63 79
63 82
63 86
64 65
64 69
64 71
64 72
64 73
64 74
64 76
64 79
64 81
64 83
64 84
64 85
64 86
64 87
65 66
65 67
65 70
65 71
65 72
65 73
65 75
65 76
65 78
65 81
65 82
65 85
65 86
65 87
65 88
66 68
66 69
66 70
66 71
66 72
66 74
66 75
66 77
66 78
66 79
66 80
66 82
66 83
66 85
66 86
66 87
66 88
66 89
67 68
67 69
67 74
67 75
67 76
67 77
67 79
67 80
67 81
67 82
67 83
67 84
67 88
67 89
68 70
68 72
68 76
68 78
68 81
68 84
68 85
68 87
69 70
69 75
69 76
69 77
69 80
69 81
69 84
69 86
69 87
70 71
70 72
70 73
70 74
70 77
70 78
70 79
70 83
70 84
70 88
71 72
71 75
71 76
71 77
71 80
71 81
71 83
71 85
71 86
71 87
71 89
72 73
72 75
72 76
72 78
72 79
72 81
72 83
72 85
72 87
72 72
73 76
73 78
73 80
73 83
73 85
74 76
74 78
74 80
74 81
74 82
74 84
74 85
74 86
75 76
75 77
75 78
75 80
75 81
75 82
75 88
76 78
76 81
76 82
76 84
76 85
76 86
76 88
77 82
77 84
77 89
78 80
78 81
78 83
78 84
78 87
78 88
79 82
79 83
79 84
79 86
79 87
80 81
80 82
80 83
80 85
80 86
80 89
81 83
81 84
81 85
81 88
82 86
82 89
83 85
83 86
83 87
83 88
83 89
84 87
85 86
85 87
88 89