459297050
13
90
1024
0 13
0 14
0 16
0 17
0 20
0 22
0 23
0 27
0 28
0 30
0 42
0 53
0 75
0 79
0 85
0 76
1 13
1 14
1 15
1 16
1 17
1 18
1 20
1 21
1 24
1 29
1 31
1 37
1 40
1 43
1 48
1 55
1 56
1 59
1 62
1 64
1 66
1 69
1 70
1 74
1 78
1 79
1 86
1 63
1 52
2 13
2 14
2 15
2 16
2 17
2 20
2 22
2 25
2 30
2 31
2 33
2 41
2 54
2 55
2 65
2 79
3 13
3 14
3 15
3 16
3 18
3 19
3 20
3 22
3 26
3 27
3 28
3 32
3 34
3 37
3 38
3 40
3 41
3 43
3 44
3 49
3 50
3 52
3 57
3 64
3 65
3 69
3 72
3 76
3 77
3 80
3 82
3 83
3 84
3 85
3 89
4 13
4 15
4 16
4 17
4 18
4 19
4 20
4 21
4 22
4 24
4 27
4 28
4 29
4 30
4 33
4 35
4 43
4 44
4 51
4 52
4 54
4 58
4 61
4 71
4 80
4 87
4 89
5 13
5 14
5 15
5 17
5 24
5 33
5 37
5 41
5 61
5 81
5 83
6 13
6 14
6 15
6 16
6 17
6 18
6 19
6 20
6 21
6 27
6 33
6 34
6 35
6 36
6 41
6 51
6 52
6 60
6 63
6 67
6 68
6 80
6 86
6 53
7 13
7 14
7 16
7 17
7 18
7 19
7 21
7 23
7 24
7 28
7 33
7 42
7 61
7 66
7 67
7 69
7 73
7 80
8 13
8 14
8 15
8 16
8 17
8 19
8 20
8 31
8 32
8 33
8 38
8 39
8 48
8 49
8 50
8 52
8 54
8 56
8 64
8 76
8 80
8 83
8 84
9 13
9 14
9 15
9 16
9 18
9 23
9 25
9 26
9 32
9 35
9 47
9 51
9 55
9 60
9 65
9 70
9 73
9 41
9 27
10 13
10 14
10 15
10 17
10 19
10 21
10 37
10 40
10 46
10 51
10 58
10 71
10 87
10 12
11 13
11 14
11 15
11 18
11 19
11 25
11 32
11 35
11 36
11 40
11 55
11 56
11 63
11 69
11 74
11 75
11 81
11 88
12 13
12 14
12 15
12 16
12 18
12 19
12 21
12 23
12 25
12 26
12 29
12 30
12 32
12 36
12 43
12 50
12 52
12 56
12 75
12 81
13 14
13 15
13 16
13 17
13 18
13 19
13 20
13 21
13 22
13 23
13 24
13 25
13 26
13 27
13 28
13 29
13 31
13 38
13 39
13 47
13 52
13 54
13 64
13 66
13 67
13 68
13 74
13 80
13 82
13 84
14 15
14 16
14 17
14 18
14 19
14 20
14 21
14 22
14 23
14 24
14 25
14 26
14 27
14 28
14 29
14 30
14 31
14 32
14 34
14 35
14 37
14 38
14 40
14 41
14 42
14 45
14 53
14 54
14 56
14 57
14 58
14 61
14 62
14 63
14 69
14 70
14 72
14 73
14 75
14 79
14 81
14 83
14 85
15 16
15 17
15 18
15 19
15 20
15 21
15 22
15 23
15 24
15 25
15 26
15 28
15 30
15 31
15 36
15 38
15 39
15 41
15 42
15 43
15 45
15 46
15 52
15 54
15 55
15 56
15 60
15 63
15 66
15 67
15 70
15 72
15 76
15 77
15 83
15 88
16 17
16 18
16 20
16 21
16 22
16 24
16 26
16 27
16 28
16 29
16 30
16 31
16 32
16 33
16 35
16 36
16 37
16 42
16 44
16 47
16 48
16 49
16 51
16 52
16 57
16 59
16 60
16 63
16 76
16 84
16 87
16 89
17 18
17 19
17 20
17 21
17 22
17 23
17 24
17 25
17 27
17 29
17 30
17 31
17 33
17 34
17 35
17 36
17 38
17 42
17 45
17 47
17 49
17 51
17 53
17 58
17 61
17 63
17 72
17 79
17 80
17 84
17 88
18 19
18 21
18 22
18 23
18 24
18 25
18 28
18 30
18 31
18 32
18 34
18 35
18 36
18 38
18 39
18 43
18 45
18 51
18 53
18 55
18 57
18 60
18 63
18 65
18 66
18 67
18 71
18 72
18 74
18 76
18 77
18 79
18 81
18 82
19 20
19 21
19 22
19 23
19 25
19 26
19 29
19 30
19 31
19 34
19 38
19 39
19 41
19 46
19 59
19 60
19 61
19 73
19 77
19 88
20 22
20 23
20 24
20 27
20 29
20 33
20 35
20 37
20 38
20 41
20 42
20 43
20 44
20 45
20 46
20 49
20 51
20 53
20 54
20 57
20 67
20 73
20 76
20 78
20 79
20 84
20 86
20 87
20 31
21 22
21 23
21 24
21 26
21 29
21 31
21 32
21 34
21 36
21 40
21 42
21 44
21 45
21 47
21 48
21 58
21 59
21 64
21 68
21 73
21 82
21 83
21 84
22 23
22 24
22 25
22 26
22 27
22 28
22 36
22 37
22 40
22 42
22 46
22 50
22 51
22 59
22 65
22 68
22 77
22 78
22 81
23 25
23 26
23 27
23 31
23 32
23 33
23 38
23 39
23 42
23 45
23 47
23 48
23 50
23 53
23 54
23 56
23 64
23 67
23 69
23 70
23 73
23 74
23 75
23 78
23 85
24 25
24 26
24 27
24 28
24 30
24 32
24 33
24 40
24 42
24 46
24 49
24 54
24 55
24 56
24 57
24 65
24 66
24 69
24 74
24 79
24 81
24 86
24 88
24 37
25 26
25 28
25 29
25 32
25 34
25 35
25 36
25 40
25 44
25 47
25 54
25 56
25 63
25 64
25 68
25 70
25 71
25 72
25 73
25 78
25 81
25 82
25 86
25 87
25 88
25 89
25 41
25 67
26 27
26 29
26 30
26 33
26 34
26 37
26 39
26 40
26 41
26 42
26 44
26 45
26 49
26 50
26 51
26 52
26 57
26 61
26 66
26 71
26 74
26 88
27 28
27 34
27 39
27 43
27 44
27 45
27 48
27 49
27 57
27 63
27 73
27 75
27 77
27 79
27 86
27 89
27 54
28 29
28 30
28 34
28 39
28 46
28 50
28 53
28 62
28 64
28 66
28 67
28 75
28 77
28 74
28 55
29 36
29 37
29 39
29 42
29 44
29 48
29 54
29 55
29 56
29 76
29 81
29 82
29 84
30 31
30 32
30 34
30 35
30 37
30 38
30 41
30 43
30 51
30 52
30 53
30 58
30 59
30 62
30 68
30 79
31 34
31 36
31 37
31 39
31 41
31 43
31 46
31 47
31 48
31 50
31 57
31 58
31 61
31 66
31 68
31 78
31 83
31 86
32 33
32 35
32 37
32 38
32 39
32 40
32 44
32 45
32 49
32 55
32 57
32 62
32 65
32 77
32 85
33 35
33 36
33 38
33 40
33 46
33 49
33 57
33 60
33 61
33 62
33 71
33 72
33 78
33 80
33 83
33 85
33 86
34 50
34 51
34 52
34 61
34 63
34 69
34 71
34 43
35 43
35 44
35 45
35 47
35 50
35 54
35 56
35 67
35 71
35 72
35 86
35 89
36 41
36 46
36 48
36 53
36 54
36 76
36 59
37 48
37 61
37 70
37 72
37 74
37 75
37 58
38 39
38 41
38 47
38 48
38 53
38 57
38 69
38 77
38 89
39 40
39 43
39 45
39 47
39 48
39 52
39 53
39 55
39 59
39 69
39 73
39 74
39 80
40 45
40 47
40 49
40 58
40 59
40 66
40 68
40 75
40 83
41 43
41 44
41 50
41 58
41 59
41 75
41 85
41 86
42 53
42 62
42 84
42 89
42 77
43 44
43 46
43 47
43 48
43 49
43 50
43 52
43 55
43 58
43 60
43 61
43 64
43 69
43 74
43 75
43 82
44 46
44 50
44 62
44 68
44 70
44 76
44 83
44 84
45 46
45 62
45 69
45 72
45 85
46 58
46 74
46 83
46 87
46 75
47 56
47 62
47 68
47 71
47 73
47 87
48 49
48 59
48 61
48 64
48 65
48 71
48 74
48 82
48 85
48 51
49 51
49 58
49 60
49 68
49 75
49 53
50 53
50 60
50 63
50 70
50 88
51 59
51 60
51 63
51 66
51 81
51 82
52 59
52 71
52 72
52 73
52 89
53 55
53 62
53 66
53 67
53 69
53 70
53 85
54 55
54 56
54 64
54 68
54 72
54 76
54 78
54 79
55 58
55 59
55 60
55 62
55 88
55 72
56 57
56 64
56 65
56 67
56 68
56 70
56 72
56 77
56 80
56 81
56 85
56 87
57 63
57 84
58 64
58 65
58 70
58 74
58 80
58 88
59 60
59 71
59 77
59 82
60 62
60 65
60 66
60 73
60 76
60 81
60 85
60 88
61 65
61 67
61 75
61 76
62 65
62 67
62 82
63 85
63 88
64 71
64 77
64 78
64 81
64 88
65 80
65 82
65 84
66 78
66 89
67 78
67 86
68 70
68 79
69 87
70 77
70 79
70 87
71 83
72 83
72 89
73 78
73 87
73 89
74 76
76 78
76 84
76 89
78 80
78 82
79 85
82 86
83 86
84 87
86 87