519639717
19
90
1358
0 19
0 20
0 21
0 22
0 23
0 25
0 27
0 29
0 30
0 49
0 53
0 54
0 57
0 61
0 64
0 73
0 83
0 87
1 19
1 20
1 21
1 22
1 24
1 27
1 29
1 30
1 31
1 33
1 38
1 44
1 46
1 48
1 56
1 59
1 73
2 19
2 20
2 21
2 22
2 23
2 24
2 25
2 29
2 32
2 34
2 35
2 37
2 38
2 40
2 41
2 42
2 43
2 45
2 46
2 54
2 61
2 62
2 72
2 73
2 75
2 80
2 82
2 84
2 86
3 19
3 20
3 21
3 24
3 25
3 26
3 28
3 29
3 30
3 31
3 33
3 34
3 35
3 36
3 38
3 40
3 41
3 43
3 44
3 46
3 47
3 48
3 52
3 55
3 56
3 57
3 60
3 61
3 63
3 64
3 65
3 71
3 74
3 76
3 77
3 78
3 79
3 80
3 84
3 86
3 87
4 19
4 20
4 21
4 22
4 23
4 24
4 26
4 27
4 28
4 29
4 30
4 36
4 37
4 39
4 41
4 43
4 45
4 53
4 56
4 59
4 63
4 71
4 72
4 73
4 74
4 78
4 83
4 84
4 85
4 88
5 19
5 20
5 21
5 22
5 24
5 25
5 26
5 27
5 28
5 29
5 30
5 31
5 32
5 34
5 35
5 37
5 38
5 39
5 40
5 41
5 42
5 48
5 49
5 57
5 64
5 65
5 71
5 73
5 82
5 84
5 85
5 88
5 89
5 44
6 19
6 20
6 21
6 22
6 23
6 24
6 25
6 26
6 27
6 28
6 29
6 30
6 31
6 32
6 33
6 35
6 37
6 39
6 41
6 44
6 46
6 49
6 50
6 53
6 55
6 57
6 58
6 60
6 61
6 63
6 64
6 69
6 70
6 73
6 75
6 78
6 83
7 19
7 20
7 21
7 22
7 23
7 24
7 27
7 30
7 32
7 34
7 36
7 37
7 38
7 40
7 43
7 51
7 53
7 54
7 61
7 69
7 75
7 80
7 86
7 87
7 89
8 19
8 20
8 21
8 22
8 23
8 24
8 25
8 26
8 28
8 30
8 31
8 32
8 33
8 35
8 39
8 40
8 43
8 44
8 45
8 46
8 49
8 52
8 53
8 58
8 59
8 68
8 75
8 77
8 84
8 85
9 19
9 20
9 21
9 22
9 23
9 24
9 25
9 26
9 27
9 28
9 31
9 32
9 33
9 35
9 36
9 38
9 41
9 43
9 45
9 46
9 47
9 48
9 50
9 51
9 54
9 57
9 59
9 60
9 65
9 66
9 81
9 82
9 83
9 84
10 19
10 20
10 21
10 22
10 26
10 27
10 39
10 44
10 58
10 78
10 84
11 19
11 20
11 21
11 22
11 23
11 24
11 25
11 26
11 27
11 28
11 29
11 30
11 32
11 36
11 38
11 40
11 41
11 45
11 50
11 51
11 53
11 54
11 55
11 63
11 78
11 83
11 86
12 19
12 20
12 22
12 23
12 24
12 26
12 27
12 31
12 32
12 37
12 38
12 42
12 51
12 59
12 65
12 72
12 21
13 19
13 20
13 21
13 23
13 24
13 25
13 27
13 28
13 30
13 31
13 39
13 41
13 47
13 60
13 61
13 62
13 65
13 66
13 67
13 77
13 82
13 89
14 19
14 21
14 22
14 23
14 24
14 29
14 31
14 32
14 33
14 34
14 36
14 37
14 38
14 44
14 48
14 56
14 58
14 61
14 67
14 72
14 76
14 88
14 89
14 54
15 19
15 20
15 22
15 23
15 25
15 26
15 27
15 28
15 30
15 46
15 50
15 54
15 56
15 58
15 66
15 68
16 19
16 20
16 21
16 22
16 23
16 25
16 34
16 35
16 36
16 38
16 41
16 42
16 44
16 45
16 46
16 47
16 49
16 50
16 51
16 55
16 56
16 59
16 60
16 68
16 69
16 70
16 71
16 77
16 79
16 82
16 86
16 88
17 19
17 20
17 21
17 23
17 24
17 25
17 26
17 28
17 33
17 40
17 51
17 53
17 62
17 66
17 73
17 77
17 86
18 19
18 20
18 21
18 22
18 23
18 25
18 26
18 29
18 31
18 32
18 34
18 35
18 37
18 39
18 41
18 50
18 52
18 54
18 60
18 64
18 66
18 67
18 69
18 72
18 80
19 20
19 21
19 22
19 23
19 24
19 25
19 26
19 27
19 28
19 29
19 31
19 32
19 33
19 34
19 35
19 36
19 37
19 38
19 40
19 41
19 42
19 43
19 44
19 45
19 46
19 47
19 49
19 52
19 53
19 55
19 56
19 57
19 61
19 64
19 66
19 70
19 72
19 73
19 77
19 80
19 81
19 82
19 86
19 87
20 21
20 22
20 23
20 24
20 25
20 26
20 27
20 28
20 29
20 30
20 31
20 32
20 33
20 34
20 35
20 37
20 39
20 41
20 45
20 46
20 47
20 49
20 51
20 52
20 53
20 54
20 55
20 59
20 60
20 61
20 63
20 65
20 67
20 68
20 70
20 74
20 77
20 80
20 81
20 85
20 87
21 22
21 23
21 24
21 25
21 26
21 27
21 28
21 29
21 30
21 33
21 35
21 36
21 37
21 39
21 40
21 42
21 43
21 47
21 49
21 50
21 51
21 52
21 53
21 55
21 56
21 57
21 59
21 63
21 67
21 71
21 73
21 74
21 78
21 80
21 82
21 88
21 89
22 23
22 24
22 25
22 26
22 27
22 28
22 29
22 30
22 31
22 32
22 33
22 34
22 35
22 37
22 38
22 40
22 41
22 42
22 43
22 44
22 45
22 47
22 48
22 50
22 51
22 54
22 56
22 58
22 61
22 62
22 63
22 64
22 66
22 68
22 69
22 71
22 72
22 74
22 75
22 76
22 77
22 79
22 81
22 82
22 84
22 85
22 86
23 24
23 25
23 26
23 27
23 28
23 29
23 30
23 31
23 32
23 33
23 34
23 36
23 38
23 39
23 40
23 42
23 43
23 46
23 48
23 49
23 55
23 59
23 60
23 61
23 63
23 65
23 66
23 67
23 68
23 72
23 73
23 74
23 75
23 76
23 77
23 79
23 87
23 88
24 25
24 26
24 28
24 29
24 32
24 33
24 34
24 35
24 37
24 39
24 41
24 42
24 43
24 44
24 45
24 51
24 52
24 65
24 66
24 67
24 70
24 71
24 73
24 74
24 79
24 83
24 87
24 88
24 89
25 26
25 27
25 28
25 30
25 32
25 34
25 35
25 36
25 38
25 39
25 40
25 42
25 44
25 45
25 46
25 47
25 48
25 52
25 54
25 59
25 60
25 64
25 68
25 69
25 70
25 74
25 78
25 80
25 41
26 27
26 28
26 29
26 30
26 31
26 32
26 33
26 34
26 36
26 37
26 38
26 39
26 40
26 46
26 47
26 48
26 51
26 52
26 53
26 55
26 58
26 60
26 62
26 63
26 69
26 71
26 73
26 75
26 78
26 80
26 81
26 83
26 84
26 85
26 87
26 88
27 28
27 29
27 31
27 32
27 33
27 34
27 35
27 36
27 38
27 39
27 42
27 49
27 50
27 53
27 54
27 58
27 62
27 65
27 68
27 71
27 72
27 80
27 81
27 88
27 89
28 29
28 30
28 31
28 32
28 33
28 34
28 35
28 36
28 42
28 45
28 48
28 49
28 50
28 52
28 55
28 57
28 58
28 59
28 61
28 62
28 65
28 67
28 68
28 69
28 70
28 77
28 78
28 79
28 85
28 86
29 30
29 31
29 36
29 38
29 39
29 40
29 41
29 42
29 47
29 48
29 52
29 53
29 55
29 56
29 57
29 58
29 62
29 68
29 70
29 72
29 76
29 77
29 79
30 31
30 33
30 34
30 35
30 37
30 39
30 41
30 42
30 43
30 44
30 45
30 50
30 52
30 54
30 55
30 59
30 60
30 62
30 65
30 66
30 68
30 69
30 72
30 77
30 81
30 83
30 51
31 33
31 34
31 40
31 44
31 45
31 47
31 49
31 50
31 56
31 58
31 63
31 67
31 72
31 75
31 76
31 77
31 79
31 81
31 85
32 33
32 35
32 36
32 37
32 38
32 39
32 40
32 42
32 44
32 45
32 48
32 49
32 54
32 55
32 58
32 62
32 63
32 64
32 65
32 66
32 67
32 68
32 69
32 70
32 73
32 83
32 85
33 34
33 35
33 36
33 37
33 38
33 42
33 43
33 44
33 46
33 47
33 49
33 53
33 54
33 55
33 57
33 59
33 61
33 64
33 75
33 84
33 88
34 36
34 37
34 41
34 43
34 44
34 46
34 47
34 49
34 51
34 52
34 53
34 54
34 55
34 57
34 58
34 59
34 62
34 63
34 64
34 66
34 68
34 71
34 74
34 75
34 77
34 85
34 86
35 36
35 37
35 39
35 41
35 48
35 52
35 53
35 55
35 60
35 62
35 67
35 70
35 75
35 79
35 80
35 83
35 85
35 88
35 89
36 43
36 47
36 51
36 59
36 60
36 63
36 64
36 65
36 66
36 70
36 74
36 75
36 76
36 79
36 82
36 85
37 39
37 40
37 42
37 43
37 44
37 45
37 47
37 48
37 49
37 50
37 53
37 56
37 57
37 61
37 62
37 67
37 68
37 72
37 76
37 84
37 89
38 40
38 43
38 48
38 50
38 51
38 54
38 57
38 58
38 63
38 64
38 65
38 69
38 75
38 76
38 77
38 78
38 87
39 40
39 41
39 42
39 43
39 44
39 45
39 47
39 48
39 49
39 51
39 60
39 63
39 66
39 67
39 68
39 70
39 71
39 73
39 74
39 75
39 76
39 77
39 78
39 80
39 82
39 86
39 89
40 43
40 44
40 46
40 50
40 51
40 54
40 57
40 60
40 64
40 67
40 69
40 71
40 76
40 79
40 84
40 87
41 42
41 45
41 47
41 48
41 49
41 51
41 52
41 57
41 58
41 59
41 68
41 69
41 73
41 75
41 78
41 79
41 81
41 82
41 83
42 50
42 63
42 64
42 65
42 70
42 76
42 81
42 86
42 62
43 45
43 46
43 51
43 55
43 57
43 62
43 64
43 74
43 75
43 80
44 46
44 47
44 50
44 56
44 61
44 62
44 78
44 80
44 84
44 86
45 46
45 50
45 54
45 59
45 60
45 63
45 67
45 70
45 72
45 82
45 83
45 85
45 88
46 48
46 49
46 50
46 51
46 52
46 54
46 56
46 58
46 59
46 74
46 75
46 87
47 48
47 56
47 57
47 60
47 71
47 80
47 85
48 67
48 86
49 52
49 53
49 56
49 57
49 60
49 61
49 63
49 66
49 80
49 81
49 83
49 84
50 52
50 53
50 55
50 56
50 60
50 62
50 69
50 70
50 76
50 79
50 87
51 52
51 56
51 58
51 61
51 71
51 79
51 82
51 85
51 88
52 56
52 58
52 64
52 65
52 69
52 73
52 80
52 85
52 87
53 55
53 62
53 73
53 74
53 76
54 58
54 64
54 70
54 71
54 77
54 87
55 57
55 64
55 67
55 70
55 74
55 77
55 79
55 89
56 59
56 61
56 62
56 63
56 66
56 69
56 71
56 72
56 74
56 78
56 86
56 87
56 88
56 89
57 68
57 83
57 86
57 89
57 69
58 61
58 65
58 69
58 76
58 78
58 79
58 82
58 83
59 62
59 71
59 81
59 87
60 65
60 66
60 88
61 66
61 69
61 72
61 76
61 78
61 84
61 89
62 67
62 69
62 74
62 78
62 81
62 88
63 70
63 76
63 84
63 89
64 65
64 68
64 79
64 83
65 66
65 68
65 72
65 76
65 81
65 82
65 85
65 86
65 88
65 89
65 67
66 67
66 71
66 84
66 89
67 72
67 74
67 83
67 84
67 87
68 72
68 73
68 74
68 78
68 79
68 81
69 70
69 80
69 81
69 82
70 71
70 73
70 87
71 75
71 78
71 79
71 88
71 89
72 81
72 86
73 75
73 81
73 82
73 85
74 82
74 86
75 76
76 77
76 84
76 85
76 88
76 89
77 80
77 82
79 81
79 87
80 83
81 83
82 84