863624283
15
90
1158
0 15
0 16
0 17
0 18
0 20
0 24
0 26
0 27
0 29
0 30
0 36
0 48
0 51
0 54
0 57
0 58
0 59
0 62
0 64
0 72
0 77
0 32
1 15
1 16
1 19
1 20
1 22
1 24
1 26
1 30
1 32
1 38
1 41
1 54
1 56
1 57
1 59
1 60
1 62
1 79
1 25
2 15
2 16
2 17
2 19
2 20
2 21
2 23
2 27
2 31
2 33
2 34
2 35
2 40
2 42
2 43
2 45
2 63
2 65
2 71
2 72
2 85
3 15
3 18
3 19
3 21
3 34
3 35
3 40
3 42
3 55
3 62
3 69
3 70
3 71
3 76
3 67
4 15
4 16
4 17
4 18
4 19
4 20
4 21
4 22
4 23
4 26
4 27
4 29
4 30
4 31
4 32
4 40
4 46
4 52
4 53
4 55
4 56
4 67
4 68
4 69
4 79
4 84
5 15
5 16
5 17
5 19
5 20
5 21
5 22
5 23
5 25
5 26
5 32
5 43
5 46
5 49
5 59
5 63
5 67
5 72
5 81
5 84
5 35
6 15
6 16
6 17
6 18
6 19
6 22
6 25
6 27
6 28
6 29
6 31
6 33
6 35
6 36
6 38
6 43
6 45
6 56
6 61
6 70
6 71
6 79
6 80
6 62
7 15
7 16
7 17
7 18
7 21
7 24
7 31
7 50
7 52
7 72
7 67
8 15
8 16
8 17
8 18
8 19
8 20
8 21
8 23
8 24
8 25
8 26
8 29
8 30
8 33
8 34
8 35
8 36
8 38
8 42
8 44
8 45
8 50
8 58
8 60
8 61
8 66
8 69
8 74
8 78
8 86
9 15
9 16
9 17
9 18
9 20
9 22
9 25
9 28
9 37
9 51
9 52
9 58
9 61
9 70
9 72
9 89
10 15
10 16
10 17
10 18
10 20
10 21
10 22
10 25
10 27
10 28
10 29
10 32
10 33
10 37
10 40
10 44
10 45
10 47
10 54
10 56
10 60
10 71
10 75
10 86
10 31
11 15
11 16
11 17
11 18
11 19
11 20
11 21
11 22
11 23
11 24
11 25
11 28
11 31
11 32
11 33
11 42
11 46
11 48
11 50
11 51
11 62
11 64
11 70
11 71
11 78
11 79
11 82
11 87
11 88
11 12
11 53
11 66
12 15
12 16
12 17
12 18
12 19
12 23
12 24
12 28
12 30
12 33
12 37
12 38
12 39
12 43
12 46
12 47
12 51
12 52
12 53
12 56
12 59
12 61
12 68
12 74
12 84
12 86
12 49
13 15
13 16
13 17
13 18
13 19
13 23
13 24
13 25
13 28
13 39
13 41
13 56
13 65
13 67
13 79
13 84
14 15
14 16
14 17
14 18
14 19
14 20
14 21
14 22
14 23
14 24
14 25
14 28
14 30
14 34
14 36
14 37
14 38
14 39
14 40
14 41
14 45
14 47
14 49
14 51
14 56
14 58
14 60
14 64
14 69
14 76
14 77
14 78
14 79
14 81
14 82
15 16
15 17
15 18
15 19
15 20
15 21
15 22
15 23
15 24
15 25
15 26
15 27
15 29
15 30
15 32
15 34
15 35
15 36
15 37
15 38
15 41
15 42
15 45
15 50
15 51
15 53
15 56
15 57
15 59
15 68
15 71
15 73
15 76
15 77
15 80
15 81
15 83
15 86
15 31
16 17
16 18
16 19
16 20
16 21
16 22
16 23
16 25
16 26
16 27
16 28
16 29
16 33
16 34
16 37
16 38
16 39
16 43
16 44
16 45
16 46
16 47
16 48
16 49
16 51
16 52
16 54
16 55
16 58
16 60
16 62
16 63
16 67
16 76
16 81
16 82
16 83
16 86
16 42
16 77
17 18
17 19
17 20
17 21
17 22
17 23
17 25
17 27
17 30
17 31
17 32
17 33
17 34
17 39
17 40
17 42
17 43
17 44
17 45
17 50
17 62
17 63
17 64
17 65
17 66
17 69
17 70
17 78
17 80
17 85
17 88
18 19
18 20
18 21
18 22
18 23
18 24
18 26
18 27
18 28
18 29
18 30
18 31
18 33
18 34
18 35
18 36
18 39
18 42
18 44
18 46
18 47
18 48
18 49
18 51
18 52
18 53
18 58
18 59
18 61
18 62
18 64
18 65
18 66
18 70
18 73
18 75
18 76
18 78
18 85
18 86
18 87
18 68
18 40
19 20
19 21
19 22
19 23
19 24
19 25
19 26
19 27
19 28
19 30
19 31
19 32
19 35
19 37
19 39
19 42
19 43
19 44
19 47
19 50
19 51
19 52
19 53
19 56
19 59
19 61
19 67
19 69
19 70
19 76
19 78
19 79
19 81
19 82
19 84
19 33
20 21
20 22
20 23
20 24
20 26
20 27
20 28
20 29
20 30
20 31
20 33
20 34
20 35
20 37
20 41
20 42
20 44
20 45
20 47
20 49
20 54
20 55
20 57
20 58
20 64
20 66
20 71
20 73
20 74
20 75
20 80
20 81
20 82
20 84
20 32
20 36
21 22
21 24
21 26
21 28
21 29
21 30
21 31
21 32
21 33
21 35
21 36
21 37
21 38
21 39
21 40
21 41
21 48
21 49
21 50
21 51
21 52
21 54
21 56
21 57
21 58
21 59
21 63
21 64
21 65
21 75
21 79
21 81
21 82
21 83
21 86
21 87
21 88
22 23
22 24
22 25
22 26
22 27
22 28
22 29
22 31
22 32
22 33
22 34
22 36
22 39
22 43
22 52
22 57
22 59
22 65
22 69
22 70
22 73
22 77
22 81
22 84
22 89
22 60
23 24
23 25
23 26
23 27
23 32
23 35
23 36
23 37
23 38
23 39
23 40
23 46
23 50
23 54
23 57
23 63
23 64
23 65
23 66
23 67
23 69
23 70
23 71
23 73
23 74
23 77
23 78
23 79
23 82
23 84
23 86
23 88
23 56
23 81
24 25
24 26
24 27
24 28
24 29
24 32
24 34
24 36
24 39
24 44
24 45
24 46
24 47
24 48
24 49
24 53
24 54
24 57
24 58
24 59
24 67
24 69
24 70
24 72
24 73
24 74
24 82
24 88
25 26
25 27
25 29
25 30
25 31
25 32
25 33
25 40
25 51
25 64
25 76
25 87
26 29
26 35
26 36
26 37
26 38
26 39
26 40
26 41
26 54
26 57
26 60
26 63
26 64
26 66
26 73
26 74
26 78
26 80
26 82
26 85
26 89
27 28
27 31
27 35
27 37
27 38
27 40
27 41
27 42
27 43
27 45
27 49
27 53
27 57
27 58
27 60
27 62
27 65
27 71
27 74
27 80
27 83
27 88
28 29
28 30
28 31
28 32
28 34
28 36
28 38
28 41
28 42
28 43
28 44
28 45
28 48
28 52
28 53
28 54
28 57
28 60
28 63
28 66
28 68
28 70
28 77
28 88
29 30
29 31
29 32
29 33
29 35
29 38
29 40
29 42
29 44
29 47
29 48
29 55
29 67
29 69
29 75
29 78
29 81
29 85
29 89
30 33
30 36
30 37
30 39
30 42
30 43
30 44
30 45
30 46
30 47
30 49
30 54
30 55
30 62
30 65
30 67
30 70
30 82
30 83
30 87
31 34
31 35
31 38
31 39
31 40
31 41
31 43
31 48
31 50
31 52
31 53
31 59
31 60
31 62
31 68
31 71
31 73
31 75
31 80
32 34
32 35
32 36
32 37
32 38
32 44
32 45
32 47
32 49
32 57
32 60
32 63
32 66
32 68
32 72
32 76
32 80
32 86
33 34
33 36
33 40
33 41
33 52
33 55
33 56
33 61
33 63
33 66
33 68
33 72
33 73
33 79
33 88
34 44
34 46
34 53
34 55
34 61
34 63
34 65
34 67
34 70
34 71
34 80
35 41
35 43
35 46
35 49
35 50
35 51
35 55
35 61
35 67
35 72
35 80
35 84
35 87
36 37
36 41
36 42
36 46
36 47
36 48
36 50
36 51
36 53
36 54
36 55
36 57
36 59
36 61
36 77
36 83
36 84
36 85
36 87
36 89
37 42
37 44
37 54
37 57
37 58
37 68
37 74
37 75
37 77
38 39
38 40
38 41
38 43
38 46
38 49
38 50
38 58
38 63
38 66
38 67
38 70
38 72
38 74
38 77
38 80
38 83
38 84
38 86
38 87
38 88
39 41
39 43
39 48
39 60
39 71
39 72
39 73
39 75
39 83
39 89
40 47
40 53
40 69
40 71
40 76
40 80
40 83
40 85
40 88
41 44
41 48
41 49
41 54
41 61
41 64
41 72
41 73
41 75
41 76
41 80
41 82
41 85
41 68
42 45
42 46
42 50
42 52
42 53
42 58
42 59
42 61
42 62
42 67
42 68
42 84
42 86
42 87
43 46
43 48
43 52
43 55
43 56
43 58
43 61
43 66
43 74
43 76
43 77
43 86
43 89
44 47
44 53
44 62
44 65
44 66
44 68
44 69
44 74
44 75
44 77
44 81
44 64
44 86
45 47
45 51
45 53
45 55
45 62
45 66
45 67
45 72
45 76
45 86
45 88
45 68
46 48
46 49
46 56
46 62
46 63
46 64
46 70
46 74
46 81
46 89
47 48
47 50
47 55
47 56
47 59
47 63
47 76
48 49
48 51
48 55
48 56
48 61
48 67
48 79
48 89
48 72
49 50
49 60
49 69
49 71
49 73
49 77
49 79
49 81
50 58
50 68
50 76
50 81
50 83
51 52
51 54
51 55
51 65
51 77
51 82
51 89
52 60
52 64
52 73
52 76
52 79
52 58
53 63
53 85
54 57
54 69
54 74
54 75
54 86
54 87
55 60
55 64
55 66
55 68
56 59
56 64
56 87
57 60
57 82
57 84
57 87
57 89
58 73
58 79
58 81
58 83
58 87
59 61
59 62
59 65
59 66
59 76
59 83
59 87
59 88
60 65
60 68
61 65
61 73
61 78
61 89
63 78
63 85
63 76
64 68
64 72
64 74
64 84
64 89
64 73
65 75
66 75
67 68
67 75
67 89
68 69
68 72
68 75
68 77
68 78
68 80
68 87
68 89
69 71
69 74
69 77
69 81
69 88
70 78
70 83
70 85
71 82
71 88
72 78
72 85
72 87
73 83
73 84
75 85
75 79
76 79
77 78
77 80
77 86
78 85
79 82
80 83
80 85
87 88