435361292
2
90
223
0 2
0 3
0 4
0 5
0 12
0 16
0 17
0 18
0 19
0 24
0 26
0 27
0 34
0 38
0 43
0 47
0 48
0 51
0 58
0 72
0 77
0 23
0 6
0 13
0 35
0 64
0 76
1 2
1 4
1 5
1 6
1 7
1 10
1 14
1 19
1 26
1 30
1 36
1 46
1 59
1 62
1 74
1 76
1 85
1 53
1 44
1 78
2 3
2 28
2 30
2 68
2 81
2 26
2 40
3 6
3 7
3 11
3 12
3 15
3 23
3 27
3 31
3 33
3 40
3 66
3 67
3 75
3 78
3 57
4 41
4 49
4 52
4 65
4 82
4 86
4 89
4 39
4 23
4 26
5 18
5 53
5 81
6 8
6 9
6 10
6 24
6 25
6 89
6 84
7 8
7 9
7 11
7 13
7 25
7 44
7 50
7 57
7 69
7 71
7 72
7 75
7 76
7 24
8 22
8 37
8 25
9 29
9 55
9 64
9 38
9 72
10 13
10 22
10 28
10 29
10 41
10 47
10 14
10 63
11 15
11 20
11 38
11 60
12 16
12 20
12 32
12 68
12 84
12 85
13 14
13 17
13 54
13 56
14 65
14 42
15 44
16 21
16 23
16 45
16 50
16 57
16 74
17 35
17 36
17 49
17 59
17 79
17 88
17 45
18 64
18 74
19 21
19 52
19 70
20 32
20 39
20 61
22 56
23 73
24 39
25 42
25 67
26 31
26 42
26 43
26 44
26 51
26 60
26 66
26 33
26 41
27 35
27 58
27 73
27 80
27 39
27 81
28 33
28 34
28 37
28 53
28 62
28 70
28 31
28 89
29 78
31 87
32 80
33 39
33 55
33 69
33 70
34 83
36 42
38 40
38 45
38 83
39 54
39 71
39 86
39 87
39 88
40 63
40 79
42 77
42 67
43 46
43 48
43 59
44 63
46 61
47 86
48 70
50 58
53 85
55 87
57 73
58 64
59 78
60 88
66 69
70 82
79 84