630929197
3
90
290
0 3
0 4
0 5
0 18
0 26
0 34
0 50
0 76
1 3
1 35
1 86
2 3
2 4
2 5
2 6
2 7
2 11
2 14
2 29
2 35
2 54
2 75
3 4
3 7
3 8
3 9
3 15
3 18
3 22
3 27
3 30
3 44
3 54
3 60
3 81
4 5
4 6
4 7
4 8
4 9
4 10
4 11
4 13
4 18
4 21
4 22
4 25
4 29
4 32
4 33
4 36
4 38
4 41
4 43
4 52
4 56
4 59
4 62
4 76
4 79
4 81
4 85
4 87
4 37
5 6
5 11
5 12
5 14
5 15
5 27
5 32
5 33
5 34
5 36
5 40
5 42
5 49
5 55
5 83
5 56
6 10
6 19
6 25
6 31
6 40
6 78
6 82
7 8
7 9
7 10
7 12
7 16
7 21
7 28
7 38
7 39
7 41
7 62
7 72
7 14
7 13
7 30
8 13
8 16
8 23
8 24
8 46
8 51
8 55
8 63
8 64
8 72
8 74
8 78
8 87
8 22
9 32
9 38
9 39
9 40
9 43
9 21
10 12
10 14
10 16
10 17
10 19
10 20
10 24
10 28
10 31
10 56
10 84
10 85
10 60
10 55
11 20
11 25
11 48
11 51
11 54
12 13
12 31
12 34
12 42
12 75
12 77
13 17
13 20
13 28
13 45
13 56
13 73
13 75
13 86
14 15
14 27
14 33
14 47
14 58
14 61
14 70
14 79
14 23
15 23
15 42
15 68
16 17
16 19
16 22
16 30
16 39
16 50
16 69
16 74
17 46
17 67
17 80
17 83
17 84
18 37
18 60
20 21
20 87
21 26
21 30
21 51
21 61
21 69
21 72
22 23
22 24
22 45
22 76
22 79
23 44
23 45
24 41
25 26
25 36
25 59
25 84
26 88
27 63
28 29
28 78
29 48
29 50
29 71
29 89
30 35
30 46
30 47
30 68
32 37
32 49
32 74
32 80
32 84
33 65
33 52
33 85
34 44
35 37
35 45
36 87
37 61
38 47
38 52
38 64
38 77
38 79
38 86
39 65
40 57
40 58
40 60
40 65
41 43
41 48
41 49
41 53
41 63
41 67
41 70
41 85
41 51
42 70
42 49
43 53
43 55
44 52
44 57
44 82
45 57
45 59
46 66
48 62
48 66
48 89
49 66
49 68
50 71
50 72
50 76
51 53
51 58
51 67
52 64
52 83
55 69
55 88
56 81
57 73
58 86
58 89
59 77
63 65
64 78
65 84
67 71
67 82
71 73
71 80
76 84
78 81
78 88
81 82
81 85
87 88