714337356
4
90
357
0 4
0 5
0 6
0 7
0 8
0 11
0 15
0 16
0 17
0 18
0 20
0 26
0 27
0 29
0 31
0 35
0 41
0 42
0 44
0 51
0 61
0 50
1 4
1 14
1 28
1 43
2 4
2 5
3 4
3 5
3 6
3 9
3 11
3 13
3 15
3 17
3 20
3 22
3 30
3 32
3 33
3 52
3 53
3 59
3 60
3 69
4 5
4 6
4 7
4 8
4 9
4 10
4 11
4 12
4 13
4 15
4 16
4 17
4 21
4 22
4 27
4 29
4 30
4 39
4 40
4 44
4 49
4 50
4 53
4 63
4 67
4 73
4 78
4 81
4 87
5 6
5 7
5 8
5 10
5 11
5 12
5 13
5 19
5 23
5 24
5 25
5 26
5 33
5 35
5 37
5 40
5 46
5 51
5 57
5 65
5 66
5 69
5 73
5 74
5 86
5 89
6 7
6 18
6 31
6 32
6 38
6 49
6 87
7 8
7 9
7 10
7 12
7 13
7 34
7 35
7 46
7 48
7 54
7 55
7 57
7 73
7 80
7 82
7 21
8 9
8 12
8 14
8 18
8 21
8 27
8 29
8 33
8 36
8 55
8 56
8 58
8 60
8 62
8 71
8 76
8 81
8 85
8 86
8 22
9 10
9 14
9 42
9 52
9 56
9 67
10 24
10 42
10 45
10 47
10 54
10 58
10 59
10 62
10 72
10 74
10 76
10 78
10 79
11 16
11 22
11 25
11 38
11 64
11 65
11 68
11 74
11 72
12 15
12 18
12 19
12 26
12 32
12 39
12 42
12 44
12 56
12 74
12 86
13 14
13 23
13 34
13 44
13 45
13 55
13 66
14 16
14 17
14 21
14 29
14 31
14 38
14 47
14 48
14 63
15 20
15 46
15 77
16 20
16 25
16 36
16 43
16 50
16 51
16 61
17 19
17 58
17 60
17 78
17 87
18 19
18 21
18 24
18 27
18 30
18 32
18 37
18 39
18 43
18 52
18 55
18 65
18 77
18 60
19 22
19 23
19 25
19 28
19 30
19 34
19 35
19 48
19 89
20 77
21 23
21 24
21 37
21 39
21 45
21 49
21 63
21 82
21 84
21 88
22 34
22 73
23 47
23 48
23 69
23 75
23 86
24 50
24 59
24 77
24 82
25 26
25 28
25 36
25 37
25 41
25 65
25 80
25 50
26 28
26 41
26 51
26 74
27 57
27 71
27 83
28 33
28 60
28 70
30 31
30 36
30 41
30 47
30 54
30 70
30 85
30 88
30 89
31 72
32 38
32 62
32 83
32 67
33 72
33 76
34 53
34 61
34 69
34 86
35 40
35 64
35 66
35 79
36 40
37 52
37 78
38 45
38 50
38 57
38 67
38 68
38 71
38 75
39 61
39 77
39 52
40 43
40 49
40 59
40 79
40 84
41 46
41 54
41 80
41 82
43 53
43 68
43 76
44 58
44 68
44 76
44 88
46 66
46 81
47 64
47 67
48 71
49 83
50 56
50 70
52 75
53 89
54 81
55 77
55 87
58 62
58 63
58 70
58 75
62 79
63 64
63 72
63 80
65 84
65 85
67 85
76 84
80 83
84 88