708675530
4
90
423
0 4
0 5
0 6
0 11
0 14
0 15
0 16
0 18
0 21
0 22
0 24
0 28
0 33
0 43
0 48
0 56
0 58
0 60
0 83
0 35
0 64
0 73
1 4
1 6
1 7
1 10
1 14
1 16
1 17
1 28
1 31
1 45
1 53
1 65
1 82
1 85
1 5
2 4
2 5
2 8
2 11
2 17
2 25
2 29
2 47
2 52
2 55
2 66
2 71
2 79
2 81
2 9
3 4
3 5
3 7
3 9
3 13
3 15
3 18
3 20
3 22
3 24
3 25
3 26
3 28
3 30
3 35
3 37
3 39
3 40
3 41
3 43
3 53
3 66
3 67
3 70
3 76
3 78
3 84
3 86
3 87
3 32
3 10
4 5
4 6
4 7
4 8
4 9
4 10
4 12
4 14
4 21
4 22
4 26
4 30
4 32
4 36
4 41
4 60
4 64
4 71
4 73
4 74
4 75
4 78
4 84
4 51
4 66
4 67
4 89
5 6
5 8
5 10
5 12
5 13
5 14
5 15
5 19
5 20
5 21
5 23
5 34
5 49
5 51
5 35
5 63
6 7
6 12
6 16
6 17
6 19
6 33
6 37
6 46
6 57
6 74
6 76
6 88
6 34
6 27
7 8
7 9
7 11
7 15
7 20
7 21
7 25
7 33
7 36
7 40
7 41
7 44
7 45
7 46
7 52
7 55
7 58
7 59
7 62
7 75
7 83
7 51
7 17
7 23
7 57
8 9
8 10
8 12
8 13
8 18
8 23
8 30
8 32
8 38
8 43
8 53
8 56
8 58
8 61
8 62
8 67
8 73
8 74
8 89
8 17
8 11
8 16
8 19
9 11
9 16
9 19
9 23
9 26
9 31
9 35
9 36
9 49
9 55
9 60
9 62
9 69
9 80
9 82
9 17
9 14
9 21
9 28
10 20
10 27
10 38
10 52
10 75
10 71
11 17
11 27
11 37
11 40
11 45
11 50
11 59
11 88
11 87
12 13
12 32
12 35
12 36
12 39
12 47
12 54
12 69
12 84
12 88
12 41
13 24
13 27
13 37
13 44
13 78
13 80
13 89
13 60
15 19
15 46
15 52
15 64
15 88
15 84
16 18
16 22
16 34
16 44
16 59
16 72
16 81
16 20
16 43
16 82
17 25
17 42
17 49
17 80
18 28
18 38
18 50
18 51
18 61
18 63
18 69
18 43
19 24
19 26
19 29
19 30
19 34
19 42
19 65
19 72
19 83
19 88
19 89
20 35
21 23
21 74
22 33
22 70
22 72
23 27
23 39
23 65
24 29
24 31
24 43
24 44
24 47
24 48
24 85
24 54
25 29
25 45
25 68
25 77
25 80
25 83
25 39
25 56
26 63
26 69
26 85
26 43
26 83
27 54
27 56
27 66
27 55
28 31
28 32
28 48
29 39
29 57
29 37
29 44
29 51
29 52
29 62
30 61
30 70
31 34
31 42
31 48
31 32
32 38
32 40
32 41
32 61
33 35
34 56
34 62
34 67
34 85
34 44
34 53
34 84
34 86
35 65
35 76
35 79
35 49
35 74
36 50
36 67
36 86
36 72
37 71
37 82
37 47
38 54
38 73
38 82
39 41
39 42
39 60
39 89
39 65
40 47
40 49
40 59
40 64
40 69
41 54
41 77
41 87
42 86
43 53
43 57
43 68
43 78
44 57
44 79
44 86
45 46
45 76
46 51
46 58
46 64
48 51
48 59
49 50
49 63
49 77
49 79
51 57
51 71
51 79
51 86
53 55
53 87
54 70
57 68
57 72
58 79
59 61
59 63
59 66
59 76
59 79
59 75
60 68
65 81
65 83
68 70
68 73
68 87
69 87
70 75
70 70
72 79
75 77
76 88
77 80
78 81
80 84
81 82
83 85