597074523
5
90
490
0 5
0 6
0 7
0 13
0 14
0 18
0 27
0 28
0 30
0 32
0 34
0 54
0 63
0 87
0 88
0 57
1 5
1 6
1 8
1 15
1 17
1 19
1 32
1 33
1 37
1 55
1 56
1 69
1 80
1 83
1 85
1 59
1 2
1 34
1 57
1 58
2 5
2 6
2 7
2 9
2 10
2 11
2 12
2 13
2 14
2 16
2 18
2 19
2 25
2 33
2 34
2 37
2 42
2 50
2 54
2 60
2 66
2 76
2 47
3 5
3 6
3 7
3 8
3 9
3 10
3 11
3 14
3 15
3 16
3 35
3 41
3 43
3 44
3 49
3 53
3 37
4 5
4 22
4 23
4 35
4 52
4 53
4 20
4 60
4 69
5 6
5 7
5 8
5 9
5 10
5 11
5 12
5 16
5 27
5 32
5 38
5 44
5 45
5 50
5 51
5 55
5 58
5 62
5 64
5 66
5 78
5 5
5 20
5 65
5 83
6 7
6 8
6 13
6 15
6 16
6 17
6 20
6 21
6 22
6 23
6 25
6 26
6 29
6 33
6 34
6 35
6 41
6 42
6 43
6 54
6 56
6 65
6 72
6 74
6 79
6 86
6 82
6 14
6 49
6 55
6 85
7 8
7 9
7 10
7 13
7 15
7 20
7 21
7 27
7 33
7 37
7 50
7 52
7 59
7 63
7 64
7 74
7 79
7 89
7 88
7 25
7 46
8 9
8 11
8 40
8 45
8 51
8 64
8 71
8 80
8 88
8 83
9 10
9 11
9 12
9 14
9 17
9 18
9 20
9 21
9 25
9 30
9 31
9 35
9 36
9 37
9 38
9 42
9 44
9 46
9 47
9 51
9 59
9 62
9 70
9 76
9 78
9 9
9 75
10 12
10 14
10 17
10 18
10 20
10 23
10 28
10 29
10 39
10 44
10 65
10 68
10 76
10 56
10 27
11 12
11 15
11 20
11 24
11 25
11 29
11 30
11 31
11 42
11 50
11 59
11 69
11 78
11 23
11 73
12 13
12 21
12 27
12 39
12 58
12 73
12 78
12 77
12 32
13 19
13 21
13 22
13 24
13 41
13 42
13 47
13 76
13 85
14 19
14 22
14 23
14 24
14 37
14 45
14 46
14 73
14 81
15 16
15 18
15 19
15 24
15 26
15 28
15 29
15 34
15 36
15 41
15 53
15 63
15 67
15 72
15 74
15 75
15 77
15 25
15 23
15 81
16 17
16 25
16 48
16 66
16 85
16 20
17 34
17 36
17 57
17 81
17 61
17 72
18 53
18 57
18 79
19 22
19 26
19 31
19 38
19 41
19 55
19 65
19 73
19 86
19 21
19 30
20 23
20 26
20 27
20 28
20 29
20 30
20 40
20 46
20 52
20 54
20 62
20 69
20 74
20 84
21 30
21 32
21 43
21 52
21 58
21 69
21 82
21 86
22 28
22 33
22 36
22 39
22 46
22 49
22 67
22 88
22 66
23 24
23 38
23 39
23 40
23 45
23 48
23 53
23 58
23 61
23 64
23 70
23 81
24 32
24 36
24 43
24 38
24 41
25 26
25 31
25 49
25 54
26 44
26 60
26 61
26 71
26 77
26 80
26 33
26 42
27 31
27 40
27 48
27 52
27 54
27 45
28 47
28 60
28 83
29 35
29 45
29 57
29 75
29 84
29 87
30 60
31 39
31 43
31 57
31 59
31 76
31 84
32 49
32 79
32 81
33 55
33 63
33 66
33 67
33 79
34 38
34 40
34 63
34 73
34 77
35 46
35 48
35 49
35 61
35 72
35 82
36 68
36 84
36 89
37 48
37 80
38 51
38 55
39 57
39 58
39 70
39 77
39 88
39 52
39 71
40 51
40 56
40 61
40 68
40 81
40 82
41 50
41 67
41 70
43 56
44 47
44 79
45 89
46 47
46 86
46 63
48 56
49 75
50 67
51 82
51 87
51 89
51 79
52 66
52 71
52 77
52 83
54 61
54 71
54 74
54 75
54 77
54 70
55 59
56 60
56 62
56 82
56 68
57 62
57 64
57 68
57 70
57 72
57 73
57 86
57 74
58 84
58 89
59 87
60 65
60 83
61 68
61 75
62 65
66 69
67 78
68 72
68 80
68 83
68 87
69 82
70 71
71 78
72 86
73 85
73 87
73 88
74 82
76 89
79 85
79 82
80 81
82 84