900508850
6
90
557
0 6
0 7
0 9
0 19
0 28
0 30
0 35
0 58
0 64
0 31
1 6
1 7
1 8
1 10
1 11
1 13
1 18
1 20
1 22
1 27
1 29
1 31
1 32
1 37
1 39
1 61
1 64
1 73
1 74
1 81
1 52
1 66
2 6
2 7
2 8
2 9
2 11
2 13
2 15
2 19
2 25
2 32
2 34
2 43
2 46
2 49
2 52
2 55
2 60
2 77
2 80
3 6
3 7
3 8
3 10
3 11
3 12
3 13
3 14
3 15
3 17
3 18
3 19
3 22
3 25
3 28
3 44
3 47
3 52
3 62
3 70
3 86
4 6
4 7
4 8
4 9
4 10
4 14
4 19
4 21
4 24
4 25
4 31
4 39
4 52
4 54
4 79
4 38
5 6
5 14
5 22
5 52
5 31
6 7
6 8
6 9
6 10
6 11
6 12
6 14
6 15
6 16
6 17
6 21
6 23
6 24
6 26
6 27
6 34
6 36
6 38
6 39
6 40
6 44
6 46
6 53
6 54
6 58
6 59
6 63
6 68
6 71
6 73
6 74
6 76
6 86
6 87
6 13
6 19
6 20
6 50
6 70
7 8
7 9
7 10
7 12
7 14
7 15
7 18
7 19
7 23
7 25
7 26
7 33
7 35
7 40
7 41
7 47
7 55
7 59
7 62
7 76
7 80
7 84
7 51
8 9
8 12
8 20
8 21
8 22
8 31
8 33
8 38
8 65
8 73
8 74
8 28
9 10
9 11
9 13
9 14
9 16
9 17
9 23
9 24
9 30
9 33
9 36
9 37
9 46
9 57
9 60
9 62
9 63
9 65
9 66
9 72
9 75
9 76
9 77
9 83
9 15
9 84
10 11
10 12
10 13
10 16
10 21
10 24
10 28
10 31
10 33
10 57
10 62
10 74
10 78
10 58
11 12
11 13
11 15
11 16
11 17
11 20
11 21
11 22
11 23
11 26
11 28
11 33
11 34
11 40
11 48
11 50
11 53
11 54
11 60
11 61
11 69
11 70
11 72
11 81
11 76
11 62
11 73
11 88
12 24
12 27
12 42
12 44
12 49
12 68
12 70
12 85
12 88
12 16
12 17
13 15
13 16
13 17
13 19
13 20
13 25
13 26
13 38
13 42
13 45
13 46
13 51
13 61
13 69
13 80
13 81
13 83
13 89
13 14
13 43
14 17
14 18
14 20
14 27
14 28
14 29
14 32
14 34
14 35
14 42
14 48
14 54
14 58
14 65
14 67
14 71
14 73
14 75
14 76
14 79
14 82
14 87
14 88
14 89
14 55
14 72
15 16
15 18
15 24
15 25
15 26
15 30
15 31
15 39
15 41
15 57
15 67
16 18
16 20
16 23
16 27
16 29
16 33
16 35
16 38
16 42
16 44
16 45
16 51
16 53
16 58
16 62
16 63
16 68
16 82
17 29
17 42
17 80
17 89
17 61
18 22
18 23
18 26
18 31
18 40
18 41
18 50
18 55
18 56
18 59
18 61
18 63
18 64
18 65
18 66
18 74
18 87
18 32
18 53
18 68
18 85
19 21
19 47
19 48
19 54
19 83
19 22
20 27
20 29
20 30
20 39
20 43
20 45
20 56
20 73
20 78
21 43
21 52
21 73
21 89
22 28
22 30
22 32
22 41
22 44
22 53
22 68
22 82
22 57
23 43
23 49
23 51
23 75
23 79
23 81
23 85
24 30
24 34
24 36
24 37
24 41
24 50
24 57
24 62
24 64
24 66
24 71
24 76
24 79
24 45
25 32
25 36
25 56
25 61
25 87
26 43
26 46
26 83
26 86
26 87
26 77
27 36
27 63
27 69
27 84
27 86
27 81
27 32
28 29
28 37
28 43
28 65
29 34
29 35
29 36
29 60
29 79
29 89
30 48
30 43
31 32
31 44
31 53
31 61
31 66
31 69
31 75
31 34
32 37
32 54
32 65
32 82
33 39
33 42
33 45
33 51
33 67
33 84
33 79
34 35
34 38
34 57
34 60
34 67
34 75
34 78
34 81
34 85
34 42
35 38
35 47
35 49
35 55
35 59
36 37
36 40
36 45
36 48
36 56
36 58
36 59
36 77
36 80
36 83
36 86
37 46
37 47
37 55
37 56
37 57
38 45
38 77
38 84
38 88
39 40
39 41
39 50
39 60
39 68
39 78
39 85
39 88
40 70
40 77
41 49
41 51
41 75
41 84
41 87
42 50
42 55
44 51
44 81
44 82
44 47
44 60
45 49
45 89
45 67
46 47
46 50
46 52
46 64
47 48
47 53
47 70
47 72
47 76
48 56
48 59
48 66
48 71
48 77
48 89
49 58
49 74
49 78
49 86
50 67
50 85
52 71
52 54
53 82
55 65
55 68
55 69
56 64
56 79
56 84
57 77
58 70
59 63
59 64
59 76
60 80
61 66
61 72
62 67
62 71
63 72
63 73
64 69
64 87
65 78
66 83
67 88
71 72
73 85
75 86
78 80
84 88