778964664
10
90
824
0 10
0 14
0 75
1 10
1 11
1 12
1 13
1 14
1 15
1 17
1 18
1 19
1 21
1 23
1 26
1 27
1 28
1 35
1 36
1 39
1 43
1 52
1 55
1 60
1 61
1 65
1 73
1 74
1 75
1 81
1 85
1 88
2 10
2 11
2 12
2 13
2 16
2 17
2 18
2 27
2 30
2 42
2 50
2 54
2 62
2 63
2 64
2 73
2 82
3 10
3 11
3 12
3 13
3 14
3 15
3 16
3 17
3 18
3 19
3 20
3 21
3 22
3 23
3 25
3 27
3 35
3 36
3 38
3 39
3 48
3 52
3 56
3 60
3 61
3 66
3 78
3 81
3 83
3 86
4 10
4 11
4 12
4 13
4 14
4 15
4 20
4 24
4 25
4 26
4 33
4 42
4 43
4 52
4 76
4 81
5 10
5 11
5 12
5 13
5 14
5 15
5 16
5 17
5 20
5 21
5 22
5 23
5 27
5 28
5 31
5 32
5 41
5 43
5 51
5 52
5 54
5 59
5 61
5 63
5 64
5 66
5 67
5 69
5 71
5 85
6 10
6 11
6 12
6 14
6 15
6 16
6 17
6 19
6 21
6 22
6 23
6 24
6 25
6 31
6 32
6 34
6 35
6 36
6 37
6 38
6 39
6 40
6 46
6 55
6 60
6 67
6 76
6 78
6 88
7 10
7 11
7 13
7 19
7 20
7 22
7 26
7 28
7 29
7 37
7 38
7 43
7 45
7 46
7 47
7 57
7 69
7 81
7 85
7 8
7 74
8 10
8 11
8 12
8 15
8 19
8 24
8 25
8 32
8 44
8 73
9 10
9 11
9 12
9 13
9 16
9 19
9 26
9 30
9 33
9 37
9 40
9 41
9 46
9 49
9 52
9 53
9 57
9 60
9 62
9 68
9 72
9 84
10 11
10 12
10 13
10 14
10 15
10 16
10 17
10 19
10 20
10 21
10 22
10 23
10 24
10 25
10 26
10 27
10 29
10 30
10 32
10 35
10 40
10 41
10 44
10 45
10 46
10 53
10 54
10 56
10 57
10 61
10 64
10 69
10 72
10 81
10 82
10 83
10 85
10 10
10 78
11 12
11 13
11 14
11 15
11 16
11 17
11 18
11 19
11 20
11 22
11 23
11 24
11 27
11 28
11 29
11 31
11 33
11 40
11 42
11 47
11 50
11 53
11 55
11 57
11 59
11 66
11 68
11 69
11 74
11 87
11 89
12 13
12 14
12 16
12 17
12 18
12 25
12 26
12 33
12 35
12 38
12 39
12 40
12 41
12 43
12 44
12 53
12 54
12 55
12 58
12 60
12 71
12 72
12 78
12 79
12 80
12 83
12 89
12 12
12 22
13 14
13 15
13 16
13 17
13 18
13 20
13 21
13 22
13 23
13 24
13 25
13 26
13 27
13 28
13 30
13 32
13 33
13 34
13 35
13 37
13 40
13 46
13 48
13 49
13 50
13 53
13 54
13 55
13 56
13 58
13 62
13 64
13 65
13 70
13 73
13 88
13 89
13 59
14 15
14 16
14 17
14 18
14 23
14 24
14 25
14 27
14 31
14 32
14 33
14 35
14 36
14 42
14 46
14 47
14 48
14 51
14 53
14 58
14 66
14 77
14 78
14 79
14 80
14 81
14 87
14 89
14 39
15 18
15 19
15 20
15 22
15 23
15 25
15 26
15 28
15 29
15 30
15 31
15 34
15 35
15 37
15 39
15 42
15 45
15 46
15 50
15 53
15 64
15 65
15 67
15 71
15 75
15 76
15 84
15 17
15 24
16 18
16 20
16 21
16 32
16 39
16 48
16 52
16 57
16 64
17 18
17 19
17 21
17 26
17 35
17 38
17 40
17 47
17 48
17 49
17 50
17 51
17 54
17 55
17 59
17 60
17 61
17 65
17 67
17 70
17 71
17 73
17 74
17 75
17 88
17 66
18 20
18 21
18 27
18 29
18 31
18 34
18 37
18 41
18 42
18 47
18 49
18 51
18 55
18 56
18 57
18 58
18 63
18 68
18 73
18 79
18 80
18 81
18 84
19 23
19 25
19 30
19 32
19 34
19 48
19 50
19 62
19 69
19 71
19 74
19 76
19 81
19 86
19 38
20 21
20 22
20 24
20 28
20 29
20 32
20 34
20 36
20 37
20 39
20 43
20 49
20 57
20 64
20 66
20 82
20 85
20 86
20 87
20 89
21 22
21 29
21 34
21 38
21 47
21 51
21 54
21 71
21 75
21 78
21 87
21 88
21 30
22 24
22 29
22 30
22 33
22 34
22 41
22 43
22 58
22 60
22 61
22 67
22 74
22 78
22 82
23 24
23 28
23 29
23 30
23 31
23 33
23 36
23 41
23 42
23 49
23 54
23 59
23 64
23 72
23 76
23 88
23 27
24 28
24 45
24 50
24 53
24 56
24 59
24 63
24 67
24 68
24 75
24 79
24 80
25 26
25 28
25 30
25 31
25 36
25 38
25 49
25 54
25 62
25 63
25 67
25 85
26 27
26 29
26 31
26 32
26 33
26 34
26 36
26 37
26 38
26 44
26 45
26 49
26 51
26 60
26 62
26 63
26 66
26 69
26 75
26 77
26 79
26 87
27 35
27 37
27 39
27 40
27 44
27 46
27 47
27 52
27 59
27 84
27 43
28 38
28 44
28 50
28 51
28 58
28 59
28 69
28 77
28 87
28 89
28 83
29 30
29 31
29 40
29 41
29 44
29 48
29 56
29 59
29 61
29 63
29 68
29 73
29 75
29 83
29 87
30 40
30 44
30 55
30 68
30 70
30 71
30 81
30 88
31 33
31 34
31 38
31 41
31 43
31 46
31 53
31 55
31 70
31 74
31 76
31 85
31 88
31 44
32 59
32 69
32 74
33 36
33 37
33 43
33 45
33 48
33 65
33 68
33 72
33 74
33 77
33 80
33 46
34 39
34 41
34 42
34 43
34 45
34 46
34 53
34 59
34 62
34 65
34 66
34 72
34 73
34 83
34 86
34 75
35 36
35 42
35 44
35 47
35 56
35 62
35 68
35 70
35 72
35 84
35 86
35 88
36 44
36 45
36 50
36 54
36 66
36 70
36 76
36 78
36 82
37 39
37 49
37 51
37 61
38 48
38 51
38 56
38 58
38 72
38 75
38 89
39 45
39 65
39 82
40 42
40 49
40 51
40 63
40 80
40 83
40 87
40 53
41 52
41 68
41 77
42 61
42 66
42 72
42 77
42 84
43 45
43 57
43 64
43 65
43 67
43 80
44 48
44 63
44 70
44 77
45 47
45 56
45 58
45 76
45 82
46 47
46 52
46 55
46 58
46 60
46 84
46 85
47 50
47 57
47 62
47 69
47 85
48 52
48 58
48 60
48 65
48 73
48 88
48 89
49 62
49 67
49 71
49 84
49 86
50 65
51 89
52 61
52 76
52 83
53 57
53 70
53 71
53 74
54 56
54 83
54 67
55 63
55 73
55 88
56 72
56 82
56 83
57 84
58 68
58 74
59 66
59 85
60 67
60 71
60 87
61 64
62 77
62 81
62 87
63 84
64 86
65 69
66 70
66 78
66 79
66 86
67 79
68 70
69 75
69 78
70 82
71 78
71 80
72 76
73 77
73 79
74 79
74 86
75 79
76 77
76 80
77 86
78 80
78 82
81 84
81 86
81 89
82 83