830730367
11
90
891
0 11
0 12
0 13
0 15
0 19
0 20
0 21
0 24
0 26
0 27
0 29
0 31
0 37
0 39
0 47
0 49
0 56
0 63
0 72
0 74
0 87
0 34
0 46
1 11
1 12
1 13
1 14
1 15
1 17
1 20
1 22
1 23
1 25
1 27
1 33
1 34
1 35
1 36
1 37
1 39
1 41
1 42
1 43
1 45
1 47
1 52
1 53
1 55
1 58
1 63
1 71
1 73
1 80
1 83
1 84
1 86
1 88
1 16
2 11
2 12
2 13
2 14
2 16
2 19
2 23
2 24
2 26
2 27
2 31
2 36
2 39
2 47
2 59
2 60
2 74
2 77
2 89
3 11
3 12
3 15
3 17
3 18
3 21
3 22
3 30
3 33
3 35
3 38
3 40
3 42
3 43
3 45
3 55
3 57
3 63
3 67
3 70
3 61
3 23
4 11
4 12
4 13
4 14
4 17
4 23
4 24
4 27
4 28
4 31
4 32
4 40
4 44
4 50
4 52
4 64
4 65
4 70
4 79
4 83
5 11
5 12
5 13
5 14
5 15
5 17
5 18
5 19
5 20
5 21
5 22
5 42
5 46
5 52
5 61
5 62
5 65
5 67
5 73
6 11
6 12
6 13
6 14
6 16
6 17
6 18
6 19
6 20
6 21
6 23
6 26
6 35
6 36
6 43
6 51
6 53
6 58
6 60
6 61
6 64
6 69
6 75
6 76
6 82
6 88
6 89
7 11
7 14
7 15
7 16
7 20
7 25
7 29
7 31
7 32
7 33
7 37
7 49
7 50
7 51
7 67
7 75
7 78
7 89
8 11
8 12
8 13
8 14
8 16
8 18
8 22
8 25
8 29
8 34
8 54
8 88
9 11
9 12
9 13
9 14
9 15
9 16
9 19
9 27
9 28
9 44
9 57
9 58
9 60
9 81
9 77
10 11
10 12
10 13
10 15
10 16
10 17
10 18
10 19
10 21
10 22
10 23
10 25
10 26
10 29
10 30
10 31
10 32
10 35
10 44
10 47
10 50
10 51
10 55
10 66
10 70
10 71
10 74
10 75
10 80
10 86
10 88
10 76
11 12
11 13
11 14
11 15
11 16
11 17
11 18
11 20
11 21
11 22
11 23
11 24
11 25
11 26
11 27
11 28
11 29
11 30
11 31
11 32
11 33
11 34
11 35
11 36
11 37
11 43
11 44
11 46
11 47
11 50
11 53
11 54
11 55
11 56
11 59
11 62
11 65
11 67
11 68
11 75
11 77
11 79
11 83
11 85
11 88
11 89
11 38
12 13
12 14
12 15
12 16
12 18
12 19
12 20
12 21
12 22
12 29
12 31
12 33
12 34
12 38
12 39
12 40
12 41
12 43
12 49
12 50
12 53
12 57
12 59
12 68
12 71
12 73
12 81
12 84
12 85
12 89
13 14
13 15
13 16
13 17
13 20
13 21
13 23
13 24
13 25
13 26
13 29
13 30
13 31
13 32
13 33
13 34
13 35
13 36
13 37
13 38
13 46
13 47
13 56
13 57
13 64
13 65
13 66
13 67
13 71
13 72
13 73
13 77
13 85
13 59
13 41
14 15
14 16
14 17
14 18
14 20
14 24
14 25
14 26
14 29
14 36
14 38
14 39
14 46
14 49
14 50
14 51
14 56
14 66
14 70
14 71
14 76
14 79
14 80
14 81
14 82
15 16
15 17
15 18
15 19
15 22
15 23
15 24
15 27
15 28
15 32
15 33
15 38
15 40
15 41
15 45
15 46
15 47
15 48
15 51
15 61
15 63
15 66
15 76
15 79
15 82
16 17
16 18
16 19
16 22
16 25
16 29
16 33
16 35
16 37
16 38
16 40
16 41
16 42
16 43
16 45
16 49
16 51
16 53
16 54
16 59
16 62
16 64
16 66
16 68
16 69
16 76
16 77
16 79
16 86
16 87
17 18
17 19
17 20
17 21
17 22
17 24
17 25
17 28
17 32
17 36
17 38
17 39
17 47
17 48
17 50
17 52
17 54
17 60
17 64
17 65
17 68
17 69
17 72
17 74
17 78
17 84
17 86
17 87
17 63
18 19
18 21
18 22
18 23
18 26
18 28
18 30
18 32
18 37
18 38
18 39
18 40
18 42
18 51
18 60
18 62
18 66
18 67
18 70
18 74
18 75
18 78
18 79
18 80
18 82
18 61
19 20
19 21
19 23
19 27
19 30
19 33
19 37
19 40
19 43
19 49
19 53
19 55
19 57
19 58
19 60
19 61
19 62
19 67
19 68
19 84
20 24
20 25
20 27
20 28
20 31
20 32
20 34
20 36
20 38
20 41
20 44
20 45
20 55
20 62
20 64
20 66
20 69
20 73
20 78
20 37
21 25
21 26
21 28
21 30
21 31
21 32
21 34
21 35
21 37
21 42
21 45
21 48
21 54
21 69
21 70
21 71
21 72
21 73
21 78
21 79
21 82
21 84
21 89
22 23
22 24
22 28
22 29
22 33
22 35
22 39
22 41
22 42
22 44
22 52
22 54
22 56
22 59
22 68
22 71
22 88
23 24
23 26
23 27
23 30
23 34
23 35
23 37
23 41
23 47
23 49
23 52
23 53
23 54
23 74
23 78
23 81
23 85
23 75
24 26
24 30
24 31
24 34
24 40
24 41
24 48
24 49
24 52
24 55
24 56
24 61
24 65
24 72
24 76
24 84
24 87
25 53
25 57
25 59
25 77
25 52
26 27
26 28
26 33
26 36
26 39
26 44
26 48
26 52
26 59
26 63
26 66
26 67
26 68
26 69
26 72
26 79
26 82
26 87
27 28
27 45
27 48
27 49
27 57
27 77
27 89
28 29
28 30
28 39
28 41
28 43
28 45
28 48
28 65
28 82
29 30
29 34
29 35
29 38
29 41
29 42
29 46
29 70
29 72
29 83
29 87
30 39
30 42
30 46
30 47
30 48
30 52
30 56
30 58
30 60
30 61
30 62
30 67
30 69
30 71
30 77
30 81
31 32
31 34
31 40
31 44
31 46
31 48
31 52
31 55
31 64
31 81
31 59
31 82
32 36
32 40
32 41
32 46
32 51
32 52
32 54
32 61
32 74
32 75
32 78
32 84
33 37
33 40
33 43
33 44
33 56
33 58
33 63
33 65
33 69
33 73
33 74
33 76
33 77
33 80
33 86
34 44
34 51
34 57
34 63
34 68
34 87
35 36
35 38
35 43
35 48
35 49
35 53
35 54
35 55
35 63
35 65
35 76
35 81
35 85
36 42
36 44
36 45
36 46
36 66
36 74
36 75
37 43
37 66
37 67
37 73
37 78
38 42
38 53
38 57
38 61
38 62
38 64
38 73
38 78
38 82
38 83
38 85
38 86
39 62
39 75
39 86
40 45
40 50
40 57
40 60
40 72
40 87
40 89
40 52
41 48
41 50
41 54
41 58
41 59
41 61
41 65
41 70
41 82
42 45
42 49
42 50
42 56
42 58
42 69
42 84
42 86
42 87
42 88
43 46
43 56
43 68
43 70
43 73
43 75
43 81
44 47
44 50
44 56
44 57
44 58
44 83
44 88
45 63
45 76
45 79
45 86
46 51
46 55
46 59
46 64
46 70
46 72
46 76
46 88
46 89
47 55
47 58
47 64
47 88
48 60
48 62
49 51
49 66
50 58
50 61
50 83
50 87
51 53
51 73
51 81
52 70
52 71
52 76
52 77
53 54
53 69
53 79
54 59
54 60
54 61
54 72
54 75
54 78
54 80
54 81
54 83
55 63
55 64
55 68
55 80
55 85
56 62
57 59
57 60
57 74
57 78
57 82
59 83
59 89
60 69
61 65
61 72
61 85
61 86
61 74
62 63
62 71
62 75
62 88
63 67
64 74
66 68
66 71
66 85
67 77
69 83
69 84
70 79
70 86
73 76
73 77
73 82
73 84
74 80
74 84
74 85
75 80
75 83
76 79
76 80
77 83
78 87
79 80
80 81
80 85
80 89
81 89