93604734
21
95
1586
0 21
0 22
0 23
0 24
0 28
0 31
0 32
0 34
0 38
0 39
0 41
0 42
0 50
0 52
0 54
0 55
0 58
0 62
0 65
0 67
0 73
0 75
0 76
0 79
0 86
0 89
0 93
1 21
1 22
1 23
1 24
1 25
1 26
1 27
1 29
1 30
1 31
1 35
1 36
1 37
1 39
1 42
1 45
1 53
1 55
1 56
1 61
1 62
1 86
1 87
1 91
1 3
2 21
2 22
2 23
2 25
2 26
2 28
2 29
2 30
2 32
2 33
2 36
2 38
2 46
2 47
2 48
2 50
2 59
2 63
2 67
2 71
2 75
2 80
2 82
3 21
3 22
3 23
3 24
3 25
3 27
3 28
3 29
3 32
3 33
3 34
3 36
3 38
3 42
3 43
3 49
3 53
3 54
3 62
3 67
3 68
3 69
3 73
3 77
3 85
3 92
4 21
4 22
4 23
4 24
4 25
4 26
4 27
4 28
4 29
4 30
4 31
4 33
4 34
4 35
4 36
4 37
4 40
4 41
4 42
4 43
4 45
4 48
4 49
4 50
4 51
4 59
4 60
4 63
4 65
4 66
4 67
4 70
4 72
4 73
4 75
4 79
4 82
4 84
4 86
4 88
4 92
4 94
4 46
5 21
5 22
5 23
5 24
5 25
5 26
5 27
5 28
5 29
5 30
5 31
5 32
5 33
5 34
5 35
5 36
5 37
5 38
5 39
5 40
5 42
5 43
5 45
5 46
5 49
5 52
5 54
5 60
5 63
5 66
5 67
5 68
5 74
5 77
5 82
5 87
5 90
5 91
5 92
5 93
5 65
6 21
6 22
6 23
6 24
6 25
6 26
6 34
6 36
6 37
6 41
6 42
6 43
6 45
6 48
6 49
6 51
6 63
6 73
6 79
6 87
6 88
6 90
7 21
7 22
7 23
7 24
7 25
7 26
7 27
7 28
7 29
7 30
7 33
7 36
7 37
7 40
7 45
7 46
7 51
7 65
7 66
7 69
7 75
7 77
7 83
7 84
7 88
7 90
7 92
8 21
8 22
8 23
8 24
8 25
8 26
8 27
8 28
8 29
8 32
8 35
8 37
8 38
8 39
8 40
8 41
8 47
8 56
8 58
8 71
8 75
8 78
8 79
8 80
8 83
8 93
8 86
9 21
9 22
9 23
9 24
9 26
9 28
9 30
9 31
9 32
9 34
9 40
9 46
9 47
9 49
9 52
9 58
9 60
9 64
9 67
9 68
9 82
9 92
9 93
9 94
10 21
10 22
10 24
10 25
10 28
10 29
10 31
10 32
10 34
10 35
10 39
10 40
10 43
10 49
10 51
10 53
10 54
10 55
10 56
10 57
10 59
10 60
10 71
10 68
11 21
11 23
11 24
11 25
11 27
11 28
11 29
11 31
11 34
11 36
11 38
11 40
11 43
11 45
11 46
11 48
11 49
11 52
11 53
11 54
11 59
11 60
11 62
11 64
11 67
11 72
11 76
11 79
11 85
11 89
11 90
11 70
12 21
12 22
12 23
12 25
12 27
12 29
12 30
12 31
12 33
12 34
12 39
12 41
12 43
12 47
12 50
12 53
12 56
12 59
12 61
12 64
12 66
12 75
12 78
12 82
12 83
12 94
13 21
13 22
13 23
13 26
13 27
13 28
13 29
13 31
13 32
13 33
13 40
13 44
13 45
13 47
13 54
13 63
13 70
13 72
13 74
13 75
13 76
13 82
13 80
14 21
14 22
14 23
14 24
14 25
14 26
14 27
14 29
14 30
14 31
14 34
14 36
14 38
14 40
14 43
14 44
14 63
14 68
14 78
14 82
14 83
14 88
14 91
15 21
15 22
15 23
15 24
15 25
15 26
15 27
15 28
15 29
15 31
15 32
15 37
15 38
15 39
15 44
15 46
15 53
15 56
15 57
15 64
15 65
15 71
15 74
15 86
15 92
16 21
16 22
16 24
16 25
16 26
16 30
16 31
16 32
16 33
16 34
16 37
16 38
16 41
16 44
16 46
16 55
16 61
16 62
16 66
16 68
16 69
16 79
16 84
16 86
16 89
16 90
16 91
16 93
17 21
17 22
17 23
17 24
17 25
17 26
17 27
17 28
17 29
17 30
17 31
17 32
17 33
17 35
17 36
17 39
17 40
17 42
17 45
17 46
17 47
17 53
17 54
17 55
17 57
17 58
17 60
17 65
17 69
17 71
17 73
17 77
17 78
17 80
17 89
17 93
18 21
18 22
18 23
18 24
18 25
18 26
18 27
18 28
18 30
18 32
18 33
18 34
18 35
18 39
18 40
18 42
18 44
18 46
18 48
18 51
18 53
18 59
18 61
18 62
18 68
18 73
18 79
18 85
18 87
18 89
18 77
18 78
19 21
19 22
19 23
19 24
19 26
19 27
19 30
19 32
19 36
19 39
19 40
19 41
19 42
19 43
19 46
19 47
19 49
19 54
19 56
19 57
19 64
19 66
19 67
19 69
19 72
19 73
19 76
19 79
19 85
19 87
19 94
20 21
20 22
20 23
20 24
20 25
20 26
20 27
20 33
20 35
20 36
20 44
20 46
20 54
20 56
20 58
20 59
20 62
20 66
20 70
20 74
20 79
20 83
20 94
21 22
21 23
21 24
21 25
21 26
21 27
21 28
21 29
21 30
21 31
21 32
21 33
21 34
21 35
21 36
21 37
21 38
21 39
21 40
21 41
21 42
21 44
21 46
21 47
21 49
21 50
21 51
21 53
21 55
21 56
21 57
21 58
21 62
21 63
21 64
21 66
21 68
21 70
21 72
21 73
21 74
21 75
21 76
21 78
21 82
21 83
21 86
21 90
21 91
21 92
21 94
21 54
22 23
22 24
22 25
22 26
22 27
22 28
22 29
22 30
22 31
22 33
22 34
22 35
22 36
22 37
22 38
22 39
22 40
22 41
22 42
22 43
22 44
22 45
22 46
22 47
22 48
22 50
22 51
22 52
22 53
22 55
22 56
22 57
22 61
22 62
22 64
22 65
22 68
22 69
22 74
22 75
22 77
22 78
22 79
22 80
22 81
22 83
22 87
22 92
22 93
22 94
23 24
23 25
23 26
23 27
23 28
23 29
23 30
23 31
23 32
23 33
23 34
23 35
23 40
23 41
23 42
23 44
23 45
23 47
23 48
23 51
23 52
23 53
23 55
23 56
23 60
23 61
23 62
23 63
23 66
23 71
23 72
23 76
23 77
23 80
23 85
23 90
23 91
23 58
24 25
24 26
24 27
24 28
24 29
24 30
24 31
24 32
24 33
24 36
24 37
24 38
24 40
24 41
24 42
24 43
24 44
24 45
24 46
24 47
24 48
24 49
24 50
24 51
24 52
24 54
24 56
24 57
24 58
24 60
24 61
24 62
24 63
24 65
24 69
24 73
24 74
24 75
24 76
24 79
24 81
24 82
24 83
24 86
24 87
24 89
24 90
24 93
25 26
25 27
25 28
25 29
25 30
25 31
25 33
25 35
25 36
25 37
25 39
25 40
25 41
25 42
25 43
25 44
25 45
25 46
25 47
25 49
25 51
25 53
25 55
25 56
25 57
25 58
25 62
25 63
25 70
25 71
25 73
25 74
25 77
25 81
25 83
25 84
25 87
25 88
25 90
25 91
25 92
25 93
25 94
25 59
26 27
26 28
26 29
26 30
26 31
26 33
26 34
26 35
26 37
26 38
26 40
26 41
26 42
26 45
26 46
26 48
26 49
26 51
26 52
26 53
26 54
26 55
26 57
26 58
26 60
26 64
26 65
26 69
26 71
26 72
26 73
26 77
26 81
26 82
26 84
26 89
26 26
27 28
27 29
27 30
27 31
27 32
27 33
27 34
27 35
27 37
27 38
27 40
27 43
27 44
27 46
27 50
27 51
27 54
27 57
27 58
27 60
27 68
27 69
27 70
27 71
27 73
27 76
27 80
27 82
27 85
28 30
28 32
28 33
28 34
28 35
28 36
28 37
28 38
28 39
28 41
28 43
28 48
28 49
28 50
28 51
28 55
28 58
28 59
28 60
28 61
28 69
28 70
28 72
28 75
28 78
28 84
28 89
29 30
29 31
29 32
29 33
29 35
29 37
29 38
29 39
29 41
29 44
29 46
29 48
29 49
29 51
29 53
29 54
29 55
29 59
29 60
29 62
29 65
29 69
29 76
29 80
29 84
29 85
29 88
29 89
29 91
30 32
30 33
30 34
30 35
30 36
30 37
30 38
30 41
30 42
30 43
30 44
30 45
30 48
30 50
30 51
30 52
30 53
30 55
30 56
30 57
30 58
30 61
30 63
30 64
30 65
30 71
30 76
30 80
30 85
30 88
30 91
30 92
30 93
31 32
31 35
31 36
31 37
31 38
31 39
31 41
31 42
31 44
31 45
31 49
31 50
31 52
31 53
31 54
31 57
31 58
31 60
31 61
31 63
31 66
31 68
31 69
31 70
31 72
31 73
31 74
31 83
31 86
31 90
31 92
31 93
31 94
32 34
32 35
32 39
32 45
32 48
32 49
32 50
32 51
32 52
32 55
32 57
32 59
32 63
32 64
32 66
32 67
32 68
32 72
32 74
32 78
32 85
32 87
32 91
32 92
32 93
33 34
33 35
33 36
33 37
33 38
33 39
33 42
33 44
33 47
33 48
33 54
33 57
33 60
33 63
33 64
33 65
33 66
33 70
33 87
33 89
33 50
33 74
34 35
34 37
34 39
34 42
34 43
34 44
34 45
34 46
34 47
34 48
34 56
34 58
34 59
34 61
34 63
34 65
34 67
34 71
34 72
34 81
34 88
34 91
35 36
35 37
35 38
35 40
35 41
35 43
35 44
35 48
35 50
35 52
35 59
35 61
35 62
35 63
35 64
35 65
35 68
35 78
35 80
35 82
35 84
35 87
35 92
35 93
35 94
35 51
36 38
36 41
36 43
36 45
36 47
36 48
36 50
36 55
36 57
36 59
36 60
36 61
36 62
36 63
36 64
36 65
36 67
36 72
36 74
36 78
36 79
36 82
36 85
36 89
36 90
36 94
37 39
37 41
37 42
37 43
37 44
37 47
37 50
37 51
37 55
37 56
37 65
37 66
37 67
37 71
37 72
37 79
37 81
37 84
37 86
37 89
38 39
38 43
38 45
38 49
38 52
38 54
38 67
38 68
38 70
38 71
38 75
38 86
38 87
38 90
38 92
38 93
39 40
39 41
39 44
39 46
39 48
39 49
39 50
39 51
39 52
39 53
39 55
39 57
39 64
39 65
39 67
39 71
39 72
39 74
39 75
39 76
39 77
39 79
39 80
39 83
39 84
39 92
39 88
40 45
40 47
40 48
40 50
40 51
40 53
40 56
40 58
40 59
40 60
40 74
40 80
40 90
40 41
40 70
41 42
41 47
41 48
41 52
41 53
41 56
41 57
41 60
41 63
41 64
41 68
41 72
41 73
41 79
41 80
41 81
41 83
41 86
41 88
41 90
42 43
42 44
42 45
42 50
42 51
42 52
42 53
42 56
42 57
42 59
42 62
42 64
42 65
42 66
42 67
42 75
42 77
42 93
43 46
43 47
43 48
43 49
43 50
43 53
43 54
43 58
43 61
43 68
43 72
43 77
43 80
43 81
43 82
43 83
43 85
43 89
43 90
44 47
44 50
44 52
44 54
44 55
44 60
44 61
44 65
44 68
44 69
44 71
44 72
44 76
44 84
44 94
45 52
45 59
45 60
45 61
45 67
45 85
45 89
45 91
46 47
46 57
46 59
46 64
46 65
46 67
46 76
46 80
46 81
46 83
46 86
46 94
46 52
47 49
47 52
47 58
47 59
47 61
47 63
47 66
47 67
47 68
47 69
47 71
47 75
47 76
47 81
47 82
47 83
47 87
47 89
47 94
48 49
48 54
48 55
48 58
48 59
48 66
48 69
48 71
48 73
48 81
48 85
48 88
48 93
49 50
49 58
49 73
49 78
49 83
49 90
49 54
49 71
50 51
50 52
50 55
50 57
50 58
50 59
50 61
50 63
50 65
50 68
50 69
50 70
50 74
50 75
50 77
50 84
50 85
50 87
50 88
50 89
50 91
50 94
51 52
51 56
51 57
51 60
51 61
51 62
51 64
51 77
51 79
51 81
51 86
51 88
51 91
52 54
52 66
52 80
52 82
52 91
52 65
53 54
53 56
53 62
53 66
53 69
53 77
53 80
53 81
54 55
54 56
54 64
54 67
54 70
54 71
54 75
54 76
54 77
54 78
54 82
54 84
54 86
54 88
54 93
54 94
55 61
55 62
55 64
55 65
55 68
55 70
55 71
55 73
55 74
55 77
55 79
55 80
55 84
55 90
55 91
56 59
56 60
56 68
56 70
56 74
56 78
56 86
56 94
57 58
57 62
57 81
57 83
57 91
57 74
58 64
58 66
58 68
58 69
58 73
58 78
58 81
58 83
58 85
58 89
59 67
59 70
59 71
59 75
59 78
59 82
59 83
59 88
59 66
60 61
60 62
60 63
60 66
60 72
60 73
60 75
60 76
60 78
60 80
60 86
60 88
61 67
61 70
61 72
61 74
61 81
61 84
61 87
61 89
61 94
62 66
62 70
62 73
62 74
62 78
62 79
62 82
62 86
62 92
62 93
63 69
63 70
63 74
63 84
63 86
63 92
63 94
64 69
64 77
64 78
64 81
64 84
64 85
64 87
65 69
65 70
65 76
65 80
66 70
66 72
66 75
66 76
66 78
66 84
66 85
66 89
67 73
67 74
67 81
67 87
67 91
68 70
68 71
68 76
68 77
68 79
68 87
68 88
68 89
68 91
68 74
69 72
69 74
69 76
69 87
69 88
70 81
70 82
71 76
71 77
71 84
71 92
72 90
73 75
73 78
73 79
73 81
73 82
73 83
73 88
73 89
74 78
74 80
74 85
74 86
74 90
74 91
75 77
75 79
75 82
75 85
75 92
76 77
76 81
76 84
76 86
76 85
77 85
77 88
78 87
78 91
79 80
79 84
79 88
79 94
80 86
80 93
80 91
81 92
81 91
82 83
82 85
82 88
82 92
82 94
83 87
83 90
84 93
85 90
87 93
87 91
91 94