414014077
15
95
1213
0 15
0 16
0 17
0 18
0 19
0 20
0 21
0 22
0 23
0 24
0 25
0 26
0 29
0 30
0 31
0 32
0 33
0 35
0 36
0 38
0 42
0 45
0 47
0 49
0 50
0 61
0 63
0 64
0 69
0 71
0 72
0 76
0 85
0 86
0 89
1 15
1 16
1 17
1 18
1 19
1 21
1 23
1 25
1 27
1 28
1 29
1 30
1 43
1 44
1 50
1 53
1 55
1 57
1 59
1 68
1 83
1 85
1 86
1 93
2 15
2 16
2 17
2 18
2 22
2 24
2 25
2 26
2 31
2 32
2 35
2 41
2 52
2 54
2 69
2 84
3 15
3 16
3 17
3 18
3 19
3 22
3 23
3 25
3 26
3 27
3 28
3 30
3 31
3 32
3 36
3 39
3 42
3 43
3 46
3 47
3 53
3 56
3 58
3 60
3 63
3 65
3 68
3 69
3 73
3 88
3 90
4 15
4 16
4 17
4 18
4 19
4 21
4 27
4 28
4 32
4 39
4 48
4 51
4 55
4 57
4 59
4 65
4 66
4 71
4 74
4 78
4 85
4 88
5 15
5 16
5 17
5 19
5 20
5 22
5 23
5 26
5 29
5 31
5 33
5 34
5 35
5 39
5 44
5 45
5 48
5 49
5 52
5 56
5 58
5 59
5 71
5 72
5 73
5 76
5 87
5 94
6 15
6 16
6 17
6 18
6 19
6 20
6 22
6 31
6 37
6 41
6 43
6 44
6 48
6 61
6 63
6 67
6 69
6 75
6 77
6 80
6 82
6 90
7 15
7 19
7 20
7 21
7 22
7 23
7 24
7 25
7 27
7 28
7 30
7 33
7 39
7 44
7 46
7 48
7 49
7 55
7 64
7 70
7 72
7 74
7 83
8 15
8 16
8 17
8 18
8 20
8 21
8 24
8 29
8 32
8 33
8 34
8 38
8 39
8 43
8 46
8 62
9 15
9 16
9 17
9 18
9 20
9 21
9 24
9 25
9 26
9 28
9 29
9 31
9 37
9 38
9 39
9 42
9 51
9 52
9 53
9 57
9 60
9 65
9 71
9 79
9 81
9 93
9 94
10 15
10 16
10 17
10 18
10 19
10 20
10 22
10 23
10 24
10 27
10 33
10 37
10 38
10 44
10 48
10 57
10 61
10 73
10 77
10 81
10 91
11 15
11 16
11 20
11 21
11 22
11 24
11 37
11 51
11 64
12 15
12 16
12 17
12 18
12 19
12 21
12 24
12 28
12 30
12 40
12 45
12 60
12 67
12 81
12 91
13 15
13 16
13 17
13 18
13 19
13 20
13 21
13 22
13 23
13 24
13 27
13 29
13 30
13 31
13 34
13 36
13 37
13 41
13 43
13 44
13 48
13 51
13 62
13 66
13 76
13 86
13 89
13 93
13 94
14 15
14 16
14 17
14 18
14 19
14 20
14 21
14 23
14 24
14 25
14 26
14 27
14 28
14 33
14 35
14 36
14 38
14 40
14 44
14 45
14 53
14 54
14 60
14 63
14 64
14 75
14 78
14 79
14 91
15 16
15 17
15 18
15 19
15 20
15 21
15 25
15 26
15 28
15 30
15 31
15 32
15 34
15 35
15 36
15 37
15 38
15 39
15 40
15 41
15 43
15 49
15 50
15 54
15 55
15 56
15 58
15 59
15 61
15 63
15 65
15 66
15 71
15 73
15 74
15 77
15 78
15 84
15 90
16 17
16 18
16 19
16 20
16 21
16 22
16 23
16 24
16 27
16 29
16 30
16 31
16 32
16 34
16 36
16 37
16 40
16 41
16 42
16 43
16 44
16 45
16 46
16 47
16 48
16 50
16 52
16 54
16 55
16 56
16 57
16 58
16 59
16 62
16 63
16 65
16 66
16 68
16 69
16 73
16 74
16 75
16 77
16 82
16 86
16 89
16 80
17 18
17 19
17 20
17 22
17 23
17 24
17 25
17 26
17 28
17 30
17 31
17 33
17 35
17 37
17 40
17 48
17 49
17 51
17 52
17 55
17 57
17 59
17 62
17 70
17 71
17 72
17 73
17 78
17 79
17 83
17 92
17 94
18 19
18 20
18 21
18 22
18 23
18 24
18 25
18 26
18 28
18 29
18 32
18 34
18 35
18 36
18 37
18 38
18 39
18 41
18 46
18 50
18 54
18 55
18 56
18 57
18 59
18 60
18 61
18 62
18 64
18 68
18 70
18 72
18 73
18 75
18 76
18 77
18 78
18 88
18 89
18 92
18 93
18 94
19 20
19 21
19 22
19 23
19 24
19 26
19 28
19 29
19 30
19 33
19 35
19 37
19 38
19 39
19 41
19 42
19 45
19 47
19 49
19 54
19 58
19 66
19 67
19 69
19 70
19 75
19 78
19 83
19 85
19 86
19 88
19 91
19 93
20 21
20 22
20 23
20 25
20 26
20 27
20 28
20 30
20 31
20 32
20 33
20 35
20 36
20 38
20 43
20 46
20 47
20 48
20 49
20 51
20 54
20 55
20 56
20 58
20 59
20 60
20 61
20 62
20 64
20 67
20 68
20 71
20 75
20 76
20 78
20 79
20 80
20 87
20 93
20 94
20 34
21 22
21 23
21 24
21 25
21 26
21 27
21 28
21 29
21 31
21 34
21 35
21 36
21 39
21 40
21 42
21 43
21 50
21 51
21 52
21 56
21 57
21 58
21 59
21 63
21 68
21 70
21 71
21 72
21 73
21 74
21 75
21 77
21 84
21 89
21 90
21 91
21 94
22 23
22 25
22 26
22 27
22 28
22 29
22 30
22 32
22 34
22 37
22 38
22 39
22 40
22 41
22 42
22 43
22 51
22 53
22 55
22 60
22 61
22 62
22 63
22 67
22 68
22 70
22 73
22 74
22 75
22 77
22 79
22 81
22 82
22 86
22 89
22 90
23 25
23 27
23 29
23 32
23 34
23 36
23 40
23 41
23 44
23 45
23 47
23 49
23 50
23 56
23 61
23 64
23 65
23 69
23 75
23 81
23 82
23 85
23 92
23 93
24 25
24 26
24 27
24 29
24 30
24 32
24 33
24 35
24 36
24 38
24 40
24 41
24 45
24 46
24 48
24 49
24 50
24 53
24 56
24 59
24 72
24 73
24 74
24 81
24 83
24 92
24 89
25 26
25 27
25 31
25 33
25 40
25 43
25 46
25 47
25 51
25 52
25 53
25 54
25 58
25 59
25 60
25 61
25 70
25 76
25 78
25 80
25 82
25 87
25 92
26 27
26 29
26 31
26 34
26 35
26 37
26 38
26 39
26 44
26 47
26 49
26 50
26 52
26 53
26 55
26 62
26 66
26 69
26 77
26 80
26 85
26 87
26 89
26 91
26 93
26 94
27 28
27 29
27 34
27 44
27 48
27 50
27 51
27 53
27 54
27 55
27 57
27 66
27 67
27 71
27 72
27 75
27 82
27 84
28 30
28 32
28 33
28 34
28 36
28 37
28 42
28 45
28 46
28 47
28 51
28 55
28 56
28 57
28 58
28 60
28 66
28 69
28 70
28 72
28 75
28 80
28 82
28 83
28 84
28 85
28 87
28 88
28 90
29 30
29 31
29 32
29 33
29 34
29 35
29 36
29 37
29 40
29 41
29 42
29 44
29 46
29 48
29 49
29 50
29 52
29 54
29 58
29 60
29 64
29 77
29 81
29 82
29 88
29 90
30 38
30 40
30 46
30 47
30 54
30 55
30 61
30 62
30 70
30 79
30 88
30 89
30 92
30 94
31 32
31 33
31 34
31 35
31 36
31 37
31 42
31 46
31 47
31 52
31 53
31 55
31 56
31 60
31 61
31 63
31 65
31 70
31 78
31 81
31 83
31 85
31 92
31 94
32 33
32 36
32 42
32 44
32 45
32 46
32 53
32 58
32 64
32 72
32 76
32 81
33 34
33 35
33 41
33 52
33 53
33 57
33 62
33 68
33 75
33 81
33 89
33 92
34 39
34 41
34 42
34 43
34 45
34 48
34 53
34 59
34 62
34 63
34 66
34 74
34 76
34 79
34 87
34 88
34 89
35 40
35 47
35 50
35 51
35 57
35 60
35 62
35 65
35 67
35 69
35 71
35 74
35 76
35 82
35 85
35 86
35 87
35 88
35 90
35 92
36 38
36 39
36 40
36 42
36 43
36 46
36 49
36 50
36 56
36 60
36 61
36 79
36 83
36 84
36 86
36 93
36 94
36 55
37 38
37 40
37 47
37 52
37 54
37 61
37 67
37 68
37 74
37 75
37 76
37 78
37 79
37 88
37 90
37 92
38 39
38 41
38 43
38 44
38 45
38 48
38 49
38 58
38 59
38 64
38 73
38 74
38 84
38 86
38 89
38 72
38 46
39 41
39 47
39 50
39 54
39 55
39 69
39 70
39 71
39 79
39 82
39 85
39 86
39 91
40 42
40 43
40 45
40 49
40 67
40 68
40 70
40 74
40 76
40 80
40 85
40 89
40 93
41 42
41 44
41 57
41 64
41 68
41 83
42 48
42 50
42 59
42 66
42 69
42 71
42 78
42 87
42 91
42 92
43 45
43 54
43 62
43 82
44 45
44 46
44 53
44 56
44 60
44 75
44 88
45 47
45 51
45 53
45 63
45 72
45 73
45 87
45 90
45 91
46 49
46 63
46 67
46 68
46 69
46 70
46 71
46 74
47 51
47 57
47 58
47 60
47 62
47 66
47 67
47 69
47 73
47 80
47 93
48 52
48 57
48 63
48 64
48 72
48 83
48 87
48 92
48 79
48 68
48 82
49 54
49 61
49 63
49 68
49 83
49 91
50 51
50 52
50 58
50 66
50 72
51 52
51 67
51 68
51 76
52 56
52 64
52 65
52 71
52 77
52 91
53 61
53 68
53 77
53 78
53 80
54 56
54 65
54 72
54 79
54 80
54 88
55 59
55 65
55 66
55 80
55 83
56 65
56 67
56 80
56 91
56 93
57 58
57 65
57 66
57 83
57 84
57 86
57 89
58 64
58 65
58 90
58 66
59 62
59 66
59 78
59 83
59 94
60 79
60 81
61 63
61 69
61 70
61 77
61 81
61 94
62 64
62 65
62 67
62 76
62 79
62 84
63 67
63 73
63 84
64 81
65 73
65 82
65 90
65 94
66 77
66 80
66 82
66 84
67 90
67 91
68 70
68 71
68 74
68 79
68 85
68 75
69 75
69 76
69 84
70 72
70 81
70 85
70 86
70 93
71 74
71 77
71 80
71 81
72 81
72 87
72 88
72 90
72 92
73 80
73 82
73 88
73 91
73 94
74 76
74 77
74 78
74 79
74 80
74 84
74 89
75 82
75 87
75 89
76 78
76 84
76 90
76 93
77 87
78 85
78 87
78 88
79 84
81 83
82 85
82 86
83 87
83 91
83 85
84 86
85 86
85 92
88 92
92 93