935898206
20
95
1511
0 20
0 21
0 23
0 26
0 27
0 28
0 31
0 33
0 38
0 39
0 43
0 48
0 54
0 57
0 63
0 69
0 74
0 80
0 83
0 86
1 20
1 21
1 22
1 23
1 24
1 25
1 26
1 27
1 28
1 31
1 32
1 36
1 40
1 43
1 44
1 45
1 47
1 50
1 51
1 58
1 66
1 74
1 78
1 88
1 91
2 20
2 21
2 22
2 23
2 24
2 25
2 27
2 32
2 37
2 44
2 45
2 48
2 55
2 62
2 78
2 80
2 88
3 20
3 21
3 22
3 23
3 24
3 25
3 26
3 29
3 30
3 32
3 34
3 36
3 37
3 38
3 39
3 41
3 42
3 45
3 48
3 50
3 52
3 53
3 55
3 57
3 59
3 65
3 67
3 74
3 79
3 84
3 90
4 20
4 21
4 22
4 23
4 24
4 25
4 27
4 30
4 33
4 34
4 35
4 36
4 40
4 41
4 46
4 47
4 51
4 59
4 61
4 62
4 69
4 70
5 20
5 21
5 24
5 25
5 26
5 27
5 28
5 29
5 30
5 31
5 36
5 38
5 39
5 40
5 42
5 43
5 44
5 45
5 47
5 48
5 49
5 52
5 60
5 65
5 66
5 68
5 76
5 77
5 78
5 85
5 87
5 88
5 91
6 20
6 22
6 23
6 24
6 26
6 29
6 31
6 32
6 34
6 35
6 36
6 39
6 40
6 44
6 46
6 53
6 54
6 56
6 60
6 62
6 64
6 66
6 67
6 75
6 76
6 83
6 85
6 87
6 33
7 20
7 21
7 22
7 23
7 24
7 26
7 28
7 30
7 31
7 32
7 33
7 48
7 49
7 51
7 54
7 58
7 60
7 62
7 68
7 81
7 46
8 20
8 21
8 22
8 23
8 24
8 25
8 26
8 27
8 28
8 29
8 30
8 31
8 33
8 34
8 35
8 36
8 38
8 43
8 44
8 45
8 46
8 47
8 51
8 53
8 57
8 62
8 65
8 66
8 67
8 68
8 70
8 73
8 76
8 77
8 89
8 41
9 20
9 21
9 22
9 23
9 24
9 27
9 28
9 29
9 30
9 31
9 33
9 38
9 40
9 41
9 58
9 59
9 63
9 64
9 76
9 82
9 91
9 92
10 20
10 21
10 22
10 23
10 24
10 25
10 26
10 27
10 28
10 29
10 30
10 31
10 33
10 35
10 36
10 37
10 38
10 40
10 41
10 45
10 48
10 49
10 52
10 53
10 57
10 58
10 65
10 68
10 69
10 72
10 73
10 83
10 84
10 87
10 92
11 20
11 21
11 22
11 23
11 24
11 25
11 26
11 27
11 28
11 29
11 32
11 34
11 37
11 40
11 47
11 49
11 55
11 56
11 62
11 63
11 74
11 76
11 81
11 86
11 88
11 92
11 93
12 20
12 21
12 22
12 23
12 24
12 25
12 27
12 29
12 40
12 44
12 47
12 48
12 49
12 50
12 51
12 54
12 67
12 72
12 74
12 78
12 79
12 81
12 84
12 87
12 90
12 92
13 20
13 21
13 22
13 23
13 24
13 25
13 26
13 32
13 34
13 37
13 41
13 46
13 50
13 54
13 57
13 71
13 72
13 77
13 82
13 83
13 84
13 90
14 20
14 21
14 22
14 23
14 24
14 25
14 27
14 28
14 29
14 30
14 32
14 35
14 37
14 39
14 41
14 42
14 46
14 48
14 50
14 51
14 57
14 61
14 64
14 67
14 68
14 74
14 79
14 81
15 20
15 21
15 22
15 25
15 26
15 28
15 29
15 33
15 34
15 36
15 37
15 39
15 41
15 42
15 47
15 54
15 59
15 62
15 67
15 72
15 78
16 20
16 21
16 22
16 23
16 24
16 25
16 26
16 29
16 31
16 33
16 34
16 35
16 36
16 40
16 42
16 45
16 55
16 57
16 65
16 66
16 67
16 71
16 80
16 81
16 83
16 85
16 86
16 88
16 93
17 20
17 21
17 22
17 23
17 24
17 26
17 30
17 32
17 33
17 35
17 38
17 40
17 45
17 46
17 58
17 73
18 20
18 21
18 22
18 25
18 27
18 28
18 29
18 30
18 31
18 32
18 36
18 41
18 44
18 48
18 50
18 64
18 72
18 73
18 87
18 89
18 49
19 20
19 21
19 22
19 23
19 25
19 26
19 27
19 28
19 30
19 31
19 32
19 33
19 34
19 36
19 38
19 41
19 44
19 45
19 47
19 51
19 53
19 55
19 60
19 61
19 64
19 65
19 71
19 72
19 74
19 75
19 80
20 21
20 22
20 23
20 24
20 25
20 26
20 27
20 28
20 29
20 30
20 31
20 32
20 33
20 34
20 35
20 37
20 41
20 42
20 43
20 44
20 45
20 46
20 47
20 48
20 49
20 50
20 53
20 54
20 56
20 58
20 59
20 60
20 62
20 64
20 66
20 70
20 71
20 72
20 76
20 80
20 83
20 86
21 22
21 23
21 24
21 25
21 26
21 27
21 28
21 29
21 30
21 31
21 33
21 34
21 35
21 36
21 37
21 38
21 39
21 40
21 41
21 42
21 44
21 45
21 46
21 47
21 48
21 49
21 50
21 51
21 52
21 53
21 54
21 56
21 58
21 59
21 62
21 64
21 67
21 69
21 71
21 72
21 73
21 74
21 75
21 77
21 78
21 79
21 81
21 85
21 86
21 87
21 88
21 92
21 94
22 23
22 24
22 25
22 26
22 27
22 28
22 30
22 31
22 32
22 34
22 35
22 37
22 38
22 39
22 41
22 42
22 44
22 46
22 48
22 49
22 50
22 53
22 54
22 55
22 56
22 59
22 60
22 61
22 62
22 63
22 68
22 70
22 71
22 80
22 82
22 88
22 89
22 93
22 94
23 24
23 25
23 26
23 27
23 28
23 29
23 30
23 31
23 32
23 33
23 34
23 35
23 36
23 37
23 38
23 39
23 40
23 42
23 43
23 44
23 45
23 46
23 49
23 50
23 55
23 56
23 58
23 59
23 60
23 61
23 63
23 64
23 66
23 67
23 69
23 74
23 77
23 78
23 82
23 84
23 85
23 87
23 91
23 54
24 25
24 26
24 27
24 28
24 29
24 30
24 31
24 32
24 35
24 36
24 37
24 38
24 39
24 40
24 42
24 43
24 44
24 50
24 51
24 54
24 55
24 56
24 57
24 60
24 61
24 62
24 63
24 65
24 66
24 67
24 68
24 70
24 72
24 74
24 76
24 77
24 78
24 82
24 89
24 90
24 91
24 93
25 26
25 27
25 28
25 29
25 31
25 33
25 34
25 35
25 36
25 37
25 38
25 39
25 40
25 41
25 42
25 43
25 44
25 46
25 47
25 48
25 49
25 51
25 52
25 55
25 57
25 58
25 62
25 64
25 65
25 70
25 73
25 81
25 82
25 84
25 86
26 27
26 28
26 29
26 30
26 31
26 32
26 33
26 34
26 35
26 41
26 42
26 43
26 45
26 46
26 47
26 49
26 50
26 52
26 54
26 56
26 58
26 61
26 69
26 75
26 77
26 81
26 84
27 28
27 29
27 30
27 31
27 32
27 34
27 35
27 36
27 37
27 38
27 39
27 40
27 42
27 43
27 45
27 46
27 47
27 49
27 54
27 55
27 62
27 63
27 65
27 67
27 68
27 72
27 73
27 81
27 82
27 83
27 89
27 94
28 29
28 30
28 32
28 33
28 34
28 35
28 36
28 37
28 38
28 39
28 42
28 43
28 44
28 45
28 54
28 55
28 56
28 57
28 63
28 66
28 69
28 70
28 71
28 72
28 73
28 75
28 77
28 78
28 79
28 80
28 85
28 89
28 90
28 94
28 51
29 30
29 31
29 32
29 33
29 34
29 35
29 36
29 37
29 38
29 39
29 41
29 43
29 44
29 46
29 50
29 51
29 52
29 53
29 54
29 55
29 56
29 60
29 63
29 69
29 72
29 74
29 82
29 87
29 92
30 32
30 33
30 34
30 36
30 39
30 41
30 42
30 45
30 47
30 51
30 52
30 55
30 56
30 57
30 58
30 59
30 60
30 61
30 65
30 68
30 69
30 71
30 75
30 78
30 79
30 84
30 86
30 89
30 94
31 33
31 35
31 37
31 38
31 39
31 40
31 41
31 42
31 43
31 44
31 46
31 47
31 49
31 50
31 51
31 52
31 54
31 56
31 60
31 61
31 63
31 66
31 67
31 70
31 72
31 74
31 76
31 77
31 78
31 82
31 85
31 87
31 92
31 93
32 33
32 41
32 44
32 45
32 48
32 49
32 50
32 53
32 54
32 58
32 60
32 63
32 68
32 70
32 71
32 76
32 79
32 81
32 83
32 84
32 85
32 86
32 88
32 90
32 92
32 93
33 34
33 35
33 36
33 37
33 38
33 39
33 40
33 48
33 49
33 50
33 51
33 52
33 55
33 56
33 57
33 58
33 59
33 63
33 64
33 70
33 74
33 76
33 77
33 78
33 80
33 83
33 86
33 88
34 35
34 37
34 38
34 39
34 40
34 41
34 43
34 46
34 48
34 49
34 50
34 51
34 53
34 55
34 56
34 57
34 59
34 60
34 64
34 65
34 68
34 71
34 75
34 76
34 82
34 83
34 89
34 93
34 94
35 37
35 38
35 39
35 42
35 43
35 45
35 49
35 51
35 52
35 53
35 54
35 57
35 60
35 64
35 66
35 71
35 76
35 79
35 81
35 85
35 90
35 93
36 40
36 44
36 46
36 53
36 61
36 65
36 67
36 71
36 77
36 81
36 85
36 90
37 39
37 42
37 43
37 44
37 45
37 46
37 47
37 50
37 52
37 53
37 58
37 59
37 61
37 66
37 67
37 68
37 70
37 79
37 81
37 83
37 88
37 91
38 40
38 43
38 52
38 53
38 57
38 62
38 66
38 68
38 71
38 77
38 78
38 92
38 42
39 42
39 43
39 47
39 48
39 50
39 51
39 53
39 56
39 61
39 62
39 65
39 66
39 67
39 76
39 79
39 81
39 83
39 86
39 87
39 89
39 91
39 93
40 41
40 46
40 52
40 55
40 56
40 58
40 59
40 60
40 67
40 70
40 73
40 75
40 76
40 86
40 88
40 93
41 42
41 43
41 51
41 63
41 64
41 71
41 84
41 88
41 94
42 43
42 49
42 52
42 54
42 57
42 58
42 59
42 66
42 69
42 71
42 75
42 77
42 79
42 81
42 84
42 89
42 91
42 93
42 94
43 47
43 48
43 51
43 52
43 55
43 62
43 64
43 68
43 72
43 73
44 45
44 46
44 47
44 50
44 53
44 56
44 57
44 59
44 64
44 66
44 68
44 73
44 76
44 82
44 83
44 84
45 47
45 48
45 49
45 52
45 59
45 63
45 67
45 69
45 77
45 78
45 82
45 84
45 85
45 92
46 55
46 58
46 63
46 67
46 71
46 75
46 77
47 48
47 49
47 52
47 53
47 54
47 55
47 56
47 60
47 61
47 63
47 65
47 68
47 69
47 73
47 74
47 75
47 79
47 85
47 90
47 91
48 52
48 53
48 56
48 62
48 66
48 70
48 72
48 78
48 85
48 91
48 92
49 51
49 58
49 60
49 64
49 68
49 71
49 72
49 73
49 75
49 76
49 80
49 84
49 86
49 87
49 88
49 89
49 91
49 92
49 93
50 61
50 64
50 67
50 68
50 69
50 78
50 79
50 88
50 91
50 92
51 52
51 54
51 55
51 60
51 62
51 63
51 65
51 68
51 73
51 75
51 78
51 82
51 84
51 90
51 93
52 53
52 57
52 59
52 72
52 73
52 80
52 82
52 86
52 89
52 93
53 61
53 62
53 63
53 66
53 69
53 87
53 88
53 92
54 57
54 58
54 59
54 61
54 70
54 71
54 72
54 73
54 87
55 56
55 57
55 58
55 62
55 63
55 64
55 65
55 69
55 70
55 75
55 78
55 79
55 80
55 82
55 84
55 88
55 90
56 61
56 65
56 66
56 67
56 69
56 75
56 77
56 79
56 80
56 82
56 85
56 86
56 94
57 59
57 65
57 70
57 73
57 74
57 76
57 82
57 85
57 92
57 93
58 59
58 60
58 61
58 64
58 69
58 72
58 73
58 78
58 80
58 89
58 90
58 92
58 93
59 60
59 61
59 65
60 61
60 64
60 75
60 78
60 79
60 89
60 71
61 65
61 68
61 69
61 74
61 78
61 81
61 82
61 85
61 94
62 63
62 70
62 77
62 80
62 82
62 83
62 86
62 90
62 92
63 75
63 80
63 81
63 87
63 89
63 91
64 69
64 70
64 71
64 72
64 77
64 81
64 83
64 86
64 87
64 91
64 94
65 66
65 70
65 77
65 85
66 73
66 75
66 76
66 79
66 83
66 84
66 86
66 93
67 69
67 86
67 87
67 91
67 94
68 70
68 71
68 74
68 81
68 84
68 87
68 94
68 82
69 80
69 84
69 89
69 91
70 74
70 87
70 94
71 74
71 75
71 85
71 90
71 91
72 73
72 77
72 79
72 80
72 81
72 83
72 92
73 74
73 76
73 80
73 88
73 89
73 91
73 93
74 75
74 83
74 91
75 76
75 79
75 83
75 84
76 80
76 85
76 88
76 89
76 90
76 94
77 86
78 79
78 80
78 90
78 91
79 83
79 88
79 92
80 82
80 90
80 92
81 87
81 89
81 94
82 94
83 85
83 88
84 89
84 94
85 86
85 87
85 94
86 90
87 90
88 93
89 90
90 94
91 93
92 93