733733115
14
95
1138
0 14
0 15
0 16
0 17
0 18
0 19
0 20
0 21
0 22
0 25
0 27
0 30
0 35
0 36
0 42
0 44
0 48
0 50
0 57
0 66
0 68
0 69
0 83
0 84
0 90
1 14
1 17
1 21
1 28
1 33
1 62
1 71
2 14
2 15
2 16
2 17
2 18
2 19
2 20
2 22
2 23
2 24
2 26
2 28
2 29
2 35
2 36
2 37
2 42
2 48
2 53
2 57
2 61
2 62
2 63
2 64
2 66
2 71
2 78
2 80
2 82
2 85
2 87
2 90
2 92
3 14
3 15
3 16
3 17
3 18
3 19
3 20
3 23
3 24
3 26
3 30
3 32
3 38
3 41
3 43
3 45
3 46
3 50
3 56
3 68
3 80
3 91
3 92
4 14
4 15
4 16
4 18
4 19
4 20
4 25
4 28
4 29
4 32
4 36
4 37
4 38
4 41
4 45
4 47
4 49
4 52
4 55
4 58
4 59
4 60
4 64
4 66
4 67
4 72
4 77
4 89
4 93
5 14
5 15
5 16
5 17
5 18
5 19
5 20
5 21
5 22
5 23
5 24
5 27
5 31
5 34
5 35
5 37
5 38
5 39
5 41
5 48
5 52
5 57
5 58
5 59
5 60
5 61
5 73
6 14
6 15
6 16
6 17
6 18
6 20
6 21
6 25
6 36
6 40
6 41
6 48
6 56
6 57
6 74
6 77
6 86
6 93
7 14
7 15
7 16
7 17
7 18
7 19
7 20
7 21
7 23
7 25
7 26
7 27
7 28
7 34
7 35
7 39
7 46
7 49
7 52
7 55
7 59
7 64
7 66
7 68
7 71
7 73
7 79
7 82
7 90
7 92
8 14
8 15
8 17
8 18
8 20
8 21
8 24
8 26
8 31
8 34
8 39
8 49
8 56
8 57
8 58
8 61
8 68
8 72
8 86
9 14
9 15
9 16
9 17
9 18
9 19
9 20
9 21
9 22
9 24
9 25
9 27
9 30
9 31
9 34
9 35
9 37
9 40
9 42
9 43
9 47
9 51
9 52
9 54
9 57
9 64
9 69
9 74
9 77
9 81
9 82
9 67
10 14
10 15
10 16
10 17
10 19
10 22
10 23
10 25
10 26
10 27
10 32
10 33
10 38
10 39
10 40
10 43
10 44
10 47
10 56
10 57
10 58
10 59
10 61
10 66
10 67
10 69
10 70
10 76
10 81
10 86
10 87
11 14
11 15
11 16
11 18
11 21
11 23
11 25
11 30
11 33
11 42
11 45
11 50
11 53
11 60
11 65
11 75
12 14
12 15
12 16
12 17
12 19
12 22
12 33
12 37
12 39
12 43
12 45
12 51
12 55
12 56
12 63
12 64
12 65
12 69
12 71
12 75
12 78
12 83
12 91
13 14
13 15
13 16
13 22
13 23
13 25
13 31
13 32
13 37
13 40
13 43
13 47
13 48
13 51
13 52
13 59
13 70
13 74
13 76
13 78
13 80
13 82
13 88
13 94
14 15
14 16
14 17
14 18
14 19
14 21
14 22
14 23
14 24
14 25
14 26
14 27
14 29
14 30
14 32
14 34
14 37
14 38
14 39
14 42
14 45
14 48
14 51
14 55
14 57
14 59
14 62
14 63
14 70
14 73
14 76
14 80
14 81
14 83
14 92
14 93
14 94
15 16
15 17
15 18
15 19
15 20
15 21
15 22
15 23
15 24
15 25
15 27
15 29
15 30
15 31
15 32
15 33
15 34
15 35
15 36
15 37
15 38
15 39
15 40
15 41
15 43
15 44
15 46
15 49
15 50
15 51
15 54
15 55
15 56
15 61
15 62
15 66
15 68
15 75
15 76
15 78
15 81
15 83
15 84
15 86
15 88
15 90
15 91
15 94
16 17
16 18
16 19
16 20
16 21
16 22
16 23
16 24
16 26
16 28
16 31
16 32
16 33
16 35
16 36
16 37
16 39
16 42
16 43
16 44
16 47
16 50
16 52
16 53
16 55
16 56
16 57
16 60
16 62
16 63
16 64
16 67
16 68
16 69
16 70
16 73
16 77
16 78
16 81
16 85
16 87
17 18
17 19
17 20
17 21
17 22
17 23
17 25
17 26
17 27
17 28
17 29
17 30
17 35
17 36
17 37
17 38
17 42
17 45
17 46
17 54
17 55
17 57
17 60
17 61
17 62
17 63
17 65
17 66
17 67
17 70
17 72
17 79
17 84
17 88
17 90
17 93
17 94
18 19
18 20
18 21
18 23
18 24
18 29
18 30
18 31
18 34
18 36
18 39
18 41
18 43
18 44
18 47
18 48
18 51
18 53
18 55
18 58
18 62
18 63
18 71
18 78
18 80
18 82
18 84
18 89
18 91
18 92
18 93
19 20
19 22
19 24
19 25
19 26
19 27
19 28
19 30
19 32
19 33
19 34
19 35
19 36
19 38
19 39
19 40
19 42
19 49
19 51
19 53
19 55
19 56
19 60
19 64
19 65
19 66
19 67
19 68
19 69
19 72
19 75
19 76
19 79
19 80
19 84
19 85
19 86
19 89
19 91
19 92
19 93
19 94
20 21
20 22
20 23
20 24
20 25
20 26
20 27
20 28
20 29
20 30
20 32
20 33
20 34
20 36
20 37
20 41
20 42
20 44
20 45
20 46
20 49
20 51
20 54
20 57
20 58
20 62
20 63
20 68
20 71
20 73
20 82
20 83
20 87
20 88
20 92
20 93
20 94
21 22
21 23
21 24
21 26
21 27
21 28
21 29
21 30
21 31
21 32
21 34
21 36
21 38
21 41
21 43
21 46
21 50
21 52
21 53
21 57
21 58
21 59
21 61
21 64
21 65
21 68
21 77
21 78
21 79
21 80
21 81
21 83
21 85
21 86
21 87
21 91
22 24
22 26
22 27
22 28
22 29
22 31
22 34
22 41
22 47
22 48
22 49
22 51
22 52
22 60
22 62
22 72
22 75
22 77
22 79
22 85
23 24
23 26
23 28
23 29
23 31
23 33
23 35
23 40
23 41
23 44
23 45
23 46
23 50
23 53
23 55
23 59
23 61
23 69
23 73
23 76
23 83
23 89
23 93
24 25
24 26
24 27
24 30
24 31
24 32
24 39
24 45
24 47
24 52
24 59
24 68
24 76
24 77
24 75
25 28
25 29
25 34
25 38
25 49
25 60
25 61
25 65
25 69
25 71
26 27
26 28
26 29
26 30
26 31
26 32
26 33
26 34
26 36
26 38
26 39
26 40
26 42
26 43
26 47
26 48
26 49
26 51
26 52
26 74
26 78
26 84
26 85
26 93
27 28
27 29
27 30
27 31
27 33
27 35
27 44
27 45
27 46
27 52
27 53
27 54
27 56
27 58
27 59
27 64
27 72
27 73
27 74
27 75
27 77
27 78
27 79
27 83
27 84
27 90
27 93
28 29
28 32
28 40
28 46
28 49
28 50
28 63
28 64
28 67
28 73
28 77
28 78
28 79
28 83
28 84
28 85
28 86
28 90
29 37
29 38
29 42
29 44
29 53
29 69
29 70
29 86
30 31
30 33
30 41
30 47
30 51
30 54
30 61
30 62
30 67
30 84
30 94
31 32
31 33
31 35
31 37
31 39
31 40
31 44
31 52
31 53
31 57
31 64
31 66
31 70
31 72
31 73
31 85
31 88
31 90
31 92
32 33
32 34
32 35
32 36
32 39
32 40
32 41
32 42
32 43
32 44
32 51
32 54
32 55
32 60
32 67
32 75
32 76
32 78
32 82
32 86
32 89
32 90
33 35
33 36
33 38
33 46
33 47
33 48
33 53
33 60
33 66
33 67
33 70
33 71
33 84
34 40
34 42
34 43
34 44
34 45
34 48
34 49
34 61
34 65
34 80
34 81
34 82
34 83
34 89
34 54
35 37
35 40
35 41
35 45
35 52
35 54
35 58
35 62
35 72
35 74
35 79
35 82
35 88
36 38
36 41
36 44
36 47
36 48
36 52
36 53
36 54
36 58
36 68
36 70
36 73
36 79
37 40
37 43
37 47
37 49
37 50
37 53
37 56
37 63
37 64
37 65
37 72
37 76
37 77
37 79
37 84
37 89
37 91
37 92
38 45
38 46
38 49
38 55
38 56
38 62
38 63
38 65
38 74
38 88
38 89
39 46
39 49
39 54
39 59
39 65
39 66
39 70
39 72
39 80
39 89
40 44
40 46
40 48
40 54
40 61
40 66
40 71
40 73
40 74
40 89
40 94
41 42
41 43
41 47
41 50
41 61
41 66
41 70
41 90
41 94
42 45
42 50
42 63
42 75
42 85
42 88
42 90
43 46
43 56
43 60
43 65
43 74
43 75
43 87
43 92
43 93
44 54
44 56
44 65
44 67
44 76
44 86
44 87
44 91
45 48
45 51
45 54
45 61
45 67
45 69
45 77
45 80
45 81
45 86
45 88
46 50
46 59
46 64
46 69
46 70
46 83
47 50
47 56
47 67
47 71
47 75
47 80
47 91
48 50
48 51
48 54
48 55
48 57
48 58
48 76
49 58
49 68
49 78
49 86
50 53
50 58
50 62
50 69
50 71
50 84
50 92
51 55
51 78
51 87
51 83
52 69
52 72
52 87
52 90
53 59
53 60
53 70
53 74
53 85
54 63
54 70
54 73
54 74
54 78
54 90
54 93
56 59
56 62
56 74
56 81
56 82
56 86
56 88
57 58
57 60
57 67
57 71
57 76
57 80
57 83
57 90
58 60
58 63
58 65
58 73
58 88
58 91
59 63
59 65
59 72
59 77
59 81
59 82
59 91
60 68
60 75
60 84
60 85
61 64
61 67
61 71
61 89
62 72
62 75
62 76
62 79
62 82
62 85
63 74
63 88
64 68
64 80
64 81
64 94
65 66
66 82
66 91
67 69
67 73
67 81
67 83
67 87
67 88
68 79
69 77
69 79
69 81
69 83
69 86
70 71
70 74
70 79
70 85
70 88
70 89
71 72
71 76
72 75
72 87
72 89
72 94
73 87
74 75
74 85
75 77
75 81
76 94
77 80
79 82
79 84
79 87
81 92
82 87
83 93
85 92
86 94
87 89
87 91
87 93
88 94
89 91
89 92