325892708
17
95
1362
0 17
0 18
0 19
0 20
0 21
0 22
0 23
0 26
0 28
0 29
0 34
0 37
0 59
0 63
0 74
0 78
0 90
0 58
1 17
1 18
1 19
1 20
1 21
1 23
1 24
1 25
1 26
1 27
1 29
1 30
1 32
1 35
1 36
1 45
1 46
1 47
1 48
1 50
1 64
1 72
1 84
2 17
2 18
2 19
2 20
2 23
2 24
2 25
2 30
2 31
2 33
2 36
2 37
2 40
2 47
2 49
2 50
2 52
2 57
2 58
2 67
2 70
2 71
2 72
2 81
2 87
2 89
2 93
3 17
3 18
3 19
3 20
3 21
3 22
3 24
3 25
3 26
3 27
3 28
3 29
3 32
3 34
3 37
3 38
3 40
3 41
3 42
3 43
3 45
3 55
3 58
3 69
3 80
3 81
3 83
3 90
3 52
4 17
4 18
4 19
4 20
4 21
4 22
4 25
4 27
4 29
4 30
4 32
4 33
4 34
4 38
4 40
4 41
4 42
4 44
4 47
4 49
4 51
4 52
4 53
4 54
4 55
4 58
4 61
4 62
4 64
4 84
4 88
4 89
4 90
4 93
4 72
5 17
5 18
5 19
5 20
5 21
5 22
5 23
5 24
5 25
5 27
5 32
5 33
5 35
5 41
5 47
5 56
5 64
5 67
5 68
5 69
5 70
5 76
5 79
5 81
5 84
5 89
6 17
6 18
6 19
6 20
6 21
6 22
6 23
6 29
6 42
6 45
6 48
6 50
6 53
6 55
6 58
6 62
6 64
6 74
6 78
6 81
6 86
6 88
6 30
7 17
7 18
7 35
7 46
7 87
7 66
8 17
8 18
8 19
8 20
8 25
8 26
8 27
8 36
8 39
8 40
8 41
8 43
8 44
8 48
8 53
8 57
8 64
8 65
8 67
8 88
8 89
8 94
9 17
9 18
9 19
9 20
9 21
9 22
9 23
9 24
9 25
9 26
9 28
9 29
9 30
9 32
9 34
9 37
9 41
9 44
9 46
9 48
9 52
9 56
9 57
9 65
9 68
9 73
9 77
9 82
9 83
9 88
9 91
9 93
10 17
10 18
10 19
10 20
10 21
10 22
10 24
10 26
10 27
10 29
10 34
10 35
10 37
10 38
10 40
10 43
10 45
10 49
10 60
10 65
10 92
10 14
11 17
12 17
12 18
12 19
12 20
12 21
12 22
12 23
12 24
12 26
12 27
12 28
12 29
12 30
12 31
12 32
12 33
12 35
12 36
12 38
12 43
12 44
12 46
12 47
12 49
12 50
12 56
12 61
12 62
12 63
12 67
12 68
12 74
12 75
12 76
12 85
12 87
13 17
13 18
13 19
13 21
13 22
13 23
13 24
13 25
13 26
13 27
13 29
13 33
13 34
13 35
13 39
13 40
13 46
13 55
13 58
13 59
13 63
13 73
13 75
13 79
13 87
13 94
14 17
14 18
14 19
14 20
14 21
14 22
14 23
14 24
14 28
14 29
14 30
14 38
14 39
14 47
14 52
14 57
14 59
14 67
14 72
14 75
14 76
14 78
14 80
14 81
14 84
14 87
14 89
14 94
14 83
15 17
15 18
15 19
15 20
15 21
15 22
15 23
15 25
15 28
15 30
15 31
15 35
15 41
15 43
15 50
15 55
15 66
15 67
15 68
15 79
15 82
16 17
16 18
16 19
16 20
16 21
16 22
16 23
16 24
16 26
16 27
16 29
16 31
16 32
16 34
16 39
16 41
16 42
16 45
16 46
16 48
16 53
16 56
16 59
16 61
16 67
16 68
16 69
16 73
16 78
16 85
16 89
16 40
17 18
17 19
17 20
17 21
17 22
17 23
17 24
17 25
17 26
17 28
17 30
17 31
17 36
17 37
17 38
17 39
17 40
17 43
17 46
17 47
17 49
17 52
17 55
17 56
17 57
17 58
17 62
17 65
17 66
17 67
17 70
17 71
17 72
17 73
17 77
17 86
17 92
17 93
17 94
18 19
18 20
18 21
18 22
18 23
18 24
18 25
18 26
18 27
18 28
18 29
18 30
18 31
18 32
18 33
18 34
18 35
18 36
18 37
18 38
18 39
18 40
18 41
18 42
18 43
18 44
18 45
18 46
18 47
18 50
18 51
18 54
18 55
18 57
18 58
18 60
18 61
18 63
18 66
18 67
18 71
18 73
18 76
18 77
18 81
18 82
18 90
18 92
18 87
19 20
19 21
19 22
19 23
19 24
19 25
19 26
19 27
19 28
19 30
19 31
19 32
19 33
19 34
19 35
19 36
19 37
19 40
19 42
19 44
19 45
19 46
19 47
19 48
19 49
19 50
19 51
19 52
19 53
19 54
19 56
19 60
19 63
19 64
19 68
19 71
19 73
19 76
19 77
19 78
19 80
19 83
19 84
19 85
19 88
19 90
19 70
20 21
20 22
20 23
20 24
20 25
20 26
20 27
20 28
20 29
20 30
20 31
20 34
20 35
20 38
20 39
20 40
20 42
20 43
20 45
20 46
20 47
20 50
20 51
20 52
20 53
20 54
20 55
20 58
20 59
20 60
20 62
20 67
20 74
20 75
20 78
20 83
20 85
20 90
20 92
20 93
20 94
20 56
21 22
21 23
21 24
21 25
21 26
21 28
21 31
21 33
21 35
21 36
21 38
21 39
21 41
21 44
21 48
21 51
21 55
21 56
21 57
21 61
21 62
21 65
21 67
21 69
21 70
21 71
21 73
21 78
21 80
21 81
21 89
21 64
22 23
22 24
22 25
22 26
22 27
22 28
22 30
22 31
22 32
22 33
22 35
22 36
22 37
22 38
22 40
22 41
22 42
22 43
22 44
22 48
22 49
22 51
22 54
22 61
22 64
22 65
22 66
22 68
22 69
22 82
22 83
22 87
22 90
22 92
22 93
22 94
23 24
23 25
23 26
23 27
23 28
23 30
23 32
23 33
23 36
23 37
23 38
23 39
23 43
23 44
23 48
23 49
23 51
23 52
23 53
23 54
23 56
23 64
23 71
23 73
23 75
23 76
23 79
23 85
23 91
23 93
24 25
24 26
24 27
24 28
24 29
24 30
24 31
24 32
24 33
24 34
24 35
24 36
24 37
24 38
24 39
24 44
24 45
24 47
24 48
24 49
24 51
24 53
24 54
24 56
24 59
24 60
24 65
24 66
24 70
24 71
24 73
24 76
24 78
24 79
24 83
24 84
24 85
24 86
24 89
24 91
24 92
24 94
25 27
25 28
25 29
25 30
25 31
25 32
25 33
25 34
25 37
25 38
25 40
25 42
25 44
25 46
25 48
25 51
25 52
25 59
25 60
25 61
25 64
25 67
25 69
25 71
25 74
25 76
25 80
25 82
25 86
25 89
25 92
25 78
26 27
26 28
26 29
26 30
26 31
26 32
26 33
26 34
26 35
26 36
26 41
26 42
26 44
26 46
26 47
26 49
26 54
26 60
26 61
26 65
26 71
26 72
26 73
26 76
26 78
26 82
26 84
26 87
26 88
26 89
26 93
26 94
27 28
27 29
27 31
27 32
27 33
27 34
27 38
27 40
27 41
27 47
27 49
27 51
27 52
27 53
27 54
27 55
27 56
27 59
27 60
27 67
27 68
27 69
27 70
27 79
27 94
28 30
28 31
28 32
28 33
28 34
28 39
28 40
28 41
28 42
28 44
28 48
28 54
28 58
28 64
28 69
28 72
28 74
28 75
28 80
28 81
28 84
28 85
28 86
28 90
28 93
28 55
29 31
29 32
29 36
29 39
29 40
29 43
29 49
29 50
29 54
29 57
29 59
29 60
29 61
29 65
29 69
29 80
29 83
29 88
30 31
30 34
30 37
30 38
30 39
30 42
30 43
30 45
30 47
30 51
30 54
30 57
30 61
30 62
30 63
30 68
30 70
30 72
30 73
30 74
30 75
30 76
30 80
30 82
30 87
30 92
31 33
31 36
31 37
31 38
31 39
31 40
31 41
31 42
31 43
31 45
31 48
31 50
31 54
31 60
31 63
31 66
31 68
31 74
31 75
31 82
31 85
31 86
31 87
31 94
31 79
32 33
32 34
32 35
32 37
32 39
32 42
32 43
32 50
32 53
32 56
32 60
32 63
32 76
32 83
32 90
32 92
32 38
33 35
33 36
33 42
33 45
33 48
33 49
33 50
33 55
33 60
33 66
34 35
34 36
34 37
34 46
34 47
34 50
34 54
34 59
34 60
34 64
34 69
34 74
34 79
34 81
34 89
34 90
34 94
35 36
35 37
35 39
35 41
35 42
35 46
35 47
35 48
35 51
35 52
35 56
35 57
35 59
35 61
35 63
35 64
35 65
35 66
35 69
35 74
35 77
35 79
35 81
35 86
35 87
35 88
35 91
35 38
35 67
36 38
36 39
36 42
36 44
36 45
36 46
36 49
36 51
36 53
36 61
36 64
36 65
36 68
36 70
36 72
36 73
36 75
36 77
36 80
36 81
36 88
36 91
36 94
36 93
37 41
37 45
37 46
37 49
37 50
37 51
37 55
37 57
37 60
37 66
37 67
37 69
37 70
37 74
37 80
37 81
37 85
37 90
38 40
38 43
38 47
38 48
38 57
38 62
38 63
38 65
38 75
38 76
38 82
38 84
38 86
39 41
39 43
39 45
39 51
39 53
39 56
39 57
39 59
39 62
39 64
39 66
39 68
39 72
39 78
39 83
39 85
39 86
39 87
39 89
39 91
39 93
40 43
40 44
40 50
40 52
40 53
40 58
40 62
40 66
40 88
40 89
40 91
41 44
41 46
41 48
41 52
41 59
41 65
41 68
41 69
41 75
41 79
41 81
41 82
41 83
41 89
41 90
41 47
42 44
42 50
42 57
42 59
42 62
42 63
42 70
42 71
42 72
42 74
42 77
42 78
42 80
42 85
42 86
42 94
43 45
43 49
43 55
43 61
43 62
43 64
43 66
43 67
43 72
43 86
43 87
43 48
44 45
44 51
44 54
44 56
44 58
44 59
44 63
44 69
44 70
44 72
44 75
44 77
44 80
44 91
44 68
44 61
45 49
45 52
45 55
45 58
45 63
45 65
45 68
45 73
45 84
45 56
46 50
46 54
46 59
46 60
46 62
46 70
46 71
46 75
46 77
46 86
46 87
46 88
46 90
46 94
46 78
47 51
47 52
47 53
47 56
47 58
47 59
47 70
47 73
47 76
47 83
48 52
48 53
48 54
48 55
48 58
48 61
48 62
48 64
48 67
48 69
48 70
48 73
48 75
48 76
48 77
48 82
48 83
48 85
48 87
48 92
48 93
49 52
49 58
49 63
49 66
49 73
49 78
49 82
49 87
49 90
50 55
50 57
50 65
50 91
50 76
51 53
51 62
51 65
51 66
51 71
51 81
51 92
51 94
52 53
52 56
52 68
52 70
52 74
52 77
52 79
52 83
52 84
52 86
52 89
53 58
53 61
53 75
53 91
53 93
53 83
54 55
54 56
54 57
54 60
54 61
54 63
54 70
54 77
54 79
54 88
54 92
54 93
55 57
55 89
55 67
56 63
56 74
56 81
56 83
56 84
56 88
56 89
56 91
56 79
57 58
57 62
57 71
57 76
57 84
57 85
57 94
57 80
58 63
58 64
58 65
58 66
58 71
58 72
58 77
58 79
58 82
58 84
58 91
59 60
59 61
59 72
59 76
59 77
59 80
59 91
60 62
60 72
60 74
60 80
60 82
60 92
61 68
61 69
61 71
61 72
61 77
61 79
61 87
61 91
61 89
62 66
62 70
62 71
62 75
62 79
62 91
62 93
62 94
62 67
63 69
63 74
63 86
63 90
64 67
64 72
64 77
64 82
64 88
64 91
64 94
65 66
65 71
65 73
65 76
65 78
65 86
65 87
66 68
66 85
66 92
67 78
67 79
67 80
67 91
68 90
69 81
69 86
70 74
70 78
70 80
70 82
70 83
70 84
71 85
72 78
72 88
73 79
73 92
74 75
74 77
74 84
74 85
75 78
75 79
75 93
76 81
76 82
77 92
78 80
78 87
78 93
79 83
79 93
80 86
80 88
81 85
81 89
82 83
83 84
84 90
87 88
90 91
91 92