366347253
18
95
1436
0 18
0 19
0 20
0 21
0 22
0 23
0 24
0 25
0 26
0 27
0 28
0 30
0 31
0 32
0 40
0 42
0 45
0 46
0 47
0 48
0 52
0 67
0 69
0 72
0 78
0 83
0 61
1 18
1 19
1 20
1 21
1 22
1 23
1 24
1 25
1 26
1 27
1 29
1 30
1 31
1 32
1 33
1 41
1 44
1 59
1 61
1 64
1 69
1 75
1 82
1 84
1 93
1 80
2 18
2 19
2 76
2 82
3 18
3 19
3 20
3 21
3 22
3 23
3 24
3 25
3 26
3 30
3 33
3 34
3 37
3 40
3 43
3 48
3 49
3 55
3 57
3 65
3 69
3 71
3 76
3 81
3 87
4 18
4 19
4 20
4 21
4 23
4 24
4 27
4 28
4 32
4 34
4 35
4 36
4 38
4 39
4 43
4 44
4 48
4 55
4 68
4 73
4 80
4 81
4 83
4 84
4 87
4 88
4 78
4 85
5 18
5 19
5 20
5 21
5 22
5 23
5 24
5 26
5 27
5 28
5 34
5 38
5 41
5 51
5 56
5 61
5 64
5 66
5 67
5 68
5 77
5 85
5 92
5 93
5 30
6 18
6 19
6 20
6 21
6 22
6 23
6 24
6 26
6 27
6 29
6 32
6 33
6 39
6 42
6 47
6 50
6 51
6 54
6 58
6 62
6 80
6 81
6 84
6 40
7 18
7 19
7 20
7 21
7 22
7 23
7 24
7 25
7 29
7 32
7 33
7 35
7 36
7 37
7 38
7 41
7 42
7 44
7 45
7 51
7 53
7 56
7 61
7 62
7 70
7 72
7 73
7 83
7 84
7 85
7 87
7 46
7 49
8 18
8 19
8 20
8 21
8 22
8 24
8 25
8 26
8 27
8 28
8 29
8 30
8 31
8 33
8 36
8 37
8 38
8 39
8 40
8 42
8 43
8 47
8 49
8 50
8 54
8 55
8 58
8 59
8 60
8 64
8 84
8 87
8 89
8 56
8 63
9 18
9 19
9 21
9 22
9 23
9 25
9 29
9 33
9 34
9 40
9 42
9 47
9 54
9 63
9 72
9 74
9 82
10 18
10 20
10 21
10 26
10 41
10 64
10 92
10 50
11 18
11 19
11 20
11 22
11 25
11 28
11 30
11 31
11 37
11 41
11 45
11 54
11 76
11 83
11 87
11 38
12 18
12 19
12 20
12 21
12 22
12 23
12 24
12 26
12 28
12 29
12 30
12 31
12 32
12 52
12 53
12 56
12 57
12 63
12 67
12 68
12 70
12 80
12 59
12 58
13 18
13 19
13 20
13 21
13 22
13 23
13 24
13 26
13 27
13 29
13 32
13 35
13 36
13 37
13 39
13 42
13 44
13 49
13 50
13 58
13 60
13 65
13 77
13 78
13 81
13 92
14 18
14 19
14 20
14 22
14 23
14 24
14 25
14 26
14 27
14 32
14 33
14 35
14 39
14 50
14 59
14 61
14 66
14 70
14 79
14 85
14 87
14 92
15 18
15 19
15 20
15 21
15 22
15 23
15 24
15 25
15 27
15 28
15 29
15 30
15 31
15 33
15 34
15 36
15 37
15 38
15 42
15 43
15 46
15 48
15 56
15 58
15 63
15 67
15 71
15 74
15 75
15 80
15 81
15 82
15 83
15 86
15 88
15 92
15 93
16 18
16 19
16 20
16 21
16 22
16 25
16 28
16 32
16 33
16 34
16 36
16 37
16 43
16 47
16 51
16 52
16 54
16 55
16 56
16 60
16 67
16 69
16 85
16 89
16 90
17 18
17 19
17 20
17 21
17 23
17 25
17 27
17 32
17 35
17 36
17 38
17 40
17 68
18 19
18 20
18 21
18 22
18 23
18 24
18 25
18 26
18 27
18 28
18 29
18 30
18 31
18 32
18 35
18 36
18 37
18 38
18 40
18 41
18 44
18 45
18 48
18 50
18 51
18 53
18 57
18 59
18 62
18 64
18 65
18 66
18 67
18 71
18 73
18 74
18 75
18 77
18 83
18 84
18 86
18 91
18 92
19 20
19 21
19 22
19 23
19 24
19 25
19 26
19 27
19 28
19 29
19 30
19 31
19 33
19 34
19 35
19 36
19 37
19 38
19 39
19 40
19 41
19 44
19 45
19 46
19 47
19 49
19 50
19 51
19 52
19 53
19 55
19 56
19 57
19 59
19 61
19 63
19 64
19 65
19 66
19 67
19 68
19 70
19 71
19 73
19 76
19 81
19 82
19 87
19 90
19 93
19 94
20 21
20 22
20 23
20 24
20 25
20 26
20 27
20 28
20 29
20 30
20 31
20 32
20 33
20 34
20 35
20 36
20 40
20 41
20 42
20 43
20 45
20 46
20 47
20 48
20 49
20 51
20 52
20 53
20 56
20 60
20 61
20 62
20 65
20 67
20 68
20 70
20 74
20 79
20 80
20 81
20 82
20 88
20 89
20 91
20 92
20 94
20 57
20 93
21 22
21 23
21 24
21 25
21 26
21 27
21 28
21 29
21 30
21 31
21 32
21 33
21 34
21 35
21 37
21 39
21 40
21 44
21 47
21 48
21 49
21 50
21 51
21 52
21 53
21 55
21 57
21 58
21 59
21 60
21 61
21 64
21 67
21 68
21 69
21 70
21 74
21 75
21 78
21 79
21 81
21 87
21 88
21 91
21 92
21 76
22 23
22 24
22 25
22 26
22 27
22 28
22 29
22 30
22 31
22 32
22 33
22 34
22 35
22 36
22 37
22 38
22 39
22 40
22 42
22 43
22 45
22 46
22 48
22 49
22 51
22 54
22 55
22 59
22 60
22 62
22 63
22 64
22 66
22 67
22 68
22 69
22 70
22 72
22 74
22 77
22 79
22 82
22 83
22 86
22 90
22 93
22 94
22 89
22 56
22 78
23 24
23 25
23 26
23 27
23 28
23 29
23 30
23 31
23 32
23 33
23 34
23 35
23 36
23 37
23 38
23 39
23 41
23 43
23 44
23 46
23 48
23 49
23 50
23 51
23 54
23 56
23 59
23 61
23 63
23 66
23 69
23 71
23 74
23 75
23 78
23 84
23 85
23 87
23 89
23 93
23 23
23 55
24 25
24 26
24 28
24 29
24 30
24 31
24 33
24 34
24 35
24 36
24 39
24 41
24 44
24 46
24 47
24 48
24 51
24 52
24 55
24 57
24 60
24 62
24 63
24 70
24 71
24 81
25 26
25 27
25 28
25 29
25 31
25 33
25 34
25 36
25 37
25 38
25 39
25 41
25 42
25 43
25 44
25 47
25 48
25 51
25 53
25 54
25 55
25 56
25 57
25 60
25 62
25 63
25 65
25 72
25 73
25 74
25 77
25 78
25 80
25 84
25 85
25 86
25 87
25 88
25 90
25 92
26 27
26 28
26 30
26 31
26 32
26 35
26 38
26 39
26 40
26 42
26 45
26 46
26 49
26 50
26 52
26 53
26 54
26 58
26 61
26 64
26 66
26 67
26 69
26 70
26 77
26 81
26 82
26 86
26 89
26 93
26 71
27 28
27 29
27 30
27 32
27 34
27 37
27 39
27 40
27 41
27 42
27 43
27 44
27 47
27 49
27 50
27 54
27 56
27 57
27 59
27 64
27 65
27 68
27 74
27 77
27 79
27 84
27 87
27 88
28 29
28 30
28 31
28 32
28 33
28 34
28 35
28 37
28 38
28 39
28 43
28 45
28 47
28 49
28 50
28 52
28 58
28 59
28 61
28 62
28 63
28 64
28 65
28 68
28 69
28 70
28 71
28 77
28 78
28 79
28 80
28 83
28 86
28 87
28 90
28 91
29 30
29 31
29 34
29 35
29 38
29 39
29 40
29 45
29 50
29 51
29 52
29 53
29 55
29 56
29 58
29 60
29 62
29 65
29 68
29 71
29 76
29 78
29 79
29 82
29 85
29 90
29 94
29 84
30 31
30 33
30 34
30 35
30 36
30 37
30 38
30 40
30 41
30 42
30 44
30 45
30 49
30 53
30 58
30 59
30 60
30 62
30 65
30 68
30 69
30 70
30 72
30 73
30 78
30 88
30 91
30 93
31 35
31 39
31 42
31 45
31 46
31 54
31 56
31 57
31 60
31 61
31 64
31 71
31 76
31 78
31 84
31 87
31 89
31 92
32 36
32 41
32 46
32 50
32 51
32 52
32 55
32 56
32 57
32 60
32 62
32 63
32 65
32 67
32 69
32 70
32 80
32 84
32 86
32 90
32 94
32 79
33 34
33 36
33 37
33 38
33 39
33 40
33 44
33 45
33 48
33 52
33 58
33 59
33 65
33 66
33 68
33 69
33 70
33 76
33 78
33 83
33 86
33 87
33 91
33 94
33 89
34 35
34 36
34 40
34 42
34 43
34 44
34 47
34 48
34 49
34 51
34 53
34 57
34 61
34 66
34 68
34 72
34 74
34 76
34 78
34 84
34 85
34 86
34 88
34 89
34 90
34 91
34 94
35 38
35 40
35 41
35 42
35 43
35 46
35 47
35 50
35 52
35 53
35 54
35 56
35 61
35 62
35 69
35 70
35 79
35 83
35 89
35 93
36 37
36 43
36 44
36 46
36 53
36 55
36 57
36 58
36 59
36 60
36 63
36 64
36 71
36 76
36 81
36 82
36 85
36 91
37 38
37 39
37 40
37 42
37 43
37 48
37 50
37 58
37 60
37 69
37 82
37 86
37 88
37 90
37 92
37 94
37 59
38 41
38 46
38 48
38 58
38 64
38 65
38 73
38 76
38 78
39 41
39 42
39 43
39 45
39 46
39 47
39 50
39 53
39 59
39 68
39 77
39 88
39 89
39 91
39 93
39 48
40 41
40 43
40 44
40 45
40 46
40 47
40 49
40 50
40 51
40 52
40 55
40 57
40 58
40 61
40 65
40 67
40 71
40 73
40 75
40 81
40 82
40 85
40 88
40 90
41 44
41 46
41 49
41 55
41 56
41 58
41 60
41 64
41 71
41 72
41 74
41 75
41 79
41 80
41 83
41 89
41 94
41 61
42 43
42 45
42 46
42 48
42 49
42 52
42 60
42 63
42 66
42 71
42 73
42 78
42 85
42 86
42 91
42 93
43 44
43 45
43 47
43 48
43 51
43 53
43 54
43 55
43 57
43 69
43 80
43 91
43 73
43 83
43 86
44 45
44 46
44 49
44 56
44 58
44 66
44 68
44 75
44 77
44 80
44 81
44 91
44 86
45 47
45 48
45 52
45 55
45 56
45 59
45 62
45 63
45 64
45 66
45 68
45 70
45 72
45 74
45 76
45 78
45 83
45 92
46 52
46 58
46 61
46 63
46 67
46 74
46 75
46 77
46 79
46 80
46 83
46 86
46 88
46 89
46 91
46 92
46 93
46 94
47 49
47 54
47 55
47 57
47 58
47 62
47 65
47 67
47 69
47 71
47 73
47 77
47 81
47 82
47 84
47 87
48 54
48 57
48 61
48 65
48 71
48 72
48 74
48 91
48 66
49 50
49 51
49 52
49 53
49 54
49 56
49 62
49 67
49 70
49 71
49 72
49 73
49 79
49 81
49 82
49 85
50 54
50 60
50 66
50 70
50 75
50 76
50 79
50 83
51 53
51 59
51 62
51 66
51 72
51 73
51 75
51 79
51 84
51 90
51 92
51 68
52 53
52 54
52 67
52 73
52 79
52 85
52 86
52 89
53 63
53 78
53 79
53 83
53 85
53 72
54 55
54 59
54 62
54 66
54 71
54 74
54 75
54 87
54 90
54 94
55 57
55 61
55 63
55 73
55 76
55 79
55 92
55 93
56 57
56 62
56 74
56 78
56 82
56 86
56 92
57 59
57 88
58 60
58 70
58 73
58 75
58 77
58 85
58 90
58 91
58 93
58 94
59 64
59 66
59 76
59 77
59 82
59 90
59 67
60 61
60 63
60 72
60 75
60 78
60 79
60 85
60 88
60 94
61 64
61 65
61 66
61 71
61 72
61 76
61 78
61 79
61 80
61 85
61 89
61 84
62 63
62 72
62 80
62 84
62 86
62 88
62 93
63 72
63 73
63 87
63 89
63 90
63 93
64 65
64 66
64 75
64 77
64 68
65 67
65 68
65 80
65 82
65 90
65 92
65 93
65 86
66 69
66 72
66 80
66 83
66 88
66 91
67 69
67 77
67 82
67 70
68 74
68 76
68 84
68 94
69 75
69 77
69 81
69 90
69 92
70 80
70 81
70 85
71 72
71 73
71 84
71 79
72 73
72 75
72 77
72 81
72 83
73 74
73 75
73 76
73 89
74 88
74 92
75 76
75 80
75 89
75 91
75 94
76 82
77 84
77 86
77 88
77 93
78 87
80 86
80 89
81 83
81 90
82 85
82 89
82 91
82 92
83 91
84 93
85 86
85 94
86 92
88 94
90 94
92 94