969472257
1
95
169
0 1
0 2
0 3
0 4
0 5
0 6
0 7
0 9
0 10
0 12
0 13
0 16
0 17
0 18
0 19
0 21
0 26
0 36
0 38
0 41
0 42
0 45
0 61
0 67
0 71
0 80
0 82
0 55
0 15
0 22
0 37
0 47
0 56
0 87
0 92
1 34
1 2
1 70
2 8
2 14
2 22
2 23
2 49
2 50
2 57
2 29
3 84
3 34
3 59
3 75
4 89
5 62
6 15
6 47
6 35
6 43
7 33
8 37
8 44
8 46
8 70
8 78
8 84
8 64
9 11
10 34
10 28
12 30
12 41
12 24
13 35
13 31
13 17
14 93
14 19
14 66
15 27
15 64
15 66
15 86
15 20
15 71
16 30
16 39
17 31
17 33
17 39
17 53
17 78
18 40
18 79
19 20
19 24
19 25
19 28
19 62
19 85
19 26
19 31
21 73
21 33
23 73
24 54
24 69
24 76
25 29
25 76
25 72
25 44
27 51
27 29
27 63
29 93
30 32
30 79
30 85
30 46
31 47
31 52
31 55
31 63
32 85
33 34
34 43
34 81
34 48
34 49
35 60
35 52
36 59
36 40
36 67
36 89
38 59
39 91
40 53
40 70
40 57
41 50
41 72
42 72
42 83
42 43
43 58
43 75
43 80
46 54
47 48
49 65
49 69
49 77
49 87
50 71
51 56
51 68
52 79
54 90
54 55
54 83
55 88
55 92
59 74
60 68
61 71
71 74
71 77
71 91
76 94
76 88