841402135
28
95
1884
0 28
0 29
0 30
0 31
0 32
0 34
0 35
0 36
0 37
0 40
0 41
0 43
0 44
0 45
0 46
0 47
0 48
0 50
0 52
0 58
0 69
0 70
0 82
0 90
1 28
1 29
1 30
1 31
1 32
1 33
1 34
1 35
1 36
1 37
1 40
1 42
1 43
1 44
1 46
1 49
1 66
1 86
1 88
1 92
2 28
2 29
2 30
2 31
2 32
2 34
2 35
2 36
2 37
2 38
2 42
2 43
2 45
2 46
2 49
2 57
2 58
2 60
2 61
2 73
2 79
2 86
2 87
2 93
2 94
3 28
3 29
3 30
3 32
3 33
3 35
3 36
3 38
3 40
3 41
3 42
3 44
3 46
3 50
3 53
3 55
3 57
3 58
3 59
3 64
3 65
3 68
3 70
3 72
3 73
3 76
3 81
3 89
3 90
3 91
3 93
3 94
4 28
4 29
4 30
4 31
4 32
4 33
4 34
4 35
4 36
4 37
4 38
4 39
4 40
4 41
4 42
4 43
4 44
4 47
4 51
4 52
4 53
4 55
4 56
4 57
4 60
4 61
4 62
4 63
4 64
4 70
4 73
4 79
4 80
4 81
4 86
4 87
4 88
5 28
5 30
5 31
5 32
5 33
5 34
5 35
5 37
5 38
5 39
5 42
5 44
5 45
5 47
5 49
5 52
5 56
5 61
5 62
5 63
5 66
5 68
5 69
5 72
5 83
6 28
6 29
6 30
6 31
6 32
6 33
6 34
6 35
6 37
6 38
6 39
6 40
6 41
6 42
6 43
6 45
6 48
6 53
6 55
6 56
6 58
6 60
6 61
6 62
6 65
6 68
6 69
6 71
6 72
6 78
6 79
6 82
6 83
6 84
6 86
6 87
6 92
6 94
7 28
7 29
7 30
7 31
7 32
7 33
7 34
7 35
7 36
7 37
7 38
7 39
7 40
7 43
7 44
7 45
7 47
7 49
7 50
7 51
7 52
7 53
7 56
7 59
7 62
7 63
7 64
7 65
7 73
7 75
7 76
7 79
7 80
7 86
7 89
8 28
8 29
8 30
8 31
8 32
8 34
8 35
8 36
8 42
8 46
8 50
8 53
8 64
8 84
9 28
9 29
9 30
9 31
9 32
9 33
9 34
9 35
9 36
9 37
9 38
9 39
9 41
9 42
9 43
9 47
9 48
9 51
9 55
9 56
9 57
9 59
9 60
9 63
9 64
9 66
9 82
9 84
10 28
10 29
10 30
10 31
10 32
10 33
10 34
10 35
10 38
10 39
10 40
10 41
10 42
10 43
10 47
10 49
10 50
10 52
10 56
10 57
10 66
10 67
10 75
10 78
10 82
10 88
11 28
11 29
11 30
11 31
11 32
11 33
11 36
11 37
11 38
11 39
11 41
11 42
11 43
11 46
11 47
11 48
11 50
11 52
11 54
11 55
11 57
11 58
11 60
11 68
11 69
11 70
11 71
11 72
11 74
11 76
11 78
11 81
11 82
11 85
11 87
12 28
12 29
12 30
12 31
12 32
12 34
12 35
12 37
12 38
12 39
12 40
12 41
12 42
12 43
12 48
12 50
12 51
12 54
12 55
12 58
12 59
12 61
12 63
12 67
12 71
12 77
12 87
12 89
12 90
13 28
13 29
13 30
13 31
13 33
13 34
13 35
13 37
13 39
13 40
13 44
13 45
13 46
13 49
13 57
13 59
13 63
13 64
13 77
13 90
13 94
13 78
14 28
14 29
14 30
14 31
14 34
14 35
14 40
14 41
14 44
14 47
14 49
14 51
14 52
14 54
14 62
14 65
14 67
14 68
14 70
14 73
14 75
14 81
14 82
14 86
14 89
14 90
14 92
14 94
15 28
15 29
15 30
15 32
15 33
15 34
15 35
15 36
15 37
15 39
15 40
15 41
15 42
15 43
15 45
15 46
15 48
15 49
15 53
15 54
15 55
15 60
15 63
15 64
15 66
15 70
15 71
15 72
15 84
15 85
15 86
15 94
16 28
16 29
16 30
16 31
16 33
16 34
16 36
16 39
16 40
16 41
16 42
16 45
16 46
16 47
16 48
16 57
16 61
16 64
16 66
16 70
16 80
16 83
16 86
17 28
17 29
17 30
17 31
17 32
17 33
17 34
17 35
17 36
17 38
17 39
17 40
17 41
17 44
17 47
17 49
17 52
17 56
17 57
17 66
17 67
17 69
17 72
17 73
17 76
17 79
17 83
17 88
17 93
18 28
18 29
18 30
18 31
18 33
18 34
18 35
18 36
18 37
18 38
18 39
18 40
18 41
18 42
18 45
18 46
18 48
18 49
18 50
18 51
18 53
18 54
18 59
18 61
18 65
18 67
18 72
18 74
18 85
18 87
18 92
19 28
19 29
19 32
19 33
19 34
19 36
19 39
19 47
19 52
19 56
19 60
19 65
19 68
19 70
19 78
19 93
20 28
20 29
20 30
20 31
20 32
20 33
20 34
20 35
20 36
20 37
20 38
20 39
20 40
20 41
20 42
20 43
20 45
20 47
20 48
20 49
20 50
20 51
20 59
20 60
20 61
20 67
20 68
20 71
20 73
20 74
20 79
20 81
20 88
20 90
20 91
20 92
20 93
20 94
21 28
21 29
21 30
21 31
21 32
21 33
21 34
21 35
21 36
21 37
21 38
21 40
21 42
21 44
21 46
21 49
21 50
21 53
21 55
21 57
21 58
21 60
21 62
21 71
21 74
21 76
21 85
22 28
22 29
22 30
22 31
22 32
22 33
22 38
22 40
22 43
22 44
22 49
22 50
22 51
22 54
22 59
22 62
22 65
22 68
22 75
22 78
22 81
22 85
22 88
23 28
23 29
23 30
23 31
23 32
23 33
23 34
23 35
23 37
23 38
23 40
23 43
23 45
23 46
23 47
23 51
23 55
23 56
23 58
23 59
23 61
23 64
23 66
23 70
23 71
23 74
23 84
23 87
23 93
24 28
24 29
24 30
24 31
24 32
24 33
24 34
24 36
24 37
24 38
24 39
24 40
24 41
24 43
24 44
24 45
24 46
24 51
24 55
24 56
24 57
24 58
24 64
24 65
24 71
24 72
24 76
24 77
24 81
24 85
24 86
24 88
24 89
24 93
25 28
25 29
25 31
25 32
25 33
25 35
25 36
25 37
25 42
25 43
25 44
25 45
25 49
25 50
25 54
25 56
25 58
25 60
25 61
25 66
25 70
25 72
25 74
25 75
25 78
25 81
25 82
25 83
25 85
25 86
25 87
25 92
26 28
26 29
26 30
26 31
26 32
26 33
26 36
26 37
26 41
26 43
26 46
26 49
26 51
26 52
26 54
26 55
26 57
26 61
26 64
26 67
26 70
26 74
26 75
26 77
26 78
26 80
26 83
26 92
26 94
27 28
27 29
27 30
27 31
27 32
27 33
27 36
27 37
27 38
27 39
27 40
27 44
27 46
27 47
27 48
27 56
27 58
27 60
27 70
27 79
27 83
27 84
27 89
27 93
27 94
28 29
28 30
28 31
28 32
28 33
28 34
28 35
28 36
28 37
28 38
28 39
28 40
28 41
28 42
28 43
28 44
28 45
28 46
28 47
28 48
28 49
28 51
28 52
28 53
28 54
28 55
28 56
28 57
28 58
28 59
28 60
28 61
28 62
28 64
28 65
28 66
28 67
28 69
28 71
28 75
28 77
28 78
28 81
28 83
28 85
28 86
28 87
28 88
28 90
28 91
28 92
28 93
28 94
29 30
29 31
29 32
29 33
29 34
29 35
29 36
29 37
29 38
29 39
29 40
29 41
29 42
29 43
29 44
29 45
29 46
29 48
29 50
29 54
29 55
29 56
29 57
29 58
29 61
29 65
29 66
29 69
29 73
29 74
29 75
29 77
29 78
29 79
29 81
29 84
29 85
29 86
29 91
29 92
29 94
30 31
30 32
30 33
30 34
30 35
30 36
30 37
30 38
30 39
30 40
30 41
30 43
30 44
30 45
30 46
30 47
30 48
30 50
30 51
30 52
30 53
30 54
30 55
30 56
30 58
30 59
30 61
30 62
30 63
30 64
30 65
30 66
30 67
30 68
30 70
30 75
30 76
30 78
30 79
30 83
30 84
30 85
30 88
30 89
30 91
30 92
30 93
31 32
31 33
31 34
31 35
31 36
31 37
31 38
31 39
31 40
31 41
31 42
31 43
31 44
31 45
31 48
31 49
31 50
31 51
31 52
31 53
31 54
31 59
31 60
31 62
31 64
31 65
31 66
31 67
31 68
31 69
31 71
31 72
31 73
31 74
31 75
31 76
31 77
31 82
31 85
31 88
31 89
32 33
32 34
32 35
32 36
32 37
32 38
32 39
32 40
32 41
32 42
32 46
32 48
32 50
32 51
32 52
32 53
32 54
32 56
32 57
32 58
32 59
32 60
32 63
32 64
32 65
32 66
32 67
32 68
32 69
32 71
32 72
32 74
32 75
32 78
32 79
32 80
32 81
32 82
32 83
32 84
32 87
32 88
32 89
32 90
32 91
32 92
32 93
32 94
33 34
33 35
33 36
33 37
33 38
33 39
33 41
33 42
33 43
33 44
33 45
33 47
33 48
33 49
33 51
33 52
33 53
33 54
33 55
33 56
33 57
33 58
33 59
33 60
33 61
33 62
33 64
33 65
33 67
33 70
33 72
33 75
33 77
33 79
33 80
33 81
33 83
33 84
33 85
33 86
33 87
33 88
33 90
33 93
34 35
34 36
34 37
34 38
34 39
34 40
34 41
34 42
34 43
34 44
34 45
34 46
34 48
34 49
34 51
34 52
34 53
34 58
34 59
34 61
34 62
34 63
34 65
34 66
34 67
34 69
34 70
34 71
34 72
34 73
34 74
34 75
34 77
34 82
34 84
34 85
34 87
34 90
34 91
34 92
34 93
34 68
35 36
35 37
35 38
35 39
35 41
35 44
35 45
35 46
35 47
35 48
35 49
35 50
35 51
35 52
35 53
35 54
35 55
35 57
35 60
35 61
35 62
35 63
35 68
35 74
35 75
35 76
35 77
35 78
35 79
35 82
35 87
35 89
35 90
35 92
35 93
35 94
36 38
36 39
36 41
36 43
36 44
36 45
36 46
36 47
36 48
36 50
36 52
36 54
36 55
36 56
36 58
36 60
36 63
36 64
36 65
36 66
36 67
36 68
36 73
36 77
36 79
36 80
36 81
36 84
36 89
36 90
36 92
36 94
36 40
37 38
37 39
37 41
37 42
37 43
37 44
37 45
37 46
37 47
37 48
37 49
37 50
37 51
37 52
37 54
37 55
37 60
37 63
37 64
37 65
37 66
37 67
37 70
37 71
37 72
37 73
37 76
37 80
37 81
37 83
37 85
37 87
37 89
37 91
37 92
37 93
37 94
38 39
38 40
38 41
38 42
38 44
38 45
38 46
38 47
38 48
38 49
38 50
38 51
38 53
38 54
38 56
38 57
38 59
38 60
38 62
38 63
38 65
38 66
38 68
38 73
38 74
38 75
38 78
38 79
38 80
38 81
38 82
38 86
38 89
39 40
39 42
39 43
39 44
39 45
39 47
39 48
39 49
39 51
39 52
39 53
39 55
39 56
39 58
39 59
39 61
39 62
39 63
39 65
39 66
39 68
39 72
39 77
39 82
39 83
39 85
40 41
40 42
40 43
40 44
40 46
40 47
40 48
40 50
40 51
40 53
40 54
40 55
40 57
40 58
40 62
40 63
40 64
40 66
40 67
40 73
40 77
40 78
40 79
40 81
40 82
40 83
40 86
40 87
40 88
40 93
41 42
41 43
41 45
41 46
41 47
41 49
41 50
41 53
41 54
41 55
41 57
41 58
41 59
41 60
41 61
41 62
41 64
41 65
41 66
41 67
41 68
41 77
41 79
41 82
41 83
41 85
41 88
41 89
41 91
41 94
42 44
42 45
42 47
42 48
42 50
42 51
42 52
42 53
42 56
42 57
42 59
42 61
42 63
42 64
42 65
42 66
42 67
42 68
42 69
42 70
42 71
42 74
42 76
42 78
42 83
42 87
42 88
42 90
42 91
42 92
43 44
43 45
43 46
43 48
43 49
43 50
43 52
43 53
43 55
43 59
43 62
43 64
43 65
43 68
43 69
43 71
43 72
43 82
43 83
43 85
43 88
43 89
43 93
44 45
44 46
44 47
44 48
44 49
44 50
44 52
44 53
44 54
44 55
44 56
44 59
44 61
44 62
44 63
44 66
44 67
44 68
44 69
44 70
44 71
44 76
44 79
44 80
44 86
44 88
44 90
44 92
44 93
45 47
45 49
45 50
45 51
45 52
45 53
45 54
45 55
45 57
45 58
45 59
45 60
45 61
45 62
45 63
45 66
45 67
45 69
45 71
45 73
45 74
45 75
45 78
45 80
45 84
45 85
45 91
45 92
46 47
46 48
46 51
46 52
46 53
46 54
46 57
46 59
46 61
46 63
46 64
46 67
46 68
46 69
46 70
46 73
46 74
46 75
46 76
46 79
46 80
46 84
46 85
46 86
46 89
46 91
46 92
47 48
47 50
47 51
47 53
47 54
47 59
47 63
47 66
47 67
47 68
47 69
47 71
47 72
47 74
47 75
47 76
47 77
47 83
47 84
47 86
47 87
47 91
47 94
48 49
48 50
48 51
48 52
48 54
48 55
48 56
48 58
48 60
48 61
48 62
48 67
48 69
48 72
48 74
48 75
48 76
48 77
48 78
48 80
48 81
48 82
48 83
48 87
48 90
48 92
49 53
49 54
49 56
49 57
49 58
49 59
49 60
49 62
49 63
49 64
49 66
49 69
49 72
49 79
49 80
49 81
49 82
49 85
50 51
50 52
50 53
50 54
50 58
50 60
50 62
50 67
50 69
50 70
50 72
50 73
50 74
50 75
50 76
50 80
50 83
50 84
50 86
50 94
51 52
51 54
51 55
51 56
51 59
51 65
51 67
51 68
51 70
51 71
51 72
51 73
51 74
51 77
51 78
51 80
51 81
51 82
51 83
51 84
51 85
51 86
51 88
51 91
51 93
52 53
52 55
52 56
52 57
52 61
52 62
52 65
52 68
52 69
52 73
52 75
52 77
52 80
52 81
52 84
52 85
52 90
53 56
53 57
53 58
53 61
53 63
53 69
53 71
53 72
53 75
53 76
53 77
53 78
53 79
53 82
53 85
53 87
53 88
53 93
54 55
54 56
54 57
54 58
54 60
54 62
54 65
54 68
54 69
54 70
54 71
54 76
54 77
54 78
54 80
54 81
54 82
54 87
54 91
54 93
55 57
55 61
55 63
55 65
55 66
55 68
55 69
55 71
55 72
55 73
55 74
55 76
55 77
55 78
55 80
55 87
55 88
56 59
56 60
56 62
56 63
56 64
56 73
56 74
56 78
56 79
56 81
56 84
56 86
56 88
56 93
57 58
57 59
57 60
57 62
57 63
57 65
57 71
57 72
57 74
57 75
57 76
57 79
57 82
57 84
57 87
57 89
57 90
58 60
58 61
58 62
58 63
58 64
58 68
58 69
58 71
58 73
58 76
58 80
58 82
58 85
58 89
58 94
59 64
59 67
59 71
59 72
59 73
59 74
59 75
59 76
59 78
59 82
59 83
59 84
59 85
59 86
59 87
59 88
59 89
59 90
59 91
59 92
59 62
60 65
60 69
60 71
60 77
60 79
60 81
60 82
60 83
60 85
60 86
60 88
60 90
60 93
60 94
61 63
61 70
61 71
61 79
61 81
61 83
61 91
62 66
62 69
62 73
62 75
62 78
62 80
62 84
62 88
62 89
62 93
62 94
63 64
63 67
63 73
63 74
63 77
63 79
63 80
63 82
64 67
64 68
64 70
64 72
64 76
64 79
64 80
64 87
64 91
64 92
64 94
65 69
65 73
65 74
65 75
65 78
65 79
65 80
65 88
65 89
65 90
65 91
66 69
66 70
66 72
66 76
66 79
66 80
66 82
66 86
66 91
67 68
67 70
67 72
67 73
67 76
67 77
67 78
67 82
67 89
67 85
68 70
68 71
68 83
68 86
68 94
69 70
69 77
69 81
69 89
69 91
70 76
70 77
70 83
70 84
70 91
71 75
71 78
71 92
72 73
72 74
72 75
72 76
72 78
72 80
72 89
72 92
72 93
72 94
73 74
73 80
73 81
74 77
74 81
74 88
74 90
74 91
74 93
75 76
75 81
75 84
75 85
75 87
75 90
75 94
76 77
76 80
76 84
76 86
76 87
76 88
76 89
77 89
78 84
78 87
78 89
78 91
78 92
78 93
79 83
79 84
79 85
79 86
79 90
79 92
79 91
80 86
80 89
80 80
81 83
82 93
83 84
83 88
83 90
84 87
84 90
84 92
84 94
85 92
85 94
86 94
87 90
87 91
88 90
88 91
89 90
89 91
89 93
90 91