964710897
16
95
1287
0 16
0 17
0 18
0 19
0 20
0 21
0 22
0 24
0 27
0 32
0 33
0 34
0 36
0 38
0 39
0 40
0 47
0 48
0 49
0 50
0 57
0 66
0 67
0 74
0 79
0 80
0 85
0 93
0 94
1 16
1 17
1 18
1 19
1 20
1 21
1 23
1 26
1 33
1 37
1 41
1 42
1 54
1 55
1 58
1 60
1 61
1 62
1 63
1 65
1 66
1 72
1 80
1 81
1 85
1 87
1 22
2 16
2 17
2 18
2 19
2 20
2 21
2 23
2 25
2 26
2 27
2 28
2 29
2 35
2 37
2 40
2 42
2 43
2 46
2 47
2 54
2 60
2 63
2 83
2 84
2 72
3 16
3 17
3 18
3 19
3 21
3 23
3 28
3 30
3 36
3 40
3 49
3 58
3 62
3 63
3 65
3 78
3 79
3 85
3 90
3 8
4 16
4 17
4 18
4 20
4 21
4 24
4 25
4 26
4 27
4 31
4 35
4 36
4 37
4 38
4 41
4 42
4 43
4 48
4 49
4 53
4 54
4 61
4 64
4 66
4 67
4 81
4 84
4 89
4 91
5 16
5 17
5 18
5 19
5 20
5 21
5 22
5 23
5 24
5 25
5 26
5 28
5 29
5 31
5 32
5 34
5 35
5 37
5 38
5 39
5 40
5 44
5 46
5 49
5 50
5 51
5 53
5 57
5 59
5 60
5 62
5 63
5 68
5 71
5 75
5 76
5 78
5 82
5 83
5 85
5 86
5 92
5 7
6 16
6 17
6 18
6 20
6 22
6 26
6 30
6 31
6 36
6 38
6 40
6 44
6 50
6 58
6 59
6 63
6 71
6 73
6 86
7 16
7 17
7 18
7 19
7 22
7 23
7 24
7 28
7 29
7 31
7 34
7 35
7 36
7 38
7 41
7 60
7 65
7 67
7 69
7 71
7 75
7 76
7 81
7 85
7 88
7 93
7 94
7 86
8 16
8 17
8 18
8 19
8 20
8 21
8 22
8 24
8 25
8 26
8 27
8 28
8 29
8 31
8 33
8 34
8 48
8 55
8 56
8 57
8 58
8 61
8 63
8 68
8 84
8 89
9 16
9 17
9 18
9 19
9 21
9 24
9 25
9 27
9 28
9 29
9 30
9 31
9 32
9 35
9 42
9 48
9 50
9 56
9 64
9 68
9 71
9 89
9 91
9 92
10 16
10 17
10 18
10 20
10 23
10 30
10 32
10 49
10 53
10 57
10 66
10 83
10 90
10 93
11 16
11 17
11 18
11 19
11 21
11 22
11 23
11 25
11 30
11 32
11 42
11 44
11 47
11 49
11 50
11 53
11 56
11 83
11 84
11 87
12 16
12 17
12 18
12 19
12 20
12 22
12 24
12 26
12 28
12 30
12 35
12 36
12 39
12 41
12 45
12 46
12 52
12 63
12 67
12 85
12 94
12 40
12 74
13 16
13 17
13 19
13 20
13 21
13 22
13 27
13 29
13 30
13 34
13 41
13 50
13 62
13 66
13 70
13 74
13 78
13 80
13 81
13 83
13 87
13 89
13 90
14 16
14 17
14 18
14 19
14 20
14 22
14 23
14 24
14 25
14 26
14 30
14 42
14 43
14 51
14 82
14 86
14 91
15 16
15 19
15 20
15 21
15 22
15 23
15 33
15 38
15 42
15 48
15 50
15 51
15 71
15 72
15 49
16 17
16 18
16 19
16 20
16 21
16 22
16 23
16 24
16 25
16 27
16 28
16 29
16 30
16 31
16 32
16 33
16 34
16 35
16 36
16 38
16 39
16 40
16 41
16 44
16 46
16 47
16 48
16 51
16 52
16 53
16 54
16 56
16 57
16 58
16 59
16 63
16 64
16 65
16 66
16 68
16 69
16 70
16 74
16 75
16 79
16 81
16 83
16 84
16 85
16 87
16 90
16 93
16 94
17 18
17 19
17 20
17 21
17 22
17 23
17 24
17 25
17 26
17 27
17 29
17 31
17 32
17 33
17 35
17 36
17 37
17 38
17 40
17 41
17 43
17 44
17 46
17 47
17 48
17 52
17 54
17 55
17 56
17 59
17 60
17 61
17 62
17 65
17 69
17 71
17 75
17 76
17 78
17 81
17 86
17 88
17 89
17 90
17 93
18 19
18 20
18 21
18 22
18 23
18 24
18 25
18 26
18 27
18 28
18 32
18 33
18 34
18 37
18 38
18 39
18 40
18 43
18 45
18 48
18 51
18 53
18 56
18 57
18 58
18 59
18 64
18 67
18 68
18 69
18 70
18 71
18 72
18 73
18 78
18 80
18 81
18 84
18 89
18 91
18 66
19 20
19 21
19 22
19 23
19 24
19 25
19 26
19 27
19 28
19 29
19 30
19 31
19 32
19 35
19 37
19 38
19 42
19 43
19 46
19 47
19 48
19 49
19 52
19 53
19 54
19 61
19 66
19 67
19 69
19 70
19 72
19 73
19 75
19 76
19 77
19 78
19 92
19 94
19 19
19 57
20 21
20 22
20 23
20 24
20 25
20 26
20 27
20 28
20 29
20 32
20 33
20 34
20 35
20 36
20 37
20 38
20 39
20 43
20 46
20 47
20 52
20 53
20 56
20 57
20 64
20 66
20 68
20 69
20 73
20 74
20 76
20 79
20 82
20 86
20 87
20 88
20 89
20 91
20 59
21 22
21 23
21 24
21 25
21 28
21 29
21 32
21 33
21 34
21 36
21 41
21 45
21 46
21 47
21 52
21 56
21 60
21 62
21 66
21 70
21 71
21 73
21 74
21 79
21 85
21 86
21 90
22 23
22 24
22 25
22 26
22 27
22 28
22 30
22 31
22 33
22 34
22 36
22 39
22 40
22 43
22 44
22 45
22 46
22 47
22 48
22 51
22 52
22 54
22 57
22 59
22 61
22 63
22 64
22 71
22 73
22 76
22 79
22 82
22 84
22 86
22 92
23 24
23 25
23 26
23 27
23 28
23 30
23 31
23 34
23 36
23 37
23 40
23 41
23 42
23 43
23 45
23 52
23 53
23 54
23 59
23 63
23 67
23 68
23 70
23 75
23 76
23 84
23 87
23 88
24 25
24 26
24 27
24 29
24 30
24 31
24 32
24 34
24 36
24 37
24 38
24 39
24 40
24 43
24 45
24 56
24 59
24 61
24 62
24 63
24 65
24 69
24 75
24 83
24 85
24 87
24 93
25 26
25 27
25 28
25 29
25 31
25 32
25 33
25 35
25 36
25 37
25 40
25 42
25 43
25 44
25 45
25 49
25 50
25 51
25 55
25 56
25 57
25 58
25 61
25 67
25 70
25 71
25 72
25 73
25 75
25 82
25 84
25 87
25 93
26 27
26 29
26 30
26 33
26 34
26 37
26 39
26 42
26 43
26 45
26 46
26 47
26 49
26 52
26 53
26 58
26 61
26 62
26 71
26 75
26 76
26 78
26 79
26 83
26 89
27 28
27 29
27 31
27 32
27 33
27 34
27 35
27 39
27 41
27 42
27 43
27 48
27 50
27 54
27 55
27 57
27 59
27 60
27 66
27 70
27 71
27 77
27 86
27 88
27 89
27 91
27 94
27 73
28 29
28 30
28 33
28 34
28 38
28 40
28 41
28 47
28 48
28 49
28 59
28 64
28 65
28 67
28 74
28 75
28 85
28 86
28 79
29 30
29 31
29 32
29 34
29 39
29 42
29 44
29 47
29 48
29 51
29 58
29 62
29 66
29 69
29 72
29 73
29 75
29 77
29 82
29 90
29 92
30 31
30 35
30 39
30 41
30 42
30 44
30 45
30 46
30 49
30 50
30 51
30 52
30 54
30 56
30 57
30 58
30 60
30 62
30 71
30 75
30 76
30 81
30 86
30 87
30 88
30 89
30 91
30 94
31 32
31 33
31 35
31 37
31 38
31 40
31 41
31 42
31 45
31 47
31 49
31 52
31 54
31 55
31 62
31 65
31 67
31 74
31 79
31 81
32 33
32 35
32 36
32 37
32 39
32 41
32 43
32 44
32 46
32 48
32 50
32 55
32 56
32 57
32 60
32 63
32 68
32 71
32 73
32 74
32 76
32 80
32 83
32 87
32 91
33 40
33 47
33 49
33 61
33 70
33 74
33 87
33 90
33 91
33 92
33 94
34 35
34 37
34 42
34 43
34 44
34 45
34 46
34 48
34 49
34 52
34 53
34 55
34 62
34 72
34 74
34 82
34 83
34 85
34 92
34 79
34 47
34 64
35 36
35 39
35 52
35 53
35 55
35 57
35 66
35 67
35 83
35 84
35 90
36 37
36 38
36 45
36 49
36 50
36 51
36 58
36 59
36 62
36 64
36 68
36 75
36 89
36 91
37 38
37 39
37 44
37 45
37 50
37 54
37 55
37 58
37 59
37 60
37 64
37 69
37 71
37 74
37 78
37 80
37 84
37 86
37 93
38 39
38 44
38 47
38 51
38 55
38 56
38 60
38 69
38 74
38 77
38 78
38 79
38 81
38 87
38 88
39 40
39 41
39 44
39 45
39 46
39 50
39 55
39 56
39 57
39 64
39 65
39 69
39 70
39 76
39 78
39 82
39 83
39 84
39 92
39 93
39 94
39 59
40 41
40 50
40 53
40 55
40 65
40 66
40 67
40 69
40 70
40 73
40 77
40 80
41 44
41 45
41 47
41 52
41 61
41 64
41 65
41 70
41 73
41 83
41 86
41 91
42 43
42 45
42 46
42 48
42 50
42 51
42 58
42 62
42 68
42 70
42 75
42 76
42 80
42 91
43 44
43 51
43 53
43 54
43 55
43 60
43 63
43 66
43 67
43 68
43 72
43 73
43 81
44 49
44 51
44 55
44 59
44 63
44 64
44 69
44 77
44 82
44 87
44 90
44 94
45 46
45 51
45 61
45 65
45 72
45 77
45 78
45 79
45 80
45 89
45 90
45 92
46 52
46 54
46 55
46 60
46 61
46 67
46 70
46 76
46 77
46 78
46 84
46 86
47 52
47 54
47 57
47 60
47 88
47 89
48 61
48 64
48 70
48 77
48 88
48 52
49 53
49 54
49 61
49 70
49 71
49 72
49 74
49 79
49 89
49 94
50 51
50 59
50 60
50 67
50 78
50 81
50 83
50 85
50 86
50 92
51 53
51 56
51 76
51 80
51 91
51 94
52 59
52 63
52 69
52 77
52 91
52 92
53 59
53 68
53 72
53 79
53 80
53 81
53 82
53 90
53 93
54 56
54 61
54 62
54 64
54 65
54 72
54 76
54 77
54 79
55 57
55 58
55 64
55 66
55 88
56 58
56 65
56 80
56 90
56 92
56 93
57 58
57 60
57 63
57 64
57 65
57 93
58 62
58 73
58 82
58 87
58 93
59 68
59 72
59 77
59 78
59 84
60 66
60 72
60 74
60 82
61 65
61 68
62 67
62 69
62 81
62 89
62 94
62 75
63 88
63 94
64 68
64 72
64 73
64 85
64 86
65 68
65 73
65 93
66 74
66 77
66 80
66 82
66 88
66 92
67 77
68 69
68 72
68 82
69 76
69 78
69 79
69 83
69 88
69 86
70 73
70 75
71 84
71 87
71 90
72 74
72 78
72 90
72 91
73 77
73 82
74 75
74 77
74 79
74 80
74 89
75 80
75 90
76 81
76 87
76 91
77 79
77 85
77 86
77 90
78 80
78 83
79 81
80 91
81 82
81 84
81 94
82 85
82 92
82 94
84 85
84 88
85 88
86 92
87 88
88 92
89 93
92 93