247510042
12
95
1064
0 12
0 13
0 14
0 15
0 18
0 19
0 24
0 26
0 32
0 37
0 46
0 49
0 54
0 55
0 56
0 60
0 62
0 64
0 70
0 77
0 84
0 87
1 12
1 13
1 17
1 18
1 20
1 22
1 26
1 27
1 28
1 34
1 35
1 39
1 49
1 50
1 51
1 71
1 86
1 87
1 91
2 12
2 13
2 14
2 16
2 17
2 22
2 23
2 24
2 26
2 30
2 31
2 33
2 34
2 45
2 49
2 60
2 61
2 70
2 71
2 76
2 78
2 82
2 84
2 86
2 87
2 88
2 91
2 5
2 27
2 35
2 36
2 73
2 79
3 12
3 13
3 14
3 15
3 16
3 17
3 18
3 19
3 21
3 23
3 24
3 25
3 27
3 28
3 33
3 40
3 42
3 43
3 45
3 46
3 48
3 55
3 59
3 61
3 62
3 64
3 72
3 75
3 85
3 90
3 92
3 52
3 83
4 12
4 13
4 14
4 15
4 16
4 17
4 19
4 20
4 21
4 23
4 24
4 25
4 29
4 39
4 41
4 43
4 44
4 45
4 48
4 53
4 55
4 62
4 64
4 74
4 75
4 80
4 82
4 47
4 61
5 12
5 13
5 14
5 15
5 16
5 18
5 21
5 22
5 25
5 29
5 30
5 37
5 52
5 65
5 75
5 91
5 47
6 12
6 14
6 15
6 17
6 18
6 19
6 20
6 22
6 27
6 30
6 31
6 33
6 36
6 39
6 41
6 49
6 54
6 61
6 62
6 63
6 65
6 70
6 74
6 77
6 79
6 82
6 88
6 80
6 93
7 12
7 13
7 14
7 15
7 16
7 17
7 18
7 20
7 21
7 26
7 29
7 34
7 36
7 37
7 38
7 40
7 41
7 43
7 49
7 50
7 53
7 58
7 59
7 63
7 65
7 69
7 72
7 80
7 74
8 12
8 13
8 14
8 16
8 18
8 23
8 26
8 35
8 47
8 49
8 59
8 71
8 73
8 84
9 12
9 13
9 14
9 15
9 16
9 17
9 18
9 19
9 20
9 23
9 25
9 26
9 32
9 38
9 40
9 42
9 43
9 44
9 46
9 48
9 50
9 57
9 59
9 74
9 77
9 78
9 83
9 92
9 93
9 81
9 30
9 80
10 12
10 13
10 14
10 15
10 16
10 19
10 21
10 22
10 24
10 28
10 35
10 37
10 44
10 50
10 52
10 56
10 58
10 67
10 72
10 77
10 86
10 89
10 10
11 12
11 13
11 15
11 19
11 21
11 22
11 24
11 26
11 27
11 28
11 31
11 33
11 42
11 44
11 48
11 52
11 60
11 68
11 73
11 91
11 93
11 59
11 20
12 13
12 14
12 15
12 16
12 17
12 18
12 19
12 20
12 21
12 22
12 23
12 26
12 27
12 28
12 29
12 30
12 31
12 32
12 33
12 34
12 35
12 37
12 39
12 40
12 41
12 44
12 45
12 47
12 48
12 50
12 51
12 59
12 60
12 61
12 62
12 64
12 65
12 66
12 67
12 78
12 79
12 81
12 82
12 83
12 84
12 87
12 88
12 93
12 94
12 70
13 14
13 15
13 16
13 17
13 19
13 20
13 21
13 22
13 23
13 25
13 28
13 29
13 30
13 32
13 36
13 38
13 39
13 42
13 43
13 46
13 52
13 53
13 56
13 58
13 60
13 62
13 66
13 67
13 76
13 77
13 78
13 86
13 81
14 15
14 16
14 17
14 18
14 20
14 21
14 22
14 23
14 25
14 29
14 30
14 31
14 41
14 45
14 46
14 58
14 69
14 74
14 75
14 80
14 81
14 83
14 85
14 89
14 91
14 38
14 62
15 16
15 17
15 21
15 23
15 24
15 26
15 27
15 28
15 30
15 34
15 36
15 39
15 40
15 49
15 67
15 70
15 72
15 74
15 77
15 80
15 83
15 91
15 92
15 33
16 17
16 18
16 19
16 20
16 21
16 22
16 26
16 29
16 30
16 31
16 32
16 33
16 37
16 40
16 45
16 46
16 47
16 50
16 55
16 56
16 58
16 66
16 67
16 73
16 74
16 76
16 77
16 78
16 79
16 83
16 84
16 89
16 90
16 92
16 93
16 94
16 86
16 64
17 18
17 19
17 20
17 22
17 23
17 24
17 25
17 27
17 28
17 30
17 32
17 34
17 35
17 39
17 41
17 42
17 45
17 46
17 47
17 52
17 54
17 56
17 61
17 62
17 65
17 66
17 69
17 71
17 76
17 78
17 84
17 85
17 86
17 88
17 94
17 17
17 21
17 92
18 19
18 20
18 21
18 23
18 24
18 25
18 32
18 33
18 34
18 36
18 37
18 40
18 42
18 44
18 49
18 53
18 60
18 61
18 64
18 66
18 67
18 69
18 71
18 79
18 86
18 87
18 88
18 90
18 94
18 22
18 48
19 20
19 22
19 24
19 25
19 27
19 28
19 31
19 34
19 35
19 36
19 38
19 39
19 40
19 41
19 44
19 46
19 48
19 53
19 54
19 58
19 61
19 68
19 72
19 75
19 77
19 78
19 85
19 32
20 24
20 25
20 26
20 27
20 29
20 30
20 31
20 33
20 41
20 43
20 47
20 49
20 52
20 54
20 57
20 66
20 67
20 69
20 70
20 73
20 75
20 84
20 85
20 88
20 94
20 55
20 60
21 23
21 24
21 25
21 27
21 28
21 29
21 32
21 33
21 34
21 35
21 36
21 38
21 41
21 42
21 48
21 49
21 50
21 52
21 54
21 55
21 58
21 59
21 64
21 72
21 78
21 82
21 85
21 86
21 93
22 31
22 33
22 35
22 36
22 37
22 38
22 39
22 41
22 42
22 43
22 44
22 45
22 57
22 58
22 59
22 63
22 64
22 65
22 71
22 73
23 27
23 30
23 31
23 33
23 34
23 35
23 36
23 38
23 42
23 50
23 51
23 52
23 54
23 55
23 56
23 63
23 76
23 78
23 80
23 87
23 88
23 89
23 91
23 82
24 25
24 27
24 28
24 29
24 30
24 43
24 47
24 48
24 49
24 55
24 60
24 73
24 76
24 88
24 66
25 26
25 31
25 32
25 34
25 40
25 42
25 44
25 46
25 60
25 61
25 62
25 64
25 65
25 66
25 67
25 68
25 75
25 80
25 84
25 90
25 94
25 55
26 29
26 34
26 44
26 46
26 47
26 64
26 66
26 86
26 91
26 28
27 28
27 29
27 32
27 33
27 37
27 41
27 43
27 60
27 70
27 81
27 90
27 92
27 67
28 31
28 32
28 35
28 37
28 38
28 40
28 47
28 48
28 50
28 51
28 54
28 57
28 65
28 71
28 79
28 81
28 90
29 35
29 36
29 38
29 39
29 40
29 48
29 51
29 53
29 79
29 93
29 75
30 37
30 39
30 44
30 52
30 56
30 73
30 80
30 84
30 93
31 32
31 35
31 36
31 39
31 49
31 50
31 51
31 56
31 63
31 65
31 68
31 79
31 82
31 87
31 90
31 43
32 36
32 43
32 45
32 47
32 53
32 54
32 63
32 72
32 73
32 74
32 76
32 81
33 40
33 43
33 48
33 54
33 58
33 63
33 71
33 72
33 75
33 77
33 85
33 92
33 50
34 38
34 47
34 51
34 70
34 76
34 82
34 35
35 52
35 54
35 79
35 80
35 85
35 92
35 84
36 37
36 38
36 53
36 57
36 58
36 65
36 67
36 68
36 71
36 77
36 89
36 94
37 38
37 45
37 47
37 52
37 59
37 65
37 88
37 37
38 42
38 43
38 51
38 59
38 66
38 68
38 70
38 72
38 75
38 81
38 83
38 87
38 88
39 41
39 42
39 50
39 51
39 53
39 57
39 74
39 90
39 92
39 45
40 45
40 53
40 61
40 72
40 75
40 85
40 86
40 68
41 46
41 47
41 57
41 58
41 68
41 73
41 82
41 87
41 67
41 77
42 52
42 56
42 60
42 61
42 71
42 47
43 44
43 45
43 46
43 48
43 55
43 57
43 64
43 69
43 74
43 82
43 89
43 90
43 92
43 51
43 68
44 53
44 56
44 62
44 64
44 77
44 78
44 83
44 87
44 89
44 44
45 51
45 54
45 56
45 67
45 69
45 73
45 63
46 55
46 62
46 83
47 50
47 51
47 53
47 63
47 65
47 66
47 69
47 86
47 88
48 51
48 57
48 60
48 72
48 87
48 90
49 55
49 68
49 74
49 76
50 57
50 68
50 91
50 74
51 55
51 57
51 60
51 68
51 69
51 73
51 75
52 55
52 59
52 61
52 62
52 83
52 85
52 89
53 59
53 63
53 69
53 81
53 87
54 56
54 61
54 63
55 57
55 59
55 63
55 68
55 69
55 71
55 79
55 81
55 89
55 93
55 94
56 58
56 63
56 70
56 83
56 92
56 94
56 71
57 67
57 73
57 81
57 89
57 94
58 66
58 74
58 83
58 89
59 79
59 80
59 89
60 62
60 79
60 91
61 70
61 82
61 94
62 64
62 72
62 75
62 90
62 93
62 78
63 69
63 75
63 82
64 73
65 66
65 67
65 80
65 91
65 73
66 70
67 68
67 81
67 82
67 85
67 87
67 88
67 90
67 93
68 70
68 71
68 91
68 92
69 77
70 74
70 80
71 76
71 81
72 76
72 84
72 92
72 91
73 76
73 79
73 80
73 81
74 78
75 84
75 85
75 86
76 78
77 84
77 91
78 83
78 86
79 94
80 89
80 93
81 85
82 90
83 93
90 94