507788482
23
95
1660
0 23
0 24
0 25
0 26
0 28
0 30
0 33
0 34
0 36
0 37
0 38
0 41
0 46
0 55
0 56
0 58
0 59
0 67
0 69
0 72
0 74
0 88
1 23
1 24
1 25
1 26
1 27
1 28
1 29
1 30
1 31
1 32
1 33
1 34
1 36
1 37
1 39
1 40
1 41
1 44
1 48
1 49
1 50
1 51
1 53
1 55
1 56
1 57
1 61
1 62
1 64
1 71
1 72
1 79
1 80
1 82
1 83
1 85
1 86
1 88
1 94
1 73
2 23
2 24
2 25
2 26
2 27
2 28
2 29
2 31
2 33
2 34
2 37
2 39
2 41
2 47
2 50
2 51
2 54
2 55
2 57
2 66
2 67
2 70
2 74
2 76
2 77
2 83
2 89
2 90
2 94
3 23
3 24
3 25
3 26
3 27
3 29
3 30
3 31
3 32
3 33
3 34
3 36
3 39
3 40
3 41
3 42
3 45
3 46
3 48
3 54
3 55
3 57
3 62
3 65
3 66
3 67
3 69
3 70
3 71
3 73
3 76
3 78
3 82
3 87
3 88
3 92
3 93
3 94
4 23
4 24
4 25
4 26
4 27
4 28
4 29
4 30
4 31
4 32
4 33
4 34
4 36
4 38
4 40
4 46
4 49
4 52
4 55
4 61
4 62
4 64
4 65
4 69
4 70
4 71
4 82
4 94
5 23
5 24
5 25
5 26
5 27
5 28
5 29
5 30
5 33
5 34
5 35
5 38
5 45
5 47
5 49
5 54
5 55
5 56
5 61
5 65
5 66
5 77
5 83
5 91
6 23
6 24
6 25
6 26
6 27
6 29
6 30
6 32
6 35
6 36
6 37
6 39
6 40
6 44
6 45
6 46
6 50
6 52
6 54
6 56
6 57
6 64
6 66
6 67
6 69
6 70
6 71
6 86
6 87
6 93
6 94
7 23
7 24
7 25
7 28
7 31
7 41
7 55
7 58
7 71
7 72
7 82
8 23
8 24
8 25
8 26
8 27
8 28
8 29
8 30
8 31
8 32
8 34
8 35
8 36
8 38
8 39
8 43
8 45
8 46
8 48
8 49
8 51
8 55
8 64
8 69
8 72
8 75
8 76
8 77
8 86
8 87
8 90
8 93
8 67
9 23
9 24
9 25
9 26
9 27
9 28
9 29
9 30
9 31
9 32
9 33
9 35
9 37
9 39
9 43
9 45
9 47
9 52
9 53
9 61
9 62
9 63
9 65
9 73
9 75
9 76
9 79
9 81
9 86
9 87
10 23
10 24
10 25
10 26
10 27
10 28
10 29
10 30
10 31
10 34
10 35
10 37
10 41
10 43
10 47
10 49
10 54
10 58
10 65
10 67
10 72
10 76
10 90
11 23
11 24
11 25
11 27
11 28
11 29
11 34
11 35
11 36
11 37
11 38
11 40
11 42
11 45
11 49
11 52
11 56
11 57
11 58
11 61
11 62
11 63
11 65
11 66
11 67
11 68
11 69
11 70
11 73
11 74
11 75
11 77
11 78
11 83
11 85
11 91
11 92
11 94
12 23
12 24
12 25
12 26
12 27
12 30
12 32
12 33
12 37
12 49
12 53
12 57
12 59
12 63
12 71
12 74
12 75
12 84
12 85
12 87
12 92
13 23
13 24
13 26
13 27
13 28
13 29
13 30
13 31
13 33
13 34
13 36
13 38
13 40
13 41
13 43
13 46
13 50
13 52
13 55
13 60
13 71
13 73
13 75
13 83
13 90
13 93
14 23
14 24
14 25
14 26
14 27
14 29
14 30
14 31
14 33
14 35
14 37
14 42
14 49
14 53
14 74
14 77
14 78
14 83
14 85
14 86
14 90
14 91
15 23
15 24
15 25
15 26
15 28
15 29
15 30
15 31
15 32
15 33
15 37
15 45
15 48
15 53
15 61
15 63
15 68
15 75
15 79
15 84
15 86
16 23
16 40
16 46
16 52
16 81
17 23
17 24
17 25
17 26
17 27
17 28
17 29
17 31
17 32
17 35
17 36
17 37
17 38
17 44
17 46
17 47
17 50
17 51
17 53
17 55
17 60
17 64
17 73
17 78
17 83
18 23
18 24
18 25
18 26
18 27
18 28
18 29
18 30
18 31
18 32
18 35
18 37
18 38
18 39
18 40
18 41
18 42
18 44
18 46
18 47
18 50
18 53
18 55
18 56
18 59
18 63
18 64
18 65
18 68
18 94
19 23
19 24
19 25
19 26
19 27
19 28
19 29
19 30
19 32
19 33
19 34
19 35
19 36
19 38
19 40
19 44
19 45
19 47
19 48
19 49
19 52
19 53
19 55
19 58
19 61
19 62
19 66
19 67
19 68
19 75
19 78
19 83
19 89
20 23
20 24
20 25
20 26
20 27
20 28
20 29
20 31
20 32
20 33
20 35
20 38
20 39
20 40
20 42
20 43
20 44
20 45
20 46
20 50
20 61
20 65
20 67
20 86
20 88
20 89
20 94
21 23
21 24
21 25
21 26
21 27
21 28
21 30
21 32
21 34
21 37
21 38
21 39
21 41
21 42
21 44
21 47
21 55
21 56
21 62
21 69
21 70
21 73
21 74
21 77
21 79
21 83
21 89
21 91
21 92
22 23
22 24
22 25
22 26
22 27
22 28
22 30
22 31
22 32
22 36
22 37
22 38
22 39
22 42
22 44
22 47
22 50
22 63
22 68
22 69
22 70
22 73
22 80
22 82
22 88
22 91
23 24
23 25
23 26
23 27
23 28
23 29
23 30
23 31
23 32
23 33
23 34
23 35
23 36
23 37
23 38
23 39
23 40
23 41
23 42
23 43
23 44
23 47
23 48
23 49
23 51
23 52
23 53
23 56
23 59
23 61
23 64
23 67
23 72
23 74
23 77
23 78
23 79
23 80
23 82
23 84
23 86
23 88
23 89
23 91
23 94
24 25
24 26
24 27
24 28
24 29
24 30
24 31
24 32
24 33
24 34
24 35
24 40
24 41
24 42
24 43
24 44
24 45
24 47
24 48
24 49
24 50
24 53
24 54
24 56
24 57
24 59
24 60
24 62
24 63
24 64
24 66
24 67
24 68
24 69
24 70
24 71
24 72
24 74
24 76
24 77
24 78
24 79
24 81
24 82
24 85
24 86
24 87
24 88
24 89
24 90
24 92
24 94
25 26
25 27
25 28
25 29
25 31
25 32
25 33
25 34
25 35
25 36
25 37
25 38
25 39
25 40
25 41
25 43
25 44
25 46
25 48
25 49
25 50
25 51
25 57
25 59
25 60
25 62
25 63
25 64
25 65
25 67
25 69
25 70
25 73
25 74
25 75
25 76
25 77
25 78
25 79
25 80
25 81
25 84
25 85
25 87
25 89
25 90
25 91
25 92
26 27
26 28
26 29
26 30
26 31
26 32
26 33
26 34
26 35
26 36
26 37
26 38
26 39
26 41
26 42
26 43
26 44
26 45
26 46
26 49
26 50
26 52
26 53
26 54
26 55
26 57
26 58
26 59
26 63
26 66
26 68
26 69
26 70
26 73
26 79
26 81
26 88
26 90
26 92
27 28
27 29
27 30
27 31
27 32
27 33
27 34
27 35
27 36
27 37
27 39
27 40
27 42
27 43
27 45
27 46
27 47
27 49
27 50
27 51
27 52
27 53
27 54
27 56
27 57
27 60
27 61
27 62
27 65
27 66
27 67
27 68
27 69
27 70
27 71
27 73
27 74
27 76
27 78
27 79
27 80
27 81
27 84
27 85
27 86
27 92
27 94
28 29
28 30
28 31
28 32
28 33
28 34
28 35
28 36
28 37
28 38
28 39
28 40
28 41
28 42
28 43
28 44
28 48
28 50
28 52
28 53
28 54
28 58
28 59
28 60
28 62
28 63
28 64
28 70
28 74
28 75
28 76
28 77
28 78
28 85
28 86
28 89
28 90
28 91
29 30
29 31
29 32
29 33
29 34
29 35
29 36
29 38
29 39
29 40
29 41
29 42
29 43
29 44
29 45
29 46
29 48
29 49
29 50
29 51
29 53
29 54
29 55
29 56
29 57
29 58
29 60
29 62
29 64
29 65
29 66
29 71
29 72
29 82
29 83
29 84
29 91
29 94
30 31
30 32
30 33
30 34
30 35
30 36
30 38
30 40
30 41
30 42
30 44
30 45
30 46
30 48
30 49
30 51
30 52
30 54
30 56
30 60
30 67
30 71
30 73
30 75
30 78
30 79
30 84
30 85
30 92
30 58
31 32
31 33
31 34
31 35
31 36
31 37
31 38
31 39
31 41
31 42
31 43
31 44
31 45
31 47
31 48
31 49
31 51
31 54
31 55
31 56
31 59
31 60
31 61
31 62
31 68
31 69
31 70
31 71
31 75
31 77
31 80
31 84
31 85
31 89
31 93
31 94
32 33
32 34
32 35
32 36
32 37
32 39
32 40
32 41
32 42
32 43
32 44
32 45
32 47
32 48
32 49
32 53
32 54
32 55
32 56
32 58
32 60
32 65
32 67
32 73
32 76
32 77
32 79
32 80
32 85
32 87
32 89
32 90
32 91
32 93
32 94
32 62
33 34
33 35
33 36
33 38
33 39
33 40
33 41
33 42
33 43
33 45
33 46
33 47
33 50
33 51
33 52
33 54
33 57
33 59
33 64
33 73
33 76
33 77
33 78
33 79
33 83
33 84
33 89
33 91
33 92
33 93
33 94
34 35
34 36
34 38
34 39
34 40
34 41
34 42
34 44
34 46
34 47
34 48
34 50
34 51
34 52
34 54
34 55
34 57
34 58
34 59
34 60
34 62
34 63
34 64
34 66
34 68
34 71
34 72
34 76
34 84
34 87
34 91
34 92
34 94
35 36
35 37
35 38
35 39
35 40
35 42
35 43
35 44
35 46
35 47
35 48
35 50
35 51
35 53
35 56
35 57
35 58
35 59
35 60
35 62
35 63
35 65
35 67
35 71
35 75
35 77
35 78
35 79
35 80
35 81
35 82
35 85
35 87
35 90
35 91
35 94
36 37
36 38
36 39
36 40
36 41
36 43
36 46
36 47
36 49
36 50
36 51
36 52
36 56
36 57
36 58
36 59
36 61
36 62
36 66
36 67
36 70
36 74
36 75
36 76
36 79
36 81
36 82
36 84
36 86
36 87
36 88
36 91
37 39
37 40
37 43
37 44
37 45
37 48
37 50
37 51
37 52
37 53
37 54
37 55
37 56
37 57
37 59
37 61
37 63
37 67
37 69
37 73
37 80
37 83
37 89
37 93
38 41
38 42
38 43
38 44
38 48
38 49
38 51
38 56
38 58
38 59
38 60
38 61
38 66
38 67
38 71
38 72
38 77
38 81
38 83
38 84
38 86
38 93
39 42
39 43
39 44
39 45
39 46
39 48
39 49
39 51
39 53
39 54
39 57
39 65
39 66
39 68
39 69
39 71
39 72
39 74
39 75
39 81
39 82
39 88
39 89
39 92
39 93
40 41
40 42
40 43
40 45
40 46
40 48
40 52
40 54
40 57
40 58
40 59
40 60
40 61
40 62
40 65
40 73
40 76
40 77
40 80
40 81
40 89
40 90
40 92
41 42
41 43
41 44
41 45
41 47
41 49
41 51
41 57
41 59
41 60
41 61
41 62
41 63
41 64
41 68
41 70
41 79
41 80
41 82
41 84
41 85
41 86
41 87
41 91
42 43
42 45
42 46
42 50
42 52
42 54
42 56
42 58
42 63
42 65
42 66
42 67
42 70
42 78
42 79
42 81
42 84
42 87
42 88
42 92
43 47
43 48
43 50
43 55
43 57
43 58
43 61
43 62
43 63
43 64
43 67
43 69
43 75
43 79
43 80
43 82
43 84
43 89
44 45
44 47
44 50
44 51
44 52
44 54
44 55
44 56
44 58
44 59
44 63
44 64
44 68
44 71
44 72
44 76
44 77
44 80
44 82
44 84
44 85
44 86
44 91
44 93
44 94
45 46
45 47
45 48
45 49
45 50
45 51
45 53
45 60
45 63
45 65
45 66
45 70
45 75
45 80
45 81
45 84
45 85
45 88
45 89
45 92
45 93
46 47
46 48
46 51
46 52
46 53
46 54
46 57
46 58
46 60
46 61
46 66
46 70
46 72
46 74
46 82
46 86
46 89
47 48
47 53
47 55
47 58
47 61
47 64
47 65
47 68
47 70
47 73
47 75
47 79
47 82
47 93
48 51
48 53
48 56
48 58
48 60
48 61
48 66
48 71
48 72
48 75
48 76
48 78
48 90
48 94
49 52
49 59
49 63
49 64
49 67
49 68
49 73
49 76
49 77
49 79
49 80
49 81
49 83
49 87
49 92
49 93
50 51
50 52
50 53
50 54
50 55
50 56
50 58
50 59
50 61
50 63
50 64
50 67
50 69
50 70
50 78
50 84
50 87
51 52
51 54
51 57
51 59
51 60
51 62
51 64
51 66
51 68
51 69
51 70
51 71
51 72
51 73
51 78
51 79
51 83
51 85
51 86
51 87
51 89
51 90
51 93
52 60
52 61
52 72
52 76
52 78
52 87
52 91
53 56
53 59
53 60
53 65
53 69
53 71
53 74
53 75
53 77
53 78
53 80
53 81
53 85
53 88
53 90
54 69
54 73
54 74
54 75
54 82
54 91
55 57
55 60
55 63
55 66
55 69
55 71
55 72
55 74
55 77
55 81
55 86
55 87
56 58
56 59
56 61
56 62
56 65
56 72
56 85
56 87
56 92
57 58
57 60
57 66
57 68
57 69
57 72
57 75
57 77
57 86
57 93
57 94
58 64
58 68
58 71
58 74
58 78
58 79
58 80
58 84
58 87
58 93
59 62
59 65
59 66
59 67
59 68
59 76
59 79
59 85
59 88
60 62
60 63
60 64
60 65
60 68
60 70
60 80
60 82
60 83
60 89
60 91
61 64
61 66
61 68
61 72
61 74
61 75
61 76
61 80
61 81
61 84
61 85
61 88
61 90
61 91
61 93
62 63
62 65
62 73
62 77
63 74
63 81
63 87
64 68
64 70
64 72
64 74
64 77
64 78
64 82
64 85
64 92
65 73
65 84
65 92
66 68
66 72
66 84
66 88
66 90
67 69
67 72
67 74
67 81
67 83
67 85
67 91
67 92
67 93
68 75
68 80
68 82
68 83
68 89
69 71
69 73
69 83
69 86
69 89
70 73
70 81
70 83
70 89
70 90
70 94
71 81
71 88
72 76
72 78
72 82
72 86
72 90
73 74
73 76
73 79
73 81
73 83
73 85
74 76
74 80
74 87
74 88
74 90
74 93
75 92
75 94
76 83
76 88
76 93
77 78
77 82
77 84
78 80
78 87
78 88
78 94
79 80
79 81
79 82
79 88
80 86
80 90
81 83
82 90
82 91
82 93
83 86
83 88
83 93
84 89
84 90
85 92
87 88
88 91
88 92