744450113
26
95
1809
0 26
0 30
0 31
0 32
0 34
0 35
0 36
0 37
0 38
0 40
0 41
0 42
0 43
0 45
0 47
0 49
0 54
0 62
0 70
0 79
0 82
0 85
0 87
0 91
1 26
1 27
1 28
1 29
1 30
1 31
1 32
1 33
1 34
1 36
1 37
1 40
1 50
1 51
1 52
1 58
1 61
1 65
1 66
1 92
1 94
2 26
2 27
2 28
2 29
2 30
2 31
2 32
2 33
2 34
2 35
2 36
2 37
2 38
2 40
2 41
2 42
2 45
2 47
2 48
2 49
2 54
2 55
2 58
2 59
2 63
2 64
2 66
2 69
2 71
2 75
2 78
2 86
2 88
2 90
2 84
3 26
3 27
3 28
3 29
3 30
3 31
3 32
3 33
3 34
3 35
3 36
3 40
3 46
3 47
3 48
3 49
3 51
3 52
3 58
3 67
3 69
3 70
3 71
3 73
3 74
3 75
3 77
3 80
3 81
3 82
3 85
3 91
3 93
4 26
4 27
4 28
4 29
4 30
4 31
4 32
4 33
4 34
4 35
4 36
4 38
4 39
4 40
4 42
4 44
4 46
4 47
4 48
4 49
4 50
4 51
4 56
4 59
4 63
4 66
4 69
4 70
4 71
4 75
4 81
4 82
4 83
4 89
4 91
5 26
5 27
5 28
5 29
5 30
5 31
5 33
5 35
5 36
5 37
5 38
5 39
5 41
5 42
5 43
5 44
5 45
5 50
5 53
5 56
5 59
5 60
5 64
5 69
5 74
5 76
5 81
5 83
5 92
6 26
6 27
6 28
6 29
6 30
6 31
6 32
6 35
6 37
6 38
6 40
6 42
6 43
6 45
6 46
6 47
6 49
6 52
6 54
6 56
6 60
6 64
6 65
6 66
6 68
6 73
6 77
6 80
6 82
6 90
6 93
7 26
7 27
7 28
7 29
7 32
7 33
7 37
7 40
7 51
7 53
7 57
7 58
7 81
7 82
8 26
8 27
8 29
8 30
8 31
8 32
8 33
8 34
8 36
8 37
8 39
8 40
8 41
8 43
8 46
8 47
8 49
8 51
8 53
8 55
8 56
8 58
8 69
8 81
8 84
8 85
8 86
8 87
8 93
8 28
9 26
9 27
9 28
9 29
9 30
9 31
9 32
9 33
9 34
9 35
9 36
9 37
9 39
9 40
9 41
9 45
9 48
9 49
9 50
9 56
9 59
9 61
9 63
9 66
9 70
9 74
9 76
9 94
9 44
10 26
10 27
10 28
10 29
10 31
10 32
10 33
10 34
10 35
10 39
10 41
10 49
10 50
10 53
10 59
10 65
10 67
10 83
10 86
10 89
10 60
11 26
11 27
11 28
11 30
11 38
11 41
11 45
11 53
11 55
11 58
11 61
11 74
11 75
11 77
11 78
11 88
11 90
11 91
12 26
12 27
12 28
12 29
12 30
12 34
12 35
12 36
12 37
12 38
12 39
12 43
12 45
12 48
12 51
12 65
12 73
12 74
12 75
12 81
12 84
12 91
12 93
13 26
13 27
13 28
13 29
13 30
13 31
13 32
13 33
13 34
13 36
13 38
13 39
13 42
13 44
13 46
13 48
13 49
13 52
13 53
13 54
13 57
13 58
13 59
13 62
13 65
13 67
13 69
13 70
13 71
13 72
13 73
13 74
13 75
13 78
13 80
13 83
13 86
14 26
14 27
14 28
14 29
14 30
14 32
14 33
14 35
14 36
14 40
14 43
14 50
14 53
14 56
14 58
14 63
14 66
14 68
14 70
14 71
14 72
14 74
14 75
14 77
14 79
14 83
14 94
15 26
15 27
15 28
15 31
15 33
15 37
15 39
15 40
15 41
15 43
15 45
15 46
15 49
15 52
15 54
15 55
15 70
15 72
15 75
15 85
15 87
16 26
16 27
16 28
16 29
16 30
16 31
16 32
16 33
16 34
16 35
16 37
16 38
16 39
16 41
16 43
16 44
16 46
16 47
16 48
16 55
16 58
16 62
16 66
16 73
16 75
16 80
16 82
16 83
16 87
16 94
17 26
17 27
17 28
17 29
17 30
17 32
17 33
17 34
17 35
17 36
17 37
17 38
17 42
17 43
17 44
17 45
17 49
17 51
17 52
17 53
17 65
17 68
17 71
17 77
17 86
17 90
17 94
18 26
18 27
18 28
18 29
18 30
18 31
18 32
18 33
18 34
18 37
18 38
18 43
18 44
18 47
18 48
18 51
18 52
18 55
18 58
18 66
18 70
18 74
18 76
18 82
18 83
18 84
18 86
18 90
19 26
19 27
19 28
19 29
19 30
19 31
19 32
19 33
19 35
19 36
19 39
19 40
19 42
19 43
19 44
19 47
19 52
19 56
19 57
19 61
19 64
19 66
19 68
19 71
19 79
19 84
19 87
19 88
19 89
19 91
19 92
19 94
20 26
20 27
20 28
20 29
20 30
20 31
20 33
20 34
20 36
20 38
20 39
20 41
20 42
20 48
20 51
20 52
20 53
20 57
20 61
20 63
20 68
20 69
20 73
20 76
20 77
20 84
20 86
20 87
20 88
20 90
21 26
21 27
21 28
21 29
21 30
21 31
21 32
21 34
21 35
21 36
21 37
21 38
21 39
21 41
21 42
21 44
21 46
21 48
21 50
21 51
21 53
21 55
21 57
21 60
21 61
21 62
21 74
21 75
21 76
21 77
21 78
21 81
21 82
21 85
21 90
21 91
21 93
22 26
22 27
22 28
22 29
22 30
22 31
22 32
22 34
22 35
22 36
22 37
22 38
22 39
22 40
22 41
22 42
22 43
22 44
22 47
22 49
22 50
22 51
22 53
22 54
22 55
22 56
22 57
22 58
22 60
22 63
22 65
22 67
22 71
22 73
22 77
22 78
22 79
22 88
22 90
22 93
22 23
23 26
23 27
23 28
23 29
23 30
23 31
23 32
23 33
23 34
23 35
23 36
23 37
23 38
23 47
23 50
23 55
23 56
23 57
23 60
23 61
23 64
23 66
23 68
23 77
23 79
23 85
23 89
23 90
23 93
23 94
24 26
24 27
24 28
24 29
24 31
24 33
24 42
24 48
24 52
24 70
24 74
24 79
25 26
25 27
25 28
25 29
25 30
25 31
25 32
25 34
25 35
25 37
25 40
25 45
25 47
25 52
25 54
25 55
25 58
25 60
25 66
25 67
25 70
25 72
25 76
25 85
25 90
26 27
26 28
26 29
26 30
26 31
26 32
26 33
26 34
26 35
26 36
26 37
26 38
26 39
26 40
26 41
26 42
26 43
26 44
26 45
26 46
26 48
26 50
26 51
26 52
26 56
26 57
26 58
26 59
26 60
26 62
26 63
26 69
26 71
26 72
26 73
26 74
26 75
26 76
26 78
26 79
26 80
26 84
26 85
26 86
26 88
26 89
26 92
26 91
27 28
27 29
27 30
27 31
27 32
27 33
27 34
27 35
27 36
27 37
27 38
27 39
27 40
27 41
27 42
27 43
27 44
27 45
27 46
27 47
27 49
27 50
27 51
27 52
27 53
27 55
27 57
27 58
27 60
27 61
27 62
27 64
27 65
27 66
27 68
27 69
27 71
27 72
27 73
27 74
27 75
27 76
27 79
27 80
27 83
27 85
27 86
27 88
27 89
27 90
27 93
28 29
28 30
28 31
28 32
28 33
28 34
28 35
28 36
28 37
28 38
28 39
28 40
28 41
28 42
28 43
28 44
28 46
28 47
28 48
28 49
28 51
28 52
28 53
28 54
28 55
28 56
28 57
28 58
28 59
28 60
28 61
28 62
28 66
28 68
28 69
28 70
28 71
28 76
28 77
28 78
28 79
28 80
28 83
28 84
28 86
28 87
28 89
28 92
28 94
29 30
29 31
29 32
29 33
29 34
29 35
29 36
29 39
29 40
29 41
29 42
29 43
29 44
29 45
29 46
29 47
29 48
29 49
29 50
29 51
29 52
29 54
29 57
29 60
29 61
29 63
29 64
29 65
29 66
29 70
29 73
29 74
29 82
29 84
29 85
29 86
29 88
29 90
29 94
30 31
30 32
30 33
30 34
30 35
30 36
30 37
30 38
30 39
30 40
30 41
30 42
30 44
30 46
30 47
30 48
30 52
30 53
30 54
30 55
30 56
30 58
30 59
30 61
30 62
30 63
30 64
30 65
30 69
30 71
30 72
30 73
30 74
30 78
30 79
30 81
30 83
30 84
30 86
30 88
30 91
30 92
30 51
30 43
31 32
31 33
31 34
31 35
31 36
31 37
31 38
31 39
31 40
31 41
31 42
31 44
31 45
31 46
31 47
31 48
31 49
31 50
31 52
31 53
31 54
31 55
31 56
31 57
31 58
31 59
31 60
31 61
31 64
31 67
31 69
31 72
31 73
31 77
31 82
31 84
31 86
31 87
31 92
31 93
32 33
32 34
32 35
32 36
32 37
32 38
32 39
32 41
32 42
32 43
32 44
32 45
32 47
32 49
32 50
32 51
32 52
32 53
32 54
32 55
32 56
32 59
32 60
32 61
32 62
32 63
32 64
32 65
32 66
32 67
32 68
32 70
32 72
32 76
32 77
32 78
32 80
32 81
32 82
32 84
32 85
32 86
32 89
32 90
32 91
33 34
33 35
33 37
33 38
33 39
33 40
33 41
33 42
33 43
33 44
33 45
33 46
33 49
33 50
33 52
33 53
33 54
33 55
33 57
33 59
33 61
33 64
33 65
33 66
33 67
33 68
33 69
33 71
33 72
33 73
33 75
33 78
33 79
33 80
33 83
33 85
33 86
33 89
33 94
33 56
34 35
34 36
34 38
34 39
34 40
34 41
34 42
34 43
34 44
34 45
34 46
34 47
34 48
34 49
34 51
34 52
34 53
34 54
34 56
34 57
34 58
34 59
34 61
34 62
34 65
34 66
34 68
34 70
34 71
34 72
34 73
34 82
34 83
34 88
34 91
34 92
34 93
35 36
35 37
35 38
35 39
35 40
35 42
35 43
35 44
35 45
35 46
35 47
35 50
35 51
35 52
35 54
35 55
35 58
35 60
35 62
35 63
35 64
35 66
35 67
35 68
35 69
35 71
35 72
35 73
35 75
35 76
35 77
35 78
35 80
35 82
35 86
35 88
35 89
35 90
35 92
35 94
36 37
36 38
36 39
36 40
36 41
36 42
36 44
36 45
36 46
36 48
36 50
36 51
36 53
36 54
36 55
36 57
36 58
36 62
36 64
36 67
36 71
36 72
36 73
36 75
36 76
36 79
36 85
36 88
36 92
37 38
37 39
37 41
37 42
37 43
37 44
37 46
37 48
37 50
37 51
37 54
37 56
37 57
37 58
37 61
37 63
37 69
37 70
37 75
37 79
37 81
37 83
37 85
37 87
37 88
37 89
37 91
37 93
38 39
38 40
38 41
38 42
38 43
38 44
38 45
38 46
38 47
38 48
38 49
38 50
38 51
38 54
38 57
38 60
38 61
38 62
38 64
38 65
38 66
38 67
38 69
38 72
38 76
38 78
38 79
38 80
38 81
38 83
38 85
38 88
38 90
38 92
39 40
39 41
39 43
39 44
39 45
39 48
39 49
39 50
39 51
39 52
39 54
39 55
39 59
39 61
39 64
39 67
39 68
39 69
39 70
39 76
39 79
39 80
39 81
39 86
39 87
39 88
39 89
39 92
39 93
39 94
40 41
40 43
40 44
40 45
40 46
40 50
40 52
40 53
40 55
40 56
40 57
40 60
40 64
40 65
40 67
40 70
40 71
40 72
40 73
40 74
40 76
40 80
40 82
40 85
40 86
40 87
40 90
41 42
41 43
41 44
41 45
41 46
41 47
41 48
41 49
41 50
41 53
41 56
41 59
41 64
41 65
41 68
41 69
41 73
41 75
41 77
41 78
41 79
41 84
41 85
41 89
41 90
41 92
41 94
42 43
42 44
42 45
42 46
42 47
42 48
42 50
42 51
42 55
42 56
42 60
42 61
42 62
42 63
42 66
42 67
42 69
42 75
42 77
42 78
42 79
42 80
42 81
42 84
42 85
42 88
42 92
42 94
42 42
43 45
43 46
43 47
43 48
43 49
43 50
43 51
43 53
43 54
43 60
43 61
43 63
43 65
43 66
43 67
43 74
43 75
43 76
43 78
43 79
43 82
43 86
43 89
43 91
44 45
44 46
44 47
44 48
44 55
44 56
44 57
44 59
44 60
44 62
44 64
44 65
44 67
44 68
44 70
44 74
44 75
44 78
44 82
44 84
44 87
44 92
44 93
45 46
45 48
45 52
45 53
45 54
45 55
45 57
45 58
45 59
45 62
45 63
45 64
45 65
45 68
45 70
45 71
45 74
45 75
45 76
45 77
45 78
45 79
45 81
45 82
45 83
45 84
45 85
45 87
45 88
45 89
45 92
46 47
46 49
46 50
46 54
46 58
46 60
46 62
46 63
46 65
46 67
46 69
46 71
46 72
46 73
46 77
46 81
46 83
46 87
46 89
46 91
46 93
46 75
47 49
47 50
47 53
47 55
47 56
47 57
47 58
47 59
47 60
47 61
47 62
47 63
47 68
47 70
47 72
47 74
47 77
47 79
47 84
47 87
47 88
47 90
47 91
48 49
48 53
48 54
48 61
48 62
48 63
48 65
48 67
48 68
48 76
48 80
48 86
48 89
48 93
49 51
49 52
49 53
49 54
49 55
49 56
49 57
49 59
49 60
49 61
49 62
49 63
49 64
49 67
49 78
49 80
49 81
49 82
49 84
49 90
49 91
50 51
50 52
50 54
50 56
50 60
50 61
50 64
50 65
50 67
50 69
50 70
50 71
50 72
50 74
50 81
50 85
50 87
50 88
50 92
50 93
51 56
51 59
51 60
51 61
51 62
51 63
51 66
51 72
51 76
51 77
51 80
51 83
51 88
51 89
52 55
52 56
52 57
52 59
52 60
52 62
52 63
52 64
52 69
52 70
52 71
52 73
52 74
52 87
52 91
52 94
53 54
53 57
53 62
53 63
53 68
53 72
53 74
53 80
53 81
53 88
53 92
53 94
54 57
54 58
54 59
54 62
54 63
54 64
54 67
54 69
54 70
54 76
54 77
54 80
54 83
54 84
54 90
54 91
54 93
55 56
55 58
55 59
55 60
55 62
55 63
55 65
55 68
55 69
55 72
55 75
55 78
55 80
55 85
55 86
55 91
56 57
56 59
56 66
56 67
56 73
56 74
56 75
56 84
56 87
56 94
57 59
57 62
57 63
57 65
57 68
57 69
57 70
57 77
57 79
57 87
57 90
57 91
57 92
57 82
58 59
58 60
58 61
58 67
58 68
58 72
58 78
58 81
58 90
59 63
59 64
59 66
59 68
59 71
59 77
59 83
59 89
59 91
59 93
60 65
60 67
60 68
60 72
60 76
60 78
60 79
60 81
60 85
60 86
60 88
60 82
61 64
61 65
61 66
61 67
61 73
61 76
61 80
61 84
61 89
61 92
62 68
62 69
62 71
62 77
62 92
62 94
63 64
63 70
63 71
63 72
63 76
63 77
63 80
63 82
63 84
63 86
63 87
63 88
64 67
64 68
64 70
64 78
64 79
64 83
64 86
64 88
65 66
65 73
65 75
65 78
65 79
65 82
65 84
65 89
65 93
65 94
66 71
66 73
66 78
66 81
66 90
66 94
67 72
67 74
67 81
67 83
67 92
67 93
67 94
68 77
68 79
68 84
68 91
68 92
69 72
69 75
69 76
69 87
69 89
70 71
70 74
70 80
70 81
70 82
70 87
71 73
71 74
71 81
71 82
71 85
71 87
71 89
71 91
71 92
72 73
72 76
72 79
72 80
72 84
72 94
73 78
73 81
73 82
73 94
74 75
74 76
74 82
75 78
75 80
75 84
75 85
75 90
75 91
75 92
75 93
76 77
76 83
76 86
76 88
76 91
76 93
77 80
77 83
77 85
77 89
77 91
77 93
78 81
78 82
78 84
78 85
78 90
79 82
79 83
79 87
79 88
79 89
79 94
79 91
80 83
80 92
80 93
81 91
82 83
82 89
82 92
83 86
83 87
83 94
84 93
84 94
85 90
86 87
91 93