858441913
38
95
2182
0 38
0 39
0 40
0 42
0 43
0 45
0 46
0 49
0 52
0 53
0 56
0 60
0 63
0 64
0 70
0 72
0 77
0 86
0 89
0 90
0 92
1 38
1 39
1 40
1 41
1 42
1 43
1 44
1 45
1 46
1 47
1 48
1 49
1 50
1 51
1 52
1 53
1 54
1 55
1 56
1 57
1 58
1 65
1 67
1 69
1 70
1 72
1 80
1 88
1 91
1 93
2 38
2 39
2 40
2 41
2 42
2 44
2 45
2 46
2 47
2 48
2 49
2 51
2 53
2 54
2 55
2 59
2 60
2 61
2 63
2 64
2 65
2 66
2 67
2 68
2 69
2 70
2 72
2 74
2 77
2 80
2 81
2 82
2 83
2 88
2 89
2 91
2 92
2 93
3 38
3 39
3 40
3 41
3 42
3 43
3 44
3 45
3 46
3 47
3 48
3 50
3 51
3 52
3 54
3 56
3 59
3 62
3 64
3 69
3 71
3 73
3 75
3 77
3 83
3 89
3 90
3 93
4 38
4 39
4 40
4 41
4 42
4 43
4 44
4 45
4 46
4 47
4 48
4 49
4 51
4 53
4 54
4 56
4 58
4 59
4 62
4 69
4 70
4 71
4 72
4 73
4 76
4 80
4 84
4 85
4 94
5 38
5 39
5 40
5 41
5 42
5 43
5 44
5 45
5 46
5 47
5 48
5 49
5 50
5 52
5 53
5 55
5 57
5 58
5 61
5 62
5 63
5 65
5 73
5 77
5 79
5 80
5 81
5 86
5 87
5 88
5 89
5 91
5 93
6 38
6 39
6 40
6 41
6 42
6 44
6 45
6 46
6 47
6 49
6 50
6 51
6 53
6 55
6 56
6 58
6 59
6 60
6 65
6 67
6 68
6 73
6 75
6 76
6 78
6 82
6 83
6 84
6 85
6 87
6 89
6 91
6 94
6 31
7 38
7 39
7 40
7 41
7 42
7 43
7 44
7 45
7 46
7 47
7 48
7 51
7 52
7 54
7 55
7 56
7 61
7 62
7 63
7 65
7 67
7 68
7 78
7 81
7 85
7 88
7 89
7 94
7 22
8 38
8 39
8 41
8 42
8 43
8 44
8 45
8 46
8 49
8 50
8 56
8 57
8 58
8 59
8 63
8 65
8 67
8 68
8 72
8 77
8 78
8 79
8 85
8 87
8 91
9 38
9 39
9 40
9 41
9 42
9 43
9 46
9 47
9 48
9 50
9 51
9 52
9 53
9 55
9 56
9 57
9 58
9 59
9 60
9 61
9 62
9 66
9 68
9 69
9 78
9 79
9 82
9 84
9 87
9 89
9 91
9 92
10 38
10 39
10 40
10 41
10 42
10 43
10 44
10 45
10 46
10 47
10 48
10 49
10 50
10 52
10 55
10 57
10 59
10 60
10 62
10 67
10 68
10 69
10 70
10 74
10 75
10 80
10 81
10 86
10 90
10 93
11 38
11 39
11 40
11 41
11 42
11 43
11 44
11 45
11 47
11 48
11 50
11 51
11 52
11 53
11 54
11 55
11 56
11 57
11 58
11 61
11 62
11 69
11 71
11 74
11 76
11 78
11 86
11 88
11 90
11 93
12 38
12 39
12 40
12 41
12 42
12 43
12 44
12 45
12 46
12 47
12 48
12 49
12 50
12 55
12 56
12 58
12 59
12 61
12 62
12 66
12 68
12 71
12 76
12 78
12 79
12 84
12 87
12 88
12 92
12 93
12 35
12 69
12 21
13 38
13 39
13 40
13 41
13 42
13 43
13 45
13 46
13 47
13 48
13 49
13 54
13 55
13 57
13 58
13 59
13 63
13 64
13 68
13 72
13 73
13 74
13 76
13 80
13 83
13 84
13 86
13 91
14 38
14 39
14 40
14 41
14 42
14 43
14 46
14 47
14 48
14 49
14 50
14 51
14 52
14 53
14 54
14 56
14 57
14 59
14 60
14 61
14 62
14 63
14 64
14 66
14 67
14 70
14 71
14 76
14 89
14 91
14 92
15 38
15 39
15 40
15 41
15 42
15 43
15 44
15 45
15 46
15 47
15 48
15 49
15 53
15 54
15 55
15 56
15 57
15 58
15 63
15 66
15 68
15 69
15 72
15 77
15 81
15 82
15 83
15 89
15 92
16 38
16 39
16 40
16 41
16 42
16 43
16 45
16 46
16 48
16 50
16 51
16 52
16 53
16 54
16 56
16 57
16 59
16 61
16 62
16 63
16 65
16 66
16 67
16 70
16 72
16 73
16 74
16 75
16 76
16 78
16 80
16 81
16 82
16 88
16 90
16 92
16 93
16 47
16 25
17 38
17 39
17 40
17 41
17 43
17 44
17 47
17 51
17 53
17 60
17 65
17 72
17 74
17 86
17 88
17 92
17 93
18 38
18 39
18 40
18 41
18 42
18 44
18 45
18 46
18 47
18 48
18 49
18 50
18 51
18 52
18 55
18 57
18 59
18 60
18 61
18 63
18 65
18 66
18 68
18 73
18 75
18 78
18 79
18 80
18 84
18 85
18 86
18 87
18 89
19 38
19 39
19 40
19 41
19 42
19 43
19 44
19 45
19 47
19 49
19 50
19 51
19 52
19 53
19 54
19 58
19 59
19 64
19 65
19 70
19 74
19 75
19 76
19 77
19 84
19 85
19 88
20 38
20 39
20 40
20 41
20 42
20 44
20 48
20 49
20 50
20 51
20 52
20 53
20 55
20 62
20 63
20 65
20 66
20 70
20 76
20 77
20 79
20 81
20 82
20 86
20 87
20 93
21 38
21 39
21 40
21 41
21 42
21 43
21 44
21 46
21 48
21 49
21 51
21 52
21 54
21 55
21 57
21 58
21 62
21 64
21 65
21 66
21 68
21 69
21 73
21 74
21 82
21 85
21 86
22 38
22 39
22 40
22 41
22 42
22 43
22 45
22 46
22 47
22 48
22 49
22 50
22 52
22 60
22 61
22 66
22 68
22 69
22 72
22 77
22 79
22 86
22 92
23 38
23 39
23 40
23 41
23 42
23 43
23 44
23 45
23 46
23 47
23 49
23 50
23 53
23 55
23 57
23 58
23 60
23 61
23 62
23 63
23 64
23 69
23 70
23 71
23 73
23 75
23 76
23 78
23 79
23 80
23 85
23 86
23 51
24 38
24 39
24 44
24 52
24 54
24 57
24 58
24 63
24 64
24 65
24 71
24 80
24 87
24 91
24 75
25 38
25 39
25 40
25 41
25 42
25 43
25 44
25 45
25 46
25 47
25 48
25 49
25 50
25 51
25 52
25 53
25 54
25 55
25 58
25 59
25 67
25 68
25 72
25 73
25 75
25 76
25 78
25 83
25 89
25 90
25 74
26 38
26 39
26 40
26 42
26 43
26 44
26 45
26 46
26 47
26 48
26 49
26 50
26 51
26 52
26 53
26 56
26 57
26 58
26 59
26 60
26 61
26 62
26 64
26 69
26 70
26 72
26 73
26 74
26 76
26 80
26 81
26 84
26 87
26 89
26 91
26 94
27 38
27 39
27 40
27 41
27 43
27 44
27 45
27 46
27 47
27 48
27 49
27 50
27 51
27 53
27 54
27 57
27 58
27 59
27 60
27 61
27 63
27 64
27 66
27 70
27 71
27 73
27 74
27 78
27 79
27 85
27 89
27 90
27 91
27 92
28 38
28 39
28 40
28 41
28 42
28 43
28 44
28 45
28 46
28 47
28 48
28 49
28 55
28 56
28 57
28 59
28 61
28 63
28 64
28 65
28 66
28 67
28 70
28 71
28 72
28 78
28 82
28 85
28 86
28 90
28 91
29 38
29 39
29 40
29 41
29 42
29 43
29 44
29 45
29 46
29 47
29 48
29 50
29 52
29 53
29 54
29 57
29 58
29 59
29 61
29 63
29 64
29 65
29 67
29 68
29 69
29 70
29 75
29 77
29 78
29 80
29 82
29 87
29 89
29 93
29 94
29 29
30 38
30 39
30 40
30 41
30 42
30 43
30 44
30 45
30 46
30 48
30 50
30 51
30 54
30 55
30 56
30 58
30 59
30 60
30 64
30 65
30 66
30 67
30 71
30 72
30 74
30 75
30 77
30 79
30 84
31 38
31 39
31 40
31 41
31 43
31 44
31 45
31 46
31 47
31 48
31 49
31 50
31 51
31 52
31 53
31 54
31 55
31 56
31 57
31 59
31 60
31 61
31 63
31 66
31 68
31 72
31 73
31 74
31 76
31 78
31 80
31 81
31 82
31 86
31 89
31 90
31 91
31 94
32 38
32 39
32 40
32 41
32 42
32 43
32 44
32 45
32 47
32 48
32 49
32 50
32 53
32 54
32 55
32 56
32 57
32 60
32 61
32 65
32 66
32 67
32 68
32 71
32 72
32 73
32 75
32 76
32 77
32 79
32 80
32 81
32 82
32 84
32 86
32 88
32 92
33 38
33 39
33 40
33 41
33 42
33 43
33 44
33 45
33 46
33 47
33 49
33 50
33 51
33 52
33 53
33 54
33 55
33 56
33 58
33 59
33 60
33 62
33 63
33 64
33 66
33 67
33 68
33 69
33 71
33 73
33 78
33 79
33 80
33 81
33 87
33 89
33 90
33 91
33 94
34 38
34 39
34 40
34 41
34 42
34 43
34 44
34 45
34 48
34 49
34 51
34 52
34 54
34 55
34 56
34 58
34 60
34 63
34 65
34 69
34 75
34 83
34 87
34 91
35 38
35 39
35 40
35 41
35 42
35 43
35 44
35 50
35 51
35 53
35 58
35 62
35 64
35 65
35 69
35 79
35 80
35 88
36 38
36 39
36 40
36 41
36 42
36 43
36 44
36 45
36 46
36 47
36 48
36 50
36 51
36 52
36 54
36 55
36 56
36 60
36 62
36 63
36 70
36 72
36 73
36 74
36 75
36 78
36 79
36 81
36 82
36 83
36 87
36 93
37 38
37 40
37 41
37 42
37 43
37 44
37 45
37 46
37 47
37 49
37 51
37 52
37 55
37 56
37 58
37 62
37 66
37 70
37 71
37 74
37 75
37 82
37 86
37 89
37 90
37 91
37 93
38 39
38 40
38 41
38 42
38 43
38 44
38 45
38 46
38 47
38 48
38 49
38 50
38 51
38 52
38 53
38 54
38 56
38 57
38 58
38 59
38 60
38 61
38 62
38 63
38 64
38 65
38 66
38 67
38 70
38 71
38 73
38 74
38 75
38 76
38 77
38 79
38 80
38 81
38 83
38 84
38 85
38 87
38 89
38 91
38 93
38 94
39 40
39 41
39 42
39 43
39 44
39 45
39 46
39 47
39 48
39 49
39 50
39 51
39 52
39 53
39 54
39 55
39 56
39 57
39 58
39 59
39 60
39 61
39 62
39 66
39 69
39 70
39 71
39 72
39 73
39 74
39 75
39 76
39 78
39 79
39 83
39 85
39 86
39 87
39 88
39 89
39 90
39 93
39 94
40 41
40 42
40 43
40 44
40 45
40 46
40 47
40 48
40 49
40 50
40 51
40 52
40 53
40 54
40 55
40 56
40 57
40 58
40 60
40 61
40 62
40 64
40 65
40 66
40 67
40 68
40 69
40 70
40 71
40 72
40 74
40 75
40 76
40 77
40 78
40 79
40 80
40 81
40 82
40 83
40 84
40 85
40 89
40 90
40 91
40 93
40 40
41 42
41 43
41 44
41 45
41 46
41 47
41 48
41 49
41 50
41 51
41 52
41 53
41 54
41 55
41 56
41 57
41 58
41 59
41 60
41 61
41 62
41 64
41 65
41 66
41 67
41 68
41 69
41 73
41 74
41 76
41 77
41 84
41 86
41 87
41 88
41 91
41 92
41 94
42 43
42 44
42 45
42 46
42 47
42 48
42 49
42 50
42 51
42 52
42 53
42 54
42 55
42 56
42 57
42 58
42 59
42 60
42 61
42 62
42 63
42 64
42 65
42 66
42 67
42 68
42 70
42 72
42 73
42 74
42 76
42 77
42 79
42 82
42 85
42 86
42 87
42 88
42 89
42 90
42 91
42 92
42 94
43 44
43 45
43 46
43 47
43 48
43 49
43 50
43 51
43 52
43 53
43 54
43 55
43 56
43 57
43 58
43 59
43 60
43 61
43 62
43 63
43 64
43 66
43 67
43 68
43 70
43 71
43 72
43 73
43 74
43 75
43 76
43 77
43 78
43 79
43 82
43 83
43 84
43 85
43 86
43 88
43 90
43 91
43 92
43 93
43 94
43 65
44 45
44 46
44 47
44 48
44 49
44 50
44 51
44 52
44 53
44 54
44 55
44 56
44 57
44 58
44 59
44 60
44 61
44 62
44 63
44 64
44 65
44 66
44 67
44 68
44 69
44 70
44 72
44 73
44 74
44 75
44 76
44 79
44 82
44 85
44 86
44 87
44 89
44 91
44 92
44 93
44 94
45 46
45 47
45 48
45 49
45 50
45 51
45 52
45 53
45 54
45 55
45 56
45 57
45 59
45 61
45 62
45 63
45 64
45 66
45 67
45 68
45 69
45 71
45 72
45 73
45 75
45 76
45 77
45 78
45 79
45 80
45 82
45 84
45 86
45 87
45 89
45 90
45 91
45 92
45 93
45 94
46 47
46 48
46 49
46 50
46 51
46 52
46 53
46 54
46 55
46 56
46 58
46 59
46 60
46 61
46 62
46 65
46 67
46 68
46 70
46 72
46 73
46 75
46 76
46 77
46 78
46 79
46 81
46 82
46 83
46 84
46 86
46 87
46 89
46 90
46 92
46 93
46 94
47 48
47 49
47 50
47 51
47 52
47 53
47 54
47 55
47 57
47 58
47 59
47 60
47 61
47 62
47 63
47 64
47 66
47 67
47 68
47 69
47 70
47 71
47 72
47 73
47 74
47 75
47 76
47 77
47 78
47 79
47 80
47 81
47 83
47 84
47 85
47 87
47 88
47 94
48 49
48 50
48 51
48 52
48 53
48 54
48 55
48 56
48 57
48 58
48 59
48 60
48 61
48 62
48 63
48 64
48 65
48 68
48 69
48 71
48 74
48 76
48 79
48 80
48 81
48 82
48 83
48 84
48 85
48 87
48 88
48 90
48 92
48 93
48 94
49 50
49 51
49 52
49 53
49 54
49 55
49 56
49 57
49 58
49 61
49 62
49 63
49 66
49 69
49 70
49 71
49 74
49 76
49 78
49 79
49 81
49 83
49 84
49 86
49 87
49 88
49 90
49 91
49 94
50 51
50 52
50 53
50 54
50 55
50 56
50 57
50 58
50 59
50 60
50 61
50 64
50 65
50 66
50 67
50 68
50 69
50 70
50 71
50 72
50 73
50 74
50 75
50 77
50 79
50 80
50 82
50 83
50 84
50 85
50 86
50 87
50 90
50 92
50 93
50 94
51 52
51 53
51 54
51 55
51 56
51 57
51 59
51 60
51 61
51 62
51 63
51 64
51 65
51 66
51 67
51 68
51 69
51 70
51 71
51 74
51 78
51 79
51 80
51 81
51 83
51 84
51 85
51 86
51 87
51 88
51 90
51 91
51 92
51 94
52 53
52 54
52 57
52 59
52 60
52 61
52 62
52 63
52 64
52 65
52 67
52 68
52 69
52 76
52 79
52 80
52 81
52 82
52 83
52 84
52 85
52 88
52 91
52 93
52 58
53 54
53 55
53 56
53 57
53 59
53 60
53 61
53 62
53 63
53 64
53 65
53 66
53 67
53 68
53 69
53 70
53 71
53 72
53 73
53 74
53 77
53 78
53 81
53 82
53 83
53 85
53 87
53 88
53 90
53 92
53 93
54 56
54 57
54 58
54 59
54 60
54 61
54 62
54 63
54 64
54 67
54 69
54 70
54 72
54 73
54 75
54 76
54 77
54 78
54 79
54 80
54 81
54 85
54 86
54 88
54 89
54 90
54 93
55 56
55 57
55 58
55 59
55 60
55 61
55 62
55 63
55 64
55 65
55 66
55 67
55 68
55 69
55 70
55 71
55 74
55 75
55 76
55 77
55 78
55 80
55 82
55 83
55 84
55 87
55 90
55 91
55 93
55 94
56 57
56 59
56 60
56 64
56 65
56 66
56 67
56 68
56 69
56 70
56 72
56 73
56 74
56 75
56 77
56 79
56 80
56 81
56 83
56 85
56 86
56 88
56 91
56 92
56 93
56 94
57 58
57 60
57 61
57 62
57 63
57 64
57 65
57 66
57 67
57 68
57 69
57 71
57 72
57 73
57 74
57 75
57 76
57 77
57 78
57 79
57 80
57 84
57 89
57 90
57 91
57 92
58 60
58 61
58 62
58 63
58 64
58 66
58 67
58 69
58 71
58 72
58 73
58 75
58 76
58 77
58 79
58 84
58 86
58 88
58 90
58 91
58 93
58 94
59 60
59 63
59 64
59 65
59 67
59 70
59 71
59 72
59 74
59 75
59 78
59 81
59 82
59 83
59 84
59 87
59 88
59 94
60 61
60 64
60 65
60 66
60 67
60 68
60 69
60 70
60 71
60 73
60 77
60 78
60 79
60 81
60 82
60 83
60 84
60 88
60 89
60 93
61 62
61 63
61 64
61 65
61 66
61 67
61 68
61 70
61 71
61 72
61 74
61 75
61 76
61 77
61 79
61 80
61 82
61 83
61 84
61 85
61 87
61 88
61 89
61 92
61 93
62 63
62 65
62 67
62 68
62 69
62 70
62 71
62 73
62 74
62 75
62 76
62 78
62 79
62 81
62 82
62 83
62 84
62 85
62 86
62 88
62 89
62 90
62 92
62 93
62 94
63 64
63 66
63 70
63 71
63 72
63 73
63 74
63 75
63 78
63 80
63 81
63 82
63 84
63 85
63 87
63 91
63 92
64 65
64 68
64 69
64 71
64 72
64 73
64 74
64 79
64 81
64 82
64 83
64 84
64 85
64 86
64 88
64 89
64 90
64 94
65 66
65 67
65 70
65 71
65 77
65 78
65 80
65 81
65 82
65 83
65 87
65 88
65 89
65 90
65 92
66 67
66 68
66 71
66 75
66 77
66 78
66 89
66 90
67 69
67 70
67 71
67 72
67 73
67 76
67 86
67 87
67 89
67 90
67 93
68 69
68 71
68 75
68 78
68 80
68 82
68 83
68 84
68 85
68 86
68 94
69 71
69 75
69 77
69 81
69 82
69 83
69 84
69 85
69 87
69 92
69 94
70 72
70 73
70 75
70 76
70 78
70 80
70 83
70 85
70 87
70 88
70 90
70 91
70 94
71 72
71 74
71 76
71 77
71 79
71 80
71 81
71 83
71 84
71 90
71 91
71 92
71 93
71 94
71 71
72 73
72 74
72 75
72 77
72 82
72 85
72 88
72 91
72 94
73 74
73 75
73 76
73 77
73 78
73 79
73 80
73 82
73 83
73 86
73 87
73 91
74 77
74 80
74 81
74 82
74 83
74 84
74 86
74 87
74 89
74 90
74 94
75 76
75 77
75 80
75 81
75 84
75 89
75 90
75 92
75 93
75 94
76 77
76 81
76 83
76 90
76 93
77 78
77 81
77 85
77 88
77 89
77 94
78 81
78 82
78 83
78 85
78 86
78 88
78 91
78 94
79 80
79 81
79 87
79 88
79 94
80 81
80 82
80 83
80 84
80 85
80 91
80 92
80 93
80 94
81 84
81 85
81 87
81 91
81 92
82 83
82 86
82 88
83 85
83 86
83 92
83 94
84 85
84 88
84 89
84 92
84 93
84 94
85 86
85 89
85 90
86 88
86 90
86 92
87 92
89 92
89 93
91 92