510619842
2
95
244
0 2
0 3
0 10
0 13
0 27
0 35
0 58
0 69
0 71
1 2
1 24
1 28
1 37
1 51
1 69
1 94
1 12
1 22
1 80
2 3
2 4
2 6
2 8
2 14
2 22
2 26
2 32
2 33
2 46
2 48
2 50
2 59
2 63
2 75
2 78
2 89
2 37
2 16
3 4
3 5
3 6
3 9
3 11
3 12
3 15
3 17
3 19
3 28
3 33
3 36
3 42
3 43
3 47
3 49
3 52
3 59
3 61
3 72
3 81
3 82
3 88
3 7
3 18
3 27
3 57
3 68
3 86
4 5
4 7
4 8
4 11
4 12
4 15
4 16
4 26
4 36
4 38
4 42
4 45
4 73
4 74
4 86
4 91
4 89
4 9
4 33
4 52
5 10
5 24
5 30
5 89
5 74
5 49
6 7
6 9
6 13
6 25
6 34
6 72
6 73
7 20
7 21
7 23
7 29
7 31
7 38
7 40
7 45
7 49
7 66
8 30
8 40
8 64
8 75
9 16
9 18
9 43
9 48
9 51
9 52
9 53
9 55
9 85
10 19
10 23
10 81
10 85
10 69
10 13
10 67
11 21
11 64
11 77
11 78
12 17
12 92
13 14
13 17
13 18
13 70
13 47
13 81
15 20
15 29
15 41
15 53
15 67
15 83
17 25
17 70
17 79
17 86
18 22
18 61
18 71
18 83
18 94
18 73
19 27
19 55
19 83
19 25
19 26
21 31
21 57
21 63
21 65
21 91
21 24
21 28
21 77
22 31
23 60
23 71
23 76
23 92
23 38
23 30
24 44
24 47
24 91
25 32
26 46
26 62
26 66
26 41
26 93
26 94
27 92
28 68
28 85
28 90
29 34
29 39
29 50
29 54
29 58
29 45
31 44
32 84
33 35
33 37
34 87
34 65
35 71
36 39
36 74
36 84
36 69
37 91
38 67
39 41
39 59
40 71
41 54
43 57
44 56
44 60
44 62
44 82
47 56
49 79
50 64
51 55
52 64
53 76
55 65
59 77
63 82
63 88
65 68
65 69
67 87
67 90
69 76
69 80
71 93
71 71
72 83
72 88
74 78
78 80
82 84
83 93