599009792
4
95
393
0 4
0 42
0 47
0 54
0 77
0 88
1 4
1 5
1 6
1 11
1 13
1 18
1 20
1 22
1 25
1 33
1 39
1 41
1 82
2 4
2 5
2 8
2 10
2 33
2 34
2 37
2 55
2 72
2 75
2 76
2 74
3 4
3 5
3 6
3 7
3 9
3 11
3 14
3 17
3 20
3 28
3 29
3 30
3 32
3 35
3 37
3 45
3 53
3 54
3 74
3 79
3 85
3 91
3 23
4 5
4 6
4 7
4 8
4 9
4 10
4 12
4 14
4 17
4 18
4 19
4 22
4 23
4 25
4 28
4 33
4 34
4 36
4 38
4 48
4 50
4 51
4 56
4 58
4 66
4 68
4 70
4 79
4 89
4 91
4 94
5 6
5 7
5 8
5 9
5 10
5 11
5 12
5 13
5 15
5 16
5 21
5 23
5 25
5 27
5 30
5 35
5 42
5 44
5 54
5 57
5 59
5 68
5 91
5 26
6 7
6 8
6 9
6 12
6 13
6 14
6 17
6 18
6 21
6 35
6 37
6 39
6 44
6 45
6 46
6 48
6 56
6 57
6 63
6 65
6 68
6 69
6 70
6 79
6 81
6 82
6 92
6 11
6 91
7 16
7 24
7 61
7 55
8 15
8 16
8 18
8 21
8 42
8 45
8 49
8 56
8 66
8 70
8 72
8 74
8 76
8 80
8 93
8 12
8 84
9 10
9 11
9 12
9 14
9 16
9 27
9 30
9 31
9 39
9 41
9 47
9 65
9 79
9 90
10 19
10 20
10 25
10 26
10 27
10 29
10 33
10 40
10 46
10 49
10 53
10 69
10 77
10 78
10 85
10 89
10 21
10 16
11 15
11 31
11 40
11 43
11 32
12 13
12 24
13 15
13 36
13 44
13 59
13 71
13 75
13 77
13 33
14 17
14 19
14 20
14 24
14 26
14 29
14 55
14 66
14 83
14 87
14 44
15 28
15 35
15 47
15 49
15 60
15 73
16 23
16 34
16 36
16 40
16 52
16 60
16 71
16 74
16 84
16 48
17 19
17 27
17 38
17 41
17 49
18 21
18 22
18 23
18 24
18 26
18 28
18 29
18 31
18 34
18 39
18 48
18 53
18 57
18 58
18 62
18 63
18 70
18 72
18 73
18 75
18 77
18 81
18 84
18 86
18 87
18 89
19 32
19 37
19 69
19 87
20 26
20 47
20 50
20 86
20 87
21 22
21 30
21 32
21 41
21 42
21 51
21 55
21 83
21 90
21 23
22 52
22 63
22 88
23 73
24 94
25 36
25 51
25 61
25 62
25 78
25 82
25 83
25 92
25 47
26 60
26 40
27 31
27 32
27 46
27 58
27 65
27 67
27 56
28 94
29 40
29 55
29 60
29 63
29 65
29 90
30 67
30 87
31 70
32 43
32 57
32 64
33 43
33 48
33 64
33 83
34 38
34 66
34 71
34 78
34 86
35 38
35 43
35 44
35 67
35 84
36 67
36 94
37 45
37 80
37 38
39 64
39 80
40 52
40 88
41 85
42 50
42 61
43 46
44 56
44 62
44 68
44 80
44 85
44 86
44 88
44 90
45 52
45 54
45 71
46 72
46 62
47 53
47 54
48 50
48 51
48 62
49 73
49 81
49 93
50 59
50 93
51 78
52 69
53 58
54 61
55 81
56 59
57 75
57 92
58 64
63 86
63 88
64 76
65 67
65 76
66 74
66 93
67 82
70 94
71 91
72 89
76 90
76 92
77 80
81 84