509071635
3
95
318
0 3
0 4
0 5
0 6
0 8
0 10
0 14
0 19
0 28
0 32
0 35
0 42
0 52
0 88
0 62
1 3
1 4
1 5
1 6
1 7
1 10
1 17
1 19
1 20
1 26
1 27
1 37
1 52
1 61
1 67
1 68
1 72
1 79
1 86
1 87
1 66
2 3
2 9
2 22
3 4
3 5
3 12
3 13
3 26
3 27
3 34
3 43
3 44
3 46
3 47
3 49
3 56
3 58
3 91
3 63
4 10
4 15
4 18
4 23
4 24
4 25
4 30
4 31
4 38
4 39
4 64
4 72
4 73
4 75
4 80
4 84
4 93
4 94
4 28
4 67
4 70
4 92
5 6
5 7
5 9
5 13
5 14
5 15
5 18
5 22
5 24
5 40
5 45
5 55
5 57
5 62
5 66
5 71
5 72
5 84
5 93
5 49
6 7
6 8
6 12
6 15
6 16
6 20
6 26
6 49
6 53
6 57
6 79
6 82
6 42
7 8
7 9
7 21
7 38
7 41
7 56
7 82
7 91
7 24
8 11
8 23
8 25
8 30
8 51
8 75
9 11
9 12
9 18
9 19
9 23
9 27
9 36
9 50
9 59
9 63
9 74
9 76
9 81
9 82
9 92
9 93
9 70
9 26
10 11
10 45
10 58
10 37
11 14
11 17
11 25
11 29
11 37
11 65
11 13
11 56
12 13
12 21
13 24
14 16
14 20
14 29
14 39
14 50
14 55
14 74
15 16
15 17
15 22
15 34
15 35
15 44
15 46
15 59
15 61
15 77
15 89
15 90
15 30
15 52
15 87
16 30
16 40
16 48
16 76
16 69
17 48
17 53
17 86
17 88
18 21
18 31
18 33
18 50
18 55
18 63
18 79
18 85
19 34
19 36
19 64
19 65
19 90
19 91
19 24
19 57
20 21
20 28
20 33
20 38
21 47
21 54
21 62
21 68
21 85
21 87
21 32
21 78
22 67
22 94
23 29
23 39
23 42
23 84
23 93
24 43
24 92
25 48
25 64
25 69
25 59
26 28
26 32
26 35
26 41
26 46
26 52
26 63
26 75
28 31
28 33
28 42
28 83
28 82
29 76
30 43
30 51
30 73
30 78
30 33
30 79
31 32
31 40
31 41
31 44
31 47
31 60
31 70
31 83
31 88
32 36
32 53
32 57
32 85
35 71
36 37
36 51
36 54
36 60
36 65
36 74
37 80
37 89
40 56
40 68
40 85
41 45
41 49
41 67
42 86
44 54
46 91
47 58
47 69
47 70
47 94
47 48
48 61
50 66
53 60
53 62
53 66
53 81
53 65
53 77
54 64
55 78
56 94
57 59
58 65
58 81
59 69
59 74
60 90
61 81
64 70
64 73
64 78
64 89
66 83
70 71
71 81
73 77
74 84
75 77
77 80
81 87
83 89
83 92