531552031
5
95
467
0 5
0 6
0 7
0 8
0 16
0 20
0 23
0 27
0 33
0 39
0 45
0 56
0 64
0 65
0 68
0 72
0 75
0 79
0 86
1 5
1 6
1 7
1 8
1 10
1 13
1 19
1 21
1 23
1 26
1 40
1 41
1 42
1 43
1 45
1 47
1 50
1 58
1 59
1 62
1 74
1 83
1 89
2 5
2 6
2 7
2 8
2 9
2 10
2 11
2 13
2 14
2 15
2 16
2 17
2 21
2 22
2 23
2 24
2 30
2 35
2 39
2 41
2 43
2 47
2 65
2 72
2 78
2 80
2 87
2 63
3 5
3 6
3 8
3 9
3 10
3 12
3 17
3 18
3 22
3 34
3 35
3 40
3 44
3 46
3 59
3 60
3 61
3 63
3 74
3 79
3 84
3 91
4 5
4 15
5 6
5 7
5 8
5 9
5 10
5 11
5 12
5 13
5 14
5 17
5 18
5 19
5 22
5 23
5 27
5 29
5 30
5 35
5 37
5 38
5 41
5 50
5 51
5 52
5 54
5 55
5 59
5 75
5 77
5 79
5 92
5 73
6 7
6 9
6 10
6 11
6 16
6 17
6 19
6 20
6 21
6 24
6 25
6 28
6 32
6 33
6 34
6 37
6 39
6 51
6 56
6 58
6 61
6 64
6 67
6 70
6 71
6 75
6 77
6 82
6 13
7 9
7 11
7 12
7 24
7 25
7 26
7 29
7 32
7 38
7 51
7 52
7 54
7 57
7 58
7 70
7 72
7 78
7 80
7 84
7 91
8 11
8 12
8 14
8 15
8 20
8 33
8 39
8 42
8 88
8 94
9 14
9 16
9 18
9 23
9 29
9 30
9 36
9 44
9 64
9 71
9 73
9 85
9 90
10 12
10 13
10 14
10 17
10 19
10 28
10 30
10 31
10 32
10 34
10 35
10 50
10 57
10 62
10 66
10 76
10 91
10 89
11 15
11 19
11 21
11 25
11 27
11 55
11 57
11 67
11 69
11 76
11 81
11 84
11 85
11 93
12 13
12 44
12 60
12 65
12 78
12 81
12 84
12 85
12 87
12 89
12 70
12 79
13 16
13 18
13 20
13 22
13 24
13 25
13 26
13 31
13 33
13 40
13 41
13 42
13 73
13 90
14 15
14 31
14 36
14 44
14 56
14 64
14 65
14 79
15 48
15 73
15 84
16 22
16 25
16 48
16 60
16 61
16 73
17 18
17 30
17 40
17 43
17 48
17 49
17 50
17 55
17 59
17 87
18 21
18 26
18 29
18 54
18 60
18 77
19 20
19 28
19 38
19 43
19 46
19 55
19 63
20 24
20 27
20 83
21 32
21 34
21 49
21 56
21 59
21 63
21 68
21 74
21 88
21 22
22 35
22 48
22 49
22 52
22 60
22 69
22 75
22 76
22 83
22 86
22 24
23 27
23 40
23 42
23 46
23 51
23 53
24 36
24 37
24 41
24 45
24 92
25 26
25 28
25 31
25 49
25 86
26 28
26 34
26 38
26 47
26 57
26 92
26 94
27 29
27 37
27 52
27 47
28 36
28 37
28 57
28 85
28 92
29 31
29 36
29 53
29 58
29 64
29 69
29 86
30 39
30 72
30 78
31 32
32 33
32 45
32 66
32 88
33 66
33 94
34 48
34 55
34 67
34 71
34 72
34 80
35 47
35 61
36 38
36 43
36 47
36 68
36 71
36 82
36 89
37 66
37 79
38 42
38 53
38 68
39 45
39 52
39 54
39 58
39 61
39 67
39 76
39 92
40 44
40 46
40 68
40 91
40 93
41 62
41 63
41 76
41 80
41 81
41 56
42 46
42 53
42 93
43 49
43 51
43 77
44 54
44 56
44 73
44 74
44 90
45 75
45 90
47 50
47 82
47 93
47 49
47 86
48 62
48 77
48 78
49 70
49 71
49 81
49 87
50 66
50 90
51 63
52 53
52 81
54 69
54 82
54 94
55 65
56 62
56 67
56 74
56 82
57 71
58 69
58 91
61 86
61 89
62 83
63 70
64 85
65 70
66 86
68 88
69 80
69 89
71 90
72 87
72 94
73 81
74 93
77 83
79 88
82 93