641306667
6
95
542
0 6
0 7
0 8
0 9
0 10
0 16
0 20
0 28
0 31
0 32
0 34
0 35
0 38
0 41
0 42
0 46
0 47
0 49
0 66
0 68
0 75
0 78
0 86
1 6
1 7
1 8
1 12
1 19
1 22
1 36
1 54
1 67
2 6
2 7
2 8
2 9
2 10
2 11
2 13
2 15
2 17
2 21
2 22
2 23
2 26
2 29
2 35
2 39
2 41
2 45
2 55
2 88
2 90
2 91
2 94
3 6
3 7
3 10
3 12
3 13
3 21
3 26
3 27
3 33
3 36
3 39
3 40
3 42
3 46
3 58
3 59
3 62
3 82
4 6
4 7
4 9
4 11
4 15
4 16
4 18
4 23
4 31
4 40
4 65
4 71
5 6
5 8
5 9
5 20
5 24
5 39
5 40
5 51
5 54
5 66
5 67
5 69
5 89
5 94
5 61
6 7
6 8
6 9
6 10
6 11
6 12
6 13
6 14
6 17
6 18
6 19
6 20
6 25
6 26
6 29
6 30
6 32
6 33
6 35
6 37
6 44
6 46
6 52
6 55
6 57
6 65
6 76
6 77
6 80
6 88
6 92
6 93
7 8
7 9
7 10
7 11
7 14
7 15
7 16
7 19
7 20
7 21
7 24
7 27
7 32
7 44
7 45
7 46
7 61
7 78
7 81
7 85
7 88
7 93
8 10
8 11
8 12
8 13
8 15
8 17
8 18
8 19
8 20
8 21
8 22
8 24
8 28
8 31
8 32
8 37
8 38
8 40
8 48
8 51
8 52
8 57
8 58
8 60
8 66
8 68
8 70
8 71
8 77
8 82
8 87
8 94
9 11
9 12
9 14
9 16
9 17
9 18
9 26
9 29
9 42
9 43
9 52
9 59
9 60
9 64
9 72
9 77
9 84
9 89
9 94
10 14
10 15
10 16
10 18
10 19
10 26
10 27
10 29
10 36
10 38
10 39
10 43
10 48
10 50
10 52
10 53
10 72
10 90
10 91
11 12
11 13
11 14
11 17
11 18
11 23
11 25
11 30
11 39
11 44
11 50
11 62
11 66
11 73
11 78
11 81
11 85
11 64
12 13
12 14
12 16
12 17
12 24
12 27
12 28
12 48
12 49
12 57
12 58
12 66
12 72
12 92
13 15
13 22
13 23
13 25
13 28
13 32
13 34
13 43
13 53
13 56
13 57
13 59
13 64
13 72
13 73
13 76
13 80
14 25
14 26
14 29
14 33
14 42
14 44
14 45
14 47
14 51
14 54
14 55
14 66
14 73
14 74
14 80
14 82
15 22
15 24
15 28
15 36
15 50
15 63
15 72
15 86
15 90
15 80
16 21
16 22
16 25
16 33
16 34
16 47
16 56
16 64
16 68
16 83
16 84
16 86
16 89
17 27
17 38
17 41
17 45
17 47
17 50
17 64
17 79
18 19
18 20
18 21
18 25
18 29
18 30
18 34
18 35
18 44
18 45
18 56
18 57
18 63
19 36
19 41
19 43
19 45
19 50
19 58
19 77
20 23
20 31
20 49
21 54
21 67
21 68
22 23
22 27
22 53
22 54
22 57
22 61
22 62
22 81
23 24
23 30
23 31
23 37
23 43
23 55
23 61
23 64
23 67
23 69
23 70
23 77
24 35
24 61
24 70
25 33
25 34
25 37
25 55
25 56
25 58
25 62
25 71
26 37
26 43
26 53
26 94
27 28
27 30
27 32
27 48
27 69
27 74
27 89
28 46
28 51
28 59
28 61
28 73
28 78
28 82
28 92
28 32
29 30
29 40
29 42
29 47
29 54
30 31
30 34
30 41
30 44
30 51
30 56
30 60
30 67
30 70
30 71
30 75
30 85
30 93
31 48
31 58
31 68
31 76
31 81
32 33
32 37
32 40
32 49
32 50
33 35
33 38
33 63
33 64
33 65
33 79
33 93
34 36
34 88
35 38
36 41
36 42
36 56
36 63
36 65
36 85
36 86
37 49
37 59
37 69
37 81
37 84
38 39
38 62
38 65
38 70
39 51
39 67
40 46
40 53
41 63
41 83
41 86
41 93
42 52
42 74
43 69
44 60
44 92
45 47
45 84
45 87
45 88
45 90
46 48
48 49
48 53
48 76
50 71
50 79
50 82
50 86
51 52
51 55
51 70
51 71
51 73
51 75
51 83
51 91
51 89
52 59
52 81
53 60
53 65
53 74
53 78
53 80
53 87
53 57
54 82
55 63
55 84
56 60
56 62
56 76
56 77
56 84
57 61
58 68
58 76
58 79
59 87
60 69
61 79
61 80
61 93
62 73
64 75
64 86
64 91
65 91
67 72
67 87
67 89
68 74
68 85
68 88
69 74
69 75
69 87
70 80
70 83
70 92
72 83
72 90
74 75
75 79
75 90
77 78
79 94
80 89
81 83
81 85
83 92
85 91
88 89