194370132
7
95
616
0 7
0 8
0 9
0 17
0 19
0 34
0 51
0 67
0 80
1 7
1 8
1 9
1 11
1 13
1 14
1 15
1 16
1 17
1 18
1 19
1 24
1 27
1 30
1 32
1 33
1 41
1 42
1 52
1 54
1 58
1 77
1 83
1 88
2 7
2 8
2 9
2 10
2 11
2 12
2 13
2 15
2 17
2 19
2 21
2 22
2 23
2 24
2 25
2 26
2 29
2 31
2 36
2 42
2 46
2 49
2 51
2 52
2 53
2 54
2 58
2 59
2 60
2 61
2 64
2 68
2 71
2 74
2 88
3 7
3 8
3 9
3 10
3 11
3 14
3 16
3 18
3 21
3 26
3 27
3 35
3 36
3 50
3 57
3 58
3 59
3 65
3 68
3 74
3 90
4 7
4 8
4 10
4 11
4 12
4 15
4 16
4 21
4 26
4 28
4 59
4 67
4 81
4 82
4 93
5 7
5 9
5 10
5 12
5 14
5 20
5 22
5 34
5 40
5 45
5 61
5 87
6 7
6 8
6 13
6 22
6 23
6 41
6 46
6 48
7 8
7 9
7 10
7 11
7 12
7 14
7 15
7 18
7 28
7 30
7 31
7 32
7 44
7 46
7 47
7 48
7 62
7 76
7 77
7 83
7 84
7 88
7 91
7 93
7 94
8 9
8 10
8 12
8 13
8 14
8 15
8 20
8 21
8 23
8 24
8 27
8 31
8 33
8 38
8 39
8 40
8 50
8 53
8 55
8 57
8 58
8 62
8 64
8 66
8 68
8 69
8 71
8 74
8 93
9 10
9 11
9 12
9 14
9 16
9 17
9 18
9 19
9 21
9 24
9 26
9 27
9 29
9 30
9 32
9 34
9 35
9 37
9 39
9 47
9 49
9 51
9 52
9 55
9 57
9 60
9 62
9 64
9 65
9 73
9 77
9 79
9 84
9 89
10 11
10 13
10 16
10 20
10 22
10 23
10 25
10 26
10 41
10 69
10 74
10 78
10 83
10 86
10 90
11 12
11 13
11 15
11 16
11 17
11 18
11 19
11 22
11 24
11 25
11 27
11 29
11 33
11 36
11 38
11 40
11 43
11 51
11 52
11 71
11 81
11 82
11 94
12 13
12 14
12 16
12 17
12 20
12 23
12 28
12 29
12 35
12 39
12 43
12 47
12 48
12 63
12 68
12 77
12 86
12 87
12 89
13 25
13 29
13 30
13 39
13 45
13 47
13 48
13 49
13 56
13 57
13 70
13 72
13 78
13 84
14 15
14 17
14 18
14 20
14 21
14 25
14 32
14 34
14 37
14 38
14 41
14 44
14 46
14 55
14 59
14 65
14 67
14 76
14 80
14 83
15 19
15 21
15 24
15 31
15 33
15 37
15 42
15 43
15 45
15 47
15 49
15 54
15 63
15 70
15 87
15 88
16 20
16 37
16 46
16 51
16 54
16 57
16 59
16 67
16 72
16 73
16 75
16 77
17 18
17 19
17 20
17 27
17 31
17 33
17 35
17 42
17 45
17 52
17 53
17 56
17 57
17 66
17 71
17 79
17 90
18 22
18 28
18 30
18 31
18 35
18 36
18 38
18 43
18 50
18 59
18 73
18 75
18 94
19 24
19 28
19 30
19 31
19 32
19 34
19 38
19 42
19 46
19 49
19 58
19 61
19 62
19 75
19 76
19 78
19 81
19 89
19 91
19 94
20 22
20 26
20 44
20 55
21 23
21 29
21 30
21 35
21 37
21 38
21 39
21 60
21 62
21 65
21 69
21 82
21 86
21 91
21 92
22 23
22 27
22 36
22 40
22 43
22 54
22 59
22 66
22 83
22 86
23 25
23 26
23 50
23 55
23 63
23 67
23 92
24 25
24 28
24 40
24 44
24 47
24 51
24 56
24 62
24 63
24 66
24 72
24 78
24 94
25 28
25 29
25 34
25 35
25 39
25 41
25 45
25 48
25 49
25 60
25 87
26 37
26 42
26 62
26 64
26 72
26 80
27 33
27 36
27 48
27 60
27 63
27 64
27 65
27 66
27 76
27 89
28 32
28 34
28 37
28 44
28 47
28 50
28 61
28 72
28 82
28 86
29 32
29 40
29 52
29 80
29 82
30 33
30 53
30 58
30 64
30 70
30 81
30 84
31 55
32 76
33 36
33 43
33 71
33 90
34 43
34 48
34 54
34 55
34 56
34 63
34 84
34 86
34 92
35 38
35 42
35 44
35 51
35 52
35 53
35 54
35 56
35 66
35 71
35 72
35 85
35 89
35 92
36 44
36 58
36 91
37 40
37 50
37 56
37 66
37 73
37 78
37 87
38 39
38 41
38 45
38 49
38 53
38 60
38 73
39 65
39 81
40 41
40 46
40 74
41 45
41 71
41 81
42 53
42 63
42 65
42 72
42 73
42 80
42 85
43 64
43 90
44 50
44 56
44 57
44 79
45 78
45 92
48 80
48 83
49 67
49 70
49 75
51 79
52 60
52 69
52 73
53 69
53 76
53 89
54 68
54 79
55 74
56 61
56 69
56 74
56 90
57 61
57 67
57 76
57 83
58 61
59 85
60 70
61 82
62 85
63 68
63 90
63 94
64 70
64 82
64 93
65 81
65 84
66 68
66 77
66 78
66 79
66 88
66 93
67 69
68 70
68 77
69 75
69 93
70 87
70 94
71 75
72 75
72 86
73 93
74 87
75 85
76 88
76 89
78 79
78 80
78 85
79 92
82 85
82 91
83 84
83 91
86 88
87 91
87 92