516493755
9
95
840
0 9
0 10
0 11
0 13
0 14
0 18
0 23
0 24
0 26
0 28
0 31
0 41
0 42
0 46
0 57
0 65
0 66
0 83
0 86
0 91
0 92
0 60
0 89
1 9
1 16
1 54
2 9
2 10
2 11
2 12
2 14
2 15
2 16
2 17
2 20
2 25
2 27
2 35
2 36
2 37
2 38
2 40
2 42
2 45
2 52
2 56
2 59
2 64
2 66
2 72
2 88
2 94
2 44
2 6
3 9
3 10
3 11
3 14
3 20
3 21
3 27
3 31
3 33
3 36
3 39
3 45
3 69
3 78
3 80
3 44
3 82
4 9
4 10
4 11
4 12
4 13
4 16
4 17
4 19
4 20
4 30
4 32
4 37
4 57
4 63
4 68
4 69
4 76
4 85
5 9
5 10
5 11
5 12
5 14
5 17
5 22
5 29
5 37
5 44
5 73
5 88
5 78
6 9
6 10
6 11
6 12
6 13
6 15
6 16
6 17
6 18
6 19
6 21
6 22
6 28
6 29
6 37
6 40
6 47
6 49
6 53
6 56
6 70
6 73
6 75
6 81
6 94
6 43
6 45
7 9
7 10
7 11
7 12
7 13
7 14
7 15
7 16
7 17
7 18
7 20
7 23
7 25
7 26
7 27
7 32
7 34
7 35
7 38
7 55
7 62
7 68
7 85
7 79
8 9
8 10
8 12
8 13
8 14
8 18
8 22
8 30
8 31
8 43
8 49
8 64
8 65
8 68
8 75
8 77
8 80
8 87
8 28
8 62
9 10
9 11
9 12
9 13
9 15
9 16
9 17
9 18
9 19
9 20
9 23
9 24
9 25
9 26
9 27
9 28
9 29
9 31
9 34
9 35
9 38
9 42
9 50
9 59
9 67
9 68
9 69
9 73
9 75
9 79
9 84
9 85
9 90
9 93
9 63
10 11
10 12
10 13
10 14
10 15
10 16
10 18
10 19
10 20
10 21
10 22
10 23
10 24
10 28
10 29
10 32
10 38
10 39
10 41
10 49
10 50
10 52
10 57
10 61
10 67
10 69
10 72
10 85
10 89
10 47
10 48
10 56
11 12
11 13
11 14
11 15
11 17
11 19
11 21
11 27
11 28
11 29
11 33
11 34
11 36
11 39
11 43
11 44
11 46
11 56
11 62
11 64
11 73
11 74
11 78
11 86
11 90
11 91
11 55
11 92
12 13
12 14
12 15
12 20
12 22
12 23
12 24
12 25
12 31
12 33
12 34
12 36
12 37
12 47
12 49
12 61
12 65
12 67
12 70
12 76
12 80
12 82
12 84
12 85
12 89
12 91
13 15
13 16
13 18
13 19
13 24
13 26
13 28
13 32
13 37
13 42
13 55
13 57
13 58
13 62
13 74
13 82
13 87
13 94
13 83
13 39
14 15
14 16
14 17
14 20
14 21
14 22
14 27
14 28
14 30
14 32
14 33
14 35
14 39
14 42
14 43
14 46
14 47
14 48
14 49
14 50
14 55
14 57
14 68
14 72
14 78
14 88
14 89
14 92
14 83
15 17
15 19
15 22
15 26
15 32
15 34
15 35
15 41
15 43
15 44
15 45
15 50
15 51
15 60
15 70
15 73
15 79
15 82
15 85
15 28
15 88
16 18
16 20
16 21
16 22
16 30
16 33
16 36
16 41
16 45
16 48
16 54
16 55
16 59
16 68
16 69
16 71
16 73
16 75
16 83
16 88
16 90
16 38
17 18
17 19
17 21
17 22
17 23
17 25
17 26
17 32
17 33
17 34
17 35
17 40
17 41
17 42
17 44
17 48
17 53
17 57
17 58
17 63
17 65
17 66
17 69
17 74
17 77
17 79
17 81
17 82
17 86
17 87
17 92
17 93
17 59
18 19
18 21
18 24
18 25
18 27
18 32
18 36
18 37
18 38
18 43
18 47
18 49
18 55
18 59
18 61
18 64
18 67
18 70
18 75
18 79
18 80
18 82
18 88
18 85
19 24
19 28
19 29
19 39
19 40
19 41
19 44
19 47
19 49
19 51
19 52
19 54
19 71
19 72
19 78
19 79
19 81
19 83
19 92
19 93
19 21
20 21
20 23
20 24
20 25
20 26
20 35
20 39
20 52
20 58
20 63
20 65
20 68
20 71
20 91
20 93
20 22
21 23
21 24
21 25
21 26
21 29
21 30
21 32
21 34
21 38
21 40
21 42
21 48
21 52
21 53
21 55
21 56
21 58
21 60
21 64
21 65
21 81
21 82
21 84
21 92
21 68
22 23
22 25
22 26
22 27
22 28
22 29
22 30
22 31
22 33
22 37
22 38
22 39
22 43
22 44
22 45
22 53
22 57
22 62
22 63
22 66
22 67
22 76
22 77
22 78
22 83
22 88
22 94
22 24
23 30
23 39
23 40
23 41
23 47
23 53
23 58
23 59
23 67
23 84
23 87
23 37
23 69
24 31
24 47
24 51
24 59
24 60
24 61
24 63
24 87
24 88
24 90
24 50
25 29
25 30
25 34
25 36
25 38
25 54
25 69
25 83
25 87
25 88
25 64
25 90
26 27
26 33
26 41
26 46
26 47
26 50
26 54
26 70
26 72
26 76
26 77
26 80
26 90
26 53
27 30
27 31
27 43
27 46
27 50
27 53
27 58
27 65
27 85
27 86
27 89
27 93
27 61
27 42
28 38
28 42
28 57
28 65
28 80
28 84
29 35
29 45
29 78
29 94
29 49
30 31
30 33
30 35
30 36
30 37
30 42
30 43
30 44
30 48
30 52
30 56
30 73
30 83
30 89
30 63
30 86
31 34
31 50
31 77
31 93
32 54
32 55
32 89
33 43
33 44
33 45
33 48
33 50
33 58
33 70
33 72
33 77
33 40
34 36
34 39
34 51
34 54
34 56
34 60
34 71
34 75
34 79
34 81
34 94
35 46
35 50
35 67
35 78
36 45
36 46
36 48
36 51
36 66
36 70
36 77
36 82
36 83
36 94
36 64
37 40
37 46
37 71
37 74
37 84
37 90
38 40
38 49
38 53
38 56
38 66
38 69
38 71
38 74
38 75
38 81
38 94
38 42
39 40
39 41
39 47
39 48
39 51
39 52
39 54
39 79
39 84
39 85
39 78
40 46
40 52
40 59
40 74
40 76
40 87
40 71
41 48
41 51
41 56
41 70
41 92
41 47
42 44
42 45
42 49
42 51
42 58
42 68
42 74
42 76
42 77
42 79
42 85
42 86
42 89
42 92
43 53
43 60
43 73
43 76
44 60
44 62
45 52
45 56
45 64
45 87
45 89
45 72
45 74
45 94
46 61
46 62
46 67
46 92
47 69
47 71
47 72
47 76
48 55
48 59
48 60
48 66
48 75
48 77
48 79
48 80
48 82
48 51
49 51
49 53
49 61
49 62
49 63
49 64
49 67
49 71
49 74
49 82
49 58
50 54
50 61
50 62
50 90
51 94
52 55
52 58
52 59
52 60
52 88
52 61
52 79
53 57
53 87
53 89
54 60
54 61
54 63
54 78
54 80
55 81
55 91
56 63
56 71
57 61
57 64
57 70
57 80
57 86
57 91
59 75
60 63
60 68
60 72
60 81
60 93
60 60
60 87
61 62
61 64
61 65
61 66
61 91
63 71
64 66
65 83
66 72
66 78
66 81
66 84
66 90
67 91
67 76
69 88
70 74
71 73
72 92
73 90
74 76
74 83
75 83
76 86
78 86
78 90
79 84
80 91
80 94
80 82
80 81
82 93
82 84
83 86
84 94
87 93