437438561
1
95
94
0 1
1 2
1 4
1 23
1 26
1 43
1 69
1 75
1 85
2 3
2 11
2 17
2 31
2 80
3 5
3 20
3 60
3 81
4 7
4 9
4 10
4 14
4 16
4 22
4 58
4 72
5 6
5 8
5 18
5 40
5 48
5 52
5 64
6 24
6 44
9 30
10 12
10 13
10 38
10 45
10 46
10 61
10 73
11 15
11 29
11 39
12 21
12 28
12 32
12 53
12 62
13 68
14 19
14 41
17 35
18 87
20 25
20 34
20 49
20 63
21 27
21 76
23 50
23 55
23 59
24 37
25 79
25 82
26 33
26 47
26 74
27 89
27 94
29 42
32 36
33 51
34 93
35 71
36 56
37 84
39 77
39 92
42 86
46 65
46 70
47 91
48 78
49 67
49 83
50 54
50 57
50 88
53 66
63 90