648680119
11
95
989
0 11
0 12
0 14
0 15
0 18
0 20
0 23
0 26
0 32
0 44
0 51
0 57
0 64
0 69
0 77
0 78
0 60
0 17
1 11
1 12
1 16
1 17
1 21
1 22
1 33
1 36
1 38
1 43
1 49
1 61
1 67
1 68
1 62
2 11
2 13
2 23
2 25
2 27
2 31
2 35
2 48
2 83
2 92
2 94
3 11
3 12
3 13
3 14
3 15
3 16
3 18
3 21
3 22
3 35
3 42
3 43
3 44
3 48
3 49
3 75
3 86
3 88
4 11
4 12
4 13
4 14
4 15
4 16
4 18
4 19
4 20
4 28
4 41
4 46
4 51
4 54
4 81
4 85
4 88
4 94
5 11
5 12
5 13
5 14
5 15
5 16
5 17
5 18
5 19
5 20
5 21
5 42
5 44
5 53
5 60
5 81
5 90
5 91
5 65
5 64
6 11
6 12
6 13
6 15
6 16
6 17
6 18
6 20
6 26
6 29
6 30
6 32
6 34
6 35
6 42
6 55
6 66
6 68
6 69
6 80
7 11
7 12
7 13
7 14
7 15
7 16
7 19
7 22
7 23
7 25
7 28
7 29
7 32
7 38
7 49
7 64
7 77
7 78
7 81
7 85
7 88
7 90
7 31
8 11
8 12
8 13
8 14
8 15
8 17
8 19
8 21
8 23
8 24
8 26
8 30
8 31
8 34
8 41
8 45
8 46
8 50
8 52
8 61
8 70
8 78
8 79
8 84
8 93
8 20
8 90
9 11
9 12
9 13
9 14
9 19
9 21
9 23
9 27
9 28
9 30
9 33
9 37
9 47
9 48
9 50
9 58
9 59
9 60
9 63
9 64
9 66
9 67
9 72
9 77
9 79
9 82
9 89
9 92
9 93
9 18
10 11
10 12
10 13
10 14
10 17
10 31
10 35
10 81
10 82
10 87
10 22
10 84
11 12
11 13
11 14
11 15
11 16
11 17
11 18
11 19
11 20
11 22
11 23
11 25
11 26
11 27
11 28
11 29
11 35
11 36
11 38
11 39
11 42
11 46
11 47
11 51
11 52
11 54
11 56
11 59
11 61
11 65
11 66
11 68
11 69
11 72
11 75
11 82
11 84
11 85
11 88
11 91
11 73
12 13
12 14
12 15
12 16
12 17
12 21
12 22
12 23
12 24
12 25
12 27
12 28
12 29
12 31
12 33
12 34
12 35
12 40
12 43
12 54
12 55
12 56
12 63
12 64
12 66
12 70
12 75
12 76
12 82
12 86
12 94
12 46
13 14
13 15
13 16
13 17
13 18
13 19
13 20
13 21
13 22
13 23
13 24
13 26
13 27
13 28
13 29
13 30
13 31
13 33
13 34
13 37
13 38
13 39
13 41
13 42
13 44
13 47
13 48
13 50
13 51
13 52
13 56
13 58
13 59
13 60
13 62
13 65
13 70
13 74
13 86
13 90
13 92
13 68
14 15
14 16
14 17
14 18
14 19
14 20
14 21
14 22
14 24
14 26
14 28
14 30
14 32
14 33
14 38
14 40
14 41
14 42
14 45
14 47
14 48
14 51
14 58
14 65
14 68
14 73
14 78
14 80
14 83
14 71
14 85
15 16
15 17
15 18
15 20
15 21
15 22
15 24
15 25
15 29
15 32
15 33
15 41
15 49
15 52
15 58
15 62
15 66
15 74
15 80
15 84
15 85
15 93
15 88
16 17
16 18
16 19
16 20
16 21
16 22
16 23
16 24
16 25
16 26
16 27
16 32
16 36
16 37
16 38
16 39
16 40
16 41
16 42
16 43
16 47
16 49
16 51
16 52
16 53
16 59
16 64
16 69
16 71
16 75
16 78
16 79
16 81
16 83
16 86
16 89
17 18
17 19
17 20
17 24
17 26
17 28
17 30
17 31
17 32
17 34
17 35
17 40
17 42
17 45
17 46
17 50
17 54
17 57
17 58
17 61
17 66
17 68
17 71
17 73
17 74
17 79
17 82
17 83
17 85
17 86
17 88
17 91
17 52
18 19
18 23
18 24
18 25
18 27
18 29
18 32
18 33
18 34
18 39
18 40
18 45
18 48
18 49
18 50
18 61
18 62
18 71
18 73
18 79
18 88
18 89
18 91
19 20
19 22
19 23
19 24
19 25
19 26
19 27
19 28
19 29
19 30
19 34
19 35
19 37
19 39
19 40
19 43
19 44
19 45
19 46
19 49
19 52
19 55
19 58
19 60
19 61
19 63
19 64
19 65
19 70
19 73
19 76
19 78
19 79
19 81
19 92
19 93
19 94
19 77
20 21
20 22
20 25
20 27
20 28
20 33
20 34
20 35
20 36
20 37
20 38
20 39
20 40
20 41
20 43
20 50
20 52
20 55
20 56
20 66
20 72
20 82
20 86
20 90
20 91
21 26
21 33
21 38
21 44
21 46
21 48
21 49
21 53
21 57
21 58
21 62
21 65
21 74
21 77
21 80
21 81
21 82
21 84
21 85
21 24
21 50
22 24
22 25
22 28
22 29
22 31
22 35
22 36
22 38
22 39
22 40
22 41
22 43
22 45
22 51
22 54
22 57
22 64
22 69
22 74
22 75
22 78
22 79
22 80
22 82
22 93
22 94
22 87
22 92
23 24
23 29
23 30
23 36
23 53
23 61
23 62
23 69
23 72
23 75
23 76
23 79
23 80
23 82
23 67
23 43
24 25
24 26
24 27
24 30
24 31
24 32
24 34
24 36
24 37
24 38
24 39
24 42
24 45
24 51
24 53
24 56
24 62
24 66
24 71
24 76
24 79
24 82
24 90
24 33
25 27
25 47
25 54
25 68
25 69
25 70
25 71
25 73
25 74
25 75
25 85
25 31
26 29
26 30
26 31
26 35
26 36
26 37
26 39
26 50
26 57
26 64
26 76
26 79
26 55
27 31
27 32
27 37
27 54
27 64
27 77
27 51
28 34
28 44
28 53
28 59
28 60
28 65
28 77
28 92
28 93
28 80
28 61
28 91
29 30
29 63
29 78
29 91
29 68
30 31
30 32
30 34
30 36
30 37
30 39
30 40
30 41
30 43
30 44
30 45
30 48
30 53
30 59
30 60
30 61
30 68
30 72
30 74
30 83
30 84
30 86
30 65
30 58
31 33
31 37
31 48
31 51
31 57
31 62
31 66
31 67
31 68
31 71
31 76
31 81
31 85
31 47
32 33
32 36
32 46
32 47
32 50
32 53
32 55
32 57
32 59
32 60
32 61
32 66
32 92
32 82
33 40
33 46
33 52
33 53
33 54
33 56
33 62
33 67
33 69
33 89
33 81
34 41
34 45
34 46
34 47
34 50
34 55
34 57
34 60
34 71
34 72
34 75
34 81
34 83
34 86
34 87
34 92
34 48
34 54
34 59
35 36
35 37
35 39
35 40
35 51
35 55
35 58
35 76
35 87
35 89
35 78
35 86
36 44
36 47
36 48
36 56
36 60
36 63
36 80
36 87
36 88
36 89
36 57
37 38
37 45
37 46
37 47
37 49
37 54
37 55
37 63
37 78
37 83
37 87
37 89
37 90
37 56
37 66
38 42
38 48
38 56
38 59
39 43
39 45
39 52
39 58
39 67
39 73
39 65
40 41
40 43
40 44
40 52
40 59
40 61
40 70
40 76
40 49
40 72
40 89
41 42
41 43
41 46
41 50
41 65
41 77
41 79
41 87
41 94
41 84
41 71
42 44
42 49
42 57
42 62
42 65
42 70
42 71
42 77
42 92
43 47
43 50
43 54
43 56
43 60
43 67
43 73
43 75
43 76
43 84
43 87
43 90
44 49
44 54
44 55
44 62
44 63
44 67
44 80
44 87
45 53
45 56
45 62
45 63
45 69
45 74
45 78
45 93
46 52
46 59
46 64
46 66
46 77
46 73
47 53
47 56
47 61
47 72
47 84
47 88
47 69
48 55
48 73
48 83
48 89
48 90
49 69
49 75
49 88
49 93
49 56
50 51
50 57
50 65
50 67
50 74
50 82
51 55
52 57
52 59
52 72
52 80
53 58
53 63
53 65
53 77
53 84
53 89
54 64
54 86
54 74
55 70
55 92
56 58
56 60
56 80
57 72
57 73
57 75
57 90
57 91
58 68
58 69
58 79
58 92
59 83
59 87
59 91
59 92
59 94
60 63
60 67
60 68
61 67
61 70
61 71
61 88
61 90
61 91
61 79
62 63
62 67
62 84
62 91
63 65
63 72
63 74
63 76
64 73
64 77
64 80
64 87
65 71
65 86
65 91
65 94
66 73
66 93
66 76
67 68
67 83
67 86
67 94
67 78
68 70
68 71
68 74
69 70
69 72
69 85
71 93
71 94
72 89
73 76
73 78
73 81
73 91
73 93
75 81
75 85
75 93
76 84
78 83
78 89
78 78
79 84
79 88
80 85
80 90
80 92
81 87
84 94
91 94